0 0.738854 0.118280 0.732484 0.111111 0.703822 0.114695 0.684713 0.129032 0.678344 0.143369 0.678344 0.154122 0.691083 0.164875 0.710191 0.164875 0.732484 0.143369
0 0.050955 0.129032 0.050955 0.139785 0.054140 0.146953 0.060510 0.150538 0.066879 0.150538 0.070064 0.154122 0.092357 0.157706 0.101911 0.143369 0.101911 0.129032 0.098726 0.121864 0.089172 0.114695 0.073248 0.114695 0.070064 0.118280 0.060510 0.118280
0 0.585987 0.121864 0.579618 0.118280 0.573248 0.118280 0.570064 0.114695 0.566879 0.118280 0.560510 0.118280 0.554140 0.125448 0.550955 0.132616 0.550955 0.164875 0.554140 0.168459 0.566879 0.168459 0.579618 0.161290 0.589172 0.150538 0.592357 0.143369 0.592357 0.136201
0 0.519108 0.121864 0.496815 0.121864 0.484076 0.129032 0.471338 0.146953 0.471338 0.164875 0.480892 0.172043 0.496815 0.172043 0.515924 0.161290 0.522293 0.146953 0.522293 0.129032
0 0.659236 0.132616 0.640127 0.121864 0.636943 0.125448 0.630573 0.125448 0.627389 0.129032 0.621019 0.129032 0.614650 0.132616 0.608280 0.139785 0.608280 0.150538 0.624204 0.161290 0.643312 0.161290 0.646497 0.157706 0.652866 0.157706 0.659236 0.150538
0 0.713376 0.164875 0.713376 0.172043 0.722930 0.182796 0.745223 0.193548 0.764331 0.193548 0.773885 0.186380 0.780255 0.186380 0.792994 0.168459 0.792994 0.150538 0.786624 0.143369 0.748408 0.143369 0.745223 0.146953 0.726115 0.150538
0 0.598726 0.161290 0.579618 0.179211 0.579618 0.186380 0.589172 0.200717 0.589172 0.225806 0.595541 0.232975 0.605096 0.232975 0.624204 0.222222 0.636943 0.207885 0.646497 0.189964 0.640127 0.179211 0.627389 0.175627 0.605096 0.161290
0 0.347134 0.179211 0.328025 0.164875 0.318471 0.164875 0.305732 0.172043 0.292994 0.186380 0.289809 0.193548 0.289809 0.211470 0.302548 0.222222 0.321656 0.222222 0.340764 0.207885 0.347134 0.193548
0 0.350318 0.186380 0.359873 0.193548 0.366242 0.193548 0.369427 0.197133 0.375796 0.197133 0.388535 0.182796 0.391720 0.172043 0.388535 0.168459 0.359873 0.168459 0.350318 0.175627
0 0.394904 0.172043 0.391720 0.182796 0.375796 0.200717 0.372611 0.229391 0.382166 0.240143 0.401274 0.247312 0.417197 0.236559 0.417197 0.229391 0.420382 0.225806 0.420382 0.189964 0.410828 0.175627
0 0.449045 0.204301 0.452229 0.222222 0.458599 0.229391 0.474522 0.236559 0.484076 0.236559 0.500000 0.229391 0.509554 0.215054 0.509554 0.204301 0.500000 0.193548 0.480892 0.189964 0.477707 0.186380 0.471338 0.186380 0.468153 0.189964 0.461783 0.186380 0.455414 0.189964
0 0.079618 0.189964 0.070064 0.204301 0.070064 0.215054 0.079618 0.232975 0.082803 0.247312 0.098726 0.265233 0.114650 0.265233 0.121019 0.258065 0.121019 0.247312 0.117834 0.243728 0.117834 0.232975 0.114650 0.229391 0.111465 0.211470 0.098726 0.193548 0.092357 0.189964
0 0.745223 0.207885 0.707006 0.189964 0.691083 0.193548 0.668790 0.229391 0.671975 0.254480 0.687898 0.265233 0.703822 0.261649 0.713376 0.250896 0.729299 0.243728 0.745223 0.225806 0.748408 0.218638
0 0.570064 0.250896 0.566879 0.254480 0.547771 0.254480 0.535032 0.265233 0.535032 0.275986 0.544586 0.290323 0.544586 0.308244 0.550955 0.315412 0.560510 0.315412 0.563694 0.318996 0.573248 0.318996 0.585987 0.311828 0.595541 0.290323 0.592357 0.268817 0.585987 0.258065
0 0.611465 0.258065 0.608280 0.265233 0.608280 0.293907 0.611465 0.297491 0.611465 0.308244 0.621019 0.315412 0.627389 0.315412 0.636943 0.304659 0.646497 0.275986 0.633758 0.258065
0 0.410828 0.272401 0.410828 0.283154 0.417197 0.290323 0.420382 0.290323 0.423567 0.293907 0.429936 0.293907 0.433121 0.297491 0.445860 0.297491 0.452229 0.286738 0.452229 0.275986 0.449045 0.272401 0.449045 0.268817 0.445860 0.265233 0.439490 0.265233 0.436306 0.261649 0.423567 0.261649 0.420382 0.265233 0.417197 0.265233
0 0.092357 0.279570 0.082803 0.293907 0.082803 0.336918 0.095541 0.354839 0.108280 0.354839 0.117834 0.344086 0.117834 0.308244 0.114650 0.304659 0.111465 0.290323 0.105096 0.283154
0 0.251592 0.311828 0.251592 0.318996 0.261146 0.326165 0.270701 0.326165 0.273885 0.329749 0.283439 0.329749 0.286624 0.326165 0.286624 0.322581 0.283439 0.322581 0.280255 0.318996 0.280255 0.315412 0.270701 0.308244 0.257962 0.308244 0.254777 0.311828
0 0.436306 0.326165 0.410828 0.333333 0.394904 0.351254 0.394904 0.372760 0.401274 0.383513 0.414013 0.390681 0.436306 0.390681 0.452229 0.379928 0.458599 0.365591 0.458599 0.354839 0.455414 0.351254 0.455414 0.344086
0 0.267516 0.362007 0.264331 0.369176 0.264331 0.390681 0.277070 0.408602 0.308917 0.408602 0.315287 0.405018 0.318471 0.397849 0.318471 0.387097 0.308917 0.365591 0.299363 0.354839 0.277070 0.354839
0 0.608280 0.372760 0.611465 0.376344 0.611465 0.383513 0.617834 0.390681 0.621019 0.390681 0.624204 0.394265 0.633758 0.394265 0.636943 0.390681 0.640127 0.390681 0.640127 0.379928 0.636943 0.379928 0.630573 0.372760 0.617834 0.372760 0.614650 0.369176 0.611465 0.369176
0 0.796178 0.387097 0.796178 0.390681 0.799363 0.394265 0.802548 0.405018 0.805732 0.405018 0.815287 0.412186 0.821656 0.412186 0.824841 0.408602 0.828025 0.408602 0.828025 0.405018 0.831210 0.401434 0.831210 0.390681 0.828025 0.387097 0.824841 0.387097 0.818471 0.379928 0.805732 0.379928
0 0.592357 0.401434 0.592357 0.405018 0.589172 0.408602 0.589172 0.415771 0.595541 0.415771 0.598726 0.419355 0.601911 0.415771 0.605096 0.415771 0.605096 0.405018 0.601911 0.401434
0 0.687898 0.426523 0.687898 0.433692 0.697452 0.440860 0.722930 0.440860 0.726115 0.444444 0.729299 0.440860 0.742038 0.440860 0.748408 0.433692 0.748408 0.430108 0.722930 0.415771 0.703822 0.415771
0 0.789809 0.440860 0.789809 0.444444 0.815287 0.444444 0.818471 0.448029 0.821656 0.444444 0.818471 0.440860 0.799363 0.440860 0.796178 0.437276 0.792994 0.440860
0 0.006369 0.458781 0.000000 0.473118 0.003185 0.480287 0.003185 0.508961 0.006369 0.512545 0.022293 0.512545 0.025478 0.508961 0.031847 0.508961 0.047771 0.491039 0.047771 0.483871 0.054140 0.473118 0.050955 0.462366 0.047771 0.458781
0 0.738854 0.480287 0.729299 0.480287 0.722930 0.487455 0.722930 0.491039 0.719745 0.494624 0.716561 0.494624 0.710191 0.501792 0.710191 0.505376 0.707006 0.508961 0.710191 0.512545 0.713376 0.508961 0.716561 0.508961 0.732484 0.491039 0.732484 0.487455
0 0.649682 0.537634 0.649682 0.541219 0.652866 0.544803 0.656051 0.544803 0.665605 0.555556 0.668790 0.555556 0.671975 0.559140 0.681529 0.559140 0.687898 0.551971 0.687898 0.537634 0.684713 0.534050 0.675159 0.534050 0.671975 0.537634 0.665605 0.537634 0.662420 0.534050 0.656051 0.534050 0.652866 0.537634
0 0.085987 0.573477 0.082803 0.577061 0.082803 0.587814 0.079618 0.591398 0.079618 0.605735 0.082803 0.609319 0.082803 0.612903 0.092357 0.623656 0.101911 0.623656 0.111465 0.612903 0.111465 0.598566 0.108280 0.594982 0.108280 0.587814 0.098726 0.573477
0 0.140127 0.580645 0.130573 0.591398 0.127389 0.602151 0.133758 0.612903 0.136943 0.612903 0.140127 0.616487 0.152866 0.616487 0.159236 0.609319 0.159236 0.591398 0.152866 0.580645
0 0.681529 0.587814 0.678344 0.591398 0.678344 0.598566 0.681529 0.598566 0.684713 0.602151 0.684713 0.605735 0.694268 0.616487 0.700637 0.616487 0.703822 0.612903 0.703822 0.598566 0.694268 0.587814
0 0.095541 0.652330 0.098726 0.659498 0.114650 0.673835 0.130573 0.673835 0.133758 0.670251 0.143312 0.670251 0.149682 0.655914 0.149682 0.648746 0.136943 0.634409 0.114650 0.634409 0.108280 0.637993
0 0.140127 0.673835 0.133758 0.673835 0.130573 0.677419 0.117834 0.677419 0.114650 0.702509 0.117834 0.706093 0.117834 0.716846 0.121019 0.720430 0.121019 0.727599 0.124204 0.731183 0.127389 0.727599 0.127389 0.720430 0.136943 0.709677 0.136943 0.706093 0.146497 0.688172 0.146497 0.681004
0 0.449045 0.681004 0.445860 0.688172 0.445860 0.709677 0.455414 0.727599 0.471338 0.741935 0.484076 0.749104 0.500000 0.749104 0.519108 0.734767 0.512739 0.709677 0.493631 0.684588 0.477707 0.673835 0.458599 0.673835
0 0.203822 0.695341 0.197452 0.691756 0.184713 0.691756 0.178344 0.695341 0.152866 0.727599 0.152866 0.741935 0.156051 0.749104 0.162420 0.752688 0.194268 0.752688 0.203822 0.741935 0.210191 0.727599 0.210191 0.706093
0 0.652866 0.720430 0.649682 0.724014 0.649682 0.738351 0.646497 0.741935 0.646497 0.759857 0.649682 0.763441 0.649682 0.770609 0.656051 0.777778 0.665605 0.777778 0.668790 0.774194 0.671975 0.774194 0.671975 0.770609 0.675159 0.767025 0.675159 0.752688 0.671975 0.749104 0.671975 0.741935 0.662420 0.731183 0.662420 0.727599 0.656051 0.720430
0 0.194268 0.795699 0.194268 0.806452 0.207006 0.820789 0.257962 0.820789 0.254777 0.820789 0.248408 0.813620 0.251592 0.806452 0.248408 0.802867 0.235669 0.802867 0.216561 0.792115 0.197452 0.792115
0 0.866242 0.856631 0.863057 0.863799 0.866242 0.881720 0.885350 0.906810 0.901274 0.917563 0.920382 0.917563 0.929936 0.906810 0.929936 0.888889 0.923567 0.878136 0.910828 0.867384 0.878981 0.853047
0 0.515924 0.874552 0.503185 0.892473 0.509554 0.913978 0.544586 0.939068 0.560510 0.939068 0.563694 0.935484 0.563694 0.892473 0.560510 0.885305 0.550955 0.874552 0.535032 0.867384
0 0.773885 0.885305 0.773885 0.888889 0.770701 0.892473 0.770701 0.913978 0.780255 0.924731 0.796178 0.924731 0.802548 0.913978 0.802548 0.903226 0.805732 0.899642 0.805732 0.881720 0.780255 0.881720 0.777070 0.885305
0 0.015924 0.917563 0.012739 0.921147 0.006369 0.921147 0.006369 0.924731 0.003185 0.928315 0.003185 0.946237 0.006369 0.949821 0.006369 0.953405 0.015924 0.953405 0.019108 0.956989 0.022293 0.956989 0.025478 0.953405 0.031847 0.953405 0.038217 0.946237 0.038217 0.939068 0.025478 0.921147
0 0.162420 0.949821 0.162420 0.960573 0.165605 0.967742 0.181529 0.982079 0.203822 0.982079 0.210191 0.978495 0.210191 0.974910 0.216561 0.967742 0.216561 0.960573 0.210191 0.953405 0.197452 0.946237 0.184713 0.946237 0.181529 0.942652 0.165605 0.942652
0 0.343949 0.946237 0.328025 0.942652 0.318471 0.946237 0.305732 0.960573 0.299363 0.960573 0.280255 0.974910 0.277070 0.992832 0.334395 0.992832 0.343949 0.985663 0.343949 0.971326 0.353503 0.967742
0 0.786624 0.942652 0.767516 0.942652 0.751592 0.956989 0.751592 0.978495 0.748408 0.982079 0.748408 0.989247 0.751592 0.992832 0.764331 0.996416 0.767516 0.992832 0.780255 0.992832 0.786624 0.985663 0.786624 0.978495 0.792994 0.967742 0.792994 0.949821
0 0.519108 0.946237 0.512739 0.956989 0.512739 0.985663 0.519108 0.992832 0.547771 0.992832 0.554140 0.989247 0.560510 0.974910 0.560510 0.964158 0.557325 0.956989 0.547771 0.946237
