0 0.171975 0.179211 0.159236 0.182796 0.127389 0.211470 0.117834 0.225806 0.114650 0.243728 0.127389 0.283154 0.156051 0.304659 0.200637 0.283154 0.222930 0.250896 0.216561 0.211470 0.203822 0.197133
0 0.171975 0.329749 0.171975 0.369176 0.178344 0.383513 0.207006 0.412186 0.242038 0.419355 0.267516 0.401434 0.283439 0.379928 0.283439 0.336918 0.245223 0.308244 0.226115 0.304659
0 0.512739 0.426523 0.493631 0.408602 0.449045 0.405018 0.407643 0.430108 0.353503 0.444444 0.308917 0.551971 0.369427 0.580645 0.410828 0.577061 0.439490 0.562724 0.484076 0.523297 0.515924 0.451613
0 0.283439 0.426523 0.235669 0.451613 0.222930 0.473118 0.232484 0.519713 0.267516 0.537634 0.280255 0.537634 0.305732 0.523297 0.324841 0.501792 0.331210 0.465950 0.318471 0.444444 0.302548 0.440860
0 0.436306 0.598566 0.420382 0.616487 0.420382 0.641577 0.433121 0.670251 0.468153 0.698925 0.500000 0.698925 0.522293 0.666667 0.525478 0.634409 0.519108 0.616487 0.484076 0.587814 0.455414 0.587814
0 0.560510 0.623656 0.541401 0.648746 0.538217 0.691756 0.544586 0.706093 0.566879 0.724014 0.624204 0.738351 0.640127 0.731183 0.659236 0.695341 0.659236 0.677419 0.649682 0.652330 0.617834 0.623656 0.585987 0.616487
0 0.213376 0.741935 0.213376 0.745520 0.210191 0.749104 0.210191 0.763441 0.213376 0.767025 0.213376 0.770609 0.222930 0.781362 0.235669 0.781362 0.238854 0.777778 0.238854 0.767025 0.242038 0.763441 0.238854 0.759857 0.238854 0.745520 0.232484 0.738351 0.219745 0.738351 0.216561 0.741935
0 0.439490 0.924731 0.439490 0.935484 0.449045 0.946237 0.458599 0.946237 0.461783 0.942652 0.468153 0.942652 0.468153 0.939068 0.471338 0.935484 0.468153 0.931900 0.468153 0.924731 0.461783 0.917563 0.458599 0.917563 0.455414 0.913978 0.449045 0.913978
0 0.579618 0.949821 0.579618 0.971326 0.582803 0.974910 0.585987 0.974910 0.589172 0.978495 0.595541 0.978495 0.598726 0.982079 0.611465 0.982079 0.617834 0.974910 0.617834 0.967742 0.608280 0.949821 0.605096 0.949821 0.601911 0.946237 0.582803 0.946237
0 0.633758 0.967742 0.633758 0.985663 0.636943 0.989247 0.646497 0.989247 0.649682 0.992832 0.652866 0.989247 0.662420 0.989247 0.668790 0.982079 0.668790 0.971326 0.662420 0.964158 0.659236 0.964158 0.656051 0.960573 0.646497 0.960573 0.643312 0.964158 0.636943 0.964158
