0 0.682540 0.003597 0.682540 0.007194 0.688889 0.014388 0.695238 0.014388 0.701587 0.007194 0.698413 0.003597
0 0.469841 0.010791 0.466667 0.014388 0.460317 0.014388 0.450794 0.025180 0.450794 0.035971 0.460317 0.046763 0.476190 0.053957 0.479365 0.050360 0.479365 0.035971 0.482540 0.032374 0.482540 0.025180 0.485714 0.021583 0.479365 0.014388
0 0.120635 0.021583 0.117460 0.017986 0.114286 0.017986 0.111111 0.014388 0.107937 0.014388 0.104762 0.017986 0.098413 0.017986 0.098413 0.028777 0.101587 0.032374 0.114286 0.032374 0.120635 0.025180
0 0.774603 0.025180 0.777778 0.028777 0.777778 0.032374 0.780952 0.032374 0.784127 0.035971 0.793651 0.035971 0.796825 0.032374 0.800000 0.032374 0.803175 0.028777 0.803175 0.017986 0.800000 0.017986 0.796825 0.014388 0.780952 0.014388 0.777778 0.017986 0.777778 0.021583
0 0.266667 0.032374 0.266667 0.039568 0.269841 0.043165 0.273016 0.043165 0.276190 0.046763 0.282540 0.046763 0.288889 0.039568 0.292063 0.039568 0.295238 0.035971 0.285714 0.025180 0.282540 0.025180 0.279365 0.028777 0.276190 0.025180 0.273016 0.028777 0.269841 0.028777
0 0.717460 0.050360 0.736508 0.050360 0.739683 0.046763 0.742857 0.046763 0.746032 0.043165 0.746032 0.039568 0.739683 0.032374 0.730159 0.032374 0.726984 0.028777 0.723810 0.028777 0.720635 0.032374 0.720635 0.035971 0.717460 0.039568
0 0.295238 0.039568 0.292063 0.043165 0.288889 0.043165 0.282540 0.050360 0.282540 0.061151 0.285714 0.061151 0.288889 0.064748 0.292063 0.064748 0.295238 0.068345 0.298413 0.068345 0.304762 0.061151 0.304762 0.053957 0.301587 0.050360 0.301587 0.046763 0.298413 0.043165 0.298413 0.039568
0 0.526984 0.046763 0.526984 0.053957 0.533333 0.064748 0.536508 0.064748 0.539683 0.068345 0.555556 0.068345 0.555556 0.064748 0.558730 0.061151 0.558730 0.057554 0.555556 0.053957 0.555556 0.050360 0.549206 0.043165 0.530159 0.043165
0 0.320635 0.046763 0.317460 0.050360 0.317460 0.068345 0.320635 0.071942 0.336508 0.071942 0.342857 0.064748 0.342857 0.057554 0.339683 0.053957 0.336508 0.053957 0.333333 0.050360 0.330159 0.050360 0.326984 0.046763
0 0.946032 0.050360 0.946032 0.057554 0.955556 0.064748 0.980952 0.064748 0.984127 0.061151 0.984127 0.057554 0.980952 0.057554 0.977778 0.053957 0.971429 0.053957 0.961905 0.046763 0.949206 0.046763
0 0.590476 0.050360 0.587302 0.050360 0.580952 0.057554 0.580952 0.061151 0.577778 0.064748 0.577778 0.071942 0.574603 0.075540 0.574603 0.079137 0.580952 0.086331 0.590476 0.086331 0.596825 0.079137 0.596825 0.053957 0.593651 0.053957
0 0.431746 0.064748 0.428571 0.068345 0.428571 0.082734 0.434921 0.089928 0.441270 0.089928 0.447619 0.082734 0.447619 0.068345 0.444444 0.064748
0 0.349206 0.086331 0.355556 0.093525 0.368254 0.093525 0.371429 0.089928 0.374603 0.089928 0.374603 0.086331 0.377778 0.082734 0.371429 0.075540 0.355556 0.075540 0.349206 0.082734
0 0.136508 0.089928 0.130159 0.097122 0.130159 0.111511 0.139683 0.122302 0.146032 0.122302 0.158730 0.107914 0.158730 0.097122 0.152381 0.089928
0 0.609524 0.093525 0.609524 0.104317 0.612698 0.107914 0.628571 0.107914 0.628571 0.093525 0.625397 0.093525 0.622222 0.089928 0.615873 0.089928 0.612698 0.093525
0 0.501587 0.093525 0.498413 0.093525 0.488889 0.104317 0.488889 0.115108 0.492063 0.118705 0.492063 0.122302 0.495238 0.122302 0.498413 0.125899 0.501587 0.122302 0.504762 0.122302 0.511111 0.115108 0.511111 0.111511 0.514286 0.107914 0.511111 0.104317 0.511111 0.100719 0.507937 0.097122 0.504762 0.097122
0 0.104762 0.097122 0.101587 0.100719 0.101587 0.104317 0.095238 0.115108 0.095238 0.125899 0.098413 0.129496 0.114286 0.129496 0.114286 0.125899 0.117460 0.122302 0.117460 0.104317 0.111111 0.097122
0 0.466667 0.097122 0.453968 0.097122 0.447619 0.104317 0.447619 0.107914 0.444444 0.111511 0.444444 0.118705 0.450794 0.125899 0.460317 0.125899 0.463492 0.122302 0.466667 0.122302 0.466667 0.118705 0.469841 0.115108 0.469841 0.100719
0 0.212698 0.104317 0.212698 0.107914 0.209524 0.111511 0.209524 0.118705 0.215873 0.125899 0.228571 0.125899 0.231746 0.122302 0.231746 0.107914 0.228571 0.104317 0.225397 0.104317 0.222222 0.100719 0.219048 0.100719 0.215873 0.104317
0 0.523810 0.107914 0.523810 0.111511 0.526984 0.115108 0.530159 0.115108 0.533333 0.118705 0.536508 0.115108 0.539683 0.115108 0.542857 0.111511 0.539683 0.107914 0.539683 0.104317 0.536508 0.100719 0.526984 0.100719 0.526984 0.104317
0 0.653968 0.107914 0.647619 0.100719 0.644444 0.100719 0.641270 0.104317 0.638095 0.104317 0.634921 0.107914 0.631746 0.107914 0.631746 0.115108 0.628571 0.118705 0.628571 0.129496 0.638095 0.129496 0.644444 0.122302 0.647619 0.122302 0.650794 0.118705 0.650794 0.111511
0 0.406349 0.107914 0.403175 0.107914 0.400000 0.104317 0.396825 0.104317 0.393651 0.107914 0.390476 0.107914 0.384127 0.115108 0.384127 0.125899 0.387302 0.125899 0.390476 0.129496 0.393651 0.129496 0.396825 0.125899 0.400000 0.125899 0.403175 0.122302 0.406349 0.122302
0 0.171429 0.125899 0.171429 0.133094 0.174603 0.136691 0.174603 0.140288 0.177778 0.140288 0.180952 0.143885 0.196825 0.143885 0.196825 0.140288 0.200000 0.136691 0.200000 0.125899 0.193651 0.118705 0.177778 0.118705
0 0.422222 0.118705 0.419048 0.118705 0.412698 0.125899 0.412698 0.140288 0.415873 0.143885 0.419048 0.140288 0.422222 0.140288 0.425397 0.136691 0.425397 0.133094 0.428571 0.129496 0.428571 0.125899
0 0.536508 0.129496 0.536508 0.133094 0.533333 0.136691 0.533333 0.143885 0.546032 0.158273 0.555556 0.158273 0.561905 0.151079 0.561905 0.140288 0.558730 0.136691 0.558730 0.133094 0.552381 0.125899 0.546032 0.125899 0.542857 0.129496
0 0.784127 0.140288 0.784127 0.154676 0.787302 0.154676 0.790476 0.158273 0.796825 0.158273 0.800000 0.154676 0.800000 0.143885 0.796825 0.140288 0.793651 0.140288 0.790476 0.136691 0.787302 0.140288
0 0.126984 0.143885 0.123810 0.143885 0.120635 0.140288 0.117460 0.140288 0.111111 0.147482 0.107937 0.147482 0.101587 0.154676 0.101587 0.158273 0.104762 0.161871 0.104762 0.165468 0.120635 0.165468 0.120635 0.161871 0.126984 0.154676
0 0.266667 0.151079 0.273016 0.158273 0.295238 0.158273 0.298413 0.154676 0.298413 0.151079 0.301587 0.147482 0.298413 0.143885 0.295238 0.143885 0.292063 0.140288 0.273016 0.140288 0.266667 0.147482
0 0.412698 0.143885 0.409524 0.140288 0.406349 0.143885 0.390476 0.143885 0.390476 0.147482 0.393651 0.151079 0.406349 0.151079 0.409524 0.147482 0.412698 0.147482
0 0.460317 0.140288 0.450794 0.151079 0.450794 0.154676 0.453968 0.158273 0.453968 0.161871 0.457143 0.165468 0.469841 0.165468 0.473016 0.161871 0.473016 0.158273 0.476190 0.154676 0.476190 0.147482 0.469841 0.140288
0 0.644444 0.151079 0.634921 0.140288 0.631746 0.143885 0.625397 0.143885 0.622222 0.147482 0.619048 0.147482 0.615873 0.151079 0.615873 0.154676 0.612698 0.158273 0.612698 0.161871 0.615873 0.165468 0.625397 0.165468 0.628571 0.161871 0.631746 0.161871 0.634921 0.165468 0.644444 0.158273
0 0.679365 0.147482 0.679365 0.154676 0.701587 0.154676 0.704762 0.151079 0.707937 0.151079 0.707937 0.143885 0.704762 0.140288 0.692063 0.140288 0.688889 0.143885 0.682540 0.143885
0 0.838095 0.143885 0.834921 0.143885 0.831746 0.140288 0.825397 0.140288 0.822222 0.143885 0.819048 0.143885 0.812698 0.154676 0.812698 0.165468 0.819048 0.172662 0.828571 0.172662 0.838095 0.161871 0.838095 0.158273 0.841270 0.154676 0.841270 0.151079 0.838095 0.147482
0 0.901587 0.147482 0.901587 0.151079 0.907937 0.158273 0.914286 0.158273 0.917460 0.161871 0.942857 0.161871 0.946032 0.158273 0.946032 0.154676 0.939683 0.147482 0.936508 0.147482 0.926984 0.140288 0.904762 0.140288 0.904762 0.143885
0 0.596825 0.151079 0.590476 0.143885 0.580952 0.143885 0.577778 0.147482 0.577778 0.151079 0.574603 0.154676 0.574603 0.158273 0.571429 0.161871 0.571429 0.165468 0.574603 0.169065 0.577778 0.169065 0.580952 0.165468 0.584127 0.165468 0.587302 0.161871 0.590476 0.161871 0.596825 0.154676
0 0.326984 0.147482 0.320635 0.154676 0.320635 0.165468 0.326984 0.172662 0.342857 0.172662 0.349206 0.165468 0.349206 0.154676 0.342857 0.147482
0 0.368254 0.169065 0.368254 0.172662 0.371429 0.176259 0.371429 0.179856 0.374603 0.183453 0.380952 0.183453 0.384127 0.187050 0.387302 0.187050 0.390476 0.183453 0.393651 0.183453 0.393651 0.169065 0.387302 0.161871 0.374603 0.161871
0 0.419048 0.176259 0.425397 0.183453 0.428571 0.183453 0.431746 0.187050 0.434921 0.183453 0.441270 0.183453 0.444444 0.179856 0.444444 0.172662 0.441270 0.169065 0.438095 0.169065 0.434921 0.165468 0.425397 0.165468 0.422222 0.169065 0.422222 0.172662
0 0.193651 0.169065 0.187302 0.176259 0.187302 0.179856 0.184127 0.183453 0.187302 0.187050 0.187302 0.190647 0.190476 0.194245 0.209524 0.194245 0.215873 0.187050 0.215873 0.179856 0.212698 0.176259 0.212698 0.172662 0.209524 0.172662 0.206349 0.169065
0 0.485714 0.172662 0.485714 0.183453 0.492063 0.194245 0.498413 0.194245 0.501587 0.197842 0.511111 0.197842 0.514286 0.194245 0.514286 0.190647 0.517460 0.187050 0.514286 0.183453 0.514286 0.179856 0.507937 0.172662 0.501587 0.172662 0.498413 0.169065 0.492063 0.169065 0.488889 0.172662
0 0.228571 0.179856 0.228571 0.190647 0.231746 0.194245 0.247619 0.194245 0.247619 0.190647 0.250794 0.187050 0.247619 0.183453 0.247619 0.179856 0.244444 0.179856 0.241270 0.176259 0.231746 0.176259
0 0.409524 0.183453 0.409524 0.187050 0.406349 0.190647 0.406349 0.194245 0.415873 0.205036 0.425397 0.205036 0.428571 0.201439 0.428571 0.197842 0.431746 0.194245 0.431746 0.190647 0.428571 0.187050 0.425397 0.187050 0.419048 0.179856 0.415873 0.179856 0.412698 0.183453
0 0.117460 0.183453 0.114286 0.187050 0.114286 0.190647 0.111111 0.194245 0.114286 0.197842 0.114286 0.205036 0.117460 0.208633 0.126984 0.208633 0.130159 0.205036 0.133333 0.205036 0.133333 0.187050 0.130159 0.183453
0 0.361905 0.183453 0.349206 0.183453 0.346032 0.187050 0.346032 0.197842 0.349206 0.201439 0.352381 0.201439 0.355556 0.205036 0.358730 0.201439 0.358730 0.197842 0.361905 0.194245
0 0.460317 0.187050 0.460317 0.190647 0.457143 0.194245 0.457143 0.201439 0.460317 0.205036 0.460317 0.208633 0.463492 0.208633 0.466667 0.212230 0.482540 0.212230 0.485714 0.208633 0.485714 0.201439 0.473016 0.187050
0 0.152381 0.197842 0.146032 0.205036 0.146032 0.208633 0.142857 0.212230 0.142857 0.219424 0.149206 0.226619 0.161905 0.226619 0.165079 0.223022 0.165079 0.201439 0.161905 0.197842
0 0.326984 0.197842 0.311111 0.197842 0.301587 0.208633 0.301587 0.219424 0.307937 0.226619 0.314286 0.226619 0.317460 0.223022 0.323810 0.223022 0.330159 0.212230 0.330159 0.205036 0.326984 0.201439
0 0.361905 0.201439 0.355556 0.208633 0.352381 0.208633 0.352381 0.226619 0.355556 0.230216 0.371429 0.230216 0.377778 0.223022 0.377778 0.212230 0.374603 0.208633 0.374603 0.205036 0.371429 0.205036 0.368254 0.201439
0 0.698413 0.215827 0.701587 0.219424 0.701587 0.223022 0.704762 0.226619 0.717460 0.226619 0.720635 0.223022 0.723810 0.223022 0.723810 0.219424 0.726984 0.215827 0.726984 0.208633 0.720635 0.201439 0.707937 0.201439 0.701587 0.208633 0.701587 0.212230
0 0.177778 0.212230 0.177778 0.219424 0.180952 0.223022 0.184127 0.223022 0.187302 0.226619 0.190476 0.226619 0.193651 0.230216 0.196825 0.230216 0.200000 0.226619 0.203175 0.226619 0.206349 0.223022 0.206349 0.212230 0.203175 0.208633 0.196825 0.208633 0.193651 0.205036 0.187302 0.205036 0.184127 0.208633 0.180952 0.208633
0 0.565079 0.208633 0.561905 0.208633 0.558730 0.205036 0.555556 0.205036 0.552381 0.208633 0.549206 0.208633 0.542857 0.215827 0.542857 0.219424 0.549206 0.226619 0.558730 0.226619 0.558730 0.223022 0.565079 0.215827
0 0.222222 0.208633 0.219048 0.212230 0.219048 0.219424 0.225397 0.226619 0.228571 0.226619 0.234921 0.233813 0.238095 0.230216 0.238095 0.226619 0.234921 0.223022 0.234921 0.219424 0.231746 0.215827 0.231746 0.212230 0.228571 0.212230 0.225397 0.208633
0 0.266667 0.212230 0.263492 0.215827 0.263492 0.230216 0.266667 0.233813 0.282540 0.233813 0.282540 0.226619 0.285714 0.223022 0.282540 0.219424 0.282540 0.215827 0.279365 0.212230
0 0.393651 0.223022 0.393651 0.230216 0.396825 0.233813 0.409524 0.233813 0.409524 0.230216 0.412698 0.226619 0.406349 0.219424 0.396825 0.219424
0 0.606349 0.226619 0.606349 0.230216 0.609524 0.233813 0.609524 0.237410 0.612698 0.241007 0.625397 0.241007 0.631746 0.233813 0.631746 0.230216 0.625397 0.223022 0.622222 0.223022 0.619048 0.219424 0.615873 0.219424 0.612698 0.223022 0.609524 0.223022
0 0.101587 0.230216 0.101587 0.244604 0.104762 0.248201 0.107937 0.248201 0.111111 0.251799 0.117460 0.251799 0.120635 0.248201 0.123810 0.248201 0.126984 0.244604 0.126984 0.233813 0.120635 0.226619 0.104762 0.226619
0 0.463492 0.226619 0.457143 0.233813 0.457143 0.248201 0.463492 0.255396 0.473016 0.255396 0.479365 0.248201 0.479365 0.233813 0.473016 0.226619
0 0.577778 0.226619 0.574603 0.230216 0.574603 0.233813 0.571429 0.237410 0.571429 0.248201 0.574603 0.251799 0.587302 0.251799 0.593651 0.244604 0.593651 0.233813 0.587302 0.226619
0 0.657143 0.237410 0.657143 0.244604 0.660317 0.248201 0.660317 0.251799 0.676190 0.251799 0.685714 0.241007 0.682540 0.237410 0.682540 0.233813 0.679365 0.230216 0.663492 0.230216
0 0.285714 0.233813 0.285714 0.241007 0.288889 0.244604 0.298413 0.244604 0.298413 0.237410 0.295238 0.233813
0 0.317460 0.244604 0.317460 0.255396 0.333333 0.255396 0.336508 0.258993 0.339683 0.258993 0.349206 0.251799 0.346032 0.248201 0.346032 0.237410 0.342857 0.233813 0.330159 0.233813 0.326984 0.237410 0.323810 0.237410
0 0.517460 0.233813 0.504762 0.233813 0.501587 0.237410 0.501587 0.258993 0.504762 0.262590 0.511111 0.262590 0.514286 0.258993 0.517460 0.258993 0.520635 0.255396 0.520635 0.237410
0 0.209524 0.244604 0.209524 0.248201 0.212698 0.251799 0.212698 0.255396 0.215873 0.258993 0.231746 0.258993 0.234921 0.255396 0.234921 0.237410 0.215873 0.237410
0 0.536508 0.237410 0.533333 0.241007 0.533333 0.255396 0.536508 0.258993 0.536508 0.262590 0.546032 0.273381 0.549206 0.273381 0.558730 0.280576 0.565079 0.280576 0.568254 0.284173 0.574603 0.276978 0.571429 0.266187 0.568254 0.262590 0.565079 0.262590 0.555556 0.251799 0.555556 0.248201 0.552381 0.248201 0.542857 0.237410
0 0.177778 0.241007 0.171429 0.248201 0.171429 0.258993 0.177778 0.266187 0.193651 0.266187 0.200000 0.258993 0.200000 0.248201 0.196825 0.244604 0.193651 0.244604 0.190476 0.241007
0 0.422222 0.241007 0.422222 0.244604 0.419048 0.248201 0.419048 0.262590 0.422222 0.266187 0.431746 0.266187 0.434921 0.262590 0.438095 0.262590 0.438095 0.244604 0.434921 0.241007
0 0.974603 0.241007 0.971429 0.244604 0.971429 0.251799 0.974603 0.255396 0.974603 0.262590 0.977778 0.266187 0.977778 0.269784 0.987302 0.276978 0.990476 0.273381 0.993651 0.273381 0.993651 0.269784 0.996825 0.266187 0.996825 0.262590 0.993651 0.258993 0.993651 0.248201 0.984127 0.241007
0 0.368254 0.244604 0.365079 0.248201 0.365079 0.258993 0.368254 0.262590 0.368254 0.266187 0.374603 0.273381 0.380952 0.273381 0.380952 0.258993 0.377778 0.255396 0.380952 0.251799 0.377778 0.248201 0.374603 0.248201 0.371429 0.244604
0 0.631746 0.255396 0.628571 0.251799 0.625397 0.251799 0.622222 0.248201 0.619048 0.248201 0.615873 0.251799 0.612698 0.251799 0.606349 0.258993 0.606349 0.269784 0.609524 0.269784 0.612698 0.273381 0.619048 0.273381 0.622222 0.269784 0.625397 0.269784 0.631746 0.262590
0 0.774603 0.251799 0.774603 0.262590 0.784127 0.269784 0.793651 0.269784 0.796825 0.266187 0.803175 0.266187 0.812698 0.258993 0.812698 0.255396 0.809524 0.251799 0.790476 0.251799 0.787302 0.248201 0.777778 0.248201
0 0.387302 0.251799 0.384127 0.255396 0.384127 0.273381 0.387302 0.273381 0.390476 0.276978 0.400000 0.276978 0.406349 0.269784 0.406349 0.258993 0.400000 0.251799
0 0.888889 0.258993 0.888889 0.269784 0.892063 0.273381 0.895238 0.273381 0.898413 0.276978 0.907937 0.276978 0.911111 0.273381 0.914286 0.273381 0.914286 0.258993 0.911111 0.255396 0.904762 0.255396 0.901587 0.251799 0.898413 0.251799 0.895238 0.255396 0.892063 0.255396
0 0.942857 0.251799 0.936508 0.258993 0.939683 0.262590 0.939683 0.266187 0.942857 0.269784 0.942857 0.273381 0.946032 0.273381 0.952381 0.280576 0.961905 0.280576 0.965079 0.276978 0.965079 0.269784 0.961905 0.266187 0.961905 0.262590 0.952381 0.251799
0 0.136508 0.258993 0.130159 0.258993 0.126984 0.262590 0.123810 0.262590 0.117460 0.269784 0.117460 0.280576 0.123810 0.287770 0.126984 0.287770 0.130159 0.291367 0.133333 0.287770 0.136508 0.287770 0.142857 0.280576 0.142857 0.262590 0.139683 0.262590
0 0.285714 0.258993 0.285714 0.273381 0.288889 0.276978 0.288889 0.280576 0.301587 0.280576 0.301587 0.269784 0.292063 0.258993
0 0.244444 0.262590 0.241270 0.266187 0.241270 0.276978 0.253968 0.276978 0.257143 0.273381 0.257143 0.266187 0.253968 0.262590
0 0.698413 0.262590 0.695238 0.266187 0.692063 0.266187 0.688889 0.269784 0.688889 0.280576 0.695238 0.287770 0.704762 0.287770 0.711111 0.280576 0.711111 0.269784 0.707937 0.266187 0.704762 0.266187 0.701587 0.262590
0 0.311111 0.280576 0.311111 0.294964 0.314286 0.298561 0.330159 0.298561 0.333333 0.294964 0.339683 0.302158 0.342857 0.298561 0.342857 0.287770 0.336508 0.276978 0.333333 0.276978 0.330159 0.273381 0.317460 0.273381
0 0.511111 0.280576 0.511111 0.287770 0.514286 0.291367 0.514286 0.294964 0.517460 0.294964 0.520635 0.298561 0.530159 0.298561 0.533333 0.294964 0.536508 0.294964 0.536508 0.284173 0.533333 0.280576 0.533333 0.276978 0.530159 0.273381 0.517460 0.273381
0 0.841270 0.276978 0.838095 0.276978 0.834921 0.273381 0.828571 0.273381 0.825397 0.276978 0.822222 0.276978 0.822222 0.280576 0.815873 0.287770 0.815873 0.291367 0.822222 0.298561 0.831746 0.298561 0.841270 0.287770
0 0.219048 0.276978 0.215873 0.280576 0.215873 0.298561 0.219048 0.298561 0.222222 0.302158 0.228571 0.302158 0.231746 0.298561 0.234921 0.298561 0.234921 0.294964 0.238095 0.291367 0.238095 0.276978
0 0.155556 0.280576 0.155556 0.284173 0.152381 0.287770 0.152381 0.302158 0.155556 0.305755 0.168254 0.305755 0.168254 0.302158 0.171429 0.298561 0.171429 0.287770 0.168254 0.284173 0.168254 0.280576
0 0.923810 0.280576 0.920635 0.284173 0.920635 0.291367 0.926984 0.298561 0.936508 0.298561 0.939683 0.294964 0.939683 0.287770 0.933333 0.280576
0 0.187302 0.284173 0.187302 0.287770 0.184127 0.291367 0.184127 0.302158 0.187302 0.305755 0.187302 0.312950 0.190476 0.316547 0.190476 0.320144 0.206349 0.320144 0.209524 0.316547 0.209524 0.302158 0.206349 0.298561 0.203175 0.287770 0.200000 0.284173
0 0.736508 0.284173 0.730159 0.291367 0.730159 0.294964 0.733333 0.298561 0.733333 0.302158 0.739683 0.309353 0.752381 0.309353 0.758730 0.302158 0.758730 0.294964 0.752381 0.287770 0.749206 0.287770 0.746032 0.284173
0 0.276190 0.287770 0.263492 0.287770 0.257143 0.294964 0.257143 0.302158 0.253968 0.305755 0.253968 0.312950 0.260317 0.320144 0.266667 0.320144 0.269841 0.316547 0.273016 0.316547 0.279365 0.309353 0.279365 0.291367
0 0.869841 0.291367 0.857143 0.291367 0.847619 0.302158 0.847619 0.312950 0.850794 0.316547 0.860317 0.316547 0.869841 0.305755
0 0.415873 0.294964 0.412698 0.298561 0.412698 0.302158 0.409524 0.305755 0.409524 0.312950 0.412698 0.316547 0.412698 0.320144 0.415873 0.323741 0.428571 0.323741 0.431746 0.320144 0.431746 0.316547 0.434921 0.312950 0.434921 0.309353 0.431746 0.305755 0.431746 0.298561 0.428571 0.294964
0 0.365079 0.302158 0.358730 0.312950 0.358730 0.327338 0.361905 0.330935 0.380952 0.330935 0.387302 0.323741 0.387302 0.316547 0.380952 0.309353 0.380952 0.305755 0.377778 0.305755 0.374603 0.302158
0 0.587302 0.302158 0.584127 0.305755 0.584127 0.316547 0.587302 0.320144 0.587302 0.323741 0.593651 0.330935 0.603175 0.330935 0.606349 0.327338 0.606349 0.323741 0.609524 0.320144 0.606349 0.316547 0.606349 0.312950 0.600000 0.305755 0.596825 0.305755 0.593651 0.302158
0 0.787302 0.302158 0.780952 0.302158 0.777778 0.305755 0.777778 0.312950 0.774603 0.316547 0.774603 0.320144 0.771429 0.323741 0.771429 0.330935 0.780952 0.330935 0.790476 0.320144 0.790476 0.316547 0.793651 0.312950 0.793651 0.309353
0 0.965079 0.302158 0.965079 0.309353 0.971429 0.316547 0.974603 0.316547 0.977778 0.320144 0.980952 0.320144 0.984127 0.316547 0.984127 0.309353 0.977778 0.302158
0 0.803175 0.316547 0.803175 0.327338 0.806349 0.330935 0.809524 0.330935 0.812698 0.334532 0.822222 0.334532 0.828571 0.327338 0.825397 0.323741 0.825397 0.320144 0.819048 0.312950 0.806349 0.312950
0 0.917460 0.323741 0.917460 0.330935 0.920635 0.334532 0.923810 0.334532 0.933333 0.327338 0.946032 0.327338 0.949206 0.330935 0.952381 0.330935 0.955556 0.327338 0.955556 0.323741 0.952381 0.320144 0.942857 0.320144 0.939683 0.316547 0.933333 0.316547 0.930159 0.320144 0.920635 0.320144
0 0.561905 0.320144 0.555556 0.327338 0.555556 0.341727 0.558730 0.345324 0.561905 0.345324 0.565079 0.348921 0.571429 0.348921 0.577778 0.341727 0.577778 0.330935 0.574603 0.327338 0.574603 0.323741 0.571429 0.323741 0.568254 0.320144
0 0.219048 0.327338 0.219048 0.334532 0.215873 0.338129 0.219048 0.341727 0.219048 0.345324 0.222222 0.348921 0.225397 0.348921 0.228571 0.352518 0.234921 0.352518 0.241270 0.345324 0.241270 0.330935 0.234921 0.323741 0.225397 0.323741 0.222222 0.327338
0 0.285714 0.323741 0.282540 0.327338 0.282540 0.338129 0.285714 0.341727 0.288889 0.341727 0.292063 0.345324 0.301587 0.345324 0.304762 0.341727 0.304762 0.334532 0.295238 0.323741
0 0.517460 0.327338 0.511111 0.327338 0.507937 0.330935 0.504762 0.330935 0.501587 0.334532 0.501587 0.352518 0.504762 0.356115 0.517460 0.356115 0.520635 0.352518 0.520635 0.348921 0.523810 0.345324 0.523810 0.334532
0 0.142857 0.334532 0.139683 0.334532 0.133333 0.341727 0.133333 0.348921 0.130159 0.352518 0.130159 0.366906 0.142857 0.366906 0.149206 0.359712 0.149206 0.341727
0 0.390476 0.341727 0.384127 0.348921 0.384127 0.352518 0.380952 0.356115 0.380952 0.366906 0.384127 0.366906 0.390476 0.374101 0.400000 0.374101 0.406349 0.366906 0.406349 0.345324 0.403175 0.341727
0 0.615873 0.341727 0.615873 0.345324 0.612698 0.348921 0.612698 0.359712 0.619048 0.366906 0.631746 0.366906 0.638095 0.359712 0.638095 0.348921 0.634921 0.345324 0.634921 0.341727
0 0.165079 0.345324 0.165079 0.348921 0.161905 0.352518 0.161905 0.356115 0.158730 0.359712 0.158730 0.366906 0.161905 0.370504 0.161905 0.374101 0.174603 0.374101 0.177778 0.370504 0.177778 0.363309 0.180952 0.359712 0.180952 0.348921 0.177778 0.345324
0 0.209524 0.348921 0.206349 0.348921 0.203175 0.345324 0.193651 0.352518 0.193651 0.356115 0.190476 0.359712 0.190476 0.381295 0.196825 0.381295 0.212698 0.363309 0.212698 0.352518
0 0.704762 0.345324 0.701587 0.348921 0.698413 0.348921 0.698413 0.352518 0.695238 0.356115 0.695238 0.359712 0.698413 0.363309 0.698413 0.366906 0.701587 0.370504 0.711111 0.370504 0.717460 0.363309 0.717460 0.352518 0.714286 0.348921 0.711111 0.348921 0.707937 0.345324
0 0.809524 0.359712 0.809524 0.366906 0.815873 0.374101 0.819048 0.374101 0.822222 0.377698 0.834921 0.377698 0.834921 0.374101 0.838095 0.370504 0.838095 0.356115 0.834921 0.352518 0.815873 0.352518
0 0.863492 0.356115 0.860317 0.356115 0.853968 0.363309 0.853968 0.384892 0.857143 0.384892 0.860317 0.388489 0.863492 0.384892 0.869841 0.384892 0.876190 0.377698 0.876190 0.370504 0.873016 0.366906 0.873016 0.363309 0.869841 0.359712 0.866667 0.359712
0 0.292063 0.359712 0.285714 0.366906 0.285714 0.388489 0.288889 0.388489 0.292063 0.392086 0.295238 0.392086 0.304762 0.381295 0.304762 0.366906 0.301587 0.363309 0.298413 0.363309 0.295238 0.359712
0 0.250794 0.363309 0.250794 0.366906 0.247619 0.370504 0.247619 0.377698 0.250794 0.381295 0.250794 0.384892 0.253968 0.388489 0.260317 0.388489 0.263492 0.384892 0.266667 0.384892 0.269841 0.381295 0.269841 0.370504 0.263492 0.363309
0 0.574603 0.363309 0.571429 0.366906 0.571429 0.370504 0.568254 0.374101 0.568254 0.377698 0.571429 0.381295 0.571429 0.384892 0.584127 0.384892 0.590476 0.377698 0.590476 0.370504 0.587302 0.366906 0.587302 0.363309
0 0.720635 0.374101 0.720635 0.381295 0.723810 0.384892 0.723810 0.388489 0.739683 0.388489 0.742857 0.384892 0.742857 0.374101 0.739683 0.370504 0.736508 0.370504 0.733333 0.366906 0.730159 0.366906 0.726984 0.370504 0.723810 0.370504
0 0.952381 0.366906 0.949206 0.370504 0.949206 0.381295 0.952381 0.384892 0.965079 0.384892 0.968254 0.381295 0.968254 0.370504 0.965079 0.366906
0 0.673016 0.370504 0.663492 0.370504 0.657143 0.377698 0.657143 0.392086 0.663492 0.399281 0.666667 0.399281 0.669841 0.395683 0.673016 0.395683 0.679365 0.388489 0.679365 0.374101 0.676190 0.374101
0 0.228571 0.374101 0.219048 0.381295 0.219048 0.384892 0.215873 0.388489 0.215873 0.395683 0.219048 0.399281 0.219048 0.406475 0.222222 0.406475 0.225397 0.410072 0.234921 0.410072 0.241270 0.399281 0.241270 0.381295 0.238095 0.377698 0.234921 0.377698 0.231746 0.374101
0 0.885714 0.374101 0.885714 0.377698 0.882540 0.381295 0.885714 0.384892 0.885714 0.388489 0.895238 0.388489 0.898413 0.384892 0.898413 0.377698 0.895238 0.374101
0 0.326984 0.377698 0.323810 0.381295 0.323810 0.395683 0.326984 0.395683 0.333333 0.402878 0.336508 0.402878 0.339683 0.399281 0.342857 0.399281 0.342857 0.395683 0.346032 0.392086 0.346032 0.384892 0.339683 0.377698
0 0.434921 0.381295 0.425397 0.381295 0.422222 0.384892 0.419048 0.384892 0.415873 0.388489 0.415873 0.399281 0.422222 0.406475 0.428571 0.406475 0.431746 0.402878 0.434921 0.402878 0.434921 0.399281 0.438095 0.395683 0.438095 0.388489 0.434921 0.384892
0 0.609524 0.381295 0.603175 0.392086 0.603175 0.395683 0.606349 0.399281 0.606349 0.402878 0.615873 0.413669 0.631746 0.413669 0.634921 0.410072 0.634921 0.395683 0.625397 0.384892 0.615873 0.384892 0.612698 0.381295
0 0.120635 0.384892 0.117460 0.388489 0.117460 0.395683 0.126984 0.406475 0.130159 0.402878 0.133333 0.402878 0.136508 0.399281 0.136508 0.395683 0.139683 0.392086 0.139683 0.388489 0.136508 0.384892
0 0.273016 0.384892 0.269841 0.384892 0.266667 0.388489 0.263492 0.388489 0.260317 0.392086 0.253968 0.392086 0.253968 0.406475 0.257143 0.410072 0.260317 0.410072 0.263492 0.413669 0.266667 0.413669 0.269841 0.410072 0.273016 0.410072 0.276190 0.406475 0.276190 0.392086 0.273016 0.388489
0 0.530159 0.388489 0.530159 0.402878 0.533333 0.406475 0.536508 0.406475 0.539683 0.410072 0.546032 0.410072 0.549206 0.406475 0.555556 0.406475 0.555556 0.402878 0.552381 0.399281 0.555556 0.395683 0.555556 0.392086 0.549206 0.384892 0.533333 0.384892
0 0.926984 0.384892 0.926984 0.388489 0.923810 0.392086 0.923810 0.406475 0.930159 0.413669 0.946032 0.413669 0.949206 0.410072 0.949206 0.399281 0.939683 0.388489 0.939683 0.384892
0 0.453968 0.388489 0.453968 0.392086 0.450794 0.395683 0.450794 0.406475 0.453968 0.410072 0.469841 0.410072 0.473016 0.406475 0.473016 0.402878 0.476190 0.399281 0.476190 0.395683 0.469841 0.388489
0 0.714286 0.399281 0.707937 0.392086 0.698413 0.392086 0.695238 0.395683 0.692063 0.395683 0.688889 0.399281 0.688889 0.417266 0.704762 0.417266 0.707937 0.413669 0.711111 0.413669 0.711111 0.410072 0.714286 0.406475
0 0.765079 0.392086 0.761905 0.392086 0.758730 0.395683 0.755556 0.395683 0.752381 0.399281 0.749206 0.399281 0.742857 0.406475 0.742857 0.420863 0.749206 0.428058 0.755556 0.428058 0.758730 0.424460 0.761905 0.424460 0.771429 0.413669 0.771429 0.402878
0 0.171429 0.399281 0.168254 0.402878 0.168254 0.406475 0.165079 0.410072 0.165079 0.413669 0.171429 0.420863 0.184127 0.420863 0.190476 0.413669 0.190476 0.402878 0.187302 0.399281
0 0.304762 0.399281 0.295238 0.406475 0.295238 0.410072 0.292063 0.413669 0.292063 0.417266 0.298413 0.428058 0.304762 0.428058 0.307937 0.431655 0.311111 0.428058 0.317460 0.428058 0.320635 0.424460 0.320635 0.413669 0.314286 0.402878 0.311111 0.402878 0.307937 0.399281
0 0.803175 0.399281 0.803175 0.410072 0.806349 0.413669 0.819048 0.413669 0.822222 0.410072 0.819048 0.406475 0.819048 0.402878 0.815873 0.402878 0.812698 0.406475 0.806349 0.399281
0 0.384127 0.406475 0.384127 0.417266 0.387302 0.420863 0.387302 0.424460 0.390476 0.428058 0.393651 0.428058 0.396825 0.431655 0.403175 0.431655 0.409524 0.424460 0.409524 0.420863 0.406349 0.417266 0.406349 0.413669 0.403175 0.410072 0.400000 0.410072 0.396825 0.406475 0.393651 0.406475 0.390476 0.402878 0.387302 0.406475
0 0.993651 0.402878 0.987302 0.410072 0.987302 0.420863 0.993651 0.428058 0.993651 0.431655 0.993651 0.424460 0.996825 0.420863 0.996825 0.417266 0.993651 0.413669
0 0.492063 0.410072 0.482540 0.410072 0.469841 0.424460 0.469841 0.435252 0.473016 0.438849 0.479365 0.438849 0.482540 0.435252 0.488889 0.435252 0.495238 0.428058 0.495238 0.413669
0 0.558730 0.413669 0.555556 0.410072 0.549206 0.410072 0.546032 0.413669 0.542857 0.413669 0.542857 0.428058 0.549206 0.428058 0.552381 0.424460 0.555556 0.424460 0.555556 0.420863 0.558730 0.417266
0 0.149206 0.413669 0.142857 0.420863 0.142857 0.435252 0.146032 0.438849 0.149206 0.438849 0.152381 0.442446 0.161905 0.442446 0.168254 0.435252 0.168254 0.420863 0.161905 0.413669
0 0.244444 0.431655 0.244444 0.438849 0.250794 0.446043 0.269841 0.446043 0.276190 0.438849 0.276190 0.428058 0.273016 0.428058 0.263492 0.420863 0.253968 0.420863
0 0.352381 0.420863 0.346032 0.428058 0.346032 0.442446 0.349206 0.442446 0.352381 0.446043 0.358730 0.446043 0.365079 0.438849 0.365079 0.428058 0.361905 0.424460 0.361905 0.420863
0 0.584127 0.431655 0.580952 0.428058 0.568254 0.428058 0.558730 0.438849 0.558730 0.453237 0.571429 0.453237 0.577778 0.446043 0.580952 0.446043 0.584127 0.442446
0 0.441270 0.431655 0.438095 0.435252 0.434921 0.435252 0.431746 0.438849 0.431746 0.449640 0.438095 0.456835 0.447619 0.456835 0.450794 0.453237 0.453968 0.453237 0.453968 0.438849 0.450794 0.435252 0.447619 0.435252 0.444444 0.431655
0 0.701587 0.435252 0.695238 0.442446 0.695238 0.456835 0.701587 0.464029 0.714286 0.464029 0.717460 0.460432 0.717460 0.456835 0.720635 0.453237 0.720635 0.442446 0.714286 0.435252
0 0.926984 0.446043 0.933333 0.453237 0.952381 0.453237 0.955556 0.449640 0.955556 0.446043 0.958730 0.442446 0.952381 0.435252 0.933333 0.435252 0.926984 0.442446
0 0.117460 0.438849 0.114286 0.442446 0.111111 0.442446 0.104762 0.449640 0.104762 0.460432 0.114286 0.471223 0.123810 0.471223 0.130159 0.464029 0.130159 0.456835 0.133333 0.453237 0.130159 0.449640 0.130159 0.446043 0.123810 0.438849
0 0.622222 0.442446 0.622222 0.446043 0.619048 0.449640 0.619048 0.453237 0.622222 0.456835 0.622222 0.460432 0.625397 0.464029 0.638095 0.464029 0.641270 0.460432 0.641270 0.446043 0.634921 0.438849 0.628571 0.438849 0.625397 0.442446
0 0.780952 0.442446 0.771429 0.442446 0.768254 0.446043 0.768254 0.449640 0.765079 0.453237 0.765079 0.471223 0.768254 0.474820 0.771429 0.474820 0.774603 0.471223 0.777778 0.471223 0.780952 0.467626 0.780952 0.464029 0.784127 0.460432 0.784127 0.446043
0 0.326984 0.453237 0.320635 0.446043 0.314286 0.446043 0.311111 0.449640 0.307937 0.449640 0.304762 0.453237 0.304762 0.464029 0.307937 0.467626 0.317460 0.467626 0.320635 0.464029 0.323810 0.464029 0.326984 0.460432
0 0.390476 0.449640 0.390476 0.453237 0.387302 0.456835 0.387302 0.460432 0.393651 0.467626 0.409524 0.467626 0.415873 0.460432 0.415873 0.449640 0.412698 0.446043 0.396825 0.446043 0.393651 0.449640
0 0.482540 0.456835 0.479365 0.456835 0.476190 0.453237 0.473016 0.453237 0.469841 0.456835 0.466667 0.456835 0.460317 0.464029 0.460317 0.467626 0.463492 0.471223 0.473016 0.471223 0.479365 0.464029 0.482540 0.464029
0 0.739683 0.453237 0.733333 0.464029 0.733333 0.474820 0.736508 0.478417 0.736508 0.489209 0.739683 0.489209 0.742857 0.492806 0.749206 0.492806 0.749206 0.485612 0.752381 0.482014 0.752381 0.478417 0.749206 0.474820 0.749206 0.456835 0.746032 0.453237
0 0.600000 0.456835 0.587302 0.456835 0.580952 0.464029 0.580952 0.474820 0.587302 0.482014 0.593651 0.482014 0.596825 0.478417 0.600000 0.478417 0.603175 0.474820 0.603175 0.460432
0 0.911111 0.464029 0.907937 0.467626 0.907937 0.478417 0.914286 0.485612 0.917460 0.485612 0.920635 0.489209 0.930159 0.489209 0.936508 0.482014 0.936508 0.478417 0.939683 0.474820 0.933333 0.464029 0.923810 0.464029 0.920635 0.460432 0.917460 0.460432 0.914286 0.464029
0 0.422222 0.478417 0.425397 0.482014 0.425397 0.485612 0.428571 0.489209 0.438095 0.489209 0.441270 0.485612 0.444444 0.485612 0.444444 0.482014 0.447619 0.478417 0.444444 0.474820 0.444444 0.471223 0.441270 0.471223 0.438095 0.467626 0.434921 0.471223 0.431746 0.467626
0 0.526984 0.467626 0.533333 0.474820 0.536508 0.474820 0.539683 0.478417 0.539683 0.489209 0.542857 0.489209 0.546032 0.492806 0.549206 0.492806 0.552381 0.489209 0.552381 0.485612 0.555556 0.482014 0.542857 0.467626
0 0.241270 0.474820 0.241270 0.478417 0.238095 0.482014 0.238095 0.485612 0.234921 0.489209 0.234921 0.492806 0.241270 0.500000 0.247619 0.500000 0.250794 0.496403 0.257143 0.496403 0.260317 0.492806 0.260317 0.485612 0.257143 0.482014 0.257143 0.478417 0.253968 0.474820
0 0.796825 0.474820 0.793651 0.474820 0.784127 0.485612 0.784127 0.500000 0.790476 0.507194 0.796825 0.507194 0.800000 0.503597 0.803175 0.503597 0.806349 0.500000 0.806349 0.485612 0.803175 0.482014 0.803175 0.478417 0.800000 0.478417
0 0.298413 0.485612 0.298413 0.489209 0.295238 0.492806 0.295238 0.503597 0.298413 0.507194 0.317460 0.507194 0.317460 0.503597 0.320635 0.500000 0.320635 0.489209 0.314286 0.482014 0.304762 0.482014 0.301587 0.485612
0 0.355556 0.482014 0.346032 0.482014 0.336508 0.489209 0.336508 0.492806 0.333333 0.496403 0.333333 0.503597 0.339683 0.510791 0.342857 0.510791 0.346032 0.507194 0.355556 0.507194 0.361905 0.500000 0.361905 0.489209
0 0.403175 0.485612 0.403175 0.492806 0.412698 0.503597 0.419048 0.503597 0.422222 0.500000 0.425397 0.500000 0.425397 0.496403 0.428571 0.492806 0.422222 0.485612 0.422222 0.482014 0.409524 0.482014 0.406349 0.485612
0 0.504762 0.482014 0.501587 0.485612 0.501587 0.489209 0.498413 0.492806 0.498413 0.496403 0.501587 0.500000 0.501587 0.503597 0.504762 0.507194 0.517460 0.507194 0.523810 0.500000 0.523810 0.489209 0.517460 0.482014
0 0.126984 0.496403 0.120635 0.489209 0.117460 0.489209 0.114286 0.485612 0.111111 0.485612 0.107937 0.489209 0.104762 0.489209 0.098413 0.496403 0.098413 0.507194 0.104762 0.514388 0.117460 0.514388 0.123810 0.507194 0.123810 0.503597 0.126984 0.500000
0 0.866667 0.492806 0.863492 0.496403 0.863492 0.510791 0.866667 0.514388 0.866667 0.517986 0.876190 0.517986 0.879365 0.514388 0.879365 0.507194 0.882540 0.503597 0.882540 0.500000 0.876190 0.492806
0 0.142857 0.496403 0.139683 0.500000 0.139683 0.514388 0.149206 0.514388 0.149206 0.510791 0.152381 0.507194 0.149206 0.503597 0.149206 0.500000 0.146032 0.496403
0 0.479365 0.496403 0.473016 0.496403 0.469841 0.500000 0.466667 0.500000 0.466667 0.503597 0.463492 0.507194 0.463492 0.521583 0.466667 0.525180 0.479365 0.525180 0.485714 0.517986 0.485714 0.503597
0 0.650794 0.496403 0.638095 0.496403 0.631746 0.503597 0.631746 0.517986 0.638095 0.525180 0.641270 0.525180 0.644444 0.521583 0.650794 0.521583 0.653968 0.517986 0.653968 0.500000
0 0.831746 0.496403 0.825397 0.503597 0.825397 0.507194 0.828571 0.510791 0.828571 0.517986 0.831746 0.521583 0.847619 0.521583 0.850794 0.517986 0.850794 0.503597 0.844444 0.496403
0 0.549206 0.510791 0.549206 0.517986 0.555556 0.525180 0.571429 0.525180 0.577778 0.517986 0.577778 0.507194 0.574603 0.503597 0.555556 0.503597
0 0.215873 0.510791 0.212698 0.514388 0.212698 0.525180 0.219048 0.532374 0.222222 0.532374 0.225397 0.528777 0.228571 0.528777 0.231746 0.525180 0.231746 0.514388 0.228571 0.514388 0.225397 0.510791
0 0.387302 0.510791 0.384127 0.514388 0.384127 0.517986 0.380952 0.521583 0.380952 0.525180 0.384127 0.528777 0.384127 0.532374 0.387302 0.532374 0.390476 0.535971 0.396825 0.535971 0.400000 0.532374 0.403175 0.532374 0.403175 0.528777 0.406349 0.525180 0.406349 0.521583 0.403175 0.517986 0.403175 0.514388 0.400000 0.514388 0.396825 0.510791
0 0.796825 0.514388 0.793651 0.510791 0.784127 0.510791 0.780952 0.514388 0.777778 0.514388 0.771429 0.521583 0.771429 0.532374 0.774603 0.535971 0.787302 0.535971 0.796825 0.525180
0 0.901587 0.510791 0.901587 0.521583 0.911111 0.521583 0.914286 0.517986 0.914286 0.514388 0.911111 0.510791
0 0.180952 0.517986 0.177778 0.521583 0.177778 0.532374 0.184127 0.532374 0.187302 0.535971 0.193651 0.535971 0.196825 0.532374 0.196825 0.528777 0.200000 0.525180 0.193651 0.517986
0 0.320635 0.517986 0.317460 0.521583 0.307937 0.521583 0.301587 0.528777 0.301587 0.539568 0.307937 0.546763 0.311111 0.546763 0.314286 0.550360 0.317460 0.550360 0.320635 0.546763 0.323810 0.546763 0.323810 0.543165 0.330159 0.532374 0.326984 0.528777 0.326984 0.521583 0.323810 0.521583
0 0.368254 0.521583 0.355556 0.521583 0.349206 0.528777 0.349206 0.535971 0.355556 0.543165 0.358730 0.543165 0.361905 0.546763 0.365079 0.543165 0.368254 0.543165 0.371429 0.539568 0.371429 0.525180
0 0.593651 0.521583 0.590476 0.525180 0.590476 0.532374 0.587302 0.535971 0.587302 0.539568 0.590476 0.543165 0.587302 0.546763 0.590476 0.546763 0.593651 0.550360 0.603175 0.550360 0.606349 0.546763 0.609524 0.546763 0.609524 0.535971 0.606349 0.532374 0.606349 0.528777 0.600000 0.521583
0 0.882540 0.535971 0.882540 0.539568 0.885714 0.543165 0.885714 0.546763 0.888889 0.546763 0.892063 0.550360 0.898413 0.550360 0.901587 0.553957 0.907937 0.553957 0.914286 0.546763 0.911111 0.543165 0.907937 0.543165 0.895238 0.528777 0.885714 0.528777 0.885714 0.532374
0 0.161905 0.535971 0.152381 0.535971 0.146032 0.543165 0.146032 0.546763 0.142857 0.550360 0.142857 0.557554 0.149206 0.564748 0.155556 0.564748 0.158730 0.561151 0.161905 0.561151 0.168254 0.553957 0.168254 0.543165
0 0.177778 0.535971 0.177778 0.539568 0.174603 0.543165 0.171429 0.543165 0.171429 0.553957 0.177778 0.561151 0.177778 0.564748 0.190476 0.564748 0.193651 0.561151 0.193651 0.539568 0.187302 0.539568 0.184127 0.535971
0 0.955556 0.543165 0.955556 0.557554 0.958730 0.561151 0.968254 0.561151 0.974603 0.553957 0.974603 0.550360 0.971429 0.546763 0.971429 0.543165 0.968254 0.543165 0.965079 0.539568 0.961905 0.539568 0.958730 0.543165
0 0.241270 0.550360 0.238095 0.546763 0.231746 0.546763 0.228571 0.543165 0.225397 0.546763 0.222222 0.546763 0.212698 0.557554 0.209524 0.557554 0.209524 0.561151 0.206349 0.564748 0.206349 0.571942 0.203175 0.575540 0.203175 0.582734 0.206349 0.586331 0.215873 0.586331 0.228571 0.571942 0.228571 0.568345 0.238095 0.561151
0 0.457143 0.546763 0.450794 0.546763 0.447619 0.550360 0.444444 0.550360 0.441270 0.553957 0.441270 0.564748 0.444444 0.568345 0.444444 0.571942 0.447619 0.575540 0.453968 0.575540 0.460317 0.568345 0.460317 0.564748 0.463492 0.561151 0.460317 0.557554 0.460317 0.550360
0 0.596825 0.557554 0.590476 0.550360 0.587302 0.550360 0.584127 0.546763 0.580952 0.550360 0.574603 0.550360 0.568254 0.557554 0.568254 0.571942 0.571429 0.575540 0.590476 0.575540 0.596825 0.568345
0 0.993651 0.550360 0.990476 0.553957 0.990476 0.557554 0.987302 0.561151 0.987302 0.571942 0.990476 0.575540 0.990476 0.579137 0.993651 0.579137 0.993651 0.575540 0.996825 0.571942 0.993651 0.568345 0.996825 0.564748 0.996825 0.557554 0.993651 0.553957
0 0.400000 0.553957 0.390476 0.553957 0.387302 0.557554 0.384127 0.557554 0.384127 0.561151 0.380952 0.564748 0.380952 0.568345 0.384127 0.571942 0.384127 0.579137 0.387302 0.579137 0.390476 0.582734 0.393651 0.582734 0.396825 0.579137 0.400000 0.579137 0.400000 0.575540 0.403175 0.571942 0.403175 0.557554
0 0.482540 0.553957 0.476190 0.553957 0.469841 0.561151 0.469841 0.579137 0.473016 0.582734 0.479365 0.582734 0.485714 0.575540 0.485714 0.557554
0 0.631746 0.557554 0.625397 0.557554 0.615873 0.564748 0.615873 0.571942 0.612698 0.575540 0.612698 0.579137 0.615873 0.582734 0.615873 0.586331 0.619048 0.586331 0.622222 0.589928 0.628571 0.589928 0.631746 0.586331 0.634921 0.586331 0.641270 0.579137 0.641270 0.564748 0.638095 0.564748
0 0.758730 0.561151 0.755556 0.561151 0.752381 0.557554 0.749206 0.561151 0.746032 0.561151 0.742857 0.564748 0.739683 0.564748 0.739683 0.568345 0.733333 0.575540 0.733333 0.582734 0.739683 0.589928 0.746032 0.589928 0.749206 0.586331 0.752381 0.586331 0.761905 0.575540 0.761905 0.568345 0.758730 0.564748
0 0.546032 0.561151 0.530159 0.561151 0.530159 0.568345 0.526984 0.571942 0.530159 0.575540 0.530159 0.579137 0.533333 0.579137 0.536508 0.582734 0.542857 0.575540 0.542857 0.568345 0.546032 0.564748
0 0.361905 0.571942 0.361905 0.579137 0.368254 0.586331 0.374603 0.586331 0.377778 0.582734 0.380952 0.582734 0.380952 0.571942 0.377778 0.568345 0.377778 0.564748 0.368254 0.564748
0 0.412698 0.571942 0.412698 0.575540 0.409524 0.579137 0.409524 0.589928 0.422222 0.589928 0.422222 0.575540 0.419048 0.571942
0 0.790476 0.571942 0.780952 0.571942 0.774603 0.579137 0.774603 0.586331 0.784127 0.586331 0.787302 0.582734 0.790476 0.582734 0.793651 0.579137 0.790476 0.575540
0 0.111111 0.575540 0.107937 0.579137 0.107937 0.597122 0.111111 0.597122 0.114286 0.600719 0.123810 0.600719 0.133333 0.589928 0.133333 0.579137 0.130159 0.579137 0.126984 0.575540
0 0.898413 0.582734 0.892063 0.589928 0.895238 0.593525 0.895238 0.600719 0.904762 0.611511 0.911111 0.611511 0.917460 0.604317 0.917460 0.600719 0.920635 0.597122 0.917460 0.593525 0.917460 0.589928 0.914286 0.586331 0.907937 0.586331 0.904762 0.582734
0 0.847619 0.589928 0.844444 0.586331 0.825397 0.586331 0.815873 0.597122 0.815873 0.600719 0.812698 0.604317 0.812698 0.611511 0.828571 0.611511 0.831746 0.607914 0.838095 0.607914 0.847619 0.597122
0 0.146032 0.600719 0.146032 0.615108 0.152381 0.622302 0.165079 0.622302 0.174603 0.615108 0.174603 0.604317 0.165079 0.593525 0.152381 0.593525
0 0.936508 0.593525 0.933333 0.597122 0.933333 0.607914 0.936508 0.611511 0.942857 0.611511 0.946032 0.615108 0.952381 0.615108 0.955556 0.611511 0.955556 0.607914 0.952381 0.604317 0.952381 0.600719 0.946032 0.593525
0 0.361905 0.600719 0.355556 0.600719 0.352381 0.597122 0.349206 0.597122 0.346032 0.600719 0.342857 0.600719 0.339683 0.604317 0.339683 0.607914 0.336508 0.611511 0.339683 0.615108 0.339683 0.618705 0.355556 0.618705 0.361905 0.611511
0 0.095238 0.604317 0.095238 0.607914 0.092063 0.611511 0.095238 0.615108 0.095238 0.618705 0.101587 0.625899 0.123810 0.625899 0.123810 0.622302 0.126984 0.618705 0.126984 0.615108 0.120635 0.604317 0.114286 0.604317 0.111111 0.600719 0.101587 0.600719 0.098413 0.604317
0 0.476190 0.604317 0.476190 0.615108 0.479365 0.618705 0.482540 0.618705 0.485714 0.622302 0.495238 0.622302 0.501587 0.615108 0.501587 0.607914 0.498413 0.604317 0.498413 0.600719 0.479365 0.600719
0 0.517460 0.600719 0.517460 0.604317 0.514286 0.607914 0.514286 0.618705 0.520635 0.625899 0.530159 0.625899 0.539683 0.615108 0.539683 0.611511 0.536508 0.607914 0.536508 0.604317 0.533333 0.600719
0 0.396825 0.607914 0.390476 0.615108 0.390476 0.622302 0.393651 0.625899 0.393651 0.633094 0.396825 0.636691 0.400000 0.636691 0.403175 0.640288 0.409524 0.640288 0.412698 0.636691 0.412698 0.618705 0.409524 0.615108 0.409524 0.611511 0.406349 0.607914
0 0.365079 0.611511 0.355556 0.622302 0.358730 0.625899 0.358730 0.633094 0.361905 0.636691 0.374603 0.636691 0.377778 0.633094 0.377778 0.615108 0.374603 0.615108 0.371429 0.611511
0 0.774603 0.622302 0.771429 0.622302 0.768254 0.618705 0.765079 0.618705 0.761905 0.622302 0.755556 0.622302 0.752381 0.625899 0.752381 0.636691 0.755556 0.640288 0.768254 0.640288 0.774603 0.633094
0 0.869841 0.625899 0.860317 0.625899 0.853968 0.633094 0.853968 0.658273 0.857143 0.658273 0.869841 0.643885 0.873016 0.643885 0.873016 0.640288 0.876190 0.636691 0.876190 0.633094
0 0.453968 0.629496 0.450794 0.633094 0.450794 0.647482 0.453968 0.651079 0.457143 0.651079 0.460317 0.654676 0.473016 0.654676 0.473016 0.651079 0.476190 0.647482 0.476190 0.643885 0.473016 0.640288 0.473016 0.636691 0.466667 0.629496
