0 0.342857 0.290323 0.336508 0.283154 0.320635 0.279570 0.285714 0.279570 0.276190 0.283154 0.238095 0.322581 0.238095 0.329749 0.263492 0.347670 0.279365 0.329749 0.307937 0.315412 0.317460 0.301075 0.323810 0.304659 0.339683 0.301075
0 0.600000 0.286738 0.596825 0.290323 0.593651 0.290323 0.587302 0.301075 0.587302 0.304659 0.590476 0.308244 0.590476 0.315412 0.593651 0.318996 0.593651 0.322581 0.596825 0.322581 0.600000 0.326165 0.612698 0.326165 0.625397 0.311828 0.625397 0.301075 0.619048 0.290323 0.612698 0.290323 0.609524 0.286738
0 0.476190 0.326165 0.463492 0.326165 0.457143 0.329749 0.460317 0.336918 0.453968 0.344086 0.450794 0.362007 0.444444 0.372760 0.444444 0.387097 0.453968 0.394265 0.460317 0.394265 0.469841 0.387097 0.492063 0.383513 0.495238 0.379928 0.495238 0.351254 0.488889 0.336918
0 0.206349 0.347670 0.206349 0.354839 0.219048 0.365591 0.241270 0.365591 0.244444 0.369176 0.253968 0.369176 0.263492 0.358423 0.263492 0.351254 0.260317 0.347670 0.250794 0.344086 0.234921 0.329749 0.231746 0.333333 0.215873 0.336918
0 0.780952 0.344086 0.780952 0.351254 0.784127 0.354839 0.787302 0.354839 0.790476 0.358423 0.793651 0.358423 0.800000 0.365591 0.806349 0.365591 0.809524 0.362007 0.812698 0.362007 0.812698 0.347670 0.809524 0.344086 0.803175 0.344086 0.800000 0.340502 0.784127 0.340502
0 0.441270 0.372760 0.422222 0.365591 0.412698 0.372760 0.396825 0.376344 0.377778 0.394265 0.377778 0.408602 0.384127 0.415771 0.400000 0.422939 0.415873 0.419355 0.444444 0.390681 0.441270 0.387097
0 0.314286 0.412186 0.314286 0.426523 0.320635 0.440860 0.330159 0.448029 0.349206 0.448029 0.355556 0.444444 0.365079 0.430108 0.361905 0.412186 0.349206 0.401434 0.326984 0.401434
0 0.739683 0.405018 0.736508 0.408602 0.736508 0.412186 0.723810 0.426523 0.723810 0.440860 0.733333 0.448029 0.755556 0.448029 0.761905 0.437276 0.761905 0.419355 0.758730 0.415771 0.755556 0.415771 0.746032 0.405018
0 0.114286 0.422939 0.114286 0.430108 0.158730 0.430108 0.155556 0.426523 0.152381 0.426523 0.149206 0.422939 0.142857 0.422939 0.139683 0.419355 0.126984 0.419355 0.123810 0.422939
0 0.774603 0.494624 0.774603 0.505376 0.777778 0.512545 0.787302 0.523297 0.793651 0.523297 0.796825 0.526882 0.800000 0.523297 0.812698 0.523297 0.815873 0.519713 0.822222 0.519713 0.834921 0.508961 0.834921 0.501792 0.831746 0.498208 0.812698 0.498208 0.796825 0.483871 0.780952 0.483871
0 0.580952 0.519713 0.580952 0.530466 0.590476 0.541219 0.590476 0.544803 0.593651 0.544803 0.596825 0.548387 0.596825 0.551971 0.600000 0.551971 0.609524 0.562724 0.619048 0.562724 0.622222 0.559140 0.622222 0.541219 0.615873 0.530466 0.612698 0.530466 0.603175 0.523297 0.593651 0.523297 0.590476 0.519713
0 0.222222 0.673835 0.225397 0.677419 0.228571 0.677419 0.231746 0.673835 0.234921 0.677419 0.238095 0.677419 0.244444 0.670251 0.241270 0.670251 0.238095 0.666667 0.225397 0.666667 0.222222 0.670251
0 0.295238 0.734767 0.288889 0.734767 0.285714 0.738351 0.282540 0.738351 0.282540 0.741935 0.279365 0.745520 0.279365 0.752688 0.276190 0.756272 0.276190 0.759857 0.282540 0.767025 0.282540 0.770609 0.292063 0.770609 0.301587 0.759857 0.301587 0.749104 0.298413 0.745520 0.298413 0.738351
0 0.380952 0.763441 0.371429 0.749104 0.339683 0.738351 0.336508 0.741935 0.330159 0.741935 0.323810 0.749104 0.311111 0.777778 0.311111 0.784946 0.314286 0.788530 0.323810 0.788530 0.333333 0.781362 0.368254 0.781362 0.377778 0.774194
0 0.847619 0.802867 0.850794 0.810036 0.850794 0.827957 0.863492 0.849462 0.895238 0.853047 0.904762 0.845878 0.907937 0.827957 0.888889 0.802867 0.873016 0.799283 0.866667 0.792115 0.860317 0.802867
0 0.352381 0.795699 0.326984 0.795699 0.323810 0.799283 0.282540 0.799283 0.279365 0.802867 0.279365 0.813620 0.288889 0.824373 0.301587 0.824373 0.317460 0.817204 0.333333 0.817204 0.349206 0.810036 0.352381 0.806452
0 0.571429 0.810036 0.552381 0.813620 0.549206 0.820789 0.552381 0.856631 0.542857 0.867384 0.542857 0.881720 0.549206 0.892473 0.568254 0.892473 0.577778 0.885305 0.600000 0.842294 0.596825 0.827957
0 0.419048 0.842294 0.412698 0.838710 0.403175 0.820789 0.390476 0.817204 0.339683 0.831541 0.330159 0.842294 0.330159 0.849462 0.349206 0.874552 0.365079 0.878136 0.384127 0.863799 0.412698 0.856631 0.419048 0.849462
0 0.507937 0.817204 0.498413 0.824373 0.492063 0.838710 0.488889 0.860215 0.495238 0.867384 0.501587 0.867384 0.504762 0.870968 0.517460 0.874552 0.523810 0.870968 0.536508 0.856631 0.536508 0.838710 0.530159 0.827957 0.526984 0.827957 0.514286 0.817204
0 0.825397 0.831541 0.825397 0.838710 0.828571 0.842294 0.831746 0.842294 0.850794 0.863799 0.853968 0.863799 0.857143 0.867384 0.869841 0.867384 0.863492 0.860215 0.863492 0.856631 0.847619 0.838710 0.847619 0.835125 0.844444 0.831541 0.838095 0.831541 0.834921 0.827957 0.828571 0.827957
0 0.644444 0.849462 0.634921 0.856631 0.634921 0.870968 0.638095 0.874552 0.641270 0.885305 0.647619 0.892473 0.650794 0.888889 0.653968 0.878136 0.657143 0.874552 0.660317 0.874552 0.660317 0.870968 0.663492 0.867384 0.663492 0.860215 0.657143 0.853047 0.647619 0.853047
0 0.425397 0.870968 0.415873 0.870968 0.406349 0.881720 0.406349 0.906810 0.409524 0.910394 0.409524 0.913978 0.412698 0.913978 0.415873 0.917563 0.419048 0.913978 0.422222 0.913978 0.434921 0.899642 0.434921 0.896057 0.438095 0.892473 0.438095 0.881720 0.431746 0.874552 0.428571 0.874552
0 0.580952 0.885305 0.565079 0.896057 0.555556 0.910394 0.555556 0.924731 0.577778 0.953405 0.584127 0.953405 0.584127 0.928315 0.596825 0.903226 0.596825 0.892473 0.593651 0.888889 0.584127 0.888889
0 0.361905 0.896057 0.358730 0.903226 0.361905 0.906810 0.361905 0.913978 0.365079 0.917563 0.368254 0.935484 0.374603 0.942652 0.374603 0.946237 0.380952 0.949821 0.396825 0.935484 0.400000 0.928315 0.400000 0.910394 0.393651 0.903226 0.393651 0.899642 0.384127 0.892473 0.377778 0.896057
0 0.466667 0.924731 0.460317 0.917563 0.438095 0.921147 0.396825 0.960573 0.396825 0.971326 0.409524 0.982079 0.419048 0.978495 0.431746 0.978495 0.441270 0.985663 0.460317 0.982079 0.473016 0.967742
0 0.628571 0.924731 0.612698 0.942652 0.612698 0.953405 0.619048 0.960573 0.622222 0.960573 0.625397 0.964158 0.634921 0.964158 0.638095 0.960573 0.641270 0.960573 0.650794 0.949821 0.650794 0.939068 0.641270 0.928315 0.638095 0.928315 0.634921 0.924731
0 0.796825 0.928315 0.790476 0.935484 0.790476 0.939068 0.793651 0.942652 0.803175 0.942652 0.806349 0.939068 0.803175 0.935484 0.803175 0.931900 0.800000 0.931900
