0 0.219745 0.003597 0.222930 0.007194 0.222930 0.010791 0.226115 0.010791 0.229299 0.014388 0.238854 0.014388 0.245223 0.007194 0.245223 0.003597 0.242038 0.000000 0.222930 0.000000
0 0.388535 0.003597 0.388535 0.010791 0.391720 0.014388 0.407643 0.014388 0.414013 0.007194 0.414013 0.000000 0.391720 0.000000
0 0.519108 0.003597 0.519108 0.010791 0.522293 0.010791 0.525478 0.014388 0.528662 0.014388 0.531847 0.010791 0.535032 0.010791 0.538217 0.007194 0.538217 0.003597 0.531847 0.003597 0.528662 0.000000 0.525478 0.000000 0.522293 0.003597
0 0.595541 0.003597 0.595541 0.010791 0.601911 0.017986 0.611465 0.017986 0.617834 0.010791 0.617834 0.003597 0.614650 0.000000 0.598726 0.000000
0 0.500000 0.003597 0.493631 0.003597 0.490446 0.007194 0.487261 0.007194 0.477707 0.017986 0.477707 0.028777 0.480892 0.028777 0.484076 0.032374 0.490446 0.032374 0.500000 0.021583 0.500000 0.014388 0.503185 0.010791 0.500000 0.007194
0 0.789809 0.003597 0.783439 0.010791 0.783439 0.025180 0.789809 0.032374 0.799363 0.032374 0.802548 0.028777 0.802548 0.021583 0.805732 0.017986 0.802548 0.014388 0.802548 0.010791 0.796178 0.003597
0 0.831210 0.007194 0.831210 0.025180 0.837580 0.035971 0.853503 0.035971 0.856688 0.032374 0.859873 0.032374 0.866242 0.021583 0.866242 0.010791 0.856688 0.003597 0.834395 0.003597
0 0.175159 0.017986 0.178344 0.021583 0.178344 0.025180 0.181529 0.028777 0.184713 0.025180 0.191083 0.025180 0.191083 0.017986 0.194268 0.014388 0.178344 0.014388
0 0.541401 0.025180 0.541401 0.032374 0.544586 0.035971 0.547771 0.035971 0.550955 0.039568 0.560510 0.039568 0.563694 0.035971 0.566879 0.035971 0.566879 0.021583 0.560510 0.021583 0.557325 0.017986 0.554140 0.017986 0.550955 0.021583 0.544586 0.021583
0 0.136943 0.043165 0.136943 0.053957 0.156051 0.053957 0.159236 0.050360 0.162420 0.050360 0.162420 0.046763 0.165605 0.043165 0.162420 0.039568 0.162420 0.035971 0.159236 0.032374 0.146497 0.032374
0 0.216561 0.032374 0.213376 0.035971 0.213376 0.039568 0.210191 0.043165 0.213376 0.046763 0.213376 0.050360 0.219745 0.057554 0.226115 0.057554 0.232484 0.050360 0.232484 0.039568 0.226115 0.032374
0 0.423567 0.043165 0.423567 0.046763 0.426752 0.050360 0.433121 0.050360 0.436306 0.046763 0.442675 0.053957 0.442675 0.050360 0.445860 0.046763 0.455414 0.046763 0.455414 0.039568 0.449045 0.032374 0.445860 0.032374 0.442675 0.035971 0.439490 0.032374 0.436306 0.032374 0.433121 0.035971 0.429936 0.035971
0 0.251592 0.035971 0.248408 0.039568 0.248408 0.043165 0.245223 0.046763 0.248408 0.050360 0.248408 0.053957 0.251592 0.057554 0.264331 0.057554 0.267516 0.053957 0.267516 0.043165 0.264331 0.039568 0.261146 0.039568 0.257962 0.035971
0 0.509554 0.039568 0.509554 0.050360 0.512739 0.050360 0.515924 0.053957 0.519108 0.050360 0.525478 0.050360 0.528662 0.046763 0.528662 0.039568 0.525478 0.035971 0.512739 0.035971
0 0.681529 0.043165 0.678344 0.043165 0.675159 0.039568 0.668790 0.039568 0.659236 0.050360 0.659236 0.061151 0.662420 0.064748 0.662420 0.068345 0.675159 0.068345 0.681529 0.061151
0 0.079618 0.053957 0.079618 0.057554 0.082803 0.061151 0.082803 0.064748 0.085987 0.064748 0.089172 0.068345 0.108280 0.068345 0.111465 0.064748 0.114650 0.064748 0.114650 0.057554 0.101911 0.043165 0.085987 0.043165
0 0.461783 0.050360 0.461783 0.053957 0.464968 0.057554 0.464968 0.061151 0.468153 0.061151 0.471338 0.064748 0.484076 0.064748 0.487261 0.061151 0.487261 0.053957 0.484076 0.050360 0.484076 0.046763 0.477707 0.046763 0.474522 0.043165 0.471338 0.046763 0.464968 0.046763
0 0.601911 0.046763 0.601911 0.057554 0.605096 0.061151 0.611465 0.061151 0.614650 0.057554 0.611465 0.053957 0.611465 0.046763
0 0.283439 0.053957 0.283439 0.061151 0.286624 0.064748 0.289809 0.064748 0.292994 0.061151 0.296178 0.061151 0.296178 0.053957 0.292994 0.053957 0.289809 0.050360 0.286624 0.050360
0 0.738854 0.050360 0.735669 0.053957 0.735669 0.068345 0.742038 0.075540 0.748408 0.075540 0.757962 0.064748 0.754777 0.061151 0.754777 0.053957 0.751592 0.050360
0 0.818471 0.053957 0.805732 0.053957 0.799363 0.061151 0.799363 0.068345 0.796178 0.071942 0.799363 0.075540 0.799363 0.082734 0.808917 0.082734 0.812102 0.079137 0.815287 0.079137 0.815287 0.075540 0.821656 0.068345 0.821656 0.057554
0 0.710191 0.057554 0.707006 0.061151 0.707006 0.068345 0.710191 0.071942 0.719745 0.071942 0.719745 0.064748 0.713376 0.057554
0 0.777070 0.057554 0.773885 0.057554 0.764331 0.068345 0.764331 0.082734 0.767516 0.086331 0.773885 0.086331 0.777070 0.082734 0.780255 0.082734 0.783439 0.079137 0.783439 0.064748
0 0.305732 0.064748 0.302548 0.068345 0.302548 0.075540 0.299363 0.079137 0.302548 0.082734 0.302548 0.086331 0.305732 0.089928 0.315287 0.089928 0.318471 0.086331 0.321656 0.086331 0.321656 0.082734 0.324841 0.079137 0.324841 0.068345 0.321656 0.064748
0 0.436306 0.068345 0.433121 0.068345 0.429936 0.064748 0.426752 0.068345 0.420382 0.068345 0.407643 0.082734 0.404459 0.093525 0.407643 0.097122 0.414013 0.097122 0.417197 0.100719 0.420382 0.097122 0.423567 0.097122 0.433121 0.086331 0.433121 0.082734 0.436306 0.079137
0 0.850318 0.068345 0.840764 0.068345 0.837580 0.071942 0.834395 0.071942 0.834395 0.082734 0.831210 0.086331 0.834395 0.089928 0.834395 0.093525 0.847134 0.093525 0.853503 0.086331 0.853503 0.071942
0 0.229299 0.071942 0.229299 0.082734 0.235669 0.089928 0.248408 0.089928 0.251592 0.086331 0.251592 0.075540 0.248408 0.071942
0 0.264331 0.079137 0.264331 0.086331 0.273885 0.097122 0.289809 0.097122 0.289809 0.086331 0.286624 0.082734 0.286624 0.079137 0.280255 0.071942 0.270701 0.071942
0 0.350318 0.086331 0.353503 0.089928 0.369427 0.089928 0.375796 0.082734 0.375796 0.079137 0.372611 0.075540 0.372611 0.071942 0.356688 0.071942 0.353503 0.075540 0.353503 0.082734
0 0.554140 0.075540 0.550955 0.071942 0.538217 0.071942 0.531847 0.079137 0.528662 0.079137 0.528662 0.089928 0.547771 0.089928 0.554140 0.082734
0 0.525478 0.079137 0.519108 0.079137 0.515924 0.075540 0.512739 0.075540 0.509554 0.079137 0.503185 0.079137 0.500000 0.082734 0.500000 0.097122 0.503185 0.100719 0.519108 0.100719 0.525478 0.093525
0 0.882166 0.075540 0.875796 0.075540 0.872611 0.079137 0.872611 0.082734 0.869427 0.086331 0.869427 0.093525 0.872611 0.097122 0.872611 0.100719 0.875796 0.104317 0.875796 0.107914 0.878981 0.107914 0.882166 0.104317 0.885350 0.104317 0.885350 0.100719 0.888535 0.097122 0.888535 0.082734
0 0.671975 0.082734 0.671975 0.093525 0.675159 0.097122 0.678344 0.097122 0.681529 0.100719 0.691083 0.100719 0.694268 0.097122 0.697452 0.097122 0.700637 0.093525 0.700637 0.086331 0.694268 0.079137 0.675159 0.079137
0 0.019108 0.089928 0.019108 0.097122 0.025478 0.104317 0.038217 0.104317 0.044586 0.097122 0.044586 0.086331 0.041401 0.082734 0.028662 0.082734 0.025478 0.086331 0.022293 0.086331
0 0.378981 0.082734 0.369427 0.093525 0.369427 0.097122 0.372611 0.100719 0.372611 0.104317 0.388535 0.104317 0.394904 0.097122 0.394904 0.086331 0.391720 0.086331 0.388535 0.082734
0 0.570064 0.086331 0.563694 0.086331 0.560510 0.089928 0.557325 0.089928 0.547771 0.100719 0.547771 0.107914 0.554140 0.115108 0.560510 0.115108 0.560510 0.111511 0.563694 0.107914 0.566879 0.107914 0.570064 0.104317 0.573248 0.104317 0.576433 0.100719 0.576433 0.093525
0 0.585987 0.093525 0.582803 0.097122 0.579618 0.097122 0.579618 0.100719 0.576433 0.104317 0.576433 0.107914 0.579618 0.111511 0.579618 0.115108 0.585987 0.122302 0.592357 0.122302 0.595541 0.118705 0.598726 0.118705 0.598726 0.115108 0.601911 0.111511 0.601911 0.100719 0.598726 0.097122 0.595541 0.097122 0.592357 0.093525
0 0.461783 0.107914 0.455414 0.107914 0.452229 0.104317 0.449045 0.107914 0.442675 0.107914 0.436306 0.115108 0.433121 0.125899 0.442675 0.143885 0.452229 0.143885 0.455414 0.140288 0.458599 0.140288 0.468153 0.129496 0.468153 0.115108
0 0.703822 0.104317 0.700637 0.104317 0.697452 0.107914 0.691083 0.107914 0.687898 0.111511 0.684713 0.111511 0.684713 0.115108 0.687898 0.118705 0.700637 0.118705 0.703822 0.115108
0 0.063694 0.115108 0.057325 0.107914 0.054140 0.107914 0.050955 0.111511 0.041401 0.111511 0.038217 0.115108 0.038217 0.118705 0.035032 0.122302 0.038217 0.125899 0.038217 0.129496 0.041401 0.129496 0.044586 0.133094 0.047771 0.133094 0.050955 0.129496 0.054140 0.129496 0.063694 0.118705
0 0.856688 0.111511 0.853503 0.115108 0.853503 0.125899 0.856688 0.129496 0.863057 0.129496 0.866242 0.125899 0.866242 0.115108 0.863057 0.111511
0 0.273885 0.115108 0.270701 0.118705 0.270701 0.129496 0.280255 0.140288 0.289809 0.140288 0.289809 0.136691 0.292994 0.133094 0.292994 0.125899 0.286624 0.118705 0.283439 0.118705 0.280255 0.115108
0 0.124204 0.118705 0.124204 0.125899 0.136943 0.140288 0.146497 0.140288 0.146497 0.133094 0.140127 0.125899 0.136943 0.125899 0.130573 0.118705
0 0.563694 0.118705 0.554140 0.118705 0.544586 0.129496 0.544586 0.140288 0.547771 0.143885 0.547771 0.147482 0.550955 0.151079 0.557325 0.151079 0.557325 0.147482 0.566879 0.136691 0.566879 0.133094 0.570064 0.129496 0.566879 0.125899 0.566879 0.122302
0 0.487261 0.129496 0.487261 0.140288 0.496815 0.151079 0.509554 0.151079 0.512739 0.147482 0.515924 0.147482 0.522293 0.140288 0.519108 0.136691 0.519108 0.129496 0.512739 0.129496 0.509554 0.125899 0.490446 0.125899
0 0.388535 0.129496 0.372611 0.129496 0.366242 0.136691 0.366242 0.140288 0.363057 0.143885 0.363057 0.147482 0.369427 0.154676 0.378981 0.154676 0.382166 0.151079 0.385350 0.151079 0.388535 0.147482 0.388535 0.140288 0.391720 0.136691 0.388535 0.133094
0 0.630573 0.140288 0.633758 0.143885 0.633758 0.147482 0.636943 0.151079 0.652866 0.151079 0.659236 0.143885 0.659236 0.136691 0.656051 0.133094 0.656051 0.129496 0.636943 0.129496 0.633758 0.133094 0.633758 0.136691
0 0.681529 0.129496 0.671975 0.140288 0.675159 0.143885 0.675159 0.151079 0.678344 0.154676 0.691083 0.154676 0.697452 0.147482 0.697452 0.140288 0.694268 0.136691 0.694268 0.133094 0.691083 0.133094 0.687898 0.129496
0 0.764331 0.129496 0.757962 0.136691 0.757962 0.151079 0.761146 0.154676 0.773885 0.154676 0.777070 0.151079 0.777070 0.147482 0.780255 0.143885 0.780255 0.136691 0.777070 0.133094 0.777070 0.129496
0 0.242038 0.140288 0.238854 0.140288 0.229299 0.133094 0.222930 0.133094 0.219745 0.136691 0.210191 0.140288 0.203822 0.147482 0.203822 0.158273 0.210191 0.165468 0.229299 0.165468 0.238854 0.154676 0.238854 0.143885
0 0.267516 0.136691 0.264331 0.136691 0.261146 0.133094 0.251592 0.133094 0.248408 0.136691 0.245223 0.136691 0.245223 0.140288 0.242038 0.143885 0.242038 0.154676 0.245223 0.154676 0.248408 0.158273 0.251592 0.154676 0.261146 0.154676 0.267516 0.147482
0 0.350318 0.147482 0.343949 0.154676 0.343949 0.165468 0.347134 0.169065 0.347134 0.172662 0.350318 0.176259 0.363057 0.176259 0.366242 0.172662 0.366242 0.154676 0.359873 0.147482
0 0.611465 0.147482 0.608280 0.147482 0.605096 0.151079 0.601911 0.151079 0.598726 0.154676 0.598726 0.176259 0.601911 0.176259 0.605096 0.179856 0.608280 0.179856 0.611465 0.176259 0.614650 0.176259 0.614650 0.172662 0.617834 0.169065 0.617834 0.151079 0.614650 0.151079
0 0.579618 0.154676 0.573248 0.161871 0.573248 0.165468 0.570064 0.169065 0.570064 0.172662 0.573248 0.176259 0.573248 0.179856 0.576433 0.183453 0.589172 0.183453 0.592357 0.179856 0.592357 0.176259 0.595541 0.172662 0.595541 0.161871 0.592357 0.158273 0.589172 0.158273 0.585987 0.154676
0 0.305732 0.158273 0.299363 0.165468 0.299363 0.179856 0.302548 0.183453 0.302548 0.187050 0.305732 0.190647 0.315287 0.190647 0.321656 0.183453 0.321656 0.169065 0.312102 0.158273
0 0.277070 0.161871 0.273885 0.165468 0.273885 0.176259 0.283439 0.176259 0.283439 0.165468 0.280255 0.161871
0 0.464968 0.165468 0.464968 0.179856 0.468153 0.183453 0.468153 0.187050 0.484076 0.187050 0.484076 0.183453 0.487261 0.179856 0.487261 0.176259 0.484076 0.172662 0.484076 0.169065 0.477707 0.161871 0.471338 0.161871 0.468153 0.165468
0 0.525478 0.161871 0.522293 0.165468 0.522293 0.172662 0.519108 0.176259 0.519108 0.179856 0.522293 0.179856 0.525478 0.183453 0.531847 0.183453 0.538217 0.176259 0.538217 0.169065 0.531847 0.161871
0 0.382166 0.172662 0.378981 0.176259 0.378981 0.187050 0.385350 0.194245 0.398089 0.194245 0.401274 0.190647 0.401274 0.179856 0.394904 0.172662 0.391720 0.172662 0.388535 0.169065 0.385350 0.172662
0 0.668790 0.169065 0.665605 0.172662 0.662420 0.172662 0.659236 0.176259 0.659236 0.183453 0.656051 0.187050 0.656051 0.190647 0.662420 0.197842 0.665605 0.197842 0.668790 0.201439 0.671975 0.197842 0.675159 0.197842 0.681529 0.190647 0.681529 0.179856 0.675159 0.172662 0.671975 0.172662
0 0.697452 0.169065 0.694268 0.172662 0.694268 0.176259 0.691083 0.179856 0.691083 0.187050 0.694268 0.190647 0.694268 0.194245 0.697452 0.197842 0.707006 0.197842 0.713376 0.190647 0.713376 0.183453 0.716561 0.179856 0.713376 0.176259 0.713376 0.172662 0.710191 0.169065
0 0.729299 0.176259 0.729299 0.187050 0.732484 0.190647 0.748408 0.190647 0.754777 0.183453 0.754777 0.172662 0.751592 0.169065 0.738854 0.169065 0.735669 0.172662 0.732484 0.172662
0 0.802548 0.176259 0.796178 0.169065 0.789809 0.169065 0.786624 0.172662 0.783439 0.172662 0.780255 0.176259 0.777070 0.176259 0.770701 0.183453 0.770701 0.187050 0.777070 0.194245 0.786624 0.194245 0.789809 0.190647 0.796178 0.190647 0.802548 0.183453
0 0.076433 0.172662 0.073248 0.172662 0.070064 0.176259 0.066879 0.176259 0.063694 0.179856 0.063694 0.187050 0.070064 0.194245 0.076433 0.194245 0.082803 0.187050 0.082803 0.179856
0 0.143312 0.179856 0.143312 0.183453 0.140127 0.187050 0.140127 0.194245 0.149682 0.205036 0.159236 0.205036 0.165605 0.197842 0.165605 0.187050 0.156051 0.176259 0.149682 0.176259 0.146497 0.179856
0 0.095541 0.179856 0.089172 0.187050 0.089172 0.201439 0.092357 0.205036 0.092357 0.208633 0.105096 0.208633 0.108280 0.205036 0.108280 0.201439 0.111465 0.197842 0.111465 0.187050 0.105096 0.179856
0 0.203822 0.179856 0.197452 0.187050 0.197452 0.194245 0.200637 0.197842 0.200637 0.201439 0.203822 0.201439 0.207006 0.205036 0.210191 0.201439 0.213376 0.205036 0.216561 0.205036 0.216561 0.201439 0.219745 0.197842 0.216561 0.194245 0.219745 0.190647 0.216561 0.187050 0.216561 0.183453 0.213376 0.179856
0 0.512739 0.183453 0.509554 0.187050 0.509554 0.194245 0.512739 0.197842 0.512739 0.201439 0.522293 0.212230 0.528662 0.212230 0.535032 0.205036 0.535032 0.190647 0.531847 0.187050 0.525478 0.187050 0.522293 0.183453
0 0.847134 0.197842 0.847134 0.201439 0.853503 0.208633 0.866242 0.208633 0.869427 0.205036 0.872611 0.205036 0.875796 0.201439 0.878981 0.201439 0.878981 0.187050 0.875796 0.183453 0.859873 0.183453 0.853503 0.190647 0.850318 0.190647 0.850318 0.194245
0 0.248408 0.187050 0.245223 0.190647 0.245223 0.212230 0.248408 0.215827 0.254777 0.215827 0.264331 0.205036 0.264331 0.194245 0.257962 0.187050
0 0.337580 0.190647 0.334395 0.190647 0.331210 0.194245 0.328025 0.194245 0.321656 0.201439 0.321656 0.215827 0.324841 0.219424 0.337580 0.219424 0.340764 0.215827 0.340764 0.212230 0.343949 0.208633 0.343949 0.201439 0.340764 0.197842 0.340764 0.194245
0 0.560510 0.194245 0.557325 0.197842 0.557325 0.201439 0.554140 0.205036 0.554140 0.212230 0.557325 0.215827 0.560510 0.215827 0.563694 0.219424 0.566879 0.219424 0.570064 0.215827 0.576433 0.215827 0.579618 0.212230 0.579618 0.197842 0.576433 0.197842 0.573248 0.194245
0 0.624204 0.205036 0.624204 0.212230 0.633758 0.223022 0.643312 0.223022 0.646497 0.219424 0.649682 0.219424 0.652866 0.215827 0.652866 0.205036 0.643312 0.194245 0.633758 0.194245
0 0.003185 0.205036 0.003185 0.230216 0.012739 0.230216 0.015924 0.226619 0.012739 0.223022 0.012739 0.215827
0 0.742038 0.205036 0.738854 0.208633 0.738854 0.223022 0.745223 0.230216 0.757962 0.230216 0.764331 0.223022 0.764331 0.212230 0.757962 0.205036
0 0.353503 0.215827 0.353503 0.226619 0.359873 0.233813 0.363057 0.233813 0.366242 0.230216 0.369427 0.233813 0.372611 0.233813 0.375796 0.230216 0.378981 0.230216 0.378981 0.215827 0.372611 0.208633 0.359873 0.208633
0 0.812102 0.215827 0.802548 0.208633 0.799363 0.208633 0.796178 0.212230 0.789809 0.212230 0.786624 0.215827 0.786624 0.233813 0.789809 0.237410 0.805732 0.237410 0.812102 0.230216
0 0.187898 0.215827 0.187898 0.230216 0.194268 0.237410 0.200637 0.237410 0.203822 0.241007 0.207006 0.237410 0.213376 0.237410 0.213376 0.230216 0.210191 0.226619 0.210191 0.219424 0.203822 0.212230 0.191083 0.212230
0 0.449045 0.212230 0.439490 0.212230 0.433121 0.219424 0.433121 0.223022 0.429936 0.226619 0.429936 0.230216 0.436306 0.237410 0.439490 0.237410 0.442675 0.233813 0.445860 0.233813 0.452229 0.226619 0.452229 0.215827
0 0.398089 0.226619 0.398089 0.230216 0.404459 0.237410 0.407643 0.237410 0.410828 0.241007 0.417197 0.241007 0.420382 0.237410 0.423567 0.237410 0.426752 0.233813 0.426752 0.226619 0.417197 0.215827 0.407643 0.215827
0 0.487261 0.219424 0.487261 0.233813 0.490446 0.237410 0.490446 0.241007 0.503185 0.241007 0.506369 0.237410 0.506369 0.223022 0.500000 0.215827 0.493631 0.215827 0.490446 0.219424
0 0.684713 0.219424 0.681529 0.219424 0.678344 0.215827 0.675159 0.215827 0.671975 0.219424 0.668790 0.219424 0.665605 0.223022 0.665605 0.226619 0.662420 0.230216 0.662420 0.237410 0.668790 0.244604 0.678344 0.244604 0.684713 0.237410
0 0.165605 0.219424 0.152866 0.219424 0.149682 0.223022 0.149682 0.226619 0.146497 0.230216 0.146497 0.241007 0.149682 0.244604 0.159236 0.244604 0.162420 0.241007 0.165605 0.241007 0.168790 0.237410 0.168790 0.230216 0.171975 0.226619
0 0.608280 0.226619 0.605096 0.223022 0.601911 0.223022 0.598726 0.219424 0.595541 0.219424 0.592357 0.223022 0.589172 0.223022 0.582803 0.230216 0.582803 0.244604 0.585987 0.248201 0.595541 0.248201 0.598726 0.244604 0.601911 0.244604 0.608280 0.237410
0 0.697452 0.223022 0.697452 0.233813 0.703822 0.241007 0.719745 0.241007 0.719745 0.226619 0.713376 0.219424 0.703822 0.219424 0.700637 0.223022
0 0.254777 0.226619 0.254777 0.241007 0.257962 0.244604 0.261146 0.244604 0.264331 0.248201 0.277070 0.248201 0.280255 0.244604 0.280255 0.237410 0.277070 0.233813 0.277070 0.230216 0.273885 0.226619 0.267516 0.226619 0.264331 0.223022 0.261146 0.223022 0.257962 0.226619
0 0.866242 0.223022 0.856688 0.223022 0.853503 0.226619 0.850318 0.226619 0.847134 0.230216 0.847134 0.244604 0.850318 0.248201 0.856688 0.248201 0.859873 0.251799 0.863057 0.248201 0.869427 0.248201 0.872611 0.244604 0.872611 0.230216
0 0.229299 0.226619 0.226115 0.226619 0.213376 0.241007 0.213376 0.251799 0.210191 0.255396 0.210191 0.266187 0.222930 0.266187 0.226115 0.262590 0.229299 0.262590 0.238854 0.251799 0.238854 0.237410
0 0.305732 0.230216 0.305732 0.241007 0.312102 0.248201 0.318471 0.248201 0.321656 0.244604 0.324841 0.244604 0.324841 0.233813 0.318471 0.226619 0.308917 0.226619
0 0.474522 0.233813 0.464968 0.233813 0.455414 0.244604 0.455414 0.255396 0.461783 0.262590 0.468153 0.262590 0.471338 0.258993 0.474522 0.258993 0.477707 0.255396 0.477707 0.237410
0 0.184713 0.244604 0.181529 0.244604 0.178344 0.248201 0.175159 0.248201 0.168790 0.255396 0.168790 0.266187 0.175159 0.273381 0.184713 0.273381 0.191083 0.266187 0.191083 0.251799
0 0.828025 0.248201 0.824841 0.248201 0.821656 0.244604 0.818471 0.248201 0.815287 0.248201 0.812102 0.251799 0.808917 0.251799 0.805732 0.255396 0.805732 0.266187 0.812102 0.273381 0.815287 0.273381 0.818471 0.269784 0.821656 0.269784 0.828025 0.262590
0 0.343949 0.255396 0.343949 0.262590 0.350318 0.269784 0.359873 0.269784 0.363057 0.266187 0.366242 0.266187 0.369427 0.262590 0.369427 0.251799 0.366242 0.248201 0.350318 0.248201
0 0.550955 0.248201 0.535032 0.248201 0.519108 0.266187 0.519108 0.287770 0.522293 0.291367 0.528662 0.291367 0.531847 0.287770 0.535032 0.287770 0.544586 0.276978 0.544586 0.273381 0.547771 0.269784 0.547771 0.255396 0.550955 0.251799
0 0.659236 0.251799 0.656051 0.251799 0.652866 0.255396 0.646497 0.255396 0.646497 0.262590 0.643312 0.266187 0.643312 0.269784 0.646497 0.273381 0.646497 0.276978 0.649682 0.276978 0.652866 0.280576 0.656051 0.280576 0.665605 0.269784 0.665605 0.255396 0.662420 0.255396
0 0.780255 0.251799 0.767516 0.251799 0.764331 0.255396 0.761146 0.255396 0.761146 0.258993 0.757962 0.262590 0.757962 0.273381 0.764331 0.280576 0.773885 0.280576 0.780255 0.273381 0.780255 0.269784 0.783439 0.266187 0.783439 0.258993 0.780255 0.255396
0 0.066879 0.255396 0.057325 0.266187 0.057325 0.273381 0.054140 0.276978 0.054140 0.287770 0.060510 0.294964 0.076433 0.294964 0.079618 0.291367 0.085987 0.291367 0.092357 0.284173 0.092357 0.280576 0.095541 0.276978 0.092357 0.266187 0.082803 0.255396
0 0.277070 0.255396 0.273885 0.258993 0.273885 0.276978 0.280255 0.284173 0.286624 0.284173 0.289809 0.280576 0.289809 0.276978 0.292994 0.273381 0.292994 0.266187 0.283439 0.255396
0 0.302548 0.255396 0.299363 0.258993 0.299363 0.262590 0.296178 0.266187 0.296178 0.273381 0.302548 0.280576 0.312102 0.280576 0.315287 0.276978 0.315287 0.273381 0.318471 0.269784 0.318471 0.266187 0.315287 0.262590 0.315287 0.258993 0.312102 0.255396
0 0.582803 0.255396 0.570064 0.255396 0.566879 0.258993 0.566879 0.262590 0.563694 0.266187 0.563694 0.276978 0.570064 0.284173 0.576433 0.284173 0.579618 0.280576 0.582803 0.280576 0.585987 0.276978 0.585987 0.273381 0.589172 0.269784 0.589172 0.262590
0 0.888535 0.258993 0.882166 0.266187 0.882166 0.269784 0.878981 0.273381 0.878981 0.276978 0.882166 0.280576 0.882166 0.284173 0.885350 0.287770 0.894904 0.287770 0.901274 0.280576 0.901274 0.276978 0.904459 0.273381 0.904459 0.266187 0.898089 0.258993
0 0.242038 0.266187 0.238854 0.269784 0.238854 0.276978 0.235669 0.280576 0.235669 0.284173 0.238854 0.284173 0.242038 0.287770 0.245223 0.287770 0.248408 0.291367 0.254777 0.291367 0.254777 0.287770 0.257962 0.284173 0.257962 0.276978 0.254777 0.273381 0.254777 0.269784 0.251592 0.266187
0 0.710191 0.273381 0.703822 0.273381 0.691083 0.287770 0.691083 0.298561 0.697452 0.309353 0.707006 0.309353 0.716561 0.298561 0.716561 0.294964 0.719745 0.291367 0.719745 0.284173
0 0.477707 0.284173 0.468153 0.294964 0.468153 0.309353 0.471338 0.312950 0.474522 0.312950 0.477707 0.316547 0.484076 0.316547 0.487261 0.312950 0.490446 0.312950 0.490446 0.291367 0.484076 0.284173
0 0.229299 0.287770 0.222930 0.294964 0.222930 0.298561 0.226115 0.302158 0.226115 0.309353 0.229299 0.312950 0.232484 0.312950 0.235669 0.316547 0.238854 0.312950 0.242038 0.312950 0.245223 0.309353 0.245223 0.298561 0.248408 0.294964 0.245223 0.291367 0.242038 0.291367 0.238854 0.287770
0 0.171975 0.294964 0.168790 0.291367 0.165605 0.291367 0.159236 0.298561 0.156051 0.298561 0.152866 0.302158 0.152866 0.305755 0.149682 0.309353 0.149682 0.316547 0.159236 0.316547 0.162420 0.312950 0.165605 0.312950 0.168790 0.309353 0.168790 0.305755 0.171975 0.302158
0 0.334395 0.291367 0.321656 0.291367 0.312102 0.298561 0.312102 0.302158 0.308917 0.305755 0.308917 0.312950 0.315287 0.323741 0.328025 0.323741 0.334395 0.316547 0.334395 0.312950 0.337580 0.309353 0.337580 0.305755 0.334395 0.302158
0 0.356688 0.291367 0.353503 0.291367 0.350318 0.294964 0.347134 0.294964 0.343949 0.298561 0.343949 0.312950 0.347134 0.316547 0.350318 0.316547 0.353503 0.320144 0.356688 0.316547 0.359873 0.316547 0.363057 0.312950 0.363057 0.294964 0.359873 0.294964
0 0.624204 0.294964 0.621019 0.298561 0.621019 0.309353 0.630573 0.320144 0.636943 0.320144 0.643312 0.312950 0.643312 0.309353 0.640127 0.305755 0.640127 0.302158 0.633758 0.294964
0 0.582803 0.302158 0.582803 0.316547 0.585987 0.320144 0.589172 0.320144 0.592357 0.323741 0.598726 0.323741 0.601911 0.320144 0.605096 0.320144 0.605096 0.305755 0.601911 0.302158 0.601911 0.298561 0.585987 0.298561
0 0.659236 0.302158 0.652866 0.309353 0.652866 0.312950 0.649682 0.316547 0.649682 0.320144 0.652866 0.323741 0.668790 0.323741 0.671975 0.320144 0.671975 0.305755 0.668790 0.302158
0 0.547771 0.305755 0.544586 0.305755 0.541401 0.309353 0.538217 0.309353 0.528662 0.320144 0.528662 0.327338 0.531847 0.330935 0.531847 0.334532 0.535032 0.334532 0.538217 0.338129 0.544586 0.338129 0.547771 0.334532 0.550955 0.334532 0.557325 0.327338 0.557325 0.312950
0 0.203822 0.309353 0.194268 0.309353 0.191083 0.312950 0.187898 0.312950 0.187898 0.316547 0.184713 0.320144 0.184713 0.330935 0.187898 0.334532 0.191083 0.330935 0.203822 0.330935 0.207006 0.327338 0.207006 0.312950
0 0.117834 0.312950 0.111465 0.320144 0.111465 0.330935 0.114650 0.334532 0.127389 0.334532 0.133758 0.327338 0.133758 0.316547 0.130573 0.312950
0 0.420382 0.312950 0.417197 0.312950 0.414013 0.316547 0.407643 0.316547 0.407643 0.320144 0.404459 0.323741 0.404459 0.330935 0.410828 0.338129 0.417197 0.338129 0.420382 0.334532 0.423567 0.334532 0.426752 0.330935 0.426752 0.320144
0 0.757962 0.320144 0.757962 0.323741 0.764331 0.330935 0.783439 0.330935 0.786624 0.327338 0.786624 0.316547 0.783439 0.312950 0.764331 0.312950
0 0.385350 0.330935 0.382166 0.330935 0.378981 0.327338 0.375796 0.327338 0.372611 0.330935 0.366242 0.330935 0.359873 0.338129 0.359873 0.345324 0.363057 0.348921 0.363057 0.352518 0.366242 0.352518 0.369427 0.356115 0.375796 0.356115 0.378981 0.352518 0.382166 0.352518 0.382166 0.348921 0.385350 0.345324
0 0.248408 0.330935 0.245223 0.334532 0.245223 0.345324 0.248408 0.348921 0.254777 0.348921 0.264331 0.338129 0.257962 0.330935
0 0.703822 0.341727 0.703822 0.356115 0.707006 0.356115 0.710191 0.359712 0.719745 0.359712 0.722930 0.356115 0.726115 0.356115 0.726115 0.345324 0.716561 0.334532 0.710191 0.334532
0 0.162420 0.338129 0.156051 0.338129 0.152866 0.341727 0.152866 0.356115 0.156051 0.356115 0.159236 0.359712 0.165605 0.352518 0.165605 0.341727
0 0.452229 0.338129 0.445860 0.345324 0.445860 0.363309 0.449045 0.366906 0.458599 0.366906 0.468153 0.356115 0.468153 0.345324 0.461783 0.338129
0 0.089172 0.352518 0.082803 0.345324 0.073248 0.345324 0.070064 0.348921 0.063694 0.348921 0.060510 0.352518 0.060510 0.366906 0.063694 0.370504 0.079618 0.370504 0.089172 0.359712
0 0.136943 0.345324 0.133758 0.348921 0.127389 0.348921 0.121019 0.356115 0.121019 0.359712 0.117834 0.363309 0.117834 0.370504 0.124204 0.377698 0.130573 0.377698 0.140127 0.366906 0.140127 0.363309 0.143312 0.359712 0.143312 0.352518
0 0.754777 0.345324 0.751592 0.348921 0.751592 0.370504 0.757962 0.377698 0.767516 0.377698 0.770701 0.374101 0.773885 0.374101 0.777070 0.370504 0.777070 0.356115 0.770701 0.348921 0.767516 0.348921 0.764331 0.345324
0 0.410828 0.348921 0.404459 0.356115 0.404459 0.363309 0.401274 0.366906 0.401274 0.370504 0.407643 0.381295 0.423567 0.381295 0.429936 0.370504 0.429936 0.359712 0.423567 0.352518 0.420382 0.352518 0.417197 0.348921
0 0.656051 0.352518 0.652866 0.356115 0.649682 0.356115 0.649682 0.359712 0.646497 0.363309 0.646497 0.374101 0.649682 0.377698 0.649682 0.381295 0.652866 0.384892 0.662420 0.384892 0.668790 0.377698 0.668790 0.359712 0.662420 0.352518
0 0.500000 0.356115 0.496815 0.359712 0.496815 0.363309 0.493631 0.366906 0.496815 0.370504 0.496815 0.374101 0.500000 0.377698 0.509554 0.377698 0.509554 0.374101 0.512739 0.370504 0.512739 0.359712 0.509554 0.356115
0 0.601911 0.356115 0.585987 0.356115 0.579618 0.363309 0.579618 0.370504 0.576433 0.374101 0.582803 0.381295 0.592357 0.381295 0.595541 0.377698 0.598726 0.377698 0.601911 0.374101
0 0.735669 0.359712 0.722930 0.359712 0.719745 0.363309 0.719745 0.381295 0.722930 0.384892 0.722930 0.388489 0.729299 0.388489 0.732484 0.384892 0.735669 0.384892 0.738854 0.381295 0.738854 0.363309
0 0.041401 0.370504 0.035032 0.363309 0.031847 0.366906 0.025478 0.366906 0.022293 0.370504 0.019108 0.370504 0.019108 0.374101 0.015924 0.377698 0.019108 0.381295 0.019108 0.384892 0.022293 0.384892 0.025478 0.388489 0.028662 0.388489 0.031847 0.384892 0.035032 0.384892 0.041401 0.377698
0 0.550955 0.363309 0.547771 0.366906 0.547771 0.384892 0.550955 0.384892 0.554140 0.388489 0.560510 0.388489 0.566879 0.381295 0.566879 0.370504 0.560510 0.363309
0 0.340764 0.366906 0.334395 0.377698 0.334395 0.384892 0.337580 0.388489 0.337580 0.392086 0.340764 0.395683 0.356688 0.395683 0.363057 0.384892 0.363057 0.377698 0.359873 0.374101 0.359873 0.370504 0.356688 0.370504 0.353503 0.366906
0 0.694268 0.366906 0.691083 0.366906 0.687898 0.370504 0.687898 0.374101 0.684713 0.377698 0.684713 0.381295 0.687898 0.384892 0.691083 0.384892 0.694268 0.381295 0.697452 0.381295 0.700637 0.377698 0.697452 0.374101 0.697452 0.370504
0 0.525478 0.374101 0.522293 0.377698 0.522293 0.392086 0.528662 0.399281 0.541401 0.399281 0.544586 0.395683 0.544586 0.384892 0.541401 0.381295 0.541401 0.377698 0.538217 0.374101
0 0.792994 0.381295 0.792994 0.388489 0.796178 0.392086 0.796178 0.395683 0.815287 0.395683 0.815287 0.388489 0.818471 0.384892 0.815287 0.381295 0.815287 0.377698 0.812102 0.377698 0.808917 0.374101 0.799363 0.374101
0 0.222930 0.377698 0.219745 0.381295 0.216561 0.381295 0.213376 0.384892 0.213376 0.399281 0.219745 0.406475 0.229299 0.406475 0.232484 0.402878 0.232484 0.399281 0.235669 0.395683 0.235669 0.384892 0.232484 0.381295 0.229299 0.381295 0.226115 0.377698
0 0.299363 0.377698 0.299363 0.381295 0.296178 0.384892 0.296178 0.395683 0.299363 0.395683 0.302548 0.399281 0.305732 0.399281 0.308917 0.402878 0.312102 0.402878 0.315287 0.399281 0.318471 0.399281 0.318471 0.395683 0.321656 0.392086 0.321656 0.384892 0.315287 0.377698
0 0.261146 0.381295 0.254777 0.388489 0.254777 0.402878 0.257962 0.406475 0.270701 0.406475 0.273885 0.402878 0.273885 0.384892 0.270701 0.381295
0 0.700637 0.381295 0.697452 0.384892 0.694268 0.384892 0.691083 0.388489 0.691083 0.406475 0.697452 0.413669 0.707006 0.413669 0.710191 0.410072 0.710191 0.406475 0.713376 0.402878 0.713376 0.399281 0.710191 0.395683 0.710191 0.388489 0.703822 0.381295
0 0.165605 0.388489 0.152866 0.388489 0.143312 0.399281 0.143312 0.410072 0.149682 0.417266 0.156051 0.417266 0.165605 0.406475
0 0.474522 0.388489 0.474522 0.392086 0.471338 0.395683 0.471338 0.406475 0.474522 0.410072 0.477707 0.410072 0.480892 0.413669 0.493631 0.413669 0.496815 0.410072 0.500000 0.410072 0.500000 0.399281 0.493631 0.392086 0.490446 0.392086 0.487261 0.388489
0 0.617834 0.392086 0.617834 0.399281 0.614650 0.402878 0.614650 0.406475 0.617834 0.410072 0.617834 0.413669 0.627389 0.413669 0.630573 0.417266 0.636943 0.417266 0.643312 0.410072 0.643312 0.392086 0.640127 0.392086 0.636943 0.388489 0.624204 0.388489 0.621019 0.392086
0 0.200637 0.399281 0.197452 0.399281 0.194268 0.395683 0.191083 0.395683 0.187898 0.399281 0.184713 0.399281 0.181529 0.402878 0.181529 0.420863 0.184713 0.424460 0.197452 0.424460 0.200637 0.420863 0.200637 0.417266 0.203822 0.413669 0.203822 0.406475 0.200637 0.402878
0 0.847134 0.399281 0.847134 0.406475 0.853503 0.413669 0.859873 0.413669 0.863057 0.410072 0.863057 0.399281 0.859873 0.395683 0.853503 0.395683 0.850318 0.399281
0 0.882166 0.399281 0.878981 0.402878 0.878981 0.410072 0.882166 0.413669 0.882166 0.417266 0.888535 0.424460 0.901274 0.424460 0.907643 0.417266 0.907643 0.406475 0.901274 0.399281 0.898089 0.399281 0.894904 0.395683 0.888535 0.395683 0.885350 0.399281
0 0.439490 0.399281 0.436306 0.402878 0.436306 0.413669 0.445860 0.424460 0.452229 0.424460 0.458599 0.417266 0.458599 0.410072 0.455414 0.406475 0.455414 0.402878 0.452229 0.399281
0 0.566879 0.399281 0.563694 0.402878 0.563694 0.413669 0.570064 0.420863 0.570064 0.424460 0.582803 0.424460 0.589172 0.417266 0.589172 0.406475 0.585987 0.402878 0.585987 0.399281
0 0.671975 0.399281 0.665605 0.399281 0.659236 0.406475 0.659236 0.410072 0.656051 0.413669 0.656051 0.420863 0.662420 0.428058 0.668790 0.428058 0.671975 0.424460 0.675159 0.424460 0.681529 0.417266 0.681529 0.410072
0 0.780255 0.399281 0.773885 0.406475 0.773885 0.420863 0.780255 0.428058 0.789809 0.428058 0.792994 0.424460 0.792994 0.420863 0.796178 0.417266 0.796178 0.402878 0.792994 0.399281
0 0.414013 0.406475 0.401274 0.406475 0.398089 0.410072 0.394904 0.410072 0.391720 0.413669 0.391720 0.424460 0.398089 0.431655 0.407643 0.431655 0.410828 0.428058 0.414013 0.428058 0.417197 0.424460 0.417197 0.410072
0 0.754777 0.406475 0.748408 0.406475 0.745223 0.410072 0.742038 0.410072 0.742038 0.413669 0.738854 0.417266 0.738854 0.431655 0.742038 0.435252 0.754777 0.435252 0.757962 0.431655 0.757962 0.424460 0.761146 0.420863 0.761146 0.413669
0 0.003185 0.410072 0.003185 0.413669 0.000000 0.417266 0.000000 0.424460 0.003185 0.428058 0.003185 0.435252 0.015924 0.435252 0.019108 0.431655 0.019108 0.428058 0.022293 0.424460 0.022293 0.417266 0.019108 0.413669 0.019108 0.410072
0 0.041401 0.410072 0.035032 0.417266 0.035032 0.420863 0.031847 0.424460 0.031847 0.431655 0.035032 0.435252 0.035032 0.438849 0.038217 0.438849 0.041401 0.442446 0.047771 0.442446 0.057325 0.435252 0.057325 0.417266 0.050955 0.410072
0 0.828025 0.410072 0.815287 0.410072 0.805732 0.420863 0.805732 0.446043 0.812102 0.446043 0.815287 0.442446 0.815287 0.438849 0.818471 0.435252 0.821656 0.435252 0.831210 0.424460 0.831210 0.413669
0 0.308917 0.420863 0.308917 0.428058 0.318471 0.438849 0.328025 0.438849 0.331210 0.435252 0.334395 0.435252 0.334395 0.431655 0.337580 0.428058 0.337580 0.420863 0.331210 0.413669 0.315287 0.413669
0 0.547771 0.413669 0.541401 0.413669 0.538217 0.417266 0.535032 0.417266 0.531847 0.420863 0.531847 0.435252 0.535032 0.438849 0.538217 0.438849 0.541401 0.442446 0.544586 0.438849 0.550955 0.438849 0.550955 0.435252 0.554140 0.431655 0.554140 0.420863
0 0.108280 0.417266 0.105096 0.420863 0.101911 0.420863 0.098726 0.424460 0.098726 0.438849 0.105096 0.446043 0.114650 0.446043 0.117834 0.442446 0.121019 0.442446 0.124204 0.438849 0.124204 0.428058 0.117834 0.420863 0.114650 0.420863 0.111465 0.417266
0 0.614650 0.417266 0.614650 0.431655 0.621019 0.438849 0.624204 0.438849 0.627389 0.442446 0.630573 0.442446 0.633758 0.438849 0.636943 0.438849 0.640127 0.435252 0.640127 0.424460 0.636943 0.420863 0.630573 0.420863 0.627389 0.417266
0 0.512739 0.420863 0.509554 0.424460 0.509554 0.431655 0.515924 0.438849 0.515924 0.435252 0.519108 0.431655 0.519108 0.428058 0.515924 0.424460 0.515924 0.420863
0 0.694268 0.428058 0.694268 0.431655 0.691083 0.435252 0.691083 0.442446 0.700637 0.453237 0.713376 0.453237 0.722930 0.446043 0.722930 0.435252 0.716561 0.428058 0.713376 0.428058 0.710191 0.424460 0.700637 0.424460 0.697452 0.428058
0 0.277070 0.428058 0.270701 0.435252 0.270701 0.453237 0.277070 0.460432 0.289809 0.460432 0.296178 0.453237 0.296178 0.438849 0.289809 0.428058
0 0.471338 0.438849 0.471338 0.446043 0.477707 0.453237 0.493631 0.453237 0.500000 0.446043 0.500000 0.438849 0.493631 0.431655 0.477707 0.431655
0 0.436306 0.438849 0.429936 0.446043 0.429936 0.460432 0.436306 0.467626 0.452229 0.467626 0.455414 0.464029 0.455414 0.449640 0.452229 0.446043 0.449045 0.446043 0.445860 0.442446 0.442675 0.442446 0.439490 0.438849
0 0.595541 0.442446 0.592357 0.442446 0.589172 0.438849 0.579618 0.438849 0.576433 0.442446 0.570064 0.442446 0.560510 0.453237 0.560510 0.460432 0.566879 0.467626 0.589172 0.467626 0.598726 0.456835 0.598726 0.449640 0.595541 0.446043
0 0.152866 0.442446 0.146497 0.449640 0.146497 0.453237 0.143312 0.456835 0.143312 0.464029 0.149682 0.471223 0.162420 0.471223 0.168790 0.464029 0.168790 0.453237 0.165605 0.449640 0.165605 0.446043 0.162420 0.446043 0.159236 0.442446
0 0.757962 0.453237 0.757962 0.460432 0.764331 0.467626 0.773885 0.467626 0.777070 0.471223 0.780255 0.471223 0.783439 0.467626 0.789809 0.467626 0.792994 0.464029 0.792994 0.449640 0.789809 0.446043 0.783439 0.446043 0.780255 0.442446 0.767516 0.442446
0 0.869427 0.442446 0.866242 0.446043 0.866242 0.456835 0.869427 0.460432 0.872611 0.460432 0.875796 0.464029 0.885350 0.464029 0.885350 0.446043 0.882166 0.442446
0 0.414013 0.446043 0.410828 0.449640 0.410828 0.464029 0.414013 0.464029 0.417197 0.467626 0.420382 0.467626 0.423567 0.464029 0.426752 0.464029 0.426752 0.446043
0 0.659236 0.446043 0.656051 0.449640 0.656051 0.464029 0.665605 0.474820 0.668790 0.471223 0.678344 0.471223 0.681529 0.467626 0.681529 0.453237 0.675159 0.446043
0 0.382166 0.453237 0.375796 0.460432 0.375796 0.474820 0.378981 0.478417 0.394904 0.478417 0.398089 0.474820 0.398089 0.471223 0.401274 0.467626 0.401274 0.456835 0.398089 0.456835 0.394904 0.453237
0 0.496815 0.464029 0.496815 0.474820 0.503185 0.482014 0.515924 0.482014 0.515924 0.471223 0.509554 0.464029
0 0.528662 0.464029 0.528662 0.467626 0.525478 0.471223 0.525478 0.489209 0.531847 0.496403 0.538217 0.496403 0.541401 0.492806 0.544586 0.492806 0.547771 0.489209 0.547771 0.474820 0.538217 0.464029
0 0.713376 0.464029 0.710191 0.467626 0.710191 0.482014 0.722930 0.496403 0.726115 0.496403 0.732484 0.489209 0.732484 0.485612 0.735669 0.482014 0.735669 0.478417 0.732484 0.474820 0.732484 0.467626 0.729299 0.464029
0 0.866242 0.464029 0.856688 0.464029 0.853503 0.467626 0.850318 0.467626 0.847134 0.471223 0.847134 0.492806 0.863057 0.492806 0.869427 0.485612 0.869427 0.467626
0 0.643312 0.467626 0.643312 0.489209 0.646497 0.492806 0.649682 0.492806 0.652866 0.496403 0.662420 0.496403 0.665605 0.492806 0.665605 0.482014 0.662420 0.478417 0.662420 0.474820 0.656051 0.467626
0 0.812102 0.467626 0.808917 0.471223 0.808917 0.474820 0.805732 0.478417 0.805732 0.482014 0.808917 0.485612 0.808917 0.489209 0.812102 0.492806 0.824841 0.492806 0.828025 0.489209 0.828025 0.474820 0.824841 0.471223 0.821656 0.471223 0.818471 0.467626
0 0.015924 0.471223 0.006369 0.471223 0.003185 0.474820 0.003185 0.489209 0.000000 0.492806 0.003185 0.496403 0.003185 0.503597 0.006369 0.503597 0.009554 0.500000 0.012739 0.500000 0.015924 0.496403 0.019108 0.496403 0.019108 0.492806 0.025478 0.485612 0.022293 0.482014 0.022293 0.478417
0 0.630573 0.478417 0.624204 0.471223 0.621019 0.471223 0.617834 0.474820 0.611465 0.474820 0.608280 0.478417 0.605096 0.478417 0.595541 0.489209 0.598726 0.492806 0.598726 0.496403 0.621019 0.496403 0.627389 0.489209 0.627389 0.485612 0.630573 0.482014
0 0.420382 0.482014 0.407643 0.482014 0.404459 0.485612 0.401274 0.485612 0.401274 0.503597 0.404459 0.507194 0.410828 0.507194 0.414013 0.503597 0.417197 0.503597 0.423567 0.496403 0.423567 0.485612
0 0.057325 0.485612 0.054140 0.489209 0.054140 0.503597 0.057325 0.507194 0.057325 0.514388 0.060510 0.517986 0.070064 0.517986 0.076433 0.510791 0.076433 0.507194 0.079618 0.503597 0.079618 0.500000 0.076433 0.496403 0.076433 0.492806 0.070064 0.485612
0 0.232484 0.485612 0.222930 0.485612 0.216561 0.492806 0.216561 0.496403 0.213376 0.500000 0.213376 0.507194 0.210191 0.510791 0.210191 0.517986 0.213376 0.521583 0.213376 0.525180 0.222930 0.525180 0.229299 0.517986 0.229299 0.503597 0.232484 0.500000
0 0.777070 0.492806 0.777070 0.503597 0.780255 0.507194 0.789809 0.507194 0.792994 0.503597 0.796178 0.503597 0.796178 0.489209 0.792994 0.485612 0.783439 0.485612
0 0.124204 0.492806 0.117834 0.500000 0.117834 0.514388 0.124204 0.521583 0.130573 0.521583 0.133758 0.517986 0.136943 0.517986 0.140127 0.514388 0.140127 0.510791 0.143312 0.507194 0.140127 0.503597 0.140127 0.500000 0.133758 0.492806
0 0.356688 0.496403 0.350318 0.503597 0.350318 0.510791 0.359873 0.521583 0.372611 0.521583 0.378981 0.514388 0.378981 0.507194 0.375796 0.503597 0.375796 0.500000 0.372611 0.496403
0 0.757962 0.496403 0.745223 0.496403 0.738854 0.503597 0.738854 0.507194 0.735669 0.510791 0.735669 0.521583 0.738854 0.521583 0.742038 0.525180 0.745223 0.525180 0.748408 0.521583 0.754777 0.521583 0.757962 0.517986 0.757962 0.514388 0.761146 0.510791 0.761146 0.500000
0 0.449045 0.507194 0.449045 0.510791 0.452229 0.514388 0.461783 0.514388 0.464968 0.510791 0.468153 0.510791 0.468153 0.500000 0.455414 0.500000
0 0.684713 0.500000 0.678344 0.510791 0.681529 0.514388 0.681529 0.521583 0.691083 0.528777 0.700637 0.528777 0.707006 0.521583 0.707006 0.514388 0.703822 0.510791 0.703822 0.507194 0.697452 0.500000
0 0.025478 0.503597 0.015924 0.514388 0.015924 0.521583 0.019108 0.525180 0.019108 0.528777 0.022293 0.532374 0.035032 0.532374 0.041401 0.525180 0.041401 0.514388 0.038217 0.510791 0.038217 0.507194 0.035032 0.503597
0 0.095541 0.507194 0.092357 0.507194 0.089172 0.510791 0.085987 0.510791 0.085987 0.514388 0.082803 0.517986 0.082803 0.525180 0.085987 0.528777 0.085987 0.532374 0.089172 0.532374 0.092357 0.535971 0.101911 0.525180 0.101911 0.514388
0 0.251592 0.514388 0.248408 0.517986 0.245223 0.517986 0.242038 0.521583 0.242038 0.539568 0.248408 0.546763 0.257962 0.546763 0.261146 0.543165 0.261146 0.539568 0.264331 0.535971 0.264331 0.521583 0.261146 0.517986 0.257962 0.517986 0.254777 0.514388
0 0.554140 0.517986 0.550955 0.521583 0.544586 0.521583 0.544586 0.525180 0.538217 0.535971 0.538217 0.543165 0.541401 0.546763 0.547771 0.546763 0.550955 0.550360 0.554140 0.550360 0.557325 0.546763 0.560510 0.546763 0.563694 0.543165 0.566879 0.543165 0.566879 0.528777 0.560510 0.521583 0.557325 0.521583
0 0.493631 0.521583 0.490446 0.525180 0.490446 0.528777 0.487261 0.532374 0.487261 0.535971 0.490446 0.539568 0.490446 0.543165 0.493631 0.546763 0.509554 0.546763 0.512739 0.543165 0.512739 0.532374 0.506369 0.525180 0.503185 0.525180 0.500000 0.521583
0 0.458599 0.525180 0.452229 0.532374 0.452229 0.546763 0.455414 0.550360 0.468153 0.550360 0.471338 0.546763 0.471338 0.539568 0.474522 0.535971 0.474522 0.532374 0.471338 0.528777 0.471338 0.525180
0 0.624204 0.525180 0.621019 0.528777 0.621019 0.532374 0.617834 0.535971 0.617834 0.546763 0.624204 0.553957 0.630573 0.553957 0.633758 0.550360 0.636943 0.550360 0.636943 0.546763 0.640127 0.543165 0.640127 0.532374 0.633758 0.525180
0 0.140127 0.528777 0.136943 0.532374 0.136943 0.535971 0.133758 0.539568 0.136943 0.543165 0.136943 0.546763 0.143312 0.553957 0.152866 0.553957 0.159236 0.546763 0.159236 0.532374 0.156051 0.528777
0 0.340764 0.539568 0.340764 0.550360 0.343949 0.553957 0.347134 0.553957 0.350318 0.557554 0.356688 0.557554 0.359873 0.553957 0.363057 0.553957 0.366242 0.550360 0.366242 0.546763 0.369427 0.543165 0.359873 0.532374 0.347134 0.532374
0 0.882166 0.543165 0.875796 0.535971 0.872611 0.535971 0.869427 0.532374 0.866242 0.535971 0.863057 0.535971 0.859873 0.539568 0.859873 0.550360 0.863057 0.553957 0.875796 0.553957 0.882166 0.546763
0 0.006369 0.535971 0.003185 0.539568 0.003185 0.561151 0.006369 0.564748 0.009554 0.561151 0.015924 0.561151 0.022293 0.553957 0.022293 0.546763 0.015924 0.539568 0.009554 0.539568
0 0.105096 0.539568 0.101911 0.539568 0.098726 0.535971 0.095541 0.535971 0.092357 0.539568 0.089172 0.539568 0.082803 0.546763 0.082803 0.550360 0.085987 0.553957 0.085987 0.561151 0.089172 0.564748 0.098726 0.564748 0.108280 0.553957 0.108280 0.543165
0 0.770701 0.539568 0.770701 0.546763 0.773885 0.550360 0.773885 0.553957 0.777070 0.553957 0.780255 0.557554 0.786624 0.557554 0.792994 0.550360 0.792994 0.543165 0.786624 0.535971 0.777070 0.535971 0.773885 0.539568
