0 0.396825 0.050360 0.387302 0.050360 0.371429 0.068345 0.371429 0.071942 0.377778 0.082734 0.387302 0.082734 0.387302 0.079137 0.390476 0.075540 0.393651 0.075540 0.403175 0.064748 0.403175 0.057554
0 0.800000 0.082734 0.790476 0.086331 0.790476 0.089928 0.784127 0.097122 0.784127 0.107914 0.777778 0.122302 0.777778 0.133094 0.780952 0.140288 0.790476 0.147482 0.800000 0.147482 0.800000 0.133094 0.806349 0.118705 0.812698 0.115108 0.815873 0.107914 0.815873 0.097122
0 0.403175 0.100719 0.415873 0.100719 0.419048 0.097122 0.422222 0.097122 0.425397 0.093525 0.425397 0.089928 0.403175 0.089928
0 0.266667 0.208633 0.263492 0.208633 0.260317 0.212230 0.260317 0.215827 0.257143 0.219424 0.253968 0.219424 0.247619 0.226619 0.247619 0.241007 0.257143 0.251799 0.269841 0.251799 0.276190 0.241007 0.276190 0.226619 0.273016 0.223022 0.273016 0.215827
0 0.314286 0.276978 0.314286 0.284173 0.311111 0.287770 0.317460 0.294964 0.323810 0.294964 0.323810 0.291367 0.326984 0.287770 0.323810 0.284173 0.323810 0.276978
0 0.571429 0.352518 0.580952 0.366906 0.584127 0.366906 0.587302 0.370504 0.603175 0.370504 0.612698 0.359712 0.615873 0.359712 0.619048 0.356115 0.622222 0.345324 0.603175 0.345324 0.600000 0.341727 0.587302 0.341727 0.584127 0.338129 0.577778 0.338129 0.574603 0.341727
0 0.812698 0.381295 0.812698 0.388489 0.815873 0.388489 0.819048 0.392086 0.828571 0.392086 0.831746 0.388489 0.831746 0.381295 0.828571 0.377698 0.815873 0.377698
0 0.511111 0.496403 0.511111 0.503597 0.517460 0.510791 0.517460 0.514388 0.520635 0.517986 0.536508 0.517986 0.539683 0.514388 0.539683 0.507194 0.536508 0.503597 0.536508 0.500000 0.530159 0.492806 0.514286 0.492806
0 0.958730 0.521583 0.946032 0.525180 0.923810 0.543165 0.898413 0.550360 0.892063 0.557554 0.892063 0.571942 0.898413 0.575540 0.926984 0.571942 0.930159 0.568345 0.930159 0.561151 0.955556 0.532374
0 0.403175 0.622302 0.403175 0.633094 0.412698 0.636691 0.425397 0.647482 0.434921 0.647482 0.438095 0.651079 0.453968 0.647482 0.469841 0.633094 0.469841 0.622302 0.463492 0.611511 0.428571 0.611511 0.425397 0.615108 0.415873 0.615108
0 0.193651 0.636691 0.187302 0.643885 0.187302 0.651079 0.184127 0.658273 0.196825 0.676259 0.203175 0.679856 0.219048 0.679856 0.234921 0.669065 0.234921 0.654676 0.225397 0.640288 0.219048 0.636691 0.212698 0.636691 0.209524 0.633094 0.203175 0.636691
0 0.104762 0.679856 0.107937 0.697842 0.152381 0.741007 0.171429 0.744604 0.184127 0.730216 0.184127 0.715827 0.177778 0.701439 0.158730 0.690647 0.142857 0.687050 0.120635 0.672662 0.114286 0.672662
0 0.276190 0.690647 0.276190 0.697842 0.288889 0.708633 0.317460 0.708633 0.320635 0.705036 0.323810 0.705036 0.333333 0.694245 0.333333 0.690647 0.326984 0.683453 0.320635 0.683453 0.317460 0.679856 0.292063 0.679856
0 0.771429 0.687050 0.768254 0.683453 0.752381 0.679856 0.749206 0.683453 0.733333 0.683453 0.730159 0.687050 0.711111 0.690647 0.698413 0.705036 0.698413 0.715827 0.701587 0.723022 0.723810 0.723022 0.771429 0.694245
0 0.282540 0.726619 0.282540 0.733813 0.288889 0.741007 0.311111 0.751799 0.333333 0.769784 0.346032 0.766187 0.358730 0.769784 0.377778 0.758993 0.377778 0.751799 0.365079 0.737410 0.333333 0.723022 0.301587 0.719424
0 0.377778 0.726619 0.380952 0.733813 0.393651 0.741007 0.412698 0.762590 0.431746 0.773381 0.434921 0.766187 0.434921 0.755396 0.431746 0.751799 0.428571 0.737410 0.422222 0.730216 0.409524 0.723022 0.400000 0.723022 0.396825 0.719424 0.384127 0.719424
0 0.733333 0.741007 0.730159 0.737410 0.717460 0.737410 0.707937 0.744604 0.698413 0.744604 0.695238 0.751799 0.682540 0.766187 0.676190 0.784173 0.679365 0.784173 0.682540 0.776978 0.692063 0.773381 0.698413 0.766187 0.714286 0.758993
0 0.273016 0.758993 0.263492 0.758993 0.250794 0.766187 0.238095 0.780576 0.234921 0.787770 0.241270 0.802158 0.247619 0.809353 0.260317 0.816547 0.266667 0.812950 0.269841 0.805755 0.269841 0.794964 0.273016 0.791367 0.273016 0.784173 0.279365 0.773381 0.279365 0.766187
0 0.326984 0.784173 0.326984 0.791367 0.333333 0.802158 0.349206 0.802158 0.352381 0.798561 0.368254 0.798561 0.380952 0.787770 0.380952 0.780576 0.377778 0.776978 0.371429 0.776978 0.368254 0.773381 0.349206 0.773381 0.342857 0.780576
0 0.295238 0.787770 0.288889 0.794964 0.282540 0.809353 0.282540 0.834532 0.292063 0.845324 0.298413 0.848921 0.304762 0.848921 0.314286 0.841727 0.314286 0.816547 0.301587 0.787770
0 0.390476 0.812950 0.387302 0.805755 0.380952 0.805755 0.377778 0.802158 0.374603 0.805755 0.358730 0.805755 0.355556 0.809353 0.349206 0.809353 0.342857 0.812950 0.333333 0.823741 0.333333 0.834532 0.336508 0.838129 0.349206 0.838129 0.352381 0.834532 0.374603 0.830935 0.380952 0.827338
