0 0.136508 0.003597 0.139683 0.007194 0.146032 0.007194 0.158730 0.021583 0.158730 0.025180 0.161905 0.025180 0.165079 0.028777 0.174603 0.028777 0.190476 0.007194 0.190476 0.003597 0.187302 0.000000 0.158730 0.000000 0.155556 0.003597
0 0.298413 0.003597 0.292063 0.003597 0.288889 0.000000 0.260317 0.000000 0.257143 0.003597 0.257143 0.014388 0.260317 0.017986 0.260317 0.039568 0.263492 0.043165 0.273016 0.043165 0.276190 0.039568 0.279365 0.039568 0.285714 0.032374 0.285714 0.028777 0.295238 0.014388
0 0.520635 0.003597 0.511111 0.003597 0.507937 0.000000 0.504762 0.000000 0.501587 0.003597 0.485714 0.003597 0.482540 0.007194 0.482540 0.014388 0.492063 0.025180 0.501587 0.028777 0.504762 0.025180 0.511111 0.025180 0.517460 0.017986 0.517460 0.014388 0.520635 0.010791
0 0.653968 0.003597 0.650794 0.000000 0.641270 0.000000 0.638095 0.003597 0.622222 0.003597 0.619048 0.007194 0.619048 0.014388 0.622222 0.017986 0.622222 0.021583 0.625397 0.021583 0.634921 0.028777 0.638095 0.025180 0.641270 0.025180 0.650794 0.014388 0.650794 0.010791 0.653968 0.007194
0 0.333333 0.007194 0.330159 0.010791 0.330159 0.014388 0.333333 0.017986 0.333333 0.035971 0.336508 0.039568 0.336508 0.043165 0.339683 0.046763 0.355556 0.046763 0.361905 0.039568 0.361905 0.035971 0.365079 0.032374 0.365079 0.025180 0.352381 0.007194 0.349206 0.007194 0.346032 0.003597 0.339683 0.003597 0.336508 0.007194
0 0.101587 0.007194 0.098413 0.010791 0.098413 0.032374 0.101587 0.035971 0.101587 0.039568 0.117460 0.039568 0.120635 0.043165 0.126984 0.043165 0.126984 0.035971 0.123810 0.032374 0.123810 0.021583 0.120635 0.017986 0.123810 0.014388 0.123810 0.010791 0.120635 0.007194
0 0.295238 0.017986 0.292063 0.021583 0.292063 0.025180 0.288889 0.028777 0.285714 0.039568 0.292063 0.046763 0.292063 0.053957 0.298413 0.053957 0.301587 0.057554 0.304762 0.057554 0.314286 0.050360 0.314286 0.032374 0.307937 0.021583 0.304762 0.021583 0.301587 0.017986
0 0.682540 0.035971 0.676190 0.028777 0.669841 0.028777 0.666667 0.032374 0.660317 0.032374 0.657143 0.035971 0.653968 0.035971 0.647619 0.043165 0.647619 0.050360 0.650794 0.050360 0.653968 0.053957 0.660317 0.053957 0.663492 0.057554 0.669841 0.057554 0.679365 0.050360 0.679365 0.043165 0.682540 0.039568
0 0.088889 0.050360 0.088889 0.057554 0.085714 0.061151 0.085714 0.075540 0.098413 0.093525 0.104762 0.097122 0.114286 0.097122 0.117460 0.093525 0.130159 0.089928 0.139683 0.079137 0.139683 0.068345 0.133333 0.053957 0.126984 0.046763 0.120635 0.046763 0.117460 0.043165 0.098413 0.043165
0 0.546032 0.057554 0.523810 0.057554 0.523810 0.061151 0.517460 0.068345 0.517460 0.071942 0.514286 0.075540 0.514286 0.082734 0.511111 0.086331 0.514286 0.086331 0.533333 0.107914 0.536508 0.104317 0.546032 0.100719 0.546032 0.097122 0.552381 0.086331 0.552381 0.071942 0.549206 0.068345
0 0.768254 0.068345 0.765079 0.075540 0.774603 0.089928 0.790476 0.093525 0.800000 0.100719 0.812698 0.100719 0.815873 0.097122 0.812698 0.089928 0.812698 0.082734 0.793651 0.061151 0.787302 0.057554 0.777778 0.057554
0 0.247619 0.061151 0.238095 0.071942 0.238095 0.093525 0.244444 0.100719 0.244444 0.104317 0.247619 0.107914 0.260317 0.107914 0.269841 0.097122 0.269841 0.089928 0.273016 0.086331 0.273016 0.082734 0.269841 0.079137 0.266667 0.068345 0.263492 0.068345 0.260317 0.064748 0.250794 0.064748
0 0.641270 0.061151 0.631746 0.071942 0.631746 0.089928 0.634921 0.093525 0.634921 0.097122 0.644444 0.107914 0.647619 0.107914 0.650794 0.111511 0.660317 0.111511 0.663492 0.107914 0.666667 0.107914 0.669841 0.104317 0.669841 0.093525 0.673016 0.089928 0.669841 0.086331 0.669841 0.079137 0.660317 0.068345 0.657143 0.068345 0.647619 0.061151
0 0.215873 0.068345 0.212698 0.071942 0.212698 0.079137 0.209524 0.082734 0.209524 0.089928 0.212698 0.093525 0.228571 0.093525 0.228571 0.089928 0.231746 0.086331 0.234921 0.086331 0.234921 0.071942 0.231746 0.068345
0 0.466667 0.082734 0.460317 0.079137 0.447619 0.079137 0.444444 0.075540 0.441270 0.079137 0.428571 0.082734 0.428571 0.086331 0.422222 0.093525 0.422222 0.104317 0.419048 0.107914 0.422222 0.122302 0.431746 0.129496 0.457143 0.125899 0.457143 0.122302 0.469841 0.104317 0.469841 0.089928
0 0.739683 0.089928 0.733333 0.100719 0.733333 0.122302 0.736508 0.129496 0.742857 0.136691 0.755556 0.143885 0.774603 0.143885 0.777778 0.140288 0.777778 0.122302 0.761905 0.089928 0.755556 0.086331 0.746032 0.086331
0 0.507937 0.089928 0.507937 0.093525 0.504762 0.097122 0.504762 0.118705 0.514286 0.129496 0.520635 0.129496 0.530159 0.122302 0.533333 0.111511 0.514286 0.089928
0 0.603175 0.100719 0.593651 0.111511 0.593651 0.129496 0.603175 0.143885 0.625397 0.147482 0.625397 0.143885 0.631746 0.136691 0.631746 0.115108 0.628571 0.111511 0.628571 0.104317 0.622222 0.097122 0.612698 0.097122 0.609524 0.100719
0 0.200000 0.100719 0.177778 0.100719 0.168254 0.111511 0.171429 0.115108 0.171429 0.136691 0.174603 0.136691 0.180952 0.143885 0.187302 0.143885 0.190476 0.140288 0.193651 0.140288 0.200000 0.133094 0.200000 0.125899 0.203175 0.122302 0.203175 0.104317
0 0.168254 0.115108 0.155556 0.104317 0.146032 0.104317 0.142857 0.107914 0.133333 0.107914 0.130159 0.111511 0.117460 0.111511 0.114286 0.115108 0.114286 0.129496 0.117460 0.136691 0.120635 0.136691 0.126984 0.143885 0.133333 0.143885 0.136508 0.147482 0.152381 0.147482 0.155556 0.143885 0.161905 0.143885 0.168254 0.136691
0 0.330159 0.111511 0.326984 0.111511 0.311111 0.133094 0.311111 0.161871 0.320635 0.183453 0.323810 0.183453 0.323810 0.179856 0.333333 0.169065 0.349206 0.136691 0.346032 0.122302 0.339683 0.115108 0.333333 0.115108
0 0.882540 0.122302 0.882540 0.129496 0.904762 0.154676 0.926984 0.154676 0.936508 0.133094 0.936508 0.125899 0.930159 0.118705 0.923810 0.115108 0.917460 0.115108 0.914286 0.111511 0.892063 0.111511
0 0.685714 0.115108 0.682540 0.115108 0.673016 0.125899 0.669841 0.136691 0.660317 0.147482 0.657143 0.158273 0.650794 0.165468 0.653968 0.169065 0.650794 0.172662 0.663492 0.183453 0.676190 0.169065 0.679365 0.169065 0.701587 0.140288 0.695238 0.122302
0 0.463492 0.125899 0.457143 0.136691 0.457143 0.158273 0.460317 0.165468 0.463492 0.165468 0.469841 0.172662 0.495238 0.172662 0.507937 0.154676 0.504762 0.143885 0.488889 0.125899 0.479365 0.125899 0.476190 0.122302 0.473016 0.125899
0 0.876190 0.136691 0.869841 0.129496 0.847619 0.129496 0.844444 0.133094 0.822222 0.136691 0.815873 0.143885 0.815873 0.151079 0.822222 0.165468 0.828571 0.169065 0.841270 0.169065 0.860317 0.158273 0.873016 0.158273 0.876190 0.151079
0 0.939683 0.129496 0.939683 0.133094 0.936508 0.136691 0.936508 0.143885 0.933333 0.147482 0.930159 0.158273 0.933333 0.161871 0.933333 0.169065 0.949206 0.169065 0.952381 0.165468 0.961905 0.161871 0.965079 0.158273 0.965079 0.151079 0.958730 0.143885 0.958730 0.140288 0.955556 0.136691 0.952381 0.136691 0.949206 0.133094
0 0.285714 0.133094 0.282540 0.136691 0.279365 0.133094 0.276190 0.136691 0.269841 0.136691 0.257143 0.147482 0.257143 0.161871 0.260317 0.165468 0.263492 0.176259 0.266667 0.176259 0.269841 0.179856 0.279365 0.179856 0.292063 0.165468 0.292063 0.161871 0.295238 0.158273 0.295238 0.140288
0 0.704762 0.140288 0.698413 0.147482 0.698413 0.151079 0.682540 0.169065 0.682540 0.197842 0.688889 0.205036 0.692063 0.205036 0.707937 0.187050 0.711111 0.179856 0.711111 0.172662 0.714286 0.169065 0.711111 0.165468 0.711111 0.154676 0.704762 0.147482
0 0.622222 0.151079 0.615873 0.151079 0.612698 0.147482 0.603175 0.147482 0.600000 0.143885 0.596825 0.147482 0.593651 0.147482 0.590476 0.151079 0.590476 0.158273 0.587302 0.161871 0.587302 0.172662 0.590476 0.176259 0.603175 0.176259 0.606349 0.172662 0.615873 0.169065 0.622222 0.161871
0 0.393651 0.147482 0.387302 0.147482 0.377778 0.158273 0.371429 0.176259 0.358730 0.190647 0.352381 0.219424 0.361905 0.233813 0.371429 0.223022 0.377778 0.208633 0.377778 0.197842 0.393651 0.161871
0 0.447619 0.154676 0.441270 0.151079 0.431746 0.151079 0.419048 0.158273 0.412698 0.165468 0.406349 0.179856 0.406349 0.190647 0.412698 0.201439 0.419048 0.205036 0.431746 0.205036 0.444444 0.194245 0.447619 0.194245 0.453968 0.179856 0.453968 0.165468
0 0.558730 0.151079 0.542857 0.151079 0.526984 0.161871 0.523810 0.169065 0.523810 0.179856 0.520635 0.183453 0.520635 0.190647 0.523810 0.194245 0.523810 0.205036 0.526984 0.208633 0.536508 0.208633 0.552381 0.194245 0.558730 0.179856
0 0.117460 0.179856 0.120635 0.183453 0.120635 0.190647 0.130159 0.201439 0.165079 0.201439 0.165079 0.197842 0.174603 0.187050 0.174603 0.176259 0.168254 0.169065 0.161905 0.169065 0.158730 0.165468 0.126984 0.165468
0 0.647619 0.172662 0.644444 0.172662 0.638095 0.179856 0.638095 0.183453 0.628571 0.197842 0.628571 0.215827 0.638095 0.230216 0.647619 0.230216 0.650794 0.226619 0.653968 0.226619 0.653968 0.223022 0.657143 0.219424 0.657143 0.205036 0.653968 0.201439 0.653968 0.190647 0.647619 0.179856
0 0.822222 0.194245 0.819048 0.197842 0.819048 0.201439 0.822222 0.205036 0.822222 0.208633 0.825397 0.212230 0.825397 0.215827 0.828571 0.219424 0.828571 0.226619 0.834921 0.226619 0.831746 0.223022 0.834921 0.219424 0.831746 0.215827 0.831746 0.212230 0.834921 0.208633 0.834921 0.197842 0.831746 0.194245
0 0.574603 0.205036 0.574603 0.208633 0.571429 0.212230 0.574603 0.215827 0.574603 0.223022 0.580952 0.230216 0.584127 0.230216 0.590476 0.237410 0.596825 0.237410 0.600000 0.241007 0.603175 0.237410 0.609524 0.237410 0.609524 0.233813 0.612698 0.230216 0.612698 0.223022 0.606349 0.212230 0.603175 0.212230 0.596825 0.205036 0.590476 0.205036 0.587302 0.201439 0.577778 0.201439
0 0.123810 0.212230 0.123810 0.219424 0.126984 0.219424 0.133333 0.226619 0.136508 0.226619 0.139683 0.230216 0.149206 0.230216 0.152381 0.233813 0.155556 0.233813 0.168254 0.219424 0.168254 0.212230 0.165079 0.208633 0.165079 0.205036 0.130159 0.205036
0 0.911111 0.208633 0.904762 0.208633 0.895238 0.215827 0.895238 0.223022 0.898413 0.226619 0.895238 0.230216 0.898413 0.233813 0.901587 0.233813 0.907937 0.241007 0.907937 0.244604 0.917460 0.237410 0.923810 0.237410 0.923810 0.233813 0.926984 0.230216 0.926984 0.219424 0.920635 0.212230 0.914286 0.212230
0 0.260317 0.219424 0.260317 0.230216 0.263492 0.230216 0.269841 0.237410 0.282540 0.237410 0.285714 0.233813 0.288889 0.233813 0.288889 0.219424 0.282540 0.212230 0.266667 0.212230
0 0.939683 0.219424 0.939683 0.230216 0.942857 0.233813 0.942857 0.237410 0.949206 0.244604 0.952381 0.244604 0.955556 0.248201 0.980952 0.248201 0.980952 0.237410 0.965079 0.219424 0.958730 0.219424 0.955556 0.215827 0.942857 0.215827
0 0.193651 0.230216 0.187302 0.223022 0.171429 0.219424 0.155556 0.237410 0.152381 0.237410 0.152381 0.248201 0.149206 0.251799 0.158730 0.262590 0.180952 0.262590 0.193651 0.251799 0.193651 0.244604 0.196825 0.241007
0 0.768254 0.251799 0.771429 0.262590 0.777778 0.266187 0.803175 0.266187 0.806349 0.269784 0.819048 0.269784 0.822222 0.266187 0.822222 0.244604 0.819048 0.237410 0.806349 0.223022 0.787302 0.223022 0.774603 0.237410
0 0.095238 0.230216 0.088889 0.237410 0.088889 0.248201 0.095238 0.255396 0.098413 0.266187 0.107937 0.276978 0.111111 0.276978 0.117460 0.269784 0.117460 0.266187 0.123810 0.258993 0.123810 0.255396 0.111111 0.230216
0 0.555556 0.233813 0.549206 0.237410 0.542857 0.237410 0.530159 0.251799 0.526984 0.258993 0.526984 0.276978 0.536508 0.287770 0.552381 0.287770 0.558730 0.280576 0.558730 0.276978 0.568254 0.262590 0.565079 0.255396 0.565079 0.244604
0 0.930159 0.241007 0.917460 0.241007 0.911111 0.244604 0.901587 0.255396 0.898413 0.262590 0.898413 0.287770 0.901587 0.291367 0.914286 0.291367 0.926984 0.280576 0.926984 0.276978 0.933333 0.269784 0.939683 0.255396 0.939683 0.248201
0 0.568254 0.266187 0.571429 0.284173 0.577778 0.291367 0.590476 0.291367 0.593651 0.287770 0.600000 0.287770 0.619048 0.273381 0.619048 0.258993 0.603175 0.248201 0.584127 0.248201 0.577778 0.255396 0.574603 0.255396
0 0.844444 0.248201 0.838095 0.255396 0.838095 0.276978 0.850794 0.291367 0.863492 0.291367 0.866667 0.287770 0.869841 0.287770 0.876190 0.280576 0.876190 0.273381 0.879365 0.269784 0.876190 0.266187 0.876190 0.262590 0.869841 0.255396 0.866667 0.255396 0.857143 0.248201
0 0.482540 0.251799 0.476190 0.251799 0.473016 0.255396 0.460317 0.255396 0.460317 0.262590 0.457143 0.266187 0.457143 0.280576 0.453968 0.284173 0.457143 0.287770 0.457143 0.294964 0.466667 0.305755 0.476190 0.305755 0.485714 0.294964 0.492063 0.280576 0.492063 0.262590
0 0.133333 0.258993 0.126984 0.258993 0.111111 0.280576 0.111111 0.298561 0.120635 0.312950 0.126984 0.312950 0.136508 0.302158 0.136508 0.298561 0.146032 0.284173 0.146032 0.269784
0 0.301587 0.276978 0.298413 0.273381 0.279365 0.273381 0.276190 0.276978 0.269841 0.276978 0.253968 0.298561 0.250794 0.305755 0.250794 0.316547 0.269841 0.316547 0.273016 0.312950 0.288889 0.309353 0.301587 0.291367
0 0.733333 0.280576 0.720635 0.280576 0.714286 0.284173 0.701587 0.298561 0.695238 0.312950 0.698413 0.320144 0.698413 0.327338 0.707937 0.334532 0.720635 0.334532 0.736508 0.320144 0.739683 0.312950 0.739683 0.287770
0 0.520635 0.305755 0.501587 0.305755 0.495238 0.312950 0.495238 0.316547 0.492063 0.320144 0.492063 0.330935 0.495238 0.334532 0.495238 0.338129 0.498413 0.338129 0.501587 0.341727 0.507937 0.341727 0.511111 0.338129 0.514286 0.338129 0.523810 0.327338 0.523810 0.323741 0.526984 0.320144 0.526984 0.312950
0 0.860317 0.309353 0.853968 0.316547 0.853968 0.320144 0.850794 0.323741 0.850794 0.327338 0.860317 0.338129 0.866667 0.338129 0.869841 0.341727 0.876190 0.341727 0.879365 0.338129 0.882540 0.338129 0.892063 0.327338 0.892063 0.312950 0.888889 0.312950 0.882540 0.305755 0.869841 0.305755 0.866667 0.309353
0 0.161905 0.312950 0.158730 0.316547 0.155556 0.316547 0.146032 0.327338 0.146032 0.345324 0.149206 0.348921 0.149206 0.356115 0.152381 0.356115 0.165079 0.366906 0.171429 0.366906 0.171429 0.363309 0.180952 0.348921 0.180952 0.338129 0.184127 0.334532 0.184127 0.330935 0.174603 0.316547 0.168254 0.316547 0.165079 0.312950
0 0.612698 0.320144 0.606349 0.312950 0.584127 0.312950 0.574603 0.320144 0.568254 0.338129 0.574603 0.348921 0.593651 0.348921 0.596825 0.345324 0.600000 0.345324 0.609524 0.334532 0.609524 0.330935 0.612698 0.327338
0 0.393651 0.316547 0.384127 0.327338 0.380952 0.327338 0.380952 0.330935 0.377778 0.334532 0.377778 0.341727 0.380952 0.345324 0.380952 0.348921 0.390476 0.359712 0.403175 0.359712 0.409524 0.352518 0.409524 0.320144 0.406349 0.320144 0.403175 0.316547
0 0.549206 0.330935 0.542857 0.338129 0.542857 0.341727 0.539683 0.345324 0.539683 0.356115 0.546032 0.366906 0.546032 0.374101 0.549206 0.374101 0.552381 0.377698 0.558730 0.377698 0.565079 0.370504 0.568254 0.370504 0.565079 0.366906 0.571429 0.356115 0.571429 0.348921 0.568254 0.345324 0.565079 0.334532 0.561905 0.334532 0.558730 0.330935
0 0.533333 0.334532 0.530159 0.334532 0.526984 0.338129 0.523810 0.338129 0.514286 0.345324 0.514286 0.356115 0.517460 0.359712 0.517460 0.363309 0.523810 0.370504 0.526984 0.370504 0.533333 0.363309 0.533333 0.359712 0.536508 0.356115 0.536508 0.345324 0.539683 0.341727 0.539683 0.338129 0.536508 0.338129
0 0.676190 0.341727 0.663492 0.341727 0.647619 0.352518 0.631746 0.374101 0.625397 0.392086 0.631746 0.399281 0.638095 0.399281 0.641270 0.402878 0.653968 0.402878 0.660317 0.399281 0.669841 0.388489 0.682540 0.356115
0 0.876190 0.348921 0.866667 0.356115 0.866667 0.363309 0.863492 0.366906 0.863492 0.377698 0.869841 0.392086 0.876190 0.395683 0.885714 0.406475 0.888889 0.406475 0.898413 0.392086 0.901587 0.374101 0.895238 0.359712
0 0.450794 0.363309 0.438095 0.374101 0.434921 0.381295 0.434921 0.395683 0.447619 0.413669 0.447619 0.417266 0.463492 0.417266 0.479365 0.402878 0.482540 0.395683 0.482540 0.377698 0.466667 0.363309
0 0.587302 0.370504 0.571429 0.370504 0.555556 0.381295 0.555556 0.388489 0.549206 0.395683 0.549206 0.402878 0.546032 0.406475 0.546032 0.420863 0.549206 0.428058 0.555556 0.431655 0.565079 0.431655 0.571429 0.428058 0.590476 0.406475 0.590476 0.399281 0.593651 0.395683 0.593651 0.377698
0 0.755556 0.370504 0.749206 0.370504 0.746032 0.374101 0.739683 0.374101 0.736508 0.377698 0.736508 0.381295 0.730159 0.392086 0.730159 0.406475 0.736508 0.413669 0.749206 0.413669 0.758730 0.402878 0.758730 0.399281 0.761905 0.395683 0.761905 0.381295
0 0.844444 0.370504 0.838095 0.377698 0.838095 0.399281 0.841270 0.402878 0.841270 0.410072 0.847619 0.417266 0.857143 0.420863 0.860317 0.417266 0.863492 0.417266 0.869841 0.395683 0.857143 0.370504
0 0.822222 0.399281 0.809524 0.384892 0.800000 0.384892 0.796825 0.381295 0.790476 0.381295 0.787302 0.384892 0.774603 0.384892 0.768254 0.388489 0.761905 0.399281 0.765079 0.402878 0.765079 0.417266 0.774603 0.428058 0.793651 0.428058 0.796825 0.424460 0.809524 0.420863 0.822222 0.406475
0 0.326984 0.399281 0.323810 0.406475 0.323810 0.420863 0.333333 0.431655 0.339683 0.431655 0.346032 0.438849 0.368254 0.431655 0.371429 0.424460 0.371429 0.410072 0.365079 0.402878 0.361905 0.402878 0.355556 0.395683 0.342857 0.388489 0.339683 0.392086 0.333333 0.392086
0 0.406349 0.392086 0.400000 0.395683 0.390476 0.410072 0.387302 0.449640 0.400000 0.464029 0.406349 0.460432 0.425397 0.464029 0.444444 0.446043 0.447619 0.438849 0.447619 0.420863 0.434921 0.402878 0.431746 0.392086
0 0.514286 0.395683 0.504762 0.395683 0.488889 0.406475 0.479365 0.428058 0.479365 0.442446 0.492063 0.460432 0.492063 0.464029 0.498413 0.460432 0.511111 0.460432 0.511111 0.456835 0.517460 0.449640 0.517460 0.442446 0.523810 0.428058 0.523810 0.413669 0.520635 0.410072 0.520635 0.402878
0 0.660317 0.428058 0.653968 0.428058 0.650794 0.431655 0.647619 0.431655 0.638095 0.442446 0.638095 0.456835 0.641270 0.460432 0.641270 0.467626 0.638095 0.471223 0.641270 0.471223 0.650794 0.478417 0.650794 0.474820 0.673016 0.449640 0.673016 0.442446 0.669841 0.438849 0.669841 0.435252
0 0.139683 0.431655 0.136508 0.435252 0.136508 0.446043 0.133333 0.449640 0.133333 0.456835 0.136508 0.460432 0.136508 0.464029 0.146032 0.474820 0.146032 0.478417 0.152381 0.489209 0.155556 0.485612 0.155556 0.446043 0.142857 0.431655
0 0.780952 0.453237 0.787302 0.460432 0.784127 0.467626 0.790476 0.467626 0.793651 0.471223 0.800000 0.467626 0.809524 0.467626 0.812698 0.464029 0.822222 0.464029 0.825397 0.460432 0.831746 0.460432 0.834921 0.453237 0.831746 0.446043 0.822222 0.438849 0.793651 0.438849 0.787302 0.442446
0 0.330159 0.453237 0.330159 0.456835 0.333333 0.460432 0.333333 0.464029 0.339683 0.464029 0.349206 0.471223 0.358730 0.471223 0.361905 0.467626 0.361905 0.456835 0.358730 0.453237 0.358730 0.449640 0.352381 0.442446 0.339683 0.442446
0 0.993651 0.446043 0.990476 0.442446 0.977778 0.442446 0.974603 0.446043 0.971429 0.446043 0.965079 0.453237 0.965079 0.464029 0.968254 0.467626 0.984127 0.467626 0.987302 0.464029 0.990476 0.464029 0.993651 0.460432
0 0.676190 0.453237 0.673016 0.453237 0.653968 0.474820 0.653968 0.485612 0.657143 0.489209 0.657143 0.492806 0.666667 0.500000 0.673016 0.492806 0.676190 0.492806 0.682540 0.485612 0.685714 0.485612 0.688889 0.482014 0.688889 0.478417 0.685714 0.474820 0.685714 0.464029
0 0.234921 0.456835 0.225397 0.456835 0.219048 0.464029 0.219048 0.471223 0.212698 0.482014 0.212698 0.489209 0.206349 0.503597 0.206349 0.514388 0.203175 0.517986 0.209524 0.535971 0.222222 0.535971 0.231746 0.525180 0.238095 0.510791 0.238095 0.500000 0.241270 0.496403 0.241270 0.464029
0 0.425397 0.467626 0.419048 0.467626 0.415873 0.464029 0.406349 0.464029 0.403175 0.467626 0.393651 0.471223 0.387302 0.478417 0.387302 0.489209 0.390476 0.489209 0.393651 0.492806 0.403175 0.492806 0.406349 0.489209 0.412698 0.489209 0.422222 0.482014 0.422222 0.478417 0.425397 0.474820
0 0.933333 0.467626 0.926984 0.467626 0.914286 0.482014 0.914286 0.485612 0.907937 0.492806 0.907937 0.503597 0.911111 0.507194 0.917460 0.507194 0.920635 0.503597 0.923810 0.503597 0.933333 0.492806 0.933333 0.489209 0.936508 0.485612 0.936508 0.471223
0 0.634921 0.471223 0.625397 0.478417 0.622222 0.496403 0.625397 0.500000 0.628571 0.517986 0.634921 0.525180 0.641270 0.528777 0.647619 0.528777 0.657143 0.521583 0.660317 0.514388 0.660317 0.500000 0.653968 0.492806 0.650794 0.482014
0 0.790476 0.471223 0.774603 0.471223 0.761905 0.485612 0.761905 0.510791 0.765079 0.517986 0.771429 0.521583 0.780952 0.521583 0.796825 0.510791 0.800000 0.503597 0.800000 0.482014 0.796825 0.474820
0 0.980952 0.485612 0.977778 0.482014 0.965079 0.482014 0.961905 0.485612 0.952381 0.489209 0.942857 0.500000 0.942857 0.507194 0.946032 0.510791 0.952381 0.510791 0.955556 0.514388 0.965079 0.514388 0.980952 0.496403
0 0.688889 0.485612 0.669841 0.500000 0.669841 0.510791 0.666667 0.514388 0.666667 0.539568 0.676190 0.546763 0.685714 0.546763 0.692063 0.543165 0.698413 0.535971 0.701587 0.521583 0.704762 0.517986 0.701587 0.514388 0.704762 0.510791 0.698413 0.496403
0 0.819048 0.500000 0.819048 0.507194 0.822222 0.510791 0.825397 0.510791 0.828571 0.514388 0.844444 0.514388 0.847619 0.510791 0.847619 0.507194 0.844444 0.503597 0.834921 0.503597 0.828571 0.496403 0.822222 0.496403
0 0.368254 0.503597 0.355556 0.525180 0.355556 0.535971 0.358730 0.539568 0.358730 0.543165 0.361905 0.543165 0.365079 0.546763 0.377778 0.546763 0.384127 0.539568 0.387302 0.539568 0.387302 0.535971 0.390476 0.532374 0.390476 0.510791 0.380952 0.503597
0 0.574603 0.510791 0.568254 0.514388 0.555556 0.532374 0.555556 0.553957 0.574603 0.571942 0.593651 0.571942 0.603175 0.557554 0.603175 0.525180 0.600000 0.517986 0.590476 0.510791
0 0.730159 0.510791 0.726984 0.514388 0.723810 0.514388 0.714286 0.525180 0.714286 0.539568 0.711111 0.543165 0.726984 0.561151 0.730159 0.557554 0.736508 0.557554 0.746032 0.546763 0.746032 0.539568 0.749206 0.535971 0.749206 0.528777 0.746032 0.525180 0.746032 0.521583 0.739683 0.514388 0.733333 0.514388
0 0.965079 0.517986 0.955556 0.517986 0.952381 0.514388 0.946032 0.514388 0.942857 0.510791 0.939683 0.510791 0.936508 0.514388 0.933333 0.514388 0.923810 0.525180 0.923810 0.532374 0.920635 0.535971 0.923810 0.539568 0.926984 0.539568 0.936508 0.550360 0.939683 0.546763 0.955556 0.539568 0.961905 0.532374 0.961905 0.525180 0.965079 0.521583
0 0.460317 0.521583 0.453968 0.514388 0.428571 0.514388 0.400000 0.535971 0.393651 0.550360 0.396825 0.568345 0.409524 0.575540 0.428571 0.575540 0.450794 0.557554 0.460317 0.535971
0 0.809524 0.517986 0.800000 0.517986 0.796825 0.514388 0.777778 0.525180 0.771429 0.532374 0.768254 0.539568 0.768254 0.550360 0.777778 0.564748 0.784127 0.568345 0.800000 0.568345 0.806349 0.564748 0.819048 0.550360 0.819048 0.532374
0 0.476190 0.532374 0.466667 0.543165 0.460317 0.557554 0.460317 0.564748 0.469841 0.575540 0.479365 0.597122 0.482540 0.597122 0.495238 0.579137 0.495238 0.571942 0.498413 0.568345 0.498413 0.553957 0.495238 0.550360 0.495238 0.543165 0.485714 0.532374
0 0.933333 0.550360 0.920635 0.539568 0.904762 0.539568 0.888889 0.550360 0.888889 0.553957 0.882540 0.561151 0.882540 0.575540 0.888889 0.582734 0.911111 0.582734 0.917460 0.579137 0.933333 0.561151
0 0.688889 0.546763 0.685714 0.550360 0.685714 0.557554 0.682540 0.561151 0.682540 0.568345 0.685714 0.571942 0.685714 0.575540 0.698413 0.586331 0.717460 0.586331 0.723810 0.579137 0.723810 0.575540 0.726984 0.571942 0.726984 0.564748 0.707937 0.543165 0.695238 0.543165 0.692063 0.546763
0 0.650794 0.553957 0.638095 0.553957 0.631746 0.557554 0.625397 0.571942 0.625397 0.582734 0.622222 0.586331 0.622222 0.604317 0.625397 0.607914 0.625397 0.615108 0.641270 0.629496 0.644444 0.625899 0.650794 0.625899 0.660317 0.611511 0.660317 0.568345
0 0.447619 0.561151 0.438095 0.571942 0.438095 0.575540 0.441270 0.579137 0.441270 0.597122 0.444444 0.600719 0.463492 0.600719 0.466667 0.604317 0.473016 0.604317 0.476190 0.600719 0.476190 0.593525 0.469841 0.586331 0.466667 0.575540 0.457143 0.564748 0.457143 0.561151 0.453968 0.557554 0.450794 0.561151
0 0.523810 0.557554 0.511111 0.557554 0.504762 0.564748 0.501587 0.564748 0.498413 0.571942 0.501587 0.604317 0.504762 0.611511 0.514286 0.618705 0.523810 0.615108 0.533333 0.604317 0.533333 0.593525 0.536508 0.589928 0.533333 0.571942
0 0.968254 0.557554 0.952381 0.557554 0.949206 0.561151 0.946032 0.561151 0.939683 0.568345 0.939683 0.571942 0.936508 0.575540 0.933333 0.575540 0.933333 0.582734 0.939683 0.582734 0.942857 0.586331 0.946032 0.582734 0.949206 0.582734 0.952381 0.579137 0.961905 0.575540 0.961905 0.571942 0.958730 0.568345 0.961905 0.564748 0.965079 0.564748 0.968254 0.561151
0 0.358730 0.568345 0.361905 0.568345 0.368254 0.579137 0.371429 0.579137 0.393651 0.600719 0.396825 0.600719 0.400000 0.604317 0.403175 0.604317 0.406349 0.600719 0.406349 0.582734 0.403175 0.579137 0.403175 0.575540 0.400000 0.575540 0.393651 0.568345 0.374603 0.568345 0.371429 0.564748 0.361905 0.564748
0 0.285714 0.582734 0.276190 0.582734 0.273016 0.586331 0.269841 0.586331 0.269841 0.589928 0.263492 0.597122 0.263492 0.633094 0.269841 0.640288 0.276190 0.640288 0.279365 0.636691 0.279365 0.625899 0.285714 0.618705 0.285714 0.615108 0.292063 0.604317 0.292063 0.597122 0.288889 0.593525 0.288889 0.586331
0 0.438095 0.597122 0.422222 0.597122 0.415873 0.600719 0.412698 0.607914 0.412698 0.647482 0.425397 0.658273 0.428571 0.658273 0.441270 0.643885 0.447619 0.629496 0.447619 0.611511
0 0.774603 0.604317 0.771429 0.604317 0.768254 0.600719 0.761905 0.600719 0.758730 0.604317 0.752381 0.604317 0.742857 0.615108 0.742857 0.636691 0.752381 0.643885 0.761905 0.643885 0.780952 0.622302 0.780952 0.611511
0 0.876190 0.615108 0.879365 0.625899 0.882540 0.625899 0.885714 0.629496 0.901587 0.629496 0.904762 0.625899 0.914286 0.625899 0.923810 0.618705 0.923810 0.615108 0.917460 0.607914 0.914286 0.607914 0.904762 0.600719 0.888889 0.600719 0.885714 0.604317 0.882540 0.604317
0 0.834921 0.607914 0.828571 0.615108 0.828571 0.622302 0.831746 0.625899 0.831746 0.629496 0.834921 0.633094 0.847619 0.633094 0.850794 0.629496 0.847619 0.625899 0.847619 0.622302 0.850794 0.618705 0.850794 0.615108 0.844444 0.607914 0.841270 0.607914 0.838095 0.611511
0 0.136508 0.611511 0.133333 0.615108 0.133333 0.661871 0.136508 0.669065 0.146032 0.679856 0.149206 0.679856 0.155556 0.672662 0.155556 0.658273 0.158730 0.654676 0.158730 0.633094 0.149206 0.615108 0.142857 0.611511
0 0.584127 0.611511 0.577778 0.618705 0.577778 0.633094 0.580952 0.636691 0.580952 0.643885 0.584127 0.647482 0.584127 0.651079 0.593651 0.661871 0.600000 0.661871 0.609524 0.654676 0.609524 0.651079 0.612698 0.647482 0.612698 0.633094 0.596825 0.615108 0.593651 0.615108 0.590476 0.611511
0 0.809524 0.615108 0.793651 0.615108 0.787302 0.622302 0.784127 0.618705 0.784127 0.622302 0.765079 0.643885 0.765079 0.651079 0.768254 0.654676 0.765079 0.658273 0.780952 0.669065 0.793651 0.669065 0.806349 0.654676 0.809524 0.654676 0.819048 0.633094 0.819048 0.625899
0 0.685714 0.625899 0.685714 0.629496 0.688889 0.633094 0.692063 0.633094 0.695238 0.636691 0.698413 0.636691 0.704762 0.643885 0.707937 0.643885 0.711111 0.647482 0.717460 0.640288 0.717460 0.636691 0.707937 0.625899 0.704762 0.625899 0.701587 0.622302 0.688889 0.622302
0 0.822222 0.633094 0.812698 0.651079 0.812698 0.654676 0.815873 0.658273 0.815873 0.665468 0.828571 0.665468 0.831746 0.669065 0.841270 0.669065 0.850794 0.658273 0.850794 0.651079 0.853968 0.647482 0.850794 0.643885 0.850794 0.640288 0.847619 0.636691 0.834921 0.636691 0.831746 0.633094 0.828571 0.633094 0.825397 0.636691
0 0.631746 0.636691 0.622222 0.643885 0.622222 0.690647 0.631746 0.701439 0.638095 0.701439 0.647619 0.690647 0.647619 0.683453 0.650794 0.679856 0.650794 0.658273 0.647619 0.651079 0.634921 0.636691
0 0.930159 0.643885 0.923810 0.640288 0.911111 0.640288 0.879365 0.669065 0.876190 0.676259 0.876190 0.697842 0.885714 0.708633 0.895238 0.712230 0.898413 0.708633 0.904762 0.708633 0.911111 0.701439 0.933333 0.658273
0 0.742857 0.654676 0.736508 0.661871 0.733333 0.661871 0.730159 0.665468 0.730159 0.676259 0.733333 0.679856 0.733333 0.683453 0.736508 0.683453 0.742857 0.690647 0.749206 0.690647 0.755556 0.697842 0.758730 0.694245 0.761905 0.694245 0.761905 0.690647 0.768254 0.679856 0.768254 0.665468 0.761905 0.658273 0.758730 0.658273 0.755556 0.654676
0 0.514286 0.665468 0.504762 0.665468 0.498413 0.672662 0.498413 0.676259 0.495238 0.679856 0.495238 0.690647 0.492063 0.694245 0.492063 0.712230 0.498413 0.719424 0.501587 0.715827 0.504762 0.715827 0.514286 0.705036 0.514286 0.701439 0.517460 0.697842 0.517460 0.690647 0.520635 0.687050 0.520635 0.672662
0 0.844444 0.676259 0.841270 0.672662 0.831746 0.672662 0.828571 0.669065 0.815873 0.669065 0.812698 0.672662 0.809524 0.672662 0.800000 0.683453 0.800000 0.690647 0.796825 0.694245 0.800000 0.697842 0.800000 0.701439 0.809524 0.708633 0.812698 0.705036 0.825397 0.705036 0.828571 0.701439 0.838095 0.697842 0.844444 0.690647
0 0.403175 0.672662 0.396825 0.679856 0.396825 0.712230 0.406349 0.726619 0.412698 0.726619 0.415873 0.723022 0.419048 0.723022 0.425397 0.712230 0.425397 0.687050 0.415873 0.676259 0.412698 0.676259 0.409524 0.672662
0 0.590476 0.697842 0.590476 0.705036 0.593651 0.705036 0.600000 0.712230 0.600000 0.715827 0.603175 0.719424 0.619048 0.719424 0.625397 0.708633 0.625397 0.697842 0.619048 0.690647 0.612698 0.690647 0.609524 0.687050 0.603175 0.687050 0.596825 0.694245 0.593651 0.694245
0 0.688889 0.697842 0.688889 0.708633 0.695238 0.715827 0.698413 0.715827 0.701587 0.719424 0.714286 0.719424 0.717460 0.715827 0.720635 0.715827 0.726984 0.705036 0.726984 0.701439 0.723810 0.697842 0.723810 0.690647 0.720635 0.690647 0.717460 0.687050 0.701587 0.687050 0.698413 0.690647 0.695238 0.690647
0 0.834921 0.701439 0.838095 0.705036 0.838095 0.715827 0.844444 0.723022 0.853968 0.723022 0.857143 0.719424 0.869841 0.719424 0.873016 0.715827 0.873016 0.697842 0.869841 0.697842 0.866667 0.694245 0.844444 0.694245 0.838095 0.701439
0 0.993651 0.697842 0.990476 0.701439 0.984127 0.701439 0.977778 0.708633 0.977778 0.712230 0.974603 0.715827 0.974603 0.730216 0.977778 0.733813 0.980952 0.733813 0.984127 0.737410 0.990476 0.737410 0.993651 0.741007 0.993651 0.733813 0.996825 0.730216 0.996825 0.705036 0.993651 0.701439
0 0.098413 0.708633 0.095238 0.712230 0.092063 0.712230 0.092063 0.715827 0.082540 0.730216 0.082540 0.748201 0.092063 0.755396 0.107937 0.755396 0.117460 0.748201 0.117460 0.744604 0.123810 0.733813 0.123810 0.723022 0.114286 0.712230 0.111111 0.712230 0.107937 0.708633
0 0.542857 0.719424 0.533333 0.719424 0.530159 0.723022 0.523810 0.723022 0.517460 0.730216 0.517460 0.733813 0.514286 0.737410 0.514286 0.755396 0.520635 0.766187 0.526984 0.766187 0.530159 0.769784 0.533333 0.769784 0.536508 0.766187 0.542857 0.766187 0.552381 0.751799 0.552381 0.726619
0 0.882540 0.730216 0.876190 0.719424 0.873016 0.719424 0.869841 0.723022 0.857143 0.723022 0.853968 0.726619 0.844444 0.726619 0.844444 0.730216 0.838095 0.737410 0.838095 0.741007 0.841270 0.741007 0.844444 0.744604 0.844444 0.748201 0.847619 0.748201 0.850794 0.751799 0.857143 0.751799 0.860317 0.755396 0.863492 0.751799 0.869841 0.751799 0.879365 0.741007
0 0.917460 0.723022 0.907937 0.723022 0.904762 0.726619 0.901587 0.726619 0.895238 0.733813 0.895238 0.737410 0.892063 0.741007 0.892063 0.762590 0.895238 0.766187 0.901587 0.766187 0.904762 0.769784 0.907937 0.766187 0.914286 0.766187 0.914286 0.762590 0.920635 0.755396 0.920635 0.751799 0.923810 0.748201 0.923810 0.730216
0 0.574603 0.730216 0.565079 0.744604 0.565079 0.758993 0.580952 0.776978 0.587302 0.780576 0.590476 0.776978 0.609524 0.776978 0.619048 0.762590 0.619048 0.744604 0.615873 0.744604 0.606349 0.733813 0.593651 0.730216 0.590476 0.726619 0.580952 0.726619
0 0.419048 0.730216 0.409524 0.744604 0.409524 0.762590 0.419048 0.784173 0.425397 0.791367 0.438095 0.791367 0.444444 0.787770 0.444444 0.784173 0.450794 0.776978 0.457143 0.748201 0.453968 0.741007 0.441270 0.730216
0 0.682540 0.733813 0.682540 0.737410 0.679365 0.741007 0.682540 0.744604 0.682540 0.769784 0.692063 0.776978 0.704762 0.776978 0.711111 0.769784 0.711111 0.766187 0.714286 0.762590 0.714286 0.751799 0.711111 0.748201 0.711111 0.744604 0.707937 0.741007 0.704762 0.741007 0.698413 0.733813
0 0.326984 0.741007 0.320635 0.748201 0.320635 0.755396 0.317460 0.762590 0.326984 0.773381 0.326984 0.776978 0.330159 0.776978 0.336508 0.784173 0.342857 0.787770 0.355556 0.787770 0.365079 0.776978 0.365079 0.766187 0.355556 0.751799 0.355556 0.748201 0.342857 0.737410
0 0.771429 0.748201 0.768254 0.744604 0.758730 0.744604 0.755556 0.748201 0.739683 0.751799 0.723810 0.776978 0.726984 0.791367 0.733333 0.794964 0.742857 0.794964 0.755556 0.784173 0.758730 0.784173 0.774603 0.758993
0 0.796825 0.773381 0.796825 0.787770 0.800000 0.791367 0.806349 0.791367 0.831746 0.805755 0.838095 0.805755 0.847619 0.791367 0.847619 0.766187 0.831746 0.755396 0.812698 0.758993
0 0.565079 0.762590 0.561905 0.766187 0.555556 0.766187 0.546032 0.773381 0.546032 0.776978 0.542857 0.780576 0.542857 0.798561 0.546032 0.798561 0.558730 0.812950 0.561905 0.812950 0.565079 0.816547 0.571429 0.816547 0.577778 0.809353 0.580952 0.784173 0.577778 0.780576 0.577778 0.776978
0 0.647619 0.762590 0.638095 0.762590 0.631746 0.769784 0.622222 0.791367 0.622222 0.816547 0.628571 0.830935 0.634921 0.834532 0.647619 0.830935 0.653968 0.823741 0.657143 0.809353 0.660317 0.805755 0.660317 0.780576
0 0.485714 0.766187 0.469841 0.766187 0.457143 0.773381 0.444444 0.791367 0.444444 0.809353 0.453968 0.816547 0.463492 0.816547 0.476190 0.809353 0.488889 0.794964 0.492063 0.787770 0.492063 0.776978
0 0.952381 0.780576 0.946032 0.776978 0.923810 0.776978 0.920635 0.780576 0.907937 0.780576 0.892063 0.791367 0.892063 0.802158 0.904762 0.812950 0.923810 0.812950 0.926984 0.809353 0.942857 0.805755 0.949206 0.798561 0.952381 0.798561
0 0.111111 0.784173 0.111111 0.802158 0.117460 0.809353 0.126984 0.809353 0.133333 0.802158 0.133333 0.794964 0.130159 0.791367 0.130159 0.787770 0.126984 0.784173 0.123810 0.784173 0.120635 0.780576 0.117460 0.780576 0.114286 0.784173
0 0.539683 0.802158 0.530159 0.791367 0.514286 0.791367 0.501587 0.805755 0.501587 0.809353 0.495238 0.820144 0.495238 0.834532 0.498413 0.838129 0.501587 0.838129 0.504762 0.834532 0.511111 0.834532 0.514286 0.830935 0.530159 0.823741 0.539683 0.812950
0 0.203175 0.798561 0.200000 0.802158 0.200000 0.838129 0.203175 0.841727 0.203175 0.852518 0.206349 0.856115 0.206349 0.863309 0.212698 0.866906 0.219048 0.859712 0.219048 0.848921 0.222222 0.845324 0.222222 0.816547 0.212698 0.798561
0 0.863492 0.798561 0.857143 0.809353 0.857143 0.823741 0.863492 0.838129 0.888889 0.852518 0.895238 0.848921 0.904762 0.838129 0.904762 0.816547 0.882540 0.798561
0 0.984127 0.820144 0.965079 0.812950 0.946032 0.812950 0.933333 0.820144 0.917460 0.841727 0.914286 0.852518 0.917460 0.866906 0.923810 0.870504 0.942857 0.859712 0.974603 0.859712 0.987302 0.841727
0 0.650794 0.838129 0.644444 0.845324 0.644444 0.848921 0.641270 0.852518 0.644444 0.856115 0.644444 0.863309 0.653968 0.874101 0.663492 0.874101 0.669841 0.866906 0.669841 0.848921 0.660317 0.838129
0 0.368254 0.841727 0.361905 0.848921 0.361905 0.856115 0.358730 0.859712 0.358730 0.874101 0.365079 0.888489 0.365079 0.902878 0.368254 0.910072 0.374603 0.917266 0.384127 0.917266 0.390476 0.913669 0.396825 0.902878 0.396825 0.870504 0.390476 0.856115 0.380952 0.845324
0 0.409524 0.845324 0.403175 0.856115 0.403175 0.870504 0.406349 0.874101 0.406349 0.877698 0.412698 0.884892 0.428571 0.884892 0.434921 0.874101 0.434921 0.863309 0.431746 0.859712 0.431746 0.856115 0.422222 0.845324
0 0.288889 0.856115 0.282540 0.863309 0.279365 0.863309 0.279365 0.866906 0.285714 0.874101 0.288889 0.874101 0.292063 0.877698 0.295238 0.874101 0.295238 0.859712 0.292063 0.856115
0 0.803175 0.866906 0.803175 0.874101 0.806349 0.881295 0.815873 0.892086 0.828571 0.899281 0.831746 0.895683 0.841270 0.895683 0.853968 0.888489 0.853968 0.877698 0.847619 0.870504 0.847619 0.866906 0.828571 0.856115 0.815873 0.856115 0.812698 0.859712 0.806349 0.859712
0 0.098413 0.859712 0.098413 0.874101 0.104762 0.884892 0.104762 0.892086 0.111111 0.899281 0.117460 0.899281 0.123810 0.892086 0.123810 0.877698 0.114286 0.866906 0.111111 0.866906 0.104762 0.859712
