0 0.253968 0.118280 0.253968 0.129032 0.260317 0.136201 0.260317 0.139785 0.279365 0.139785 0.288889 0.132616 0.288889 0.121864 0.279365 0.111111 0.276190 0.111111 0.273016 0.114695 0.269841 0.111111 0.263492 0.111111
0 0.495238 0.114695 0.492063 0.118280 0.492063 0.125448 0.488889 0.129032 0.488889 0.132616 0.492063 0.136201 0.495238 0.146953 0.514286 0.146953 0.514286 0.139785 0.517460 0.136201 0.517460 0.125448 0.520635 0.121864 0.520635 0.118280 0.517460 0.118280 0.507937 0.111111 0.501587 0.111111 0.498413 0.114695
0 0.663492 0.111111 0.660317 0.111111 0.657143 0.114695 0.653968 0.114695 0.647619 0.121864 0.647619 0.125448 0.644444 0.129032 0.653968 0.139785 0.663492 0.139785 0.669841 0.132616 0.669841 0.118280
0 0.203175 0.114695 0.190476 0.114695 0.180952 0.125448 0.180952 0.129032 0.174603 0.139785 0.174603 0.150538 0.177778 0.154122 0.177778 0.157706 0.187302 0.164875 0.190476 0.164875 0.193651 0.161290 0.200000 0.161290 0.209524 0.150538 0.209524 0.146953 0.212698 0.143369 0.212698 0.121864
0 0.539683 0.114695 0.533333 0.114695 0.526984 0.121864 0.523810 0.121864 0.520635 0.125448 0.520635 0.136201 0.517460 0.139785 0.517460 0.146953 0.520635 0.146953 0.523810 0.150538 0.533333 0.150538 0.536508 0.146953 0.536508 0.143369 0.542857 0.136201 0.542857 0.129032 0.546032 0.125448
0 0.615873 0.114695 0.609524 0.125448 0.609524 0.136201 0.612698 0.139785 0.612698 0.146953 0.622222 0.157706 0.631746 0.161290 0.638095 0.154122 0.638095 0.139785 0.641270 0.136201 0.641270 0.132616 0.631746 0.114695
0 0.158730 0.121864 0.146032 0.121864 0.142857 0.125448 0.139683 0.125448 0.139683 0.129032 0.133333 0.139785 0.133333 0.150538 0.139683 0.157706 0.139683 0.161290 0.142857 0.161290 0.146032 0.164875 0.149206 0.161290 0.155556 0.161290 0.165079 0.150538 0.165079 0.146953 0.168254 0.143369 0.168254 0.139785 0.165079 0.136201 0.165079 0.129032
0 0.469841 0.121864 0.466667 0.121864 0.453968 0.136201 0.453968 0.157706 0.460317 0.164875 0.473016 0.164875 0.479365 0.157706 0.479365 0.136201 0.476190 0.132616 0.476190 0.129032
0 0.301587 0.136201 0.301587 0.150538 0.307937 0.157706 0.333333 0.157706 0.336508 0.154122 0.336508 0.146953 0.339683 0.143369 0.339683 0.139785 0.336508 0.136201 0.333333 0.136201 0.330159 0.132616 0.330159 0.129032 0.326984 0.129032 0.323810 0.125448 0.317460 0.125448 0.314286 0.129032 0.307937 0.129032
0 0.412698 0.125448 0.403175 0.132616 0.403175 0.150538 0.406349 0.154122 0.406349 0.157706 0.412698 0.157706 0.415873 0.161290 0.422222 0.161290 0.431746 0.154122 0.431746 0.146953 0.434921 0.143369 0.434921 0.139785 0.431746 0.136201 0.431746 0.132616 0.425397 0.125448
0 0.380952 0.129032 0.377778 0.129032 0.374603 0.132616 0.368254 0.132616 0.358730 0.139785 0.352381 0.157706 0.355556 0.161290 0.355556 0.164875 0.361905 0.172043 0.368254 0.172043 0.371429 0.168459 0.374603 0.168459 0.390476 0.154122 0.390476 0.139785
0 0.768254 0.136201 0.765079 0.139785 0.761905 0.150538 0.774603 0.164875 0.777778 0.164875 0.780952 0.168459 0.793651 0.168459 0.800000 0.161290 0.800000 0.154122 0.796825 0.150538 0.796825 0.146953 0.787302 0.136201 0.777778 0.136201 0.774603 0.132616 0.771429 0.136201
0 0.825397 0.132616 0.819048 0.132616 0.812698 0.139785 0.812698 0.150538 0.809524 0.154122 0.809524 0.157706 0.812698 0.161290 0.812698 0.164875 0.815873 0.164875 0.819048 0.168459 0.828571 0.161290 0.828571 0.157706 0.834921 0.146953 0.834921 0.143369 0.831746 0.139785 0.831746 0.136201 0.828571 0.136201
0 0.584127 0.136201 0.574603 0.161290 0.565079 0.172043 0.568254 0.175627 0.574603 0.175627 0.584127 0.182796 0.590476 0.182796 0.593651 0.179211 0.600000 0.179211 0.609524 0.172043 0.609524 0.157706 0.600000 0.143369
0 0.895238 0.139785 0.892063 0.139785 0.888889 0.136201 0.885714 0.136201 0.882540 0.139785 0.879365 0.139785 0.876190 0.143369 0.876190 0.154122 0.879365 0.157706 0.892063 0.157706 0.895238 0.154122
0 0.269841 0.143369 0.257143 0.143369 0.253968 0.146953 0.250794 0.146953 0.244444 0.154122 0.244444 0.161290 0.241270 0.164875 0.241270 0.172043 0.244444 0.175627 0.244444 0.179211 0.250794 0.186380 0.253968 0.186380 0.257143 0.189964 0.263492 0.189964 0.276190 0.175627 0.276190 0.154122
0 0.663492 0.146953 0.657143 0.154122 0.657143 0.168459 0.660317 0.172043 0.660317 0.175627 0.663492 0.175627 0.673016 0.182796 0.679365 0.172043 0.679365 0.150538 0.676190 0.146953
0 0.707937 0.157706 0.701587 0.168459 0.701587 0.179211 0.707937 0.186380 0.720635 0.186380 0.730159 0.175627 0.730159 0.164875 0.723810 0.157706
0 0.863492 0.161290 0.860317 0.161290 0.857143 0.157706 0.850794 0.157706 0.844444 0.164875 0.841270 0.164875 0.841270 0.168459 0.834921 0.175627 0.831746 0.175627 0.828571 0.179211 0.828571 0.189964 0.831746 0.193548 0.850794 0.193548 0.853968 0.189964 0.863492 0.186380 0.863492 0.182796 0.866667 0.179211 0.866667 0.172043 0.863492 0.168459
0 0.501587 0.172043 0.501587 0.179211 0.507937 0.186380 0.526984 0.186380 0.533333 0.179211 0.533333 0.168459 0.530159 0.168459 0.520635 0.161290 0.511111 0.161290
0 0.317460 0.175627 0.311111 0.186380 0.311111 0.200717 0.320635 0.207885 0.333333 0.207885 0.342857 0.197133 0.342857 0.186380 0.339683 0.182796 0.339683 0.179211 0.336508 0.175627
0 0.123810 0.179211 0.111111 0.179211 0.104762 0.186380 0.104762 0.189964 0.101587 0.193548 0.101587 0.207885 0.104762 0.211470 0.117460 0.211470 0.117460 0.207885 0.123810 0.200717 0.123810 0.197133 0.126984 0.193548 0.126984 0.186380 0.123810 0.182796
0 0.180952 0.179211 0.155556 0.179211 0.152381 0.182796 0.149206 0.182796 0.139683 0.197133 0.142857 0.215054 0.146032 0.215054 0.149206 0.218638 0.165079 0.218638 0.171429 0.211470 0.174603 0.211470 0.184127 0.200717 0.184127 0.197133 0.187302 0.193548 0.187302 0.186380
0 0.568254 0.200717 0.552381 0.193548 0.536508 0.204301 0.523810 0.204301 0.517460 0.215054 0.488889 0.243728 0.488889 0.254480 0.504762 0.254480 0.533333 0.229391 0.542857 0.225806 0.549206 0.218638 0.555556 0.218638
0 0.679365 0.193548 0.679365 0.200717 0.685714 0.207885 0.692063 0.207885 0.695238 0.211470 0.701587 0.211470 0.704762 0.215054 0.707937 0.215054 0.711111 0.211470 0.714286 0.211470 0.714286 0.207885 0.711111 0.207885 0.707937 0.204301 0.704762 0.204301 0.701587 0.200717 0.698413 0.200717 0.688889 0.193548
0 0.234921 0.200717 0.231746 0.200717 0.228571 0.197133 0.212698 0.197133 0.209524 0.200717 0.203175 0.200717 0.193651 0.207885 0.190476 0.218638 0.193651 0.222222 0.206349 0.222222 0.209524 0.225806 0.222222 0.225806 0.225397 0.222222 0.228571 0.222222 0.234921 0.215054
0 0.425397 0.211470 0.415873 0.200717 0.396825 0.200717 0.384127 0.207885 0.377778 0.215054 0.374603 0.222222 0.374603 0.229391 0.377778 0.236559 0.384127 0.240143 0.406349 0.236559 0.409524 0.232975 0.415873 0.232975 0.425397 0.222222
0 0.577778 0.211470 0.571429 0.222222 0.571429 0.229391 0.574603 0.229391 0.580952 0.236559 0.584127 0.236559 0.587302 0.240143 0.596825 0.240143 0.606349 0.229391 0.606349 0.215054 0.603175 0.211470 0.600000 0.211470 0.596825 0.207885 0.584127 0.207885 0.580952 0.211470
0 0.301587 0.222222 0.298413 0.225806 0.298413 0.243728 0.301587 0.247312 0.301587 0.250896 0.320635 0.250896 0.326984 0.240143 0.326984 0.232975 0.323810 0.229391 0.323810 0.225806 0.317460 0.225806 0.314286 0.222222
0 0.612698 0.243728 0.612698 0.254480 0.615873 0.258065 0.644444 0.258065 0.653968 0.247312 0.653968 0.229391 0.650794 0.229391 0.647619 0.225806 0.628571 0.225806
0 0.892063 0.236559 0.892063 0.240143 0.895238 0.243728 0.901587 0.243728 0.904762 0.247312 0.917460 0.247312 0.920635 0.243728 0.920635 0.236559
0 0.117460 0.240143 0.114286 0.243728 0.111111 0.243728 0.107937 0.247312 0.107937 0.254480 0.104762 0.258065 0.107937 0.261649 0.107937 0.265233 0.111111 0.268817 0.123810 0.268817 0.126984 0.265233 0.126984 0.261649 0.130159 0.258065 0.130159 0.254480 0.126984 0.250896 0.126984 0.247312 0.123810 0.243728 0.120635 0.243728
0 0.257143 0.250896 0.253968 0.247312 0.247619 0.247312 0.244444 0.243728 0.222222 0.247312 0.209524 0.261649 0.209524 0.272401 0.212698 0.275986 0.222222 0.275986 0.225397 0.279570 0.228571 0.279570 0.231746 0.275986 0.244444 0.275986 0.247619 0.272401 0.250794 0.272401 0.260317 0.261649 0.257143 0.258065
0 0.812698 0.261649 0.812698 0.265233 0.819048 0.272401 0.841270 0.272401 0.844444 0.268817 0.844444 0.258065 0.838095 0.250896 0.822222 0.250896 0.819048 0.254480 0.815873 0.254480 0.815873 0.258065
0 0.326984 0.268817 0.326984 0.279570 0.339683 0.290323 0.352381 0.290323 0.355556 0.286738 0.365079 0.286738 0.377778 0.275986 0.377778 0.268817 0.374603 0.265233 0.374603 0.261649 0.371429 0.261649 0.361905 0.254480 0.346032 0.254480 0.342857 0.258065 0.333333 0.261649
0 0.939683 0.261649 0.939683 0.272401 0.942857 0.272401 0.946032 0.275986 0.955556 0.275986 0.958730 0.272401 0.965079 0.272401 0.968254 0.268817 0.968254 0.254480 0.949206 0.254480 0.946032 0.258065 0.942857 0.258065
0 0.869841 0.261649 0.869841 0.265233 0.866667 0.268817 0.866667 0.275986 0.876190 0.286738 0.882540 0.286738 0.885714 0.290323 0.888889 0.286738 0.892063 0.290323 0.895238 0.286738 0.898413 0.286738 0.898413 0.283154 0.901587 0.279570 0.901587 0.265233 0.898413 0.261649 0.895238 0.261649 0.892063 0.258065 0.876190 0.258065 0.873016 0.261649
0 0.282540 0.272401 0.279365 0.272401 0.276190 0.268817 0.269841 0.268817 0.266667 0.272401 0.263492 0.272401 0.253968 0.283154 0.253968 0.293907 0.257143 0.297491 0.257143 0.301075 0.260317 0.301075 0.263492 0.304659 0.276190 0.304659 0.285714 0.293907 0.285714 0.286738 0.288889 0.283154
0 0.139683 0.279570 0.136508 0.279570 0.130159 0.286738 0.111111 0.286738 0.107937 0.290323 0.098413 0.293907 0.095238 0.297491 0.095238 0.301075 0.101587 0.308244 0.114286 0.308244 0.117460 0.304659 0.126984 0.301075 0.133333 0.293907 0.133333 0.286738
0 0.914286 0.290323 0.917460 0.293907 0.917460 0.297491 0.920635 0.301075 0.923810 0.301075 0.933333 0.311828 0.942857 0.311828 0.942857 0.308244 0.946032 0.304659 0.942857 0.301075 0.942857 0.297491 0.939683 0.293907 0.939683 0.290323 0.936508 0.290323 0.930159 0.283154 0.920635 0.283154
0 0.838095 0.290323 0.834921 0.293907 0.834921 0.297491 0.841270 0.304659 0.841270 0.315412 0.844444 0.315412 0.847619 0.318996 0.847619 0.322581 0.844444 0.326165 0.847619 0.329749 0.853968 0.329749 0.857143 0.326165 0.857143 0.322581 0.863492 0.315412 0.863492 0.297491 0.860317 0.297491 0.850794 0.290323
0 0.723810 0.297491 0.720635 0.301075 0.720635 0.315412 0.723810 0.318996 0.739683 0.318996 0.749206 0.308244 0.749206 0.301075 0.746032 0.297491 0.739683 0.297491 0.736508 0.293907 0.730159 0.293907 0.726984 0.297491
0 0.180952 0.311828 0.180952 0.322581 0.184127 0.322581 0.190476 0.329749 0.193651 0.329749 0.196825 0.333333 0.206349 0.333333 0.209524 0.329749 0.209524 0.311828 0.206349 0.311828 0.203175 0.308244 0.196825 0.308244 0.193651 0.304659 0.190476 0.304659
0 0.920635 0.318996 0.917460 0.315412 0.917460 0.311828 0.898413 0.304659 0.895238 0.308244 0.882540 0.308244 0.876190 0.318996 0.876190 0.326165 0.879365 0.329749 0.879365 0.333333 0.882540 0.333333 0.885714 0.336918 0.911111 0.336918 0.914286 0.333333 0.917460 0.333333 0.917460 0.329749 0.920635 0.326165
0 0.812698 0.322581 0.812698 0.329749 0.819048 0.336918 0.838095 0.336918 0.844444 0.329749 0.841270 0.326165 0.841270 0.318996 0.838095 0.315412 0.815873 0.315412 0.815873 0.318996
0 0.507937 0.329749 0.507937 0.336918 0.511111 0.340502 0.523810 0.340502 0.526984 0.344086 0.533333 0.344086 0.533333 0.340502 0.539683 0.333333 0.539683 0.329749 0.530159 0.318996 0.520635 0.318996 0.517460 0.322581 0.514286 0.322581
0 0.800000 0.326165 0.796825 0.322581 0.790476 0.322581 0.787302 0.326165 0.780952 0.326165 0.774603 0.333333 0.774603 0.344086 0.784127 0.344086 0.787302 0.340502 0.793651 0.340502 0.796825 0.336918 0.796825 0.333333 0.800000 0.329749
0 0.155556 0.333333 0.146032 0.326165 0.136508 0.326165 0.133333 0.329749 0.126984 0.329749 0.123810 0.333333 0.120635 0.333333 0.117460 0.336918 0.117460 0.344086 0.114286 0.347670 0.117460 0.351254 0.117460 0.362007 0.142857 0.362007 0.155556 0.351254 0.155556 0.347670 0.158730 0.344086
0 0.619048 0.326165 0.615873 0.329749 0.612698 0.329749 0.606349 0.336918 0.606349 0.344086 0.603175 0.347670 0.606349 0.351254 0.606349 0.354839 0.612698 0.362007 0.622222 0.362007 0.625397 0.358423 0.628571 0.358423 0.628571 0.354839 0.631746 0.351254 0.631746 0.336918 0.625397 0.329749 0.622222 0.329749
0 0.644444 0.336918 0.644444 0.344086 0.653968 0.351254 0.673016 0.351254 0.676190 0.347670 0.676190 0.333333 0.673016 0.329749 0.666667 0.329749 0.663492 0.326165 0.657143 0.326165 0.653968 0.329749 0.650794 0.329749
0 0.971429 0.333333 0.958730 0.326165 0.946032 0.326165 0.942857 0.329749 0.936508 0.329749 0.930159 0.333333 0.920635 0.347670 0.911111 0.347670 0.923810 0.354839 0.942857 0.354839 0.946032 0.351254 0.955556 0.351254 0.961905 0.347670
0 0.476190 0.340502 0.488889 0.340502 0.492063 0.336918 0.488889 0.333333 0.479365 0.333333 0.476190 0.336918
0 0.692063 0.340502 0.692063 0.351254 0.698413 0.358423 0.701587 0.358423 0.704762 0.362007 0.723810 0.362007 0.726984 0.358423 0.730159 0.358423 0.730159 0.344086 0.726984 0.344086 0.711111 0.333333 0.698413 0.333333
0 0.403175 0.358423 0.409524 0.365591 0.419048 0.365591 0.422222 0.362007 0.425397 0.362007 0.428571 0.358423 0.431746 0.358423 0.434921 0.354839 0.434921 0.347670 0.431746 0.344086 0.415873 0.344086 0.412698 0.347670 0.409524 0.347670 0.406349 0.351254 0.406349 0.354839
0 0.533333 0.347670 0.520635 0.347670 0.514286 0.354839 0.514286 0.358423 0.511111 0.362007 0.511111 0.372760 0.514286 0.372760 0.517460 0.376344 0.526984 0.376344 0.530159 0.372760 0.533333 0.372760 0.533333 0.369176 0.536508 0.365591 0.536508 0.354839 0.533333 0.351254
0 0.800000 0.347670 0.790476 0.358423 0.790476 0.379928 0.793651 0.383513 0.809524 0.383513 0.815873 0.376344 0.815873 0.369176 0.819048 0.365591 0.815873 0.362007 0.815873 0.354839 0.812698 0.351254 0.806349 0.351254 0.803175 0.347670
0 0.450794 0.358423 0.453968 0.362007 0.453968 0.365591 0.466667 0.365591 0.466667 0.354839 0.463492 0.354839 0.460317 0.351254 0.457143 0.351254
0 0.749206 0.369176 0.749206 0.372760 0.752381 0.376344 0.755556 0.376344 0.765079 0.383513 0.787302 0.383513 0.787302 0.358423 0.771429 0.358423 0.768254 0.362007 0.761905 0.362007 0.758730 0.365591 0.752381 0.365591
0 0.606349 0.365591 0.590476 0.365591 0.580952 0.376344 0.577778 0.376344 0.571429 0.383513 0.561905 0.387097 0.561905 0.394265 0.577778 0.394265 0.580952 0.390681 0.590476 0.390681 0.593651 0.387097 0.600000 0.387097 0.603175 0.383513 0.606349 0.383513 0.609524 0.379928 0.609524 0.376344 0.606349 0.372760
0 0.638095 0.365591 0.631746 0.372760 0.631746 0.376344 0.628571 0.379928 0.631746 0.383513 0.631746 0.387097 0.634921 0.390681 0.647619 0.390681 0.653968 0.383513 0.653968 0.372760 0.647619 0.365591
0 0.679365 0.369176 0.679365 0.372760 0.682540 0.376344 0.695238 0.376344 0.695238 0.369176 0.692063 0.365591 0.682540 0.365591
0 0.885714 0.379928 0.885714 0.387097 0.892063 0.397849 0.911111 0.397849 0.917460 0.390681 0.920635 0.390681 0.920635 0.376344 0.917460 0.376344 0.907937 0.369176 0.901587 0.369176 0.898413 0.365591 0.895238 0.365591 0.888889 0.372760 0.888889 0.376344
0 0.301587 0.387097 0.336508 0.387097 0.342857 0.379928 0.342857 0.376344 0.333333 0.369176 0.311111 0.369176 0.301587 0.376344
0 0.984127 0.383513 0.974603 0.394265 0.974603 0.401434 0.977778 0.405018 0.980952 0.405018 0.984127 0.408602 0.990476 0.408602 0.993651 0.405018 0.993651 0.397849 0.996825 0.394265 0.996825 0.390681 0.993651 0.387097 0.993651 0.383513
0 0.152381 0.390681 0.149206 0.387097 0.136508 0.387097 0.133333 0.390681 0.130159 0.390681 0.123810 0.397849 0.123810 0.405018 0.120635 0.408602 0.120635 0.412186 0.123810 0.415771 0.133333 0.415771 0.136508 0.412186 0.139683 0.412186 0.152381 0.397849
0 0.238095 0.405018 0.225397 0.390681 0.212698 0.390681 0.209524 0.394265 0.206349 0.394265 0.193651 0.408602 0.190476 0.419355 0.200000 0.430108 0.225397 0.430108 0.238095 0.419355
0 0.673016 0.401434 0.673016 0.415771 0.676190 0.419355 0.676190 0.422939 0.679365 0.422939 0.682540 0.426523 0.698413 0.426523 0.701587 0.422939 0.711111 0.419355 0.711111 0.408602 0.714286 0.405018 0.711111 0.394265 0.707937 0.394265 0.704762 0.390681 0.685714 0.390681
0 0.955556 0.401434 0.949206 0.401434 0.946032 0.405018 0.942857 0.405018 0.936508 0.412186 0.936508 0.415771 0.942857 0.422939 0.946032 0.422939 0.949206 0.426523 0.952381 0.426523 0.955556 0.422939 0.958730 0.422939 0.961905 0.419355 0.961905 0.408602
0 0.857143 0.408602 0.853968 0.412186 0.853968 0.426523 0.863492 0.437276 0.866667 0.437276 0.873016 0.444444 0.879365 0.444444 0.882540 0.440860 0.882540 0.426523 0.879365 0.422939 0.879365 0.419355 0.873016 0.412186 0.866667 0.412186 0.863492 0.408602
0 0.438095 0.430108 0.438095 0.433692 0.441270 0.437276 0.441270 0.440860 0.444444 0.440860 0.447619 0.444444 0.453968 0.444444 0.457143 0.440860 0.460317 0.440860 0.466667 0.433692 0.466667 0.426523 0.460317 0.419355 0.444444 0.419355 0.441270 0.422939 0.441270 0.426523
0 0.615873 0.419355 0.612698 0.422939 0.606349 0.422939 0.600000 0.433692 0.600000 0.444444 0.606349 0.451613 0.609524 0.448029 0.615873 0.448029 0.619048 0.444444 0.622222 0.444444 0.622222 0.440860 0.625397 0.437276 0.625397 0.430108 0.622222 0.426523 0.622222 0.422939 0.619048 0.422939
0 0.698413 0.430108 0.701587 0.433692 0.701587 0.437276 0.707937 0.444444 0.714286 0.444444 0.717460 0.448029 0.723810 0.448029 0.726984 0.444444 0.726984 0.437276 0.723810 0.433692 0.723810 0.430108 0.720635 0.426523 0.717460 0.426523 0.714286 0.422939 0.707937 0.422939 0.704762 0.426523 0.701587 0.426523
0 0.142857 0.426523 0.139683 0.430108 0.139683 0.448029 0.149206 0.455197 0.158730 0.455197 0.168254 0.444444 0.168254 0.437276 0.158730 0.426523
0 0.307937 0.430108 0.304762 0.440860 0.307937 0.444444 0.307937 0.448029 0.314286 0.455197 0.330159 0.455197 0.339683 0.448029 0.339683 0.437276 0.333333 0.430108 0.330159 0.430108 0.326984 0.426523 0.317460 0.426523 0.314286 0.430108
0 0.971429 0.433692 0.971429 0.437276 0.974603 0.440860 0.974603 0.444444 0.977778 0.444444 0.980952 0.448029 0.984127 0.448029 0.987302 0.444444 0.990476 0.444444 0.993651 0.440860 0.993651 0.430108 0.990476 0.430108 0.987302 0.426523 0.977778 0.426523
0 0.501587 0.444444 0.498413 0.440860 0.495238 0.440860 0.492063 0.437276 0.485714 0.437276 0.482540 0.433692 0.479365 0.437276 0.476190 0.437276 0.469841 0.444444 0.469841 0.448029 0.466667 0.451613 0.466667 0.458781 0.469841 0.458781 0.473016 0.462366 0.476190 0.462366 0.479365 0.458781 0.482540 0.458781 0.488889 0.451613 0.498413 0.451613 0.501587 0.448029
0 0.438095 0.455197 0.431746 0.462366 0.431746 0.487455 0.428571 0.491039 0.438095 0.501792 0.441270 0.501792 0.444444 0.505376 0.450794 0.505376 0.460317 0.498208 0.460317 0.476703 0.457143 0.473118 0.453968 0.462366 0.447619 0.455197
0 0.517460 0.462366 0.511111 0.462366 0.507937 0.458781 0.504762 0.458781 0.501587 0.462366 0.498413 0.462366 0.495238 0.465950 0.495238 0.480287 0.498413 0.483871 0.498413 0.487455 0.511111 0.487455 0.520635 0.476703 0.520635 0.469534 0.517460 0.465950
0 0.412698 0.465950 0.396825 0.462366 0.377778 0.473118 0.371429 0.473118 0.365079 0.480287 0.365079 0.498208 0.371429 0.505376 0.390476 0.505376 0.393651 0.501792 0.400000 0.501792 0.406349 0.494624 0.409524 0.494624 0.415873 0.483871 0.415873 0.473118
0 0.539683 0.469534 0.539683 0.483871 0.546032 0.491039 0.568254 0.491039 0.571429 0.487455 0.571429 0.476703 0.568254 0.473118 0.568254 0.465950 0.565079 0.465950 0.561905 0.462366 0.546032 0.462366
0 0.812698 0.462366 0.806349 0.473118 0.806349 0.476703 0.809524 0.480287 0.809524 0.487455 0.815873 0.494624 0.828571 0.494624 0.828571 0.491039 0.831746 0.487455 0.831746 0.483871 0.828571 0.480287 0.828571 0.476703 0.825397 0.473118 0.825397 0.469534 0.819048 0.462366
0 0.930159 0.469534 0.926984 0.473118 0.926984 0.480287 0.933333 0.491039 0.936508 0.491039 0.939683 0.494624 0.949206 0.494624 0.955556 0.487455 0.955556 0.473118 0.952381 0.469534 0.949206 0.469534 0.946032 0.465950 0.936508 0.465950 0.933333 0.469534
0 0.276190 0.473118 0.276190 0.483871 0.282540 0.494624 0.285714 0.494624 0.288889 0.498208 0.298413 0.498208 0.301587 0.494624 0.301587 0.491039 0.304762 0.487455 0.304762 0.480287 0.298413 0.473118 0.295238 0.473118 0.292063 0.469534 0.282540 0.469534 0.279365 0.473118
0 0.857143 0.473118 0.853968 0.476703 0.853968 0.494624 0.857143 0.498208 0.869841 0.498208 0.869841 0.494624 0.876190 0.487455 0.876190 0.483871 0.869841 0.476703 0.863492 0.476703 0.860317 0.473118
0 0.200000 0.480287 0.200000 0.483871 0.196825 0.487455 0.196825 0.494624 0.200000 0.498208 0.200000 0.501792 0.203175 0.501792 0.206349 0.505376 0.215873 0.505376 0.222222 0.498208 0.222222 0.491039 0.219048 0.487455 0.219048 0.483871 0.215873 0.483871 0.212698 0.480287
0 0.987302 0.480287 0.984127 0.483871 0.980952 0.483871 0.980952 0.487455 0.974603 0.498208 0.974603 0.516129 0.977778 0.519713 0.980952 0.519713 0.984127 0.523297 0.990476 0.523297 0.993651 0.526882 0.993651 0.523297 0.996825 0.519713 0.996825 0.483871 0.993651 0.480287
0 0.263492 0.491039 0.260317 0.491039 0.257143 0.487455 0.250794 0.487455 0.247619 0.491039 0.244444 0.491039 0.244444 0.494624 0.241270 0.498208 0.241270 0.505376 0.244444 0.508961 0.244444 0.512545 0.257143 0.512545 0.263492 0.505376
0 0.688889 0.487455 0.685714 0.491039 0.682540 0.491039 0.682540 0.494624 0.679365 0.498208 0.679365 0.505376 0.685714 0.516129 0.688889 0.516129 0.692063 0.519713 0.698413 0.519713 0.704762 0.512545 0.704762 0.494624 0.701587 0.491039 0.695238 0.491039 0.692063 0.487455
0 0.879365 0.491039 0.882540 0.494624 0.882540 0.501792 0.879365 0.505376 0.876190 0.505376 0.876190 0.512545 0.879365 0.516129 0.888889 0.516129 0.892063 0.512545 0.895238 0.512545 0.898413 0.508961 0.898413 0.501792 0.888889 0.491039
0 0.723810 0.494624 0.720635 0.498208 0.720635 0.512545 0.733333 0.526882 0.736508 0.526882 0.739683 0.530466 0.749206 0.534050 0.752381 0.530466 0.752381 0.523297 0.749206 0.519713 0.746032 0.508961 0.733333 0.494624
0 0.161905 0.508961 0.152381 0.508961 0.149206 0.512545 0.146032 0.512545 0.142857 0.516129 0.142857 0.526882 0.149206 0.526882 0.152381 0.523297 0.155556 0.523297 0.161905 0.516129
0 0.920635 0.508961 0.920635 0.523297 0.926984 0.530466 0.933333 0.530466 0.936508 0.526882 0.936508 0.516129 0.930159 0.508961
0 0.438095 0.526882 0.434921 0.523297 0.425397 0.523297 0.422222 0.519713 0.425397 0.516129 0.422222 0.516129 0.419048 0.512545 0.409524 0.523297 0.406349 0.523297 0.403175 0.526882 0.403175 0.530466 0.393651 0.541219 0.400000 0.551971 0.422222 0.551971 0.428571 0.541219 0.428571 0.534050
0 0.609524 0.512545 0.603175 0.519713 0.603175 0.534050 0.606349 0.534050 0.609524 0.537634 0.625397 0.537634 0.631746 0.530466 0.631746 0.523297 0.622222 0.512545
0 0.806349 0.516129 0.800000 0.523297 0.800000 0.526882 0.796825 0.530466 0.796825 0.534050 0.800000 0.537634 0.800000 0.541219 0.803175 0.541219 0.806349 0.544803 0.819048 0.544803 0.822222 0.541219 0.822222 0.534050 0.825397 0.530466 0.822222 0.526882 0.822222 0.519713 0.819048 0.516129
0 0.847619 0.523297 0.838095 0.523297 0.838095 0.526882 0.834921 0.530466 0.834921 0.537634 0.841270 0.544803 0.844444 0.541219 0.847619 0.541219 0.850794 0.537634 0.850794 0.526882
0 0.485714 0.526882 0.476190 0.526882 0.469841 0.534050 0.453968 0.541219 0.450794 0.544803 0.450794 0.548387 0.444444 0.555556 0.444444 0.559140 0.447619 0.562724 0.463492 0.562724 0.466667 0.559140 0.469841 0.559140 0.476190 0.551971 0.476190 0.548387 0.479365 0.544803 0.482540 0.544803 0.482540 0.541219 0.485714 0.537634
0 0.161905 0.555556 0.171429 0.562724 0.184127 0.562724 0.187302 0.559140 0.196825 0.555556 0.203175 0.544803 0.200000 0.541219 0.200000 0.537634 0.193651 0.530466 0.168254 0.530466 0.161905 0.537634
0 0.546032 0.534050 0.542857 0.537634 0.542857 0.541219 0.539683 0.544803 0.539683 0.555556 0.542857 0.559140 0.542857 0.562724 0.546032 0.562724 0.549206 0.566308 0.552381 0.566308 0.555556 0.562724 0.558730 0.562724 0.561905 0.559140 0.561905 0.544803 0.558730 0.541219 0.558730 0.537634 0.555556 0.537634 0.552381 0.534050
0 0.876190 0.534050 0.873016 0.537634 0.869841 0.537634 0.866667 0.541219 0.866667 0.555556 0.873016 0.562724 0.882540 0.562724 0.885714 0.559140 0.885714 0.555556 0.888889 0.551971 0.888889 0.544803 0.882540 0.537634 0.879365 0.537634
0 0.901587 0.537634 0.895238 0.544803 0.895238 0.551971 0.898413 0.555556 0.898413 0.559140 0.904762 0.566308 0.914286 0.566308 0.920635 0.559140 0.920635 0.544803 0.914286 0.537634
0 0.123810 0.555556 0.123810 0.562724 0.130159 0.569892 0.136508 0.569892 0.139683 0.573477 0.142857 0.573477 0.146032 0.569892 0.149206 0.569892 0.152381 0.566308 0.152381 0.555556 0.142857 0.544803 0.133333 0.544803
0 0.346032 0.559140 0.346032 0.562724 0.342857 0.566308 0.342857 0.573477 0.349206 0.580645 0.352381 0.580645 0.355556 0.577061 0.365079 0.577061 0.365079 0.559140 0.361905 0.555556 0.352381 0.555556 0.349206 0.559140
0 0.971429 0.555556 0.965079 0.562724 0.965079 0.566308 0.961905 0.569892 0.965079 0.573477 0.965079 0.580645 0.971429 0.587814 0.980952 0.587814 0.987302 0.580645 0.987302 0.577061 0.990476 0.573477 0.990476 0.562724 0.980952 0.555556
0 0.733333 0.566308 0.717460 0.566308 0.707937 0.573477 0.707937 0.577061 0.704762 0.580645 0.704762 0.591398 0.711111 0.602151 0.717460 0.602151 0.720635 0.605735 0.723810 0.605735 0.726984 0.602151 0.733333 0.602151 0.733333 0.598566 0.742857 0.580645 0.739683 0.577061 0.739683 0.573477
0 0.926984 0.566308 0.923810 0.569892 0.923810 0.573477 0.917460 0.580645 0.917460 0.591398 0.920635 0.594982 0.936508 0.594982 0.939683 0.591398 0.942857 0.591398 0.942857 0.587814 0.946032 0.584229 0.946032 0.577061 0.942857 0.573477 0.942857 0.569892 0.939683 0.566308
0 0.219048 0.577061 0.212698 0.569892 0.209524 0.573477 0.200000 0.573477 0.193651 0.580645 0.190476 0.580645 0.187302 0.584229 0.187302 0.587814 0.193651 0.594982 0.203175 0.594982 0.206349 0.591398 0.212698 0.591398 0.215873 0.587814 0.219048 0.587814
0 0.428571 0.569892 0.415873 0.569892 0.412698 0.573477 0.409524 0.573477 0.409524 0.577061 0.403175 0.587814 0.403175 0.605735 0.406349 0.609319 0.415873 0.612903 0.438095 0.598566 0.438095 0.587814
0 0.685714 0.577061 0.663492 0.569892 0.650794 0.580645 0.647619 0.591398 0.641270 0.598566 0.653968 0.623656 0.653968 0.630824 0.673016 0.630824 0.688889 0.616487 0.688889 0.587814 0.685714 0.584229
0 0.295238 0.584229 0.295238 0.598566 0.301587 0.605735 0.320635 0.605735 0.330159 0.598566 0.330159 0.587814 0.323810 0.580645 0.320635 0.580645 0.317460 0.577061 0.307937 0.577061 0.304762 0.580645
0 0.761905 0.577061 0.752381 0.577061 0.746032 0.580645 0.736508 0.598566 0.736508 0.620072 0.742857 0.627240 0.742857 0.634409 0.746032 0.637993 0.752381 0.637993 0.758730 0.634409 0.768254 0.620072 0.768254 0.605735 0.771429 0.602151 0.771429 0.594982 0.768254 0.591398 0.768254 0.584229
0 0.234921 0.594982 0.234921 0.598566 0.241270 0.609319 0.257143 0.609319 0.260317 0.605735 0.263492 0.605735 0.269841 0.598566 0.269841 0.587814 0.266667 0.584229 0.260317 0.584229 0.257143 0.580645 0.244444 0.580645 0.238095 0.587814 0.238095 0.591398
0 0.634921 0.602151 0.625397 0.609319 0.625397 0.627240 0.631746 0.637993 0.644444 0.637993 0.647619 0.634409 0.650794 0.634409 0.650794 0.623656 0.647619 0.620072 0.647619 0.616487 0.644444 0.612903 0.644444 0.609319 0.641270 0.605735 0.641270 0.602151
0 0.539683 0.609319 0.536508 0.612903 0.536508 0.630824 0.539683 0.634409 0.549206 0.623656 0.549206 0.616487 0.546032 0.612903 0.542857 0.612903
0 0.958730 0.609319 0.958730 0.612903 0.955556 0.616487 0.955556 0.620072 0.958730 0.623656 0.958730 0.627240 0.965079 0.634409 0.974603 0.634409 0.977778 0.630824 0.977778 0.612903 0.974603 0.609319
0 0.123810 0.620072 0.120635 0.620072 0.117460 0.616487 0.114286 0.616487 0.111111 0.620072 0.107937 0.620072 0.104762 0.623656 0.104762 0.637993 0.107937 0.641577 0.120635 0.641577 0.123810 0.637993 0.123810 0.634409 0.126984 0.630824 0.126984 0.627240 0.123810 0.623656
0 0.504762 0.620072 0.504762 0.623656 0.501587 0.627240 0.501587 0.630824 0.504762 0.634409 0.504762 0.637993 0.507937 0.637993 0.511111 0.641577 0.520635 0.641577 0.523810 0.637993 0.523810 0.623656 0.517460 0.616487 0.511111 0.616487 0.507937 0.620072
0 0.701587 0.623656 0.701587 0.627240 0.698413 0.630824 0.698413 0.641577 0.701587 0.645161 0.701587 0.648746 0.704762 0.648746 0.714286 0.655914 0.726984 0.655914 0.730159 0.652330 0.733333 0.652330 0.742857 0.637993 0.739683 0.634409 0.739683 0.627240 0.730159 0.616487 0.711111 0.616487
0 0.923810 0.616487 0.920635 0.620072 0.920635 0.634409 0.923810 0.637993 0.923810 0.641577 0.926984 0.645161 0.933333 0.645161 0.936508 0.648746 0.939683 0.645161 0.942857 0.645161 0.946032 0.641577 0.946032 0.627240 0.942857 0.623656 0.942857 0.620072 0.939683 0.616487
0 0.273016 0.620072 0.263492 0.620072 0.260317 0.623656 0.257143 0.623656 0.253968 0.627240 0.253968 0.637993 0.257143 0.637993 0.260317 0.641577 0.263492 0.641577 0.266667 0.637993 0.269841 0.637993 0.276190 0.630824 0.276190 0.623656
0 0.152381 0.623656 0.149206 0.627240 0.149206 0.648746 0.155556 0.655914 0.158730 0.655914 0.161905 0.659498 0.171429 0.659498 0.180952 0.648746 0.180952 0.641577 0.165079 0.627240 0.161905 0.627240 0.158730 0.623656
0 0.301587 0.630824 0.301587 0.645161 0.304762 0.648746 0.304762 0.652330 0.307937 0.655914 0.314286 0.655914 0.317460 0.659498 0.320635 0.659498 0.323810 0.655914 0.326984 0.655914 0.333333 0.648746 0.336508 0.648746 0.336508 0.645161 0.339683 0.641577 0.339683 0.630824 0.333333 0.623656 0.311111 0.623656 0.304762 0.630824
0 0.825397 0.630824 0.812698 0.630824 0.800000 0.641577 0.800000 0.645161 0.796825 0.648746 0.796825 0.673835 0.803175 0.681004 0.819048 0.681004 0.828571 0.670251 0.834921 0.648746 0.831746 0.645161 0.831746 0.637993
0 0.488889 0.641577 0.479365 0.641577 0.476190 0.645161 0.476190 0.648746 0.473016 0.652330 0.473016 0.655914 0.476190 0.659498 0.476190 0.663082 0.482540 0.663082 0.492063 0.652330 0.492063 0.645161
0 0.650794 0.645161 0.650794 0.648746 0.644444 0.659498 0.644444 0.670251 0.657143 0.684588 0.673016 0.684588 0.676190 0.681004 0.679365 0.681004 0.685714 0.670251 0.685714 0.652330 0.676190 0.641577 0.657143 0.641577 0.653968 0.645161
0 0.904762 0.648746 0.898413 0.655914 0.898413 0.670251 0.901587 0.673835 0.904762 0.673835 0.907937 0.677419 0.911111 0.677419 0.914286 0.673835 0.920635 0.673835 0.920635 0.670251 0.923810 0.666667 0.923810 0.659498 0.914286 0.648746
0 0.707937 0.659498 0.698413 0.666667 0.698413 0.673835 0.695238 0.677419 0.695238 0.688172 0.698413 0.691756 0.698413 0.695341 0.704762 0.702509 0.720635 0.702509 0.730159 0.691756 0.730159 0.688172 0.733333 0.684588 0.733333 0.677419 0.726984 0.666667
0 0.098413 0.666667 0.098413 0.677419 0.107937 0.688172 0.120635 0.688172 0.123810 0.684588 0.123810 0.670251 0.120635 0.666667 0.120635 0.663082 0.104762 0.663082 0.101587 0.666667
0 0.511111 0.663082 0.498413 0.663082 0.492063 0.670251 0.492063 0.688172 0.495238 0.691756 0.495238 0.695341 0.504762 0.702509 0.507937 0.698925 0.514286 0.698925 0.514286 0.695341 0.517460 0.691756 0.517460 0.670251
0 0.165079 0.673835 0.165079 0.677419 0.161905 0.681004 0.165079 0.684588 0.171429 0.684588 0.174603 0.688172 0.180952 0.688172 0.184127 0.684588 0.184127 0.677419 0.180952 0.673835 0.177778 0.673835 0.174603 0.670251 0.171429 0.670251 0.168254 0.673835
0 0.946032 0.677419 0.939683 0.684588 0.939683 0.691756 0.942857 0.695341 0.942857 0.698925 0.946032 0.698925 0.949206 0.702509 0.961905 0.702509 0.968254 0.695341 0.968254 0.681004 0.965079 0.677419
0 0.606349 0.688172 0.606349 0.698925 0.612698 0.698925 0.615873 0.702509 0.622222 0.702509 0.628571 0.695341 0.625397 0.691756 0.625397 0.688172 0.622222 0.684588 0.612698 0.684588 0.609524 0.688172
0 0.253968 0.688172 0.250794 0.691756 0.247619 0.691756 0.247619 0.695341 0.244444 0.698925 0.244444 0.706093 0.241270 0.709677 0.241270 0.720430 0.244444 0.724014 0.244444 0.731183 0.250794 0.738351 0.263492 0.738351 0.273016 0.720430 0.273016 0.698925 0.266667 0.688172
0 0.993651 0.691756 0.993651 0.695341 0.990476 0.698925 0.990476 0.709677 0.993651 0.713262 0.993651 0.716846 0.993651 0.713262 0.996825 0.709677 0.996825 0.698925 0.993651 0.695341
0 0.561905 0.698925 0.561905 0.709677 0.571429 0.720430 0.580952 0.720430 0.584127 0.716846 0.584127 0.702509 0.580952 0.698925 0.577778 0.698925 0.574603 0.695341 0.568254 0.695341 0.565079 0.698925
0 0.146032 0.698925 0.139683 0.698925 0.136508 0.702509 0.133333 0.702509 0.130159 0.706093 0.130159 0.716846 0.136508 0.724014 0.139683 0.724014 0.142857 0.720430 0.146032 0.720430 0.152381 0.713262 0.152381 0.706093
0 0.307937 0.702509 0.298413 0.702509 0.295238 0.698925 0.288889 0.698925 0.285714 0.702509 0.285714 0.709677 0.282540 0.713262 0.282540 0.716846 0.285714 0.720430 0.282540 0.724014 0.282540 0.731183 0.285714 0.734767 0.288889 0.734767 0.292063 0.731183 0.301587 0.727599 0.307937 0.720430 0.304762 0.716846 0.304762 0.709677 0.307937 0.706093
0 0.831746 0.709677 0.831746 0.713262 0.828571 0.716846 0.834921 0.724014 0.838095 0.724014 0.841270 0.727599 0.847619 0.727599 0.850794 0.731183 0.860317 0.731183 0.863492 0.727599 0.863492 0.724014 0.857143 0.713262 0.857143 0.706093 0.853968 0.702509 0.844444 0.698925 0.841270 0.702509 0.838095 0.702509
0 0.158730 0.720430 0.155556 0.720430 0.152381 0.716846 0.146032 0.724014 0.142857 0.724014 0.139683 0.727599 0.139683 0.731183 0.136508 0.734767 0.136508 0.745520 0.139683 0.749104 0.158730 0.749104 0.165079 0.741935 0.165079 0.731183 0.158730 0.724014
0 0.225397 0.720430 0.215873 0.724014 0.215873 0.727599 0.212698 0.731183 0.212698 0.749104 0.209524 0.752688 0.209524 0.756272 0.215873 0.767025 0.215873 0.777778 0.222222 0.777778 0.222222 0.774194 0.238095 0.756272 0.234921 0.738351
0 0.536508 0.720430 0.533333 0.724014 0.533333 0.727599 0.530159 0.731183 0.530159 0.738351 0.533333 0.741935 0.533333 0.745520 0.536508 0.749104 0.549206 0.749104 0.552381 0.745520 0.552381 0.727599 0.549206 0.724014 0.546032 0.724014 0.542857 0.720430
0 0.939683 0.724014 0.936508 0.727599 0.936508 0.734767 0.939683 0.738351 0.939683 0.741935 0.946032 0.749104 0.949206 0.745520 0.952381 0.745520 0.952381 0.731183 0.946032 0.724014
0 0.476190 0.734767 0.469841 0.727599 0.463492 0.727599 0.460317 0.731183 0.457143 0.731183 0.453968 0.734767 0.453968 0.738351 0.450794 0.741935 0.450794 0.745520 0.453968 0.749104 0.453968 0.752688 0.469841 0.752688 0.476190 0.745520
0 0.657143 0.727599 0.653968 0.731183 0.653968 0.738351 0.657143 0.741935 0.666667 0.741935 0.666667 0.734767 0.663492 0.731183 0.660317 0.731183
0 0.780952 0.734767 0.780952 0.745520 0.784127 0.749104 0.784127 0.752688 0.787302 0.756272 0.800000 0.756272 0.800000 0.752688 0.803175 0.749104 0.803175 0.741935 0.800000 0.738351 0.800000 0.734767 0.796825 0.731183 0.787302 0.731183 0.784127 0.734767
0 0.679365 0.741935 0.679365 0.752688 0.692063 0.752688 0.695238 0.749104 0.698413 0.749104 0.698413 0.741935 0.695238 0.738351 0.682540 0.738351
0 0.295238 0.756272 0.298413 0.767025 0.304762 0.767025 0.307937 0.770609 0.323810 0.770609 0.326984 0.767025 0.330159 0.767025 0.330159 0.763441 0.333333 0.759857 0.333333 0.749104 0.326984 0.741935 0.307937 0.741935 0.301587 0.749104 0.298413 0.749104 0.298413 0.752688
0 0.911111 0.745520 0.911111 0.749104 0.907937 0.752688 0.907937 0.767025 0.911111 0.770609 0.911111 0.774194 0.914286 0.777778 0.917460 0.777778 0.920635 0.781362 0.920635 0.784946 0.923810 0.784946 0.926984 0.781362 0.926984 0.777778 0.933333 0.767025 0.930159 0.763441 0.930159 0.756272 0.920635 0.745520
0 0.806349 0.749104 0.803175 0.752688 0.803175 0.759857 0.806349 0.763441 0.806349 0.774194 0.809524 0.774194 0.812698 0.777778 0.815873 0.777778 0.815873 0.774194 0.822222 0.767025 0.822222 0.763441 0.825397 0.759857 0.825397 0.752688 0.822222 0.749104
0 0.765079 0.756272 0.761905 0.759857 0.761905 0.763441 0.758730 0.767025 0.758730 0.777778 0.761905 0.781362 0.771429 0.781362 0.777778 0.774194 0.777778 0.759857 0.774603 0.759857 0.771429 0.756272
0 0.701587 0.770609 0.701587 0.774194 0.711111 0.784946 0.714286 0.784946 0.723810 0.792115 0.733333 0.792115 0.736508 0.788530 0.739683 0.788530 0.739683 0.774194 0.736508 0.770609 0.736508 0.767025 0.730159 0.759857 0.711111 0.759857
0 0.952381 0.770609 0.952381 0.777778 0.955556 0.781362 0.955556 0.784946 0.965079 0.792115 0.984127 0.792115 0.987302 0.788530 0.987302 0.777778 0.980952 0.767025 0.974603 0.767025 0.971429 0.763441 0.958730 0.763441
0 0.834921 0.774194 0.834921 0.788530 0.844444 0.795699 0.850794 0.795699 0.853968 0.792115 0.860317 0.792115 0.863492 0.788530 0.863492 0.777778 0.857143 0.770609 0.838095 0.770609
0 0.815873 0.781362 0.812698 0.781362 0.809524 0.777778 0.806349 0.777778 0.803175 0.781362 0.796825 0.781362 0.793651 0.784946 0.793651 0.795699 0.800000 0.802867 0.809524 0.802867 0.812698 0.799283 0.812698 0.795699 0.815873 0.792115
0 0.142857 0.781362 0.139683 0.784946 0.139683 0.799283 0.146032 0.806452 0.149206 0.806452 0.152381 0.810036 0.155556 0.810036 0.158730 0.806452 0.161905 0.806452 0.161905 0.802867 0.165079 0.799283 0.165079 0.788530 0.158730 0.781362
0 0.365079 0.781362 0.361905 0.784946 0.361905 0.788530 0.358730 0.792115 0.358730 0.802867 0.365079 0.810036 0.371429 0.810036 0.374603 0.806452 0.377778 0.806452 0.380952 0.802867 0.380952 0.788530 0.374603 0.781362
0 0.460317 0.792115 0.453968 0.799283 0.453968 0.802867 0.457143 0.806452 0.457143 0.810036 0.463492 0.817204 0.476190 0.817204 0.476190 0.802867 0.473016 0.799283 0.473016 0.795699 0.469841 0.795699 0.466667 0.792115
0 0.215873 0.802867 0.215873 0.810036 0.222222 0.817204 0.241270 0.817204 0.244444 0.813620 0.244444 0.806452 0.234921 0.795699 0.222222 0.795699
0 0.415873 0.802867 0.409524 0.813620 0.409524 0.824373 0.419048 0.835125 0.441270 0.835125 0.444444 0.831541 0.444444 0.813620 0.441270 0.813620 0.425397 0.802867
0 0.755556 0.806452 0.755556 0.813620 0.758730 0.817204 0.758730 0.820789 0.761905 0.820789 0.765079 0.824373 0.780952 0.824373 0.780952 0.810036 0.774603 0.802867 0.758730 0.802867
0 0.828571 0.813620 0.828571 0.817204 0.831746 0.820789 0.847619 0.820789 0.850794 0.817204 0.850794 0.813620 0.844444 0.806452 0.834921 0.806452
0 0.723810 0.810036 0.720635 0.813620 0.720635 0.817204 0.717460 0.820789 0.720635 0.824373 0.720635 0.831541 0.723810 0.831541 0.726984 0.835125 0.736508 0.835125 0.742857 0.827957 0.742857 0.817204 0.736508 0.810036
0 0.114286 0.817204 0.098413 0.817204 0.092063 0.824373 0.092063 0.827957 0.095238 0.831541 0.095238 0.842294 0.101587 0.849462 0.104762 0.849462 0.114286 0.842294 0.114286 0.831541 0.117460 0.827957 0.117460 0.820789
0 0.660317 0.817204 0.653968 0.817204 0.647619 0.827957 0.647619 0.845878 0.644444 0.849462 0.644444 0.881720 0.647619 0.885305 0.650794 0.885305 0.660317 0.874552 0.660317 0.870968 0.669841 0.856631 0.669841 0.831541
0 0.946032 0.824373 0.946032 0.831541 0.955556 0.842294 0.965079 0.842294 0.968254 0.845878 0.974603 0.845878 0.977778 0.842294 0.977778 0.827957 0.971429 0.820789 0.965079 0.820789 0.961905 0.817204 0.952381 0.817204
0 0.187302 0.820789 0.184127 0.824373 0.184127 0.842294 0.187302 0.845878 0.190476 0.845878 0.193651 0.849462 0.196825 0.845878 0.200000 0.845878 0.200000 0.838710 0.196825 0.835125 0.196825 0.824373 0.193651 0.820789
0 0.609524 0.824373 0.609524 0.827957 0.606349 0.831541 0.606349 0.842294 0.612698 0.849462 0.625397 0.849462 0.628571 0.845878 0.628571 0.831541 0.622222 0.824373
0 0.384127 0.827957 0.380952 0.831541 0.380952 0.842294 0.384127 0.845878 0.384127 0.849462 0.390476 0.856631 0.390476 0.860215 0.393651 0.863799 0.403175 0.863799 0.409524 0.856631 0.409524 0.849462 0.406349 0.845878 0.406349 0.842294 0.403175 0.842294 0.390476 0.827957
0 0.536508 0.838710 0.536508 0.853047 0.549206 0.867384 0.552381 0.867384 0.555556 0.870968 0.561905 0.863799 0.561905 0.845878 0.558730 0.842294 0.555556 0.842294 0.546032 0.835125 0.542857 0.835125 0.539683 0.838710
0 0.901587 0.838710 0.898413 0.842294 0.895238 0.842294 0.888889 0.853047 0.888889 0.863799 0.898413 0.870968 0.917460 0.856631 0.917460 0.849462 0.911111 0.842294 0.904762 0.842294
0 0.707937 0.842294 0.701587 0.849462 0.701587 0.863799 0.704762 0.867384 0.717460 0.867384 0.720635 0.863799 0.720635 0.849462 0.717460 0.845878 0.714286 0.845878 0.711111 0.842294
0 0.307937 0.853047 0.307937 0.860215 0.314286 0.867384 0.317460 0.867384 0.320635 0.870968 0.333333 0.870968 0.339683 0.860215 0.339683 0.849462 0.336508 0.845878 0.314286 0.845878
0 0.771429 0.845878 0.765079 0.845878 0.761905 0.849462 0.758730 0.849462 0.758730 0.853047 0.755556 0.856631 0.755556 0.874552 0.758730 0.878136 0.768254 0.878136 0.771429 0.874552 0.771429 0.870968 0.774603 0.867384 0.774603 0.860215 0.777778 0.856631 0.777778 0.853047
0 0.273016 0.853047 0.263492 0.863799 0.263492 0.874552 0.269841 0.885305 0.279365 0.885305 0.285714 0.878136 0.285714 0.870968 0.288889 0.867384 0.285714 0.863799 0.285714 0.856631 0.282540 0.853047
0 0.466667 0.856631 0.466667 0.870968 0.476190 0.870968 0.479365 0.867384 0.479365 0.860215 0.476190 0.856631
0 0.942857 0.856631 0.939683 0.860215 0.939683 0.874552 0.942857 0.878136 0.942857 0.881720 0.949206 0.888889 0.958730 0.888889 0.965079 0.881720 0.965079 0.878136 0.968254 0.874552 0.965079 0.870968 0.965079 0.863799 0.961905 0.863799 0.952381 0.856631
0 0.177778 0.860215 0.171429 0.867384 0.171429 0.878136 0.174603 0.881720 0.174603 0.885305 0.180952 0.892473 0.187302 0.892473 0.187302 0.888889 0.190476 0.885305 0.190476 0.870968 0.187302 0.867384 0.187302 0.863799 0.184127 0.863799 0.180952 0.860215
0 0.219048 0.863799 0.212698 0.870968 0.212698 0.881720 0.225397 0.896057 0.231746 0.896057 0.234921 0.892473 0.238095 0.892473 0.244444 0.881720 0.244444 0.870968 0.234921 0.863799
0 0.520635 0.867384 0.514286 0.874552 0.520635 0.881720 0.526984 0.881720 0.530159 0.878136 0.530159 0.874552 0.523810 0.867384
0 0.628571 0.867384 0.619048 0.867384 0.615873 0.870968 0.612698 0.870968 0.612698 0.874552 0.609524 0.878136 0.609524 0.888889 0.612698 0.888889 0.615873 0.892473 0.622222 0.892473 0.631746 0.881720 0.631746 0.870968
0 0.396825 0.885305 0.393651 0.888889 0.393651 0.903226 0.400000 0.910394 0.415873 0.910394 0.419048 0.906810 0.419048 0.892473 0.412698 0.885305
0 0.714286 0.885305 0.701587 0.885305 0.695238 0.892473 0.695238 0.899642 0.692063 0.903226 0.692063 0.906810 0.698413 0.913978 0.704762 0.913978 0.717460 0.899642 0.717460 0.888889
0 0.806349 0.888889 0.803175 0.892473 0.803175 0.899642 0.800000 0.903226 0.800000 0.906810 0.803175 0.910394 0.803175 0.913978 0.806349 0.913978 0.809524 0.917563 0.815873 0.917563 0.819048 0.913978 0.822222 0.913978 0.828571 0.906810 0.828571 0.896057 0.825397 0.892473 0.819048 0.892473 0.815873 0.888889
0 0.288889 0.899642 0.292063 0.903226 0.292063 0.906810 0.301587 0.917563 0.320635 0.917563 0.326984 0.906810 0.326984 0.903226 0.320635 0.896057 0.317460 0.896057 0.314286 0.892473 0.292063 0.892473 0.292063 0.896057
0 0.609524 0.892473 0.609524 0.896057 0.603175 0.903226 0.603175 0.913978 0.606349 0.917563 0.609524 0.917563 0.612698 0.921147 0.615873 0.921147 0.619048 0.917563 0.622222 0.917563 0.625397 0.913978 0.625397 0.906810 0.622222 0.903226 0.622222 0.899642 0.619048 0.896057 0.615873 0.896057 0.612698 0.892473
0 0.742857 0.899642 0.736508 0.910394 0.739683 0.913978 0.739683 0.917563 0.746032 0.924731 0.761905 0.924731 0.768254 0.917563 0.768254 0.906810 0.761905 0.899642 0.758730 0.899642 0.755556 0.896057 0.749206 0.896057 0.746032 0.899642
0 0.441270 0.899642 0.438095 0.903226 0.438095 0.924731 0.444444 0.931900 0.447619 0.931900 0.450794 0.935484 0.457143 0.935484 0.463492 0.928315 0.463492 0.924731 0.460317 0.921147 0.460317 0.913978 0.457143 0.910394 0.457143 0.906810 0.450794 0.899642
0 0.123810 0.903226 0.120635 0.906810 0.120635 0.917563 0.123810 0.921147 0.123810 0.924731 0.126984 0.928315 0.126984 0.931900 0.130159 0.931900 0.133333 0.935484 0.139683 0.935484 0.142857 0.931900 0.146032 0.931900 0.149206 0.928315 0.149206 0.917563 0.146032 0.913978 0.146032 0.910394 0.136508 0.903226
0 0.914286 0.903226 0.901587 0.903226 0.895238 0.910394 0.895238 0.924731 0.901587 0.931900 0.907937 0.931900 0.911111 0.928315 0.914286 0.928315 0.914286 0.924731 0.917460 0.921147 0.917460 0.910394 0.914286 0.906810
0 0.193651 0.910394 0.190476 0.913978 0.190476 0.935484 0.193651 0.939068 0.193651 0.942652 0.203175 0.949821 0.219048 0.949821 0.225397 0.942652 0.225397 0.928315 0.222222 0.924731 0.222222 0.921147 0.219048 0.917563 0.215873 0.917563 0.209524 0.910394
0 0.250794 0.913978 0.238095 0.913978 0.234921 0.917563 0.234921 0.935484 0.238095 0.939068 0.238095 0.942652 0.241270 0.946237 0.244444 0.946237 0.247619 0.942652 0.250794 0.942652 0.250794 0.939068 0.253968 0.935484 0.253968 0.921147 0.250794 0.917563
0 0.857143 0.921147 0.850794 0.928315 0.850794 0.931900 0.847619 0.935484 0.850794 0.939068 0.850794 0.946237 0.853968 0.946237 0.857143 0.949821 0.866667 0.949821 0.869841 0.946237 0.873016 0.946237 0.873016 0.942652 0.876190 0.939068 0.876190 0.931900 0.869841 0.924731 0.866667 0.924731 0.863492 0.921147
0 0.101587 0.924731 0.098413 0.928315 0.098413 0.931900 0.101587 0.935484 0.101587 0.985663 0.101587 0.982079 0.111111 0.974910 0.111111 0.953405 0.107937 0.949821 0.107937 0.935484
0 0.574603 0.931900 0.571429 0.935484 0.571429 0.946237 0.574603 0.949821 0.574603 0.953405 0.580952 0.960573 0.584127 0.960573 0.587302 0.964158 0.593651 0.964158 0.596825 0.960573 0.596825 0.942652 0.587302 0.931900
0 0.933333 0.935484 0.930159 0.939068 0.930159 0.953405 0.936508 0.960573 0.949206 0.960573 0.952381 0.956989 0.952381 0.942652 0.946032 0.935484
0 0.701587 0.939068 0.692063 0.939068 0.685714 0.946237 0.685714 0.953405 0.692063 0.960573 0.695238 0.960573 0.698413 0.956989 0.701587 0.956989
0 0.292063 0.942652 0.285714 0.949821 0.285714 0.960573 0.292063 0.967742 0.307937 0.967742 0.311111 0.964158 0.311111 0.953405 0.307937 0.949821 0.307937 0.946237 0.304762 0.946237 0.301587 0.942652
0 0.438095 0.946237 0.431746 0.946237 0.428571 0.942652 0.425397 0.942652 0.415873 0.949821 0.406349 0.949821 0.406349 0.953405 0.403175 0.956989 0.406349 0.960573 0.406349 0.964158 0.419048 0.964158 0.428571 0.956989 0.438095 0.956989
0 0.711111 0.942652 0.707937 0.946237 0.707937 0.949821 0.704762 0.953405 0.717460 0.967742 0.730159 0.967742 0.733333 0.964158 0.733333 0.953405 0.723810 0.942652
0 0.787302 0.953405 0.777778 0.953405 0.774603 0.956989 0.771429 0.956989 0.771429 0.960573 0.768254 0.964158 0.768254 0.974910 0.771429 0.978495 0.771429 0.982079 0.774603 0.982079 0.777778 0.985663 0.780952 0.985663 0.793651 0.971326 0.793651 0.956989 0.790476 0.956989
