0 0.212698 0.000000 0.203175 0.007194 0.203175 0.014388 0.209524 0.021583 0.225397 0.064748 0.238095 0.071942 0.247619 0.061151 0.247619 0.046763 0.241270 0.032374 0.238095 0.007194 0.228571 0.000000
0 0.685714 0.003597 0.685714 0.010791 0.688889 0.014388 0.698413 0.014388 0.701587 0.010791 0.701587 0.003597
0 0.390476 0.025180 0.390476 0.028777 0.387302 0.032374 0.387302 0.039568 0.390476 0.043165 0.390476 0.046763 0.393651 0.050360 0.406349 0.050360 0.406349 0.046763 0.409524 0.043165 0.409524 0.028777 0.406349 0.025180 0.403175 0.025180 0.400000 0.021583 0.396825 0.021583 0.393651 0.025180
0 0.304762 0.028777 0.295238 0.039568 0.295238 0.046763 0.292063 0.050360 0.292063 0.079137 0.307937 0.093525 0.320635 0.093525 0.336508 0.086331 0.346032 0.071942 0.346032 0.057554 0.339683 0.043165 0.323810 0.028777
0 0.571429 0.039568 0.571429 0.050360 0.574603 0.053957 0.590476 0.053957 0.593651 0.050360 0.593651 0.043165 0.587302 0.035971 0.574603 0.035971
0 0.123810 0.068345 0.123810 0.086331 0.130159 0.100719 0.146032 0.115108 0.171429 0.125899 0.193651 0.125899 0.206349 0.115108 0.215873 0.093525 0.212698 0.075540 0.200000 0.053957 0.184127 0.039568 0.168254 0.039568 0.149206 0.046763
0 0.726984 0.039568 0.720635 0.039568 0.720635 0.050360 0.714286 0.057554 0.714286 0.079137 0.720635 0.086331 0.723810 0.086331 0.733333 0.075540 0.733333 0.068345 0.736508 0.064748 0.733333 0.053957 0.726984 0.046763
0 0.523810 0.043165 0.520635 0.046763 0.514286 0.046763 0.511111 0.050360 0.511111 0.053957 0.507937 0.057554 0.507937 0.068345 0.511111 0.071942 0.514286 0.071942 0.517460 0.075540 0.520635 0.071942 0.523810 0.071942 0.526984 0.068345 0.526984 0.064748 0.530159 0.061151 0.530159 0.057554 0.533333 0.053957 0.533333 0.050360 0.530159 0.046763 0.526984 0.046763
0 0.926984 0.082734 0.885714 0.086331 0.882540 0.082734 0.911111 0.053957 0.873016 0.046763 0.838095 0.071942 0.825397 0.100719 0.831746 0.118705 0.869841 0.118705 0.885714 0.125899 0.895238 0.122302 0.911111 0.100719 0.917460 0.100719
0 0.298413 0.100719 0.298413 0.104317 0.295238 0.107914 0.298413 0.111511 0.298413 0.118705 0.311111 0.133094 0.314286 0.133094 0.317460 0.136691 0.323810 0.136691 0.336508 0.122302 0.336508 0.107914 0.333333 0.107914 0.317460 0.097122 0.307937 0.097122 0.304762 0.100719
0 0.726984 0.104317 0.723810 0.100719 0.720635 0.100719 0.717460 0.097122 0.714286 0.100719 0.707937 0.100719 0.704762 0.104317 0.704762 0.118705 0.707937 0.122302 0.720635 0.122302 0.726984 0.115108
0 0.993651 0.100719 0.968254 0.097122 0.926984 0.125899 0.920635 0.122302 0.914286 0.125899 0.911111 0.133094 0.914286 0.169065 0.936508 0.183453 0.958730 0.183453 0.993651 0.172662 0.996825 0.129496
0 0.517460 0.104317 0.511111 0.104317 0.492063 0.129496 0.495238 0.136691 0.492063 0.140288 0.495238 0.161871 0.498413 0.165468 0.504762 0.165468 0.511111 0.172662 0.511111 0.169065 0.533333 0.140288 0.533333 0.118705
0 0.596825 0.104317 0.593651 0.107914 0.593651 0.122302 0.600000 0.129496 0.609524 0.129496 0.615873 0.122302 0.615873 0.107914 0.612698 0.104317
0 0.469841 0.107914 0.466667 0.111511 0.466667 0.129496 0.473016 0.136691 0.485714 0.136691 0.488889 0.133094 0.488889 0.129496 0.492063 0.125899 0.492063 0.122302 0.488889 0.118705 0.488889 0.115108 0.482540 0.107914
0 0.406349 0.133094 0.406349 0.147482 0.409524 0.147482 0.412698 0.151079 0.425397 0.151079 0.428571 0.154676 0.431746 0.151079 0.434921 0.151079 0.434921 0.140288 0.431746 0.136691 0.431746 0.133094 0.428571 0.133094 0.419048 0.125899 0.415873 0.125899
0 0.641270 0.136691 0.625397 0.136691 0.619048 0.143885 0.619048 0.158273 0.622222 0.161871 0.631746 0.161871 0.644444 0.147482 0.644444 0.140288
0 0.190476 0.147482 0.187302 0.147482 0.184127 0.143885 0.180952 0.147482 0.177778 0.147482 0.174603 0.151079 0.174603 0.161871 0.177778 0.165468 0.187302 0.165468 0.187302 0.161871 0.190476 0.158273
0 0.234921 0.158273 0.228571 0.176259 0.228571 0.215827 0.238095 0.230216 0.263492 0.233813 0.288889 0.212230 0.292063 0.205036 0.292063 0.187050 0.269841 0.179856 0.247619 0.154676
0 0.349206 0.154676 0.339683 0.165468 0.339683 0.169065 0.333333 0.179856 0.333333 0.190647 0.339683 0.201439 0.342857 0.201439 0.349206 0.194245 0.349206 0.176259 0.352381 0.172662 0.349206 0.169065
0 0.692063 0.154676 0.685714 0.161871 0.685714 0.172662 0.692063 0.179856 0.707937 0.179856 0.711111 0.176259 0.711111 0.165468 0.701587 0.154676
0 0.530159 0.172662 0.530159 0.183453 0.533333 0.187050 0.542857 0.187050 0.546032 0.183453 0.549206 0.183453 0.549206 0.179856 0.552381 0.176259 0.552381 0.172662 0.549206 0.169065 0.549206 0.165468 0.536508 0.165468
0 0.384127 0.183453 0.380952 0.187050 0.380952 0.194245 0.384127 0.197842 0.384127 0.201439 0.390476 0.201439 0.393651 0.197842 0.393651 0.183453
0 0.587302 0.201439 0.577778 0.190647 0.574603 0.190647 0.571429 0.187050 0.565079 0.187050 0.561905 0.190647 0.555556 0.190647 0.539683 0.208633 0.539683 0.215827 0.549206 0.230216 0.565079 0.230216 0.568254 0.226619 0.577778 0.223022 0.577778 0.219424 0.587302 0.208633
0 0.676190 0.190647 0.676190 0.194245 0.682540 0.201439 0.692063 0.201439 0.692063 0.194245 0.688889 0.190647 0.685714 0.190647 0.682540 0.187050 0.679365 0.187050
0 0.098413 0.197842 0.104762 0.262590 0.117460 0.269784 0.142857 0.269784 0.149206 0.262590 0.149206 0.237410 0.146032 0.233813 0.146032 0.226619 0.130159 0.208633 0.111111 0.197842
0 0.453968 0.197842 0.447619 0.205036 0.447619 0.212230 0.444444 0.215827 0.444444 0.219424 0.447619 0.223022 0.463492 0.223022 0.469841 0.215827 0.469841 0.201439 0.466667 0.197842
0 0.993651 0.205036 0.990476 0.201439 0.968254 0.201439 0.955556 0.208633 0.946032 0.219424 0.942857 0.219424 0.936508 0.230216 0.936508 0.237410 0.942857 0.244604 0.977778 0.244604 0.993651 0.230216
0 0.733333 0.208633 0.730159 0.212230 0.726984 0.212230 0.720635 0.219424 0.720635 0.237410 0.730159 0.248201 0.739683 0.248201 0.749206 0.237410 0.749206 0.219424 0.742857 0.212230
0 0.603175 0.223022 0.603175 0.230216 0.606349 0.233813 0.606349 0.237410 0.609524 0.241007 0.612698 0.241007 0.615873 0.244604 0.619048 0.244604 0.622222 0.248201 0.625397 0.248201 0.631746 0.241007 0.631746 0.237410 0.628571 0.233813 0.628571 0.230216 0.622222 0.223022 0.619048 0.223022 0.615873 0.219424 0.609524 0.219424 0.606349 0.223022
0 0.507937 0.248201 0.504762 0.248201 0.501587 0.244604 0.488889 0.244604 0.482540 0.251799 0.479365 0.251799 0.469841 0.262590 0.479365 0.273381 0.479365 0.276978 0.485714 0.284173 0.488889 0.280576 0.498413 0.276978 0.504762 0.269784 0.504762 0.266187 0.507937 0.262590
0 0.523810 0.244604 0.514286 0.255396 0.514286 0.276978 0.517460 0.280576 0.517460 0.284173 0.523810 0.291367 0.536508 0.291367 0.546032 0.284173 0.546032 0.255396 0.539683 0.248201
0 0.692063 0.255396 0.692063 0.262590 0.695238 0.266187 0.698413 0.266187 0.701587 0.269784 0.707937 0.269784 0.711111 0.266187 0.711111 0.262590 0.701587 0.251799 0.698413 0.251799 0.695238 0.255396
0 0.793651 0.251799 0.787302 0.258993 0.787302 0.262590 0.790476 0.266187 0.790476 0.273381 0.800000 0.284173 0.806349 0.284173 0.809524 0.280576 0.812698 0.280576 0.815873 0.276978 0.815873 0.266187 0.806349 0.255396 0.800000 0.255396 0.796825 0.251799
0 0.158730 0.258993 0.136508 0.284173 0.130159 0.316547 0.133333 0.327338 0.142857 0.338129 0.165079 0.352518 0.180952 0.356115 0.200000 0.345324 0.200000 0.327338 0.190476 0.305755 0.190476 0.269784 0.174603 0.258993
0 0.406349 0.269784 0.400000 0.276978 0.400000 0.294964 0.409524 0.302158 0.415873 0.302158 0.425397 0.291367 0.425397 0.273381 0.422222 0.269784
0 0.558730 0.287770 0.546032 0.287770 0.520635 0.309353 0.520635 0.330935 0.526984 0.345324 0.536508 0.352518 0.549206 0.352518 0.558730 0.341727 0.558730 0.330935 0.565079 0.320144 0.565079 0.298561
0 0.834921 0.294964 0.828571 0.302158 0.828571 0.312950 0.844444 0.312950 0.850794 0.305755 0.850794 0.298561 0.847619 0.294964
0 0.885714 0.294964 0.885714 0.298561 0.888889 0.298561 0.892063 0.302158 0.892063 0.305755 0.895238 0.309353 0.895238 0.316547 0.904762 0.327338 0.914286 0.330935 0.917460 0.327338 0.917460 0.316547 0.911111 0.309353 0.911111 0.305755 0.907937 0.302158 0.904762 0.302158 0.895238 0.294964
0 0.479365 0.302158 0.479365 0.305755 0.473016 0.316547 0.473016 0.327338 0.476190 0.330935 0.476190 0.345324 0.485714 0.352518 0.495238 0.352518 0.498413 0.348921 0.501587 0.348921 0.501587 0.345324 0.507937 0.334532 0.507937 0.327338 0.498413 0.309353 0.495238 0.309353 0.492063 0.305755 0.482540 0.305755
0 0.812698 0.309353 0.803175 0.302158 0.800000 0.302158 0.790476 0.309353 0.784127 0.309353 0.771429 0.323741 0.771429 0.338129 0.780952 0.345324 0.796825 0.345324 0.809524 0.334532 0.809524 0.330935 0.812698 0.327338
0 0.590476 0.305755 0.580952 0.305755 0.577778 0.309353 0.577778 0.323741 0.574603 0.327338 0.574603 0.341727 0.580952 0.341727 0.590476 0.330935 0.590476 0.327338 0.593651 0.323741 0.593651 0.309353
0 0.892063 0.341727 0.885714 0.348921 0.885714 0.363309 0.892063 0.370504 0.895238 0.370504 0.898413 0.374101 0.901587 0.374101 0.904762 0.370504 0.907937 0.370504 0.914286 0.363309 0.914286 0.352518 0.907937 0.341727
0 0.796825 0.359712 0.796825 0.366906 0.800000 0.366906 0.809524 0.374101 0.825397 0.374101 0.828571 0.370504 0.828571 0.363309 0.825397 0.359712 0.825397 0.356115 0.822222 0.356115 0.819048 0.352518 0.803175 0.352518
0 0.104762 0.359712 0.092063 0.374101 0.088889 0.384892 0.092063 0.410072 0.107937 0.424460 0.117460 0.428058 0.149206 0.424460 0.158730 0.413669 0.158730 0.399281 0.152381 0.377698 0.139683 0.363309 0.126984 0.356115
0 0.952381 0.356115 0.952381 0.359712 0.949206 0.363309 0.949206 0.370504 0.952381 0.374101 0.961905 0.374101 0.968254 0.366906 0.968254 0.359712 0.965079 0.356115
0 0.419048 0.363309 0.409524 0.374101 0.409524 0.381295 0.415873 0.388489 0.425397 0.388489 0.431746 0.381295 0.431746 0.366906 0.428571 0.363309
0 0.644444 0.363309 0.641270 0.366906 0.641270 0.377698 0.647619 0.384892 0.650794 0.384892 0.653968 0.381295 0.657143 0.381295 0.657143 0.377698 0.660317 0.374101 0.650794 0.363309
0 0.685714 0.366906 0.685714 0.377698 0.688889 0.377698 0.692063 0.381295 0.698413 0.381295 0.701587 0.377698 0.701587 0.366906 0.698413 0.363309 0.692063 0.363309 0.688889 0.366906
0 0.298413 0.374101 0.288889 0.366906 0.282540 0.366906 0.279365 0.370504 0.273016 0.370504 0.266667 0.377698 0.266667 0.384892 0.273016 0.392086 0.273016 0.395683 0.288889 0.395683 0.298413 0.384892
0 0.647619 0.392086 0.641270 0.392086 0.638095 0.395683 0.634921 0.395683 0.631746 0.399281 0.631746 0.402878 0.628571 0.406475 0.634921 0.413669 0.644444 0.413669 0.647619 0.410072
0 0.723810 0.395683 0.720635 0.399281 0.720635 0.410072 0.723810 0.413669 0.733333 0.413669 0.736508 0.410072 0.736508 0.406475 0.733333 0.402878 0.733333 0.399281 0.730159 0.395683
0 0.358730 0.399281 0.352381 0.410072 0.352381 0.424460 0.355556 0.428058 0.374603 0.428058 0.380952 0.420863 0.380952 0.410072 0.371429 0.399281
0 0.780952 0.399281 0.765079 0.399281 0.765079 0.402878 0.761905 0.406475 0.761905 0.417266 0.768254 0.424460 0.771429 0.424460 0.774603 0.420863 0.777778 0.420863 0.784127 0.413669 0.784127 0.402878
0 0.561905 0.413669 0.549206 0.413669 0.546032 0.417266 0.546032 0.420863 0.542857 0.424460 0.542857 0.431655 0.546032 0.435252 0.546032 0.438849 0.549206 0.438849 0.552381 0.442446 0.555556 0.442446 0.565079 0.431655 0.565079 0.420863 0.561905 0.417266
0 0.834921 0.413669 0.828571 0.420863 0.828571 0.446043 0.831746 0.449640 0.831746 0.456835 0.834921 0.456835 0.841270 0.449640 0.844444 0.449640 0.844444 0.446043 0.847619 0.442446 0.847619 0.428058 0.844444 0.424460 0.844444 0.420863
0 0.882540 0.417266 0.876190 0.428058 0.876190 0.438849 0.882540 0.449640 0.885714 0.449640 0.888889 0.453237 0.892063 0.453237 0.895238 0.449640 0.898413 0.449640 0.898413 0.446043 0.901587 0.442446 0.901587 0.428058 0.895238 0.420863 0.892063 0.420863 0.888889 0.417266
0 0.796825 0.424460 0.796825 0.428058 0.793651 0.431655 0.793651 0.449640 0.796825 0.453237 0.800000 0.453237 0.803175 0.456835 0.806349 0.453237 0.809524 0.453237 0.812698 0.449640 0.812698 0.428058 0.809524 0.428058 0.806349 0.424460
0 0.460317 0.435252 0.460317 0.446043 0.466667 0.453237 0.469841 0.453237 0.479365 0.460432 0.482540 0.456835 0.488889 0.456835 0.488889 0.453237 0.492063 0.449640 0.492063 0.446043 0.488889 0.442446 0.488889 0.438849 0.479365 0.428058 0.469841 0.428058
0 0.615873 0.428058 0.606349 0.428058 0.596825 0.438849 0.596825 0.442446 0.600000 0.446043 0.600000 0.449640 0.603175 0.453237 0.609524 0.453237 0.612698 0.449640 0.615873 0.449640 0.619048 0.446043 0.619048 0.431655
0 0.514286 0.435252 0.514286 0.449640 0.517460 0.453237 0.520635 0.453237 0.526984 0.460432 0.539683 0.460432 0.542857 0.456835 0.542857 0.453237 0.539683 0.449640 0.539683 0.446043 0.533333 0.438849 0.533333 0.435252 0.526984 0.435252 0.523810 0.431655 0.520635 0.435252
0 0.952381 0.431655 0.952381 0.438849 0.961905 0.449640 0.961905 0.456835 0.965079 0.456835 0.968254 0.460432 0.971429 0.460432 0.974603 0.464029 0.977778 0.460432 0.977778 0.456835 0.974603 0.453237 0.974603 0.449640 0.968254 0.442446 0.965079 0.442446 0.955556 0.431655
0 0.730159 0.456835 0.733333 0.460432 0.749206 0.460432 0.755556 0.449640 0.758730 0.449640 0.761905 0.446043 0.765079 0.446043 0.761905 0.446043 0.758730 0.442446 0.752381 0.442446 0.749206 0.438849 0.736508 0.438849 0.733333 0.442446 0.730159 0.442446
0 0.234921 0.442446 0.231746 0.446043 0.231746 0.467626 0.234921 0.467626 0.238095 0.471223 0.244444 0.471223 0.247619 0.467626 0.250794 0.467626 0.250794 0.464029 0.253968 0.460432 0.253968 0.453237 0.244444 0.442446
0 0.365079 0.446043 0.365079 0.449640 0.361905 0.453237 0.361905 0.456835 0.365079 0.460432 0.365079 0.464029 0.368254 0.464029 0.371429 0.467626 0.380952 0.467626 0.387302 0.460432 0.387302 0.453237 0.380952 0.446043 0.377778 0.446043 0.374603 0.442446 0.371429 0.442446 0.368254 0.446043
0 0.323810 0.449640 0.311111 0.449640 0.304762 0.456835 0.304762 0.464029 0.307937 0.467626 0.307937 0.471223 0.311111 0.471223 0.314286 0.474820 0.317460 0.474820 0.320635 0.471223 0.320635 0.467626 0.323810 0.464029
0 0.628571 0.453237 0.622222 0.460432 0.622222 0.474820 0.625397 0.474820 0.628571 0.478417 0.638095 0.478417 0.644444 0.471223 0.644444 0.456835 0.641270 0.453237
0 0.901587 0.464029 0.895238 0.471223 0.895238 0.485612 0.898413 0.489209 0.911111 0.489209 0.917460 0.482014 0.917460 0.478417 0.920635 0.474820 0.920635 0.467626 0.917460 0.464029
0 0.850794 0.474820 0.844444 0.482014 0.844444 0.496403 0.853968 0.507194 0.863492 0.507194 0.869841 0.500000 0.869841 0.489209 0.866667 0.485612 0.866667 0.482014 0.860317 0.474820
0 0.165079 0.478417 0.136508 0.478417 0.126984 0.489209 0.123810 0.496403 0.123810 0.521583 0.130159 0.528777 0.136508 0.532374 0.146032 0.532374 0.155556 0.525180 0.161905 0.525180 0.161905 0.521583 0.174603 0.510791 0.177778 0.503597 0.177778 0.492806 0.174603 0.485612
0 0.222222 0.492806 0.215873 0.503597 0.215873 0.517986 0.219048 0.521583 0.219048 0.528777 0.228571 0.539568 0.234921 0.539568 0.238095 0.543165 0.253968 0.543165 0.263492 0.535971 0.263492 0.517986 0.257143 0.503597 0.244444 0.489209 0.231746 0.489209 0.228571 0.492806
0 0.384127 0.489209 0.374603 0.489209 0.368254 0.496403 0.368254 0.500000 0.365079 0.503597 0.365079 0.517986 0.368254 0.521583 0.377778 0.521583 0.387302 0.510791 0.387302 0.503597 0.390476 0.500000
0 0.819048 0.489209 0.815873 0.492806 0.815873 0.500000 0.809524 0.510791 0.809524 0.532374 0.815873 0.539568 0.819048 0.539568 0.822222 0.535971 0.822222 0.525180 0.825397 0.521583 0.825397 0.503597 0.822222 0.500000
0 0.577778 0.507194 0.577778 0.510791 0.593651 0.528777 0.609524 0.528777 0.615873 0.521583 0.615873 0.510791 0.609524 0.503597 0.603175 0.503597 0.600000 0.500000 0.587302 0.500000
0 0.311111 0.521583 0.298413 0.528777 0.295238 0.535971 0.295238 0.564748 0.298413 0.571942 0.311111 0.586331 0.311111 0.589928 0.317460 0.593525 0.323810 0.579137 0.323810 0.564748 0.320635 0.561151 0.317460 0.521583
0 0.841270 0.525180 0.834921 0.532374 0.834921 0.543165 0.831746 0.546763 0.831746 0.550360 0.834921 0.553957 0.834921 0.561151 0.841270 0.568345 0.844444 0.568345 0.847619 0.571942 0.853968 0.571942 0.860317 0.564748 0.860317 0.561151 0.866667 0.550360 0.866667 0.535971 0.863492 0.532374 0.863492 0.528777 0.860317 0.528777 0.857143 0.525180
0 0.168254 0.528777 0.155556 0.528777 0.142857 0.535971 0.139683 0.543165 0.139683 0.550360 0.136508 0.553957 0.139683 0.557554 0.139683 0.568345 0.155556 0.582734 0.161905 0.582734 0.168254 0.579137 0.180952 0.561151 0.180952 0.543165 0.177778 0.535971
0 0.349206 0.535971 0.346032 0.535971 0.342857 0.539568 0.342857 0.553957 0.346032 0.553957 0.349206 0.550360
0 0.450794 0.539568 0.441270 0.553957 0.441270 0.568345 0.444444 0.571942 0.444444 0.579137 0.453968 0.589928 0.469841 0.589928 0.473016 0.586331 0.479365 0.586331 0.482540 0.579137 0.482540 0.550360 0.469841 0.539568
0 0.374603 0.546763 0.371429 0.550360 0.371429 0.568345 0.374603 0.568345 0.377778 0.571942 0.387302 0.571942 0.393651 0.564748 0.393651 0.550360 0.390476 0.546763
0 0.098413 0.564748 0.101587 0.568345 0.104762 0.564748 0.114286 0.564748 0.117460 0.561151 0.120635 0.561151 0.120635 0.557554 0.117460 0.553957 0.101587 0.553957 0.101587 0.557554 0.098413 0.561151
0 0.526984 0.561151 0.520635 0.557554 0.511111 0.557554 0.498413 0.564748 0.482540 0.582734 0.482540 0.600719 0.498413 0.611511 0.504762 0.611511 0.507937 0.607914 0.520635 0.604317 0.533333 0.586331 0.533333 0.568345
0 0.130159 0.579137 0.120635 0.571942 0.114286 0.571942 0.111111 0.575540 0.107937 0.575540 0.104762 0.579137 0.101587 0.579137 0.101587 0.582734 0.098413 0.586331 0.098413 0.593525 0.101587 0.597122 0.107937 0.597122 0.111111 0.600719 0.114286 0.597122 0.123810 0.597122 0.130159 0.589928
0 0.203175 0.571942 0.200000 0.575540 0.196825 0.575540 0.196825 0.579137 0.193651 0.582734 0.193651 0.597122 0.200000 0.607914 0.209524 0.607914 0.215873 0.600719 0.215873 0.579137 0.209524 0.571942
0 0.412698 0.571942 0.403175 0.582734 0.400000 0.589928 0.400000 0.611511 0.415873 0.622302 0.431746 0.622302 0.438095 0.618705 0.444444 0.611511 0.444444 0.600719 0.441270 0.597122 0.441270 0.589928 0.428571 0.575540 0.422222 0.571942
0 0.603175 0.571942 0.596825 0.582734 0.596825 0.593525 0.600000 0.597122 0.600000 0.600719 0.612698 0.611511 0.619048 0.611511 0.622222 0.615108 0.638095 0.615108 0.641270 0.611511 0.641270 0.589928 0.628571 0.575540 0.625397 0.575540 0.622222 0.571942
0 0.238095 0.582734 0.231746 0.589928 0.231746 0.597122 0.234921 0.600719 0.234921 0.604317 0.238095 0.607914 0.238095 0.611511 0.241270 0.611511 0.244444 0.615108 0.247619 0.615108 0.257143 0.607914 0.257143 0.604317 0.260317 0.600719 0.260317 0.593525 0.253968 0.582734
0 0.774603 0.582734 0.768254 0.589928 0.768254 0.600719 0.771429 0.604317 0.771429 0.607914 0.780952 0.607914 0.787302 0.600719 0.787302 0.589928 0.780952 0.582734
0 0.987302 0.586331 0.980952 0.593525 0.980952 0.600719 0.984127 0.604317 0.984127 0.607914 0.993651 0.618705 0.996825 0.615108 0.996825 0.586331
0 0.282540 0.589928 0.276190 0.597122 0.276190 0.615108 0.279365 0.618705 0.288889 0.618705 0.295238 0.611511 0.295238 0.597122 0.288889 0.589928
0 0.339683 0.593525 0.336508 0.593525 0.336508 0.600719 0.330159 0.607914 0.330159 0.618705 0.333333 0.615108 0.336508 0.615108 0.339683 0.611511
0 0.939683 0.597122 0.936508 0.600719 0.933333 0.600719 0.930159 0.604317 0.930159 0.618705 0.936508 0.625899 0.946032 0.625899 0.952381 0.618705 0.952381 0.604317 0.946032 0.597122
0 0.746032 0.604317 0.742857 0.607914 0.742857 0.618705 0.746032 0.622302 0.749206 0.622302 0.752381 0.618705 0.752381 0.607914 0.749206 0.604317
0 0.653968 0.607914 0.638095 0.633094 0.631746 0.647482 0.631746 0.654676 0.628571 0.658273 0.638095 0.672662 0.644444 0.672662 0.653968 0.661871 0.660317 0.647482 0.660317 0.640288 0.663492 0.636691 0.663492 0.629496 0.660317 0.625899 0.660317 0.611511
0 0.892063 0.607914 0.888889 0.611511 0.888889 0.625899 0.892063 0.629496 0.895238 0.629496 0.898413 0.633094 0.901587 0.633094 0.904762 0.629496 0.907937 0.629496 0.907937 0.625899 0.911111 0.622302 0.911111 0.615108 0.904762 0.607914
0 0.584127 0.611511 0.574603 0.625899 0.574603 0.643885 0.577778 0.647482 0.577778 0.654676 0.587302 0.669065 0.603175 0.669065 0.609524 0.658273 0.609524 0.643885 0.606349 0.640288 0.606349 0.633094 0.590476 0.611511
0 0.139683 0.633094 0.130159 0.633094 0.123810 0.640288 0.123810 0.647482 0.120635 0.651079 0.120635 0.654676 0.123810 0.658273 0.123810 0.661871 0.126984 0.661871 0.130159 0.665468 0.133333 0.665468 0.136508 0.661871 0.139683 0.661871 0.146032 0.654676 0.146032 0.643885
0 0.549206 0.633094 0.546032 0.636691 0.546032 0.640288 0.549206 0.643885 0.539683 0.651079 0.539683 0.665468 0.552381 0.679856 0.555556 0.679856 0.558730 0.683453 0.568254 0.683453 0.571429 0.679856 0.571429 0.672662 0.561905 0.658273 0.561905 0.647482
0 0.990476 0.633094 0.984127 0.640288 0.984127 0.651079 0.990476 0.658273 0.996825 0.658273 0.996825 0.636691 0.993651 0.633094
0 0.761905 0.636691 0.758730 0.640288 0.758730 0.651079 0.761905 0.654676 0.761905 0.658273 0.765079 0.661871 0.777778 0.661871 0.780952 0.658273 0.780952 0.643885 0.774603 0.636691
0 0.323810 0.640288 0.320635 0.643885 0.320635 0.651079 0.317460 0.654676 0.320635 0.658273 0.320635 0.661871 0.323810 0.665468 0.333333 0.665468 0.336508 0.661871 0.336508 0.658273 0.339683 0.654676 0.339683 0.647482 0.333333 0.640288
0 0.260317 0.643885 0.250794 0.654676 0.250794 0.658273 0.253968 0.661871 0.253968 0.665468 0.260317 0.672662 0.269841 0.672662 0.279365 0.661871 0.279365 0.658273 0.282540 0.654676 0.279365 0.651079 0.279365 0.647482 0.276190 0.647482 0.273016 0.643885
0 0.730159 0.651079 0.726984 0.654676 0.726984 0.672662 0.733333 0.679856 0.742857 0.679856 0.749206 0.672662 0.749206 0.661871 0.746032 0.658273 0.746032 0.654676 0.742857 0.651079
0 0.873016 0.658273 0.873016 0.669065 0.879365 0.676259 0.882540 0.676259 0.885714 0.679856 0.892063 0.679856 0.895238 0.676259 0.898413 0.676259 0.898413 0.672662 0.901587 0.669065 0.901587 0.665468 0.898413 0.661871 0.898413 0.658273 0.888889 0.651079 0.879365 0.651079
0 0.438095 0.654676 0.428571 0.654676 0.425397 0.658273 0.425397 0.661871 0.415873 0.672662 0.415873 0.676259 0.409524 0.687050 0.409524 0.708633 0.412698 0.712230 0.419048 0.712230 0.422222 0.708633 0.425397 0.708633 0.434921 0.697842 0.434921 0.694245 0.438095 0.690647 0.438095 0.683453 0.441270 0.679856 0.441270 0.658273
0 0.977778 0.669065 0.974603 0.669065 0.971429 0.665468 0.965079 0.665468 0.961905 0.669065 0.958730 0.669065 0.952381 0.676259 0.952381 0.687050 0.958730 0.694245 0.965079 0.694245 0.968254 0.690647 0.971429 0.690647 0.974603 0.687050 0.977778 0.687050 0.977778 0.683453 0.980952 0.679856 0.980952 0.676259 0.977778 0.672662
0 0.174603 0.687050 0.180952 0.694245 0.184127 0.694245 0.187302 0.697842 0.190476 0.697842 0.193651 0.694245 0.196825 0.694245 0.203175 0.687050 0.203175 0.683453 0.200000 0.679856 0.200000 0.676259 0.196825 0.676259 0.193651 0.672662 0.180952 0.672662 0.177778 0.676259 0.177778 0.683453
0 0.320635 0.672662 0.317460 0.676259 0.317460 0.687050 0.320635 0.690647 0.320635 0.694245 0.323810 0.697842 0.336508 0.697842 0.336508 0.687050 0.333333 0.683453 0.333333 0.679856 0.330159 0.676259 0.326984 0.676259 0.323810 0.672662
0 0.625397 0.679856 0.615873 0.676259 0.612698 0.679856 0.603175 0.679856 0.590476 0.687050 0.580952 0.701439 0.580952 0.715827 0.584127 0.723022 0.603175 0.723022 0.609524 0.719424 0.622222 0.705036 0.625397 0.697842
0 0.771429 0.676259 0.761905 0.683453 0.758730 0.690647 0.758730 0.697842 0.761905 0.701439 0.761905 0.708633 0.768254 0.712230 0.774603 0.712230 0.777778 0.715827 0.774603 0.723022 0.784127 0.723022 0.796825 0.712230 0.800000 0.705036 0.800000 0.687050 0.790476 0.676259
0 0.844444 0.676259 0.841270 0.676259 0.838095 0.679856 0.831746 0.679856 0.825397 0.687050 0.825397 0.694245 0.822222 0.697842 0.822222 0.705036 0.825397 0.708633 0.834921 0.708633 0.844444 0.697842 0.844444 0.694245 0.850794 0.683453
0 0.225397 0.687050 0.228571 0.690647 0.228571 0.697842 0.238095 0.712230 0.238095 0.715827 0.247619 0.715827 0.250794 0.712230 0.263492 0.712230 0.269841 0.705036 0.266667 0.694245 0.260317 0.687050 0.253968 0.687050 0.250794 0.683453 0.244444 0.683453 0.241270 0.679856 0.234921 0.679856 0.231746 0.683453 0.228571 0.679856 0.228571 0.683453
0 0.901587 0.694245 0.898413 0.697842 0.898413 0.701439 0.895238 0.705036 0.898413 0.708633 0.898413 0.712230 0.904762 0.719424 0.917460 0.719424 0.917460 0.715827 0.920635 0.712230 0.920635 0.705036 0.917460 0.701439 0.917460 0.697842 0.914286 0.694245
0 0.158730 0.697842 0.155556 0.697842 0.152381 0.701439 0.149206 0.701439 0.142857 0.712230 0.142857 0.733813 0.146032 0.737410 0.155556 0.737410 0.158730 0.733813 0.158730 0.726619 0.161905 0.723022 0.161905 0.701439
0 0.653968 0.705036 0.650794 0.708633 0.650794 0.726619 0.657143 0.733813 0.660317 0.730216 0.663492 0.733813 0.669841 0.733813 0.676190 0.726619 0.676190 0.723022 0.679365 0.719424 0.676190 0.715827 0.676190 0.708633 0.673016 0.708633 0.669841 0.705036
0 0.993651 0.708633 0.990476 0.705036 0.971429 0.705036 0.968254 0.708633 0.958730 0.712230 0.955556 0.715827 0.952381 0.726619 0.955556 0.730216 0.955556 0.733813 0.958730 0.733813 0.961905 0.737410 0.980952 0.737410 0.984127 0.733813 0.987302 0.733813 0.993651 0.726619
0 0.180952 0.708633 0.180952 0.712230 0.174603 0.719424 0.174603 0.726619 0.177778 0.730216 0.177778 0.733813 0.193651 0.733813 0.200000 0.726619 0.200000 0.712230 0.196825 0.712230 0.193651 0.708633
0 0.511111 0.712230 0.511111 0.723022 0.520635 0.733813 0.530159 0.733813 0.533333 0.737410 0.542857 0.726619 0.542857 0.723022 0.546032 0.719424 0.546032 0.715827 0.536508 0.708633 0.514286 0.708633
0 0.857143 0.719424 0.857143 0.730216 0.860317 0.733813 0.866667 0.733813 0.869841 0.730216 0.873016 0.730216 0.873016 0.715827 0.860317 0.715827
0 0.549206 0.719424 0.539683 0.733813 0.539683 0.741007 0.542857 0.744604 0.542857 0.748201 0.555556 0.758993 0.568254 0.758993 0.571429 0.755396 0.574603 0.755396 0.580952 0.748201 0.580952 0.730216 0.577778 0.726619 0.574603 0.726619 0.571429 0.723022 0.565079 0.723022 0.561905 0.719424 0.558730 0.719424 0.555556 0.723022 0.552381 0.723022
0 0.698413 0.723022 0.695238 0.726619 0.695238 0.730216 0.692063 0.733813 0.692063 0.737410 0.695238 0.741007 0.695238 0.744604 0.698413 0.744604 0.701587 0.748201 0.707937 0.748201 0.711111 0.744604 0.714286 0.744604 0.714286 0.730216 0.711111 0.726619 0.711111 0.723022
0 0.244444 0.730216 0.241270 0.733813 0.241270 0.737410 0.238095 0.741007 0.241270 0.744604 0.241270 0.748201 0.244444 0.751799 0.260317 0.751799 0.263492 0.748201 0.263492 0.744604 0.266667 0.741007 0.266667 0.733813 0.263492 0.730216
0 0.374603 0.733813 0.374603 0.744604 0.377778 0.748201 0.377778 0.755396 0.384127 0.762590 0.393651 0.762590 0.396825 0.758993 0.396825 0.748201 0.387302 0.737410 0.384127 0.737410 0.380952 0.733813
0 0.593651 0.748201 0.596825 0.758993 0.600000 0.758993 0.603175 0.762590 0.606349 0.762590 0.609524 0.758993 0.612698 0.762590 0.615873 0.762590 0.619048 0.758993 0.622222 0.758993 0.628571 0.751799 0.628571 0.748201 0.622222 0.741007 0.622222 0.737410 0.619048 0.737410 0.615873 0.733813 0.603175 0.733813 0.596825 0.741007 0.596825 0.744604
0 0.434921 0.741007 0.428571 0.748201 0.431746 0.751799 0.431746 0.755396 0.434921 0.758993 0.438095 0.758993 0.441270 0.762590 0.444444 0.762590 0.447619 0.766187 0.450794 0.766187 0.457143 0.758993 0.457143 0.751799 0.453968 0.748201 0.453968 0.744604 0.450794 0.744604 0.447619 0.741007
0 0.339683 0.751799 0.336508 0.755396 0.336508 0.769784 0.346032 0.780576 0.355556 0.780576 0.361905 0.773381 0.361905 0.766187 0.358730 0.762590 0.358730 0.758993 0.352381 0.751799
0 0.844444 0.755396 0.844444 0.762590 0.841270 0.766187 0.850794 0.766187 0.853968 0.762590 0.860317 0.769784 0.860317 0.776978 0.866667 0.776978 0.869841 0.780576 0.882540 0.780576 0.882540 0.766187 0.879365 0.762590 0.876190 0.762590 0.873016 0.758993 0.863492 0.758993 0.853968 0.751799 0.847619 0.751799
0 0.987302 0.751799 0.980952 0.758993 0.980952 0.762590 0.987302 0.769784 0.993651 0.769784 0.993651 0.751799
0 0.809524 0.755396 0.803175 0.755396 0.800000 0.758993 0.796825 0.758993 0.796825 0.762590 0.793651 0.766187 0.793651 0.776978 0.800000 0.784173 0.806349 0.784173 0.809524 0.780576 0.812698 0.780576 0.812698 0.776978 0.815873 0.773381 0.815873 0.762590
0 0.669841 0.762590 0.660317 0.773381 0.660317 0.780576 0.663492 0.784173 0.663492 0.787770 0.679365 0.787770 0.685714 0.780576 0.685714 0.769784 0.679365 0.762590
0 0.726984 0.769784 0.726984 0.780576 0.730159 0.784173 0.730159 0.787770 0.733333 0.787770 0.739683 0.794964 0.755556 0.798561 0.758730 0.794964 0.765079 0.794964 0.774603 0.787770 0.774603 0.780576 0.761905 0.769784 0.736508 0.769784 0.733333 0.766187 0.730159 0.766187
0 0.838095 0.766187 0.834921 0.769784 0.831746 0.769784 0.825397 0.776978 0.825397 0.787770 0.831746 0.794964 0.841270 0.794964 0.847619 0.787770 0.847619 0.773381 0.844444 0.773381
0 0.926984 0.766187 0.917460 0.766187 0.914286 0.769784 0.911111 0.769784 0.904762 0.776978 0.904762 0.784173 0.907937 0.787770 0.911111 0.787770 0.914286 0.791367 0.917460 0.791367 0.920635 0.787770 0.926984 0.787770 0.933333 0.780576 0.933333 0.773381
0 0.298413 0.773381 0.295238 0.776978 0.295238 0.787770 0.298413 0.791367 0.298413 0.794964 0.295238 0.798561 0.298413 0.798561 0.301587 0.802158 0.304762 0.798561 0.307937 0.798561 0.314286 0.805755 0.323810 0.805755 0.326984 0.802158 0.326984 0.787770 0.320635 0.780576 0.320635 0.776978 0.314286 0.769784 0.304762 0.769784 0.301587 0.773381
0 0.161905 0.780576 0.149206 0.791367 0.149206 0.798561 0.146032 0.802158 0.146032 0.805755 0.155556 0.820144 0.171429 0.820144 0.177778 0.812950 0.180952 0.812950 0.187302 0.805755 0.190476 0.805755 0.193651 0.794964 0.184127 0.784173 0.177778 0.784173 0.174603 0.780576
0 0.523810 0.784173 0.517460 0.791367 0.517460 0.798561 0.523810 0.805755 0.533333 0.805755 0.539683 0.798561 0.539683 0.791367 0.533333 0.784173
0 0.968254 0.787770 0.968254 0.798561 0.980952 0.812950 0.987302 0.812950 0.990476 0.809353 0.993651 0.809353 0.993651 0.794964 0.990476 0.791367 0.987302 0.791367 0.984127 0.787770
0 0.393651 0.791367 0.390476 0.794964 0.390476 0.805755 0.400000 0.816547 0.412698 0.816547 0.415873 0.812950 0.415873 0.802158 0.409524 0.794964 0.406349 0.794964 0.403175 0.791367
0 0.609524 0.791367 0.603175 0.802158 0.603175 0.809353 0.606349 0.812950 0.606349 0.816547 0.609524 0.816547 0.612698 0.820144 0.625397 0.820144 0.631746 0.812950 0.631746 0.802158 0.622222 0.791367
0 0.111111 0.802158 0.111111 0.805755 0.107937 0.809353 0.107937 0.812950 0.111111 0.816547 0.111111 0.820144 0.114286 0.820144 0.117460 0.823741 0.126984 0.823741 0.130159 0.820144 0.130159 0.805755 0.123810 0.798561 0.117460 0.798561 0.114286 0.802158
0 0.444444 0.798561 0.441270 0.802158 0.438095 0.802158 0.434921 0.805755 0.434921 0.823741 0.438095 0.827338 0.450794 0.827338 0.453968 0.823741 0.453968 0.820144 0.457143 0.816547 0.457143 0.809353 0.450794 0.802158 0.447619 0.802158
0 0.873016 0.802158 0.869841 0.802158 0.866667 0.798561 0.860317 0.798561 0.857143 0.802158 0.850794 0.802158 0.850794 0.805755 0.847619 0.809353 0.847619 0.820144 0.853968 0.827338 0.866667 0.827338 0.873016 0.820144 0.873016 0.816547 0.876190 0.812950 0.876190 0.809353 0.873016 0.805755
0 0.933333 0.798561 0.930159 0.802158 0.930159 0.805755 0.926984 0.809353 0.930159 0.812950 0.930159 0.816547 0.936508 0.823741 0.942857 0.823741 0.946032 0.820144 0.949206 0.820144 0.952381 0.816547 0.952381 0.809353 0.949206 0.805755 0.949206 0.802158 0.946032 0.798561
0 0.298413 0.802158 0.288889 0.802158 0.279365 0.812950 0.279365 0.834532 0.282540 0.838129 0.288889 0.838129 0.301587 0.823741 0.301587 0.820144 0.304762 0.816547 0.304762 0.809353
0 0.346032 0.805755 0.342857 0.809353 0.342857 0.827338 0.346032 0.827338 0.349206 0.830935 0.355556 0.830935 0.358730 0.827338 0.361905 0.827338 0.361905 0.823741 0.365079 0.820144 0.365079 0.812950 0.358730 0.805755
0 0.711111 0.812950 0.711111 0.823741 0.717460 0.830935 0.720635 0.830935 0.723810 0.827338 0.730159 0.827338 0.733333 0.823741 0.736508 0.823741 0.739683 0.820144 0.739683 0.812950 0.736508 0.809353 0.733333 0.809353 0.730159 0.805755 0.717460 0.805755
0 0.761905 0.809353 0.761905 0.812950 0.758730 0.816547 0.758730 0.820144 0.768254 0.830935 0.774603 0.830935 0.777778 0.834532 0.787302 0.834532 0.793651 0.827338 0.793651 0.816547 0.787302 0.809353 0.784127 0.809353 0.780952 0.805755 0.768254 0.805755 0.765079 0.809353
0 0.809524 0.805755 0.809524 0.816547 0.812698 0.820144 0.815873 0.816547 0.822222 0.816547 0.822222 0.809353 0.819048 0.809353 0.815873 0.805755
0 0.907937 0.805755 0.898413 0.805755 0.892063 0.809353 0.885714 0.823741 0.885714 0.830935 0.879365 0.841727 0.879365 0.848921 0.885714 0.859712 0.898413 0.859712 0.911111 0.848921 0.914286 0.848921 0.917460 0.841727 0.917460 0.820144
0 0.253968 0.827338 0.250794 0.830935 0.250794 0.838129 0.257143 0.845324 0.260317 0.841727 0.260317 0.830935 0.257143 0.827338
0 0.441270 0.845324 0.444444 0.848921 0.444444 0.852518 0.447619 0.856115 0.460317 0.856115 0.463492 0.852518 0.463492 0.841727 0.460317 0.838129 0.444444 0.838129 0.444444 0.841727
0 0.241270 0.845324 0.238095 0.845324 0.234921 0.841727 0.231746 0.841727 0.228571 0.845324 0.225397 0.845324 0.222222 0.848921 0.222222 0.852518 0.219048 0.856115 0.219048 0.863309 0.225397 0.870504 0.238095 0.870504 0.241270 0.866906 0.241270 0.863309 0.244444 0.859712 0.244444 0.848921
0 0.365079 0.841727 0.361905 0.845324 0.361905 0.863309 0.368254 0.870504 0.374603 0.870504 0.384127 0.859712 0.384127 0.852518 0.380952 0.848921 0.380952 0.845324 0.377778 0.841727
0 0.746032 0.845324 0.742857 0.841727 0.730159 0.841727 0.714286 0.856115 0.711111 0.852518 0.711111 0.856115 0.717460 0.856115 0.720635 0.852518 0.726984 0.852518 0.730159 0.856115 0.726984 0.859712 0.739683 0.859712 0.746032 0.852518
0 0.514286 0.845324 0.507937 0.852518 0.507937 0.859712 0.511111 0.863309 0.511111 0.870504 0.514286 0.874101 0.523810 0.874101 0.530159 0.866906 0.530159 0.863309 0.533333 0.859712 0.530159 0.856115 0.530159 0.852518 0.526984 0.848921 0.523810 0.848921 0.520635 0.845324
0 0.761905 0.845324 0.761905 0.848921 0.758730 0.852518 0.758730 0.859712 0.755556 0.863309 0.755556 0.877698 0.758730 0.877698 0.761905 0.881295 0.777778 0.881295 0.784127 0.870504 0.784127 0.856115 0.777778 0.848921 0.774603 0.848921 0.771429 0.845324
0 0.606349 0.848921 0.603175 0.852518 0.603175 0.866906 0.606349 0.870504 0.609524 0.870504 0.612698 0.866906 0.619048 0.866906 0.619048 0.863309 0.622222 0.859712 0.622222 0.856115 0.619048 0.852518 0.619048 0.848921
0 0.850794 0.848921 0.841270 0.848921 0.838095 0.852518 0.834921 0.852518 0.831746 0.856115 0.831746 0.859712 0.828571 0.863309 0.828571 0.866906 0.838095 0.877698 0.844444 0.877698 0.847619 0.874101 0.850794 0.874101 0.857143 0.866906 0.857143 0.856115
0 0.133333 0.852518 0.130159 0.856115 0.130159 0.863309 0.126984 0.866906 0.126984 0.888489 0.133333 0.899281 0.142857 0.899281 0.149206 0.892086 0.149206 0.866906 0.146032 0.863309 0.146032 0.859712 0.139683 0.852518
0 0.177778 0.852518 0.171429 0.859712 0.171429 0.877698 0.174603 0.881295 0.174603 0.884892 0.184127 0.884892 0.193651 0.874101 0.193651 0.859712 0.190476 0.856115 0.187302 0.856115 0.184127 0.852518
0 0.587302 0.859712 0.584127 0.856115 0.580952 0.856115 0.577778 0.852518 0.574603 0.852518 0.571429 0.856115 0.568254 0.856115 0.561905 0.863309 0.561905 0.870504 0.565079 0.874101 0.565079 0.877698 0.580952 0.877698 0.587302 0.870504
0 0.803175 0.852518 0.796825 0.863309 0.796825 0.877698 0.803175 0.884892 0.815873 0.884892 0.815873 0.881295 0.819048 0.877698 0.819048 0.863309 0.812698 0.856115 0.812698 0.852518
0 0.092063 0.856115 0.095238 0.859712 0.092063 0.863309 0.092063 0.902878 0.101587 0.910072 0.111111 0.910072 0.117460 0.902878 0.117460 0.895683 0.123810 0.888489 0.123810 0.877698 0.111111 0.863309 0.104762 0.863309 0.098413 0.856115
0 0.269841 0.866906 0.266667 0.870504 0.263492 0.870504 0.263492 0.874101 0.260317 0.877698 0.260317 0.884892 0.263492 0.888489 0.266667 0.888489 0.269841 0.892086 0.273016 0.892086 0.276190 0.888489 0.279365 0.888489 0.282540 0.884892 0.282540 0.874101 0.279365 0.870504 0.276190 0.870504 0.273016 0.866906
0 0.298413 0.870504 0.298413 0.884892 0.301587 0.884892 0.304762 0.888489 0.307937 0.888489 0.311111 0.884892 0.317460 0.884892 0.323810 0.877698 0.323810 0.870504 0.320635 0.866906 0.304762 0.866906 0.301587 0.870504
0 0.469841 0.877698 0.469841 0.884892 0.473016 0.888489 0.476190 0.888489 0.479365 0.892086 0.495238 0.892086 0.498413 0.888489 0.498413 0.874101 0.492063 0.866906 0.482540 0.866906 0.479365 0.870504 0.476190 0.870504
0 0.625397 0.870504 0.619048 0.877698 0.619048 0.888489 0.622222 0.888489 0.625397 0.892086 0.631746 0.892086 0.634921 0.888489 0.634921 0.884892 0.638095 0.881295 0.638095 0.874101 0.634921 0.870504
