0 0.273885 0.017986 0.283439 0.025180 0.286624 0.025180 0.289809 0.021583 0.292994 0.025180 0.299363 0.025180 0.302548 0.021583 0.308917 0.021583 0.308917 0.017986 0.315287 0.010791 0.315287 0.007194 0.312102 0.003597 0.305732 0.003597 0.302548 0.000000 0.283439 0.000000 0.273885 0.007194
0 0.595541 0.025180 0.573248 0.043165 0.566879 0.043165 0.566879 0.046763 0.576433 0.046763 0.579618 0.050360 0.576433 0.053957 0.566879 0.053957 0.566879 0.057554 0.570064 0.057554 0.592357 0.086331 0.601911 0.089928 0.614650 0.061151 0.614650 0.039568 0.611465 0.035971 0.611465 0.028777
0 0.124204 0.043165 0.124204 0.068345 0.136943 0.079137 0.143312 0.079137 0.146497 0.082734 0.171975 0.082734 0.187898 0.068345 0.184713 0.035971 0.178344 0.032374 0.171975 0.032374 0.168790 0.028777 0.140127 0.028777
0 0.121019 0.046763 0.114650 0.039568 0.101911 0.039568 0.092357 0.050360 0.070064 0.061151 0.054140 0.082734 0.057325 0.093525 0.063694 0.100719 0.085987 0.100719 0.108280 0.086331 0.121019 0.068345
0 0.210191 0.053957 0.213376 0.057554 0.245223 0.057554 0.251592 0.050360 0.251592 0.043165 0.248408 0.039568 0.226115 0.039568 0.222930 0.043165 0.219745 0.043165
0 0.872611 0.043165 0.834395 0.043165 0.761146 0.089928 0.726115 0.125899 0.716561 0.161871 0.748408 0.169065 0.805732 0.140288 0.869427 0.064748
0 0.452229 0.057554 0.445860 0.057554 0.439490 0.064748 0.439490 0.068345 0.436306 0.071942 0.436306 0.082734 0.439490 0.086331 0.439490 0.089928 0.452229 0.089928 0.461783 0.079137 0.461783 0.068345
0 0.401274 0.071942 0.388535 0.064748 0.369427 0.064748 0.366242 0.068345 0.359873 0.068345 0.340764 0.086331 0.337580 0.097122 0.350318 0.115108 0.382166 0.115108 0.404459 0.093525 0.404459 0.079137
0 0.519108 0.115108 0.519108 0.122302 0.528662 0.129496 0.579618 0.129496 0.585987 0.118705 0.585987 0.111511 0.579618 0.097122 0.566879 0.082734 0.560510 0.082734 0.557325 0.079137 0.535032 0.086331 0.522293 0.104317 0.522293 0.111511
0 0.146497 0.104317 0.108280 0.104317 0.092357 0.118705 0.092357 0.158273 0.101911 0.176259 0.114650 0.183453 0.124204 0.183453 0.136943 0.172662 0.156051 0.133094 0.156051 0.115108
0 0.474522 0.111511 0.458599 0.111511 0.445860 0.118705 0.436306 0.129496 0.429936 0.147482 0.429936 0.165468 0.433121 0.169065 0.433121 0.176259 0.439490 0.183453 0.464968 0.179856 0.477707 0.165468 0.484076 0.147482 0.484076 0.125899
0 0.378981 0.122302 0.375796 0.125899 0.372611 0.125899 0.372611 0.129496 0.369427 0.133094 0.369427 0.158273 0.372611 0.161871 0.388535 0.161871 0.398089 0.154676 0.398089 0.133094 0.391720 0.125899 0.388535 0.125899 0.385350 0.122302
0 0.210191 0.129496 0.203822 0.125899 0.187898 0.125899 0.171975 0.133094 0.159236 0.151079 0.159236 0.183453 0.162420 0.190647 0.168790 0.194245 0.187898 0.190647 0.200637 0.183453 0.213376 0.169065 0.216561 0.147482
0 0.872611 0.129496 0.869427 0.125899 0.850318 0.125899 0.815287 0.161871 0.805732 0.165468 0.802548 0.176259 0.808917 0.183453 0.831210 0.183453 0.859873 0.172662 0.872611 0.154676 0.875796 0.143885
0 0.000000 0.176259 0.000000 0.194245 0.003185 0.197842 0.003185 0.215827 0.006369 0.219424 0.041401 0.219424 0.050955 0.215827 0.070064 0.194245 0.073248 0.183453 0.066879 0.172662 0.047771 0.172662 0.028662 0.161871 0.012739 0.161871 0.006369 0.165468
0 0.318471 0.190647 0.318471 0.205036 0.321656 0.208633 0.328025 0.208633 0.331210 0.212230 0.359873 0.212230 0.366242 0.205036 0.366242 0.194245 0.353503 0.183453 0.347134 0.183453 0.343949 0.179856 0.334395 0.179856 0.321656 0.190647
0 0.254777 0.201439 0.216561 0.197842 0.181529 0.233813 0.175159 0.251799 0.175159 0.266187 0.184713 0.291367 0.194268 0.291367 0.229299 0.258993 0.229299 0.248201 0.257962 0.215827
0 0.710191 0.226619 0.703822 0.226619 0.700637 0.230216 0.700637 0.233813 0.675159 0.266187 0.687898 0.280576 0.707006 0.258993 0.707006 0.255396 0.716561 0.248201 0.713376 0.244604 0.713376 0.230216
0 0.089172 0.233813 0.063694 0.280576 0.066879 0.284173 0.079618 0.284173 0.108280 0.312950 0.117834 0.316547 0.133758 0.312950 0.140127 0.305755 0.140127 0.273381 0.133758 0.258993 0.114650 0.233813
0 0.751592 0.241007 0.722930 0.244604 0.710191 0.262590 0.710191 0.287770 0.716561 0.298561 0.729299 0.309353 0.742038 0.309353 0.751592 0.298561 0.770701 0.262590 0.770701 0.251799
0 0.289809 0.251799 0.283439 0.255396 0.270701 0.276978 0.270701 0.287770 0.273885 0.294964 0.283439 0.302158 0.299363 0.302158 0.312102 0.287770 0.315287 0.280576 0.315287 0.273381 0.305732 0.255396 0.299363 0.251799
0 0.560510 0.262590 0.560510 0.266187 0.566879 0.273381 0.573248 0.273381 0.576433 0.276978 0.582803 0.276978 0.589172 0.269784 0.589172 0.266187 0.579618 0.255396 0.566879 0.255396
0 0.643312 0.280576 0.630573 0.266187 0.617834 0.266187 0.601911 0.276978 0.601911 0.280576 0.598726 0.284173 0.598726 0.291367 0.601911 0.294964 0.601911 0.298561 0.605096 0.298561 0.608280 0.302158 0.624204 0.302158 0.627389 0.298561 0.633758 0.298561 0.640127 0.291367
0 0.675159 0.269784 0.671975 0.269784 0.671975 0.273381 0.665605 0.280576 0.665605 0.284173 0.662420 0.287770 0.662420 0.291367 0.668790 0.298561 0.675159 0.298561 0.684713 0.287770 0.684713 0.280576
0 0.847134 0.284173 0.834395 0.291367 0.818471 0.309353 0.815287 0.345324 0.818471 0.356115 0.834395 0.374101 0.856688 0.377698 0.885350 0.352518 0.891720 0.338129 0.891720 0.312950 0.875796 0.291367 0.863057 0.284173
0 0.535032 0.309353 0.538217 0.312950 0.538217 0.316547 0.544586 0.323741 0.566879 0.323741 0.570064 0.320144 0.570064 0.309353 0.560510 0.298561 0.544586 0.298561 0.541401 0.302158 0.538217 0.302158 0.538217 0.305755
0 0.420382 0.302158 0.407643 0.302158 0.394904 0.312950 0.394904 0.320144 0.388535 0.334532 0.388535 0.348921 0.385350 0.352518 0.385350 0.359712 0.388535 0.363309 0.398089 0.359712 0.404459 0.352518 0.423567 0.352518 0.429936 0.348921 0.433121 0.341727 0.433121 0.320144
0 0.665605 0.309353 0.662420 0.309353 0.659236 0.312950 0.652866 0.312950 0.646497 0.320144 0.646497 0.323741 0.643312 0.327338 0.643312 0.341727 0.646497 0.345324 0.646497 0.348921 0.649682 0.348921 0.652866 0.352518 0.659236 0.352518 0.668790 0.341727 0.668790 0.334532 0.671975 0.330935 0.671975 0.316547
0 0.035032 0.348921 0.041401 0.352518 0.044586 0.348921 0.057325 0.348921 0.060510 0.345324 0.079618 0.345324 0.095541 0.330935 0.095541 0.316547 0.054140 0.316547 0.047771 0.320144 0.035032 0.334532
0 0.273885 0.356115 0.267516 0.363309 0.264331 0.377698 0.270701 0.402878 0.277070 0.413669 0.302548 0.428058 0.328025 0.428058 0.337580 0.417266 0.337580 0.399281 0.324841 0.388489 0.324841 0.381295 0.312102 0.363309 0.296178 0.356115
0 0.579618 0.356115 0.576433 0.359712 0.576433 0.370504 0.579618 0.374101 0.579618 0.377698 0.582803 0.381295 0.585987 0.392086 0.592357 0.399281 0.598726 0.399281 0.601911 0.395683 0.605096 0.395683 0.605096 0.392086 0.608280 0.388489 0.608280 0.374101 0.605096 0.370504 0.605096 0.366906 0.595541 0.356115
0 0.789809 0.359712 0.770701 0.377698 0.770701 0.392086 0.777070 0.402878 0.780255 0.402878 0.789809 0.413669 0.796178 0.413669 0.799363 0.410072 0.805732 0.410072 0.812102 0.399281 0.812102 0.374101 0.802548 0.363309 0.796178 0.363309
0 0.627389 0.366906 0.621019 0.377698 0.621019 0.395683 0.617834 0.399281 0.617834 0.413669 0.624204 0.431655 0.630573 0.438849 0.652866 0.449640 0.671975 0.446043 0.681529 0.424460 0.675159 0.392086 0.656051 0.370504
0 0.694268 0.377698 0.694268 0.384892 0.703822 0.395683 0.707006 0.395683 0.710191 0.399281 0.726115 0.399281 0.738854 0.384892 0.738854 0.377698 0.732484 0.370504 0.729299 0.370504 0.726115 0.366906 0.703822 0.366906
0 0.863057 0.377698 0.856688 0.381295 0.847134 0.381295 0.821656 0.395683 0.815287 0.402878 0.812102 0.417266 0.815287 0.420863 0.837580 0.420863 0.843949 0.417266 0.866242 0.395683 0.869427 0.388489
0 0.742038 0.384892 0.726115 0.402878 0.726115 0.410072 0.729299 0.413669 0.729299 0.420863 0.738854 0.435252 0.745223 0.438849 0.757962 0.438849 0.767516 0.431655 0.767516 0.406475 0.764331 0.399281 0.761146 0.399281 0.751592 0.388489 0.745223 0.388489
0 0.191083 0.460432 0.191083 0.482014 0.200637 0.492806 0.216561 0.500000 0.229299 0.500000 0.257962 0.489209 0.267516 0.474820 0.264331 0.453237 0.242038 0.435252 0.219745 0.435252 0.207006 0.442446
0 0.509554 0.435252 0.500000 0.446043 0.500000 0.449640 0.496815 0.453237 0.496815 0.460432 0.500000 0.464029 0.500000 0.467626 0.503185 0.467626 0.506369 0.471223 0.519108 0.471223 0.528662 0.464029 0.528662 0.460432 0.531847 0.456835 0.531847 0.446043 0.525478 0.435252
0 0.678344 0.485612 0.694268 0.503597 0.735669 0.507194 0.757962 0.496403 0.767516 0.478417 0.764331 0.471223 0.751592 0.464029 0.726115 0.460432 0.722930 0.456835 0.694268 0.456835 0.684713 0.464029
0 0.070064 0.460432 0.063694 0.471223 0.063694 0.482014 0.066879 0.485612 0.066879 0.492806 0.070064 0.500000 0.079618 0.510791 0.098726 0.521583 0.101911 0.517986 0.101911 0.503597 0.095541 0.492806 0.095541 0.485612 0.089172 0.471223 0.085987 0.471223 0.076433 0.460432
0 0.003185 0.474820 0.000000 0.478417 0.000000 0.482014 0.003185 0.485612 0.003185 0.496403 0.000000 0.500000 0.000000 0.510791 0.003185 0.514388 0.003185 0.517986 0.006369 0.517986 0.009554 0.514388 0.012739 0.514388 0.012739 0.510791 0.019108 0.503597 0.019108 0.496403 0.015924 0.492806 0.015924 0.489209 0.012739 0.485612 0.012739 0.482014 0.006369 0.474820
0 0.515924 0.474820 0.503185 0.489209 0.500000 0.500000 0.512739 0.525180 0.528662 0.543165 0.535032 0.543165 0.538217 0.546763 0.547771 0.539568 0.547771 0.485612 0.544586 0.478417 0.538217 0.474820
0 0.449045 0.503597 0.442675 0.510791 0.442675 0.514388 0.445860 0.517986 0.449045 0.528777 0.458599 0.539568 0.458599 0.543165 0.461783 0.543165 0.464968 0.546763 0.471338 0.546763 0.474522 0.550360 0.480892 0.550360 0.487261 0.539568 0.487261 0.532374 0.484076 0.528777 0.484076 0.525180 0.468153 0.507194 0.461783 0.507194 0.458599 0.503597
0 0.350318 0.517986 0.350318 0.521583 0.343949 0.528777 0.343949 0.535971 0.350318 0.543165 0.350318 0.546763 0.353503 0.546763 0.356688 0.550360 0.363057 0.550360 0.366242 0.553957 0.375796 0.553957 0.378981 0.557554 0.388535 0.550360 0.388535 0.543165 0.385350 0.539568 0.385350 0.535971 0.372611 0.517986 0.369427 0.517986 0.366242 0.514388 0.356688 0.514388 0.353503 0.517986
0 0.847134 0.525180 0.847134 0.532374 0.856688 0.539568 0.872611 0.539568 0.882166 0.532374 0.882166 0.521583 0.853503 0.521583 0.850318 0.525180
0 0.633758 0.553957 0.633758 0.564748 0.640127 0.571942 0.656051 0.571942 0.662420 0.564748 0.662420 0.557554 0.659236 0.553957 0.659236 0.550360 0.656051 0.546763 0.643312 0.546763 0.640127 0.550360 0.636943 0.550360
0 0.863057 0.557554 0.856688 0.564748 0.856688 0.568345 0.853503 0.571942 0.853503 0.579137 0.859873 0.586331 0.872611 0.586331 0.878981 0.579137 0.878981 0.564748 0.872611 0.557554
0 0.691083 0.564748 0.691083 0.568345 0.687898 0.571942 0.687898 0.579137 0.691083 0.582734 0.691083 0.586331 0.694268 0.589928 0.710191 0.589928 0.713376 0.586331 0.713376 0.568345 0.703822 0.561151 0.697452 0.561151 0.694268 0.564748
0 0.359873 0.571942 0.359873 0.579137 0.366242 0.586331 0.382166 0.586331 0.388535 0.579137 0.388535 0.575540 0.385350 0.571942 0.382166 0.571942 0.378981 0.568345 0.363057 0.568345
0 0.270701 0.579137 0.264331 0.579137 0.261146 0.575540 0.257962 0.579137 0.251592 0.579137 0.248408 0.582734 0.248408 0.589928 0.245223 0.593525 0.245223 0.600719 0.248408 0.604317 0.248408 0.607914 0.251592 0.607914 0.254777 0.611511 0.257962 0.607914 0.264331 0.607914 0.270701 0.600719 0.270701 0.593525 0.273885 0.589928 0.273885 0.586331 0.270701 0.582734
0 0.426752 0.582734 0.423567 0.582734 0.420382 0.579137 0.410828 0.579137 0.398089 0.589928 0.394904 0.589928 0.394904 0.593525 0.388535 0.604317 0.388535 0.611511 0.391720 0.615108 0.391720 0.618705 0.394904 0.618705 0.398089 0.622302 0.414013 0.622302 0.417197 0.618705 0.423567 0.618705 0.429936 0.611511 0.429936 0.589928 0.426752 0.586331
0 0.554140 0.586331 0.550955 0.589928 0.550955 0.597122 0.547771 0.600719 0.550955 0.604317 0.550955 0.607914 0.554140 0.611511 0.554140 0.615108 0.566879 0.615108 0.573248 0.607914 0.573248 0.597122 0.570064 0.593525 0.570064 0.589928 0.566879 0.586331
0 0.627389 0.611511 0.627389 0.625899 0.633758 0.633094 0.640127 0.633094 0.643312 0.636691 0.656051 0.636691 0.665605 0.625899 0.665605 0.618705 0.656051 0.607914 0.643312 0.607914 0.640127 0.604317 0.636943 0.604317
0 0.191083 0.615108 0.191083 0.622302 0.194268 0.625899 0.194268 0.629496 0.200637 0.636691 0.203822 0.636691 0.207006 0.640288 0.213376 0.640288 0.216561 0.643885 0.219745 0.640288 0.226115 0.640288 0.229299 0.636691 0.226115 0.625899 0.216561 0.615108 0.210191 0.615108 0.207006 0.611511 0.194268 0.611511
0 0.850318 0.611511 0.847134 0.615108 0.847134 0.618705 0.843949 0.622302 0.847134 0.625899 0.847134 0.633094 0.850318 0.636691 0.853503 0.636691 0.856688 0.640288 0.859873 0.640288 0.866242 0.633094 0.866242 0.618705 0.863057 0.615108 0.859873 0.615108 0.856688 0.611511
0 0.535032 0.629496 0.535032 0.643885 0.544586 0.654676 0.547771 0.654676 0.550955 0.658273 0.550955 0.654676 0.554140 0.651079 0.554140 0.640288 0.550955 0.636691 0.550955 0.633094 0.547771 0.629496
0 0.687898 0.633094 0.684713 0.633094 0.681529 0.629496 0.678344 0.629496 0.675159 0.633094 0.671975 0.633094 0.668790 0.636691 0.668790 0.640288 0.665605 0.643885 0.665605 0.647482 0.668790 0.651079 0.668790 0.654676 0.671975 0.658273 0.684713 0.658273 0.687898 0.654676 0.687898 0.651079 0.691083 0.647482 0.691083 0.640288 0.687898 0.636691
0 0.719745 0.647482 0.722930 0.658273 0.738854 0.676259 0.742038 0.676259 0.748408 0.683453 0.754777 0.687050 0.764331 0.687050 0.770701 0.679856 0.770701 0.665468 0.757962 0.647482 0.745223 0.640288 0.726115 0.640288
0 0.181529 0.643885 0.175159 0.651079 0.175159 0.669065 0.178344 0.669065 0.187898 0.679856 0.197452 0.679856 0.203822 0.669065 0.200637 0.665468 0.200637 0.658273 0.194268 0.647482 0.187898 0.647482 0.184713 0.643885
0 0.273885 0.643885 0.270701 0.647482 0.267516 0.647482 0.261146 0.654676 0.261146 0.669065 0.270701 0.676259 0.277070 0.676259 0.280255 0.672662 0.283439 0.672662 0.283439 0.669065 0.286624 0.665468 0.286624 0.654676 0.283439 0.651079 0.283439 0.647482 0.277070 0.647482
0 0.398089 0.647482 0.398089 0.651079 0.394904 0.654676 0.394904 0.665468 0.398089 0.669065 0.410828 0.669065 0.417197 0.661871 0.417197 0.654676 0.410828 0.647482
0 0.570064 0.647482 0.566879 0.651079 0.566879 0.654676 0.573248 0.661871 0.573248 0.665468 0.576433 0.665468 0.579618 0.669065 0.582803 0.665468 0.582803 0.658273 0.579618 0.654676 0.579618 0.651079 0.576433 0.647482
0 0.805732 0.658273 0.796178 0.669065 0.796178 0.676259 0.799363 0.679856 0.799363 0.683453 0.805732 0.690647 0.815287 0.694245 0.818471 0.690647 0.821656 0.690647 0.828025 0.683453 0.828025 0.669065 0.824841 0.665468 0.824841 0.661871 0.821656 0.661871 0.818471 0.658273
0 0.859873 0.661871 0.856688 0.665468 0.853503 0.665468 0.847134 0.672662 0.847134 0.694245 0.850318 0.697842 0.850318 0.701439 0.856688 0.708633 0.859873 0.708633 0.863057 0.712230 0.866242 0.708633 0.872611 0.708633 0.872611 0.705036 0.875796 0.701439 0.875796 0.672662 0.869427 0.665468
0 0.449045 0.665468 0.445860 0.669065 0.445860 0.694245 0.455414 0.705036 0.458599 0.705036 0.461783 0.708633 0.468153 0.708633 0.477707 0.697842 0.477707 0.687050 0.474522 0.683453 0.474522 0.679856 0.464968 0.669065 0.458599 0.669065 0.455414 0.665468
0 0.684713 0.676259 0.678344 0.669065 0.668790 0.669065 0.665605 0.672662 0.662420 0.672662 0.659236 0.676259 0.656051 0.676259 0.656051 0.687050 0.662420 0.694245 0.675159 0.694245 0.684713 0.683453
0 0.168790 0.672662 0.165605 0.676259 0.165605 0.679856 0.162420 0.683453 0.162420 0.687050 0.165605 0.690647 0.165605 0.694245 0.171975 0.701439 0.181529 0.701439 0.184713 0.697842 0.184713 0.679856 0.178344 0.672662
0 0.595541 0.676259 0.589172 0.683453 0.589172 0.697842 0.595541 0.705036 0.605096 0.705036 0.608280 0.701439 0.608280 0.697842 0.611465 0.694245 0.611465 0.683453 0.605096 0.676259
0 0.828025 0.687050 0.821656 0.694245 0.818471 0.694245 0.815287 0.697842 0.815287 0.705036 0.818471 0.708633 0.821656 0.708633 0.824841 0.712230 0.834395 0.712230 0.834395 0.708633 0.837580 0.705036 0.837580 0.697842 0.834395 0.694245 0.834395 0.690647 0.831210 0.690647
0 0.697452 0.705036 0.697452 0.723022 0.700637 0.726619 0.716561 0.726619 0.726115 0.719424 0.726115 0.712230 0.719745 0.705036 0.713376 0.705036 0.710191 0.701439 0.707006 0.701439 0.703822 0.705036
0 0.519108 0.712230 0.515924 0.708633 0.503185 0.708633 0.500000 0.712230 0.496815 0.712230 0.487261 0.723022 0.490446 0.726619 0.490446 0.730216 0.500000 0.730216 0.503185 0.733813 0.506369 0.730216 0.512739 0.730216 0.515924 0.726619 0.519108 0.726619
0 0.748408 0.712230 0.745223 0.715827 0.745223 0.719424 0.742038 0.723022 0.742038 0.733813 0.748408 0.741007 0.764331 0.741007 0.764331 0.737410 0.767516 0.733813 0.767516 0.730216 0.764331 0.726619 0.764331 0.723022 0.761146 0.719424 0.761146 0.715827 0.757962 0.715827 0.754777 0.712230
0 0.547771 0.723022 0.547771 0.737410 0.554140 0.744604 0.563694 0.744604 0.566879 0.741007 0.585987 0.741007 0.589172 0.737410 0.589172 0.726619 0.585987 0.723022 0.579618 0.723022 0.570064 0.715827 0.560510 0.715827 0.557325 0.719424 0.550955 0.719424
0 0.656051 0.719424 0.652866 0.719424 0.649682 0.715827 0.640127 0.715827 0.636943 0.719424 0.630573 0.719424 0.621019 0.730216 0.621019 0.733813 0.617834 0.737410 0.621019 0.748201 0.624204 0.751799 0.633758 0.751799 0.640127 0.744604 0.649682 0.741007 0.656051 0.733813 0.656051 0.730216 0.659236 0.726619 0.656051 0.723022
0 0.035032 0.726619 0.028662 0.723022 0.012739 0.723022 0.009554 0.726619 0.003185 0.726619 0.003185 0.751799 0.000000 0.755396 0.000000 0.766187 0.003185 0.769784 0.003185 0.784173 0.009554 0.784173 0.031847 0.755396 0.035032 0.748201
0 0.831210 0.726619 0.831210 0.730216 0.828025 0.733813 0.828025 0.741007 0.831210 0.744604 0.831210 0.755396 0.834395 0.758993 0.837580 0.758993 0.840764 0.755396 0.840764 0.741007 0.843949 0.737410 0.843949 0.733813 0.840764 0.730216 0.840764 0.726619
0 0.882166 0.726619 0.882166 0.733813 0.888535 0.741007 0.888535 0.748201 0.891720 0.748201 0.894904 0.751799 0.901274 0.751799 0.904459 0.748201 0.904459 0.741007 0.891720 0.726619
0 0.168790 0.730216 0.159236 0.744604 0.159236 0.751799 0.165605 0.766187 0.165605 0.776978 0.168790 0.784173 0.175159 0.787770 0.187898 0.787770 0.194268 0.776978 0.194268 0.755396 0.191083 0.751799 0.191083 0.741007 0.181529 0.730216
0 0.557325 0.762590 0.550955 0.769784 0.550955 0.776978 0.554140 0.780576 0.557325 0.780576 0.560510 0.784173 0.563694 0.780576 0.566879 0.780576 0.566879 0.776978 0.570064 0.773381 0.570064 0.769784 0.566879 0.766187 0.563694 0.766187 0.560510 0.762590
0 0.471338 0.773381 0.468153 0.769784 0.464968 0.773381 0.461783 0.773381 0.455414 0.780576 0.452229 0.780576 0.445860 0.787770 0.445860 0.794964 0.452229 0.794964 0.464968 0.780576 0.468153 0.780576 0.471338 0.776978
0 0.898089 0.776978 0.885350 0.776978 0.882166 0.780576 0.882166 0.794964 0.885350 0.798561 0.885350 0.802158 0.891720 0.802158 0.894904 0.798561 0.894904 0.794964 0.901274 0.787770 0.901274 0.780576
0 0.210191 0.787770 0.200637 0.794964 0.200637 0.798561 0.197452 0.802158 0.197452 0.809353 0.207006 0.820144 0.210191 0.820144 0.213376 0.823741 0.219745 0.823741 0.222930 0.820144 0.226115 0.820144 0.226115 0.816547 0.229299 0.812950 0.229299 0.798561 0.219745 0.787770
0 0.691083 0.805755 0.691083 0.812950 0.700637 0.820144 0.719745 0.820144 0.722930 0.816547 0.726115 0.820144 0.729299 0.820144 0.732484 0.816547 0.732484 0.802158 0.700637 0.802158 0.697452 0.805755
0 0.334395 0.823741 0.321656 0.845324 0.321656 0.874101 0.331210 0.888489 0.356688 0.888489 0.382166 0.863309 0.382166 0.852518 0.385350 0.848921 0.369427 0.841727 0.350318 0.823741
0 0.554140 0.838129 0.538217 0.834532 0.525478 0.841727 0.515924 0.852518 0.509554 0.877698 0.503185 0.888489 0.506369 0.906475 0.512739 0.910072 0.531847 0.910072 0.544586 0.892086 0.554140 0.888489 0.560510 0.866906 0.560510 0.845324
0 0.439490 0.841727 0.417197 0.845324 0.404459 0.859712 0.401274 0.870504 0.401274 0.881295 0.410828 0.906475 0.433121 0.917266 0.445860 0.910072 0.458599 0.895683 0.464968 0.881295 0.464968 0.859712 0.452229 0.845324 0.442675 0.845324
