0 0.082540 0.003597 0.088889 0.014388 0.107937 0.028777 0.130159 0.035971 0.133333 0.039568 0.146032 0.039568 0.155556 0.028777 0.155556 0.014388 0.152381 0.007194 0.146032 0.003597
0 0.193651 0.007194 0.193651 0.010791 0.190476 0.014388 0.190476 0.028777 0.200000 0.039568 0.212698 0.039568 0.225397 0.025180 0.225397 0.021583 0.228571 0.017986 0.225397 0.014388 0.225397 0.010791 0.219048 0.003597 0.200000 0.003597 0.196825 0.007194
0 0.558730 0.007194 0.546032 0.007194 0.542857 0.003597 0.539683 0.007194 0.526984 0.007194 0.520635 0.014388 0.514286 0.028777 0.514286 0.043165 0.511111 0.046763 0.511111 0.061151 0.520635 0.071942 0.530159 0.071942 0.546032 0.061151 0.555556 0.043165 0.561905 0.039568 0.565079 0.025180
0 0.279365 0.035971 0.279365 0.053957 0.282540 0.057554 0.285714 0.057554 0.288889 0.061151 0.301587 0.061151 0.311111 0.053957 0.311111 0.043165 0.307937 0.039568 0.307937 0.035971 0.301587 0.028777 0.288889 0.028777
0 0.622222 0.032374 0.612698 0.043165 0.609524 0.050360 0.609524 0.061151 0.625397 0.082734 0.631746 0.082734 0.644444 0.075540 0.653968 0.064748 0.657143 0.057554 0.657143 0.050360 0.644444 0.039568 0.638095 0.039568 0.628571 0.032374
0 0.482540 0.064748 0.466667 0.064748 0.457143 0.075540 0.453968 0.136691 0.460317 0.143885 0.473016 0.143885 0.492063 0.136691 0.511111 0.111511 0.511111 0.093525
0 0.850794 0.068345 0.841270 0.068345 0.834921 0.075540 0.831746 0.075540 0.825397 0.082734 0.822222 0.082734 0.822222 0.100719 0.825397 0.104317 0.838095 0.104317 0.853968 0.089928 0.853968 0.071942
0 0.279365 0.089928 0.269841 0.107914 0.269841 0.115108 0.273016 0.118705 0.273016 0.122302 0.279365 0.129496 0.288889 0.133094 0.288889 0.129496 0.298413 0.122302 0.298413 0.100719 0.292063 0.089928
0 0.260317 0.093525 0.253968 0.100719 0.253968 0.107914 0.250794 0.111511 0.250794 0.140288 0.257143 0.151079 0.263492 0.154676 0.273016 0.154676 0.285714 0.143885 0.285714 0.136691 0.279365 0.133094 0.269841 0.122302 0.266667 0.115108 0.266667 0.107914
0 0.577778 0.097122 0.574603 0.100719 0.577778 0.129496 0.574603 0.147482 0.580952 0.165468 0.600000 0.179856 0.606349 0.201439 0.628571 0.197842 0.647619 0.172662 0.644444 0.140288 0.638095 0.133094 0.628571 0.133094 0.596825 0.097122
0 0.707937 0.111511 0.698413 0.125899 0.701587 0.143885 0.714286 0.154676 0.720635 0.169065 0.733333 0.183453 0.752381 0.187050 0.758730 0.179856 0.758730 0.154676 0.746032 0.125899 0.733333 0.115108
0 0.326984 0.140288 0.307937 0.161871 0.311111 0.183453 0.323810 0.205036 0.333333 0.212230 0.355556 0.215827 0.368254 0.205036 0.374603 0.190647 0.374603 0.158273 0.355556 0.140288 0.346032 0.140288 0.342857 0.136691
0 0.552381 0.161871 0.549206 0.165468 0.549206 0.179856 0.546032 0.183453 0.546032 0.187050 0.549206 0.190647 0.549206 0.197842 0.555556 0.205036 0.571429 0.205036 0.574603 0.201439 0.577778 0.201439 0.577778 0.197842 0.580952 0.194245 0.577778 0.190647 0.577778 0.183453 0.568254 0.172662 0.568254 0.169065 0.565079 0.165468 0.558730 0.165468 0.555556 0.161871
0 0.523810 0.165468 0.517460 0.165468 0.514286 0.169065 0.504762 0.172662 0.498413 0.179856 0.498413 0.201439 0.514286 0.201439 0.523810 0.194245 0.523810 0.187050 0.526984 0.183453 0.526984 0.172662 0.523810 0.169065
0 0.692063 0.169065 0.682540 0.179856 0.682540 0.205036 0.688889 0.219424 0.707937 0.241007 0.720635 0.244604 0.730159 0.237410 0.736508 0.223022 0.736508 0.205036 0.714286 0.176259 0.704762 0.169065
0 0.241270 0.190647 0.228571 0.212230 0.228571 0.241007 0.247619 0.269784 0.260317 0.273381 0.276190 0.258993 0.276190 0.237410 0.273016 0.233813 0.269841 0.205036 0.266667 0.197842 0.257143 0.190647
0 0.898413 0.205036 0.879365 0.194245 0.876190 0.197842 0.860317 0.197842 0.841270 0.208633 0.831746 0.219424 0.831746 0.241007 0.844444 0.251799 0.863492 0.251799 0.866667 0.248201 0.873016 0.248201 0.892063 0.233813 0.898413 0.215827
0 0.136508 0.201439 0.114286 0.205036 0.088889 0.226619 0.066667 0.266187 0.063492 0.280576 0.066667 0.298561 0.073016 0.305755 0.101587 0.302158 0.155556 0.255396 0.155556 0.226619
0 0.965079 0.201439 0.949206 0.208633 0.930159 0.226619 0.923810 0.241007 0.923810 0.251799 0.933333 0.262590 0.946032 0.262590 0.952381 0.258993 0.971429 0.233813 0.971429 0.208633
0 0.298413 0.205036 0.292063 0.212230 0.292063 0.219424 0.288889 0.223022 0.301587 0.244604 0.304762 0.244604 0.307937 0.248201 0.314286 0.248201 0.320635 0.241007 0.323810 0.241007 0.326984 0.230216 0.323810 0.226619 0.323810 0.223022 0.307937 0.205036
0 0.663492 0.219424 0.657143 0.230216 0.657143 0.241007 0.660317 0.244604 0.660317 0.269784 0.666667 0.287770 0.676190 0.294964 0.692063 0.294964 0.704762 0.287770 0.707937 0.273381 0.695238 0.241007 0.679365 0.223022
0 0.587302 0.233813 0.577778 0.226619 0.552381 0.226619 0.542857 0.233813 0.536508 0.233813 0.517460 0.248201 0.511111 0.269784 0.523810 0.287770 0.533333 0.287770 0.536508 0.291367 0.558730 0.287770 0.571429 0.280576 0.587302 0.258993
0 0.634921 0.248201 0.625397 0.241007 0.615873 0.241007 0.609524 0.244604 0.600000 0.255396 0.590476 0.258993 0.577778 0.276978 0.577778 0.291367 0.584127 0.298561 0.609524 0.298561 0.615873 0.294964 0.631746 0.276978 0.634921 0.276978 0.638095 0.269784 0.638095 0.255396
0 0.993651 0.269784 0.974603 0.262590 0.961905 0.273381 0.958730 0.273381 0.949206 0.284173 0.946032 0.294964 0.952381 0.302158 0.961905 0.302158 0.965079 0.298561 0.971429 0.298561 0.974603 0.294964 0.990476 0.294964 0.993651 0.291367
0 0.215873 0.291367 0.196825 0.269784 0.171429 0.269784 0.104762 0.312950 0.098413 0.327338 0.101587 0.348921 0.114286 0.363309 0.152381 0.359712 0.203175 0.320144 0.215873 0.305755
0 0.923810 0.280576 0.904762 0.269784 0.892063 0.276978 0.882540 0.291367 0.853968 0.298561 0.857143 0.302158 0.850794 0.312950 0.853968 0.330935 0.873016 0.341727 0.895238 0.334532 0.926984 0.294964
0 0.520635 0.327338 0.520635 0.341727 0.536508 0.356115 0.565079 0.356115 0.577778 0.348921 0.587302 0.338129 0.587302 0.320144 0.584127 0.312950 0.574603 0.305755 0.542857 0.305755 0.530159 0.312950
0 0.663492 0.370504 0.650794 0.363309 0.641270 0.363309 0.606349 0.381295 0.596825 0.406475 0.600000 0.424460 0.606349 0.435252 0.622222 0.442446 0.644444 0.435252 0.660317 0.413669 0.666667 0.392086
0 0.974603 0.377698 0.961905 0.377698 0.958730 0.381295 0.955556 0.381295 0.946032 0.392086 0.946032 0.417266 0.952381 0.428058 0.961905 0.424460 0.961905 0.420863 0.965079 0.417266 0.965079 0.402878 0.968254 0.399281 0.968254 0.392086 0.977778 0.384892 0.977778 0.381295
0 0.526984 0.456835 0.526984 0.471223 0.530159 0.478417 0.536508 0.482014 0.593651 0.482014 0.596825 0.485612 0.600000 0.478417 0.600000 0.467626 0.596825 0.460432 0.590476 0.456835 0.561905 0.453237 0.552381 0.446043 0.536508 0.446043 0.533333 0.453237
0 0.679365 0.449640 0.673016 0.446043 0.653968 0.446043 0.634921 0.456835 0.625397 0.456835 0.615873 0.464029 0.615873 0.478417 0.628571 0.492806 0.641270 0.500000 0.660317 0.500000 0.673016 0.492806 0.682540 0.478417 0.685714 0.464029
0 0.152381 0.471223 0.152381 0.492806 0.155556 0.500000 0.171429 0.510791 0.203175 0.507194 0.215873 0.500000 0.228571 0.485612 0.225397 0.474820 0.219048 0.467626 0.193651 0.456835 0.165079 0.460432
0 0.349206 0.464029 0.346032 0.467626 0.346032 0.485612 0.358730 0.517986 0.374603 0.532374 0.384127 0.535971 0.400000 0.532374 0.406349 0.525180 0.409524 0.510791 0.396825 0.474820 0.384127 0.460432 0.374603 0.456835
0 0.288889 0.478417 0.279365 0.489209 0.279365 0.500000 0.288889 0.514388 0.295238 0.532374 0.301587 0.532374 0.320635 0.546763 0.336508 0.543165 0.339683 0.539568 0.339683 0.525180 0.317460 0.489209 0.304762 0.478417
0 0.574603 0.510791 0.571429 0.514388 0.571429 0.528777 0.593651 0.557554 0.593651 0.561151 0.612698 0.561151 0.619048 0.550360 0.612698 0.525180 0.596825 0.510791
0 0.533333 0.514388 0.520635 0.517986 0.492063 0.546763 0.485714 0.561151 0.482540 0.589928 0.507937 0.600719 0.517460 0.593525 0.546032 0.553957 0.546032 0.535971 0.542857 0.525180
0 0.800000 0.514388 0.790476 0.528777 0.790476 0.553957 0.803175 0.568345 0.828571 0.582734 0.850794 0.582734 0.857143 0.575540 0.857143 0.557554 0.850794 0.546763 0.825397 0.521583 0.812698 0.514388
0 0.707937 0.525180 0.688889 0.528777 0.666667 0.546763 0.663492 0.553957 0.663492 0.575540 0.673016 0.589928 0.698413 0.589928 0.701587 0.586331 0.711111 0.586331 0.723810 0.575540 0.726984 0.568345 0.726984 0.550360
0 0.292063 0.532374 0.282540 0.543165 0.282540 0.553957 0.279365 0.557554 0.279365 0.579137 0.282540 0.582734 0.282540 0.589928 0.292063 0.600719 0.317460 0.600719 0.330159 0.582734 0.330159 0.568345 0.317460 0.546763
0 0.606349 0.579137 0.600000 0.586331 0.600000 0.593525 0.603175 0.597122 0.603175 0.607914 0.612698 0.622302 0.612698 0.625899 0.619048 0.625899 0.622222 0.629496 0.638095 0.625899 0.647619 0.611511 0.647619 0.600719 0.641270 0.586331 0.625397 0.575540 0.612698 0.575540
0 0.507937 0.604317 0.501587 0.604317 0.485714 0.593525 0.476190 0.593525 0.457143 0.611511 0.453968 0.618705 0.453968 0.636691 0.485714 0.636691 0.488889 0.633094 0.495238 0.633094
0 0.574603 0.636691 0.574603 0.669065 0.577778 0.679856 0.590476 0.694245 0.606349 0.701439 0.628571 0.701439 0.634921 0.697842 0.638095 0.679856 0.628571 0.665468 0.622222 0.640288 0.612698 0.629496 0.584127 0.629496
0 0.469841 0.658273 0.469841 0.669065 0.476190 0.676259 0.501587 0.687050 0.526984 0.687050 0.549206 0.676259 0.555556 0.665468 0.555556 0.651079 0.542857 0.636691 0.511111 0.636691 0.507937 0.640288 0.498413 0.640288
0 0.847619 0.636691 0.834921 0.643885 0.831746 0.651079 0.831746 0.661871 0.844444 0.690647 0.853968 0.701439 0.866667 0.701439 0.869841 0.697842 0.869841 0.687050 0.873016 0.683453 0.873016 0.669065 0.869841 0.665468 0.866667 0.651079 0.860317 0.643885
0 0.736508 0.658273 0.720635 0.679856 0.720635 0.697842 0.739683 0.715827 0.755556 0.715827 0.771429 0.694245 0.768254 0.690647 0.768254 0.676259 0.758730 0.661871 0.752381 0.658273
0 0.304762 0.690647 0.298413 0.697842 0.285714 0.701439 0.273016 0.719424 0.273016 0.744604 0.282540 0.762590 0.301587 0.769784 0.320635 0.769784 0.349206 0.733813 0.349206 0.723022 0.339683 0.708633 0.317460 0.690647
0 0.771429 0.697842 0.758730 0.715827 0.765079 0.733813 0.768254 0.737410 0.774603 0.737410 0.777778 0.741007 0.790476 0.741007 0.793651 0.737410 0.796825 0.737410 0.803175 0.730216 0.803175 0.712230 0.793651 0.701439 0.790476 0.701439 0.787302 0.697842
0 0.428571 0.712230 0.428571 0.715827 0.434921 0.723022 0.438095 0.723022 0.447619 0.730216 0.457143 0.730216 0.460317 0.733813 0.469841 0.730216 0.476190 0.723022 0.476190 0.719424 0.473016 0.715827 0.466667 0.715827 0.463492 0.712230 0.460317 0.712230 0.457143 0.715827 0.453968 0.712230 0.447619 0.712230 0.444444 0.708633 0.431746 0.708633
0 0.565079 0.741007 0.561905 0.748201 0.561905 0.766187 0.577778 0.784173 0.587302 0.787770 0.606349 0.787770 0.609524 0.784173 0.619048 0.784173 0.628571 0.769784 0.625397 0.766187 0.625397 0.748201 0.619048 0.733813 0.606349 0.726619 0.587302 0.723022 0.577778 0.726619
0 0.720635 0.730216 0.711111 0.748201 0.711111 0.762590 0.726984 0.776978 0.736508 0.776978 0.742857 0.780576 0.746032 0.776978 0.752381 0.776978 0.765079 0.762590 0.765079 0.748201 0.758730 0.741007 0.758730 0.737410 0.746032 0.726619 0.726984 0.726619
0 0.488889 0.762590 0.488889 0.776978 0.495238 0.784173 0.501587 0.787770 0.520635 0.787770 0.533333 0.780576 0.539683 0.773381 0.542857 0.766187 0.542857 0.748201 0.539683 0.744604 0.536508 0.748201 0.530159 0.741007 0.504762 0.741007
0 0.790476 0.758993 0.790476 0.776978 0.809524 0.794964 0.828571 0.791367 0.844444 0.776978 0.844444 0.758993 0.828571 0.744604 0.806349 0.744604
0 0.907937 0.776978 0.907937 0.798561 0.926984 0.816547 0.949206 0.816547 0.955556 0.812950 0.965079 0.798561 0.965079 0.787770 0.958730 0.773381 0.955556 0.773381 0.949206 0.766187 0.914286 0.769784
0 0.882540 0.773381 0.876190 0.773381 0.850794 0.791367 0.834921 0.794964 0.825397 0.809353 0.822222 0.820144 0.825397 0.830935 0.838095 0.845324 0.844444 0.848921 0.869841 0.848921 0.882540 0.838129 0.888889 0.827338 0.888889 0.787770
0 0.679365 0.827338 0.679365 0.845324 0.688889 0.856115 0.711111 0.870504 0.733333 0.870504 0.739683 0.866906 0.752381 0.848921 0.742857 0.816547 0.723810 0.805755 0.695238 0.812950
0 0.133333 0.823741 0.123810 0.830935 0.123810 0.859712 0.130159 0.874101 0.136508 0.881295 0.142857 0.881295 0.146032 0.884892 0.149206 0.881295 0.155556 0.881295 0.165079 0.870504 0.168254 0.863309 0.168254 0.838129 0.155556 0.827338 0.149206 0.827338 0.146032 0.823741
0 0.200000 0.830935 0.193651 0.838129 0.193651 0.863309 0.196825 0.866906 0.196825 0.881295 0.209524 0.892086 0.222222 0.892086 0.228571 0.888489 0.241270 0.856115 0.231746 0.848921 0.228571 0.834532 0.212698 0.827338 0.209524 0.830935
0 0.888889 0.841727 0.873016 0.848921 0.873016 0.856115 0.866667 0.866906 0.866667 0.881295 0.879365 0.902878 0.885714 0.906475 0.898413 0.906475 0.923810 0.884892 0.926984 0.866906 0.920635 0.852518 0.907937 0.845324 0.892063 0.845324
