0 0.704762 0.121864 0.711111 0.132616 0.726984 0.132616 0.730159 0.129032 0.733333 0.129032 0.739683 0.118280 0.736508 0.114695 0.736508 0.111111 0.730159 0.103943 0.717460 0.103943 0.707937 0.114695 0.707937 0.118280
0 0.361905 0.121864 0.361905 0.129032 0.368254 0.136201 0.371429 0.136201 0.374603 0.139785 0.384127 0.139785 0.393651 0.129032 0.393651 0.125448 0.387302 0.114695 0.371429 0.114695
0 0.238095 0.118280 0.234921 0.118280 0.222222 0.132616 0.222222 0.139785 0.219048 0.143369 0.219048 0.157706 0.215873 0.161290 0.215873 0.182796 0.222222 0.193548 0.225397 0.193548 0.231746 0.186380 0.238095 0.172043 0.241270 0.150538 0.244444 0.146953 0.244444 0.125448
0 0.520635 0.132616 0.520635 0.143369 0.526984 0.150538 0.546032 0.150538 0.549206 0.146953 0.555556 0.146953 0.565079 0.139785 0.565079 0.132616 0.549206 0.121864 0.533333 0.121864 0.530159 0.125448 0.526984 0.125448
0 0.936508 0.125448 0.933333 0.129032 0.933333 0.143369 0.939683 0.150538 0.952381 0.150538 0.955556 0.146953 0.955556 0.132616 0.949206 0.125448
0 0.634921 0.132616 0.634921 0.143369 0.647619 0.143369 0.650794 0.139785 0.653968 0.139785 0.653968 0.129032 0.638095 0.129032
0 0.863492 0.136201 0.860317 0.136201 0.857143 0.132616 0.850794 0.132616 0.841270 0.139785 0.841270 0.143369 0.834921 0.150538 0.834921 0.161290 0.831746 0.164875 0.834921 0.168459 0.834921 0.175627 0.838095 0.179211 0.853968 0.179211 0.866667 0.164875 0.866667 0.139785
0 0.977778 0.132616 0.971429 0.139785 0.971429 0.146953 0.974603 0.150538 0.974603 0.154122 0.977778 0.157706 0.984127 0.157706 0.987302 0.154122 0.990476 0.154122 0.993651 0.150538 0.993651 0.139785 0.987302 0.132616
0 0.307937 0.136201 0.301587 0.143369 0.301587 0.161290 0.307937 0.168459 0.320635 0.168459 0.326984 0.161290 0.326984 0.157706 0.330159 0.154122 0.330159 0.143369 0.323810 0.136201
0 0.438095 0.139785 0.431746 0.146953 0.431746 0.168459 0.438095 0.175627 0.450794 0.175627 0.457143 0.164875 0.457143 0.150538 0.450794 0.143369 0.447619 0.143369 0.444444 0.139785
0 0.733333 0.139785 0.723810 0.150538 0.723810 0.157706 0.726984 0.161290 0.726984 0.164875 0.742857 0.164875 0.749206 0.157706 0.749206 0.143369 0.746032 0.143369 0.742857 0.139785
0 0.704762 0.146953 0.701587 0.143369 0.695238 0.143369 0.685714 0.150538 0.676190 0.150538 0.673016 0.154122 0.673016 0.157706 0.676190 0.161290 0.679365 0.161290 0.688889 0.168459 0.695238 0.168459 0.704762 0.157706
0 0.371429 0.146953 0.368254 0.150538 0.365079 0.150538 0.365079 0.154122 0.361905 0.157706 0.361905 0.161290 0.365079 0.164875 0.365079 0.172043 0.368254 0.175627 0.377778 0.175627 0.380952 0.172043 0.380952 0.150538 0.377778 0.146953
0 0.409524 0.146953 0.403175 0.146953 0.400000 0.150538 0.396825 0.150538 0.396825 0.154122 0.393651 0.157706 0.393651 0.175627 0.396825 0.179211 0.406349 0.179211 0.409524 0.175627 0.412698 0.175627 0.412698 0.172043 0.415873 0.168459 0.415873 0.154122
0 0.904762 0.150538 0.904762 0.157706 0.914286 0.168459 0.917460 0.168459 0.923810 0.175627 0.930159 0.175627 0.936508 0.168459 0.936508 0.164875 0.930159 0.157706 0.926984 0.157706 0.917460 0.146953 0.907937 0.146953
0 0.342857 0.154122 0.339683 0.157706 0.339683 0.175627 0.346032 0.182796 0.352381 0.182796 0.352381 0.157706 0.349206 0.154122
0 0.625397 0.157706 0.625397 0.161290 0.622222 0.164875 0.625397 0.168459 0.625397 0.172043 0.628571 0.175627 0.638095 0.175627 0.641270 0.179211 0.644444 0.175627 0.647619 0.175627 0.650794 0.172043 0.650794 0.161290 0.647619 0.157706 0.644444 0.157706 0.641270 0.154122 0.631746 0.154122 0.628571 0.157706
0 0.555556 0.161290 0.555556 0.164875 0.552381 0.168459 0.552381 0.172043 0.558730 0.179211 0.568254 0.179211 0.571429 0.175627 0.571429 0.164875 0.568254 0.161290
0 0.765079 0.161290 0.761905 0.161290 0.758730 0.164875 0.755556 0.164875 0.752381 0.168459 0.752381 0.172043 0.749206 0.175627 0.749206 0.179211 0.752381 0.182796 0.761905 0.182796 0.768254 0.175627 0.768254 0.164875
0 0.990476 0.172043 0.987302 0.168459 0.984127 0.168459 0.980952 0.164875 0.977778 0.168459 0.974603 0.168459 0.968254 0.175627 0.968254 0.193548 0.984127 0.193548 0.990476 0.186380
0 0.279365 0.168459 0.260317 0.179211 0.247619 0.179211 0.247619 0.186380 0.241270 0.193548 0.241270 0.200717 0.238095 0.204301 0.247619 0.218638 0.253968 0.222222 0.269841 0.222222 0.282540 0.207885 0.285714 0.182796
0 0.787302 0.175627 0.784127 0.179211 0.780952 0.179211 0.774603 0.186380 0.774603 0.204301 0.777778 0.207885 0.777778 0.215054 0.787302 0.225806 0.790476 0.225806 0.796825 0.218638 0.796825 0.189964 0.793651 0.186380 0.790476 0.175627
0 0.812698 0.179211 0.806349 0.189964 0.806349 0.204301 0.809524 0.207885 0.809524 0.211470 0.815873 0.218638 0.822222 0.218638 0.825397 0.215054 0.828571 0.215054 0.838095 0.204301 0.838095 0.193548 0.834921 0.189964 0.834921 0.186380 0.828571 0.179211
0 0.704762 0.182796 0.701587 0.186380 0.701587 0.204301 0.707937 0.211470 0.714286 0.211470 0.720635 0.204301 0.720635 0.189964 0.714286 0.182796
0 0.590476 0.189964 0.584127 0.197133 0.584127 0.204301 0.580952 0.207885 0.584127 0.211470 0.584127 0.215054 0.590476 0.222222 0.593651 0.222222 0.596825 0.225806 0.603175 0.218638 0.600000 0.215054 0.600000 0.204301 0.596825 0.200717 0.596825 0.189964
0 0.619048 0.193548 0.612698 0.200717 0.612698 0.211470 0.615873 0.215054 0.615873 0.218638 0.622222 0.225806 0.631746 0.225806 0.641270 0.215054 0.641270 0.204301 0.638095 0.200717 0.634921 0.200717 0.625397 0.193548
0 0.330159 0.197133 0.323810 0.204301 0.323810 0.215054 0.326984 0.218638 0.333333 0.218638 0.336508 0.222222 0.342857 0.215054 0.342857 0.204301 0.336508 0.197133
0 0.742857 0.197133 0.736508 0.204301 0.736508 0.207885 0.733333 0.211470 0.733333 0.218638 0.736508 0.222222 0.736508 0.225806 0.742857 0.232975 0.746032 0.232975 0.755556 0.225806 0.755556 0.218638 0.758730 0.215054 0.755556 0.211470 0.755556 0.204301 0.752381 0.200717 0.749206 0.200717 0.746032 0.197133
0 0.365079 0.204301 0.358730 0.211470 0.358730 0.222222 0.368254 0.232975 0.380952 0.232975 0.384127 0.229391 0.384127 0.222222 0.387302 0.218638 0.384127 0.215054 0.384127 0.211470 0.377778 0.204301
0 0.673016 0.204301 0.666667 0.204301 0.660317 0.211470 0.660317 0.215054 0.657143 0.218638 0.657143 0.225806 0.653968 0.229391 0.653968 0.236559 0.657143 0.240143 0.666667 0.240143 0.673016 0.232975 0.673016 0.229391 0.676190 0.225806 0.676190 0.207885
0 0.406349 0.207885 0.400000 0.215054 0.400000 0.225806 0.403175 0.229391 0.403175 0.232975 0.406349 0.232975 0.409524 0.236559 0.412698 0.236559 0.415873 0.232975 0.422222 0.232975 0.425397 0.229391 0.425397 0.215054 0.419048 0.207885
0 0.961905 0.215054 0.949206 0.215054 0.946032 0.218638 0.942857 0.218638 0.939683 0.222222 0.939683 0.229391 0.942857 0.232975 0.942857 0.236559 0.946032 0.236559 0.949206 0.240143 0.952381 0.240143 0.955556 0.236559 0.958730 0.236559 0.965079 0.229391 0.965079 0.218638
0 0.853968 0.229391 0.850794 0.229391 0.847619 0.225806 0.844444 0.225806 0.841270 0.229391 0.838095 0.229391 0.828571 0.240143 0.828571 0.247312 0.834921 0.254480 0.847619 0.254480 0.853968 0.247312
0 0.882540 0.232975 0.882540 0.247312 0.885714 0.250896 0.904762 0.250896 0.911111 0.243728 0.911111 0.232975 0.907937 0.232975 0.904762 0.229391 0.888889 0.229391 0.885714 0.232975
0 0.336508 0.240143 0.330159 0.247312 0.330159 0.258065 0.333333 0.261649 0.333333 0.265233 0.346032 0.265233 0.352381 0.258065 0.352381 0.243728 0.349206 0.240143
0 0.231746 0.243728 0.228571 0.247312 0.225397 0.258065 0.228571 0.261649 0.228571 0.265233 0.231746 0.268817 0.234921 0.279570 0.241270 0.286738 0.247619 0.286738 0.250794 0.283154 0.250794 0.254480 0.244444 0.243728
0 0.282540 0.243728 0.273016 0.243728 0.273016 0.247312 0.269841 0.250896 0.269841 0.258065 0.266667 0.261649 0.266667 0.268817 0.273016 0.279570 0.276190 0.279570 0.279365 0.275986 0.282540 0.275986 0.288889 0.268817 0.288889 0.250896
0 0.603175 0.250896 0.600000 0.250896 0.596825 0.247312 0.593651 0.247312 0.590476 0.250896 0.584127 0.250896 0.580952 0.254480 0.577778 0.254480 0.574603 0.258065 0.574603 0.268817 0.577778 0.272401 0.593651 0.272401 0.596825 0.268817 0.600000 0.268817 0.603175 0.265233
0 0.444444 0.250896 0.441270 0.254480 0.438095 0.254480 0.438095 0.258065 0.434921 0.261649 0.434921 0.272401 0.447619 0.272401 0.450794 0.268817 0.450794 0.261649 0.447619 0.258065 0.447619 0.254480
0 0.520635 0.254480 0.517460 0.254480 0.517460 0.258065 0.511111 0.265233 0.511111 0.272401 0.507937 0.275986 0.507937 0.286738 0.504762 0.290323 0.504762 0.304659 0.507937 0.308244 0.520635 0.308244 0.523810 0.304659 0.526984 0.304659 0.526984 0.301075 0.533333 0.293907 0.533333 0.261649 0.526984 0.261649
0 0.631746 0.254480 0.625397 0.254480 0.619048 0.261649 0.619048 0.265233 0.615873 0.268817 0.615873 0.275986 0.619048 0.279570 0.631746 0.279570 0.634921 0.275986 0.634921 0.268817 0.638095 0.265233 0.634921 0.261649 0.634921 0.258065
0 0.800000 0.254480 0.793651 0.261649 0.793651 0.268817 0.790476 0.272401 0.790476 0.275986 0.793651 0.279570 0.793651 0.283154 0.796825 0.283154 0.800000 0.286738 0.803175 0.286738 0.809524 0.279570 0.809524 0.265233 0.812698 0.261649 0.809524 0.258065 0.806349 0.258065 0.803175 0.254480
0 0.314286 0.258065 0.304762 0.258065 0.301587 0.261649 0.301587 0.290323 0.304762 0.293907 0.307937 0.293907 0.311111 0.290323 0.317460 0.290323 0.320635 0.286738 0.320635 0.268817
0 0.657143 0.258065 0.650794 0.265233 0.650794 0.275986 0.653968 0.279570 0.653968 0.283154 0.657143 0.283154 0.660317 0.286738 0.666667 0.286738 0.669841 0.283154 0.673016 0.283154 0.676190 0.279570 0.676190 0.268817 0.673016 0.265233 0.673016 0.261649 0.669841 0.258065
0 0.180952 0.268817 0.168254 0.268817 0.161905 0.275986 0.161905 0.279570 0.158730 0.283154 0.158730 0.286738 0.161905 0.290323 0.161905 0.293907 0.165079 0.293907 0.168254 0.297491 0.174603 0.297491 0.177778 0.293907 0.180952 0.293907 0.180952 0.286738 0.184127 0.283154 0.184127 0.279570 0.180952 0.275986
0 0.393651 0.272401 0.390476 0.272401 0.384127 0.279570 0.387302 0.283154 0.387302 0.290323 0.393651 0.290323 0.400000 0.283154 0.400000 0.279570
0 0.996825 0.272401 0.993651 0.272401 0.993651 0.279570 0.990476 0.283154 0.990476 0.290323 0.993651 0.293907 0.993651 0.297491 0.996825 0.293907
0 0.860317 0.275986 0.860317 0.279570 0.857143 0.283154 0.857143 0.304659 0.860317 0.308244 0.869841 0.308244 0.876190 0.301075 0.876190 0.297491 0.879365 0.293907 0.879365 0.283154 0.873016 0.275986
0 0.939683 0.279570 0.936508 0.283154 0.936508 0.290323 0.933333 0.293907 0.936508 0.297491 0.936508 0.301075 0.939683 0.304659 0.942857 0.304659 0.946032 0.308244 0.949206 0.308244 0.952381 0.304659 0.955556 0.304659 0.955556 0.297491 0.958730 0.293907 0.955556 0.290323 0.955556 0.286738 0.949206 0.279570
0 0.828571 0.283154 0.822222 0.293907 0.822222 0.315412 0.825397 0.318996 0.834921 0.318996 0.844444 0.308244 0.844444 0.290323 0.838095 0.283154
0 0.479365 0.293907 0.469841 0.286738 0.463492 0.286738 0.457143 0.293907 0.457143 0.297491 0.444444 0.315412 0.444444 0.329749 0.466667 0.329749 0.479365 0.315412
0 0.200000 0.290323 0.184127 0.290323 0.184127 0.297491 0.180952 0.301075 0.180952 0.308244 0.184127 0.311828 0.184127 0.315412 0.187302 0.315412 0.190476 0.318996 0.193651 0.315412 0.196825 0.315412 0.203175 0.308244 0.203175 0.293907
0 0.574603 0.290323 0.571429 0.290323 0.568254 0.293907 0.565079 0.293907 0.561905 0.297491 0.561905 0.304659 0.558730 0.308244 0.561905 0.311828 0.561905 0.315412 0.565079 0.315412 0.568254 0.318996 0.574603 0.318996 0.584127 0.308244 0.584127 0.301075 0.580952 0.297491 0.580952 0.293907 0.577778 0.293907
0 0.784127 0.293907 0.780952 0.297491 0.777778 0.297491 0.774603 0.301075 0.774603 0.315412 0.780952 0.322581 0.790476 0.322581 0.796825 0.315412 0.796825 0.301075 0.793651 0.297491 0.790476 0.297491 0.787302 0.293907
0 0.409524 0.297491 0.403175 0.297491 0.396825 0.304659 0.396825 0.322581 0.400000 0.322581 0.403175 0.326165 0.406349 0.326165 0.409524 0.322581 0.412698 0.322581 0.412698 0.318996 0.415873 0.315412 0.415873 0.304659
0 0.279365 0.301075 0.276190 0.304659 0.273016 0.304659 0.263492 0.315412 0.263492 0.322581 0.269841 0.329749 0.279365 0.329749 0.282540 0.333333 0.285714 0.333333 0.292063 0.326165 0.292063 0.304659 0.288889 0.301075
0 0.311111 0.308244 0.307937 0.311828 0.307937 0.326165 0.311111 0.329749 0.320635 0.329749 0.326984 0.322581 0.326984 0.311828 0.323810 0.308244
0 0.685714 0.308244 0.685714 0.311828 0.682540 0.315412 0.682540 0.318996 0.685714 0.322581 0.685714 0.326165 0.688889 0.329749 0.692063 0.329749 0.695238 0.333333 0.698413 0.333333 0.701587 0.329749 0.704762 0.329749 0.704762 0.326165 0.707937 0.322581 0.704762 0.318996 0.704762 0.315412 0.698413 0.308244
0 0.907937 0.308244 0.901587 0.308244 0.901587 0.311828 0.895238 0.318996 0.895238 0.322581 0.892063 0.326165 0.892063 0.336918 0.895238 0.340502 0.901587 0.340502 0.911111 0.329749 0.911111 0.315412 0.907937 0.311828
0 0.717460 0.329749 0.720635 0.333333 0.720635 0.336918 0.723810 0.340502 0.726984 0.340502 0.730159 0.336918 0.739683 0.336918 0.742857 0.333333 0.742857 0.326165 0.736508 0.318996 0.723810 0.318996 0.720635 0.322581 0.720635 0.326165
0 0.920635 0.326165 0.914286 0.333333 0.914286 0.347670 0.917460 0.351254 0.920635 0.351254 0.923810 0.354839 0.926984 0.354839 0.936508 0.344086 0.936508 0.336918 0.933333 0.333333 0.933333 0.329749 0.930159 0.326165
0 0.495238 0.329749 0.492063 0.333333 0.492063 0.336918 0.488889 0.340502 0.488889 0.344086 0.492063 0.347670 0.492063 0.351254 0.495238 0.354839 0.511111 0.354839 0.514286 0.351254 0.514286 0.340502 0.511111 0.336918 0.511111 0.333333 0.507937 0.329749
0 0.600000 0.333333 0.593651 0.340502 0.593651 0.347670 0.590476 0.351254 0.593651 0.354839 0.593651 0.358423 0.596825 0.362007 0.609524 0.362007 0.615873 0.354839 0.615873 0.340502 0.609524 0.333333
0 0.466667 0.336918 0.460317 0.336918 0.457143 0.340502 0.447619 0.340502 0.438095 0.351254 0.438095 0.365591 0.444444 0.376344 0.447619 0.376344 0.453968 0.369176 0.453968 0.365591 0.463492 0.354839 0.463492 0.351254 0.466667 0.347670
0 0.974603 0.336918 0.965079 0.336918 0.958730 0.344086 0.958730 0.351254 0.955556 0.354839 0.958730 0.358423 0.958730 0.365591 0.961905 0.365591 0.965079 0.369176 0.968254 0.365591 0.974603 0.365591 0.980952 0.354839 0.980952 0.344086
0 0.333333 0.340502 0.326984 0.340502 0.323810 0.344086 0.320635 0.344086 0.317460 0.347670 0.317460 0.365591 0.320635 0.365591 0.323810 0.369176 0.330159 0.369176 0.333333 0.365591 0.336508 0.365591 0.336508 0.362007 0.339683 0.358423 0.339683 0.347670
0 0.536508 0.344086 0.536508 0.358423 0.539683 0.362007 0.539683 0.365591 0.546032 0.372760 0.552381 0.372760 0.558730 0.365591 0.558730 0.354839 0.549206 0.344086
0 0.876190 0.344086 0.863492 0.344086 0.860317 0.347670 0.857143 0.347670 0.857143 0.351254 0.850794 0.358423 0.850794 0.372760 0.853968 0.372760 0.857143 0.376344 0.863492 0.376344 0.866667 0.372760 0.873016 0.372760 0.879365 0.365591 0.879365 0.358423 0.882540 0.354839
0 0.279365 0.351254 0.276190 0.351254 0.273016 0.354839 0.269841 0.354839 0.266667 0.358423 0.266667 0.372760 0.269841 0.376344 0.279365 0.376344 0.285714 0.369176 0.285714 0.358423
0 0.387302 0.351254 0.377778 0.351254 0.374603 0.354839 0.371429 0.354839 0.368254 0.358423 0.365079 0.358423 0.361905 0.362007 0.358730 0.362007 0.355556 0.365591 0.355556 0.372760 0.361905 0.379928 0.365079 0.379928 0.368254 0.376344 0.371429 0.376344 0.387302 0.358423
0 0.184127 0.354839 0.180952 0.354839 0.171429 0.362007 0.171429 0.383513 0.180952 0.390681 0.184127 0.387097 0.187302 0.387097 0.190476 0.383513 0.193651 0.383513 0.193651 0.379928 0.196825 0.376344 0.196825 0.365591 0.190476 0.358423 0.187302 0.358423
0 0.396825 0.369176 0.396825 0.383513 0.400000 0.387097 0.412698 0.387097 0.415873 0.383513 0.419048 0.383513 0.419048 0.365591 0.415873 0.362007 0.403175 0.362007
0 0.758730 0.365591 0.755556 0.365591 0.752381 0.362007 0.746032 0.362007 0.742857 0.365591 0.736508 0.365591 0.730159 0.372760 0.730159 0.387097 0.736508 0.394265 0.742857 0.394265 0.752381 0.383513 0.755556 0.383513 0.755556 0.379928 0.758730 0.376344
0 0.926984 0.365591 0.920635 0.372760 0.920635 0.383513 0.930159 0.394265 0.942857 0.394265 0.946032 0.390681 0.946032 0.383513 0.949206 0.379928 0.946032 0.376344 0.946032 0.372760 0.939683 0.365591
0 0.507937 0.372760 0.504762 0.376344 0.504762 0.383513 0.507937 0.387097 0.507937 0.390681 0.511111 0.394265 0.511111 0.397849 0.514286 0.401434 0.526984 0.401434 0.533333 0.394265 0.533333 0.379928 0.526984 0.372760 0.523810 0.372760 0.520635 0.369176 0.514286 0.369176 0.511111 0.372760
0 0.800000 0.369176 0.796825 0.369176 0.793651 0.372760 0.790476 0.372760 0.790476 0.376344 0.784127 0.387097 0.784127 0.390681 0.787302 0.394265 0.787302 0.397849 0.793651 0.405018 0.800000 0.405018 0.803175 0.401434 0.806349 0.401434 0.806349 0.397849 0.809524 0.394265 0.809524 0.379928 0.806349 0.376344 0.806349 0.372760 0.803175 0.372760
0 0.469841 0.383513 0.469841 0.387097 0.466667 0.390681 0.466667 0.397849 0.469841 0.401434 0.492063 0.401434 0.495238 0.397849 0.495238 0.387097 0.492063 0.383513 0.492063 0.379928 0.488889 0.379928 0.485714 0.376344 0.479365 0.376344
0 0.377778 0.390681 0.380952 0.394265 0.393651 0.394265 0.393651 0.390681 0.396825 0.387097 0.393651 0.383513 0.384127 0.383513
0 0.707937 0.383513 0.695238 0.383513 0.695238 0.387097 0.692063 0.390681 0.692063 0.405018 0.698413 0.412186 0.701587 0.412186 0.704762 0.408602 0.707937 0.408602 0.714286 0.401434 0.714286 0.387097 0.711111 0.387097
0 0.892063 0.383513 0.885714 0.390681 0.885714 0.401434 0.888889 0.405018 0.888889 0.408602 0.904762 0.408602 0.904762 0.405018 0.907937 0.401434 0.907937 0.394265 0.904762 0.390681 0.904762 0.387097 0.901587 0.387097 0.898413 0.383513
0 0.304762 0.401434 0.304762 0.415771 0.307937 0.415771 0.311111 0.419355 0.339683 0.419355 0.349206 0.408602 0.349206 0.401434 0.346032 0.397849 0.346032 0.394265 0.342857 0.390681 0.336508 0.390681 0.333333 0.387097 0.320635 0.387097 0.317460 0.390681 0.314286 0.390681
0 0.965079 0.390681 0.958730 0.397849 0.958730 0.401434 0.955556 0.405018 0.955556 0.412186 0.961905 0.419355 0.974603 0.419355 0.977778 0.415771 0.977778 0.394265 0.974603 0.390681
0 0.600000 0.394265 0.596825 0.397849 0.596825 0.415771 0.600000 0.419355 0.600000 0.422939 0.606349 0.430108 0.615873 0.430108 0.619048 0.426523 0.619048 0.408602 0.615873 0.405018 0.615873 0.401434 0.609524 0.394265
0 0.203175 0.397849 0.196825 0.405018 0.196825 0.419355 0.203175 0.426523 0.212698 0.426523 0.215873 0.422939 0.215873 0.405018 0.209524 0.397849
0 0.841270 0.415771 0.838095 0.412186 0.838095 0.408602 0.831746 0.401434 0.828571 0.401434 0.825397 0.405018 0.819048 0.405018 0.815873 0.408602 0.815873 0.412186 0.809524 0.419355 0.809524 0.422939 0.812698 0.426523 0.828571 0.426523 0.831746 0.422939 0.838095 0.422939 0.838095 0.419355
0 0.355556 0.419355 0.355556 0.430108 0.358730 0.433692 0.368254 0.433692 0.371429 0.430108 0.377778 0.430108 0.380952 0.426523 0.377778 0.422939 0.377778 0.419355 0.374603 0.415771 0.368254 0.415771 0.365079 0.412186 0.358730 0.412186 0.358730 0.415771
0 0.180952 0.419355 0.171429 0.419355 0.165079 0.426523 0.165079 0.440860 0.168254 0.444444 0.174603 0.444444 0.177778 0.440860 0.180952 0.440860 0.180952 0.433692 0.184127 0.430108 0.184127 0.426523 0.180952 0.422939
0 0.676190 0.419355 0.673016 0.419355 0.669841 0.422939 0.666667 0.422939 0.666667 0.426523 0.663492 0.430108 0.663492 0.433692 0.666667 0.437276 0.666667 0.444444 0.669841 0.444444 0.673016 0.448029 0.676190 0.444444 0.679365 0.444444 0.685714 0.437276 0.685714 0.430108 0.682540 0.426523 0.682540 0.422939 0.679365 0.422939
0 0.892063 0.426523 0.888889 0.430108 0.885714 0.426523 0.885714 0.422939 0.879365 0.422939 0.876190 0.426523 0.876190 0.440860 0.882540 0.440860 0.888889 0.433692 0.892063 0.433692
0 0.393651 0.426523 0.393651 0.430108 0.390476 0.433692 0.387302 0.433692 0.390476 0.437276 0.390476 0.440860 0.393651 0.444444 0.393651 0.451613 0.400000 0.451613 0.403175 0.448029 0.406349 0.448029 0.406349 0.444444 0.400000 0.444444 0.396825 0.440860 0.396825 0.430108
0 0.520635 0.426523 0.517460 0.426523 0.514286 0.430108 0.511111 0.430108 0.511111 0.433692 0.507937 0.437276 0.507937 0.458781 0.511111 0.462366 0.520635 0.462366 0.526984 0.455197 0.526984 0.448029 0.530159 0.444444 0.530159 0.437276
0 0.965079 0.433692 0.961905 0.433692 0.958730 0.437276 0.955556 0.437276 0.952381 0.440860 0.952381 0.455197 0.958730 0.462366 0.965079 0.462366 0.968254 0.458781 0.971429 0.458781 0.971429 0.455197 0.974603 0.451613 0.974603 0.444444 0.971429 0.440860 0.971429 0.437276 0.968254 0.437276
0 0.707937 0.440860 0.704762 0.444444 0.704762 0.465950 0.707937 0.469534 0.707937 0.473118 0.711111 0.473118 0.714286 0.476703 0.720635 0.476703 0.726984 0.469534 0.726984 0.451613 0.717460 0.440860
0 0.361905 0.444444 0.355556 0.444444 0.346032 0.455197 0.346032 0.473118 0.355556 0.480287 0.358730 0.476703 0.361905 0.476703 0.368254 0.469534 0.368254 0.455197
0 0.577778 0.444444 0.577778 0.451613 0.574603 0.455197 0.574603 0.465950 0.571429 0.469534 0.571429 0.476703 0.577778 0.483871 0.584127 0.483871 0.593651 0.473118 0.593651 0.455197 0.587302 0.448029 0.584127 0.448029 0.580952 0.444444
0 0.993651 0.444444 0.990476 0.448029 0.990476 0.451613 0.987302 0.455197 0.987302 0.458781 0.990476 0.462366 0.990476 0.465950 0.993651 0.465950 0.996825 0.462366 0.996825 0.451613 0.993651 0.448029
0 0.133333 0.448029 0.126984 0.455197 0.126984 0.458781 0.123810 0.462366 0.123810 0.469534 0.126984 0.473118 0.126984 0.476703 0.133333 0.483871 0.146032 0.483871 0.152381 0.473118 0.152381 0.458781 0.142857 0.448029
0 0.438095 0.451613 0.438095 0.465950 0.444444 0.473118 0.450794 0.473118 0.453968 0.476703 0.457143 0.476703 0.466667 0.469534 0.466667 0.458781 0.457143 0.448029 0.441270 0.448029
0 0.803175 0.448029 0.796825 0.455197 0.796825 0.462366 0.800000 0.465950 0.800000 0.469534 0.803175 0.473118 0.819048 0.473118 0.822222 0.469534 0.822222 0.458781 0.815873 0.451613 0.812698 0.451613 0.809524 0.448029
0 0.228571 0.455197 0.222222 0.455197 0.219048 0.458781 0.219048 0.465950 0.215873 0.469534 0.219048 0.473118 0.225397 0.473118 0.231746 0.465950 0.231746 0.458781
0 0.847619 0.458781 0.844444 0.462366 0.841270 0.462366 0.841270 0.469534 0.834921 0.476703 0.834921 0.491039 0.844444 0.501792 0.857143 0.501792 0.860317 0.498208 0.860317 0.487455 0.863492 0.483871 0.863492 0.480287 0.860317 0.476703 0.860317 0.469534 0.857143 0.465950 0.857143 0.462366
0 0.619048 0.462366 0.615873 0.465950 0.615873 0.476703 0.619048 0.480287 0.619048 0.487455 0.622222 0.487455 0.625397 0.491039 0.638095 0.491039 0.644444 0.483871 0.644444 0.476703 0.641270 0.473118 0.641270 0.469534 0.638095 0.469534 0.631746 0.462366
0 0.676190 0.465950 0.669841 0.473118 0.669841 0.487455 0.673016 0.491039 0.685714 0.491039 0.688889 0.487455 0.688889 0.469534 0.685714 0.465950
0 0.926984 0.469534 0.920635 0.469534 0.917460 0.473118 0.914286 0.473118 0.914286 0.483871 0.917460 0.483871 0.920635 0.487455 0.923810 0.487455 0.930159 0.480287 0.930159 0.473118
0 0.266667 0.473118 0.257143 0.473118 0.247619 0.483871 0.247619 0.494624 0.250794 0.498208 0.263492 0.498208 0.269841 0.491039 0.269841 0.476703
0 0.326984 0.473118 0.323810 0.476703 0.320635 0.476703 0.320635 0.480287 0.317460 0.483871 0.317460 0.498208 0.320635 0.501792 0.333333 0.501792 0.339683 0.494624 0.339683 0.483871 0.333333 0.476703 0.330159 0.476703
0 0.533333 0.473118 0.530159 0.476703 0.530159 0.494624 0.536508 0.501792 0.549206 0.501792 0.552381 0.498208 0.552381 0.494624 0.555556 0.491039 0.555556 0.483871 0.549206 0.476703 0.546032 0.476703 0.542857 0.473118
0 0.812698 0.494624 0.809524 0.491039 0.806349 0.491039 0.803175 0.487455 0.800000 0.487455 0.796825 0.491039 0.790476 0.491039 0.784127 0.498208 0.784127 0.508961 0.787302 0.512545 0.803175 0.512545 0.812698 0.501792
0 0.946032 0.487455 0.936508 0.498208 0.936508 0.505376 0.946032 0.516129 0.955556 0.516129 0.961905 0.508961 0.961905 0.491039 0.958730 0.487455
0 0.361905 0.491039 0.355556 0.491039 0.346032 0.501792 0.346032 0.516129 0.349206 0.519713 0.358730 0.519713 0.368254 0.508961 0.368254 0.498208
0 0.584127 0.501792 0.584127 0.508961 0.590476 0.519713 0.603175 0.519713 0.606349 0.516129 0.609524 0.516129 0.612698 0.512545 0.615873 0.512545 0.615873 0.501792 0.609524 0.494624 0.593651 0.494624
0 0.698413 0.501792 0.698413 0.508961 0.704762 0.516129 0.707937 0.516129 0.711111 0.519713 0.714286 0.519713 0.717460 0.516129 0.720635 0.516129 0.720635 0.512545 0.723810 0.508961 0.723810 0.505376 0.720635 0.501792 0.720635 0.498208 0.717460 0.498208 0.714286 0.494624 0.704762 0.494624
0 0.146032 0.498208 0.139683 0.505376 0.139683 0.516129 0.142857 0.519713 0.155556 0.519713 0.161905 0.512545 0.161905 0.505376 0.158730 0.501792 0.158730 0.498208
0 0.479365 0.508961 0.473016 0.501792 0.466667 0.501792 0.463492 0.505376 0.460317 0.505376 0.457143 0.508961 0.457143 0.512545 0.453968 0.516129 0.453968 0.519713 0.457143 0.523297 0.457143 0.526882 0.476190 0.526882 0.476190 0.523297 0.479365 0.519713
0 0.561905 0.501792 0.555556 0.508961 0.555556 0.534050 0.558730 0.537634 0.568254 0.537634 0.568254 0.534050 0.571429 0.530466 0.571429 0.505376 0.568254 0.501792
0 0.653968 0.501792 0.650794 0.505376 0.647619 0.505376 0.647619 0.508961 0.644444 0.512545 0.644444 0.519713 0.650794 0.530466 0.653968 0.530466 0.657143 0.534050 0.660317 0.534050 0.669841 0.526882 0.669841 0.512545 0.663492 0.505376 0.660317 0.505376 0.657143 0.501792
0 0.282540 0.505376 0.276190 0.512545 0.276190 0.530466 0.285714 0.541219 0.292063 0.541219 0.298413 0.534050 0.298413 0.519713 0.295238 0.516129 0.295238 0.512545 0.288889 0.505376
0 0.834921 0.512545 0.825397 0.505376 0.819048 0.505376 0.815873 0.508961 0.809524 0.508961 0.809524 0.516129 0.806349 0.519713 0.806349 0.537634 0.819048 0.537634 0.834921 0.519713
0 0.876190 0.505376 0.873016 0.508961 0.873016 0.526882 0.876190 0.530466 0.888889 0.530466 0.892063 0.526882 0.892063 0.523297 0.895238 0.519713 0.895238 0.512545 0.888889 0.505376
0 0.231746 0.512545 0.231746 0.516129 0.228571 0.519713 0.228571 0.530466 0.234921 0.537634 0.241270 0.537634 0.250794 0.526882 0.250794 0.523297 0.247619 0.519713 0.247619 0.516129 0.244444 0.512545
0 0.520635 0.516129 0.507937 0.516129 0.504762 0.519713 0.504762 0.523297 0.501587 0.526882 0.501587 0.534050 0.511111 0.544803 0.514286 0.544803 0.517460 0.541219 0.520635 0.541219 0.520635 0.537634 0.523810 0.534050 0.523810 0.523297 0.520635 0.519713
0 0.742857 0.519713 0.739683 0.523297 0.736508 0.523297 0.736508 0.526882 0.733333 0.530466 0.733333 0.541219 0.736508 0.544803 0.736508 0.551971 0.742857 0.559140 0.746032 0.559140 0.749206 0.562724 0.755556 0.562724 0.758730 0.559140 0.761905 0.559140 0.761905 0.537634 0.755556 0.530466 0.755556 0.526882 0.752381 0.523297
0 0.526984 0.526882 0.526984 0.534050 0.523810 0.537634 0.523810 0.541219 0.526984 0.544803 0.526984 0.548387 0.530159 0.548387 0.536508 0.555556 0.539683 0.555556 0.542857 0.551971 0.542857 0.534050 0.536508 0.526882
0 0.695238 0.526882 0.688889 0.526882 0.679365 0.537634 0.679365 0.555556 0.692063 0.555556 0.695238 0.551971 0.698413 0.551971 0.698413 0.548387 0.701587 0.544803 0.701587 0.537634 0.698413 0.534050 0.698413 0.530466
0 0.488889 0.530466 0.482540 0.530466 0.473016 0.541219 0.473016 0.548387 0.476190 0.551971 0.479365 0.551971 0.482540 0.555556 0.485714 0.551971 0.492063 0.551971 0.495238 0.548387 0.495238 0.534050 0.492063 0.534050
0 0.612698 0.530466 0.612698 0.534050 0.609524 0.537634 0.609524 0.541219 0.606349 0.544803 0.609524 0.548387 0.609524 0.555556 0.612698 0.559140 0.625397 0.559140 0.628571 0.555556 0.628571 0.548387 0.631746 0.544803 0.631746 0.541219 0.628571 0.537634 0.628571 0.534050 0.625397 0.530466
0 0.917460 0.530466 0.911111 0.537634 0.911111 0.541219 0.907937 0.544803 0.907937 0.548387 0.914286 0.555556 0.926984 0.555556 0.930159 0.551971 0.930159 0.548387 0.933333 0.544803 0.933333 0.534050 0.930159 0.530466
0 0.219048 0.534050 0.209524 0.534050 0.206349 0.537634 0.203175 0.537634 0.203175 0.544803 0.200000 0.548387 0.206349 0.555556 0.212698 0.555556 0.219048 0.548387
0 0.453968 0.534050 0.450794 0.534050 0.447619 0.537634 0.444444 0.537634 0.441270 0.541219 0.441270 0.555556 0.453968 0.555556 0.453968 0.551971 0.457143 0.548387 0.457143 0.537634
0 0.977778 0.537634 0.974603 0.541219 0.974603 0.555556 0.977778 0.559140 0.980952 0.559140 0.984127 0.562724 0.990476 0.562724 0.993651 0.559140 0.993651 0.537634
0 0.784127 0.541219 0.777778 0.551971 0.777778 0.559140 0.780952 0.562724 0.780952 0.566308 0.790476 0.573477 0.800000 0.573477 0.803175 0.569892 0.803175 0.555556 0.800000 0.551971 0.800000 0.548387 0.793651 0.541219
0 0.850794 0.544803 0.847619 0.544803 0.844444 0.541219 0.841270 0.541219 0.838095 0.544803 0.831746 0.544803 0.822222 0.555556 0.822222 0.569892 0.825397 0.573477 0.841270 0.573477 0.844444 0.569892 0.847619 0.569892 0.853968 0.559140 0.853968 0.555556 0.850794 0.551971
0 0.244444 0.544803 0.234921 0.544803 0.231746 0.548387 0.231746 0.551971 0.228571 0.555556 0.228571 0.569892 0.234921 0.577061 0.238095 0.577061 0.241270 0.573477 0.244444 0.573477 0.247619 0.569892 0.247619 0.562724 0.250794 0.559140 0.250794 0.555556 0.247619 0.551971 0.247619 0.548387
0 0.263492 0.548387 0.250794 0.562724 0.250794 0.573477 0.253968 0.577061 0.257143 0.587814 0.260317 0.587814 0.263492 0.591398 0.273016 0.591398 0.279365 0.580645 0.279365 0.573477 0.282540 0.569892 0.282540 0.566308 0.279365 0.562724 0.279365 0.559140 0.269841 0.548387
0 0.339683 0.548387 0.336508 0.551971 0.336508 0.562724 0.339683 0.566308 0.339683 0.569892 0.342857 0.573477 0.355556 0.573477 0.361905 0.566308 0.361905 0.559140 0.358730 0.555556 0.358730 0.551971 0.355556 0.548387
0 0.580952 0.548387 0.574603 0.555556 0.574603 0.569892 0.577778 0.573477 0.587302 0.573477 0.590476 0.569892 0.590476 0.551971 0.587302 0.548387
0 0.168254 0.551971 0.161905 0.551971 0.158730 0.555556 0.155556 0.555556 0.149206 0.562724 0.149206 0.577061 0.152381 0.580645 0.161905 0.580645 0.165079 0.577061 0.168254 0.577061 0.171429 0.573477 0.171429 0.566308 0.174603 0.562724 0.171429 0.559140 0.171429 0.555556
0 0.876190 0.559140 0.869841 0.566308 0.869841 0.577061 0.873016 0.580645 0.873016 0.584229 0.876190 0.587814 0.888889 0.587814 0.892063 0.584229 0.892063 0.580645 0.895238 0.577061 0.892063 0.573477 0.892063 0.566308 0.885714 0.559140
0 0.111111 0.562724 0.107937 0.562724 0.104762 0.566308 0.101587 0.566308 0.098413 0.569892 0.098413 0.573477 0.095238 0.577061 0.095238 0.580645 0.092063 0.584229 0.092063 0.591398 0.095238 0.594982 0.107937 0.594982 0.107937 0.591398 0.114286 0.584229 0.114286 0.566308
0 0.193651 0.562724 0.190476 0.566308 0.187302 0.566308 0.184127 0.569892 0.184127 0.577061 0.187302 0.580645 0.187302 0.584229 0.190476 0.584229 0.193651 0.587814 0.196825 0.587814 0.200000 0.584229 0.203175 0.584229 0.206349 0.580645 0.206349 0.569892 0.203175 0.566308 0.200000 0.566308 0.196825 0.562724
0 0.514286 0.562724 0.507937 0.569892 0.507937 0.584229 0.514286 0.591398 0.526984 0.591398 0.530159 0.587814 0.530159 0.569892 0.523810 0.562724
0 0.466667 0.577061 0.466667 0.587814 0.469841 0.587814 0.473016 0.591398 0.479365 0.591398 0.482540 0.587814 0.485714 0.587814 0.485714 0.584229 0.488889 0.580645 0.488889 0.577061 0.485714 0.573477 0.485714 0.569892 0.473016 0.569892
0 0.641270 0.569892 0.631746 0.569892 0.622222 0.580645 0.622222 0.594982 0.625397 0.598566 0.634921 0.598566 0.641270 0.591398 0.641270 0.587814 0.644444 0.584229 0.644444 0.573477
0 0.920635 0.573477 0.917460 0.573477 0.914286 0.577061 0.911111 0.577061 0.911111 0.580645 0.907937 0.584229 0.907937 0.591398 0.911111 0.594982 0.911111 0.598566 0.923810 0.598566 0.926984 0.594982 0.926984 0.580645
0 0.796825 0.577061 0.793651 0.580645 0.793651 0.587814 0.790476 0.591398 0.790476 0.609319 0.803175 0.623656 0.812698 0.623656 0.822222 0.616487 0.822222 0.612903 0.825397 0.609319 0.825397 0.602151 0.822222 0.598566 0.822222 0.594982 0.819048 0.594982 0.812698 0.587814 0.809524 0.587814 0.803175 0.580645 0.800000 0.580645
0 0.682540 0.591398 0.676190 0.584229 0.666667 0.584229 0.657143 0.594982 0.657143 0.598566 0.653968 0.602151 0.653968 0.612903 0.657143 0.612903 0.666667 0.605735 0.673016 0.605735 0.676190 0.602151 0.679365 0.602151 0.682540 0.598566
0 0.361905 0.591398 0.355556 0.598566 0.355556 0.602151 0.352381 0.605735 0.352381 0.609319 0.355556 0.612903 0.355556 0.616487 0.371429 0.616487 0.371429 0.612903 0.374603 0.609319 0.374603 0.605735 0.377778 0.602151 0.374603 0.598566 0.374603 0.591398
0 0.704762 0.594982 0.701587 0.598566 0.701587 0.616487 0.704762 0.620072 0.714286 0.620072 0.717460 0.616487 0.717460 0.609319 0.714286 0.605735 0.714286 0.598566 0.711111 0.598566 0.707937 0.594982
0 0.476190 0.602151 0.473016 0.605735 0.469841 0.605735 0.466667 0.609319 0.466667 0.620072 0.473016 0.627240 0.482540 0.627240 0.482540 0.623656 0.485714 0.620072 0.485714 0.609319 0.482540 0.605735 0.479365 0.605735
0 0.898413 0.609319 0.895238 0.612903 0.895238 0.620072 0.892063 0.623656 0.892063 0.634409 0.898413 0.641577 0.907937 0.641577 0.911111 0.637993 0.911111 0.634409 0.914286 0.630824 0.914286 0.616487 0.907937 0.609319
0 0.184127 0.620072 0.171429 0.620072 0.171429 0.623656 0.161905 0.634409 0.161905 0.652330 0.165079 0.655914 0.174603 0.655914 0.187302 0.641577 0.187302 0.623656
0 0.444444 0.620072 0.438095 0.627240 0.438095 0.634409 0.441270 0.637993 0.441270 0.641577 0.444444 0.641577 0.447619 0.645161 0.450794 0.645161 0.453968 0.641577 0.457143 0.641577 0.460317 0.637993 0.460317 0.623656 0.457143 0.623656 0.453968 0.620072
0 0.666667 0.620072 0.660317 0.627240 0.660317 0.637993 0.666667 0.645161 0.673016 0.645161 0.676190 0.641577 0.679365 0.641577 0.682540 0.637993 0.682540 0.634409 0.685714 0.630824 0.676190 0.620072
0 0.930159 0.627240 0.930159 0.637993 0.933333 0.641577 0.946032 0.641577 0.949206 0.637993 0.952381 0.637993 0.952381 0.623656 0.949206 0.620072 0.936508 0.620072
0 0.371429 0.623656 0.365079 0.630824 0.365079 0.645161 0.371429 0.645161 0.374603 0.648746 0.377778 0.645161 0.384127 0.645161 0.390476 0.637993 0.390476 0.634409 0.380952 0.623656
0 0.406349 0.623656 0.400000 0.623656 0.400000 0.627240 0.396825 0.630824 0.396825 0.652330 0.393651 0.655914 0.393651 0.666667 0.396825 0.670251 0.403175 0.670251 0.403175 0.663082 0.406349 0.659498 0.406349 0.655914 0.412698 0.648746 0.412698 0.641577 0.415873 0.637993 0.415873 0.634409
0 0.561905 0.623656 0.561905 0.627240 0.558730 0.630824 0.558730 0.648746 0.565079 0.655914 0.577778 0.655914 0.580952 0.652330 0.584127 0.652330 0.590476 0.645161 0.590476 0.641577 0.584127 0.630824 0.580952 0.630824 0.574603 0.623656
0 0.876190 0.623656 0.857143 0.623656 0.844444 0.637993 0.844444 0.641577 0.847619 0.645161 0.847619 0.648746 0.850794 0.648746 0.853968 0.652330 0.860317 0.652330 0.863492 0.648746 0.866667 0.648746 0.869841 0.645161 0.873016 0.645161 0.873016 0.641577 0.876190 0.637993
0 0.622222 0.641577 0.619048 0.637993 0.615873 0.637993 0.612698 0.641577 0.609524 0.641577 0.609524 0.648746 0.619048 0.648746 0.622222 0.645161
0 0.120635 0.652330 0.117460 0.655914 0.117460 0.673835 0.120635 0.677419 0.123810 0.677419 0.126984 0.681004 0.130159 0.681004 0.133333 0.677419 0.136508 0.677419 0.139683 0.673835 0.139683 0.663082 0.136508 0.659498 0.136508 0.655914 0.133333 0.655914 0.130159 0.652330
0 0.285714 0.652330 0.276190 0.652330 0.273016 0.655914 0.273016 0.663082 0.269841 0.666667 0.269841 0.673835 0.273016 0.677419 0.276190 0.677419 0.279365 0.681004 0.282540 0.677419 0.288889 0.677419 0.288889 0.673835 0.292063 0.670251 0.292063 0.659498
0 0.317460 0.655914 0.314286 0.659498 0.314286 0.670251 0.323810 0.670251 0.326984 0.666667 0.326984 0.663082 0.330159 0.659498 0.326984 0.655914
0 0.355556 0.655914 0.355556 0.666667 0.365079 0.677419 0.371429 0.677419 0.377778 0.670251 0.377778 0.666667 0.371429 0.659498 0.368254 0.659498 0.365079 0.655914
0 0.412698 0.663082 0.412698 0.666667 0.419048 0.673835 0.431746 0.673835 0.434921 0.670251 0.441270 0.670251 0.444444 0.666667 0.444444 0.659498 0.441270 0.655914 0.419048 0.655914
0 0.225397 0.677419 0.228571 0.688172 0.231746 0.688172 0.234921 0.691756 0.241270 0.691756 0.244444 0.695341 0.250794 0.695341 0.253968 0.691756 0.257143 0.691756 0.263492 0.684588 0.263492 0.677419 0.253968 0.666667 0.250794 0.666667 0.247619 0.663082 0.231746 0.663082 0.231746 0.666667
0 0.473016 0.670251 0.469841 0.673835 0.469841 0.677419 0.466667 0.681004 0.469841 0.684588 0.469841 0.691756 0.473016 0.695341 0.482540 0.695341 0.488889 0.688172 0.488889 0.677419 0.485714 0.673835 0.485714 0.670251
0 0.600000 0.673835 0.596825 0.673835 0.593651 0.670251 0.590476 0.673835 0.587302 0.673835 0.580952 0.681004 0.580952 0.691756 0.584127 0.695341 0.584127 0.698925 0.596825 0.698925 0.596825 0.695341 0.600000 0.691756 0.600000 0.688172 0.603175 0.684588 0.603175 0.681004 0.600000 0.677419
0 0.784127 0.670251 0.780952 0.673835 0.780952 0.691756 0.787302 0.698925 0.796825 0.698925 0.803175 0.691756 0.803175 0.677419 0.796825 0.670251
0 0.346032 0.684588 0.342857 0.684588 0.339683 0.681004 0.330159 0.681004 0.326984 0.684588 0.323810 0.684588 0.323810 0.688172 0.317460 0.695341 0.317460 0.709677 0.323810 0.716846 0.333333 0.716846 0.336508 0.713262 0.339683 0.713262 0.349206 0.702509 0.349206 0.691756 0.346032 0.688172
0 0.622222 0.681004 0.612698 0.681004 0.603175 0.688172 0.603175 0.691756 0.600000 0.695341 0.600000 0.698925 0.603175 0.702509 0.603175 0.706093 0.606349 0.709677 0.606349 0.713262 0.615873 0.713262 0.625397 0.706093 0.625397 0.702509 0.628571 0.698925 0.628571 0.688172
0 0.834921 0.681004 0.831746 0.684588 0.828571 0.684588 0.828571 0.688172 0.822222 0.695341 0.822222 0.706093 0.831746 0.713262 0.841270 0.713262 0.844444 0.709677 0.847619 0.709677 0.853968 0.702509 0.853968 0.691756 0.850794 0.688172 0.850794 0.684588 0.847619 0.684588 0.844444 0.681004
0 0.977778 0.681004 0.958730 0.681004 0.952381 0.688172 0.949206 0.688172 0.946032 0.691756 0.946032 0.698925 0.942857 0.702509 0.946032 0.706093 0.946032 0.709677 0.949206 0.709677 0.952381 0.713262 0.965079 0.713262 0.968254 0.709677 0.977778 0.706093 0.977778 0.702509 0.980952 0.698925 0.980952 0.688172 0.977778 0.684588
0 0.438095 0.684588 0.431746 0.691756 0.431746 0.698925 0.434921 0.702509 0.434921 0.706093 0.441270 0.713262 0.447619 0.713262 0.453968 0.706093 0.453968 0.691756 0.447619 0.684588
0 0.688889 0.695341 0.688889 0.698925 0.695238 0.698925 0.698413 0.702509 0.701587 0.702509 0.707937 0.709677 0.711111 0.709677 0.714286 0.706093 0.717460 0.706093 0.717460 0.702509 0.720635 0.698925 0.720635 0.695341 0.717460 0.691756 0.717460 0.688172 0.714286 0.688172 0.711111 0.684588 0.698413 0.684588
0 0.288889 0.688172 0.285714 0.691756 0.285714 0.706093 0.288889 0.709677 0.298413 0.709677 0.304762 0.702509 0.304762 0.691756 0.301587 0.691756 0.298413 0.688172
0 0.387302 0.688172 0.384127 0.691756 0.384127 0.709677 0.387302 0.713262 0.396825 0.713262 0.403175 0.706093 0.403175 0.695341 0.396825 0.688172
0 0.523810 0.688172 0.517460 0.695341 0.517460 0.709677 0.520635 0.713262 0.520635 0.716846 0.533333 0.716846 0.539683 0.709677 0.539683 0.702509 0.542857 0.698925 0.542857 0.695341 0.536508 0.688172
0 0.755556 0.702509 0.752381 0.706093 0.749206 0.706093 0.749206 0.731183 0.752381 0.734767 0.761905 0.734767 0.768254 0.727599 0.768254 0.709677 0.765079 0.706093 0.761905 0.706093 0.758730 0.702509
0 0.917460 0.702509 0.907937 0.702509 0.901587 0.706093 0.901587 0.709677 0.895238 0.713262 0.888889 0.724014 0.885714 0.724014 0.882540 0.731183 0.882540 0.738351 0.879365 0.741935 0.879365 0.752688 0.882540 0.756272 0.885714 0.756272 0.895238 0.745520 0.907937 0.738351 0.917460 0.727599 0.917460 0.720430 0.920635 0.716846 0.920635 0.706093
0 0.828571 0.713262 0.825397 0.713262 0.822222 0.709677 0.819048 0.713262 0.812698 0.713262 0.800000 0.727599 0.800000 0.738351 0.806349 0.745520 0.822222 0.745520 0.828571 0.738351 0.828571 0.734767 0.831746 0.731183 0.831746 0.716846
0 0.555556 0.713262 0.555556 0.716846 0.552381 0.720430 0.552381 0.734767 0.558730 0.741935 0.568254 0.741935 0.571429 0.738351 0.574603 0.738351 0.577778 0.734767 0.577778 0.720430 0.571429 0.713262
0 0.641270 0.716846 0.634921 0.716846 0.631746 0.720430 0.628571 0.720430 0.622222 0.727599 0.622222 0.734767 0.628571 0.741935 0.641270 0.741935 0.647619 0.734767 0.647619 0.724014
0 0.361905 0.724014 0.355556 0.724014 0.342857 0.738351 0.342857 0.741935 0.339683 0.745520 0.339683 0.749104 0.346032 0.756272 0.352381 0.756272 0.358730 0.749104 0.358730 0.745520 0.361905 0.741935 0.361905 0.738351 0.365079 0.734767 0.365079 0.727599
0 0.257143 0.731183 0.253968 0.734767 0.253968 0.749104 0.257143 0.752688 0.269841 0.752688 0.273016 0.749104 0.273016 0.745520 0.276190 0.741935 0.276190 0.738351 0.273016 0.734767 0.273016 0.731183
0 0.860317 0.731183 0.853968 0.731183 0.847619 0.738351 0.847619 0.756272 0.850794 0.759857 0.857143 0.759857 0.860317 0.756272 0.860317 0.741935 0.863492 0.738351 0.860317 0.734767
0 0.517460 0.734767 0.504762 0.734767 0.501587 0.738351 0.498413 0.738351 0.492063 0.745520 0.488889 0.745520 0.485714 0.749104 0.485714 0.756272 0.492063 0.763441 0.495238 0.763441 0.498413 0.767025 0.504762 0.767025 0.520635 0.749104 0.520635 0.745520 0.523810 0.741935
0 0.968254 0.734767 0.952381 0.734767 0.949206 0.738351 0.946032 0.738351 0.939683 0.745520 0.936508 0.756272 0.946032 0.767025 0.949206 0.767025 0.952381 0.770609 0.961905 0.767025 0.968254 0.759857 0.968254 0.756272 0.971429 0.752688 0.971429 0.749104 0.968254 0.745520 0.971429 0.741935 0.971429 0.738351
0 0.307937 0.745520 0.304762 0.749104 0.304762 0.759857 0.307937 0.763441 0.307937 0.767025 0.311111 0.767025 0.314286 0.770609 0.323810 0.770609 0.326984 0.767025 0.326984 0.759857 0.330159 0.756272 0.330159 0.749104 0.326984 0.745520 0.320635 0.745520 0.317460 0.741935 0.314286 0.745520
0 0.711111 0.749104 0.701587 0.741935 0.695238 0.741935 0.692063 0.745520 0.685714 0.745520 0.682540 0.749104 0.679365 0.749104 0.679365 0.759857 0.688889 0.767025 0.692063 0.763441 0.704762 0.763441 0.711111 0.756272
0 0.238095 0.749104 0.225397 0.749104 0.222222 0.752688 0.222222 0.774194 0.225397 0.777778 0.228571 0.777778 0.231746 0.781362 0.234921 0.777778 0.238095 0.777778 0.241270 0.774194 0.241270 0.770609 0.244444 0.767025 0.244444 0.759857 0.241270 0.756272 0.241270 0.752688
0 0.104762 0.756272 0.104762 0.770609 0.107937 0.774194 0.123810 0.774194 0.126984 0.770609 0.126984 0.756272 0.123810 0.756272 0.120635 0.752688 0.111111 0.752688 0.107937 0.756272
0 0.619048 0.756272 0.615873 0.759857 0.615873 0.767025 0.619048 0.770609 0.619048 0.781362 0.622222 0.784946 0.622222 0.788530 0.625397 0.792115 0.628571 0.792115 0.631746 0.788530 0.634921 0.788530 0.634921 0.784946 0.638095 0.781362 0.638095 0.763441 0.634921 0.759857 0.634921 0.756272
0 0.907937 0.763441 0.895238 0.763441 0.885714 0.774194 0.885714 0.799283 0.888889 0.802867 0.888889 0.810036 0.892063 0.817204 0.898413 0.817204 0.901587 0.820789 0.907937 0.817204 0.917460 0.806452 0.917460 0.799283 0.920635 0.795699 0.920635 0.784946 0.917460 0.781362 0.917460 0.774194 0.914286 0.767025
0 0.260317 0.767025 0.257143 0.770609 0.257143 0.788530 0.260317 0.788530 0.263492 0.792115 0.269841 0.792115 0.276190 0.784946 0.276190 0.770609 0.273016 0.767025
0 0.434921 0.767025 0.431746 0.770609 0.428571 0.770609 0.428571 0.774194 0.425397 0.777778 0.425397 0.784946 0.428571 0.788530 0.428571 0.792115 0.434921 0.799283 0.444444 0.799283 0.447619 0.795699 0.447619 0.777778 0.441270 0.770609 0.438095 0.770609
0 0.796825 0.770609 0.796825 0.774194 0.806349 0.784946 0.812698 0.784946 0.815873 0.788530 0.819048 0.784946 0.825397 0.784946 0.828571 0.781362 0.828571 0.770609 0.825397 0.767025 0.800000 0.767025
0 0.326984 0.770609 0.326984 0.788530 0.333333 0.795699 0.342857 0.795699 0.349206 0.788530 0.349206 0.781362 0.342857 0.774194 0.333333 0.774194 0.330159 0.770609
0 0.549206 0.777778 0.549206 0.784946 0.552381 0.788530 0.555556 0.788530 0.558730 0.792115 0.561905 0.792115 0.565079 0.788530 0.568254 0.788530 0.574603 0.781362 0.571429 0.777778 0.571429 0.774194 0.568254 0.770609 0.552381 0.770609 0.552381 0.774194
0 0.768254 0.770609 0.752381 0.770609 0.749206 0.774194 0.746032 0.774194 0.742857 0.777778 0.742857 0.784946 0.749206 0.792115 0.758730 0.792115 0.768254 0.781362
0 0.301587 0.774194 0.288889 0.774194 0.285714 0.777778 0.285714 0.795699 0.292063 0.802867 0.295238 0.802867 0.298413 0.799283 0.301587 0.799283 0.304762 0.795699 0.304762 0.788530 0.307937 0.784946 0.304762 0.781362 0.304762 0.777778
