0 0.184713 0.103943 0.184713 0.107527 0.181529 0.111111 0.181529 0.118280 0.187898 0.129032 0.194268 0.129032 0.197452 0.132616 0.203822 0.132616 0.207006 0.129032 0.210191 0.129032 0.210191 0.111111 0.207006 0.107527 0.203822 0.107527 0.197452 0.100358 0.194268 0.103943 0.191083 0.100358 0.187898 0.103943
0 0.777070 0.103943 0.773885 0.100358 0.761146 0.100358 0.751592 0.111111 0.748408 0.111111 0.748408 0.114695 0.735669 0.125448 0.735669 0.129032 0.732484 0.132616 0.732484 0.143369 0.738854 0.143369 0.742038 0.146953 0.745223 0.143369 0.754777 0.139785 0.773885 0.118280 0.773885 0.114695 0.777070 0.111111
0 0.334395 0.103943 0.324841 0.103943 0.305732 0.114695 0.286624 0.136201 0.283439 0.143369 0.283439 0.168459 0.289809 0.175627 0.302548 0.172043 0.312102 0.161290 0.331210 0.125448
0 0.681529 0.107527 0.671975 0.118280 0.671975 0.129032 0.675159 0.132616 0.691083 0.132616 0.697452 0.125448 0.697452 0.111111 0.694268 0.107527
0 0.025478 0.111111 0.019108 0.118280 0.019108 0.136201 0.035032 0.136201 0.041401 0.129032 0.041401 0.125448 0.044586 0.121864 0.041401 0.118280 0.041401 0.114695 0.038217 0.111111
0 0.092357 0.114695 0.089172 0.114695 0.085987 0.118280 0.082803 0.118280 0.082803 0.129032 0.089172 0.129032 0.092357 0.125448
0 0.914013 0.114695 0.907643 0.114695 0.901274 0.121864 0.898089 0.118280 0.894904 0.121864 0.885350 0.121864 0.882166 0.118280 0.872611 0.129032 0.872611 0.143369 0.878981 0.150538 0.885350 0.150538 0.891720 0.143369 0.894904 0.143369 0.907643 0.129032 0.914013 0.129032 0.917197 0.125448
0 0.124204 0.125448 0.124204 0.132616 0.130573 0.139785 0.146497 0.139785 0.149682 0.136201 0.149682 0.129032 0.146497 0.125448 0.146497 0.121864 0.143312 0.121864 0.140127 0.118280 0.133758 0.118280 0.130573 0.121864 0.127389 0.121864
0 0.401274 0.121864 0.398089 0.121864 0.394904 0.125448 0.391720 0.125448 0.391720 0.129032 0.385350 0.136201 0.385350 0.139785 0.382166 0.143369 0.382166 0.154122 0.388535 0.154122 0.391720 0.150538 0.398089 0.150538 0.404459 0.143369 0.404459 0.136201 0.407643 0.132616
0 0.455414 0.121864 0.439490 0.121864 0.429936 0.129032 0.429936 0.132616 0.426752 0.136201 0.426752 0.161290 0.429936 0.164875 0.436306 0.164875 0.439490 0.168459 0.442675 0.168459 0.445860 0.164875 0.452229 0.164875 0.461783 0.154122 0.461783 0.146953 0.464968 0.143369 0.464968 0.132616
0 0.847134 0.129032 0.840764 0.129032 0.837580 0.125448 0.834395 0.129032 0.828025 0.129032 0.824841 0.132616 0.824841 0.146953 0.831210 0.154122 0.840764 0.154122 0.843949 0.150538 0.847134 0.150538 0.850318 0.146953 0.850318 0.132616
0 0.595541 0.129032 0.589172 0.139785 0.589172 0.146953 0.592357 0.150538 0.595541 0.161290 0.598726 0.164875 0.605096 0.164875 0.608280 0.168459 0.614650 0.168459 0.617834 0.164875 0.621019 0.164875 0.627389 0.157706 0.627389 0.143369 0.624204 0.139785 0.621019 0.139785 0.611465 0.129032
0 0.015924 0.146953 0.015924 0.150538 0.025478 0.161290 0.031847 0.161290 0.035032 0.157706 0.038217 0.157706 0.038217 0.154122 0.041401 0.150538 0.031847 0.139785 0.022293 0.139785
0 0.573248 0.146953 0.554140 0.154122 0.547771 0.164875 0.547771 0.182796 0.557325 0.197133 0.566879 0.197133 0.573248 0.189964 0.576433 0.189964 0.585987 0.172043 0.585987 0.168459 0.582803 0.164875 0.582803 0.154122
0 0.140127 0.154122 0.140127 0.157706 0.136943 0.161290 0.136943 0.168459 0.143312 0.175627 0.159236 0.175627 0.165605 0.168459 0.165605 0.161290 0.162420 0.157706 0.162420 0.154122 0.156051 0.154122 0.152866 0.150538 0.146497 0.150538 0.143312 0.154122
0 0.095541 0.157706 0.089172 0.157706 0.085987 0.161290 0.082803 0.161290 0.082803 0.164875 0.079618 0.168459 0.079618 0.182796 0.089172 0.189964 0.092357 0.189964 0.095541 0.186380 0.098726 0.186380 0.098726 0.182796 0.101911 0.179211 0.101911 0.161290 0.098726 0.161290
0 0.423567 0.161290 0.407643 0.161290 0.388535 0.182796 0.391720 0.193548 0.398089 0.200717 0.401274 0.200717 0.404459 0.204301 0.410828 0.204301 0.414013 0.200717 0.417197 0.200717 0.426752 0.189964 0.426752 0.164875
0 0.213376 0.164875 0.203822 0.172043 0.203822 0.186380 0.210191 0.193548 0.216561 0.193548 0.219745 0.197133 0.222930 0.197133 0.232484 0.189964 0.232484 0.175627 0.226115 0.168459 0.222930 0.168459 0.219745 0.164875
0 0.812102 0.172043 0.808917 0.168459 0.799363 0.168459 0.796178 0.172043 0.786624 0.175627 0.786624 0.179211 0.780255 0.186380 0.780255 0.189964 0.777070 0.193548 0.777070 0.200717 0.773885 0.204301 0.773885 0.207885 0.780255 0.207885 0.783439 0.204301 0.792994 0.200717 0.799363 0.193548 0.802548 0.193548 0.812102 0.182796
0 0.726115 0.182796 0.719745 0.175627 0.710191 0.175627 0.707006 0.179211 0.703822 0.179211 0.697452 0.189964 0.697452 0.200717 0.700637 0.204301 0.713376 0.204301 0.722930 0.193548 0.722930 0.189964 0.726115 0.186380
0 0.633758 0.186380 0.627389 0.179211 0.614650 0.179211 0.611465 0.182796 0.608280 0.182796 0.589172 0.207885 0.589172 0.222222 0.592357 0.225806 0.601911 0.225806 0.614650 0.215054 0.617834 0.215054 0.630573 0.200717 0.630573 0.197133 0.633758 0.193548
0 0.363057 0.186380 0.359873 0.189964 0.356688 0.200717 0.350318 0.207885 0.350318 0.218638 0.356688 0.225806 0.372611 0.225806 0.378981 0.218638 0.378981 0.215054 0.382166 0.211470 0.382166 0.204301 0.372611 0.186380
0 0.761146 0.186380 0.754777 0.186380 0.751592 0.189964 0.748408 0.189964 0.748408 0.193548 0.742038 0.204301 0.742038 0.222222 0.745223 0.225806 0.748408 0.225806 0.757962 0.215054 0.757962 0.211470 0.764331 0.204301 0.764331 0.189964
0 0.847134 0.186380 0.840764 0.193548 0.840764 0.204301 0.847134 0.211470 0.850318 0.211470 0.853503 0.215054 0.856688 0.215054 0.859873 0.211470 0.863057 0.211470 0.863057 0.207885 0.866242 0.204301 0.866242 0.193548 0.863057 0.189964 0.863057 0.186380
0 0.891720 0.186380 0.885350 0.193548 0.885350 0.197133 0.882166 0.200717 0.882166 0.207885 0.888535 0.218638 0.898089 0.218638 0.907643 0.211470 0.907643 0.197133 0.898089 0.186380
0 0.528662 0.189964 0.522293 0.197133 0.522293 0.200717 0.519108 0.204301 0.519108 0.207885 0.522293 0.211470 0.522293 0.222222 0.531847 0.232975 0.535032 0.232975 0.538217 0.236559 0.544586 0.236559 0.547771 0.232975 0.550955 0.232975 0.550955 0.229391 0.554140 0.225806 0.554140 0.218638 0.550955 0.215054 0.547771 0.197133 0.541401 0.189964
0 0.191083 0.193548 0.178344 0.193548 0.171975 0.200717 0.171975 0.204301 0.165605 0.211470 0.165605 0.218638 0.171975 0.225806 0.175159 0.222222 0.181529 0.222222 0.191083 0.211470 0.191083 0.207885 0.194268 0.204301 0.194268 0.200717 0.191083 0.197133
0 0.066879 0.197133 0.063694 0.197133 0.057325 0.204301 0.057325 0.207885 0.054140 0.211470 0.054140 0.222222 0.060510 0.229391 0.066879 0.229391 0.070064 0.225806 0.070064 0.215054 0.073248 0.211470 0.073248 0.204301
0 0.506369 0.197133 0.496815 0.200717 0.487261 0.211470 0.484076 0.218638 0.484076 0.225806 0.480892 0.229391 0.480892 0.240143 0.487261 0.250896 0.496815 0.250896 0.500000 0.247312 0.506369 0.247312 0.515924 0.236559 0.515924 0.229391 0.522293 0.225806 0.519108 0.222222 0.519108 0.211470 0.515924 0.204301
0 0.684713 0.204301 0.681529 0.204301 0.678344 0.200717 0.675159 0.200717 0.671975 0.204301 0.668790 0.204301 0.665605 0.207885 0.662420 0.207885 0.662420 0.211470 0.659236 0.215054 0.659236 0.218638 0.665605 0.225806 0.671975 0.225806 0.675159 0.222222 0.681529 0.222222 0.687898 0.215054 0.687898 0.211470 0.684713 0.207885
0 0.305732 0.204301 0.296178 0.204301 0.280255 0.222222 0.280255 0.229391 0.277070 0.232975 0.277070 0.250896 0.286624 0.261649 0.296178 0.261649 0.302548 0.258065 0.312102 0.247312 0.315287 0.240143 0.315287 0.218638
0 0.824841 0.204301 0.808917 0.204301 0.792994 0.222222 0.789809 0.229391 0.789809 0.247312 0.796178 0.254480 0.812102 0.254480 0.821656 0.243728 0.824841 0.243728 0.831210 0.229391 0.831210 0.215054
0 0.229299 0.207885 0.226115 0.207885 0.222930 0.211470 0.219745 0.211470 0.213376 0.218638 0.213376 0.229391 0.219745 0.240143 0.232484 0.240143 0.238854 0.232975 0.238854 0.229391 0.242038 0.225806 0.242038 0.218638 0.235669 0.211470 0.232484 0.211470
0 0.019108 0.218638 0.019108 0.222222 0.015924 0.225806 0.015924 0.232975 0.019108 0.236559 0.019108 0.240143 0.022293 0.240143 0.025478 0.243728 0.041401 0.243728 0.044586 0.240143 0.044586 0.236559 0.041401 0.232975 0.041401 0.229391 0.035032 0.218638 0.031847 0.218638 0.028662 0.215054 0.025478 0.215054 0.022293 0.218638
0 0.124204 0.222222 0.117834 0.222222 0.114650 0.225806 0.111465 0.225806 0.108280 0.229391 0.108280 0.236559 0.105096 0.240143 0.108280 0.243728 0.108280 0.247312 0.111465 0.250896 0.124204 0.250896 0.130573 0.243728 0.130573 0.229391
0 0.184713 0.225806 0.175159 0.225806 0.168790 0.232975 0.168790 0.243728 0.175159 0.250896 0.178344 0.250896 0.181529 0.247312 0.184713 0.247312 0.187898 0.243728 0.187898 0.232975 0.184713 0.229391
0 0.337580 0.236559 0.331210 0.243728 0.331210 0.247312 0.328025 0.250896 0.328025 0.268817 0.331210 0.272401 0.350318 0.272401 0.356688 0.250896 0.353503 0.247312 0.350318 0.236559
0 0.388535 0.236559 0.382166 0.236559 0.378981 0.240143 0.369427 0.243728 0.363057 0.250896 0.359873 0.250896 0.359873 0.254480 0.356688 0.258065 0.356688 0.265233 0.353503 0.268817 0.353503 0.272401 0.359873 0.279570 0.366242 0.279570 0.369427 0.283154 0.372611 0.283154 0.375796 0.279570 0.385350 0.275986 0.391720 0.268817 0.391720 0.265233 0.394904 0.261649 0.394904 0.254480 0.398089 0.250896
0 0.633758 0.247312 0.633758 0.254480 0.643312 0.265233 0.646497 0.261649 0.656051 0.261649 0.659236 0.258065 0.659236 0.243728 0.656051 0.240143 0.640127 0.240143
0 0.538217 0.254480 0.535032 0.250896 0.531847 0.250896 0.528662 0.247312 0.519108 0.247312 0.515924 0.250896 0.512739 0.250896 0.509554 0.254480 0.509554 0.268817 0.512739 0.272401 0.525478 0.272401 0.528662 0.268817 0.531847 0.268817 0.538217 0.261649
0 0.149682 0.250896 0.149682 0.254480 0.146497 0.258065 0.146497 0.265233 0.149682 0.268817 0.149682 0.275986 0.156051 0.283154 0.159236 0.283154 0.162420 0.279570 0.165605 0.279570 0.168790 0.275986 0.168790 0.265233 0.165605 0.261649 0.165605 0.258065 0.159236 0.250896
0 0.207006 0.258065 0.207006 0.265233 0.210191 0.268817 0.210191 0.275986 0.219745 0.286738 0.226115 0.286738 0.235669 0.275986 0.235669 0.265233 0.229299 0.258065 0.226115 0.258065 0.222930 0.254480 0.213376 0.254480 0.210191 0.258065
0 0.611465 0.254480 0.605096 0.261649 0.605096 0.268817 0.608280 0.272401 0.608280 0.275986 0.611465 0.275986 0.614650 0.279570 0.621019 0.279570 0.624204 0.275986 0.624204 0.268817 0.627389 0.265233 0.624204 0.261649 0.624204 0.258065 0.621019 0.254480
0 0.681529 0.254480 0.675159 0.254480 0.671975 0.258065 0.665605 0.258065 0.656051 0.265233 0.656051 0.279570 0.662420 0.286738 0.665605 0.286738 0.668790 0.283154 0.675159 0.283154 0.681529 0.275986 0.684713 0.275986 0.684713 0.272401 0.687898 0.268817 0.687898 0.265233
0 0.429936 0.258065 0.417197 0.258065 0.404459 0.268817 0.404459 0.272401 0.401274 0.275986 0.401274 0.297491 0.404459 0.301075 0.404459 0.304659 0.407643 0.304659 0.410828 0.308244 0.420382 0.308244 0.433121 0.297491 0.433121 0.290323 0.436306 0.286738 0.436306 0.268817
0 0.028662 0.261649 0.025478 0.265233 0.025478 0.283154 0.028662 0.286738 0.041401 0.286738 0.050955 0.275986 0.050955 0.261649
0 0.085987 0.261649 0.082803 0.265233 0.079618 0.265233 0.073248 0.272401 0.073248 0.283154 0.076433 0.286738 0.079618 0.286738 0.082803 0.290323 0.092357 0.290323 0.098726 0.283154 0.098726 0.268817 0.095541 0.265233 0.092357 0.265233 0.089172 0.261649
0 0.133758 0.265233 0.127389 0.265233 0.124204 0.268817 0.124204 0.272401 0.121019 0.275986 0.121019 0.286738 0.124204 0.290323 0.130573 0.290323 0.136943 0.283154 0.136943 0.272401 0.133758 0.268817
0 0.815287 0.268817 0.815287 0.279570 0.824841 0.286738 0.831210 0.286738 0.834395 0.290323 0.840764 0.290323 0.850318 0.283154 0.850318 0.272401 0.847134 0.268817 0.840764 0.268817 0.837580 0.265233 0.818471 0.265233
0 0.003185 0.268817 0.000000 0.272401 0.000000 0.283154 0.003185 0.286738 0.006369 0.286738 0.006369 0.272401
0 0.869427 0.279570 0.872611 0.283154 0.872611 0.286738 0.894904 0.286738 0.894904 0.283154 0.898089 0.279570 0.898089 0.275986 0.891720 0.268817 0.875796 0.268817 0.872611 0.272401 0.872611 0.275986
0 0.187898 0.275986 0.175159 0.275986 0.175159 0.301075 0.178344 0.297491 0.181529 0.297491 0.184713 0.293907 0.187898 0.293907 0.187898 0.290323 0.191083 0.286738 0.191083 0.279570
0 0.312102 0.279570 0.308917 0.283154 0.308917 0.304659 0.312102 0.308244 0.315287 0.308244 0.318471 0.311828 0.324841 0.311828 0.324841 0.304659 0.321656 0.301075 0.324841 0.297491 0.324841 0.286738 0.318471 0.279570
0 0.356688 0.279570 0.353503 0.283154 0.343949 0.286738 0.337580 0.293907 0.337580 0.301075 0.334395 0.304659 0.337580 0.315412 0.350318 0.326165 0.353503 0.326165 0.356688 0.322581 0.363057 0.322581 0.372611 0.311828 0.372611 0.290323 0.366242 0.283154 0.359873 0.283154
0 0.557325 0.290323 0.544586 0.290323 0.538217 0.297491 0.538217 0.311828 0.541401 0.315412 0.550955 0.315412 0.550955 0.311828 0.557325 0.304659
0 0.802548 0.293907 0.799363 0.297491 0.799363 0.308244 0.802548 0.311828 0.802548 0.315412 0.805732 0.318996 0.805732 0.322581 0.808917 0.326165 0.818471 0.326165 0.824841 0.315412 0.824841 0.311828 0.821656 0.308244 0.821656 0.304659 0.812102 0.293907
0 0.850318 0.304659 0.850318 0.315412 0.853503 0.315412 0.856688 0.318996 0.859873 0.318996 0.863057 0.322581 0.866242 0.318996 0.872611 0.318996 0.875796 0.315412 0.878981 0.315412 0.878981 0.304659 0.872611 0.297491 0.856688 0.297491
0 0.280255 0.304659 0.273885 0.304659 0.261146 0.318996 0.261146 0.333333 0.267516 0.344086 0.280255 0.344086 0.289809 0.333333 0.289809 0.329749 0.292994 0.326165 0.292994 0.322581 0.289809 0.318996 0.289809 0.311828
0 0.519108 0.311828 0.515924 0.311828 0.512739 0.315412 0.509554 0.315412 0.506369 0.318996 0.506369 0.322581 0.503185 0.326165 0.503185 0.329749 0.509554 0.336918 0.515924 0.336918 0.525478 0.326165 0.525478 0.322581 0.522293 0.318996 0.522293 0.315412
0 0.710191 0.311828 0.707006 0.315412 0.700637 0.315412 0.697452 0.318996 0.697452 0.333333 0.700637 0.336918 0.703822 0.336918 0.707006 0.340502 0.713376 0.340502 0.716561 0.336918 0.716561 0.333333 0.719745 0.329749 0.719745 0.318996 0.716561 0.315412 0.713376 0.315412
0 0.111465 0.315412 0.108280 0.318996 0.108280 0.333333 0.111465 0.336918 0.114650 0.336918 0.117834 0.340502 0.121019 0.340502 0.124204 0.336918 0.127389 0.336918 0.130573 0.333333 0.130573 0.318996 0.127389 0.315412
0 0.006369 0.329749 0.003185 0.329749 0.000000 0.333333 0.000000 0.340502 0.003185 0.344086 0.000000 0.347670 0.000000 0.354839 0.003185 0.354839 0.006369 0.351254
0 0.038217 0.336918 0.028662 0.336918 0.019108 0.347670 0.019108 0.354839 0.015924 0.358423 0.015924 0.372760 0.022293 0.372760 0.025478 0.369176 0.028662 0.369176 0.031847 0.365591 0.035032 0.365591 0.044586 0.354839 0.044586 0.344086
0 0.471338 0.351254 0.471338 0.362007 0.474522 0.365591 0.477707 0.365591 0.480892 0.369176 0.490446 0.369176 0.493631 0.365591 0.496815 0.365591 0.496815 0.362007 0.500000 0.358423 0.500000 0.354839 0.496815 0.351254 0.496815 0.347670 0.493631 0.347670 0.490446 0.344086 0.477707 0.344086
0 0.745223 0.344086 0.735669 0.351254 0.735669 0.358423 0.738854 0.362007 0.738854 0.369176 0.745223 0.376344 0.754777 0.376344 0.761146 0.369176 0.761146 0.365591 0.764331 0.362007 0.761146 0.358423 0.761146 0.354839 0.757962 0.351254 0.757962 0.347670 0.751592 0.347670 0.748408 0.344086
0 0.207006 0.351254 0.200637 0.358423 0.200637 0.376344 0.207006 0.383513 0.216561 0.383513 0.219745 0.379928 0.219745 0.376344 0.222930 0.372760 0.222930 0.362007 0.219745 0.358423 0.219745 0.354839 0.216561 0.354839 0.213376 0.351254
0 0.515924 0.354839 0.515924 0.358423 0.512739 0.362007 0.512739 0.369176 0.515924 0.372760 0.515924 0.376344 0.519108 0.376344 0.522293 0.379928 0.531847 0.379928 0.538217 0.372760 0.538217 0.365591 0.535032 0.362007 0.535032 0.358423 0.531847 0.354839 0.528662 0.354839 0.525478 0.351254 0.522293 0.351254 0.519108 0.354839
0 0.710191 0.354839 0.700637 0.362007 0.700637 0.383513 0.703822 0.387097 0.719745 0.387097 0.719745 0.383513 0.722930 0.379928 0.722930 0.362007 0.719745 0.358423 0.716561 0.358423 0.713376 0.354839
0 0.869427 0.365591 0.869427 0.369176 0.866242 0.372760 0.875796 0.383513 0.882166 0.383513 0.885350 0.387097 0.898089 0.387097 0.898089 0.369176 0.888535 0.358423 0.878981 0.358423
0 0.121019 0.362007 0.114650 0.362007 0.111465 0.365591 0.108280 0.365591 0.105096 0.369176 0.105096 0.372760 0.101911 0.376344 0.101911 0.383513 0.108280 0.390681 0.121019 0.390681 0.121019 0.387097 0.124204 0.383513 0.124204 0.376344 0.127389 0.372760 0.127389 0.369176
0 0.812102 0.362007 0.808917 0.365591 0.808917 0.383513 0.812102 0.387097 0.821656 0.387097 0.828025 0.379928 0.828025 0.365591 0.824841 0.365591 0.821656 0.362007
0 0.238854 0.365591 0.232484 0.372760 0.232484 0.390681 0.238854 0.397849 0.251592 0.397849 0.254777 0.394265 0.254777 0.372760 0.248408 0.365591
0 0.773885 0.376344 0.773885 0.379928 0.770701 0.383513 0.770701 0.394265 0.777070 0.401434 0.789809 0.401434 0.796178 0.394265 0.796178 0.376344 0.792994 0.376344 0.789809 0.372760 0.780255 0.372760 0.777070 0.376344
0 0.006369 0.383513 0.003185 0.387097 0.003185 0.397849 0.009554 0.405018 0.022293 0.405018 0.022293 0.401434 0.025478 0.397849 0.025478 0.394265 0.019108 0.387097 0.015924 0.387097 0.012739 0.383513
0 0.054140 0.383513 0.050955 0.387097 0.050955 0.405018 0.054140 0.408602 0.054140 0.412186 0.057325 0.412186 0.063694 0.419355 0.073248 0.412186 0.073248 0.394265 0.063694 0.383513
0 0.168790 0.383513 0.162420 0.390681 0.162420 0.405018 0.175159 0.419355 0.181529 0.419355 0.184713 0.415771 0.184713 0.408602 0.187898 0.405018 0.184713 0.401434 0.184713 0.390681 0.178344 0.383513
0 0.503185 0.387097 0.500000 0.387097 0.496815 0.390681 0.493631 0.390681 0.487261 0.401434 0.487261 0.412186 0.493631 0.419355 0.500000 0.419355 0.503185 0.415771 0.506369 0.415771 0.512739 0.408602 0.512739 0.394265
0 0.652866 0.387097 0.649682 0.390681 0.649682 0.394265 0.646497 0.397849 0.643312 0.397849 0.643312 0.405018 0.627389 0.422939 0.627389 0.430108 0.630573 0.433692 0.640127 0.433692 0.643312 0.430108 0.643312 0.426523 0.649682 0.415771 0.649682 0.397849 0.652866 0.394265
0 0.859873 0.401434 0.863057 0.405018 0.863057 0.408602 0.866242 0.408602 0.869427 0.412186 0.888535 0.412186 0.901274 0.397849 0.901274 0.394265 0.898089 0.390681 0.885350 0.390681 0.882166 0.387097 0.875796 0.387097 0.875796 0.390681 0.872611 0.394265 0.863057 0.394265 0.859873 0.397849
0 0.738854 0.394265 0.735669 0.397849 0.735669 0.412186 0.742038 0.419355 0.754777 0.419355 0.761146 0.412186 0.761146 0.405018 0.757962 0.401434 0.757962 0.397849 0.754777 0.397849 0.751592 0.394265
0 0.277070 0.397849 0.273885 0.401434 0.273885 0.419355 0.277070 0.422939 0.286624 0.422939 0.289809 0.419355 0.292994 0.419355 0.296178 0.415771 0.296178 0.412186 0.299363 0.408602 0.296178 0.405018 0.296178 0.401434 0.292994 0.401434 0.289809 0.397849
0 0.691083 0.405018 0.681529 0.415771 0.681529 0.426523 0.687898 0.433692 0.700637 0.433692 0.703822 0.430108 0.703822 0.426523 0.707006 0.422939 0.707006 0.412186 0.703822 0.408602 0.703822 0.405018
0 0.095541 0.408602 0.089172 0.419355 0.089172 0.444444 0.095541 0.451613 0.101911 0.451613 0.108280 0.440860 0.108280 0.415771 0.101911 0.408602
0 0.149682 0.408602 0.146497 0.412186 0.146497 0.422939 0.149682 0.426523 0.149682 0.430108 0.156051 0.437276 0.159236 0.437276 0.165605 0.430108 0.165605 0.422939 0.168790 0.419355 0.168790 0.415771 0.162420 0.408602
0 0.251592 0.415771 0.245223 0.422939 0.245223 0.437276 0.251592 0.444444 0.261146 0.444444 0.264331 0.440860 0.267516 0.440860 0.267516 0.437276 0.270701 0.433692 0.270701 0.419355 0.264331 0.419355 0.261146 0.415771
0 0.831210 0.426523 0.831210 0.440860 0.834395 0.444444 0.847134 0.444444 0.850318 0.440860 0.853503 0.440860 0.853503 0.437276 0.856688 0.433692 0.856688 0.426523 0.850318 0.419355 0.837580 0.419355
0 0.012739 0.422939 0.009554 0.426523 0.006369 0.426523 0.003185 0.430108 0.003185 0.444444 0.009554 0.451613 0.019108 0.451613 0.022293 0.448029 0.025478 0.448029 0.025478 0.433692 0.019108 0.426523 0.015924 0.426523
0 0.595541 0.433692 0.595541 0.437276 0.592357 0.440860 0.592357 0.444444 0.598726 0.455197 0.601911 0.455197 0.605096 0.458781 0.614650 0.458781 0.621019 0.451613 0.621019 0.444444 0.614650 0.433692 0.611465 0.433692 0.608280 0.430108 0.605096 0.430108 0.601911 0.433692
0 0.426752 0.437276 0.423567 0.437276 0.417197 0.444444 0.414013 0.458781 0.410828 0.462366 0.410828 0.505376 0.414013 0.508961 0.423567 0.508961 0.433121 0.498208 0.433121 0.491039 0.436306 0.487455 0.436306 0.462366 0.433121 0.458781 0.433121 0.448029
0 0.882166 0.437276 0.878981 0.440860 0.878981 0.458781 0.882166 0.458781 0.885350 0.462366 0.894904 0.462366 0.898089 0.458781 0.898089 0.455197 0.901274 0.451613 0.901274 0.444444 0.894904 0.437276
0 0.515924 0.440860 0.509554 0.448029 0.509554 0.458781 0.512739 0.462366 0.512739 0.469534 0.519108 0.476703 0.531847 0.476703 0.535032 0.473118 0.535032 0.458781 0.528662 0.451613 0.528662 0.448029 0.522293 0.440860
0 0.359873 0.444444 0.353503 0.455197 0.353503 0.476703 0.359873 0.483871 0.372611 0.483871 0.388535 0.465950 0.388535 0.451613 0.382166 0.444444
0 0.716561 0.444444 0.713376 0.448029 0.710191 0.448029 0.710191 0.451613 0.707006 0.455197 0.707006 0.465950 0.713376 0.473118 0.722930 0.473118 0.726115 0.469534 0.729299 0.469534 0.729299 0.465950 0.732484 0.462366 0.732484 0.451613 0.726115 0.444444
0 0.853503 0.458781 0.853503 0.473118 0.856688 0.476703 0.866242 0.476703 0.869427 0.473118 0.869427 0.469534 0.872611 0.465950 0.872611 0.462366 0.866242 0.455197 0.859873 0.455197 0.856688 0.458781
0 0.178344 0.469534 0.178344 0.483871 0.184713 0.494624 0.200637 0.494624 0.203822 0.491039 0.207006 0.491039 0.207006 0.473118 0.203822 0.469534 0.203822 0.465950 0.200637 0.465950 0.197452 0.462366 0.187898 0.462366
0 0.640127 0.465950 0.640127 0.476703 0.643312 0.480287 0.646497 0.480287 0.649682 0.483871 0.656051 0.483871 0.659236 0.480287 0.662420 0.480287 0.662420 0.476703 0.665605 0.473118 0.665605 0.465950 0.662420 0.462366 0.646497 0.462366 0.643312 0.465950
0 0.748408 0.483871 0.757962 0.494624 0.773885 0.494624 0.783439 0.483871 0.783439 0.480287 0.786624 0.476703 0.783439 0.473118 0.773885 0.473118 0.770701 0.469534 0.754777 0.469534 0.751592 0.473118 0.751592 0.476703 0.748408 0.480287
0 0.681529 0.473118 0.678344 0.476703 0.678344 0.487455 0.681529 0.491039 0.681529 0.501792 0.687898 0.512545 0.687898 0.523297 0.694268 0.530466 0.707006 0.530466 0.710191 0.526882 0.710191 0.508961 0.707006 0.505376 0.707006 0.498208 0.703822 0.494624 0.700637 0.483871 0.691083 0.473118
0 0.066879 0.480287 0.063694 0.480287 0.054140 0.491039 0.054140 0.494624 0.050955 0.498208 0.050955 0.512545 0.060510 0.519713 0.066879 0.519713 0.070064 0.516129 0.070064 0.498208 0.073248 0.494624 0.073248 0.487455
0 0.089172 0.480287 0.082803 0.487455 0.082803 0.491039 0.079618 0.494624 0.079618 0.501792 0.082803 0.505376 0.082803 0.508961 0.089172 0.516129 0.095541 0.516129 0.101911 0.508961 0.101911 0.501792 0.105096 0.498208 0.101911 0.494624 0.101911 0.487455 0.098726 0.483871 0.095541 0.483871 0.092357 0.480287
0 0.496815 0.487455 0.493631 0.491039 0.490446 0.491039 0.484076 0.498208 0.484076 0.505376 0.487261 0.508961 0.493631 0.508961 0.500000 0.501792 0.500000 0.491039
0 0.321656 0.491039 0.318471 0.494624 0.315287 0.494624 0.315287 0.508961 0.318471 0.508961 0.321656 0.512545 0.324841 0.512545 0.328025 0.516129 0.331210 0.512545 0.334395 0.512545 0.337580 0.508961 0.337580 0.501792 0.331210 0.494624 0.328025 0.494624 0.324841 0.491039
0 0.538217 0.491039 0.519108 0.491039 0.519108 0.494624 0.512739 0.501792 0.512739 0.505376 0.509554 0.508961 0.509554 0.523297 0.506369 0.526882 0.512739 0.534050 0.515924 0.530466 0.519108 0.530466 0.522293 0.526882 0.525478 0.516129 0.541401 0.501792 0.541401 0.494624
0 0.722930 0.494624 0.722930 0.505376 0.726115 0.508961 0.729299 0.508961 0.732484 0.512545 0.735669 0.512545 0.742038 0.519713 0.748408 0.519713 0.751592 0.516129 0.748408 0.512545 0.748408 0.508961 0.745223 0.505376 0.745223 0.501792 0.735669 0.491039 0.729299 0.491039 0.726115 0.494624
0 0.847134 0.494624 0.837580 0.494624 0.834395 0.498208 0.831210 0.498208 0.831210 0.501792 0.828025 0.505376 0.828025 0.512545 0.834395 0.519713 0.840764 0.519713 0.843949 0.516129 0.847134 0.516129 0.853503 0.508961 0.853503 0.501792
0 0.652866 0.498208 0.652866 0.501792 0.649682 0.505376 0.649682 0.512545 0.652866 0.516129 0.652866 0.519713 0.656051 0.523297 0.656051 0.526882 0.662420 0.534050 0.665605 0.534050 0.668790 0.530466 0.668790 0.505376 0.662420 0.498208
0 0.187898 0.508961 0.181529 0.516129 0.181529 0.526882 0.184713 0.530466 0.187898 0.530466 0.197452 0.537634 0.207006 0.537634 0.210191 0.534050 0.210191 0.516129 0.203822 0.508961
0 0.331210 0.516129 0.324841 0.523297 0.324841 0.534050 0.321656 0.537634 0.321656 0.541219 0.331210 0.551971 0.334395 0.551971 0.343949 0.541219 0.343949 0.526882 0.334395 0.516129
0 0.786624 0.516129 0.780255 0.516129 0.780255 0.523297 0.773885 0.530466 0.777070 0.534050 0.783439 0.534050 0.786624 0.530466
0 0.226115 0.519713 0.222930 0.523297 0.222930 0.526882 0.219745 0.530466 0.222930 0.534050 0.222930 0.541219 0.226115 0.541219 0.229299 0.544803 0.242038 0.544803 0.245223 0.541219 0.245223 0.534050 0.248408 0.530466 0.245223 0.526882 0.245223 0.523297 0.242038 0.519713
0 0.544586 0.526882 0.541401 0.530466 0.541401 0.541219 0.544586 0.544803 0.547771 0.544803 0.550955 0.548387 0.557325 0.541219 0.557325 0.530466 0.554140 0.526882
0 0.044586 0.530466 0.041401 0.534050 0.041401 0.548387 0.044586 0.551971 0.044586 0.555556 0.050955 0.562724 0.057325 0.562724 0.063694 0.555556 0.063694 0.548387 0.060510 0.544803 0.060510 0.541219 0.054140 0.534050 0.050955 0.534050 0.047771 0.530466
0 0.445860 0.537634 0.436306 0.537634 0.436306 0.541219 0.429936 0.551971 0.429936 0.559140 0.426752 0.562724 0.423567 0.573477 0.420382 0.577061 0.417197 0.577061 0.420382 0.580645 0.429936 0.577061 0.442675 0.562724 0.442675 0.559140 0.445860 0.555556 0.445860 0.544803 0.449045 0.541219
0 0.484076 0.548387 0.477707 0.555556 0.477707 0.573477 0.480892 0.577061 0.490446 0.577061 0.493631 0.573477 0.500000 0.573477 0.500000 0.569892 0.503185 0.566308 0.503185 0.551971 0.500000 0.548387
0 0.716561 0.548387 0.707006 0.559140 0.707006 0.566308 0.703822 0.569892 0.703822 0.573477 0.713376 0.584229 0.726115 0.584229 0.732484 0.577061 0.732484 0.573477 0.735669 0.569892 0.735669 0.559140 0.729299 0.548387
0 0.009554 0.551971 0.006369 0.555556 0.006369 0.573477 0.009554 0.577061 0.019108 0.577061 0.025478 0.569892 0.025478 0.566308 0.028662 0.562724 0.025478 0.559140 0.025478 0.555556 0.022293 0.551971
0 0.181529 0.555556 0.181529 0.566308 0.184713 0.569892 0.194268 0.569892 0.197452 0.566308 0.197452 0.559140 0.194268 0.555556
0 0.878981 0.559140 0.875796 0.562724 0.875796 0.580645 0.882166 0.591398 0.891720 0.591398 0.901274 0.580645 0.901274 0.577061 0.898089 0.573477 0.898089 0.562724 0.894904 0.559140
0 0.410828 0.566308 0.407643 0.562724 0.394904 0.562724 0.391720 0.566308 0.388535 0.566308 0.385350 0.569892 0.385350 0.580645 0.388535 0.584229 0.401274 0.584229 0.410828 0.573477
0 0.850318 0.562724 0.843949 0.569892 0.843949 0.580645 0.850318 0.587814 0.859873 0.587814 0.866242 0.580645 0.866242 0.573477 0.863057 0.569892 0.863057 0.566308 0.859873 0.566308 0.856688 0.562724
0 0.076433 0.573477 0.076433 0.587814 0.085987 0.598566 0.095541 0.598566 0.098726 0.594982 0.101911 0.594982 0.101911 0.580645 0.098726 0.577061 0.095541 0.577061 0.092357 0.573477 0.085987 0.573477 0.082803 0.569892 0.079618 0.573477
0 0.156051 0.569892 0.149682 0.577061 0.149682 0.587814 0.156051 0.594982 0.168790 0.594982 0.171975 0.591398 0.171975 0.577061 0.165605 0.569892
0 0.646497 0.577061 0.646497 0.591398 0.656051 0.598566 0.659236 0.598566 0.662420 0.594982 0.668790 0.594982 0.671975 0.591398 0.678344 0.591398 0.681529 0.587814 0.681529 0.580645 0.678344 0.577061 0.675159 0.577061 0.671975 0.573477 0.665605 0.573477 0.662420 0.569892 0.659236 0.569892 0.656051 0.573477 0.649682 0.573477
0 0.512739 0.580645 0.512739 0.591398 0.522293 0.602151 0.535032 0.602151 0.541401 0.594982 0.541401 0.587814 0.538217 0.584229 0.538217 0.580645 0.535032 0.580645 0.531847 0.577061 0.515924 0.577061
0 0.248408 0.584229 0.242038 0.591398 0.242038 0.602151 0.251592 0.612903 0.264331 0.612903 0.267516 0.609319 0.267516 0.602151 0.264331 0.598566 0.264331 0.594982 0.261146 0.591398 0.261146 0.587814 0.257962 0.587814 0.254777 0.584229
0 0.458599 0.584229 0.442675 0.584229 0.436306 0.591398 0.436306 0.598566 0.433121 0.602151 0.433121 0.605735 0.439490 0.612903 0.449045 0.612903 0.458599 0.602151 0.458599 0.594982 0.461783 0.591398 0.458599 0.587814
0 0.200637 0.594982 0.200637 0.609319 0.203822 0.612903 0.213376 0.612903 0.216561 0.616487 0.226115 0.616487 0.226115 0.602151 0.216561 0.591398 0.203822 0.591398
0 0.121019 0.602151 0.117834 0.605735 0.114650 0.605735 0.111465 0.609319 0.111465 0.620072 0.114650 0.620072 0.117834 0.623656 0.124204 0.623656 0.127389 0.620072 0.127389 0.605735 0.124204 0.605735
0 0.863057 0.616487 0.866242 0.627240 0.872611 0.634409 0.885350 0.634409 0.888535 0.630824 0.894904 0.630824 0.901274 0.620072 0.898089 0.616487 0.894904 0.605735 0.891720 0.605735 0.888535 0.602151 0.875796 0.602151 0.872611 0.605735 0.869427 0.605735 0.869427 0.609319
0 0.060510 0.612903 0.060510 0.620072 0.066879 0.627240 0.082803 0.627240 0.082803 0.609319 0.079618 0.605735 0.066879 0.605735
0 0.802548 0.612903 0.799363 0.609319 0.796178 0.612903 0.789809 0.612903 0.786624 0.616487 0.783439 0.616487 0.780255 0.620072 0.780255 0.627240 0.786624 0.627240 0.789809 0.623656 0.792994 0.623656 0.796178 0.620072 0.799363 0.620072 0.802548 0.616487
0 0.270701 0.627240 0.270701 0.630824 0.273885 0.630824 0.283439 0.637993 0.299363 0.637993 0.305732 0.630824 0.305732 0.623656 0.302548 0.620072 0.286624 0.620072 0.283439 0.623656 0.277070 0.623656 0.273885 0.627240
0 0.423567 0.620072 0.414013 0.620072 0.410828 0.623656 0.407643 0.623656 0.398089 0.630824 0.398089 0.645161 0.404459 0.652330 0.417197 0.652330 0.426752 0.645161 0.426752 0.641577 0.429936 0.637993 0.429936 0.630824
0 0.636943 0.620072 0.636943 0.641577 0.640127 0.645161 0.640127 0.648746 0.643312 0.652330 0.646497 0.652330 0.649682 0.648746 0.652866 0.648746 0.652866 0.645161 0.656051 0.641577 0.656051 0.630824 0.652866 0.627240 0.652866 0.623656 0.649682 0.620072
0 0.687898 0.620072 0.678344 0.620072 0.671975 0.627240 0.671975 0.648746 0.675159 0.652330 0.681529 0.652330 0.684713 0.648746 0.687898 0.648746 0.687898 0.645161 0.691083 0.641577 0.691083 0.623656
0 0.729299 0.634409 0.732484 0.637993 0.748408 0.637993 0.751592 0.634409 0.751592 0.627240 0.748408 0.623656 0.738854 0.623656
0 0.837580 0.627240 0.831210 0.627240 0.828025 0.630824 0.821656 0.630824 0.818471 0.634409 0.812102 0.634409 0.812102 0.637993 0.808917 0.641577 0.812102 0.645161 0.815287 0.655914 0.818471 0.655914 0.821656 0.659498 0.824841 0.655914 0.828025 0.655914 0.834395 0.648746 0.834395 0.645161 0.840764 0.634409 0.837580 0.634409 0.834395 0.630824
0 0.350318 0.634409 0.347134 0.637993 0.347134 0.645161 0.356688 0.655914 0.359873 0.655914 0.366242 0.663082 0.372611 0.663082 0.375796 0.659498 0.375796 0.648746 0.363057 0.634409
0 0.503185 0.634409 0.496815 0.641577 0.496815 0.655914 0.500000 0.659498 0.503185 0.659498 0.506369 0.663082 0.512739 0.663082 0.515924 0.659498 0.519108 0.659498 0.522293 0.655914 0.522293 0.645161 0.512739 0.634409
0 0.582803 0.641577 0.582803 0.655914 0.589172 0.663082 0.598726 0.663082 0.601911 0.659498 0.605096 0.659498 0.605096 0.645161 0.601911 0.641577 0.598726 0.641577 0.595541 0.637993 0.585987 0.637993
0 0.729299 0.637993 0.719745 0.637993 0.716561 0.641577 0.713376 0.641577 0.710191 0.645161 0.710191 0.652330 0.722930 0.652330 0.722930 0.648746 0.726115 0.645161 0.726115 0.641577
0 0.073248 0.645161 0.073248 0.663082 0.079618 0.670251 0.092357 0.670251 0.095541 0.666667 0.095541 0.652330 0.089172 0.645161 0.082803 0.645161 0.079618 0.641577 0.076433 0.645161
0 0.560510 0.641577 0.554140 0.641577 0.544586 0.652330 0.544586 0.663082 0.547771 0.663082 0.550955 0.666667 0.557325 0.666667 0.560510 0.663082 0.563694 0.663082 0.566879 0.659498 0.566879 0.648746
0 0.910828 0.648746 0.904459 0.641577 0.894904 0.641577 0.888535 0.648746 0.888535 0.652330 0.885350 0.655914 0.885350 0.663082 0.882166 0.666667 0.882166 0.670251 0.894904 0.670251 0.898089 0.666667 0.901274 0.666667 0.904459 0.663082 0.907643 0.663082 0.910828 0.659498
0 0.194268 0.666667 0.203822 0.677419 0.216561 0.681004 0.229299 0.673835 0.242038 0.673835 0.245223 0.670251 0.251592 0.670251 0.257962 0.655914 0.251592 0.648746 0.245223 0.648746 0.242038 0.645161 0.207006 0.645161 0.194268 0.655914
0 0.780255 0.648746 0.773885 0.659498 0.773885 0.666667 0.777070 0.670251 0.777070 0.673835 0.780255 0.677419 0.792994 0.677419 0.796178 0.673835 0.799363 0.673835 0.799363 0.655914 0.792994 0.648746
0 0.006369 0.652330 0.000000 0.659498 0.000000 0.673835 0.006369 0.681004 0.009554 0.677419 0.015924 0.677419 0.015924 0.673835 0.019108 0.670251 0.019108 0.666667 0.015924 0.663082 0.015924 0.659498 0.012739 0.655914 0.009554 0.655914
0 0.452229 0.659498 0.452229 0.673835 0.458599 0.681004 0.464968 0.681004 0.468153 0.684588 0.471338 0.684588 0.477707 0.677419 0.477707 0.670251 0.474522 0.666667 0.474522 0.663082 0.468153 0.655914 0.458599 0.655914 0.455414 0.659498
0 0.321656 0.677419 0.321656 0.681004 0.324841 0.684588 0.337580 0.684588 0.347134 0.695341 0.353503 0.695341 0.356688 0.698925 0.366242 0.688172 0.366242 0.684588 0.359873 0.673835 0.347134 0.673835 0.343949 0.670251 0.340764 0.673835 0.324841 0.673835
0 0.624204 0.681004 0.617834 0.673835 0.611465 0.673835 0.608280 0.677419 0.601911 0.677419 0.598726 0.681004 0.598726 0.695341 0.601911 0.698925 0.614650 0.698925 0.624204 0.688172
0 0.557325 0.677419 0.550955 0.684588 0.550955 0.702509 0.554140 0.706093 0.566879 0.706093 0.576433 0.695341 0.576433 0.681004 0.573248 0.677419
0 0.764331 0.684588 0.757962 0.677419 0.748408 0.677419 0.745223 0.681004 0.742038 0.681004 0.732484 0.691756 0.732484 0.702509 0.735669 0.706093 0.748408 0.706093 0.751592 0.702509 0.754777 0.702509 0.761146 0.695341 0.761146 0.691756 0.764331 0.688172
0 0.133758 0.681004 0.124204 0.691756 0.124204 0.698925 0.127389 0.702509 0.127389 0.709677 0.136943 0.716846 0.140127 0.713262 0.146497 0.713262 0.152866 0.706093 0.152866 0.698925 0.149682 0.695341 0.149682 0.691756 0.143312 0.684588 0.140127 0.684588 0.136943 0.681004
0 0.022293 0.691756 0.022293 0.702509 0.025478 0.706093 0.031847 0.706093 0.035032 0.709677 0.038217 0.706093 0.041401 0.706093 0.047771 0.698925 0.047771 0.688172 0.044586 0.684588 0.025478 0.684588 0.025478 0.688172
0 0.442675 0.684588 0.436306 0.691756 0.436306 0.709677 0.439490 0.713262 0.439490 0.716846 0.449045 0.716846 0.452229 0.713262 0.452229 0.691756 0.449045 0.688172 0.449045 0.684588
0 0.410828 0.688172 0.404459 0.695341 0.404459 0.698925 0.401274 0.702509 0.404459 0.706093 0.404459 0.709677 0.407643 0.713262 0.420382 0.713262 0.423567 0.709677 0.423567 0.695341 0.417197 0.688172
0 0.850318 0.691756 0.847134 0.695341 0.847134 0.706093 0.856688 0.716846 0.866242 0.716846 0.866242 0.695341 0.863057 0.691756
0 0.066879 0.698925 0.057325 0.706093 0.057325 0.709677 0.054140 0.713262 0.054140 0.716846 0.057325 0.720430 0.057325 0.724014 0.060510 0.724014 0.070064 0.731183 0.076433 0.731183 0.082803 0.720430 0.082803 0.713262 0.076433 0.702509 0.073248 0.702509 0.070064 0.698925
0 0.095541 0.698925 0.092357 0.702509 0.092357 0.709677 0.089172 0.713262 0.089172 0.716846 0.095541 0.727599 0.098726 0.727599 0.101911 0.731183 0.108280 0.731183 0.114650 0.724014 0.114650 0.713262 0.111465 0.709677 0.111465 0.706093 0.105096 0.698925
0 0.681529 0.698925 0.665605 0.698925 0.662420 0.702509 0.659236 0.702509 0.652866 0.709677 0.652866 0.713262 0.649682 0.716846 0.649682 0.734767 0.652866 0.734767 0.656051 0.738351 0.665605 0.734767 0.675159 0.724014 0.675159 0.720430 0.681529 0.713262 0.681529 0.709677 0.684713 0.706093 0.681529 0.702509
0 0.318471 0.709677 0.318471 0.720430 0.321656 0.724014 0.321656 0.727599 0.334395 0.727599 0.337580 0.724014 0.340764 0.724014 0.340764 0.720430 0.343949 0.716846 0.340764 0.713262 0.340764 0.706093 0.337580 0.702509 0.324841 0.702509
0 0.541401 0.702509 0.528662 0.702509 0.528662 0.706093 0.525478 0.709677 0.525478 0.724014 0.528662 0.724014 0.531847 0.727599 0.535032 0.727599 0.541401 0.720430
0 0.187898 0.706093 0.181529 0.713262 0.181529 0.716846 0.178344 0.720430 0.178344 0.734767 0.184713 0.741935 0.200637 0.741935 0.207006 0.731183 0.207006 0.716846 0.197452 0.706093
0 0.477707 0.716846 0.471338 0.727599 0.471338 0.734767 0.477707 0.741935 0.493631 0.741935 0.500000 0.734767 0.500000 0.731183 0.503185 0.727599 0.500000 0.724014 0.500000 0.720430 0.496815 0.720430 0.493631 0.716846 0.487261 0.716846 0.484076 0.713262 0.480892 0.716846
0 0.372611 0.727599 0.372611 0.738351 0.382166 0.749104 0.385350 0.749104 0.388535 0.752688 0.394904 0.752688 0.401274 0.745520 0.401274 0.741935 0.398089 0.738351 0.398089 0.734767 0.394904 0.731183 0.391720 0.731183 0.388535 0.727599
0 0.767516 0.734767 0.764331 0.731183 0.761146 0.731183 0.757962 0.727599 0.754777 0.727599 0.751592 0.731183 0.745223 0.731183 0.742038 0.734767 0.742038 0.752688 0.745223 0.756272 0.757962 0.756272 0.767516 0.745520
0 0.824841 0.727599 0.821656 0.731183 0.821656 0.741935 0.831210 0.752688 0.837580 0.752688 0.843949 0.745520 0.843949 0.738351 0.837580 0.731183 0.831210 0.731183 0.828025 0.727599
0 0.006369 0.731183 0.000000 0.731183 0.000000 0.741935 0.003185 0.745520 0.000000 0.749104 0.000000 0.752688 0.003185 0.756272 0.006369 0.752688
0 0.251592 0.734767 0.248408 0.738351 0.248408 0.752688 0.251592 0.756272 0.261146 0.756272 0.264331 0.752688 0.264331 0.741935 0.261146 0.738351 0.261146 0.734767
0 0.608280 0.734767 0.605096 0.738351 0.601911 0.738351 0.598726 0.741935 0.598726 0.759857 0.601911 0.756272 0.605096 0.756272 0.605096 0.752688 0.608280 0.749104 0.608280 0.745520 0.611465 0.741935 0.611465 0.738351
0 0.035032 0.745520 0.031847 0.749104 0.028662 0.749104 0.022293 0.756272 0.022293 0.759857 0.025478 0.763441 0.025478 0.767025 0.031847 0.774194 0.038217 0.774194 0.041401 0.770609 0.044586 0.770609 0.044586 0.767025 0.047771 0.763441 0.047771 0.759857 0.044586 0.756272 0.044586 0.752688 0.041401 0.749104 0.038217 0.749104
0 0.522293 0.749104 0.519108 0.749104 0.515924 0.745520 0.512739 0.745520 0.509554 0.749104 0.506369 0.749104 0.500000 0.756272 0.500000 0.763441 0.503185 0.767025 0.503185 0.770609 0.519108 0.770609 0.522293 0.767025 0.522293 0.763441 0.525478 0.759857 0.525478 0.756272 0.522293 0.752688
0 0.707006 0.745520 0.703822 0.749104 0.703822 0.752688 0.700637 0.756272 0.700637 0.759857 0.703822 0.763441 0.703822 0.767025 0.707006 0.767025 0.710191 0.770609 0.713376 0.770609 0.716561 0.767025 0.722930 0.767025 0.726115 0.763441 0.726115 0.752688 0.719745 0.745520
0 0.783439 0.745520 0.780255 0.749104 0.780255 0.767025 0.786624 0.774194 0.802548 0.774194 0.808917 0.767025 0.808917 0.752688 0.802548 0.745520
0 0.337580 0.756272 0.334395 0.759857 0.334395 0.774194 0.337580 0.777778 0.340764 0.777778 0.343949 0.781362 0.356688 0.781362 0.359873 0.777778 0.359873 0.763441 0.353503 0.756272 0.350318 0.756272 0.347134 0.752688 0.343949 0.752688 0.340764 0.756272
0 0.840764 0.752688 0.837580 0.756272 0.834395 0.756272 0.834395 0.763441 0.828025 0.770609 0.828025 0.777778 0.821656 0.788530 0.824841 0.792115 0.831210 0.792115 0.837580 0.784946 0.837580 0.774194 0.843949 0.767025 0.843949 0.759857 0.840764 0.756272
0 0.146497 0.756272 0.143312 0.759857 0.143312 0.777778 0.146497 0.781362 0.146497 0.795699 0.149682 0.799283 0.159236 0.799283 0.159236 0.795699 0.162420 0.792115 0.156051 0.784946 0.156051 0.759857 0.152866 0.756272
0 0.461783 0.756272 0.458599 0.759857 0.452229 0.759857 0.452229 0.763441 0.449045 0.767025 0.449045 0.777778 0.455414 0.784946 0.464968 0.784946 0.471338 0.777778 0.471338 0.767025
0 0.063694 0.759857 0.060510 0.763441 0.060510 0.774194 0.057325 0.777778 0.063694 0.784946 0.070064 0.784946 0.076433 0.777778 0.076433 0.774194 0.079618 0.770609 0.079618 0.767025 0.073248 0.759857
0 0.869427 0.767025 0.869427 0.774194 0.875796 0.781362 0.878981 0.781362 0.882166 0.784946 0.885350 0.784946 0.888535 0.781362 0.891720 0.781362 0.894904 0.777778 0.894904 0.763441 0.891720 0.759857 0.875796 0.759857
0 0.226115 0.763441 0.216561 0.763441 0.213376 0.767025 0.210191 0.767025 0.210191 0.770609 0.207006 0.774194 0.210191 0.777778 0.222930 0.777778 0.226115 0.774194
0 0.646497 0.770609 0.643312 0.774194 0.643312 0.784946 0.652866 0.795699 0.662420 0.795699 0.668790 0.788530 0.668790 0.777778 0.665605 0.777778 0.659236 0.770609 0.656051 0.770609 0.652866 0.767025 0.649682 0.770609
0 0.006369 0.781362 0.006369 0.792115 0.009554 0.792115 0.012739 0.795699 0.019108 0.795699 0.019108 0.784946 0.015924 0.781362
0 0.547771 0.781362 0.541401 0.788530 0.541401 0.802867 0.547771 0.810036 0.550955 0.810036 0.554140 0.813620 0.557325 0.810036 0.560510 0.810036 0.560510 0.806452 0.563694 0.802867 0.563694 0.799283 0.566879 0.795699 0.563694 0.792115 0.563694 0.788530 0.557325 0.781362
0 0.691083 0.784946 0.684713 0.784946 0.681529 0.788530 0.681529 0.802867 0.678344 0.806452 0.681529 0.810036 0.681529 0.813620 0.684713 0.810036 0.691083 0.810036 0.694268 0.806452 0.694268 0.792115 0.691083 0.788530
0 0.436306 0.792115 0.423567 0.792115 0.417197 0.799283 0.417197 0.802867 0.414013 0.806452 0.414013 0.810036 0.417197 0.813620 0.417197 0.817204 0.420382 0.820789 0.429936 0.820789 0.433121 0.817204 0.433121 0.813620 0.436306 0.810036 0.436306 0.806452 0.439490 0.802867 0.439490 0.799283 0.436306 0.795699
0 0.006369 0.795699 0.006369 0.799283 0.003185 0.802867 0.003185 0.827957 0.012739 0.827957 0.015924 0.824373 0.015924 0.820789 0.019108 0.817204 0.019108 0.813620 0.015924 0.810036 0.015924 0.799283 0.012739 0.799283 0.009554 0.795699
0 0.127389 0.795699 0.121019 0.802867 0.121019 0.806452 0.117834 0.810036 0.121019 0.813620 0.121019 0.817204 0.124204 0.820789 0.136943 0.820789 0.140127 0.817204 0.140127 0.806452 0.136943 0.802867 0.136943 0.799283 0.133758 0.799283 0.130573 0.795699
0 0.200637 0.799283 0.187898 0.799283 0.184713 0.802867 0.184713 0.806452 0.181529 0.810036 0.181529 0.817204 0.184713 0.820789 0.187898 0.820789 0.191083 0.817204 0.197452 0.817204 0.203822 0.810036 0.203822 0.806452 0.200637 0.802867
0 0.375796 0.802867 0.372611 0.802867 0.369427 0.799283 0.366242 0.799283 0.363057 0.802867 0.356688 0.802867 0.353503 0.806452 0.353503 0.820789 0.359873 0.827957 0.366242 0.827957 0.369427 0.824373 0.372611 0.824373 0.378981 0.817204 0.378981 0.806452
0 0.496815 0.799283 0.493631 0.799283 0.490446 0.802867 0.487261 0.802867 0.487261 0.806452 0.484076 0.810036 0.484076 0.820789 0.487261 0.824373 0.490446 0.820789 0.496815 0.820789 0.503185 0.813620 0.503185 0.806452
0 0.296178 0.810036 0.292994 0.806452 0.289809 0.806452 0.286624 0.810036 0.280255 0.810036 0.273885 0.817204 0.270701 0.817204 0.261146 0.827957 0.261146 0.838710 0.264331 0.842294 0.277070 0.842294 0.296178 0.820789
0 0.044586 0.827957 0.047771 0.831541 0.047771 0.835125 0.060510 0.835125 0.063694 0.838710 0.073248 0.838710 0.079618 0.831541 0.082803 0.831541 0.082803 0.813620 0.060510 0.813620 0.057325 0.817204 0.050955 0.817204
0 0.684713 0.813620 0.684713 0.831541 0.687898 0.835125 0.697452 0.835125 0.700637 0.831541 0.700637 0.820789 0.697452 0.817204 0.694268 0.817204 0.691083 0.813620
0 0.840764 0.817204 0.834395 0.817204 0.831210 0.820789 0.828025 0.820789 0.818471 0.831541 0.818471 0.845878 0.821656 0.849462 0.834395 0.849462 0.840764 0.842294 0.840764 0.835125 0.843949 0.831541 0.843949 0.820789
0 0.391720 0.824373 0.391720 0.831541 0.394904 0.835125 0.398089 0.835125 0.401274 0.838710 0.404459 0.838710 0.407643 0.835125 0.410828 0.835125 0.407643 0.831541 0.407643 0.827957 0.401274 0.820789 0.394904 0.820789
0 0.605096 0.820789 0.601911 0.824373 0.595541 0.824373 0.589172 0.831541 0.589172 0.842294 0.592357 0.845878 0.595541 0.845878 0.598726 0.849462 0.611465 0.849462 0.614650 0.845878 0.614650 0.827957 0.611465 0.824373 0.608280 0.824373
0 0.885350 0.820789 0.882166 0.824373 0.882166 0.827957 0.878981 0.831541 0.878981 0.838710 0.882166 0.842294 0.882166 0.845878 0.885350 0.849462 0.898089 0.849462 0.904459 0.842294 0.904459 0.827957 0.898089 0.820789
0 0.210191 0.824373 0.203822 0.831541 0.203822 0.842294 0.207006 0.845878 0.222930 0.845878 0.229299 0.838710 0.229299 0.831541 0.222930 0.824373
0 0.525478 0.827957 0.522293 0.831541 0.525478 0.835125 0.525478 0.849462 0.528662 0.853047 0.528662 0.856631 0.538217 0.856631 0.538217 0.853047 0.541401 0.849462 0.538217 0.845878 0.538217 0.842294
