0 0.136943 0.096774 0.127389 0.096774 0.121019 0.100358 0.105096 0.121864 0.105096 0.136201 0.108280 0.143369 0.117834 0.150538 0.130573 0.150538 0.136943 0.146953 0.149682 0.132616 0.152866 0.125448 0.152866 0.107527
0 0.477707 0.103943 0.471338 0.111111 0.471338 0.129032 0.477707 0.139785 0.480892 0.139785 0.484076 0.143369 0.490446 0.143369 0.496815 0.136201 0.496815 0.125448 0.493631 0.121864 0.493631 0.118280 0.484076 0.107527 0.480892 0.107527
0 0.818471 0.111111 0.815287 0.114695 0.815287 0.125448 0.821656 0.132616 0.824841 0.132616 0.828025 0.136201 0.834395 0.136201 0.834395 0.125448 0.831210 0.121864 0.831210 0.118280 0.824841 0.111111
0 0.066879 0.139785 0.047771 0.129032 0.044586 0.132616 0.038217 0.132616 0.019108 0.143369 0.009554 0.154122 0.009554 0.168459 0.025478 0.182796 0.047771 0.182796 0.063694 0.172043 0.070064 0.157706 0.070064 0.146953
0 0.703822 0.132616 0.700637 0.143369 0.707006 0.157706 0.716561 0.168459 0.722930 0.172043 0.735669 0.172043 0.738854 0.168459 0.748408 0.168459 0.751592 0.164875 0.751592 0.157706 0.735669 0.136201 0.722930 0.129032 0.707006 0.129032
0 0.429936 0.143369 0.429936 0.157706 0.433121 0.161290 0.433121 0.164875 0.442675 0.172043 0.442675 0.175627 0.445860 0.175627 0.449045 0.172043 0.458599 0.168459 0.464968 0.161290 0.468153 0.161290 0.468153 0.157706 0.461783 0.150538 0.461783 0.146953 0.458599 0.146953 0.449045 0.139785 0.433121 0.139785
0 0.181529 0.143369 0.168790 0.143369 0.162420 0.146953 0.152866 0.157706 0.146497 0.175627 0.146497 0.189964 0.149682 0.197133 0.168790 0.211470 0.175159 0.211470 0.187898 0.204301 0.191083 0.193548 0.200637 0.179211 0.200637 0.161290 0.197452 0.161290 0.194268 0.154122
0 0.815287 0.150538 0.812102 0.154122 0.812102 0.168459 0.815287 0.172043 0.815287 0.175627 0.818471 0.179211 0.818471 0.182796 0.821656 0.186380 0.831210 0.186380 0.831210 0.179211 0.828025 0.175627 0.828025 0.161290 0.818471 0.150538
0 0.566879 0.154122 0.566879 0.168459 0.573248 0.175627 0.573248 0.179211 0.579618 0.186380 0.592357 0.186380 0.595541 0.182796 0.595541 0.175627 0.576433 0.154122
0 0.464968 0.164875 0.458599 0.172043 0.442675 0.179211 0.449045 0.200717 0.445860 0.204301 0.445860 0.215054 0.452229 0.232975 0.464968 0.243728 0.480892 0.243728 0.490446 0.240143 0.500000 0.218638 0.500000 0.211470 0.496815 0.204301 0.477707 0.186380 0.471338 0.175627 0.471338 0.164875
0 0.111465 0.175627 0.098726 0.168459 0.082803 0.172043 0.076433 0.179211 0.063694 0.182796 0.054140 0.193548 0.050955 0.193548 0.041401 0.207885 0.047771 0.218638 0.076433 0.218638 0.105096 0.200717 0.111465 0.189964
0 0.264331 0.175627 0.257962 0.175627 0.235669 0.189964 0.229299 0.204301 0.232484 0.218638 0.251592 0.236559 0.277070 0.222222 0.283439 0.215054 0.283439 0.207885 0.286624 0.204301 0.283439 0.193548
0 0.003185 0.193548 0.003185 0.218638 0.000000 0.222222 0.000000 0.225806 0.003185 0.229391 0.003185 0.232975 0.012739 0.232975 0.022293 0.222222 0.022293 0.207885 0.019108 0.204301 0.019108 0.200717 0.015924 0.200717 0.012739 0.197133 0.009554 0.197133 0.006369 0.193548
0 0.149682 0.211470 0.121019 0.211470 0.108280 0.218638 0.098726 0.229391 0.098726 0.247312 0.105096 0.254480 0.117834 0.258065 0.121019 0.261649 0.127389 0.261649 0.140127 0.254480 0.156051 0.236559 0.156051 0.218638
0 0.337580 0.218638 0.328025 0.211470 0.321656 0.211470 0.318471 0.215054 0.299363 0.215054 0.289809 0.222222 0.286624 0.240143 0.289809 0.247312 0.299363 0.254480 0.318471 0.254480 0.331210 0.243728 0.334395 0.243728 0.337580 0.236559
0 0.828025 0.229391 0.828025 0.247312 0.831210 0.250896 0.831210 0.254480 0.837580 0.261649 0.847134 0.261649 0.850318 0.258065 0.856688 0.258065 0.859873 0.254480 0.863057 0.254480 0.863057 0.243728 0.859873 0.240143 0.859873 0.236559 0.847134 0.222222 0.834395 0.222222
0 0.694268 0.225806 0.691083 0.229391 0.691083 0.247312 0.694268 0.254480 0.713376 0.275986 0.732484 0.275986 0.732484 0.265233 0.726115 0.250896 0.713376 0.232975 0.713376 0.229391 0.710191 0.225806
0 0.197452 0.229391 0.175159 0.229391 0.159236 0.236559 0.140127 0.258065 0.140127 0.268817 0.143312 0.275986 0.156051 0.283154 0.162420 0.283154 0.175159 0.275986 0.184713 0.265233 0.187898 0.265233 0.203822 0.240143
0 0.500000 0.250896 0.496815 0.250896 0.487261 0.243728 0.484076 0.243728 0.480892 0.247312 0.468153 0.247312 0.468153 0.250896 0.461783 0.258065 0.461783 0.265233 0.458599 0.268817 0.461783 0.272401 0.461783 0.279570 0.468153 0.286738 0.484076 0.286738 0.487261 0.283154 0.490446 0.283154 0.490446 0.279570 0.500000 0.268817
0 0.324841 0.265233 0.324841 0.293907 0.334395 0.304659 0.334395 0.308244 0.359873 0.308244 0.363057 0.304659 0.372611 0.304659 0.385350 0.290323 0.385350 0.268817 0.372611 0.258065 0.366242 0.258065 0.363057 0.254480 0.337580 0.254480
0 0.111465 0.275986 0.098726 0.265233 0.073248 0.265233 0.070064 0.268817 0.063694 0.268817 0.050955 0.279570 0.047771 0.286738 0.047771 0.304659 0.060510 0.315412 0.085987 0.315412 0.098726 0.308244 0.111465 0.293907
0 0.210191 0.272401 0.197452 0.279570 0.194268 0.286738 0.194268 0.308244 0.200637 0.322581 0.210191 0.333333 0.222930 0.333333 0.238854 0.311828 0.238854 0.290323 0.226115 0.275986 0.219745 0.272401
0 0.547771 0.272401 0.538217 0.283154 0.538217 0.293907 0.535032 0.297491 0.538217 0.301075 0.538217 0.311828 0.550955 0.326165 0.563694 0.326165 0.566879 0.322581 0.566879 0.315412 0.570064 0.311828 0.570064 0.290323 0.566879 0.286738 0.566879 0.279570 0.560510 0.272401
0 0.267516 0.290323 0.264331 0.297491 0.264331 0.315412 0.267516 0.322581 0.280255 0.333333 0.305732 0.336918 0.308917 0.333333 0.324841 0.329749 0.331210 0.318996 0.331210 0.304659 0.318471 0.290323 0.312102 0.290323 0.299363 0.279570 0.283439 0.279570
0 0.745223 0.297491 0.745223 0.301075 0.742038 0.304659 0.745223 0.308244 0.745223 0.311828 0.761146 0.322581 0.767516 0.322581 0.770701 0.326165 0.783439 0.326165 0.792994 0.315412 0.792994 0.308244 0.777070 0.290323 0.761146 0.290323 0.757962 0.293907 0.751592 0.293907 0.748408 0.297491
0 0.369427 0.308244 0.369427 0.315412 0.366242 0.318996 0.369427 0.322581 0.369427 0.333333 0.375796 0.347670 0.382166 0.354839 0.394904 0.358423 0.398089 0.362007 0.404459 0.362007 0.407643 0.358423 0.414013 0.358423 0.423567 0.347670 0.423567 0.333333 0.404459 0.315412 0.391720 0.308244
0 0.085987 0.318996 0.085987 0.333333 0.095541 0.340502 0.105096 0.340502 0.108280 0.344086 0.114650 0.344086 0.121019 0.336918 0.121019 0.326165 0.117834 0.322581 0.117834 0.318996 0.114650 0.318996 0.111465 0.315412 0.101911 0.315412 0.098726 0.311828 0.095541 0.311828
0 0.028662 0.318996 0.019108 0.326165 0.019108 0.333333 0.015924 0.336918 0.015924 0.354839 0.035032 0.379928 0.050955 0.379928 0.063694 0.365591 0.060510 0.344086 0.044586 0.322581 0.038217 0.318996
0 0.735669 0.333333 0.732484 0.336918 0.732484 0.347670 0.738854 0.354839 0.742038 0.354839 0.745223 0.358423 0.748408 0.358423 0.751592 0.362007 0.757962 0.362007 0.757962 0.351254 0.754777 0.347670 0.754777 0.344086 0.745223 0.333333
0 0.130573 0.336918 0.117834 0.344086 0.111465 0.358423 0.111465 0.379928 0.114650 0.383513 0.140127 0.390681 0.149682 0.383513 0.156051 0.354839 0.149682 0.340502 0.143312 0.336918
0 0.519108 0.347670 0.512739 0.365591 0.512739 0.372760 0.519108 0.383513 0.531847 0.390681 0.541401 0.390681 0.557325 0.397849 0.566879 0.397849 0.573248 0.390681 0.573248 0.362007 0.563694 0.347670 0.547771 0.344086 0.544586 0.340502 0.528662 0.340502
0 0.003185 0.358423 0.000000 0.362007 0.000000 0.397849 0.003185 0.401434 0.003185 0.415771 0.009554 0.419355 0.022293 0.419355 0.031847 0.405018 0.031847 0.379928 0.019108 0.365591 0.015924 0.358423
0 0.101911 0.390681 0.101911 0.394265 0.098726 0.397849 0.098726 0.405018 0.108280 0.412186 0.117834 0.412186 0.121019 0.415771 0.130573 0.415771 0.136943 0.408602 0.136943 0.394265 0.133758 0.394265 0.130573 0.390681 0.124204 0.390681 0.121019 0.387097 0.114650 0.387097 0.111465 0.383513 0.111465 0.387097 0.108280 0.390681
0 0.856688 0.383513 0.850318 0.390681 0.850318 0.405018 0.856688 0.415771 0.859873 0.415771 0.863057 0.419355 0.866242 0.419355 0.869427 0.415771 0.872611 0.415771 0.872611 0.408602 0.875796 0.405018 0.875796 0.394265 0.872611 0.390681 0.872611 0.387097 0.869427 0.387097 0.866242 0.383513
0 0.350318 0.408602 0.350318 0.422939 0.369427 0.440860 0.391720 0.437276 0.407643 0.422939 0.404459 0.408602 0.388535 0.394265 0.366242 0.394265 0.353503 0.401434
0 0.487261 0.430108 0.490446 0.444444 0.503185 0.458781 0.509554 0.458781 0.522293 0.465950 0.544586 0.465950 0.547771 0.469534 0.554140 0.462366 0.550955 0.444444 0.522293 0.415771 0.506369 0.412186 0.503185 0.415771 0.496815 0.415771
0 0.649682 0.412186 0.649682 0.415771 0.652866 0.419355 0.652866 0.422939 0.656051 0.426523 0.656051 0.430108 0.659236 0.433692 0.662420 0.433692 0.662420 0.422939 0.659236 0.419355 0.659236 0.415771 0.656051 0.415771 0.652866 0.412186
0 0.777070 0.412186 0.767516 0.412186 0.764331 0.415771 0.757962 0.415771 0.751592 0.422939 0.751592 0.426523 0.748408 0.430108 0.748408 0.444444 0.757962 0.455197 0.767516 0.455197 0.777070 0.444444 0.777070 0.440860 0.780255 0.437276 0.780255 0.430108 0.783439 0.426523 0.783439 0.422939
0 0.337580 0.433692 0.328025 0.422939 0.315287 0.422939 0.312102 0.426523 0.305732 0.426523 0.302548 0.430108 0.299363 0.430108 0.289809 0.440860 0.289809 0.448029 0.296178 0.455197 0.308917 0.455197 0.312102 0.458781 0.315287 0.458781 0.318471 0.455197 0.328025 0.455197 0.337580 0.448029
0 0.092357 0.437276 0.092357 0.462366 0.105096 0.476703 0.117834 0.476703 0.130573 0.469534 0.136943 0.462366 0.136943 0.448029 0.127389 0.433692 0.121019 0.433692 0.117834 0.430108 0.101911 0.430108
0 0.579618 0.440860 0.579618 0.448029 0.582803 0.451613 0.585987 0.462366 0.595541 0.473118 0.614650 0.473118 0.617834 0.469534 0.621019 0.469534 0.627389 0.458781 0.627389 0.448029 0.624204 0.444444 0.624204 0.440860 0.614650 0.433692 0.589172 0.433692
0 0.837580 0.437276 0.831210 0.444444 0.831210 0.469534 0.840764 0.483871 0.843949 0.483871 0.850318 0.491039 0.856688 0.491039 0.859873 0.487455 0.859873 0.469534 0.856688 0.465950 0.856688 0.455197 0.853503 0.451613 0.853503 0.448029 0.843949 0.437276
0 0.433121 0.444444 0.426752 0.455197 0.426752 0.473118 0.429936 0.480287 0.442675 0.491039 0.461783 0.494624 0.477707 0.501792 0.484076 0.494624 0.484076 0.476703 0.474522 0.455197 0.468153 0.448029 0.452229 0.440860
0 0.353503 0.469534 0.343949 0.469534 0.340764 0.465950 0.337580 0.469534 0.321656 0.469534 0.308917 0.476703 0.302548 0.483871 0.302548 0.491039 0.305732 0.491039 0.331210 0.519713 0.350318 0.519713 0.366242 0.498208 0.366242 0.487455
0 0.503185 0.473118 0.500000 0.480287 0.500000 0.498208 0.506369 0.508961 0.522293 0.523297 0.538217 0.523297 0.541401 0.526882 0.547771 0.523297 0.563694 0.498208 0.563694 0.491039 0.544586 0.469534 0.522293 0.469534 0.519108 0.465950 0.512739 0.465950
0 0.780255 0.465950 0.773885 0.473118 0.773885 0.491039 0.783439 0.501792 0.792994 0.501792 0.796178 0.498208 0.799363 0.498208 0.799363 0.483871 0.796178 0.480287 0.796178 0.473118 0.789809 0.465950
0 0.394904 0.469534 0.391720 0.473118 0.382166 0.476703 0.382166 0.480287 0.378981 0.483871 0.378981 0.501792 0.388535 0.508961 0.394904 0.508961 0.398089 0.512545 0.404459 0.512545 0.410828 0.505376 0.410828 0.483871 0.407643 0.480287 0.407643 0.476703 0.401274 0.469534
0 0.073248 0.494624 0.060510 0.491039 0.050955 0.494624 0.041401 0.505376 0.031847 0.534050 0.031847 0.566308 0.038217 0.573477 0.050955 0.573477 0.057325 0.569892 0.073248 0.548387 0.082803 0.526882 0.082803 0.505376
0 0.283439 0.498208 0.283439 0.519713 0.286624 0.526882 0.299363 0.541219 0.305732 0.541219 0.308917 0.544803 0.324841 0.544803 0.328025 0.541219 0.328025 0.519713 0.305732 0.494624 0.299363 0.491039 0.296178 0.494624 0.289809 0.494624
0 0.426752 0.498208 0.426752 0.512545 0.436306 0.530466 0.474522 0.551971 0.484076 0.551971 0.487261 0.548387 0.493631 0.523297 0.490446 0.523297 0.471338 0.501792 0.452229 0.498208 0.439490 0.491039 0.433121 0.491039
0 0.659236 0.491039 0.649682 0.508961 0.649682 0.523297 0.652866 0.526882 0.652866 0.530466 0.662420 0.541219 0.675159 0.541219 0.678344 0.537634 0.678344 0.534050 0.681529 0.530466 0.681529 0.523297 0.684713 0.519713 0.684713 0.498208 0.678344 0.491039
0 0.585987 0.494624 0.566879 0.494624 0.563694 0.505376 0.554140 0.516129 0.554140 0.519713 0.547771 0.526882 0.544586 0.526882 0.554140 0.537634 0.566879 0.544803 0.573248 0.541219 0.585987 0.519713 0.585987 0.512545 0.589172 0.508961 0.589172 0.501792
0 0.200637 0.512545 0.187898 0.523297 0.187898 0.530466 0.184713 0.534050 0.187898 0.555556 0.194268 0.566308 0.210191 0.580645 0.226115 0.580645 0.238854 0.569892 0.238854 0.562724 0.242038 0.559140 0.242038 0.541219 0.232484 0.523297 0.213376 0.512545
0 0.496815 0.523297 0.496815 0.530466 0.493631 0.534050 0.493631 0.541219 0.490446 0.544803 0.487261 0.555556 0.493631 0.555556 0.500000 0.562724 0.519108 0.562724 0.531847 0.548387 0.531847 0.541219 0.528662 0.537634 0.525478 0.526882 0.522293 0.526882 0.519108 0.523297
0 0.108280 0.537634 0.101911 0.544803 0.101911 0.551971 0.098726 0.555556 0.105096 0.573477 0.105096 0.591398 0.111465 0.602151 0.117834 0.605735 0.130573 0.605735 0.143312 0.584229 0.143312 0.562724 0.140127 0.559140 0.140127 0.551971 0.127389 0.537634
0 0.385350 0.537634 0.378981 0.537634 0.375796 0.541219 0.366242 0.541219 0.353503 0.551971 0.353503 0.562724 0.359873 0.573477 0.366242 0.573477 0.369427 0.577061 0.375796 0.577061 0.378981 0.580645 0.398089 0.566308 0.398089 0.562724 0.401274 0.559140 0.401274 0.555556 0.398089 0.551971 0.398089 0.544803 0.394904 0.541219 0.388535 0.541219
0 0.824841 0.537634 0.818471 0.544803 0.818471 0.551971 0.815287 0.555556 0.815287 0.559140 0.812102 0.562724 0.812102 0.569892 0.821656 0.569892 0.828025 0.562724 0.828025 0.541219
0 0.073248 0.551971 0.060510 0.569892 0.060510 0.584229 0.079618 0.605735 0.085987 0.609319 0.089172 0.605735 0.095541 0.605735 0.105096 0.594982 0.101911 0.591398 0.101911 0.573477 0.098726 0.569892 0.098726 0.559140 0.085987 0.551971
0 0.722930 0.551971 0.722930 0.555556 0.735669 0.569892 0.735669 0.577061 0.738854 0.580645 0.742038 0.580645 0.742038 0.559140 0.738854 0.555556 0.738854 0.551971
0 0.646497 0.562724 0.633758 0.562724 0.611465 0.577061 0.605096 0.577061 0.592357 0.591398 0.595541 0.616487 0.617834 0.645161 0.624204 0.645161 0.649682 0.623656 0.649682 0.605735 0.656051 0.594982 0.656051 0.580645
0 0.289809 0.566308 0.286624 0.569892 0.277070 0.573477 0.270701 0.584229 0.270701 0.605735 0.280255 0.616487 0.286624 0.616487 0.289809 0.612903 0.299363 0.612903 0.302548 0.609319 0.305732 0.609319 0.305732 0.594982 0.308917 0.591398
0 0.547771 0.566308 0.522293 0.566308 0.512739 0.577061 0.512739 0.602151 0.519108 0.612903 0.535032 0.612903 0.547771 0.602151 0.547771 0.598566 0.554140 0.591398 0.554140 0.573477
0 0.382166 0.580645 0.382166 0.594982 0.394904 0.609319 0.404459 0.609319 0.420382 0.616487 0.439490 0.616487 0.445860 0.612903 0.449045 0.605735 0.445860 0.594982 0.439490 0.587814 0.429936 0.584229 0.417197 0.573477 0.398089 0.569892
0 0.054140 0.587814 0.050955 0.591398 0.044586 0.591398 0.035032 0.602151 0.035032 0.630824 0.047771 0.652330 0.054140 0.655914 0.066879 0.655914 0.079618 0.645161 0.079618 0.637993 0.082803 0.634409 0.079618 0.627240 0.079618 0.616487 0.076433 0.612903 0.079618 0.609319 0.060510 0.587814
0 0.343949 0.602151 0.328025 0.609319 0.321656 0.623656 0.321656 0.634409 0.328025 0.648746 0.328025 0.663082 0.334395 0.681004 0.353503 0.666667 0.353503 0.641577 0.359873 0.630824 0.359873 0.616487
0 0.751592 0.605735 0.745223 0.616487 0.745223 0.637993 0.748408 0.641577 0.748408 0.652330 0.757962 0.663082 0.757962 0.666667 0.767516 0.673835 0.783439 0.673835 0.789809 0.666667 0.789809 0.659498 0.792994 0.655914 0.789809 0.630824 0.777070 0.612903 0.764331 0.605735
0 0.305732 0.612903 0.299363 0.616487 0.289809 0.616487 0.277070 0.623656 0.277070 0.655914 0.286624 0.666667 0.292994 0.663082 0.305732 0.663082 0.315287 0.648746 0.318471 0.630824
0 0.394904 0.612903 0.388535 0.620072 0.388535 0.627240 0.385350 0.630824 0.388535 0.634409 0.388535 0.641577 0.391720 0.648746 0.401274 0.659498 0.407643 0.659498 0.410828 0.663082 0.423567 0.663082 0.429936 0.655914 0.429936 0.634409 0.417197 0.616487
0 0.184713 0.637993 0.187898 0.655914 0.200637 0.670251 0.248408 0.677419 0.257962 0.673835 0.261146 0.666667 0.261146 0.648746 0.242038 0.630824 0.232484 0.630824 0.229299 0.627240 0.194268 0.627240
0 0.649682 0.634409 0.643312 0.634409 0.621019 0.648746 0.621019 0.684588 0.624204 0.688172 0.624204 0.702509 0.630573 0.720430 0.636943 0.720430 0.646497 0.713262 0.662420 0.695341 0.668790 0.681004 0.668790 0.659498 0.665605 0.648746
0 0.732484 0.637993 0.722930 0.637993 0.722930 0.641577 0.713376 0.652330 0.713376 0.655914 0.710191 0.659498 0.710191 0.677419 0.719745 0.688172 0.729299 0.684588 0.738854 0.673835 0.738854 0.655914 0.735669 0.652330 0.735669 0.645161 0.732484 0.641577
0 0.853503 0.641577 0.850318 0.645161 0.850318 0.648746 0.859873 0.659498 0.859873 0.663082 0.863057 0.666667 0.863057 0.670251 0.869427 0.677419 0.875796 0.677419 0.878981 0.673835 0.878981 0.666667 0.875796 0.663082 0.875796 0.655914 0.872611 0.652330 0.872611 0.648746 0.863057 0.641577
0 0.433121 0.663082 0.426752 0.670251 0.426752 0.681004 0.423567 0.684588 0.429936 0.713262 0.449045 0.731183 0.455414 0.731183 0.464968 0.738351 0.471338 0.734767 0.477707 0.724014 0.477707 0.709677 0.480892 0.706093 0.471338 0.677419 0.455414 0.663082
0 0.286624 0.670251 0.286624 0.673835 0.277070 0.684588 0.277070 0.702509 0.283439 0.713262 0.299363 0.724014 0.331210 0.724014 0.331210 0.695341 0.321656 0.684588 0.321656 0.681004 0.302548 0.666667 0.292994 0.666667
0 0.353503 0.670251 0.334395 0.684588 0.334395 0.727599 0.340764 0.734767 0.359873 0.738351 0.363057 0.734767 0.372611 0.734767 0.378981 0.727599 0.378981 0.702509 0.372611 0.684588
0 0.735669 0.695341 0.729299 0.702509 0.729299 0.706093 0.726115 0.709677 0.726115 0.724014 0.729299 0.727599 0.729299 0.731183 0.738854 0.738351 0.742038 0.734767 0.745223 0.734767 0.751592 0.727599 0.751592 0.716846 0.754777 0.713262 0.754777 0.709677 0.745223 0.698925
0 0.786624 0.695341 0.780255 0.702509 0.780255 0.706093 0.777070 0.709677 0.777070 0.716846 0.780255 0.720430 0.780255 0.727599 0.783439 0.731183 0.796178 0.731183 0.796178 0.727599 0.799363 0.724014 0.799363 0.706093 0.792994 0.695341
0 0.404459 0.709677 0.394904 0.720430 0.394904 0.749104 0.410828 0.759857 0.420382 0.770609 0.423567 0.770609 0.429936 0.756272 0.429936 0.749104 0.436306 0.738351 0.436306 0.731183 0.439490 0.727599 0.429936 0.716846 0.426752 0.720430 0.410828 0.709677
0 0.821656 0.713262 0.818471 0.716846 0.818471 0.720430 0.815287 0.724014 0.815287 0.731183 0.812102 0.734767 0.812102 0.752688 0.821656 0.752688 0.821656 0.738351 0.824841 0.734767 0.824841 0.716846
0 0.439490 0.731183 0.439490 0.738351 0.433121 0.749104 0.433121 0.756272 0.426752 0.767025 0.426752 0.774194 0.429936 0.774194 0.433121 0.781362 0.442675 0.788530 0.455414 0.788530 0.461783 0.781362 0.468153 0.767025 0.468153 0.752688 0.461783 0.738351 0.449045 0.734767 0.445860 0.731183
0 0.003185 0.734767 0.000000 0.738351 0.000000 0.741935 0.003185 0.745520 0.003185 0.756272 0.012739 0.767025 0.015924 0.767025 0.019108 0.770609 0.025478 0.770609 0.031847 0.763441 0.031847 0.741935 0.028662 0.741935 0.019108 0.734767
0 0.512739 0.741935 0.503185 0.741935 0.490446 0.756272 0.477707 0.788530 0.477707 0.802867 0.484076 0.813620 0.503185 0.806452 0.515924 0.792115 0.522293 0.777778 0.522293 0.749104
0 0.550955 0.741935 0.547771 0.745520 0.547771 0.763441 0.550955 0.767025 0.554140 0.767025 0.557325 0.770609 0.570064 0.770609 0.570064 0.756272 0.560510 0.745520 0.560510 0.741935
0 0.627389 0.741935 0.614650 0.741935 0.605096 0.763441 0.601911 0.802867 0.605096 0.806452 0.605096 0.813620 0.611465 0.820789 0.621019 0.820789 0.630573 0.806452 0.630573 0.792115 0.633758 0.788530 0.633758 0.752688
0 0.391720 0.752688 0.388535 0.756272 0.388535 0.781362 0.391720 0.784946 0.391720 0.792115 0.404459 0.813620 0.414013 0.813620 0.420382 0.802867 0.420382 0.792115 0.417197 0.788530 0.417197 0.777778 0.414013 0.774194 0.417197 0.770609 0.401274 0.756272
0 0.659236 0.752688 0.652866 0.759857 0.652866 0.767025 0.656051 0.767025 0.659236 0.770609 0.668790 0.770609 0.671975 0.767025 0.671975 0.759857 0.665605 0.752688
0 0.595541 0.788530 0.589172 0.781362 0.573248 0.781362 0.570064 0.784946 0.566879 0.784946 0.563694 0.788530 0.554140 0.792115 0.550955 0.795699 0.550955 0.806452 0.554140 0.810036 0.573248 0.810036 0.576433 0.806452 0.579618 0.806452 0.592357 0.792115 0.595541 0.792115
0 0.722930 0.817204 0.716561 0.817204 0.710191 0.824373 0.710191 0.827957 0.707006 0.831541 0.707006 0.835125 0.700637 0.842294 0.700637 0.853047 0.703822 0.856631 0.710191 0.856631 0.713376 0.853047 0.716561 0.853047 0.722930 0.845878 0.722930 0.842294 0.726115 0.838710 0.726115 0.820789
0 0.761146 0.820789 0.748408 0.820789 0.745223 0.824373 0.745223 0.845878 0.742038 0.849462 0.742038 0.853047 0.745223 0.853047 0.748408 0.849462 0.751592 0.849462 0.761146 0.838710 0.761146 0.835125 0.764331 0.831541 0.764331 0.827957 0.761146 0.824373
0 0.652866 0.824373 0.643312 0.824373 0.636943 0.831541 0.636943 0.835125 0.633758 0.838710 0.633758 0.853047 0.636943 0.856631 0.640127 0.856631 0.646497 0.849462 0.646497 0.845878 0.649682 0.842294 0.649682 0.835125 0.652866 0.831541
0 0.471338 0.831541 0.461783 0.831541 0.455414 0.838710 0.455414 0.842294 0.452229 0.845878 0.452229 0.853047 0.455414 0.856631 0.455414 0.860215 0.464968 0.860215 0.474522 0.849462 0.474522 0.845878 0.477707 0.842294 0.477707 0.838710
0 0.576433 0.831541 0.560510 0.849462 0.560510 0.856631 0.570064 0.870968 0.570064 0.874552 0.589172 0.874552 0.595541 0.870968 0.608280 0.849462 0.608280 0.838710 0.605096 0.835125 0.595541 0.835125 0.592357 0.831541
0 0.372611 0.842294 0.363057 0.856631 0.363057 0.881720 0.372611 0.892473 0.394904 0.892473 0.401274 0.888889 0.401274 0.885305 0.407643 0.878136 0.407643 0.860215 0.404459 0.853047 0.394904 0.842294 0.388535 0.842294 0.385350 0.838710
0 0.506369 0.842294 0.480892 0.842294 0.464968 0.863799 0.468153 0.885305 0.471338 0.888889 0.471338 0.899642 0.477707 0.899642 0.490446 0.910394 0.490446 0.903226 0.496815 0.888889 0.503185 0.881720 0.503185 0.874552 0.506369 0.870968
0 0.831210 0.853047 0.828025 0.856631 0.828025 0.860215 0.824841 0.863799 0.824841 0.870968 0.828025 0.874552 0.828025 0.878136 0.834395 0.885305 0.840764 0.885305 0.847134 0.878136 0.847134 0.870968 0.843949 0.867384 0.843949 0.863799 0.840764 0.860215 0.840764 0.856631 0.837580 0.853047
0 0.630573 0.896057 0.627389 0.896057 0.614650 0.910394 0.614650 0.928315 0.624204 0.935484 0.627389 0.931900 0.630573 0.931900 0.636943 0.924731 0.636943 0.903226
0 0.471338 0.903226 0.471338 0.906810 0.464968 0.913978 0.461783 0.913978 0.458599 0.917563 0.458599 0.928315 0.461783 0.931900 0.461783 0.939068 0.464968 0.942652 0.471338 0.942652 0.474522 0.946237 0.480892 0.946237 0.490446 0.935484 0.490446 0.931900 0.493631 0.928315 0.493631 0.921147 0.490446 0.917563 0.490446 0.913978 0.484076 0.906810 0.480892 0.906810 0.477707 0.903226
0 0.859873 0.906810 0.856688 0.906810 0.853503 0.910394 0.850318 0.910394 0.850318 0.913978 0.847134 0.917563 0.847134 0.924731 0.843949 0.928315 0.843949 0.942652 0.847134 0.946237 0.850318 0.946237 0.853503 0.942652 0.856688 0.942652 0.863057 0.935484 0.863057 0.931900 0.866242 0.928315 0.866242 0.913978
0 0.694268 0.924731 0.694268 0.931900 0.700637 0.939068 0.703822 0.939068 0.713376 0.946237 0.722930 0.946237 0.726115 0.949821 0.735669 0.946237 0.735669 0.931900 0.729299 0.924731 0.726115 0.924731 0.722930 0.921147 0.713376 0.921147 0.710191 0.917563 0.703822 0.917563
0 0.815287 0.946237 0.799363 0.946237 0.796178 0.949821 0.792994 0.949821 0.792994 0.978495 0.799363 0.985663 0.805732 0.985663 0.815287 0.974910 0.815287 0.971326 0.821656 0.964158 0.821656 0.949821 0.818471 0.949821
