0 0.305732 0.003597 0.305732 0.021583 0.315287 0.035971 0.315287 0.039568 0.321656 0.043165 0.334395 0.043165 0.340764 0.039568 0.343949 0.028777 0.350318 0.021583 0.350318 0.007194 0.347134 0.003597
0 0.484076 0.007194 0.480892 0.014388 0.480892 0.046763 0.490446 0.064748 0.496815 0.068345 0.535032 0.068345 0.547771 0.057554 0.554140 0.043165 0.554140 0.028777 0.544586 0.007194 0.538217 0.003597 0.490446 0.003597
0 0.745223 0.007194 0.745223 0.014388 0.754777 0.025180 0.757962 0.025180 0.761146 0.028777 0.770701 0.025180 0.770701 0.021583 0.777070 0.014388 0.796178 0.014388 0.799363 0.010791 0.799363 0.007194 0.789809 0.007194 0.786624 0.003597 0.748408 0.003597
0 0.124204 0.039568 0.124204 0.061151 0.127389 0.068345 0.143312 0.079137 0.165605 0.079137 0.168790 0.075540 0.175159 0.075540 0.184713 0.068345 0.187898 0.061151 0.184713 0.046763 0.165605 0.032374 0.156051 0.032374 0.152866 0.028777 0.130573 0.028777
0 0.429936 0.028777 0.420382 0.028777 0.414013 0.032374 0.407643 0.039568 0.398089 0.064748 0.398089 0.071942 0.404459 0.086331 0.414013 0.097122 0.423567 0.097122 0.429936 0.093525 0.436306 0.086331 0.439490 0.071942 0.442675 0.068345 0.442675 0.039568
0 0.831210 0.125899 0.831210 0.133094 0.834395 0.136691 0.834395 0.140288 0.850318 0.151079 0.882166 0.151079 0.885350 0.147482 0.882166 0.136691 0.875796 0.129496 0.872611 0.129496 0.863057 0.122302 0.840764 0.122302 0.837580 0.125899
0 0.242038 0.136691 0.229299 0.136691 0.226115 0.140288 0.226115 0.143885 0.213376 0.158273 0.213376 0.169065 0.216561 0.172662 0.226115 0.176259 0.235669 0.165468 0.235669 0.161871 0.242038 0.154676 0.242038 0.147482 0.245223 0.143885 0.245223 0.140288
0 0.280255 0.151079 0.270701 0.151079 0.270701 0.154676 0.264331 0.161871 0.264331 0.169065 0.257962 0.179856 0.257962 0.187050 0.261146 0.190647 0.261146 0.194245 0.270701 0.190647 0.277070 0.183453 0.277070 0.179856 0.280255 0.176259 0.280255 0.165468 0.283439 0.161871
0 0.815287 0.172662 0.815287 0.194245 0.818471 0.201439 0.834395 0.212230 0.853503 0.212230 0.866242 0.205036 0.869427 0.197842 0.869427 0.190647 0.856688 0.179856 0.850318 0.179856 0.837580 0.172662 0.828025 0.172662 0.824841 0.169065 0.821656 0.172662 0.818471 0.169065
0 0.722930 0.201439 0.716561 0.190647 0.707006 0.187050 0.687898 0.190647 0.668790 0.201439 0.649682 0.205036 0.636943 0.219424 0.636943 0.226619 0.643312 0.237410 0.662420 0.244604 0.700637 0.241007 0.719745 0.226619
0 0.207006 0.215827 0.200637 0.208633 0.191083 0.208633 0.181529 0.215827 0.175159 0.215827 0.162420 0.223022 0.156051 0.237410 0.162420 0.248201 0.168790 0.248201 0.171975 0.251799 0.175159 0.248201 0.181529 0.248201 0.203822 0.226619
0 0.375796 0.215827 0.359873 0.215827 0.337580 0.226619 0.328025 0.241007 0.328025 0.255396 0.331210 0.262590 0.340764 0.269784 0.359873 0.269784 0.366242 0.266187 0.372611 0.258993 0.385350 0.233813 0.382166 0.223022
0 0.006369 0.230216 0.000000 0.237410 0.000000 0.266187 0.003185 0.269784 0.003185 0.273381 0.009554 0.273381 0.012739 0.276978 0.025478 0.276978 0.028662 0.273381 0.031847 0.273381 0.035032 0.269784 0.035032 0.251799 0.031847 0.248201 0.031847 0.244604 0.022293 0.233813
0 0.404459 0.233813 0.401274 0.237410 0.398089 0.237410 0.394904 0.255396 0.388535 0.266187 0.388535 0.276978 0.391720 0.280576 0.394904 0.280576 0.398089 0.284173 0.404459 0.284173 0.407643 0.287770 0.417197 0.276978 0.420382 0.276978 0.420382 0.273381 0.423567 0.269784 0.423567 0.255396 0.414013 0.241007 0.414013 0.237410
0 0.834395 0.237410 0.818471 0.237410 0.812102 0.241007 0.796178 0.258993 0.796178 0.284173 0.805732 0.291367 0.824841 0.291367 0.840764 0.276978 0.843949 0.269784 0.843949 0.248201
0 0.238854 0.266187 0.232484 0.266187 0.226115 0.273381 0.222930 0.273381 0.207006 0.291367 0.203822 0.298561 0.203822 0.316547 0.210191 0.323741 0.219745 0.323741 0.232484 0.309353 0.235669 0.309353 0.235669 0.305755 0.245223 0.294964 0.248408 0.284173 0.245223 0.280576 0.245223 0.273381
0 0.350318 0.294964 0.350318 0.298561 0.366242 0.316547 0.378981 0.323741 0.394904 0.323741 0.407643 0.316547 0.410828 0.309353 0.410828 0.291367 0.398089 0.287770 0.394904 0.284173 0.388535 0.284173 0.385350 0.280576 0.378981 0.284173 0.369427 0.284173 0.366242 0.287770 0.356688 0.287770
0 0.423567 0.280576 0.420382 0.284173 0.420382 0.302158 0.423567 0.305755 0.423567 0.309353 0.433121 0.320144 0.445860 0.320144 0.452229 0.309353 0.452229 0.287770 0.449045 0.284173 0.439490 0.284173 0.436306 0.280576
0 0.652866 0.305755 0.652866 0.320144 0.659236 0.338129 0.687898 0.359712 0.703822 0.359712 0.710191 0.356115 0.722930 0.338129 0.722930 0.320144 0.716561 0.305755 0.697452 0.291367 0.675159 0.287770 0.662420 0.294964
0 0.853503 0.323741 0.840764 0.305755 0.834395 0.302158 0.824841 0.302158 0.821656 0.305755 0.815287 0.305755 0.812102 0.309353 0.799363 0.312950 0.796178 0.320144 0.796178 0.334532 0.805732 0.345324 0.815287 0.345324 0.818471 0.341727 0.831210 0.341727 0.840764 0.334532 0.847134 0.334532 0.847134 0.330935 0.853503 0.327338
0 0.308917 0.305755 0.296178 0.323741 0.296178 0.338129 0.315287 0.381295 0.334395 0.402878 0.343949 0.406475 0.366242 0.399281 0.372611 0.392086 0.372611 0.359712 0.363057 0.334532 0.343949 0.312950 0.331210 0.305755
0 0.426752 0.334532 0.410828 0.334532 0.404459 0.338129 0.385350 0.366906 0.385350 0.395683 0.388535 0.402878 0.398089 0.410072 0.414013 0.410072 0.420382 0.406475 0.433121 0.384892 0.436306 0.348921
0 0.563694 0.341727 0.557325 0.359712 0.579618 0.413669 0.595541 0.431655 0.614650 0.431655 0.621019 0.420863 0.621019 0.399281 0.611465 0.370504 0.595541 0.348921 0.576433 0.338129
0 0.222930 0.352518 0.210191 0.363309 0.210191 0.377698 0.245223 0.442446 0.254777 0.453237 0.261146 0.453237 0.280255 0.424460 0.283439 0.406475 0.273885 0.377698 0.257962 0.359712 0.245223 0.352518
0 0.869427 0.359712 0.866242 0.356115 0.859873 0.356115 0.856688 0.352518 0.837580 0.359712 0.828025 0.370504 0.824841 0.388489 0.831210 0.395683 0.834395 0.392086 0.843949 0.388489 0.850318 0.381295 0.853503 0.381295 0.859873 0.374101 0.863057 0.374101 0.869427 0.366906
0 0.681529 0.388489 0.671975 0.377698 0.662420 0.377698 0.659236 0.374101 0.646497 0.377698 0.636943 0.384892 0.630573 0.399281 0.630573 0.410072 0.640127 0.424460 0.665605 0.424460 0.681529 0.410072
0 0.745223 0.374101 0.732484 0.384892 0.722930 0.435252 0.732484 0.474820 0.742038 0.485612 0.761146 0.485612 0.773885 0.460432 0.773885 0.446043 0.780255 0.428058 0.780255 0.395683 0.770701 0.377698
0 0.847134 0.406475 0.847134 0.424460 0.856688 0.435252 0.866242 0.438849 0.910828 0.431655 0.917197 0.428058 0.926752 0.413669 0.923567 0.402878 0.914013 0.392086 0.894904 0.381295 0.875796 0.381295 0.856688 0.392086
0 0.515924 0.417266 0.515924 0.435252 0.528662 0.446043 0.535032 0.446043 0.538217 0.449640 0.557325 0.449640 0.563694 0.446043 0.570064 0.435252 0.563694 0.420863 0.547771 0.402878 0.531847 0.402878
0 0.187898 0.420863 0.178344 0.428058 0.162420 0.453237 0.162420 0.500000 0.168790 0.517986 0.181529 0.532374 0.200637 0.532374 0.210191 0.528777 0.219745 0.514388 0.222930 0.449640 0.207006 0.424460
0 0.006369 0.428058 0.000000 0.442446 0.000000 0.485612 0.006369 0.503597 0.022293 0.503597 0.028662 0.496403 0.035032 0.478417 0.035032 0.453237 0.025478 0.438849
0 0.863057 0.464029 0.872611 0.478417 0.885350 0.485612 0.910828 0.485612 0.926752 0.471223 0.926752 0.460432 0.917197 0.449640 0.907643 0.449640 0.904459 0.446043 0.882166 0.446043 0.869427 0.453237
0 0.347134 0.474820 0.334395 0.460432 0.321656 0.453237 0.302548 0.456835 0.283439 0.474820 0.280255 0.482014 0.280255 0.496403 0.296178 0.517986 0.312102 0.514388 0.315287 0.510791 0.324841 0.510791 0.347134 0.489209
0 0.519108 0.456835 0.509554 0.467626 0.506369 0.485612 0.509554 0.489209 0.509554 0.496403 0.522293 0.510791 0.535032 0.510791 0.547771 0.496403 0.547771 0.485612 0.550955 0.482014 0.550955 0.474820 0.547771 0.471223 0.547771 0.464029 0.541401 0.456835
0 0.563694 0.482014 0.563694 0.492806 0.570064 0.500000 0.585987 0.507194 0.621019 0.507194 0.630573 0.496403 0.630573 0.478417 0.624204 0.464029 0.614650 0.456835 0.582803 0.456835 0.566879 0.471223 0.566879 0.478417
0 0.726115 0.496403 0.719745 0.492806 0.703822 0.492806 0.687898 0.507194 0.681529 0.521583 0.681529 0.543165 0.691083 0.557554 0.703822 0.557554 0.732484 0.535971 0.735669 0.528777 0.735669 0.510791
0 0.337580 0.514388 0.331210 0.514388 0.328025 0.510791 0.324841 0.514388 0.302548 0.517986 0.292994 0.525180 0.296178 0.546763 0.308917 0.564748 0.340764 0.564748 0.353503 0.557554 0.356688 0.550360 0.353503 0.535971
0 0.544586 0.525180 0.528662 0.532374 0.522293 0.539568 0.519108 0.546763 0.519108 0.564748 0.525478 0.575540 0.538217 0.582734 0.554140 0.586331 0.560510 0.582734 0.570064 0.564748 0.570064 0.539568 0.566879 0.532374 0.557325 0.525180
0 0.277070 0.561151 0.267516 0.571942 0.267516 0.589928 0.283439 0.615108 0.286624 0.615108 0.292994 0.622302 0.302548 0.622302 0.312102 0.611511 0.312102 0.597122 0.305732 0.582734 0.289809 0.564748
0 0.863057 0.589928 0.840764 0.615108 0.840764 0.643885 0.863057 0.679856 0.878981 0.683453 0.891720 0.669065 0.901274 0.625899 0.901274 0.607914 0.891720 0.593525
0 0.305732 0.651079 0.292994 0.708633 0.296178 0.726619 0.321656 0.766187 0.334395 0.766187 0.347134 0.751799 0.340764 0.730216 0.356688 0.694245 0.356688 0.672662 0.340764 0.654676
0 0.003185 0.654676 0.003185 0.672662 0.006369 0.676259 0.012739 0.694245 0.015924 0.697842 0.025478 0.697842 0.028662 0.694245 0.028662 0.690647 0.035032 0.683453 0.035032 0.676259 0.031847 0.672662 0.028662 0.661871 0.019108 0.654676
0 0.417197 0.661871 0.410828 0.665468 0.401274 0.679856 0.401274 0.708633 0.407643 0.723022 0.420382 0.737410 0.433121 0.741007 0.439490 0.733813 0.439490 0.726619 0.442675 0.723022 0.442675 0.683453 0.436306 0.665468 0.429936 0.661871
0 0.232484 0.708633 0.222930 0.708633 0.203822 0.719424 0.187898 0.737410 0.184713 0.762590 0.194268 0.776978 0.207006 0.776978 0.213376 0.773381 0.229299 0.755396 0.238854 0.730216 0.238854 0.715827
0 0.248408 0.762590 0.238854 0.791367 0.238854 0.802158 0.245223 0.816547 0.254777 0.823741 0.277070 0.823741 0.292994 0.816547 0.299363 0.805755 0.299363 0.794964 0.292994 0.780576 0.267516 0.758993 0.254777 0.758993
0 0.659236 0.762590 0.643312 0.762590 0.630573 0.769784 0.614650 0.787770 0.611465 0.816547 0.621019 0.827338 0.633758 0.834532 0.643312 0.834532 0.659236 0.827338 0.671975 0.812950 0.675159 0.784173
0 0.321656 0.769784 0.315287 0.780576 0.315287 0.794964 0.318471 0.798561 0.318471 0.805755 0.328025 0.816547 0.334395 0.816547 0.337580 0.820144 0.347134 0.820144 0.356688 0.812950 0.359873 0.798561 0.366242 0.791367 0.363057 0.776978 0.343949 0.766187 0.337580 0.766187 0.334395 0.769784
0 0.146497 0.773381 0.127389 0.769784 0.124204 0.773381 0.108280 0.773381 0.101911 0.776978 0.092357 0.787770 0.092357 0.809353 0.095541 0.816547 0.111465 0.827338 0.114650 0.823741 0.124204 0.823741 0.146497 0.794964 0.149682 0.787770 0.149682 0.776978
0 0.369427 0.787770 0.359873 0.805755 0.356688 0.820144 0.366242 0.830935 0.366242 0.834532 0.369427 0.834532 0.375796 0.841727 0.394904 0.841727 0.404459 0.827338 0.404459 0.805755 0.401274 0.798561 0.385350 0.784173
0 0.566879 0.784173 0.560510 0.787770 0.550955 0.802158 0.554140 0.830935 0.570064 0.852518 0.585987 0.859712 0.595541 0.859712 0.601911 0.856115 0.608280 0.845324 0.608280 0.809353 0.589172 0.784173
0 0.528662 0.830935 0.522293 0.848921 0.522293 0.863309 0.531847 0.892086 0.547771 0.906475 0.557325 0.910072 0.576433 0.906475 0.579618 0.902878 0.579618 0.881295 0.557325 0.856115 0.550955 0.841727 0.541401 0.830935
0 0.257962 0.841727 0.245223 0.841727 0.238854 0.845324 0.229299 0.859712 0.229299 0.866906 0.226115 0.870504 0.226115 0.884892 0.229299 0.888489 0.229299 0.895683 0.235669 0.902878 0.248408 0.902878 0.254777 0.892086 0.251592 0.888489 0.254777 0.884892 0.254777 0.866906 0.257962 0.863309 0.257962 0.852518 0.261146 0.848921
0 0.328025 0.841727 0.324841 0.845324 0.324841 0.852518 0.328025 0.856115 0.328025 0.866906 0.334395 0.881295 0.347134 0.895683 0.359873 0.902878 0.366242 0.892086 0.366242 0.870504 0.359873 0.856115 0.343949 0.841727
0 0.289809 0.845324 0.270701 0.863309 0.270701 0.870504 0.267516 0.874101 0.267516 0.895683 0.277070 0.906475 0.283439 0.906475 0.286624 0.910072 0.302548 0.910072 0.315287 0.895683 0.315287 0.866906 0.308917 0.852518 0.302548 0.845324
