0 0.650794 0.111111 0.641270 0.111111 0.641270 0.118280 0.638095 0.121864 0.634921 0.121864 0.634921 0.125448 0.628571 0.132616 0.628571 0.139785 0.625397 0.143369 0.628571 0.146953 0.631746 0.146953 0.641270 0.136201 0.641270 0.132616 0.647619 0.125448 0.647619 0.121864 0.650794 0.118280
0 0.142857 0.114695 0.136508 0.125448 0.136508 0.132616 0.139683 0.136201 0.139683 0.143369 0.142857 0.146953 0.158730 0.146953 0.161905 0.143369 0.165079 0.143369 0.165079 0.139785 0.168254 0.136201 0.168254 0.129032 0.165079 0.125448 0.165079 0.121864 0.161905 0.118280 0.155556 0.118280 0.152381 0.114695
0 0.469841 0.118280 0.466667 0.118280 0.463492 0.114695 0.453968 0.114695 0.450794 0.118280 0.444444 0.118280 0.441270 0.121864 0.438095 0.121864 0.434921 0.125448 0.434921 0.143369 0.441270 0.150538 0.444444 0.150538 0.447619 0.154122 0.457143 0.150538 0.469841 0.136201 0.469841 0.132616 0.473016 0.129032
0 0.504762 0.125448 0.504762 0.129032 0.514286 0.139785 0.530159 0.139785 0.536508 0.132616 0.536508 0.125448 0.530159 0.118280 0.526984 0.118280 0.523810 0.114695 0.511111 0.114695
0 0.355556 0.118280 0.352381 0.118280 0.349206 0.121864 0.342857 0.121864 0.333333 0.129032 0.333333 0.139785 0.339683 0.146953 0.352381 0.146953 0.355556 0.143369 0.355556 0.139785 0.361905 0.129032 0.361905 0.125448
0 0.250794 0.121864 0.238095 0.121864 0.225397 0.132616 0.212698 0.150538 0.206349 0.168459 0.206349 0.186380 0.212698 0.197133 0.228571 0.193548 0.228571 0.189964 0.234921 0.186380 0.244444 0.172043 0.257143 0.136201
0 0.717460 0.125448 0.714286 0.129032 0.714286 0.132616 0.717460 0.136201 0.717460 0.139785 0.720635 0.143369 0.720635 0.146953 0.723810 0.150538 0.723810 0.154122 0.726984 0.154122 0.730159 0.157706 0.730159 0.154122 0.733333 0.150538 0.733333 0.139785 0.730159 0.136201 0.730159 0.132616 0.726984 0.129032 0.726984 0.125448
0 0.850794 0.125448 0.844444 0.136201 0.844444 0.164875 0.850794 0.175627 0.863492 0.175627 0.869841 0.168459 0.869841 0.132616 0.863492 0.125448
0 0.800000 0.136201 0.796825 0.136201 0.793651 0.132616 0.790476 0.136201 0.787302 0.132616 0.784127 0.132616 0.771429 0.146953 0.771429 0.164875 0.774603 0.168459 0.787302 0.168459 0.793651 0.161290 0.796825 0.161290 0.796825 0.157706 0.803175 0.150538 0.803175 0.143369 0.800000 0.139785
0 0.295238 0.136201 0.288889 0.143369 0.288889 0.157706 0.295238 0.164875 0.307937 0.164875 0.311111 0.161290 0.311111 0.143369 0.304762 0.136201
0 0.101587 0.146953 0.095238 0.157706 0.095238 0.161290 0.098413 0.164875 0.098413 0.168459 0.104762 0.175627 0.117460 0.175627 0.123810 0.168459 0.123810 0.154122 0.117460 0.146953
0 0.412698 0.146953 0.406349 0.154122 0.406349 0.164875 0.409524 0.168459 0.409524 0.172043 0.412698 0.172043 0.415873 0.175627 0.422222 0.175627 0.428571 0.168459 0.428571 0.154122 0.422222 0.146953
0 0.885714 0.154122 0.882540 0.157706 0.882540 0.179211 0.885714 0.182796 0.892063 0.182796 0.895238 0.179211 0.895238 0.168459 0.898413 0.164875 0.898413 0.161290 0.895238 0.157706 0.895238 0.154122
0 0.342857 0.161290 0.339683 0.161290 0.336508 0.164875 0.333333 0.164875 0.326984 0.172043 0.326984 0.182796 0.330159 0.186380 0.333333 0.186380 0.336508 0.189964 0.339683 0.186380 0.346032 0.186380 0.352381 0.179211 0.352381 0.168459 0.349206 0.164875 0.346032 0.164875
0 0.822222 0.161290 0.815873 0.168459 0.815873 0.179211 0.822222 0.186380 0.828571 0.186380 0.834921 0.179211 0.834921 0.175627 0.838095 0.172043 0.838095 0.168459 0.831746 0.161290
0 0.514286 0.172043 0.504762 0.172043 0.482540 0.189964 0.482540 0.197133 0.485714 0.200717 0.485714 0.207885 0.492063 0.215054 0.498413 0.215054 0.501587 0.211470 0.504762 0.211470 0.507937 0.207885 0.507937 0.204301 0.514286 0.197133 0.514286 0.193548 0.517460 0.189964 0.517460 0.179211 0.514286 0.175627
0 0.873016 0.179211 0.869841 0.182796 0.866667 0.182796 0.866667 0.186380 0.863492 0.189964 0.863492 0.207885 0.869841 0.215054 0.879365 0.215054 0.885714 0.204301 0.885714 0.186380 0.879365 0.179211
0 0.831746 0.186380 0.828571 0.189964 0.819048 0.189964 0.815873 0.193548 0.809524 0.193548 0.803175 0.197133 0.800000 0.204301 0.812698 0.232975 0.831746 0.232975 0.838095 0.229391 0.838095 0.225806 0.844444 0.218638 0.844444 0.200717 0.841270 0.193548 0.838095 0.193548
0 0.396825 0.189964 0.393651 0.193548 0.390476 0.193548 0.390476 0.197133 0.387302 0.200717 0.387302 0.207885 0.393651 0.218638 0.396825 0.218638 0.400000 0.222222 0.406349 0.222222 0.415873 0.211470 0.415873 0.197133 0.406349 0.189964
0 0.130159 0.204301 0.123810 0.215054 0.123810 0.229391 0.126984 0.229391 0.133333 0.236559 0.149206 0.236559 0.158730 0.225806 0.158730 0.207885 0.149206 0.200717 0.136508 0.200717 0.133333 0.204301
0 0.314286 0.204301 0.304762 0.204301 0.292063 0.218638 0.292063 0.225806 0.298413 0.232975 0.304762 0.232975 0.307937 0.229391 0.311111 0.229391 0.311111 0.225806 0.317460 0.218638 0.317460 0.207885
0 0.377778 0.215054 0.371429 0.215054 0.358730 0.229391 0.358730 0.232975 0.352381 0.243728 0.352381 0.258065 0.358730 0.265233 0.368254 0.265233 0.374603 0.258065 0.377778 0.258065 0.377778 0.254480 0.384127 0.243728 0.384127 0.222222
0 0.526984 0.215054 0.523810 0.218638 0.520635 0.218638 0.520635 0.222222 0.517460 0.225806 0.517460 0.240143 0.526984 0.240143 0.530159 0.236559 0.530159 0.232975 0.533333 0.229391 0.533333 0.222222
0 0.774603 0.218638 0.771429 0.222222 0.771429 0.225806 0.768254 0.229391 0.768254 0.232975 0.771429 0.236559 0.771429 0.240143 0.777778 0.247312 0.790476 0.247312 0.790476 0.243728 0.793651 0.240143 0.793651 0.229391 0.790476 0.225806 0.790476 0.222222 0.787302 0.218638
0 0.653968 0.243728 0.660317 0.250896 0.673016 0.250896 0.679365 0.243728 0.679365 0.240143 0.682540 0.236559 0.679365 0.232975 0.676190 0.232975 0.673016 0.229391 0.660317 0.229391 0.657143 0.232975 0.653968 0.232975
0 0.095238 0.243728 0.095238 0.250896 0.101587 0.258065 0.104762 0.258065 0.107937 0.261649 0.114286 0.261649 0.117460 0.258065 0.120635 0.258065 0.120635 0.254480 0.123810 0.250896 0.123810 0.243728 0.120635 0.240143 0.120635 0.236559 0.104762 0.236559 0.101587 0.240143 0.098413 0.240143
0 0.717460 0.236559 0.714286 0.240143 0.711111 0.240143 0.704762 0.247312 0.704762 0.250896 0.707937 0.254480 0.707937 0.258065 0.714286 0.268817 0.726984 0.268817 0.733333 0.261649 0.733333 0.243728 0.726984 0.236559
0 0.434921 0.250896 0.428571 0.243728 0.419048 0.243728 0.415873 0.247312 0.412698 0.247312 0.409524 0.250896 0.409524 0.254480 0.403175 0.265233 0.406349 0.268817 0.406349 0.272401 0.422222 0.272401 0.428571 0.265233 0.431746 0.265233 0.431746 0.261649 0.434921 0.258065
0 0.609524 0.254480 0.609524 0.261649 0.615873 0.268817 0.634921 0.268817 0.641270 0.261649 0.638095 0.258065 0.638095 0.250896 0.631746 0.243728 0.615873 0.243728
0 0.244444 0.258065 0.250794 0.265233 0.250794 0.268817 0.253968 0.268817 0.257143 0.265233 0.260317 0.268817 0.263492 0.268817 0.266667 0.272401 0.269841 0.268817 0.273016 0.268817 0.273016 0.265233 0.269841 0.261649 0.269841 0.258065 0.263492 0.250896 0.257143 0.250896 0.253968 0.254480 0.247619 0.254480
0 0.755556 0.250896 0.749206 0.258065 0.749206 0.268817 0.752381 0.272401 0.752381 0.275986 0.755556 0.279570 0.768254 0.279570 0.771429 0.275986 0.771429 0.261649 0.768254 0.258065 0.768254 0.254480 0.765079 0.254480 0.761905 0.250896
0 0.828571 0.258065 0.822222 0.268817 0.822222 0.279570 0.825397 0.283154 0.825397 0.286738 0.831746 0.293907 0.834921 0.293907 0.838095 0.297491 0.844444 0.297491 0.850794 0.290323 0.850794 0.279570 0.847619 0.275986 0.847619 0.268817 0.838095 0.258065
0 0.212698 0.261649 0.209524 0.265233 0.209524 0.279570 0.212698 0.283154 0.212698 0.286738 0.215873 0.290323 0.228571 0.290323 0.234921 0.283154 0.234921 0.275986 0.231746 0.272401 0.231746 0.268817 0.225397 0.261649
0 0.520635 0.268817 0.514286 0.275986 0.514286 0.286738 0.517460 0.290323 0.533333 0.290323 0.539683 0.283154 0.539683 0.272401 0.536508 0.268817
0 0.250794 0.272401 0.247619 0.275986 0.244444 0.275986 0.238095 0.283154 0.238095 0.290323 0.244444 0.301075 0.247619 0.301075 0.250794 0.304659 0.257143 0.304659 0.260317 0.301075 0.263492 0.301075 0.263492 0.297491 0.266667 0.293907 0.266667 0.290323 0.263492 0.286738 0.263492 0.283154 0.253968 0.272401
0 0.711111 0.283154 0.704762 0.275986 0.692063 0.275986 0.679365 0.283154 0.663492 0.318996 0.666667 0.322581 0.669841 0.318996 0.676190 0.318996 0.682540 0.311828 0.688889 0.311828 0.695238 0.308244 0.707937 0.293907
0 0.431746 0.286738 0.422222 0.279570 0.419048 0.279570 0.415873 0.283154 0.409524 0.283154 0.403175 0.290323 0.403175 0.293907 0.406349 0.297491 0.406349 0.304659 0.409524 0.308244 0.422222 0.308244 0.425397 0.304659 0.428571 0.304659 0.431746 0.301075
0 0.587302 0.279570 0.571429 0.283154 0.552381 0.308244 0.549206 0.315412 0.549206 0.322581 0.555556 0.329749 0.568254 0.329749 0.574603 0.326165 0.590476 0.308244 0.590476 0.304659 0.596825 0.297491 0.596825 0.290323
0 0.184127 0.286738 0.180952 0.290323 0.177778 0.290323 0.174603 0.293907 0.174603 0.304659 0.180952 0.311828 0.190476 0.311828 0.200000 0.301075 0.200000 0.293907 0.196825 0.290323 0.193651 0.290323 0.190476 0.286738
0 0.742857 0.286738 0.733333 0.286738 0.723810 0.293907 0.723810 0.297491 0.720635 0.301075 0.720635 0.308244 0.726984 0.315412 0.739683 0.315412 0.746032 0.308244 0.746032 0.304659 0.749206 0.301075 0.749206 0.293907
0 0.339683 0.301075 0.336508 0.301075 0.333333 0.297491 0.330159 0.297491 0.326984 0.301075 0.323810 0.301075 0.317460 0.308244 0.317460 0.318996 0.323810 0.326165 0.336508 0.326165 0.342857 0.318996 0.342857 0.308244 0.339683 0.304659
0 0.771429 0.297491 0.761905 0.304659 0.761905 0.311828 0.758730 0.315412 0.758730 0.318996 0.765079 0.329749 0.780952 0.329749 0.787302 0.322581 0.787302 0.308244 0.780952 0.301075 0.777778 0.301075 0.774603 0.297491
0 0.365079 0.308244 0.365079 0.315412 0.368254 0.318996 0.368254 0.322581 0.371429 0.326165 0.380952 0.326165 0.384127 0.322581 0.387302 0.322581 0.393651 0.315412 0.393651 0.308244 0.387302 0.301075 0.371429 0.301075
0 0.161905 0.304659 0.152381 0.304659 0.146032 0.311828 0.146032 0.318996 0.139683 0.329749 0.146032 0.340502 0.155556 0.340502 0.161905 0.333333 0.165079 0.333333 0.168254 0.329749 0.171429 0.318996 0.168254 0.315412 0.168254 0.311828
0 0.815873 0.308244 0.812698 0.311828 0.809524 0.311828 0.809524 0.329749 0.815873 0.336918 0.819048 0.336918 0.822222 0.340502 0.825397 0.336918 0.828571 0.336918 0.834921 0.326165 0.831746 0.322581 0.831746 0.315412 0.825397 0.308244
0 0.958730 0.308244 0.949206 0.318996 0.949206 0.322581 0.958730 0.333333 0.958730 0.340502 0.961905 0.344086 0.968254 0.344086 0.971429 0.340502 0.971429 0.336918 0.977778 0.326165 0.977778 0.311828 0.974603 0.308244
0 0.215873 0.318996 0.215873 0.326165 0.219048 0.329749 0.219048 0.336918 0.231746 0.336918 0.234921 0.333333 0.238095 0.333333 0.238095 0.329749 0.241270 0.326165 0.241270 0.318996 0.234921 0.311828 0.222222 0.311828
0 0.250794 0.344086 0.250794 0.351254 0.257143 0.358423 0.269841 0.358423 0.273016 0.354839 0.276190 0.354839 0.279365 0.351254 0.279365 0.340502 0.273016 0.333333 0.257143 0.333333 0.253968 0.336918 0.253968 0.340502
0 0.457143 0.333333 0.450794 0.333333 0.447619 0.336918 0.444444 0.336918 0.438095 0.344086 0.438095 0.351254 0.441270 0.354839 0.441270 0.358423 0.447619 0.365591 0.450794 0.365591 0.453968 0.362007 0.457143 0.362007 0.460317 0.358423 0.460317 0.354839 0.463492 0.351254 0.463492 0.340502
0 0.720635 0.333333 0.717460 0.336918 0.714286 0.336918 0.707937 0.344086 0.707937 0.358423 0.711111 0.358423 0.714286 0.362007 0.720635 0.362007 0.723810 0.365591 0.726984 0.365591 0.730159 0.362007 0.733333 0.362007 0.739683 0.354839 0.739683 0.344086 0.736508 0.340502 0.733333 0.340502 0.730159 0.336918 0.723810 0.336918
0 0.396825 0.336918 0.393651 0.340502 0.390476 0.340502 0.384127 0.347670 0.384127 0.351254 0.387302 0.354839 0.387302 0.358423 0.393651 0.365591 0.403175 0.365591 0.412698 0.354839 0.412698 0.351254 0.409524 0.347670 0.409524 0.344086 0.406349 0.340502 0.403175 0.340502 0.400000 0.336918
0 0.358730 0.340502 0.346032 0.340502 0.339683 0.347670 0.339683 0.351254 0.336508 0.354839 0.339683 0.358423 0.339683 0.362007 0.342857 0.365591 0.346032 0.365591 0.349206 0.369176 0.352381 0.365591 0.355556 0.365591 0.361905 0.358423 0.361905 0.344086
0 0.498413 0.344086 0.495238 0.344086 0.485714 0.354839 0.482540 0.354839 0.476190 0.362007 0.476190 0.372760 0.479365 0.372760 0.482540 0.369176 0.485714 0.369176 0.492063 0.362007 0.492063 0.358423 0.498413 0.351254
0 0.609524 0.365591 0.606349 0.362007 0.600000 0.362007 0.596825 0.365591 0.593651 0.365591 0.587302 0.372760 0.587302 0.376344 0.574603 0.390681 0.574603 0.394265 0.584127 0.394265 0.587302 0.397849 0.596825 0.394265 0.606349 0.383513 0.606349 0.379928 0.609524 0.376344
0 0.126984 0.365591 0.117460 0.376344 0.117460 0.390681 0.126984 0.401434 0.142857 0.401434 0.146032 0.397849 0.146032 0.379928 0.133333 0.365591
0 0.434921 0.376344 0.434921 0.379928 0.438095 0.383513 0.441270 0.383513 0.447619 0.390681 0.450794 0.390681 0.453968 0.394265 0.463492 0.394265 0.469841 0.387097 0.469841 0.379928 0.463492 0.372760 0.460317 0.372760 0.457143 0.369176 0.441270 0.369176
0 0.203175 0.376344 0.200000 0.379928 0.200000 0.397849 0.203175 0.401434 0.206349 0.401434 0.209524 0.405018 0.219048 0.405018 0.222222 0.401434 0.222222 0.387097 0.212698 0.376344
0 0.898413 0.383513 0.898413 0.387097 0.895238 0.390681 0.895238 0.394265 0.898413 0.397849 0.898413 0.412186 0.904762 0.419355 0.911111 0.419355 0.917460 0.412186 0.917460 0.394265 0.907937 0.383513
0 0.180952 0.390681 0.177778 0.394265 0.177778 0.397849 0.174603 0.401434 0.174603 0.405018 0.177778 0.408602 0.177778 0.412186 0.180952 0.415771 0.184127 0.415771 0.187302 0.419355 0.193651 0.419355 0.196825 0.415771 0.196825 0.412186 0.200000 0.408602 0.200000 0.405018 0.196825 0.401434 0.196825 0.394265 0.193651 0.394265 0.190476 0.390681
0 0.698413 0.397849 0.692063 0.405018 0.688889 0.405018 0.688889 0.408602 0.692063 0.412186 0.692063 0.415771 0.698413 0.422939 0.704762 0.422939 0.714286 0.412186 0.714286 0.405018 0.711111 0.401434 0.707937 0.401434 0.704762 0.397849
0 0.526984 0.401434 0.517460 0.401434 0.514286 0.405018 0.511111 0.405018 0.504762 0.412186 0.504762 0.422939 0.511111 0.430108 0.514286 0.430108 0.517460 0.426523 0.520635 0.426523 0.523810 0.422939 0.523810 0.419355 0.530159 0.412186 0.530159 0.405018
0 0.761905 0.408602 0.746032 0.408602 0.733333 0.419355 0.730159 0.419355 0.714286 0.448029 0.726984 0.458781 0.749206 0.448029 0.758730 0.437276 0.765079 0.422939 0.765079 0.415771
0 0.292063 0.415771 0.285714 0.415771 0.282540 0.419355 0.282540 0.430108 0.285714 0.433692 0.288889 0.433692 0.288889 0.430108 0.292063 0.426523
0 0.326984 0.415771 0.323810 0.419355 0.323810 0.433692 0.330159 0.440860 0.342857 0.440860 0.346032 0.437276 0.346032 0.422939 0.339683 0.415771
0 0.142857 0.419355 0.136508 0.426523 0.136508 0.433692 0.139683 0.437276 0.139683 0.440860 0.142857 0.444444 0.158730 0.444444 0.161905 0.440860 0.161905 0.426523 0.155556 0.419355
0 0.669841 0.422939 0.666667 0.426523 0.663492 0.426523 0.660317 0.430108 0.660317 0.444444 0.666667 0.451613 0.676190 0.451613 0.682540 0.444444 0.682540 0.433692 0.676190 0.426523 0.673016 0.426523
0 0.374603 0.430108 0.365079 0.430108 0.361905 0.433692 0.361905 0.437276 0.352381 0.444444 0.352381 0.448029 0.346032 0.458781 0.355556 0.465950 0.361905 0.458781 0.365079 0.458781 0.365079 0.455197 0.374603 0.444444
0 0.866667 0.433692 0.857143 0.437276 0.850794 0.444444 0.850794 0.451613 0.847619 0.455197 0.847619 0.458781 0.853968 0.469534 0.866667 0.469534 0.879365 0.455197 0.879365 0.451613
0 0.314286 0.444444 0.304762 0.444444 0.298413 0.451613 0.298413 0.462366 0.304762 0.469534 0.307937 0.465950 0.314286 0.465950 0.320635 0.458781 0.320635 0.451613
0 0.723810 0.458781 0.720635 0.458781 0.714286 0.451613 0.704762 0.451613 0.692063 0.465950 0.692063 0.469534 0.685714 0.480287 0.685714 0.501792 0.688889 0.505376 0.695238 0.505376 0.698413 0.501792 0.701587 0.501792 0.723810 0.480287
0 0.114286 0.455197 0.111111 0.458781 0.111111 0.476703 0.114286 0.480287 0.130159 0.480287 0.133333 0.476703 0.133333 0.465950 0.130159 0.462366 0.130159 0.458781 0.126984 0.455197
0 0.196825 0.455197 0.190476 0.462366 0.190476 0.473118 0.196825 0.480287 0.212698 0.480287 0.215873 0.476703 0.215873 0.473118 0.219048 0.469534 0.219048 0.462366 0.212698 0.455197
0 0.568254 0.458781 0.558730 0.458781 0.549206 0.469534 0.549206 0.480287 0.555556 0.487455 0.558730 0.487455 0.561905 0.483871 0.565079 0.483871 0.571429 0.476703 0.571429 0.462366
0 0.352381 0.465950 0.349206 0.465950 0.346032 0.462366 0.342857 0.462366 0.339683 0.465950 0.336508 0.465950 0.333333 0.469534 0.333333 0.473118 0.330159 0.476703 0.330159 0.487455 0.333333 0.491039 0.342857 0.491039 0.349206 0.483871 0.349206 0.480287 0.352381 0.476703
0 0.771429 0.465950 0.768254 0.462366 0.755556 0.462366 0.749206 0.469534 0.746032 0.469534 0.746032 0.473118 0.742857 0.476703 0.742857 0.487455 0.746032 0.491039 0.761905 0.491039 0.765079 0.487455 0.768254 0.487455 0.771429 0.483871
0 0.819048 0.465950 0.815873 0.469534 0.815873 0.473118 0.819048 0.476703 0.819048 0.480287 0.825397 0.487455 0.822222 0.491039 0.825397 0.494624 0.828571 0.491039 0.831746 0.491039 0.834921 0.487455 0.834921 0.483871 0.831746 0.480287 0.831746 0.476703 0.822222 0.465950
0 0.479365 0.476703 0.476190 0.476703 0.473016 0.473118 0.463492 0.473118 0.460317 0.476703 0.457143 0.476703 0.457143 0.480287 0.453968 0.483871 0.453968 0.494624 0.463492 0.501792 0.466667 0.498208 0.473016 0.498208 0.482540 0.487455 0.482540 0.483871 0.479365 0.480287
0 0.377778 0.480287 0.377778 0.494624 0.380952 0.498208 0.384127 0.498208 0.387302 0.501792 0.393651 0.501792 0.396825 0.498208 0.400000 0.498208 0.400000 0.483871 0.393651 0.476703 0.380952 0.476703
0 0.269841 0.491039 0.269841 0.498208 0.279365 0.508961 0.288889 0.508961 0.292063 0.505376 0.295238 0.505376 0.295238 0.501792 0.298413 0.498208 0.295238 0.494624 0.295238 0.491039 0.292063 0.487455 0.288889 0.487455 0.285714 0.483871 0.279365 0.483871 0.276190 0.487455 0.273016 0.487455
0 0.815873 0.487455 0.812698 0.491039 0.803175 0.491039 0.803175 0.498208 0.800000 0.501792 0.803175 0.505376 0.803175 0.508961 0.809524 0.516129 0.815873 0.516129 0.819048 0.512545 0.822222 0.512545 0.822222 0.508961 0.825397 0.505376 0.825397 0.501792 0.822222 0.498208 0.822222 0.494624
0 0.104762 0.494624 0.104762 0.508961 0.107937 0.512545 0.123810 0.512545 0.126984 0.508961 0.126984 0.505376 0.123810 0.501792 0.123810 0.498208 0.120635 0.494624 0.117460 0.494624 0.114286 0.491039 0.111111 0.491039 0.107937 0.494624
0 0.771429 0.491039 0.768254 0.494624 0.768254 0.498208 0.765079 0.501792 0.765079 0.505376 0.768254 0.508961 0.768254 0.512545 0.771429 0.516129 0.787302 0.516129 0.787302 0.505376 0.780952 0.498208 0.780952 0.494624 0.777778 0.491039
0 0.346032 0.508961 0.342857 0.512545 0.339683 0.512545 0.336508 0.516129 0.336508 0.526882 0.342857 0.534050 0.352381 0.534050 0.355556 0.530466 0.355556 0.512545 0.352381 0.512545 0.349206 0.508961
0 0.171429 0.512545 0.161905 0.512545 0.158730 0.516129 0.155556 0.516129 0.155556 0.519713 0.152381 0.523297 0.152381 0.534050 0.155556 0.537634 0.168254 0.537634 0.174603 0.530466 0.174603 0.526882 0.177778 0.523297 0.174603 0.519713 0.174603 0.516129
0 0.253968 0.516129 0.253968 0.530466 0.257143 0.534050 0.263492 0.534050 0.266667 0.537634 0.269841 0.537634 0.273016 0.534050 0.276190 0.534050 0.279365 0.530466 0.279365 0.519713 0.276190 0.516129 0.273016 0.516129 0.269841 0.512545 0.257143 0.512545
0 0.117460 0.526882 0.114286 0.530466 0.114286 0.541219 0.120635 0.548387 0.123810 0.548387 0.130159 0.541219 0.130159 0.530466 0.126984 0.526882
0 0.374603 0.530466 0.374603 0.534050 0.371429 0.537634 0.371429 0.541219 0.374603 0.544803 0.374603 0.555556 0.380952 0.562724 0.390476 0.562724 0.390476 0.559140 0.393651 0.555556 0.393651 0.541219 0.390476 0.537634 0.390476 0.534050 0.387302 0.530466
0 0.307937 0.544803 0.314286 0.551971 0.314286 0.555556 0.317460 0.555556 0.320635 0.559140 0.333333 0.559140 0.336508 0.555556 0.336508 0.551971 0.339683 0.548387 0.336508 0.544803 0.336508 0.541219 0.330159 0.541219 0.326984 0.537634 0.317460 0.537634 0.314286 0.541219 0.311111 0.541219
0 0.673016 0.544803 0.669841 0.544803 0.666667 0.541219 0.663492 0.544803 0.657143 0.544803 0.653968 0.548387 0.650794 0.548387 0.650794 0.551971 0.647619 0.555556 0.647619 0.562724 0.653968 0.569892 0.657143 0.569892 0.660317 0.566308 0.666667 0.566308 0.673016 0.559140
0 0.168254 0.555556 0.165079 0.559140 0.165079 0.573477 0.168254 0.577061 0.168254 0.580645 0.171429 0.584229 0.184127 0.584229 0.184127 0.580645 0.187302 0.577061 0.187302 0.562724 0.180952 0.555556
0 0.228571 0.562724 0.222222 0.569892 0.225397 0.573477 0.225397 0.580645 0.231746 0.587814 0.234921 0.587814 0.238095 0.591398 0.241270 0.587814 0.244444 0.587814 0.247619 0.584229 0.247619 0.573477 0.241270 0.566308 0.238095 0.566308 0.234921 0.562724
0 0.533333 0.573477 0.533333 0.580645 0.539683 0.587814 0.542857 0.587814 0.546032 0.591398 0.558730 0.591398 0.565079 0.580645 0.565079 0.577061 0.558730 0.566308 0.539683 0.566308
0 0.320635 0.577061 0.317460 0.580645 0.317460 0.594982 0.320635 0.598566 0.333333 0.598566 0.339683 0.591398 0.339683 0.580645 0.336508 0.580645 0.333333 0.577061
0 0.603175 0.580645 0.600000 0.580645 0.596825 0.577061 0.587302 0.577061 0.577778 0.587814 0.577778 0.602151 0.580952 0.605735 0.593651 0.605735 0.596825 0.602151 0.600000 0.602151 0.603175 0.598566 0.603175 0.591398 0.606349 0.587814 0.603175 0.584229
0 0.714286 0.580645 0.707937 0.580645 0.704762 0.584229 0.701587 0.584229 0.695238 0.591398 0.695238 0.594982 0.688889 0.602151 0.688889 0.605735 0.685714 0.609319 0.685714 0.612903 0.688889 0.616487 0.692063 0.616487 0.695238 0.620072 0.711111 0.620072 0.720635 0.609319 0.720635 0.587814
0 0.739683 0.584229 0.736508 0.587814 0.733333 0.587814 0.723810 0.598566 0.723810 0.616487 0.730159 0.623656 0.736508 0.623656 0.749206 0.609319 0.749206 0.605735 0.752381 0.602151 0.752381 0.594982 0.746032 0.587814 0.742857 0.587814
0 0.923810 0.584229 0.917460 0.584229 0.914286 0.587814 0.914286 0.591398 0.911111 0.594982 0.911111 0.598566 0.907937 0.602151 0.907937 0.612903 0.911111 0.616487 0.920635 0.616487 0.926984 0.609319 0.926984 0.587814
0 0.123810 0.591398 0.117460 0.598566 0.117460 0.609319 0.123810 0.616487 0.126984 0.616487 0.130159 0.620072 0.133333 0.616487 0.136508 0.616487 0.139683 0.612903 0.139683 0.598566 0.136508 0.594982 0.133333 0.594982 0.130159 0.591398
0 0.517460 0.598566 0.517460 0.612903 0.523810 0.620072 0.533333 0.620072 0.536508 0.616487 0.539683 0.616487 0.539683 0.602151 0.536508 0.598566 0.533333 0.598566 0.530159 0.594982 0.520635 0.594982
0 0.307937 0.605735 0.307937 0.609319 0.304762 0.612903 0.304762 0.616487 0.307937 0.620072 0.307937 0.623656 0.311111 0.627240 0.314286 0.627240 0.317460 0.630824 0.323810 0.623656 0.323810 0.612903 0.317460 0.605735
0 0.365079 0.605735 0.358730 0.605735 0.349206 0.616487 0.349206 0.634409 0.352381 0.637993 0.361905 0.637993 0.368254 0.630824 0.368254 0.627240 0.371429 0.623656 0.371429 0.612903
0 0.225397 0.620072 0.225397 0.630824 0.228571 0.634409 0.228571 0.637993 0.238095 0.648746 0.244444 0.648746 0.250794 0.641577 0.250794 0.630824 0.241270 0.620072
0 0.901587 0.623656 0.895238 0.630824 0.895238 0.637993 0.892063 0.641577 0.892063 0.655914 0.901587 0.663082 0.911111 0.663082 0.917460 0.655914 0.917460 0.645161 0.914286 0.641577 0.914286 0.634409 0.911111 0.634409 0.907937 0.630824 0.907937 0.627240 0.904762 0.623656
0 0.288889 0.634409 0.285714 0.637993 0.285714 0.655914 0.295238 0.666667 0.301587 0.666667 0.307937 0.659498 0.307937 0.648746 0.304762 0.645161 0.304762 0.641577 0.298413 0.634409
0 0.526984 0.641577 0.526984 0.645161 0.523810 0.648746 0.523810 0.655914 0.533333 0.666667 0.542857 0.666667 0.549206 0.659498 0.549206 0.645161 0.546032 0.641577 0.542857 0.641577 0.539683 0.637993 0.533333 0.637993 0.530159 0.641577
0 0.200000 0.641577 0.200000 0.659498 0.203175 0.663082 0.203175 0.666667 0.209524 0.673835 0.222222 0.673835 0.225397 0.670251 0.225397 0.659498 0.222222 0.655914 0.222222 0.652330 0.219048 0.648746 0.215873 0.648746 0.209524 0.641577
0 0.853968 0.641577 0.847619 0.641577 0.844444 0.645161 0.844444 0.652330 0.841270 0.655914 0.841270 0.663082 0.844444 0.666667 0.844444 0.677419 0.850794 0.677419 0.853968 0.673835 0.853968 0.670251 0.857143 0.666667 0.857143 0.645161
0 0.742857 0.645161 0.739683 0.648746 0.739683 0.673835 0.742857 0.677419 0.742857 0.681004 0.752381 0.681004 0.761905 0.670251 0.761905 0.652330 0.755556 0.645161
0 0.638095 0.648746 0.631746 0.655914 0.631746 0.677419 0.638095 0.684588 0.644444 0.684588 0.647619 0.681004 0.650794 0.681004 0.650794 0.677419 0.657143 0.670251 0.657143 0.659498 0.650794 0.652330 0.647619 0.652330 0.644444 0.648746
0 0.682540 0.648746 0.676190 0.648746 0.669841 0.655914 0.669841 0.663082 0.666667 0.666667 0.666667 0.670251 0.669841 0.673835 0.673016 0.673835 0.682540 0.663082 0.682540 0.659498 0.685714 0.655914 0.685714 0.652330
0 0.717460 0.652330 0.707937 0.652330 0.707937 0.655914 0.704762 0.659498 0.704762 0.663082 0.698413 0.673835 0.698413 0.684588 0.701587 0.688172 0.707937 0.688172 0.711111 0.684588 0.714286 0.684588 0.723810 0.673835 0.723810 0.663082
0 0.193651 0.666667 0.187302 0.659498 0.184127 0.659498 0.180952 0.655914 0.177778 0.659498 0.171429 0.659498 0.168254 0.663082 0.168254 0.677419 0.171429 0.681004 0.190476 0.681004 0.193651 0.677419
0 0.339683 0.655914 0.333333 0.663082 0.333333 0.673835 0.342857 0.684588 0.352381 0.684588 0.355556 0.681004 0.355556 0.666667 0.352381 0.663082 0.352381 0.659498 0.349206 0.655914
0 0.936508 0.677419 0.936508 0.681004 0.946032 0.691756 0.949206 0.691756 0.955556 0.698925 0.965079 0.698925 0.968254 0.695341 0.968254 0.677419 0.961905 0.670251 0.942857 0.670251
0 0.126984 0.677419 0.123810 0.677419 0.120635 0.681004 0.117460 0.681004 0.114286 0.684588 0.114286 0.695341 0.120635 0.702509 0.126984 0.702509 0.133333 0.695341 0.133333 0.684588
0 0.507937 0.677419 0.498413 0.684588 0.498413 0.709677 0.501587 0.709677 0.507937 0.716846 0.517460 0.716846 0.523810 0.709677 0.523810 0.691756 0.517460 0.681004
0 0.282540 0.681004 0.279365 0.684588 0.279365 0.691756 0.276190 0.695341 0.279365 0.698925 0.279365 0.702509 0.288889 0.702509 0.292063 0.698925 0.292063 0.691756 0.295238 0.688172 0.292063 0.684588 0.292063 0.681004
0 0.380952 0.684588 0.374603 0.695341 0.374603 0.713262 0.371429 0.716846 0.371429 0.738351 0.374603 0.741935 0.374603 0.752688 0.377778 0.759857 0.387302 0.756272 0.393651 0.741935 0.393651 0.734767 0.396825 0.731183 0.396825 0.709677 0.393651 0.706093 0.393651 0.695341 0.390476 0.688172 0.384127 0.688172
0 0.914286 0.688172 0.907937 0.695341 0.907937 0.713262 0.911111 0.716846 0.914286 0.716846 0.917460 0.720430 0.923810 0.720430 0.930159 0.713262 0.930159 0.695341 0.923810 0.688172
0 0.323810 0.695341 0.323810 0.698925 0.320635 0.702509 0.320635 0.720430 0.323810 0.724014 0.326984 0.724014 0.330159 0.727599 0.333333 0.727599 0.346032 0.713262 0.346032 0.706093 0.342857 0.702509 0.342857 0.698925 0.339683 0.698925 0.336508 0.695341
0 0.726984 0.695341 0.714286 0.695341 0.714286 0.698925 0.704762 0.709677 0.704762 0.724014 0.707937 0.727599 0.720635 0.727599 0.726984 0.720430 0.726984 0.713262 0.733333 0.706093
0 0.863492 0.695341 0.857143 0.702509 0.857143 0.706093 0.860317 0.709677 0.860317 0.713262 0.863492 0.716846 0.876190 0.716846 0.876190 0.713262 0.879365 0.709677 0.879365 0.706093 0.876190 0.702509 0.876190 0.698925 0.873016 0.698925 0.869841 0.695341
0 0.165079 0.702509 0.165079 0.709677 0.161905 0.713262 0.165079 0.716846 0.165079 0.720430 0.171429 0.727599 0.187302 0.727599 0.190476 0.724014 0.190476 0.716846 0.193651 0.713262 0.193651 0.709677 0.190476 0.706093 0.190476 0.702509 0.187302 0.702509 0.184127 0.698925 0.171429 0.698925 0.168254 0.702509
0 0.834921 0.698925 0.831746 0.702509 0.825397 0.702509 0.822222 0.706093 0.822222 0.709677 0.819048 0.713262 0.819048 0.716846 0.822222 0.720430 0.822222 0.724014 0.828571 0.731183 0.838095 0.731183 0.841270 0.727599 0.841270 0.724014 0.844444 0.720430 0.841270 0.716846 0.841270 0.706093
0 0.219048 0.713262 0.215873 0.716846 0.212698 0.716846 0.206349 0.724014 0.206349 0.734767 0.203175 0.738351 0.203175 0.741935 0.206349 0.745520 0.206349 0.752688 0.212698 0.763441 0.222222 0.763441 0.222222 0.749104 0.225397 0.745520 0.225397 0.720430
0 0.679365 0.713262 0.673016 0.720430 0.669841 0.720430 0.669841 0.727599 0.676190 0.734767 0.676190 0.738351 0.679365 0.741935 0.679365 0.745520 0.688889 0.745520 0.695238 0.738351 0.695238 0.727599 0.688889 0.716846 0.685714 0.716846 0.682540 0.713262
0 0.993651 0.716846 0.990476 0.720430 0.990476 0.724014 0.987302 0.727599 0.987302 0.738351 0.990476 0.741935 0.990476 0.745520 0.993651 0.745520 0.993651 0.731183 0.996825 0.727599 0.996825 0.720430
0 0.146032 0.720430 0.130159 0.720430 0.117460 0.731183 0.117460 0.734767 0.111111 0.745520 0.111111 0.756272 0.120635 0.767025 0.130159 0.767025 0.149206 0.745520 0.152381 0.734767 0.149206 0.731183
0 0.250794 0.727599 0.241270 0.738351 0.241270 0.741935 0.238095 0.745520 0.238095 0.752688 0.234921 0.756272 0.234921 0.763441 0.231746 0.767025 0.231746 0.774194 0.234921 0.777778 0.231746 0.788530 0.238095 0.788530 0.244444 0.781362 0.244444 0.770609 0.247619 0.767025 0.247619 0.759857 0.250794 0.756272 0.250794 0.749104 0.253968 0.745520 0.253968 0.738351 0.257143 0.734767
0 0.473016 0.727599 0.469841 0.731183 0.469841 0.734767 0.466667 0.738351 0.466667 0.745520 0.473016 0.752688 0.485714 0.752688 0.488889 0.749104 0.488889 0.745520 0.492063 0.741935 0.492063 0.738351 0.488889 0.734767 0.488889 0.731183 0.485714 0.731183 0.482540 0.727599
0 0.834921 0.752688 0.834921 0.763441 0.838095 0.767025 0.838095 0.770609 0.844444 0.777778 0.857143 0.777778 0.866667 0.767025 0.866667 0.756272 0.863492 0.752688 0.847619 0.752688 0.844444 0.749104 0.838095 0.749104
0 0.526984 0.752688 0.520635 0.752688 0.517460 0.756272 0.514286 0.756272 0.507937 0.763441 0.507937 0.777778 0.514286 0.784946 0.523810 0.784946 0.533333 0.774194 0.533333 0.759857
0 0.180952 0.759857 0.177778 0.763441 0.177778 0.767025 0.180952 0.770609 0.180952 0.795699 0.184127 0.799283 0.184127 0.802867 0.193651 0.802867 0.203175 0.792115 0.203175 0.777778 0.200000 0.774194 0.200000 0.770609 0.190476 0.759857
0 0.161905 0.770609 0.149206 0.770609 0.146032 0.774194 0.142857 0.774194 0.142857 0.781362 0.139683 0.784946 0.142857 0.788530 0.142857 0.795699 0.146032 0.795699 0.149206 0.799283 0.155556 0.799283 0.165079 0.792115 0.165079 0.774194
0 0.393651 0.802867 0.406349 0.802867 0.409524 0.806452 0.415873 0.806452 0.419048 0.802867 0.428571 0.802867 0.431746 0.806452 0.441270 0.806452 0.450794 0.795699 0.444444 0.788530 0.422222 0.784946 0.409524 0.777778 0.396825 0.784946 0.393651 0.792115
0 0.942857 0.788530 0.942857 0.806452 0.949206 0.813620 0.958730 0.813620 0.961905 0.810036 0.961905 0.806452 0.965079 0.802867 0.965079 0.788530 0.961905 0.784946 0.949206 0.784946 0.946032 0.788530
0 0.571429 0.788530 0.561905 0.792115 0.555556 0.802867 0.555556 0.820789 0.558730 0.824373 0.558730 0.827957 0.571429 0.827957 0.574603 0.824373 0.574603 0.820789 0.580952 0.813620 0.580952 0.802867 0.577778 0.799283 0.577778 0.795699
0 0.695238 0.792115 0.685714 0.792115 0.676190 0.799283 0.676190 0.802867 0.673016 0.806452 0.673016 0.817204 0.669841 0.820789 0.669841 0.824373 0.673016 0.827957 0.682540 0.827957 0.695238 0.813620
0 0.219048 0.795699 0.215873 0.795699 0.212698 0.799283 0.212698 0.802867 0.209524 0.806452 0.209524 0.817204 0.212698 0.820789 0.219048 0.820789 0.222222 0.817204 0.222222 0.799283
0 0.498413 0.802867 0.498413 0.817204 0.504762 0.824373 0.520635 0.824373 0.523810 0.827957 0.526984 0.824373 0.530159 0.824373 0.530159 0.820789 0.533333 0.817204 0.530159 0.813620 0.530159 0.810036 0.526984 0.806452 0.523810 0.806452 0.517460 0.799283 0.501587 0.799283
0 0.730159 0.799283 0.726984 0.802867 0.723810 0.802867 0.723810 0.810036 0.720635 0.813620 0.720635 0.824373 0.723810 0.827957 0.726984 0.824373 0.730159 0.824373 0.730159 0.820789 0.733333 0.817204 0.733333 0.810036 0.736508 0.806452
0 0.831746 0.799283 0.822222 0.810036 0.822222 0.813620 0.825397 0.817204 0.825397 0.820789 0.828571 0.824373 0.838095 0.824373 0.841270 0.820789 0.841270 0.813620 0.844444 0.810036 0.841270 0.806452 0.844444 0.802867 0.841270 0.799283
0 0.171429 0.827957 0.184127 0.827957 0.187302 0.824373 0.184127 0.820789 0.174603 0.820789 0.171429 0.824373
0 0.380952 0.824373 0.374603 0.820789 0.368254 0.820789 0.365079 0.824373 0.358730 0.824373 0.352381 0.827957 0.333333 0.849462 0.330159 0.860215 0.339683 0.867384 0.346032 0.867384 0.349206 0.863799 0.358730 0.863799 0.365079 0.860215 0.377778 0.845878 0.380952 0.838710
0 0.907937 0.831541 0.904762 0.827957 0.901587 0.827957 0.898413 0.824373 0.895238 0.827957 0.882540 0.827957 0.879365 0.831541 0.879365 0.842294 0.882540 0.845878 0.895238 0.845878 0.898413 0.842294 0.904762 0.842294 0.904762 0.838710 0.907937 0.835125
0 0.612698 0.831541 0.609524 0.827957 0.600000 0.827957 0.593651 0.835125 0.590476 0.835125 0.587302 0.838710 0.587302 0.842294 0.577778 0.849462 0.577778 0.860215 0.580952 0.863799 0.600000 0.863799 0.603175 0.860215 0.606349 0.860215 0.612698 0.849462
0 0.269841 0.835125 0.266667 0.838710 0.266667 0.842294 0.269841 0.845878 0.269841 0.853047 0.273016 0.856631 0.273016 0.863799 0.282540 0.870968 0.288889 0.863799 0.288889 0.842294 0.282540 0.835125
0 0.463492 0.835125 0.460317 0.838710 0.460317 0.842294 0.457143 0.845878 0.453968 0.856631 0.466667 0.870968 0.479365 0.870968 0.482540 0.867384 0.482540 0.842294 0.476190 0.835125
0 0.926984 0.842294 0.926984 0.845878 0.933333 0.853047 0.936508 0.853047 0.939683 0.849462 0.942857 0.849462 0.946032 0.853047 0.949206 0.849462 0.949206 0.838710 0.946032 0.835125 0.930159 0.835125 0.930159 0.838710
0 0.523810 0.838710 0.520635 0.842294 0.520635 0.853047 0.523810 0.853047 0.526984 0.856631 0.533333 0.856631 0.539683 0.849462 0.539683 0.845878 0.533333 0.838710
0 0.434921 0.842294 0.434921 0.845878 0.431746 0.849462 0.431746 0.856631 0.434921 0.860215 0.434921 0.863799 0.438095 0.867384 0.447619 0.867384 0.450794 0.863799 0.450794 0.849462 0.447619 0.845878 0.444444 0.845878 0.441270 0.842294
0 0.803175 0.849462 0.803175 0.856631 0.806349 0.860215 0.812698 0.860215 0.815873 0.856631 0.828571 0.856631 0.828571 0.845878 0.825397 0.842294 0.809524 0.842294
0 0.231746 0.849462 0.212698 0.849462 0.206349 0.856631 0.206349 0.863799 0.203175 0.867384 0.203175 0.874552 0.200000 0.878136 0.203175 0.881720 0.203175 0.885305 0.209524 0.885305 0.212698 0.888889 0.222222 0.888889 0.228571 0.881720 0.228571 0.874552 0.231746 0.870968
0 0.723810 0.856631 0.717460 0.849462 0.707937 0.849462 0.688889 0.870968 0.688889 0.881720 0.692063 0.885305 0.695238 0.885305 0.698413 0.881720 0.711111 0.881720 0.714286 0.878136 0.717460 0.878136 0.723810 0.870968
0 0.901587 0.870968 0.898413 0.870968 0.895238 0.867384 0.888889 0.867384 0.885714 0.870968 0.882540 0.870968 0.882540 0.874552 0.873016 0.892473 0.873016 0.903226 0.879365 0.910394 0.888889 0.910394 0.892063 0.906810 0.895238 0.906810 0.901587 0.899642 0.901587 0.892473 0.904762 0.888889 0.904762 0.878136 0.901587 0.874552
0 0.126984 0.874552 0.123810 0.870968 0.107937 0.870968 0.098413 0.881720 0.098413 0.896057 0.101587 0.899642 0.111111 0.899642 0.114286 0.896057 0.117460 0.896057 0.126984 0.885305
0 0.596825 0.885305 0.593651 0.881720 0.587302 0.881720 0.584127 0.878136 0.571429 0.878136 0.568254 0.881720 0.565079 0.881720 0.565079 0.885305 0.558730 0.896057 0.558730 0.910394 0.565079 0.910394 0.580952 0.899642 0.587302 0.899642 0.596825 0.888889
0 0.809524 0.892473 0.796825 0.892473 0.793651 0.896057 0.790476 0.896057 0.784127 0.903226 0.784127 0.913978 0.793651 0.921147 0.800000 0.921147 0.803175 0.917563 0.806349 0.917563 0.812698 0.906810 0.812698 0.896057
0 0.650794 0.910394 0.647619 0.913978 0.647619 0.917563 0.644444 0.921147 0.644444 0.928315 0.647619 0.931900 0.647619 0.935484 0.650794 0.935484 0.653968 0.939068 0.660317 0.939068 0.666667 0.931900 0.666667 0.928315 0.669841 0.924731 0.669841 0.921147 0.666667 0.917563 0.666667 0.913978 0.663492 0.910394
0 0.923810 0.910394 0.920635 0.913978 0.917460 0.913978 0.917460 0.917563 0.914286 0.921147 0.914286 0.949821 0.920635 0.956989 0.923810 0.956989 0.930159 0.949821 0.930159 0.946237 0.933333 0.942652 0.933333 0.921147 0.930159 0.917563 0.930159 0.913978 0.926984 0.913978
0 0.206349 0.921147 0.203175 0.917563 0.196825 0.917563 0.193651 0.913978 0.177778 0.917563 0.165079 0.931900 0.165079 0.935484 0.161905 0.939068 0.165079 0.949821 0.168254 0.949821 0.171429 0.953405 0.180952 0.953405 0.184127 0.956989 0.190476 0.956989 0.206349 0.939068 0.206349 0.931900 0.209524 0.928315 0.206349 0.924731
0 0.768254 0.917563 0.765079 0.917563 0.758730 0.924731 0.758730 0.928315 0.761905 0.931900 0.768254 0.931900 0.771429 0.928315 0.771429 0.924731 0.768254 0.921147
0 0.384127 0.921147 0.371429 0.921147 0.365079 0.931900 0.365079 0.949821 0.371429 0.956989 0.374603 0.956989 0.384127 0.946237 0.384127 0.942652 0.387302 0.939068 0.387302 0.928315 0.384127 0.924731
0 0.695238 0.921147 0.688889 0.928315 0.688889 0.935484 0.695238 0.942652 0.707937 0.942652 0.711111 0.939068 0.711111 0.935484 0.714286 0.931900 0.711111 0.928315 0.711111 0.921147
0 0.409524 0.924731 0.403175 0.931900 0.403175 0.956989 0.406349 0.960573 0.419048 0.960573 0.425397 0.953405 0.425397 0.949821 0.428571 0.946237 0.428571 0.935484 0.419048 0.924731
0 0.882540 0.924731 0.879365 0.928315 0.879365 0.939068 0.885714 0.946237 0.895238 0.946237 0.898413 0.942652 0.898413 0.928315 0.895238 0.924731
0 0.609524 0.953405 0.603175 0.960573 0.603175 0.974910 0.606349 0.978495 0.606349 0.982079 0.619048 0.982079 0.625397 0.974910 0.625397 0.964158 0.622222 0.960573 0.622222 0.956989 0.619048 0.956989 0.615873 0.953405
0 0.231746 0.967742 0.231746 0.971326 0.228571 0.974910 0.228571 0.985663 0.234921 0.992832 0.253968 0.992832 0.257143 0.989247 0.257143 0.985663 0.260317 0.982079 0.257143 0.978495 0.257143 0.974910 0.253968 0.971326 0.253968 0.967742 0.250794 0.967742 0.247619 0.964158 0.238095 0.964158 0.234921 0.967742
0 0.546032 0.971326 0.546032 0.982079 0.552381 0.989247 0.574603 0.989247 0.574603 0.985663 0.577778 0.982079 0.577778 0.974910 0.568254 0.964158 0.555556 0.964158
0 0.657143 0.964158 0.647619 0.964158 0.641270 0.971326 0.641270 0.978495 0.638095 0.982079 0.638095 0.992832 0.641270 0.992832 0.644444 0.996416 0.647619 0.996416 0.653968 0.989247 0.653968 0.985663 0.657143 0.982079 0.657143 0.978495 0.660317 0.974910 0.660317 0.967742
0 0.666667 0.978495 0.666667 0.982079 0.669841 0.985663 0.673016 0.985663 0.676190 0.989247 0.679365 0.989247 0.682540 0.985663 0.688889 0.985663 0.692063 0.982079 0.692063 0.971326 0.688889 0.967742 0.673016 0.967742 0.669841 0.971326 0.669841 0.974910
0 0.850794 0.971326 0.844444 0.978495 0.844444 0.992832 0.860317 0.992832 0.863492 0.989247 0.863492 0.982079 0.853968 0.971326
0 0.939683 0.978495 0.939683 0.982079 0.949206 0.992832 0.961905 0.992832 0.968254 0.985663 0.965079 0.982079 0.965079 0.978495 0.958730 0.971326 0.946032 0.971326
