0 0.175159 0.007194 0.175159 0.010791 0.178344 0.014388 0.187898 0.014388 0.191083 0.017986 0.203822 0.017986 0.207006 0.021583 0.210191 0.021583 0.213376 0.017986 0.213376 0.014388 0.207006 0.014388 0.203822 0.010791 0.194268 0.010791 0.191083 0.007194 0.187898 0.007194 0.184713 0.010791 0.181529 0.007194
0 0.882166 0.118705 0.875796 0.125899 0.872611 0.125899 0.872611 0.129496 0.866242 0.140288 0.866242 0.161871 0.872611 0.172662 0.878981 0.172662 0.882166 0.169065 0.882166 0.154676 0.885350 0.151079 0.885350 0.133094 0.888535 0.129496
0 0.754777 0.122302 0.748408 0.129496 0.748408 0.140288 0.745223 0.143885 0.745223 0.151079 0.748408 0.154676 0.748408 0.158273 0.757962 0.165468 0.777070 0.165468 0.783439 0.158273 0.783439 0.151079 0.786624 0.147482 0.786624 0.140288 0.783439 0.136691 0.783439 0.133094 0.770701 0.122302
0 0.662420 0.136691 0.665605 0.147482 0.668790 0.147482 0.671975 0.151079 0.691083 0.151079 0.694268 0.147482 0.697452 0.147482 0.697452 0.143885 0.700637 0.140288 0.700637 0.133094 0.691083 0.125899 0.671975 0.125899
0 0.601911 0.136691 0.589172 0.136691 0.582803 0.143885 0.582803 0.154676 0.585987 0.154676 0.589172 0.158273 0.592357 0.154676 0.598726 0.154676 0.601911 0.151079 0.601911 0.147482 0.605096 0.143885 0.601911 0.140288
0 0.802548 0.147482 0.802548 0.154676 0.799363 0.158273 0.799363 0.172662 0.808917 0.179856 0.821656 0.179856 0.828025 0.183453 0.831210 0.179856 0.840764 0.179856 0.853503 0.172662 0.853503 0.161871 0.850318 0.154676 0.843949 0.154676 0.831210 0.143885 0.808917 0.140288
0 0.570064 0.169065 0.563694 0.161871 0.550955 0.161871 0.547771 0.165468 0.538217 0.165468 0.535032 0.169065 0.535032 0.179856 0.544586 0.190647 0.547771 0.190647 0.550955 0.187050 0.554140 0.187050 0.566879 0.172662 0.570064 0.172662
0 0.525478 0.197842 0.519108 0.190647 0.509554 0.190647 0.506369 0.194245 0.503185 0.194245 0.487261 0.212230 0.487261 0.223022 0.490446 0.226619 0.506369 0.226619 0.509554 0.223022 0.512739 0.223022 0.525478 0.208633
0 0.461783 0.223022 0.458599 0.226619 0.455414 0.226619 0.455414 0.230216 0.452229 0.233813 0.452229 0.248201 0.455414 0.248201 0.458599 0.251799 0.468153 0.251799 0.471338 0.248201 0.474522 0.248201 0.477707 0.244604 0.477707 0.233813 0.468153 0.223022
0 0.442675 0.262590 0.426752 0.262590 0.423567 0.266187 0.420382 0.266187 0.410828 0.276978 0.410828 0.284173 0.407643 0.287770 0.407643 0.291367 0.417197 0.298561 0.420382 0.298561 0.423567 0.294964 0.433121 0.291367 0.442675 0.280576 0.442675 0.276978 0.445860 0.273381 0.445860 0.266187
0 0.407643 0.294964 0.404459 0.291367 0.394904 0.291367 0.391720 0.294964 0.388535 0.294964 0.372611 0.309353 0.372611 0.320144 0.375796 0.320144 0.378981 0.323741 0.385350 0.323741 0.388535 0.320144 0.391720 0.320144 0.401274 0.309353 0.401274 0.305755
0 0.366242 0.327338 0.363057 0.327338 0.359873 0.323741 0.350318 0.323741 0.347134 0.327338 0.343949 0.327338 0.337580 0.334532 0.334395 0.334532 0.331210 0.338129 0.331210 0.352518 0.334395 0.352518 0.337580 0.356115 0.353503 0.356115 0.356688 0.352518 0.359873 0.352518 0.366242 0.345324
0 0.292994 0.381295 0.283439 0.370504 0.277070 0.370504 0.273885 0.374101 0.267516 0.374101 0.264331 0.377698 0.261146 0.377698 0.251592 0.388489 0.251592 0.399281 0.261146 0.406475 0.270701 0.406475 0.273885 0.402878 0.277070 0.402878 0.283439 0.395683 0.286624 0.395683 0.289809 0.392086
0 0.235669 0.406475 0.222930 0.406475 0.219745 0.410072 0.216561 0.410072 0.213376 0.413669 0.203822 0.417266 0.200637 0.420863 0.200637 0.431655 0.207006 0.438849 0.210191 0.438849 0.213376 0.442446 0.222930 0.442446 0.226115 0.438849 0.229299 0.438849 0.235669 0.431655 0.235669 0.428058 0.238854 0.424460 0.238854 0.413669 0.235669 0.410072
0 0.149682 0.460432 0.149682 0.464029 0.152866 0.467626 0.156051 0.467626 0.162420 0.474820 0.162420 0.478417 0.168790 0.478417 0.171975 0.482014 0.175159 0.478417 0.181529 0.478417 0.184713 0.474820 0.194268 0.471223 0.194268 0.467626 0.197452 0.464029 0.197452 0.460432 0.191083 0.453237 0.162420 0.453237 0.159236 0.456835 0.152866 0.456835
0 0.168790 0.482014 0.156051 0.482014 0.152866 0.485612 0.130573 0.485612 0.130573 0.489209 0.127389 0.492806 0.117834 0.492806 0.114650 0.496403 0.114650 0.500000 0.124204 0.500000 0.133758 0.507194 0.140127 0.507194 0.143312 0.503597 0.149682 0.503597 0.152866 0.500000 0.156051 0.500000 0.168790 0.485612
0 0.108280 0.517986 0.098726 0.528777 0.098726 0.532374 0.095541 0.535971 0.095541 0.539568 0.101911 0.546763 0.117834 0.546763 0.127389 0.535971 0.127389 0.525180 0.121019 0.517986
0 0.028662 0.600719 0.019108 0.611511 0.019108 0.618705 0.015924 0.622302 0.015924 0.633094 0.022293 0.643885 0.025478 0.643885 0.028662 0.647482 0.041401 0.647482 0.050955 0.640288 0.050955 0.636691 0.054140 0.633094 0.054140 0.622302 0.050955 0.618705 0.047771 0.607914 0.041401 0.600719
0 0.015924 0.658273 0.009554 0.665468 0.009554 0.672662 0.006369 0.676259 0.006369 0.687050 0.009554 0.690647 0.009554 0.694245 0.015924 0.701439 0.028662 0.701439 0.031847 0.697842 0.031847 0.694245 0.035032 0.690647 0.041401 0.672662 0.031847 0.661871 0.028662 0.661871 0.025478 0.658273
0 0.012739 0.715827 0.003185 0.715827 0.003185 0.769784 0.006369 0.769784 0.006369 0.766187 0.012739 0.758993 0.012739 0.751799 0.015924 0.748201 0.015924 0.741007 0.019108 0.737410
0 0.149682 0.802158 0.127389 0.820144 0.117834 0.841727 0.117834 0.870504 0.127389 0.895683 0.149682 0.920863 0.210191 0.928058 0.232484 0.892086 0.229299 0.852518 0.200637 0.812950 0.175159 0.798561
