0 0.498413 0.061151 0.488889 0.068345 0.488889 0.071942 0.485714 0.075540 0.485714 0.089928 0.488889 0.093525 0.488889 0.097122 0.495238 0.104317 0.507937 0.104317 0.511111 0.100719 0.514286 0.100719 0.520635 0.093525 0.520635 0.071942 0.514286 0.064748 0.511111 0.064748 0.507937 0.061151
0 0.584127 0.068345 0.565079 0.068345 0.558730 0.075540 0.555556 0.075540 0.549206 0.082734 0.549206 0.100719 0.558730 0.107914 0.574603 0.107914 0.577778 0.104317 0.580952 0.104317 0.590476 0.089928 0.590476 0.079137
0 0.266667 0.075540 0.260317 0.082734 0.260317 0.089928 0.263492 0.093525 0.273016 0.097122 0.282540 0.107914 0.301587 0.093525 0.301587 0.086331 0.292063 0.075540 0.285714 0.075540 0.282540 0.071942 0.276190 0.071942 0.273016 0.075540
0 0.476190 0.075540 0.473016 0.071942 0.453968 0.071942 0.450794 0.075540 0.447619 0.075540 0.441270 0.082734 0.441270 0.097122 0.444444 0.100719 0.463492 0.100719 0.473016 0.089928 0.473016 0.086331 0.476190 0.082734
0 0.603175 0.079137 0.603175 0.097122 0.609524 0.104317 0.628571 0.115108 0.638095 0.115108 0.641270 0.118705 0.653968 0.115108 0.657143 0.107914 0.653968 0.093525 0.641270 0.086331 0.634921 0.086331 0.625397 0.079137 0.619048 0.079137 0.615873 0.075540 0.612698 0.079137 0.609524 0.075540
0 0.314286 0.104317 0.304762 0.093525 0.298413 0.100719 0.295238 0.100719 0.288889 0.107914 0.285714 0.107914 0.282540 0.111511 0.282540 0.118705 0.285714 0.122302 0.285714 0.125899 0.288889 0.125899 0.292063 0.129496 0.298413 0.129496 0.301587 0.125899 0.304762 0.125899 0.311111 0.118705 0.311111 0.115108 0.314286 0.111511
0 0.326984 0.097122 0.326984 0.104317 0.330159 0.107914 0.330159 0.115108 0.333333 0.118705 0.352381 0.118705 0.358730 0.107914 0.358730 0.104317 0.355556 0.100719 0.355556 0.097122 0.352381 0.097122 0.349206 0.093525 0.330159 0.093525
0 0.253968 0.097122 0.247619 0.097122 0.244444 0.100719 0.241270 0.100719 0.231746 0.111511 0.231746 0.129496 0.238095 0.136691 0.257143 0.136691 0.260317 0.133094 0.263492 0.133094 0.269841 0.122302 0.269841 0.115108 0.266667 0.111511 0.266667 0.107914 0.263492 0.104317 0.260317 0.104317
0 0.146032 0.125899 0.146032 0.133094 0.155556 0.143885 0.184127 0.143885 0.193651 0.136691 0.193651 0.125899 0.184127 0.115108 0.158730 0.115108 0.155556 0.118705 0.152381 0.118705
0 0.733333 0.129496 0.733333 0.143885 0.742857 0.154676 0.749206 0.154676 0.752381 0.158273 0.755556 0.158273 0.758730 0.154676 0.765079 0.154676 0.768254 0.151079 0.768254 0.136691 0.765079 0.133094 0.765079 0.129496 0.761905 0.129496 0.752381 0.122302 0.742857 0.122302
0 0.104762 0.125899 0.101587 0.133094 0.101587 0.143885 0.104762 0.147482 0.104762 0.158273 0.107937 0.165468 0.120635 0.176259 0.133333 0.176259 0.139683 0.172662 0.142857 0.165468 0.142857 0.154676 0.139683 0.147482 0.123810 0.129496 0.117460 0.125899
0 0.838095 0.161871 0.850794 0.176259 0.860317 0.176259 0.866667 0.169065 0.866667 0.158273 0.863492 0.158273 0.860317 0.154676 0.841270 0.154676 0.841270 0.158273
0 0.796825 0.169065 0.796825 0.172662 0.800000 0.172662 0.803175 0.176259 0.822222 0.176259 0.825397 0.172662 0.825397 0.165468 0.819048 0.158273 0.809524 0.158273 0.806349 0.161871 0.803175 0.161871
0 0.876190 0.187050 0.876190 0.190647 0.885714 0.201439 0.888889 0.201439 0.892063 0.205036 0.911111 0.205036 0.914286 0.201439 0.917460 0.201439 0.917460 0.197842 0.920635 0.194245 0.920635 0.190647 0.914286 0.179856 0.911111 0.179856 0.907937 0.176259 0.901587 0.176259 0.898413 0.172662 0.888889 0.172662 0.885714 0.176259 0.882540 0.176259
0 0.926984 0.212230 0.926984 0.215827 0.936508 0.226619 0.942857 0.226619 0.946032 0.230216 0.961905 0.230216 0.968254 0.223022 0.958730 0.212230 0.955556 0.212230 0.949206 0.205036 0.942857 0.205036 0.939683 0.201439 0.930159 0.205036 0.930159 0.208633
