0 0.640127 0.114695 0.630573 0.114695 0.624204 0.118280 0.598726 0.143369 0.598726 0.154122 0.595541 0.157706 0.595541 0.164875 0.598726 0.168459 0.611465 0.161290 0.621019 0.150538 0.624204 0.150538 0.624204 0.146953 0.630573 0.139785 0.633758 0.139785 0.633758 0.136201 0.643312 0.121864
0 0.515924 0.132616 0.512739 0.136201 0.512739 0.150538 0.515924 0.154122 0.515924 0.164875 0.522293 0.179211 0.541401 0.193548 0.563694 0.189964 0.566879 0.186380 0.566879 0.168459 0.563694 0.161290 0.525478 0.132616
0 0.449045 0.136201 0.439490 0.136201 0.426752 0.154122 0.426752 0.211470 0.433121 0.218638 0.442675 0.218638 0.452229 0.207885 0.464968 0.172043 0.461783 0.154122
0 0.818471 0.150538 0.812102 0.157706 0.812102 0.175627 0.815287 0.179211 0.818471 0.189964 0.824841 0.197133 0.831210 0.197133 0.837580 0.186380 0.837580 0.164875 0.834395 0.161290 0.834395 0.157706 0.828025 0.150538
0 0.331210 0.175627 0.312102 0.161290 0.292994 0.161290 0.277070 0.172043 0.264331 0.186380 0.261146 0.193548 0.261146 0.207885 0.264331 0.211470 0.273885 0.211470 0.292994 0.200717 0.308917 0.197133 0.321656 0.189964 0.331210 0.179211
0 0.468153 0.189964 0.468153 0.200717 0.464968 0.204301 0.464968 0.229391 0.468153 0.236559 0.480892 0.250896 0.487261 0.250896 0.493631 0.247312 0.496815 0.240143 0.496815 0.229391 0.493631 0.225806 0.493631 0.218638 0.490446 0.211470 0.480892 0.200717 0.480892 0.197133 0.474522 0.189964
0 0.280255 0.240143 0.277070 0.250896 0.280255 0.254480 0.280255 0.265233 0.286624 0.272401 0.289809 0.272401 0.292994 0.275986 0.305732 0.275986 0.308917 0.272401 0.312102 0.272401 0.312102 0.268817 0.318471 0.258065 0.318471 0.247312 0.312102 0.240143 0.312102 0.236559 0.308917 0.236559 0.305732 0.232975 0.292994 0.232975 0.289809 0.236559
0 0.802548 0.240143 0.799363 0.247312 0.802548 0.265233 0.824841 0.286738 0.866242 0.301075 0.875796 0.301075 0.888535 0.293907 0.891720 0.268817 0.882166 0.254480 0.834395 0.232975 0.818471 0.232975
0 0.035032 0.293907 0.038217 0.297491 0.060510 0.297491 0.070064 0.286738 0.070064 0.283154 0.066879 0.279570 0.047771 0.279570 0.044586 0.283154 0.041401 0.283154 0.038217 0.286738 0.038217 0.290323
0 0.783439 0.301075 0.783439 0.333333 0.792994 0.347670 0.824841 0.344086 0.850318 0.333333 0.847134 0.322581 0.828025 0.301075 0.815287 0.293907 0.789809 0.290323
0 0.898089 0.315412 0.885350 0.315412 0.872611 0.326165 0.875796 0.387097 0.882166 0.397849 0.888535 0.397849 0.891720 0.401434 0.904459 0.390681 0.907643 0.383513 0.907643 0.362007 0.910828 0.358423 0.910828 0.333333
0 0.853503 0.351254 0.834395 0.354839 0.824841 0.362007 0.802548 0.365591 0.792994 0.372760 0.792994 0.394265 0.815287 0.422939 0.834395 0.426523 0.856688 0.401434 0.859873 0.394265 0.859873 0.358423
0 0.468153 0.401434 0.449045 0.397849 0.433121 0.408602 0.410828 0.440860 0.382166 0.465950 0.359873 0.508961 0.353503 0.530466 0.356688 0.541219 0.378981 0.548387 0.410828 0.494624 0.474522 0.433692 0.477707 0.422939
0 0.882166 0.458781 0.863057 0.448029 0.847134 0.451613 0.840764 0.458781 0.824841 0.494624 0.824841 0.508961 0.837580 0.519713 0.850318 0.519713 0.869427 0.512545 0.888535 0.487455 0.888535 0.469534
0 0.598726 0.458781 0.579618 0.469534 0.576433 0.473118 0.576433 0.480287 0.585987 0.491039 0.585987 0.494624 0.605096 0.516129 0.611465 0.519713 0.617834 0.516129 0.621019 0.501792 0.617834 0.498208 0.617834 0.491039 0.614650 0.487455 0.614650 0.480287 0.608280 0.465950
0 0.500000 0.516129 0.500000 0.519713 0.496815 0.523297 0.496815 0.534050 0.500000 0.537634 0.503185 0.537634 0.512739 0.548387 0.531847 0.548387 0.541401 0.541219 0.541401 0.526882 0.538217 0.523297 0.538217 0.519713 0.528662 0.508961 0.512739 0.508961 0.509554 0.512545 0.503185 0.512545
0 0.742038 0.512545 0.738854 0.512545 0.735669 0.508961 0.732484 0.512545 0.729299 0.512545 0.716561 0.530466 0.716561 0.548387 0.719745 0.551971 0.729299 0.551971 0.732484 0.548387 0.735669 0.548387 0.742038 0.541219 0.742038 0.537634 0.745223 0.534050 0.745223 0.519713 0.742038 0.516129
0 0.815287 0.548387 0.815287 0.551971 0.812102 0.555556 0.812102 0.562724 0.818471 0.569892 0.818471 0.573477 0.831210 0.587814 0.847134 0.591398 0.853503 0.584229 0.853503 0.577061 0.856688 0.573477 0.856688 0.559140 0.837580 0.544803 0.821656 0.544803 0.818471 0.548387
0 0.767516 0.594982 0.767516 0.616487 0.770701 0.620072 0.783439 0.620072 0.796178 0.612903 0.818471 0.620072 0.828025 0.598566 0.821656 0.580645 0.786624 0.580645
0 0.742038 0.587814 0.738854 0.584229 0.722930 0.584229 0.719745 0.587814 0.710191 0.587814 0.694268 0.598566 0.694268 0.602151 0.691083 0.605735 0.691083 0.612903 0.694268 0.616487 0.700637 0.616487 0.703822 0.620072 0.716561 0.620072 0.719745 0.616487 0.726115 0.616487 0.742038 0.598566
0 0.442675 0.620072 0.442675 0.630824 0.464968 0.648746 0.471338 0.648746 0.487261 0.663082 0.506369 0.663082 0.525478 0.645161 0.522293 0.627240 0.506369 0.609319 0.480892 0.612903 0.468153 0.605735 0.452229 0.605735
0 0.748408 0.623656 0.748408 0.630824 0.745223 0.634409 0.745223 0.655914 0.748408 0.659498 0.751592 0.670251 0.761146 0.681004 0.761146 0.684588 0.767516 0.684588 0.773885 0.677419 0.773885 0.655914 0.770701 0.652330 0.767516 0.641577 0.757962 0.630824 0.757962 0.627240 0.754777 0.623656
0 0.863057 0.645161 0.843949 0.634409 0.831210 0.637993 0.818471 0.663082 0.818471 0.677419 0.831210 0.684588 0.834395 0.681004 0.847134 0.681004 0.850318 0.677419 0.863057 0.673835 0.863057 0.666667 0.866242 0.663082 0.866242 0.652330
0 0.433121 0.648746 0.433121 0.670251 0.445860 0.684588 0.452229 0.688172 0.464968 0.688172 0.474522 0.681004 0.474522 0.670251 0.458599 0.645161 0.445860 0.637993 0.439490 0.648746 0.436306 0.645161
0 0.700637 0.648746 0.675159 0.645161 0.662420 0.663082 0.662420 0.673835 0.652866 0.702509 0.652866 0.716846 0.662420 0.738351 0.668790 0.738351 0.678344 0.731183 0.684713 0.713262 0.703822 0.681004 0.703822 0.655914
0 0.735669 0.673835 0.726115 0.677419 0.707006 0.695341 0.700637 0.716846 0.700637 0.734767 0.703822 0.741935 0.713376 0.749104 0.735669 0.749104 0.754777 0.734767 0.757962 0.724014 0.754777 0.698925 0.748408 0.691756 0.745223 0.681004
0 0.633758 0.681004 0.624204 0.684588 0.624204 0.688172 0.617834 0.691756 0.605096 0.720430 0.611465 0.738351 0.614650 0.738351 0.621019 0.745520 0.630573 0.745520 0.636943 0.738351 0.636943 0.724014 0.633758 0.720430
0 0.847134 0.709677 0.834395 0.709677 0.828025 0.713262 0.828025 0.716846 0.821656 0.724014 0.815287 0.738351 0.818471 0.756272 0.828025 0.763441 0.837580 0.763441 0.843949 0.759857 0.853503 0.745520 0.853503 0.734767 0.847134 0.720430 0.850318 0.713262
0 0.003185 0.724014 0.003185 0.745520 0.006369 0.749104 0.041401 0.749104 0.035032 0.738351 0.031847 0.738351 0.028662 0.734767 0.019108 0.734767 0.015924 0.731183 0.012739 0.731183 0.006369 0.724014
0 0.878981 0.745520 0.875796 0.749104 0.875796 0.752688 0.872611 0.756272 0.872611 0.767025 0.875796 0.770609 0.875796 0.774194 0.878981 0.777778 0.885350 0.777778 0.888535 0.774194 0.888535 0.749104 0.885350 0.745520
0 0.006369 0.770609 0.006369 0.788530 0.015924 0.799283 0.031847 0.799283 0.035032 0.795699 0.035032 0.781362 0.028662 0.770609 0.025478 0.770609 0.022293 0.767025 0.012739 0.767025 0.009554 0.770609
0 0.000000 0.806452 0.000000 0.827957 0.006369 0.835125 0.009554 0.831541 0.028662 0.831541 0.031847 0.827957 0.041401 0.827957 0.047771 0.820789 0.047771 0.813620 0.044586 0.817204 0.035032 0.820789 0.028662 0.810036 0.022293 0.810036 0.019108 0.806452
0 0.789809 0.806452 0.783439 0.817204 0.783439 0.860215 0.789809 0.867384 0.796178 0.892473 0.802548 0.892473 0.805732 0.888889 0.808917 0.860215 0.805732 0.856631 0.805732 0.845878 0.799363 0.831541 0.799363 0.820789 0.792994 0.817204 0.792994 0.810036
0 0.777070 0.838710 0.761146 0.824373 0.748408 0.824373 0.732484 0.831541 0.713376 0.863799 0.710191 0.874552 0.716561 0.885305 0.735669 0.885305 0.745223 0.878136 0.754777 0.878136 0.757962 0.881720 0.770701 0.878136 0.780255 0.867384 0.780255 0.845878
0 0.054140 0.867384 0.057325 0.874552 0.082803 0.874552 0.085987 0.878136 0.095541 0.878136 0.098726 0.874552 0.114650 0.870968 0.114650 0.860215 0.111465 0.853047 0.085987 0.838710 0.076433 0.838710 0.070064 0.842294 0.057325 0.856631 0.057325 0.863799
0 0.522293 0.874552 0.522293 0.878136 0.525478 0.874552 0.528662 0.878136 0.528662 0.881720 0.531847 0.881720 0.531847 0.878136 0.528662 0.878136 0.525478 0.874552
0 0.531847 0.845878 0.522293 0.856631 0.522293 0.867384 0.535032 0.867384 0.535032 0.863799 0.531847 0.860215 0.531847 0.853047 0.535032 0.849462
0 0.671975 0.849462 0.656051 0.845878 0.640127 0.860215 0.630573 0.881720 0.630573 0.910394 0.643312 0.917563 0.652866 0.917563 0.665605 0.906810 0.668790 0.888889 0.678344 0.870968 0.678344 0.856631
0 0.831210 0.845878 0.831210 0.863799 0.834395 0.867384 0.834395 0.870968 0.840764 0.878136 0.840764 0.881720 0.843949 0.885305 0.850318 0.885305 0.853503 0.888889 0.853503 0.892473 0.859873 0.892473 0.863057 0.888889 0.863057 0.881720 0.856688 0.881720 0.843949 0.867384 0.843949 0.863799
0 0.146497 0.863799 0.152866 0.878136 0.171975 0.892473 0.210191 0.906810 0.251592 0.903226 0.264331 0.896057 0.267516 0.888889 0.264331 0.881720 0.203822 0.874552 0.168790 0.849462 0.156051 0.849462
0 0.818471 0.849462 0.818471 0.853047 0.812102 0.863799 0.815287 0.867384 0.815287 0.878136 0.818471 0.881720 0.818471 0.892473 0.824841 0.903226 0.834395 0.906810 0.837580 0.903226 0.837580 0.896057 0.828025 0.881720 0.828025 0.874552 0.824841 0.870968 0.824841 0.863799 0.821656 0.860215 0.821656 0.849462
0 0.105096 0.885305 0.098726 0.892473 0.098726 0.896057 0.095541 0.899642 0.095541 0.906810 0.098726 0.910394 0.098726 0.913978 0.105096 0.921147 0.108280 0.921147 0.111465 0.924731 0.121019 0.924731 0.127389 0.917563 0.127389 0.913978 0.130573 0.910394 0.130573 0.892473 0.124204 0.885305
0 0.031847 0.924731 0.031847 0.928315 0.038217 0.935484 0.063694 0.935484 0.066879 0.939068 0.070064 0.939068 0.073248 0.935484 0.073248 0.931900 0.066879 0.924731 0.063694 0.924731 0.054140 0.917563 0.047771 0.917563 0.044586 0.913978 0.038217 0.913978
0 0.267516 0.924731 0.264331 0.921147 0.235669 0.921147 0.229299 0.924731 0.210191 0.946237 0.210191 0.960573 0.213376 0.964158 0.251592 0.964158 0.267516 0.942652
0 0.324841 0.924731 0.324841 0.928315 0.328025 0.931900 0.331210 0.931900 0.337580 0.939068 0.356688 0.939068 0.359873 0.935484 0.359873 0.928315 0.353503 0.921147 0.340764 0.921147 0.334395 0.928315 0.331210 0.928315 0.328025 0.924731
0 0.420382 0.928315 0.420382 0.946237 0.423567 0.949821 0.423567 0.953405 0.433121 0.964158 0.452229 0.964158 0.455414 0.960573 0.458599 0.960573 0.468153 0.949821 0.468153 0.942652 0.458599 0.931900 0.455414 0.931900 0.445860 0.924731 0.439490 0.924731 0.436306 0.921147 0.433121 0.921147 0.429936 0.924731 0.423567 0.924731
0 0.624204 0.928315 0.608280 0.931900 0.595541 0.942652 0.595541 0.967742 0.598726 0.967742 0.614650 0.982079 0.617834 0.974910 0.633758 0.971326 0.646497 0.964158 0.649682 0.956989 0.649682 0.946237 0.640127 0.935484 0.627389 0.931900
0 0.863057 0.931900 0.866242 0.942652 0.878981 0.956989 0.885350 0.956989 0.888535 0.960573 0.891720 0.956989 0.898089 0.956989 0.901274 0.946237 0.898089 0.946237 0.888535 0.935484 0.885350 0.935484 0.878981 0.928315 0.866242 0.928315
0 0.487261 0.946237 0.487261 0.967742 0.500000 0.978495 0.525478 0.982079 0.528662 0.978495 0.547771 0.978495 0.557325 0.971326 0.557325 0.960573 0.554140 0.956989 0.544586 0.956989 0.541401 0.953405 0.522293 0.949821 0.509554 0.942652 0.490446 0.942652
0 0.828025 0.942652 0.821656 0.949821 0.821656 0.967742 0.824841 0.971326 0.824841 0.974910 0.834395 0.982079 0.850318 0.982079 0.856688 0.971326 0.853503 0.960573 0.837580 0.942652
0 0.292994 0.992832 0.347134 0.992832 0.353503 0.989247 0.353503 0.982079 0.343949 0.967742 0.331210 0.960573 0.321656 0.960573 0.315287 0.964158 0.292994 0.989247
0 0.579618 0.985663 0.579618 0.992832 0.611465 0.992832 0.611465 0.982079 0.608280 0.982079 0.598726 0.971326 0.595541 0.971326 0.592357 0.967742 0.592357 0.971326
0 0.159236 0.989247 0.159236 0.992832 0.187898 0.992832 0.191083 0.996416 0.200637 0.996416 0.203822 0.992832 0.200637 0.992832 0.191083 0.985663 0.184713 0.985663 0.181529 0.982079 0.168790 0.982079
