0 0.853968 0.100358 0.834921 0.100358 0.822222 0.114695 0.803175 0.146953 0.800000 0.168459 0.809524 0.182796 0.825397 0.186380 0.831746 0.182796 0.841270 0.168459 0.860317 0.129032 0.860317 0.107527
0 0.907937 0.132616 0.907937 0.136201 0.936508 0.164875 0.946032 0.164875 0.958730 0.172043 0.977778 0.172043 0.990476 0.161290 0.990476 0.146953 0.974603 0.129032 0.952381 0.118280 0.920635 0.118280
0 0.123810 0.125448 0.117460 0.132616 0.117460 0.139785 0.114286 0.143369 0.117460 0.146953 0.117460 0.150538 0.130159 0.164875 0.136508 0.164875 0.139683 0.168459 0.142857 0.168459 0.146032 0.164875 0.152381 0.164875 0.158730 0.154122 0.158730 0.139785 0.155556 0.136201 0.155556 0.132616 0.149206 0.125448
0 0.241270 0.172043 0.234921 0.179211 0.234921 0.197133 0.238095 0.200717 0.238095 0.207885 0.266667 0.243728 0.269841 0.254480 0.276190 0.258065 0.279365 0.254480 0.279365 0.232975 0.276190 0.229391 0.276190 0.222222 0.269841 0.215054 0.266667 0.197133 0.260317 0.182796 0.250794 0.172043
0 0.930159 0.189964 0.911111 0.207885 0.911111 0.229391 0.930159 0.254480 0.949206 0.258065 0.961905 0.250896 0.968254 0.236559 0.968254 0.222222 0.965079 0.218638 0.965079 0.211470 0.949206 0.193548
0 0.987302 0.189964 0.984127 0.193548 0.980952 0.193548 0.974603 0.200717 0.974603 0.207885 0.980952 0.215054 0.980952 0.225806 0.984127 0.229391 0.993651 0.229391 0.993651 0.189964
0 0.860317 0.283154 0.860317 0.301075 0.873016 0.315412 0.882540 0.315412 0.885714 0.318996 0.907937 0.318996 0.923810 0.311828 0.933333 0.301075 0.933333 0.283154 0.926984 0.275986 0.917460 0.275986 0.914286 0.272401 0.873016 0.272401
0 0.273016 0.376344 0.263492 0.365591 0.225397 0.362007 0.209524 0.372760 0.177778 0.383513 0.168254 0.397849 0.177778 0.405018 0.203175 0.405018 0.212698 0.412186 0.247619 0.412186 0.263492 0.405018 0.273016 0.394265
0 0.628571 0.426523 0.641270 0.448029 0.641270 0.465950 0.644444 0.469534 0.657143 0.473118 0.660317 0.476703 0.663492 0.473118 0.676190 0.469534 0.685714 0.458781 0.685714 0.444444 0.673016 0.430108 0.650794 0.419355 0.638095 0.419355
0 0.304762 0.462366 0.298413 0.448029 0.285714 0.433692 0.269841 0.430108 0.250794 0.440860 0.234921 0.458781 0.231746 0.473118 0.247619 0.480287 0.279365 0.483871 0.282540 0.480287 0.301587 0.476703 0.304762 0.473118
0 0.095238 0.512545 0.095238 0.534050 0.120635 0.551971 0.136508 0.548387 0.171429 0.523297 0.171429 0.505376 0.139683 0.483871 0.117460 0.483871 0.111111 0.487455
0 0.301587 0.508961 0.285714 0.508961 0.282540 0.512545 0.276190 0.512545 0.263492 0.526882 0.260317 0.548387 0.263492 0.551971 0.263492 0.559140 0.269841 0.566308 0.282540 0.566308 0.292063 0.559140 0.292063 0.555556 0.311111 0.526882 0.311111 0.516129
0 0.193651 0.537634 0.193651 0.544803 0.203175 0.551971 0.209524 0.551971 0.212698 0.555556 0.219048 0.555556 0.231746 0.569892 0.238095 0.569892 0.247619 0.559140 0.247619 0.541219 0.241270 0.534050 0.231746 0.534050 0.228571 0.530466 0.222222 0.530466 0.219048 0.534050 0.200000 0.534050
0 0.311111 0.580645 0.311111 0.584229 0.317460 0.591398 0.323810 0.591398 0.326984 0.594982 0.358730 0.594982 0.365079 0.598566 0.371429 0.591398 0.368254 0.587814 0.368254 0.577061 0.365079 0.569892 0.346032 0.559140 0.339683 0.559140 0.336508 0.562724 0.330159 0.562724 0.317460 0.569892
0 0.174603 0.569892 0.174603 0.573477 0.177778 0.573477 0.184127 0.580645 0.187302 0.580645 0.193651 0.587814 0.196825 0.587814 0.206349 0.594982 0.222222 0.594982 0.225397 0.591398 0.225397 0.577061 0.222222 0.577061 0.215873 0.569892 0.209524 0.569892 0.206349 0.566308 0.190476 0.566308 0.187302 0.562724 0.184127 0.562724
0 0.174603 0.591398 0.155556 0.591398 0.149206 0.598566 0.149206 0.605735 0.146032 0.609319 0.149206 0.655914 0.152381 0.659498 0.152381 0.670251 0.158730 0.673835 0.171429 0.663082 0.177778 0.648746 0.177778 0.641577 0.187302 0.634409 0.184127 0.627240 0.184127 0.602151
0 0.777778 0.612903 0.761905 0.602151 0.749206 0.602151 0.746032 0.605735 0.733333 0.605735 0.707937 0.616487 0.701587 0.627240 0.701587 0.645161 0.707937 0.655914 0.726984 0.666667 0.739683 0.659498 0.752381 0.641577 0.765079 0.637993 0.777778 0.623656
0 0.238095 0.605735 0.228571 0.612903 0.228571 0.620072 0.225397 0.623656 0.222222 0.673835 0.225397 0.681004 0.231746 0.684588 0.247619 0.684588 0.257143 0.670251 0.260317 0.637993 0.257143 0.634409 0.257143 0.623656
0 0.314286 0.612903 0.314286 0.627240 0.317460 0.634409 0.323810 0.634409 0.326984 0.637993 0.346032 0.637993 0.349206 0.634409 0.358730 0.634409 0.368254 0.620072 0.365079 0.609319 0.355556 0.609319 0.352381 0.605735 0.320635 0.605735
0 0.203175 0.609319 0.190476 0.623656 0.187302 0.655914 0.177778 0.681004 0.171429 0.713262 0.177778 0.724014 0.203175 0.695341 0.209524 0.681004 0.212698 0.616487
0 0.377778 0.641577 0.380952 0.648746 0.387302 0.652330 0.403175 0.652330 0.428571 0.637993 0.438095 0.627240 0.438095 0.623656 0.415873 0.623656 0.412698 0.620072 0.400000 0.620072 0.396825 0.616487 0.380952 0.616487 0.377778 0.623656
0 0.504762 0.641577 0.492063 0.630824 0.473016 0.630824 0.431746 0.655914 0.431746 0.663082 0.438095 0.670251 0.444444 0.670251 0.457143 0.677419 0.482540 0.673835 0.501587 0.659498
0 0.561905 0.655914 0.549206 0.645161 0.539683 0.645161 0.520635 0.655914 0.511111 0.666667 0.498413 0.695341 0.501587 0.713262 0.507937 0.716846 0.523810 0.716846 0.542857 0.702509 0.561905 0.670251
0 0.298413 0.663082 0.298413 0.670251 0.301587 0.673835 0.342857 0.691756 0.352381 0.691756 0.365079 0.677419 0.365079 0.670251 0.368254 0.666667 0.365079 0.652330 0.358730 0.652330 0.355556 0.648746 0.323810 0.648746
0 0.406349 0.681004 0.406349 0.702509 0.415873 0.720430 0.434921 0.738351 0.447619 0.738351 0.453968 0.734767 0.463492 0.720430 0.463492 0.702509 0.457143 0.695341 0.438095 0.684588 0.428571 0.673835 0.415873 0.673835
0 0.263492 0.702509 0.266667 0.720430 0.276190 0.731183 0.288889 0.738351 0.311111 0.738351 0.326984 0.727599 0.326984 0.709677 0.320635 0.698925 0.311111 0.691756 0.279365 0.684588 0.273016 0.688172
0 0.238095 0.709677 0.228571 0.698925 0.215873 0.698925 0.190476 0.727599 0.193651 0.731183 0.234921 0.731183 0.238095 0.727599
0 0.863492 0.741935 0.863492 0.756272 0.873016 0.767025 0.885714 0.774194 0.892063 0.774194 0.895238 0.777778 0.904762 0.777778 0.907937 0.774194 0.907937 0.763441 0.904762 0.759857 0.904762 0.738351 0.895238 0.731183 0.879365 0.731183 0.876190 0.734767 0.869841 0.734767
0 0.374603 0.741935 0.349206 0.745520 0.320635 0.770609 0.311111 0.792115 0.317460 0.824373 0.355556 0.838710 0.368254 0.838710 0.387302 0.827957 0.390476 0.802867 0.377778 0.802867 0.368254 0.795699 0.387302 0.777778 0.387302 0.763441
0 0.177778 0.756272 0.165079 0.749104 0.155556 0.749104 0.152381 0.752688 0.142857 0.752688 0.133333 0.759857 0.123810 0.774194 0.123810 0.799283 0.126984 0.806452 0.136508 0.813620 0.152381 0.813620 0.165079 0.806452 0.180952 0.784946 0.180952 0.763441
0 0.282540 0.759857 0.276190 0.767025 0.276190 0.788530 0.279365 0.792115 0.282540 0.802867 0.288889 0.802867 0.295238 0.792115 0.295238 0.784946 0.298413 0.781362 0.298413 0.774194 0.295238 0.770609 0.295238 0.767025 0.288889 0.759857
0 0.533333 0.788530 0.533333 0.806452 0.539683 0.813620 0.555556 0.820789 0.600000 0.820789 0.615873 0.806452 0.612698 0.792115 0.584127 0.759857 0.574603 0.759857 0.536508 0.781362
0 0.466667 0.770609 0.434921 0.770609 0.428571 0.774194 0.419048 0.784946 0.419048 0.806452 0.422222 0.813620 0.438095 0.824373 0.450794 0.824373 0.457143 0.820789 0.460317 0.810036 0.469841 0.799283 0.469841 0.777778
0 0.968254 0.774194 0.965079 0.777778 0.965079 0.795699 0.968254 0.799283 0.971429 0.810036 0.980952 0.820789 0.987302 0.820789 0.990476 0.817204 0.993651 0.817204 0.993651 0.802867 0.996825 0.799283 0.996825 0.792115 0.993651 0.788530 0.993651 0.774194
0 0.196825 0.792115 0.190476 0.792115 0.187302 0.795699 0.187302 0.799283 0.184127 0.802867 0.184127 0.810036 0.180952 0.813620 0.180952 0.831541 0.190476 0.838710 0.203175 0.824373 0.203175 0.799283
0 0.193651 0.838710 0.196825 0.842294 0.196825 0.853047 0.200000 0.853047 0.203175 0.856631 0.222222 0.856631 0.228571 0.849462 0.228571 0.845878 0.222222 0.838710 0.219048 0.838710 0.212698 0.831541 0.206349 0.831541 0.203175 0.827957
0 0.123810 0.838710 0.117460 0.842294 0.111111 0.853047 0.114286 0.903226 0.126984 0.924731 0.142857 0.924731 0.149206 0.921147 0.158730 0.906810 0.161905 0.870968 0.155556 0.853047 0.149206 0.845878 0.136508 0.838710
0 0.752381 0.849462 0.739683 0.860215 0.739683 0.870968 0.761905 0.896057 0.761905 0.899642 0.768254 0.903226 0.774603 0.899642 0.774603 0.892473 0.780952 0.881720 0.777778 0.878136 0.777778 0.863799 0.768254 0.853047 0.761905 0.849462
0 0.225397 0.874552 0.209524 0.874552 0.203175 0.881720 0.203175 0.888889 0.200000 0.892473 0.200000 0.913978 0.196825 0.917563 0.200000 0.921147 0.200000 0.928315 0.203175 0.928315 0.206349 0.931900 0.209524 0.931900 0.215873 0.924731 0.215873 0.921147 0.228571 0.896057 0.228571 0.878136
0 0.520635 0.899642 0.520635 0.906810 0.523810 0.910394 0.523810 0.913978 0.530159 0.921147 0.533333 0.921147 0.536508 0.924731 0.552381 0.924731 0.558730 0.917563 0.558730 0.913978 0.555556 0.910394 0.555556 0.903226 0.552381 0.899642 0.546032 0.899642 0.542857 0.896057 0.536508 0.896057 0.533333 0.892473 0.530159 0.892473
0 0.326984 0.967742 0.314286 0.956989 0.288889 0.960573 0.269841 0.971326 0.263492 0.989247 0.269841 0.992832 0.304762 0.992832 0.317460 0.985663 0.323810 0.978495
