0 0.619048 0.100358 0.615873 0.100358 0.609524 0.107527 0.606349 0.107527 0.603175 0.111111 0.603175 0.129032 0.606349 0.132616 0.615873 0.132616 0.625397 0.121864 0.625397 0.107527
0 0.873016 0.111111 0.876190 0.118280 0.873016 0.121864 0.882540 0.143369 0.888889 0.146953 0.904762 0.146953 0.914286 0.139785 0.917460 0.132616 0.917460 0.118280 0.914286 0.114695 0.901587 0.107527 0.895238 0.107527 0.892063 0.103943 0.879365 0.103943
0 0.726984 0.107527 0.723810 0.111111 0.723810 0.114695 0.720635 0.118280 0.717460 0.118280 0.717460 0.121864 0.730159 0.136201 0.739683 0.136201 0.742857 0.132616 0.742857 0.129032 0.746032 0.125448 0.746032 0.121864 0.742857 0.118280 0.742857 0.114695 0.736508 0.107527
0 0.955556 0.107527 0.939683 0.125448 0.939683 0.129032 0.949206 0.139785 0.949206 0.143369 0.952381 0.143369 0.958730 0.150538 0.968254 0.150538 0.977778 0.139785 0.977778 0.129032 0.974603 0.125448 0.974603 0.121864 0.971429 0.121864 0.961905 0.111111 0.961905 0.107527
0 0.863492 0.136201 0.850794 0.125448 0.831746 0.129032 0.819048 0.146953 0.812698 0.161290 0.812698 0.172043 0.815873 0.168459 0.819048 0.172043 0.847619 0.172043 0.860317 0.164875 0.866667 0.154122 0.866667 0.143369
0 0.768254 0.136201 0.761905 0.136201 0.749206 0.150538 0.749206 0.157706 0.746032 0.161290 0.746032 0.172043 0.755556 0.186380 0.765079 0.186380 0.780952 0.175627 0.780952 0.146953
0 0.663492 0.139785 0.650794 0.150538 0.650794 0.175627 0.657143 0.189964 0.663492 0.193548 0.682540 0.193548 0.692063 0.182796 0.692063 0.157706 0.685714 0.146953
0 0.930159 0.157706 0.914286 0.157706 0.911111 0.161290 0.907937 0.161290 0.895238 0.175627 0.895238 0.182796 0.901587 0.189964 0.904762 0.189964 0.914286 0.197133 0.920635 0.197133 0.923810 0.193548 0.933333 0.189964 0.939683 0.179211 0.939683 0.168459
0 0.161905 0.161290 0.158730 0.164875 0.155556 0.164875 0.149206 0.172043 0.149206 0.189964 0.152381 0.193548 0.152381 0.197133 0.165079 0.211470 0.174603 0.211470 0.177778 0.207885 0.177778 0.204301 0.174603 0.200717 0.174603 0.172043 0.171429 0.168459 0.171429 0.164875
0 0.406349 0.168459 0.403175 0.172043 0.403175 0.186380 0.409524 0.200717 0.409524 0.211470 0.415873 0.218638 0.422222 0.218638 0.425397 0.222222 0.431746 0.218638 0.441270 0.218638 0.447619 0.204301 0.441270 0.197133 0.441270 0.193548 0.415873 0.172043
0 0.476190 0.197133 0.479365 0.207885 0.488889 0.218638 0.507937 0.218638 0.520635 0.207885 0.520635 0.197133 0.517460 0.193548 0.517460 0.189964 0.507937 0.182796 0.485714 0.182796
0 0.812698 0.200717 0.812698 0.204301 0.809524 0.207885 0.809524 0.218638 0.812698 0.222222 0.812698 0.229391 0.819048 0.236559 0.819048 0.240143 0.838095 0.240143 0.841270 0.236559 0.850794 0.232975 0.850794 0.211470 0.841270 0.200717 0.834921 0.200717 0.831746 0.197133 0.815873 0.197133
0 0.444444 0.215054 0.444444 0.218638 0.447619 0.218638 0.460317 0.229391 0.469841 0.229391 0.473016 0.232975 0.485714 0.232975 0.488889 0.236559 0.492063 0.236559 0.492063 0.232975 0.488889 0.229391 0.488889 0.222222 0.476190 0.207885 0.476190 0.204301 0.453968 0.204301 0.450794 0.207885 0.447619 0.207885 0.447619 0.211470
0 0.333333 0.211470 0.323810 0.225806 0.323810 0.254480 0.333333 0.268817 0.342857 0.268817 0.352381 0.258065 0.352381 0.232975 0.349206 0.229391 0.346032 0.218638 0.339683 0.211470
0 0.663492 0.222222 0.660317 0.222222 0.657143 0.218638 0.647619 0.218638 0.647619 0.222222 0.634921 0.247312 0.634921 0.261649 0.638095 0.265233 0.653968 0.265233 0.657143 0.261649 0.666667 0.258065 0.666667 0.254480 0.673016 0.243728 0.673016 0.232975
0 0.768254 0.222222 0.758730 0.222222 0.755556 0.225806 0.755556 0.236559 0.752381 0.240143 0.752381 0.261649 0.755556 0.261649 0.755556 0.258065 0.761905 0.247312 0.765079 0.250896 0.765079 0.254480 0.768254 0.250896 0.768254 0.247312 0.774603 0.236559 0.774603 0.229391
0 0.952381 0.225806 0.946032 0.240143 0.939683 0.247312 0.952381 0.272401 0.952381 0.279570 0.955556 0.279570 0.961905 0.286738 0.977778 0.286738 0.987302 0.272401 0.987302 0.247312 0.984127 0.243728 0.984127 0.236559 0.974603 0.225806
0 0.285714 0.229391 0.282540 0.232975 0.282540 0.247312 0.295238 0.261649 0.298413 0.258065 0.298413 0.254480 0.295238 0.250896 0.295238 0.243728 0.292063 0.240143 0.292063 0.232975 0.288889 0.229391
0 0.790476 0.236559 0.790476 0.250896 0.812698 0.250896 0.819048 0.243728 0.815873 0.240143 0.815873 0.236559 0.809524 0.229391 0.800000 0.229391 0.796825 0.232975 0.793651 0.232975
0 0.895238 0.236559 0.879365 0.236559 0.876190 0.240143 0.873016 0.240143 0.863492 0.250896 0.863492 0.254480 0.860317 0.258065 0.860317 0.272401 0.866667 0.279570 0.869841 0.279570 0.873016 0.283154 0.882540 0.283154 0.895238 0.272401 0.895238 0.268817 0.898413 0.265233 0.898413 0.258065 0.901587 0.254480 0.901587 0.247312
0 0.177778 0.243728 0.171429 0.243728 0.168254 0.247312 0.165079 0.258065 0.158730 0.265233 0.158730 0.279570 0.161905 0.283154 0.161905 0.286738 0.165079 0.290323 0.165079 0.297491 0.168254 0.301075 0.174603 0.301075 0.184127 0.290323 0.184127 0.261649 0.180952 0.258065 0.184127 0.254480
0 0.707937 0.243728 0.688889 0.247312 0.676190 0.261649 0.673016 0.268817 0.673016 0.297491 0.679365 0.304659 0.698413 0.304659 0.704762 0.301075 0.714286 0.279570 0.714286 0.250896
0 0.930159 0.247312 0.923810 0.254480 0.923810 0.258065 0.920635 0.261649 0.920635 0.279570 0.923810 0.283154 0.923810 0.286738 0.926984 0.286738 0.930159 0.290323 0.939683 0.290323 0.942857 0.286738 0.946032 0.286738 0.946032 0.283154 0.949206 0.279570 0.949206 0.272401 0.946032 0.268817 0.946032 0.265233 0.942857 0.261649 0.939683 0.250896 0.936508 0.247312
0 0.771429 0.268817 0.768254 0.272401 0.768254 0.290323 0.774603 0.297491 0.777778 0.297491 0.780952 0.301075 0.796825 0.301075 0.809524 0.290323 0.809524 0.275986 0.803175 0.268817 0.800000 0.268817 0.796825 0.265233 0.790476 0.265233 0.787302 0.261649 0.777778 0.268817
0 0.571429 0.290323 0.565079 0.290323 0.555556 0.301075 0.555556 0.304659 0.552381 0.308244 0.552381 0.315412 0.555556 0.318996 0.555556 0.322581 0.565079 0.329749 0.568254 0.326165 0.571429 0.326165 0.577778 0.315412 0.577778 0.297491
0 0.749206 0.293907 0.742857 0.304659 0.777778 0.347670 0.787302 0.351254 0.800000 0.340502 0.800000 0.318996 0.793651 0.311828 0.793651 0.304659 0.780952 0.304659 0.765079 0.290323 0.761905 0.293907
0 0.879365 0.290323 0.869841 0.308244 0.869841 0.322581 0.879365 0.340502 0.901587 0.354839 0.914286 0.354839 0.917460 0.358423 0.920635 0.354839 0.930159 0.354839 0.939683 0.336918 0.926984 0.311828 0.898413 0.290323
0 0.822222 0.304659 0.809524 0.318996 0.809524 0.329749 0.822222 0.344086 0.831746 0.347670 0.834921 0.344086 0.838095 0.344086 0.844444 0.333333 0.844444 0.315412 0.838095 0.308244 0.838095 0.304659
0 0.593651 0.311828 0.590476 0.315412 0.590476 0.344086 0.603175 0.362007 0.603175 0.365591 0.615873 0.379928 0.622222 0.379928 0.625397 0.369176 0.622222 0.365591 0.619048 0.336918 0.612698 0.322581 0.606349 0.315412
0 0.133333 0.318996 0.123810 0.318996 0.120635 0.322581 0.114286 0.322581 0.104762 0.329749 0.104762 0.351254 0.114286 0.362007 0.120635 0.362007 0.123810 0.358423 0.126984 0.358423 0.126984 0.354839 0.133333 0.347670 0.133333 0.344086 0.139683 0.333333 0.139683 0.329749
0 0.428571 0.322581 0.428571 0.326165 0.425397 0.329749 0.428571 0.333333 0.428571 0.354839 0.434921 0.362007 0.434921 0.365591 0.447619 0.365591 0.450794 0.362007 0.450794 0.351254 0.453968 0.347670 0.453968 0.333333 0.447619 0.326165 0.444444 0.326165 0.441270 0.322581
0 0.742857 0.322581 0.739683 0.326165 0.739683 0.329749 0.742857 0.333333 0.742857 0.336918 0.746032 0.340502 0.746032 0.347670 0.755556 0.362007 0.755556 0.365591 0.761905 0.372760 0.780952 0.372760 0.780952 0.351254 0.777778 0.351254 0.752381 0.322581
0 0.574603 0.326165 0.565079 0.333333 0.565079 0.340502 0.561905 0.344086 0.561905 0.365591 0.565079 0.365591 0.571429 0.372760 0.574603 0.372760 0.584127 0.379928 0.590476 0.379928 0.593651 0.376344 0.593651 0.365591 0.590476 0.362007 0.590476 0.347670 0.587302 0.344086 0.584127 0.333333 0.577778 0.326165
0 0.165079 0.344086 0.155556 0.344086 0.149206 0.347670 0.133333 0.369176 0.133333 0.387097 0.142857 0.397849 0.152381 0.397849 0.158730 0.394265 0.171429 0.379928 0.174603 0.372760 0.174603 0.358423
0 0.930159 0.358423 0.930159 0.369176 0.936508 0.383513 0.952381 0.394265 0.984127 0.394265 0.990476 0.387097 0.990476 0.369176 0.974603 0.354839 0.968254 0.354839 0.958730 0.347670 0.939683 0.344086
0 0.358730 0.347670 0.355556 0.351254 0.355556 0.358423 0.358730 0.362007 0.358730 0.365591 0.365079 0.372760 0.368254 0.383513 0.384127 0.401434 0.384127 0.390681 0.380952 0.387097 0.380952 0.383513 0.377778 0.379928 0.377778 0.376344 0.374603 0.372760 0.368254 0.354839 0.361905 0.347670
0 0.904762 0.365591 0.882540 0.365591 0.869841 0.376344 0.866667 0.372760 0.863492 0.376344 0.866667 0.379928 0.863492 0.383513 0.866667 0.390681 0.866667 0.401434 0.873016 0.408602 0.885714 0.408602 0.892063 0.405018 0.904762 0.390681 0.907937 0.383513 0.907937 0.372760
0 0.257143 0.369176 0.257143 0.383513 0.260317 0.387097 0.260317 0.405018 0.266667 0.412186 0.269841 0.412186 0.276190 0.405018 0.273016 0.401434 0.273016 0.394265 0.266667 0.387097 0.266667 0.383513 0.263492 0.379928 0.263492 0.376344
0 0.558730 0.376344 0.558730 0.390681 0.574603 0.408602 0.577778 0.408602 0.593651 0.419355 0.596825 0.419355 0.600000 0.415771 0.600000 0.412186 0.596825 0.408602 0.596825 0.401434 0.593651 0.397849 0.584127 0.397849
0 0.790476 0.376344 0.780952 0.390681 0.780952 0.419355 0.790476 0.433692 0.796825 0.426523 0.796825 0.422939 0.809524 0.408602 0.809524 0.394265 0.806349 0.390681 0.806349 0.387097
0 0.187302 0.383513 0.180952 0.390681 0.180952 0.397849 0.177778 0.401434 0.177778 0.408602 0.180952 0.412186 0.184127 0.412186 0.187302 0.415771 0.193651 0.415771 0.196825 0.412186 0.196825 0.387097 0.193651 0.387097 0.190476 0.383513
0 0.746032 0.383513 0.736508 0.390681 0.736508 0.422939 0.746032 0.444444 0.752381 0.451613 0.765079 0.455197 0.771429 0.448029 0.771429 0.422939 0.765079 0.412186 0.761905 0.390681 0.755556 0.383513
0 0.888889 0.408602 0.882540 0.422939 0.882540 0.437276 0.888889 0.448029 0.911111 0.458781 0.933333 0.458781 0.939683 0.455197 0.939683 0.448029 0.942857 0.444444 0.939683 0.440860 0.939683 0.433692 0.933333 0.419355 0.923810 0.408602 0.917460 0.405018 0.904762 0.405018 0.901587 0.401434
0 0.101587 0.408602 0.101587 0.422939 0.107937 0.430108 0.114286 0.430108 0.126984 0.437276 0.152381 0.465950 0.158730 0.469534 0.168254 0.469534 0.171429 0.465950 0.171429 0.458781 0.158730 0.440860 0.114286 0.408602
0 0.492063 0.415771 0.492063 0.419355 0.498413 0.430108 0.504762 0.430108 0.514286 0.437276 0.526984 0.437276 0.526984 0.422939 0.517460 0.412186 0.504762 0.412186 0.501587 0.408602 0.498413 0.408602
0 0.828571 0.412186 0.822222 0.408602 0.812698 0.408602 0.800000 0.422939 0.800000 0.426523 0.793651 0.433692 0.793651 0.440860 0.796825 0.444444 0.796825 0.451613 0.793651 0.455197 0.796825 0.458781 0.809524 0.458781 0.822222 0.451613 0.822222 0.448029 0.834921 0.430108 0.834921 0.419355
0 0.600000 0.419355 0.596825 0.422939 0.596825 0.440860 0.603175 0.455197 0.622222 0.476703 0.622222 0.480287 0.634921 0.483871 0.638095 0.480287 0.638095 0.473118 0.634921 0.469534 0.634921 0.462366 0.631746 0.458781 0.631746 0.451613 0.628571 0.448029 0.625397 0.433692 0.615873 0.422939 0.609524 0.419355
0 0.574603 0.451613 0.571429 0.458781 0.571429 0.480287 0.580952 0.508961 0.580952 0.519713 0.587302 0.530466 0.600000 0.534050 0.609524 0.519713 0.609524 0.491039 0.606349 0.487455 0.606349 0.480287 0.584127 0.451613
0 0.850794 0.451613 0.847619 0.455197 0.847619 0.458781 0.841270 0.465950 0.844444 0.469534 0.844444 0.473118 0.847619 0.476703 0.850794 0.487455 0.873016 0.487455 0.879365 0.480287 0.879365 0.476703 0.876190 0.473118 0.873016 0.462366 0.866667 0.455197 0.863492 0.455197 0.860317 0.451613
0 0.806349 0.462366 0.809524 0.465950 0.803175 0.473118 0.803175 0.476703 0.819048 0.494624 0.822222 0.494624 0.825397 0.498208 0.844444 0.498208 0.850794 0.491039 0.847619 0.487455 0.841270 0.469534 0.838095 0.465950 0.828571 0.462366 0.822222 0.455197
0 0.695238 0.458781 0.692063 0.462366 0.692063 0.465950 0.695238 0.469534 0.695238 0.476703 0.698413 0.480287 0.698413 0.483871 0.704762 0.491039 0.704762 0.494624 0.707937 0.498208 0.711111 0.498208 0.714286 0.501792 0.720635 0.501792 0.720635 0.494624 0.717460 0.491039 0.717460 0.483871 0.714286 0.480287 0.714286 0.476703 0.701587 0.462366 0.698413 0.462366
0 0.428571 0.473118 0.425397 0.476703 0.425397 0.483871 0.428571 0.487455 0.428571 0.501792 0.434921 0.512545 0.434921 0.519713 0.441270 0.526882 0.444444 0.526882 0.447619 0.530466 0.453968 0.530466 0.457143 0.526882 0.457143 0.519713 0.453968 0.516129 0.453968 0.505376 0.450794 0.501792 0.450794 0.494624 0.447619 0.491039 0.447619 0.487455 0.434921 0.473118
0 0.530159 0.480287 0.530159 0.483871 0.526984 0.487455 0.526984 0.498208 0.536508 0.512545 0.536508 0.516129 0.542857 0.523297 0.558730 0.523297 0.558730 0.519713 0.561905 0.516129 0.561905 0.498208 0.558730 0.494624 0.558730 0.491039 0.546032 0.476703 0.536508 0.476703 0.533333 0.480287
0 0.114286 0.483871 0.104762 0.494624 0.104762 0.498208 0.101587 0.501792 0.101587 0.505376 0.104762 0.508961 0.107937 0.508961 0.111111 0.512545 0.114286 0.512545 0.117460 0.516129 0.120635 0.516129 0.126984 0.508961 0.126984 0.501792 0.123810 0.498208 0.123810 0.491039 0.120635 0.487455 0.120635 0.483871
0 0.358730 0.483871 0.355556 0.487455 0.355556 0.494624 0.358730 0.498208 0.358730 0.505376 0.361905 0.508961 0.361905 0.516129 0.365079 0.519713 0.371429 0.519713 0.371429 0.498208 0.368254 0.494624 0.368254 0.487455 0.365079 0.483871
0 0.853968 0.491039 0.847619 0.498208 0.847619 0.516129 0.853968 0.530466 0.866667 0.544803 0.879365 0.548387 0.904762 0.530466 0.904762 0.519713 0.907937 0.516129 0.895238 0.498208 0.888889 0.498208 0.876190 0.487455 0.873016 0.491039
0 0.479365 0.508961 0.479365 0.519713 0.482540 0.523297 0.485714 0.541219 0.498413 0.555556 0.511111 0.562724 0.533333 0.562724 0.536508 0.559140 0.533333 0.551971 0.507937 0.523297 0.504762 0.523297 0.488889 0.508961
0 0.825397 0.523297 0.822222 0.526882 0.819048 0.526882 0.819048 0.534050 0.822222 0.537634 0.822222 0.544803 0.825397 0.548387 0.825397 0.551971 0.828571 0.555556 0.831746 0.555556 0.831746 0.530466
0 0.930159 0.526882 0.930159 0.530466 0.926984 0.534050 0.926984 0.555556 0.930159 0.559140 0.949206 0.559140 0.952381 0.555556 0.952381 0.548387 0.955556 0.544803 0.952381 0.541219 0.952381 0.526882 0.949206 0.523297 0.936508 0.523297 0.933333 0.526882
0 0.184127 0.534050 0.180952 0.537634 0.177778 0.537634 0.177778 0.541219 0.174603 0.544803 0.174603 0.555556 0.177778 0.559140 0.177778 0.562724 0.187302 0.573477 0.196825 0.573477 0.206349 0.566308 0.206349 0.551971 0.203175 0.548387 0.203175 0.544803 0.193651 0.534050
0 0.301587 0.534050 0.301587 0.551971 0.304762 0.555556 0.311111 0.555556 0.314286 0.551971 0.314286 0.537634 0.311111 0.534050
0 0.406349 0.541219 0.396825 0.551971 0.396825 0.577061 0.400000 0.580645 0.400000 0.584229 0.406349 0.591398 0.409524 0.591398 0.412698 0.594982 0.422222 0.587814 0.422222 0.551971 0.415873 0.541219
0 0.644444 0.544803 0.631746 0.544803 0.622222 0.555556 0.622222 0.559140 0.619048 0.562724 0.619048 0.573477 0.622222 0.573477 0.625397 0.577061 0.638095 0.577061 0.641270 0.573477 0.641270 0.569892 0.647619 0.559140 0.647619 0.548387
0 0.161905 0.569892 0.155556 0.577061 0.155556 0.584229 0.152381 0.587814 0.152381 0.591398 0.155556 0.591398 0.161905 0.598566 0.165079 0.598566 0.168254 0.602151 0.174603 0.602151 0.177778 0.598566 0.177778 0.591398 0.171429 0.584229 0.171429 0.577061 0.168254 0.573477 0.168254 0.569892
0 0.222222 0.573477 0.222222 0.577061 0.219048 0.580645 0.219048 0.587814 0.222222 0.591398 0.222222 0.594982 0.225397 0.598566 0.225397 0.602151 0.228571 0.602151 0.231746 0.605735 0.241270 0.605735 0.244444 0.602151 0.244444 0.580645 0.234921 0.569892 0.228571 0.569892 0.225397 0.573477
0 0.279365 0.577061 0.279365 0.591398 0.288889 0.602151 0.295238 0.602151 0.298413 0.598566 0.298413 0.584229 0.295238 0.580645 0.295238 0.577061 0.292063 0.577061 0.288889 0.573477 0.285714 0.573477 0.282540 0.577061
0 0.492063 0.577061 0.482540 0.591398 0.482540 0.609319 0.498413 0.627240 0.504762 0.630824 0.511111 0.630824 0.523810 0.612903 0.520635 0.594982 0.507937 0.580645
0 0.714286 0.577061 0.711111 0.580645 0.711111 0.623656 0.714286 0.627240 0.720635 0.627240 0.726984 0.634409 0.733333 0.634409 0.733333 0.627240 0.730159 0.623656 0.730159 0.620072 0.726984 0.616487 0.726984 0.609319 0.720635 0.598566 0.720635 0.580645 0.717460 0.577061
0 0.190476 0.598566 0.180952 0.598566 0.174603 0.605735 0.174603 0.627240 0.177778 0.630824 0.180952 0.630824 0.184127 0.627240 0.190476 0.627240 0.200000 0.616487 0.200000 0.609319
0 0.993651 0.598566 0.987302 0.605735 0.987302 0.609319 0.984127 0.612903 0.984127 0.623656 0.987302 0.627240 0.987302 0.634409 0.993651 0.634409
0 0.390476 0.609319 0.387302 0.609319 0.377778 0.620072 0.377778 0.623656 0.374603 0.627240 0.374603 0.648746 0.377778 0.652330 0.377778 0.659498 0.387302 0.659498 0.400000 0.645161 0.400000 0.641577 0.403175 0.637993 0.403175 0.627240 0.400000 0.623656 0.400000 0.620072
0 0.533333 0.612903 0.530159 0.616487 0.530159 0.620072 0.533333 0.623656 0.533333 0.634409 0.539683 0.641577 0.542857 0.641577 0.546032 0.637993 0.546032 0.620072 0.542857 0.616487 0.539683 0.616487 0.536508 0.612903
0 0.092063 0.630824 0.092063 0.634409 0.088889 0.637993 0.088889 0.645161 0.092063 0.648746 0.092063 0.652330 0.095238 0.652330 0.098413 0.655914 0.120635 0.655914 0.123810 0.652330 0.123810 0.641577 0.126984 0.637993 0.126984 0.634409 0.123810 0.630824 0.123810 0.623656 0.120635 0.620072 0.107937 0.620072
0 0.288889 0.620072 0.285714 0.620072 0.282540 0.623656 0.273016 0.627240 0.266667 0.634409 0.266667 0.659498 0.269841 0.663082 0.276190 0.663082 0.279365 0.659498 0.282540 0.663082 0.282540 0.659498 0.295238 0.645161 0.295238 0.627240
0 0.209524 0.634409 0.209524 0.648746 0.212698 0.652330 0.212698 0.655914 0.215873 0.659498 0.215873 0.663082 0.225397 0.663082 0.228571 0.659498 0.228571 0.652330 0.219048 0.641577 0.219048 0.637993 0.215873 0.634409
0 0.180952 0.641577 0.180952 0.645161 0.177778 0.648746 0.180952 0.652330 0.180952 0.655914 0.187302 0.663082 0.196825 0.663082 0.200000 0.659498 0.200000 0.655914 0.196825 0.652330 0.196825 0.648746 0.193651 0.645161 0.190476 0.645161 0.187302 0.641577
0 0.780952 0.648746 0.780952 0.652330 0.784127 0.655914 0.784127 0.659498 0.787302 0.663082 0.787302 0.666667 0.793651 0.673835 0.793651 0.677419 0.796825 0.677419 0.800000 0.681004 0.803175 0.681004 0.803175 0.670251 0.796825 0.663082 0.796825 0.659498 0.793651 0.655914 0.793651 0.652330 0.790476 0.652330 0.787302 0.648746
0 0.301587 0.666667 0.298413 0.663082 0.288889 0.663082 0.285714 0.666667 0.285714 0.670251 0.282540 0.673835 0.282540 0.681004 0.295238 0.681004 0.301587 0.673835
0 0.612698 0.666667 0.609524 0.670251 0.609524 0.684588 0.631746 0.713262 0.634921 0.724014 0.660317 0.738351 0.663492 0.731183 0.657143 0.724014 0.653968 0.698925 0.644444 0.673835 0.628571 0.663082
0 0.136508 0.666667 0.126984 0.666667 0.120635 0.673835 0.120635 0.677419 0.117460 0.681004 0.117460 0.688172 0.120635 0.691756 0.120635 0.698925 0.123810 0.702509 0.130159 0.702509 0.133333 0.698925 0.136508 0.698925 0.136508 0.695341 0.139683 0.691756 0.139683 0.673835 0.136508 0.670251
0 0.765079 0.702509 0.765079 0.706093 0.768254 0.709677 0.771429 0.709677 0.774603 0.706093 0.790476 0.706093 0.790476 0.702509 0.793651 0.698925 0.790476 0.695341 0.790476 0.691756 0.787302 0.691756 0.784127 0.688172 0.780952 0.688172 0.777778 0.684588 0.774603 0.684588 0.774603 0.688172 0.768254 0.695341 0.768254 0.698925
0 0.307937 0.702509 0.304762 0.702509 0.301587 0.698925 0.295238 0.698925 0.292063 0.702509 0.288889 0.702509 0.282540 0.709677 0.282540 0.713262 0.279365 0.716846 0.282540 0.720430 0.282540 0.727599 0.285714 0.727599 0.288889 0.731183 0.298413 0.731183 0.304762 0.724014 0.307937 0.724014 0.307937 0.720430 0.311111 0.716846 0.311111 0.709677 0.307937 0.706093
0 0.180952 0.702509 0.177778 0.706093 0.177778 0.716846 0.184127 0.724014 0.187302 0.734767 0.193651 0.734767 0.196825 0.738351 0.206349 0.741935 0.206349 0.734767 0.196825 0.724014 0.196825 0.720430 0.193651 0.716846 0.190476 0.706093 0.187302 0.702509
0 0.438095 0.702509 0.431746 0.709677 0.431746 0.713262 0.434921 0.716846 0.434921 0.724014 0.441270 0.731183 0.441270 0.734767 0.450794 0.741935 0.463492 0.741935 0.463492 0.738351 0.460317 0.734767 0.460317 0.727599 0.457143 0.724014 0.457143 0.720430 0.450794 0.713262 0.450794 0.709677 0.447619 0.706093
0 0.536508 0.709677 0.526984 0.724014 0.526984 0.749104 0.530159 0.756272 0.542857 0.770609 0.555556 0.774194 0.561905 0.767025 0.561905 0.759857 0.565079 0.756272 0.565079 0.727599 0.549206 0.709677
0 0.831746 0.709677 0.825397 0.720430 0.825397 0.738351 0.828571 0.741935 0.828571 0.749104 0.831746 0.749104 0.834921 0.752688 0.841270 0.741935 0.841270 0.731183 0.838095 0.727599 0.838095 0.720430
0 0.368254 0.720430 0.365079 0.720430 0.361905 0.724014 0.361905 0.752688 0.358730 0.756272 0.358730 0.759857 0.361905 0.763441 0.365079 0.763441 0.371429 0.752688 0.371429 0.745520 0.368254 0.741935 0.368254 0.731183 0.371429 0.727599 0.371429 0.724014
0 0.812698 0.738351 0.806349 0.738351 0.803175 0.734767 0.800000 0.738351 0.793651 0.738351 0.784127 0.749104 0.784127 0.759857 0.790476 0.767025 0.790476 0.770609 0.793651 0.770609 0.796825 0.774194 0.803175 0.774194 0.809524 0.767025 0.812698 0.767025 0.812698 0.763441 0.815873 0.759857 0.815873 0.745520 0.812698 0.741935
0 0.193651 0.738351 0.180952 0.738351 0.168254 0.756272 0.168254 0.763441 0.174603 0.770609 0.174603 0.774194 0.177778 0.777778 0.187302 0.777778 0.190476 0.774194 0.193651 0.774194 0.206349 0.759857 0.206349 0.752688 0.203175 0.749104 0.203175 0.745520
0 0.415873 0.738351 0.409524 0.738351 0.396825 0.749104 0.390476 0.763441 0.390476 0.770609 0.387302 0.774194 0.390476 0.777778 0.390476 0.784946 0.400000 0.795699 0.428571 0.767025 0.428571 0.756272 0.425397 0.749104
0 0.587302 0.738351 0.577778 0.749104 0.577778 0.756272 0.574603 0.759857 0.577778 0.763441 0.577778 0.770609 0.580952 0.770609 0.584127 0.774194 0.593651 0.774194 0.600000 0.767025 0.600000 0.763441 0.603175 0.759857 0.603175 0.756272 0.600000 0.752688 0.600000 0.745520 0.593651 0.738351
0 0.714286 0.752688 0.711111 0.756272 0.711111 0.770609 0.714286 0.774194 0.714286 0.777778 0.730159 0.788530 0.739683 0.788530 0.742857 0.784946 0.742857 0.774194 0.739683 0.770609 0.736508 0.759857 0.733333 0.759857 0.726984 0.752688 0.723810 0.752688 0.720635 0.749104 0.717460 0.752688
0 0.841270 0.749104 0.838095 0.752688 0.838095 0.756272 0.841270 0.759857 0.841270 0.767025 0.857143 0.784946 0.869841 0.784946 0.873016 0.781362 0.869841 0.770609 0.866667 0.767025 0.863492 0.767025 0.853968 0.756272 0.850794 0.756272
0 0.993651 0.749104 0.984127 0.759857 0.984127 0.763441 0.980952 0.767025 0.980952 0.788530 0.987302 0.795699 0.993651 0.795699 0.993651 0.770609 0.996825 0.767025 0.996825 0.759857 0.993651 0.756272
0 0.644444 0.752688 0.641270 0.756272 0.638095 0.756272 0.631746 0.763441 0.631746 0.781362 0.641270 0.799283 0.644444 0.799283 0.647619 0.802867 0.653968 0.802867 0.653968 0.799283 0.657143 0.795699 0.657143 0.777778 0.660317 0.774194 0.657143 0.770609 0.657143 0.763441 0.650794 0.756272 0.647619 0.756272
0 0.266667 0.759857 0.260317 0.767025 0.260317 0.774194 0.257143 0.777778 0.257143 0.784946 0.263492 0.795699 0.276190 0.795699 0.285714 0.784946 0.285714 0.770609 0.276190 0.759857
0 0.431746 0.767025 0.415873 0.784946 0.412698 0.784946 0.403175 0.795699 0.406349 0.806452 0.412698 0.813620 0.425397 0.813620 0.434921 0.795699 0.434921 0.781362 0.431746 0.777778
0 0.206349 0.777778 0.200000 0.781362 0.190476 0.792115 0.190476 0.820789 0.209524 0.838710 0.219048 0.838710 0.222222 0.831541 0.222222 0.795699 0.215873 0.781362 0.209524 0.781362
0 0.479365 0.784946 0.463492 0.784946 0.453968 0.795699 0.453968 0.802867 0.450794 0.806452 0.450794 0.810036 0.453968 0.813620 0.453968 0.820789 0.460317 0.827957 0.469841 0.824373 0.482540 0.810036 0.482540 0.806452 0.485714 0.802867 0.485714 0.795699
0 0.123810 0.788530 0.117460 0.799283 0.117460 0.813620 0.120635 0.817204 0.120635 0.820789 0.130159 0.831541 0.133333 0.831541 0.136508 0.827957 0.139683 0.827957 0.139683 0.820789 0.142857 0.817204 0.139683 0.813620 0.139683 0.802867 0.136508 0.799283 0.136508 0.795699 0.130159 0.788530
0 0.301587 0.788530 0.288889 0.788530 0.282540 0.795699 0.279365 0.795699 0.279365 0.802867 0.276190 0.806452 0.273016 0.806452 0.273016 0.824373 0.279365 0.831541 0.285714 0.831541 0.288889 0.835125 0.292063 0.831541 0.295238 0.831541 0.304762 0.820789 0.304762 0.817204 0.307937 0.813620 0.307937 0.795699
0 0.669841 0.795699 0.666667 0.799283 0.666667 0.820789 0.676190 0.831541 0.682540 0.831541 0.688889 0.820789 0.685714 0.817204 0.685714 0.813620 0.679365 0.806452 0.679365 0.799283 0.676190 0.795699
0 0.838095 0.799283 0.831746 0.806452 0.831746 0.813620 0.834921 0.817204 0.834921 0.820789 0.844444 0.831541 0.857143 0.831541 0.863492 0.824373 0.863492 0.817204 0.866667 0.813620 0.863492 0.810036 0.863492 0.806452 0.853968 0.799283
0 0.488889 0.817204 0.488889 0.820789 0.482540 0.831541 0.488889 0.838710 0.495238 0.838710 0.498413 0.842294 0.511111 0.842294 0.517460 0.835125 0.517460 0.827957 0.514286 0.824373 0.514286 0.820789 0.511111 0.820789 0.504762 0.813620 0.495238 0.813620 0.492063 0.817204
0 0.396825 0.860215 0.384127 0.860215 0.374603 0.870968 0.374603 0.881720 0.371429 0.885305 0.371429 0.917563 0.374603 0.921147 0.374603 0.935484 0.380952 0.946237 0.390476 0.946237 0.396825 0.939068 0.409524 0.903226 0.406349 0.874552
0 0.536508 0.863799 0.523810 0.878136 0.520635 0.896057 0.533333 0.924731 0.546032 0.931900 0.568254 0.931900 0.558730 0.924731 0.552381 0.924731 0.549206 0.921147 0.552381 0.917563 0.546032 0.906810 0.546032 0.888889 0.558730 0.870968 0.552381 0.863799
0 0.666667 0.874552 0.660317 0.881720 0.660317 0.906810 0.666667 0.913978 0.676190 0.913978 0.679365 0.903226 0.685714 0.896057 0.685714 0.881720 0.679365 0.874552
0 0.758730 0.892473 0.755556 0.896057 0.755556 0.906810 0.768254 0.924731 0.780952 0.949821 0.796825 0.949821 0.803175 0.946237 0.809524 0.935484 0.806349 0.917563 0.784127 0.896057 0.777778 0.896057 0.774603 0.892473
0 0.120635 0.899642 0.114286 0.899642 0.111111 0.903226 0.104762 0.917563 0.104762 0.924731 0.101587 0.928315 0.101587 0.953405 0.114286 0.964158 0.126984 0.956989 0.126984 0.906810
0 0.263492 0.910394 0.250794 0.913978 0.241270 0.928315 0.241270 0.956989 0.244444 0.960573 0.244444 0.978495 0.250794 0.982079 0.253968 0.978495 0.266667 0.974910 0.276190 0.956989 0.273016 0.953405 0.269841 0.924731
0 0.704762 0.917563 0.701587 0.921147 0.701587 0.939068 0.704762 0.942652 0.707937 0.942652 0.711111 0.946237 0.714286 0.942652 0.717460 0.942652 0.717460 0.935484 0.720635 0.931900 0.717460 0.928315 0.717460 0.921147 0.714286 0.921147 0.711111 0.917563
0 0.476190 0.924731 0.473016 0.928315 0.473016 0.949821 0.476190 0.953405 0.476190 0.956989 0.488889 0.956989 0.495238 0.949821 0.495238 0.931900 0.485714 0.924731
0 0.603175 0.928315 0.600000 0.931900 0.600000 0.949821 0.603175 0.953405 0.603175 0.956989 0.609524 0.967742 0.619048 0.967742 0.625397 0.960573 0.625397 0.949821 0.622222 0.946237 0.619048 0.935484 0.612698 0.928315
0 0.187302 0.939068 0.187302 0.946237 0.196825 0.956989 0.200000 0.956989 0.203175 0.960573 0.215873 0.960573 0.219048 0.956989 0.219048 0.946237 0.215873 0.942652 0.215873 0.939068 0.212698 0.939068 0.206349 0.931900 0.193651 0.931900
0 0.419048 0.935484 0.412698 0.942652 0.406349 0.964158 0.409524 0.967742 0.409524 0.974910 0.412698 0.978495 0.415873 0.978495 0.419048 0.982079 0.428571 0.982079 0.438095 0.974910 0.438095 0.971326 0.441270 0.967742 0.441270 0.956989 0.428571 0.935484
0 0.749206 0.935484 0.742857 0.935484 0.739683 0.939068 0.739683 0.946237 0.736508 0.949821 0.736508 0.964158 0.742857 0.971326 0.746032 0.971326 0.752381 0.964158 0.752381 0.939068
0 0.504762 0.967742 0.504762 0.971326 0.501587 0.974910 0.507937 0.985663 0.511111 0.985663 0.526984 0.996416 0.536508 0.992832 0.536508 0.985663 0.533333 0.982079 0.533333 0.974910 0.530159 0.971326 0.530159 0.967742 0.523810 0.960573 0.514286 0.960573
0 0.326984 0.985663 0.326984 0.992832 0.330159 0.996416 0.346032 0.996416 0.349206 0.992832 0.349206 0.985663 0.346032 0.982079 0.346032 0.978495 0.333333 0.978495
0 0.790476 0.992832 0.793651 0.996416 0.809524 0.996416 0.809524 0.992832 0.806349 0.992832 0.803175 0.989247 0.793651 0.989247
