0 0.388535 0.003597 0.385350 0.007194 0.375796 0.007194 0.369427 0.014388 0.369427 0.025180 0.372611 0.028777 0.378981 0.046763 0.382166 0.046763 0.385350 0.050360 0.388535 0.050360 0.398089 0.043165 0.398089 0.039568 0.401274 0.035971 0.401274 0.028777 0.404459 0.025180 0.404459 0.010791 0.401274 0.007194 0.391720 0.007194
0 0.442675 0.046763 0.442675 0.057554 0.439490 0.061151 0.439490 0.068345 0.452229 0.079137 0.471338 0.079137 0.477707 0.075540 0.487261 0.061151 0.484076 0.043165 0.474522 0.035971 0.455414 0.035971
0 0.130573 0.086331 0.133758 0.100719 0.143312 0.111511 0.165605 0.122302 0.187898 0.118705 0.194268 0.107914 0.194268 0.093525 0.184713 0.079137 0.178344 0.079137 0.175159 0.075540 0.162420 0.075540 0.159236 0.079137 0.136943 0.075540
0 0.490446 0.082734 0.484076 0.093525 0.484076 0.104317 0.487261 0.107914 0.487261 0.111511 0.493631 0.118705 0.503185 0.118705 0.509554 0.111511 0.509554 0.107914 0.512739 0.104317 0.512739 0.089928 0.506369 0.082734
0 0.009554 0.107914 0.003185 0.115108 0.003185 0.136691 0.009554 0.147482 0.022293 0.147482 0.025478 0.143885 0.025478 0.140288 0.031847 0.133094 0.031847 0.118705 0.022293 0.107914
0 0.445860 0.125899 0.439490 0.125899 0.436306 0.122302 0.426752 0.122302 0.423567 0.125899 0.420382 0.125899 0.414013 0.136691 0.414013 0.147482 0.417197 0.151079 0.417197 0.154676 0.426752 0.161871 0.442675 0.154676 0.452229 0.143885 0.452229 0.136691
0 0.117834 0.125899 0.111465 0.136691 0.111465 0.151079 0.114650 0.154676 0.127389 0.154676 0.130573 0.151079 0.133758 0.151079 0.133758 0.147482 0.136943 0.143885 0.136943 0.133094 0.130573 0.125899
0 0.461783 0.161871 0.461783 0.172662 0.471338 0.179856 0.500000 0.179856 0.509554 0.172662 0.509554 0.158273 0.500000 0.147482 0.496815 0.147482 0.493631 0.143885 0.480892 0.143885 0.477707 0.147482 0.474522 0.147482
0 0.229299 0.158273 0.222930 0.165468 0.222930 0.172662 0.226115 0.176259 0.226115 0.179856 0.242038 0.179856 0.245223 0.176259 0.245223 0.165468 0.242038 0.161871 0.235669 0.161871 0.232484 0.158273
0 0.305732 0.165468 0.302548 0.161871 0.292994 0.161871 0.289809 0.165468 0.289809 0.169065 0.286624 0.172662 0.286624 0.179856 0.299363 0.179856 0.305732 0.172662
0 0.070064 0.205036 0.070064 0.212230 0.076433 0.219424 0.082803 0.219424 0.085987 0.215827 0.089172 0.215827 0.089172 0.205036 0.085987 0.201439 0.082803 0.205036 0.076433 0.205036 0.073248 0.201439
0 0.197452 0.230216 0.203822 0.241007 0.213376 0.241007 0.216561 0.244604 0.219745 0.241007 0.226115 0.241007 0.232484 0.233813 0.232484 0.230216 0.235669 0.226619 0.226115 0.215827 0.210191 0.215827 0.207006 0.219424 0.203822 0.219424
0 0.117834 0.241007 0.098726 0.241007 0.095541 0.244604 0.092357 0.244604 0.085987 0.255396 0.085987 0.266187 0.089172 0.269784 0.089172 0.273381 0.092357 0.273381 0.101911 0.280576 0.108280 0.280576 0.111465 0.276978 0.114650 0.276978 0.121019 0.266187 0.121019 0.248201 0.117834 0.244604
0 0.060510 0.276978 0.057325 0.280576 0.057325 0.287770 0.060510 0.291367 0.060510 0.305755 0.057325 0.309353 0.057325 0.338129 0.060510 0.341727 0.076433 0.341727 0.089172 0.327338 0.098726 0.302158 0.095541 0.294964
0 0.133758 0.294964 0.121019 0.298561 0.111465 0.309353 0.108280 0.348921 0.111465 0.356115 0.117834 0.359712 0.133758 0.352518 0.146497 0.341727 0.146497 0.338129 0.136943 0.330935 0.136943 0.323741 0.140127 0.320144 0.149682 0.320144 0.149682 0.316547 0.140127 0.298561
0 0.547771 0.341727 0.547771 0.352518 0.554140 0.359712 0.557325 0.359712 0.563694 0.366906 0.566879 0.366906 0.576433 0.359712 0.576433 0.348921 0.566879 0.341727 0.570064 0.338129 0.550955 0.338129
0 0.273885 0.370504 0.270701 0.374101 0.270701 0.384892 0.273885 0.388489 0.273885 0.413669 0.270701 0.420863 0.277070 0.435252 0.283439 0.442446 0.299363 0.449640 0.318471 0.446043 0.324841 0.438849 0.324841 0.406475 0.315287 0.384892 0.296178 0.374101
0 0.875796 0.406475 0.872611 0.406475 0.869427 0.402878 0.866242 0.402878 0.859873 0.395683 0.856688 0.395683 0.853503 0.399281 0.850318 0.399281 0.847134 0.402878 0.847134 0.410072 0.850318 0.413669 0.850318 0.420863 0.853503 0.424460 0.856688 0.424460 0.866242 0.413669 0.872611 0.413669 0.875796 0.410072
0 0.133758 0.402878 0.124204 0.420863 0.124204 0.431655 0.136943 0.449640 0.143312 0.453237 0.152866 0.453237 0.159236 0.446043 0.162420 0.446043 0.168790 0.431655 0.168790 0.420863 0.165605 0.413669 0.156051 0.402878
0 0.394904 0.464029 0.394904 0.474820 0.401274 0.478417 0.414013 0.478417 0.417197 0.474820 0.445860 0.474820 0.449045 0.478417 0.468153 0.478417 0.461783 0.471223 0.455414 0.471223 0.452229 0.467626 0.436306 0.467626 0.433121 0.464029 0.426752 0.464029 0.404459 0.453237 0.398089 0.456835
0 0.337580 0.478417 0.331210 0.471223 0.315287 0.471223 0.312102 0.474820 0.305732 0.474820 0.299363 0.482014 0.299363 0.485612 0.296178 0.489209 0.296178 0.503597 0.312102 0.503597 0.315287 0.500000 0.321656 0.500000 0.324841 0.496403 0.328025 0.496403 0.334395 0.489209
0 0.347134 0.489209 0.347134 0.507194 0.369427 0.535971 0.388535 0.535971 0.414013 0.521583 0.414013 0.514388 0.394904 0.492806 0.382166 0.485612 0.375796 0.485612 0.372611 0.482014 0.356688 0.482014
0 0.168790 0.507194 0.162420 0.496403 0.152866 0.492806 0.149682 0.496403 0.140127 0.496403 0.136943 0.500000 0.133758 0.500000 0.127389 0.507194 0.127389 0.514388 0.130573 0.517986 0.136943 0.517986 0.140127 0.521583 0.156051 0.521583 0.159236 0.517986 0.162420 0.517986 0.168790 0.510791
0 0.493631 0.532374 0.509554 0.546763 0.547771 0.557554 0.601911 0.528777 0.605096 0.517986 0.592357 0.507194 0.525478 0.503597 0.496815 0.521583
0 0.678344 0.528777 0.671975 0.535971 0.671975 0.550360 0.678344 0.557554 0.691083 0.557554 0.694268 0.553957 0.694268 0.535971 0.687898 0.528777
0 0.442675 0.553957 0.426752 0.543165 0.407643 0.539568 0.388535 0.550360 0.378981 0.561151 0.375796 0.579137 0.382166 0.589928 0.410828 0.589928 0.436306 0.579137 0.442675 0.564748
0 0.742038 0.561151 0.742038 0.579137 0.745223 0.582734 0.745223 0.589928 0.754777 0.600719 0.761146 0.604317 0.777070 0.604317 0.789809 0.593525 0.792994 0.586331 0.792994 0.571942 0.783439 0.557554 0.777070 0.553957 0.751592 0.553957
0 0.640127 0.586331 0.649682 0.593525 0.652866 0.589928 0.671975 0.589928 0.675159 0.586331 0.681529 0.586331 0.684713 0.582734 0.684713 0.579137 0.681529 0.575540 0.681529 0.571942 0.678344 0.571942 0.668790 0.564748 0.649682 0.564748 0.646497 0.568345
0 0.805732 0.575540 0.808917 0.600719 0.824841 0.615108 0.831210 0.615108 0.834395 0.618705 0.847134 0.618705 0.859873 0.607914 0.859873 0.597122 0.856688 0.589928 0.837580 0.571942 0.824841 0.564748 0.815287 0.564748
0 0.872611 0.571942 0.869427 0.575540 0.869427 0.582734 0.872611 0.586331 0.872611 0.589928 0.875796 0.593525 0.878981 0.604317 0.888535 0.611511 0.898089 0.611511 0.904459 0.604317 0.904459 0.586331 0.898089 0.579137 0.894904 0.579137 0.891720 0.575540 0.885350 0.575540 0.882166 0.571942
0 0.700637 0.589928 0.700637 0.593525 0.703822 0.593525 0.726115 0.618705 0.726115 0.622302 0.738854 0.633094 0.757962 0.643885 0.764331 0.643885 0.770701 0.636691 0.770701 0.629496 0.764331 0.622302 0.754777 0.618705 0.732484 0.597122 0.710191 0.586331 0.703822 0.586331
0 0.162420 0.593525 0.146497 0.593525 0.133758 0.611511 0.133758 0.615108 0.143312 0.629496 0.143312 0.640288 0.140127 0.643885 0.143312 0.647482 0.149682 0.647482 0.152866 0.636691 0.159236 0.629496 0.159236 0.625899 0.162420 0.622302 0.165605 0.622302 0.165605 0.618705 0.168790 0.615108 0.168790 0.600719
0 0.410828 0.607914 0.410828 0.615108 0.417197 0.622302 0.417197 0.625899 0.429936 0.636691 0.436306 0.636691 0.439490 0.633094 0.445860 0.633094 0.449045 0.629496 0.458599 0.629496 0.461783 0.625899 0.458599 0.615108 0.445860 0.600719 0.420382 0.600719
0 0.630573 0.636691 0.633758 0.651079 0.652866 0.661871 0.694268 0.661871 0.710191 0.654676 0.713376 0.647482 0.713376 0.633094 0.707006 0.618705 0.694268 0.607914 0.684713 0.607914 0.681529 0.604317 0.665605 0.604317 0.656051 0.611511 0.649682 0.611511
0 0.257962 0.636691 0.257962 0.651079 0.264331 0.661871 0.270701 0.665468 0.302548 0.665468 0.312102 0.658273 0.318471 0.647482 0.318471 0.633094 0.312102 0.622302 0.299363 0.615108 0.273885 0.615108
0 0.783439 0.625899 0.786624 0.629496 0.786624 0.633094 0.792994 0.640288 0.796178 0.640288 0.799363 0.643885 0.812102 0.643885 0.821656 0.636691 0.821656 0.629496 0.808917 0.615108 0.789809 0.615108
0 0.394904 0.629496 0.385350 0.629496 0.378981 0.633094 0.372611 0.643885 0.369427 0.672662 0.378981 0.697842 0.388535 0.697842 0.404459 0.690647 0.417197 0.669065 0.417197 0.658273 0.414013 0.651079
0 0.175159 0.636691 0.162420 0.651079 0.152866 0.672662 0.152866 0.697842 0.159236 0.712230 0.171975 0.719424 0.181529 0.719424 0.197452 0.705036 0.203822 0.683453 0.197452 0.676259 0.197452 0.654676 0.194268 0.647482 0.184713 0.636691
0 0.557325 0.661871 0.557325 0.679856 0.576433 0.697842 0.582803 0.697842 0.585987 0.701439 0.605096 0.701439 0.624204 0.687050 0.624204 0.665468 0.617834 0.654676 0.601911 0.643885 0.579618 0.643885 0.566879 0.651079
0 0.082803 0.651079 0.079618 0.647482 0.066879 0.647482 0.060510 0.654676 0.047771 0.658273 0.035032 0.672662 0.031847 0.679856 0.031847 0.697842 0.035032 0.701439 0.041401 0.701439 0.050955 0.690647 0.057325 0.676259 0.066879 0.672662 0.082803 0.658273 0.079618 0.654676
0 0.251592 0.661871 0.229299 0.661871 0.216561 0.669065 0.213376 0.676259 0.207006 0.679856 0.197452 0.712230 0.216561 0.730216 0.229299 0.730216 0.242038 0.723022 0.257962 0.705036 0.264331 0.687050 0.264331 0.672662
0 0.515924 0.687050 0.493631 0.665468 0.480892 0.665468 0.461783 0.676259 0.442675 0.715827 0.442675 0.733813 0.452229 0.737410 0.471338 0.730216 0.493631 0.708633 0.496815 0.712230 0.509554 0.712230 0.515924 0.705036
0 0.140127 0.694245 0.130573 0.683453 0.121019 0.683453 0.095541 0.719424 0.079618 0.723022 0.066879 0.737410 0.066879 0.751799 0.073248 0.758993 0.082803 0.758993 0.101911 0.748201 0.140127 0.715827
0 0.703822 0.687050 0.700637 0.683453 0.671975 0.683453 0.659236 0.694245 0.656051 0.694245 0.652866 0.701439 0.652866 0.715827 0.662420 0.726619 0.678344 0.726619 0.684713 0.723022 0.697452 0.708633 0.697452 0.705036 0.703822 0.697842
0 0.321656 0.697842 0.312102 0.690647 0.296178 0.690647 0.273885 0.705036 0.261146 0.719424 0.257962 0.733813 0.264331 0.741007 0.270701 0.741007 0.273885 0.744604 0.299363 0.733813 0.308917 0.733813 0.324841 0.719424
0 0.433121 0.697842 0.423567 0.690647 0.407643 0.690647 0.398089 0.697842 0.378981 0.701439 0.369427 0.719424 0.369427 0.744604 0.375796 0.755396 0.382166 0.755396 0.417197 0.730216 0.433121 0.708633
0 0.726115 0.694245 0.716561 0.701439 0.710191 0.715827 0.710191 0.730216 0.726115 0.748201 0.742038 0.748201 0.751592 0.737410 0.754777 0.723022 0.757962 0.719424 0.757962 0.712230 0.751592 0.697842 0.745223 0.697842 0.742038 0.694245
0 0.837580 0.719424 0.837580 0.730216 0.843949 0.741007 0.863057 0.741007 0.878981 0.730216 0.878981 0.719424 0.875796 0.715827 0.875796 0.712230 0.866242 0.705036 0.850318 0.705036 0.847134 0.708633 0.843949 0.708633
0 0.617834 0.715827 0.605096 0.726619 0.601911 0.733813 0.601911 0.741007 0.605096 0.748201 0.621019 0.766187 0.627389 0.769784 0.633758 0.769784 0.646497 0.751799 0.643312 0.726619 0.636943 0.715827
0 0.496815 0.730216 0.496815 0.744604 0.500000 0.751799 0.515924 0.769784 0.528662 0.776978 0.538217 0.776978 0.547771 0.766187 0.550955 0.751799 0.554140 0.748201 0.550955 0.741007 0.525478 0.726619 0.503185 0.726619
0 0.503185 0.773381 0.493631 0.784173 0.493631 0.791367 0.496815 0.794964 0.500000 0.809353 0.509554 0.812950 0.525478 0.827338 0.541401 0.827338 0.544586 0.823741 0.544586 0.802158 0.541401 0.798561 0.541401 0.791367 0.531847 0.780576 0.519108 0.773381
0 0.146497 0.787770 0.146497 0.794964 0.152866 0.794964 0.156051 0.791367 0.159236 0.791367 0.162420 0.794964 0.175159 0.794964 0.175159 0.787770 0.171975 0.784173 0.162420 0.784173 0.159236 0.780576 0.152866 0.780576
0 0.671975 0.791367 0.671975 0.816547 0.681529 0.827338 0.691083 0.827338 0.694268 0.830935 0.710191 0.830935 0.722930 0.823741 0.729299 0.816547 0.729299 0.805755 0.716561 0.791367 0.710191 0.791367 0.697452 0.784173 0.678344 0.784173
0 0.187898 0.816547 0.194268 0.827338 0.200637 0.830935 0.213376 0.830935 0.222930 0.823741 0.235669 0.820144 0.248408 0.805755 0.248408 0.802158 0.232484 0.791367 0.207006 0.791367 0.191083 0.805755
0 0.092357 0.820144 0.076433 0.805755 0.054140 0.805755 0.035032 0.823741 0.031847 0.838129 0.019108 0.852518 0.015924 0.863309 0.025478 0.870504 0.057325 0.870504 0.079618 0.863309 0.095541 0.845324
0 0.474522 0.816547 0.471338 0.823741 0.471338 0.845324 0.484076 0.863309 0.512739 0.863309 0.515924 0.859712 0.522293 0.859712 0.522293 0.856115 0.528662 0.848921 0.525478 0.841727 0.525478 0.830935 0.503185 0.812950 0.480892 0.812950
0 0.815287 0.827338 0.808917 0.834532 0.805732 0.859712 0.799363 0.870504 0.799363 0.877698 0.805732 0.884892 0.828025 0.888489 0.840764 0.881295 0.859873 0.863309 0.863057 0.845324 0.847134 0.830935
0 0.385350 0.845324 0.369427 0.834532 0.343949 0.838129 0.324841 0.856115 0.321656 0.881295 0.328025 0.888489 0.375796 0.888489 0.388535 0.859712
0 0.621019 0.863309 0.621019 0.874101 0.627389 0.881295 0.656051 0.899281 0.681529 0.899281 0.697452 0.888489 0.707006 0.874101 0.703822 0.856115 0.694268 0.845324 0.665605 0.834532 0.652866 0.834532 0.640127 0.841727
