0 0.552381 0.003597 0.552381 0.007194 0.555556 0.010791 0.568254 0.010791 0.571429 0.007194 0.571429 0.003597 0.561905 0.003597 0.558730 0.000000 0.555556 0.003597
0 0.593651 0.000000 0.593651 0.003597 0.600000 0.010791 0.609524 0.010791 0.612698 0.007194 0.612698 0.003597 0.609524 0.003597 0.606349 0.000000
0 0.669841 0.000000 0.650794 0.000000 0.647619 0.003597 0.647619 0.014388 0.653968 0.021583 0.657143 0.021583 0.669841 0.007194
0 0.380952 0.003597 0.368254 0.003597 0.365079 0.007194 0.365079 0.028777 0.368254 0.032374 0.368254 0.035971 0.374603 0.035971 0.377778 0.032374 0.377778 0.028777 0.380952 0.025180 0.380952 0.021583 0.384127 0.017986 0.384127 0.007194
0 0.904762 0.007194 0.907937 0.007194 0.911111 0.010791 0.920635 0.010791 0.923810 0.007194 0.926984 0.007194 0.926984 0.003597 0.907937 0.003597
0 0.946032 0.014388 0.955556 0.014388 0.961905 0.007194 0.961905 0.003597 0.949206 0.003597 0.946032 0.007194
0 0.206349 0.007194 0.200000 0.014388 0.200000 0.017986 0.196825 0.021583 0.196825 0.028777 0.200000 0.032374 0.203175 0.032374 0.206349 0.035971 0.212698 0.035971 0.219048 0.028777 0.219048 0.017986 0.215873 0.014388 0.215873 0.010791 0.212698 0.007194
0 0.993651 0.010791 0.990476 0.014388 0.984127 0.014388 0.984127 0.017986 0.980952 0.021583 0.980952 0.025180 0.984127 0.028777 0.984127 0.032374 0.987302 0.032374 0.990476 0.035971 0.993651 0.035971 0.996825 0.032374 0.996825 0.014388
0 0.311111 0.017986 0.307937 0.017986 0.304762 0.014388 0.298413 0.014388 0.295238 0.017986 0.292063 0.017986 0.285714 0.025180 0.285714 0.028777 0.282540 0.032374 0.282540 0.043165 0.288889 0.053957 0.298413 0.053957 0.304762 0.046763 0.304762 0.043165 0.314286 0.032374 0.314286 0.021583
0 0.419048 0.021583 0.412698 0.014388 0.406349 0.014388 0.403175 0.017986 0.400000 0.017986 0.393651 0.025180 0.393651 0.035971 0.396825 0.039568 0.406349 0.039568 0.409524 0.035971 0.412698 0.035971 0.415873 0.032374 0.415873 0.025180
0 0.117460 0.017986 0.117460 0.028777 0.136508 0.028777 0.136508 0.021583 0.133333 0.021583 0.130159 0.017986
0 0.688889 0.017986 0.679365 0.017986 0.669841 0.028777 0.669841 0.039568 0.673016 0.043165 0.685714 0.043165 0.688889 0.039568 0.688889 0.035971 0.692063 0.032374 0.692063 0.025180 0.688889 0.021583
0 0.339683 0.021583 0.336508 0.025180 0.333333 0.025180 0.333333 0.028777 0.330159 0.032374 0.330159 0.046763 0.333333 0.050360 0.339683 0.050360 0.342857 0.053957 0.346032 0.053957 0.352381 0.046763 0.352381 0.028777 0.346032 0.021583
0 0.761905 0.025180 0.755556 0.025180 0.752381 0.021583 0.749206 0.025180 0.746032 0.025180 0.742857 0.028777 0.739683 0.028777 0.739683 0.032374 0.736508 0.035971 0.736508 0.043165 0.742857 0.050360 0.752381 0.050360 0.755556 0.046763 0.758730 0.046763 0.761905 0.043165
0 0.911111 0.028777 0.907937 0.032374 0.907937 0.035971 0.904762 0.039568 0.904762 0.043165 0.907937 0.046763 0.907937 0.050360 0.911111 0.053957 0.920635 0.053957 0.920635 0.050360 0.923810 0.046763 0.923810 0.035971 0.917460 0.028777
0 0.187302 0.032374 0.184127 0.032374 0.180952 0.035971 0.177778 0.032374 0.171429 0.039568 0.171429 0.046763 0.184127 0.046763 0.187302 0.043165
0 0.571429 0.035971 0.555556 0.035971 0.552381 0.039568 0.546032 0.039568 0.539683 0.046763 0.539683 0.061151 0.542857 0.064748 0.542857 0.068345 0.549206 0.075540 0.561905 0.075540 0.571429 0.064748 0.571429 0.061151 0.577778 0.050360 0.577778 0.043165
0 0.631746 0.043165 0.625397 0.050360 0.625397 0.064748 0.631746 0.071942 0.638095 0.071942 0.641270 0.075540 0.647619 0.075540 0.647619 0.071942 0.650794 0.068345 0.650794 0.061151 0.647619 0.057554 0.647619 0.053957 0.644444 0.050360 0.644444 0.046763 0.641270 0.043165
0 0.234921 0.053957 0.231746 0.053957 0.228571 0.050360 0.222222 0.050360 0.212698 0.057554 0.212698 0.061151 0.200000 0.075540 0.200000 0.093525 0.203175 0.097122 0.212698 0.100719 0.215873 0.097122 0.225397 0.093525 0.234921 0.082734 0.234921 0.075540 0.238095 0.071942
0 0.374603 0.050360 0.374603 0.064748 0.377778 0.068345 0.384127 0.068345 0.387302 0.064748 0.387302 0.050360
0 0.152381 0.061151 0.146032 0.071942 0.149206 0.075540 0.149206 0.079137 0.158730 0.086331 0.168254 0.086331 0.174603 0.079137 0.174603 0.075540 0.177778 0.071942 0.174603 0.068345 0.174603 0.064748 0.168254 0.057554 0.158730 0.057554 0.155556 0.061151
0 0.733333 0.057554 0.730159 0.061151 0.726984 0.061151 0.723810 0.064748 0.723810 0.079137 0.730159 0.086331 0.739683 0.086331 0.739683 0.082734 0.742857 0.079137 0.742857 0.068345
0 0.260317 0.071942 0.257143 0.071942 0.253968 0.068345 0.241270 0.082734 0.238095 0.082734 0.238095 0.100719 0.241270 0.104317 0.253968 0.104317 0.257143 0.100719 0.260317 0.100719 0.266667 0.093525 0.266667 0.082734
0 0.326984 0.079137 0.326984 0.082734 0.333333 0.089928 0.336508 0.089928 0.339683 0.093525 0.346032 0.093525 0.349206 0.097122 0.358730 0.097122 0.361905 0.093525 0.365079 0.093525 0.365079 0.086331 0.358730 0.079137 0.355556 0.079137 0.349206 0.071942 0.346032 0.071942 0.342857 0.068345 0.336508 0.068345 0.333333 0.071942 0.330159 0.071942 0.330159 0.075540
0 0.479365 0.086331 0.479365 0.093525 0.485714 0.100719 0.504762 0.100719 0.507937 0.097122 0.511111 0.097122 0.517460 0.089928 0.511111 0.082734 0.504762 0.082734 0.498413 0.075540 0.485714 0.075540
0 0.901587 0.075540 0.901587 0.079137 0.898413 0.082734 0.898413 0.086331 0.904762 0.093525 0.907937 0.093525 0.911111 0.089928 0.911111 0.075540
0 0.596825 0.082734 0.587302 0.093525 0.587302 0.111511 0.596825 0.122302 0.609524 0.122302 0.619048 0.104317 0.619048 0.093525 0.609524 0.082734
0 0.971429 0.086331 0.968254 0.089928 0.968254 0.093525 0.965079 0.097122 0.965079 0.104317 0.971429 0.111511 0.984127 0.111511 0.990476 0.104317 0.990476 0.093525 0.984127 0.086331
0 0.717460 0.097122 0.717460 0.111511 0.720635 0.115108 0.720635 0.118705 0.733333 0.118705 0.739683 0.111511 0.739683 0.104317 0.736508 0.100719 0.736508 0.097122 0.733333 0.093525 0.723810 0.093525 0.720635 0.097122
0 0.311111 0.097122 0.307937 0.100719 0.304762 0.100719 0.301587 0.104317 0.301587 0.111511 0.304762 0.115108 0.304762 0.118705 0.307937 0.118705 0.311111 0.122302 0.317460 0.122302 0.323810 0.115108 0.323810 0.100719 0.320635 0.100719 0.317460 0.097122
0 0.152381 0.107914 0.152381 0.111511 0.149206 0.115108 0.149206 0.118705 0.152381 0.122302 0.161905 0.122302 0.165079 0.118705 0.165079 0.107914
0 0.466667 0.115108 0.457143 0.107914 0.447619 0.107914 0.438095 0.115108 0.438095 0.118705 0.434921 0.122302 0.434921 0.129496 0.438095 0.133094 0.453968 0.133094 0.457143 0.129496 0.460317 0.129496 0.466667 0.122302
0 0.907937 0.115108 0.904762 0.111511 0.901587 0.111511 0.898413 0.107914 0.892063 0.107914 0.888889 0.111511 0.882540 0.111511 0.882540 0.115108 0.879365 0.118705 0.879365 0.125899 0.885714 0.133094 0.898413 0.133094 0.901587 0.129496 0.904762 0.129496 0.907937 0.125899
0 0.419048 0.111511 0.409524 0.111511 0.406349 0.115108 0.400000 0.115108 0.393651 0.122302 0.393651 0.133094 0.403175 0.140288 0.409524 0.140288 0.412698 0.136691 0.419048 0.136691 0.425397 0.125899 0.425397 0.122302
0 0.561905 0.111511 0.558730 0.115108 0.558730 0.129496 0.565079 0.136691 0.580952 0.136691 0.580952 0.118705 0.574603 0.111511
0 0.206349 0.122302 0.203175 0.125899 0.203175 0.129496 0.200000 0.133094 0.200000 0.143885 0.206349 0.151079 0.215873 0.151079 0.219048 0.147482 0.222222 0.147482 0.222222 0.143885 0.225397 0.140288 0.225397 0.129496 0.219048 0.122302
0 0.657143 0.129496 0.653968 0.133094 0.653968 0.136691 0.650794 0.140288 0.650794 0.147482 0.653968 0.151079 0.673016 0.151079 0.673016 0.147482 0.676190 0.143885 0.676190 0.140288 0.673016 0.136691 0.673016 0.133094 0.669841 0.129496
0 0.107937 0.140288 0.107937 0.143885 0.114286 0.151079 0.117460 0.151079 0.120635 0.154676 0.126984 0.154676 0.130159 0.158273 0.136508 0.158273 0.139683 0.161871 0.149206 0.161871 0.152381 0.158273 0.152381 0.151079 0.142857 0.140288 0.139683 0.140288 0.136508 0.136691 0.111111 0.136691
0 0.355556 0.147482 0.355556 0.154676 0.361905 0.161871 0.374603 0.161871 0.377778 0.158273 0.380952 0.158273 0.384127 0.154676 0.384127 0.143885 0.380952 0.140288 0.361905 0.140288
0 0.876190 0.147482 0.876190 0.158273 0.882540 0.165468 0.892063 0.165468 0.895238 0.161871 0.895238 0.154676 0.888889 0.147482
0 0.536508 0.165468 0.539683 0.169065 0.549206 0.169065 0.552381 0.165468 0.555556 0.165468 0.558730 0.161871 0.558730 0.158273 0.555556 0.154676 0.542857 0.154676 0.536508 0.161871
0 0.726984 0.158273 0.723810 0.161871 0.720635 0.161871 0.714286 0.169065 0.714286 0.172662 0.717460 0.176259 0.717460 0.179856 0.723810 0.187050 0.733333 0.187050 0.736508 0.183453 0.739683 0.183453 0.739683 0.179856 0.742857 0.176259 0.742857 0.169065 0.739683 0.165468 0.739683 0.161871 0.736508 0.161871 0.733333 0.158273
0 0.180952 0.169065 0.180952 0.176259 0.184127 0.179856 0.184127 0.183453 0.193651 0.190647 0.200000 0.190647 0.203175 0.187050 0.206349 0.187050 0.206349 0.183453 0.209524 0.179856 0.209524 0.172662 0.206349 0.169065 0.203175 0.169065 0.193651 0.161871 0.190476 0.161871
0 0.577778 0.161871 0.571429 0.161871 0.568254 0.165468 0.565079 0.165468 0.561905 0.169065 0.561905 0.187050 0.568254 0.194245 0.574603 0.194245 0.577778 0.190647 0.580952 0.190647 0.584127 0.187050 0.584127 0.169065
0 0.850794 0.161871 0.844444 0.172662 0.844444 0.183453 0.850794 0.190647 0.863492 0.190647 0.869841 0.183453 0.869841 0.169065 0.866667 0.169065 0.863492 0.165468 0.863492 0.161871
0 0.641270 0.165468 0.634921 0.172662 0.634921 0.187050 0.638095 0.187050 0.641270 0.190647 0.647619 0.190647 0.650794 0.187050 0.653968 0.187050 0.660317 0.179856 0.660317 0.169065 0.653968 0.169065 0.650794 0.165468
0 0.301587 0.169065 0.295238 0.176259 0.295238 0.183453 0.298413 0.187050 0.298413 0.190647 0.301587 0.194245 0.311111 0.194245 0.320635 0.183453 0.320635 0.176259 0.317460 0.172662 0.314286 0.172662 0.311111 0.169065
0 0.485714 0.169065 0.485714 0.172662 0.482540 0.176259 0.482540 0.187050 0.485714 0.190647 0.485714 0.194245 0.492063 0.194245 0.495238 0.197842 0.498413 0.194245 0.501587 0.194245 0.507937 0.187050 0.507937 0.179856 0.504762 0.176259 0.504762 0.172662 0.501587 0.169065
0 0.120635 0.172662 0.114286 0.179856 0.114286 0.197842 0.117460 0.197842 0.120635 0.201439 0.126984 0.201439 0.130159 0.197842 0.133333 0.197842 0.136508 0.194245 0.136508 0.179856 0.130159 0.172662
0 0.422222 0.179856 0.422222 0.187050 0.425397 0.187050 0.428571 0.190647 0.428571 0.194245 0.428571 0.190647 0.431746 0.187050 0.434921 0.187050 0.438095 0.190647 0.441270 0.190647 0.447619 0.183453 0.447619 0.179856 0.444444 0.176259 0.444444 0.172662 0.428571 0.172662
0 0.273016 0.176259 0.263492 0.176259 0.260317 0.179856 0.257143 0.179856 0.247619 0.190647 0.247619 0.201439 0.257143 0.208633 0.263492 0.208633 0.266667 0.205036 0.269841 0.205036 0.279365 0.194245 0.279365 0.183453
0 0.780952 0.187050 0.777778 0.183453 0.774603 0.183453 0.771429 0.179856 0.768254 0.179856 0.765079 0.183453 0.761905 0.183453 0.761905 0.197842 0.765079 0.194245 0.768254 0.197842 0.774603 0.197842 0.777778 0.194245 0.777778 0.190647
0 0.409524 0.187050 0.403175 0.194245 0.403175 0.197842 0.400000 0.201439 0.400000 0.208633 0.409524 0.215827 0.415873 0.215827 0.425397 0.208633 0.425397 0.205036 0.428571 0.201439 0.428571 0.197842 0.425397 0.194245 0.425397 0.190647 0.422222 0.190647 0.419048 0.187050
0 0.165079 0.190647 0.161905 0.194245 0.161905 0.201439 0.168254 0.208633 0.177778 0.208633 0.180952 0.205036 0.177778 0.201439 0.174603 0.201439 0.171429 0.197842 0.171429 0.194245 0.168254 0.190647
0 0.825397 0.190647 0.822222 0.194245 0.825397 0.197842 0.825397 0.205036 0.828571 0.208633 0.828571 0.212230 0.831746 0.215827 0.834921 0.212230 0.834921 0.201439 0.831746 0.197842 0.834921 0.194245 0.831746 0.194245 0.828571 0.190647
0 0.663492 0.194245 0.657143 0.201439 0.657143 0.215827 0.663492 0.223022 0.673016 0.223022 0.679365 0.215827 0.679365 0.201439 0.673016 0.194245
0 0.346032 0.197842 0.342857 0.201439 0.339683 0.201439 0.339683 0.223022 0.342857 0.226619 0.349206 0.226619 0.352381 0.230216 0.355556 0.226619 0.358730 0.226619 0.361905 0.223022 0.365079 0.223022 0.365079 0.219424 0.368254 0.215827 0.368254 0.212230 0.361905 0.205036 0.358730 0.205036 0.352381 0.197842
0 0.758730 0.197842 0.752381 0.197842 0.749206 0.201439 0.749206 0.205036 0.746032 0.208633 0.746032 0.230216 0.749206 0.233813 0.752381 0.233813 0.755556 0.230216 0.758730 0.230216 0.758730 0.226619 0.761905 0.223022 0.761905 0.201439
0 0.796825 0.201439 0.793651 0.205036 0.793651 0.219424 0.796825 0.223022 0.806349 0.223022 0.812698 0.215827 0.812698 0.205036 0.809524 0.201439
0 0.212698 0.205036 0.206349 0.205036 0.203175 0.208633 0.196825 0.208633 0.187302 0.219424 0.187302 0.226619 0.193651 0.233813 0.200000 0.233813 0.203175 0.230216 0.209524 0.230216 0.215873 0.223022 0.215873 0.208633
0 0.390476 0.205036 0.380952 0.205036 0.377778 0.208633 0.374603 0.208633 0.371429 0.212230 0.371429 0.215827 0.368254 0.219424 0.371429 0.223022 0.374603 0.223022 0.377778 0.226619 0.380952 0.226619 0.384127 0.223022 0.387302 0.223022 0.390476 0.219424 0.390476 0.215827 0.393651 0.212230 0.393651 0.208633
0 0.726984 0.205036 0.717460 0.205036 0.707937 0.215827 0.707937 0.230216 0.711111 0.233813 0.711111 0.237410 0.714286 0.237410 0.717460 0.241007 0.720635 0.241007 0.723810 0.237410 0.726984 0.237410 0.733333 0.226619 0.733333 0.212230
0 0.460317 0.212230 0.457143 0.212230 0.453968 0.208633 0.450794 0.212230 0.444444 0.212230 0.438095 0.219424 0.438095 0.223022 0.434921 0.226619 0.434921 0.233813 0.438095 0.237410 0.450794 0.237410 0.453968 0.233813 0.457143 0.233813 0.457143 0.230216 0.460317 0.226619
0 0.568254 0.215827 0.568254 0.219424 0.565079 0.223022 0.565079 0.226619 0.568254 0.230216 0.568254 0.233813 0.571429 0.237410 0.584127 0.237410 0.590476 0.230216 0.590476 0.219424 0.584127 0.212230 0.574603 0.212230 0.571429 0.215827
0 0.939683 0.212230 0.936508 0.212230 0.933333 0.215827 0.930159 0.215827 0.930159 0.219424 0.926984 0.223022 0.926984 0.233813 0.930159 0.237410 0.939683 0.237410 0.942857 0.233813 0.946032 0.233813 0.946032 0.219424
0 0.311111 0.219424 0.304762 0.215827 0.285714 0.215827 0.266667 0.226619 0.260317 0.233813 0.257143 0.241007 0.257143 0.248201 0.263492 0.255396 0.273016 0.255396 0.298413 0.241007 0.304762 0.233813 0.307937 0.233813 0.311111 0.230216
0 0.609524 0.223022 0.609524 0.230216 0.606349 0.233813 0.606349 0.237410 0.609524 0.241007 0.609524 0.244604 0.612698 0.244604 0.615873 0.248201 0.628571 0.248201 0.634921 0.241007 0.634921 0.226619 0.631746 0.223022 0.628571 0.223022 0.625397 0.219424 0.615873 0.219424 0.612698 0.223022
0 0.787302 0.223022 0.784127 0.223022 0.780952 0.219424 0.774603 0.219424 0.771429 0.223022 0.768254 0.223022 0.765079 0.226619 0.765079 0.244604 0.768254 0.248201 0.777778 0.248201 0.787302 0.237410
0 0.123810 0.223022 0.126984 0.226619 0.126984 0.233813 0.133333 0.241007 0.139683 0.241007 0.142857 0.237410 0.142857 0.233813 0.139683 0.230216 0.136508 0.230216 0.133333 0.226619 0.136508 0.223022
0 0.847619 0.223022 0.844444 0.226619 0.844444 0.233813 0.853968 0.244604 0.860317 0.244604 0.863492 0.241007 0.863492 0.230216 0.857143 0.223022
0 0.241270 0.226619 0.228571 0.226619 0.212698 0.244604 0.212698 0.251799 0.219048 0.258993 0.234921 0.258993 0.244444 0.248201 0.244444 0.233813 0.241270 0.230216
0 0.415873 0.237410 0.412698 0.241007 0.412698 0.255396 0.419048 0.262590 0.422222 0.262590 0.425397 0.266187 0.434921 0.266187 0.438095 0.262590 0.441270 0.262590 0.447619 0.255396 0.447619 0.251799 0.444444 0.248201 0.441270 0.248201 0.434921 0.241007 0.434921 0.237410 0.431746 0.233813 0.428571 0.233813 0.425397 0.237410
0 0.365079 0.244604 0.361905 0.241007 0.349206 0.241007 0.346032 0.244604 0.339683 0.244604 0.333333 0.255396 0.333333 0.266187 0.336508 0.266187 0.339683 0.269784 0.342857 0.266187 0.349206 0.266187 0.352381 0.262590 0.355556 0.262590 0.365079 0.251799
0 0.161905 0.248201 0.161905 0.251799 0.165079 0.255396 0.171429 0.255396 0.174603 0.251799 0.177778 0.251799 0.177778 0.244604 0.165079 0.244604
0 0.568254 0.248201 0.565079 0.251799 0.561905 0.251799 0.558730 0.255396 0.558730 0.266187 0.565079 0.273381 0.568254 0.273381 0.571429 0.276978 0.574603 0.276978 0.577778 0.273381 0.580952 0.273381 0.584127 0.269784 0.584127 0.255396 0.580952 0.255396 0.574603 0.248201
0 0.717460 0.255396 0.707937 0.255396 0.698413 0.266187 0.698413 0.269784 0.695238 0.273381 0.695238 0.284173 0.698413 0.287770 0.704762 0.287770 0.707937 0.284173 0.711111 0.284173 0.723810 0.269784 0.723810 0.262590
0 0.863492 0.262590 0.863492 0.266187 0.860317 0.269784 0.860317 0.273381 0.863492 0.276978 0.863492 0.280576 0.869841 0.287770 0.879365 0.287770 0.885714 0.280576 0.885714 0.266187 0.882540 0.262590 0.879365 0.262590 0.876190 0.258993 0.869841 0.258993 0.866667 0.262590
0 0.923810 0.262590 0.920635 0.262590 0.917460 0.258993 0.914286 0.258993 0.911111 0.262590 0.904762 0.262590 0.904762 0.266187 0.901587 0.269784 0.901587 0.280576 0.904762 0.284173 0.904762 0.287770 0.917460 0.287770 0.923810 0.280576
0 0.809524 0.262590 0.806349 0.266187 0.803175 0.266187 0.800000 0.269784 0.800000 0.284173 0.803175 0.287770 0.803175 0.291367 0.806349 0.291367 0.809524 0.294964 0.812698 0.294964 0.815873 0.291367 0.819048 0.291367 0.819048 0.287770 0.815873 0.284173 0.819048 0.280576 0.819048 0.273381
0 0.187302 0.280576 0.193651 0.287770 0.209524 0.287770 0.212698 0.284173 0.212698 0.276978 0.209524 0.273381 0.206349 0.273381 0.203175 0.269784 0.196825 0.269784 0.193651 0.273381 0.190476 0.273381 0.190476 0.276978
0 0.377778 0.269784 0.365079 0.269784 0.361905 0.273381 0.358730 0.273381 0.358730 0.276978 0.352381 0.284173 0.352381 0.287770 0.355556 0.291367 0.355556 0.294964 0.358730 0.294964 0.361905 0.298561 0.368254 0.298561 0.371429 0.294964 0.374603 0.294964 0.374603 0.291367 0.377778 0.287770
0 0.161905 0.276978 0.161905 0.287770 0.168254 0.287770 0.171429 0.284173 0.174603 0.284173 0.174603 0.276978 0.171429 0.273381 0.165079 0.273381
0 0.444444 0.280576 0.444444 0.294964 0.447619 0.298561 0.450794 0.298561 0.453968 0.302158 0.469841 0.302158 0.473016 0.298561 0.473016 0.287770 0.466667 0.280576 0.463492 0.280576 0.460317 0.276978 0.447619 0.276978
0 0.749206 0.284173 0.749206 0.287770 0.746032 0.291367 0.746032 0.298561 0.749206 0.302158 0.749206 0.305755 0.755556 0.312950 0.758730 0.312950 0.761905 0.316547 0.765079 0.312950 0.768254 0.312950 0.771429 0.309353 0.771429 0.291367 0.765079 0.284173
0 0.555556 0.287770 0.552381 0.291367 0.552381 0.305755 0.555556 0.309353 0.555556 0.312950 0.558730 0.316547 0.571429 0.316547 0.574603 0.312950 0.574603 0.309353 0.577778 0.305755 0.577778 0.302158 0.574603 0.298561 0.574603 0.294964 0.571429 0.291367 0.568254 0.291367 0.565079 0.287770
0 0.206349 0.298561 0.200000 0.305755 0.200000 0.323741 0.203175 0.327338 0.212698 0.327338 0.215873 0.323741 0.219048 0.323741 0.225397 0.316547 0.225397 0.309353 0.222222 0.305755 0.222222 0.302158 0.219048 0.302158 0.215873 0.298561
0 0.895238 0.302158 0.892063 0.305755 0.892063 0.327338 0.898413 0.338129 0.904762 0.338129 0.907937 0.334532 0.907937 0.330935 0.917460 0.320144 0.917460 0.312950 0.914286 0.309353 0.914286 0.305755 0.911111 0.305755 0.907937 0.302158
0 0.993651 0.302158 0.990476 0.305755 0.987302 0.305755 0.984127 0.309353 0.984127 0.312950 0.980952 0.316547 0.980952 0.320144 0.987302 0.327338 0.990476 0.327338 0.993651 0.330935 0.996825 0.327338 0.996825 0.305755
0 0.168254 0.305755 0.165079 0.309353 0.161905 0.309353 0.155556 0.316547 0.155556 0.330935 0.158730 0.330935 0.165079 0.338129 0.177778 0.338129 0.187302 0.330935 0.187302 0.316547 0.184127 0.312950 0.184127 0.309353 0.180952 0.309353 0.177778 0.305755
0 0.095238 0.320144 0.095238 0.327338 0.098413 0.330935 0.117460 0.330935 0.123810 0.323741 0.123810 0.312950 0.101587 0.312950
0 0.619048 0.323741 0.612698 0.323741 0.609524 0.327338 0.606349 0.327338 0.600000 0.334532 0.600000 0.348921 0.606349 0.356115 0.609524 0.352518 0.612698 0.352518 0.619048 0.345324 0.619048 0.338129 0.622222 0.334532 0.622222 0.330935 0.619048 0.327338
0 0.355556 0.330935 0.349206 0.330935 0.339683 0.341727 0.339683 0.356115 0.342857 0.359712 0.352381 0.359712 0.361905 0.348921 0.361905 0.345324 0.358730 0.341727 0.358730 0.334532
0 0.866667 0.330935 0.860317 0.338129 0.860317 0.352518 0.863492 0.356115 0.863492 0.359712 0.866667 0.359712 0.869841 0.363309 0.876190 0.363309 0.882540 0.356115 0.882540 0.341727 0.879365 0.338129 0.879365 0.334532 0.876190 0.330935
0 0.469841 0.334532 0.450794 0.334532 0.444444 0.341727 0.444444 0.356115 0.450794 0.363309 0.457143 0.363309 0.460317 0.359712 0.463492 0.359712 0.473016 0.348921 0.473016 0.341727 0.469841 0.338129
0 0.133333 0.345324 0.123810 0.338129 0.120635 0.341727 0.111111 0.341727 0.104762 0.348921 0.104762 0.352518 0.101587 0.356115 0.101587 0.366906 0.107937 0.366906 0.111111 0.370504 0.117460 0.370504 0.123810 0.363309 0.126984 0.363309 0.126984 0.359712 0.133333 0.352518
0 0.730159 0.341727 0.723810 0.348921 0.723810 0.363309 0.733333 0.374101 0.739683 0.374101 0.739683 0.366906 0.742857 0.363309 0.742857 0.348921 0.736508 0.341727
0 0.771429 0.341727 0.768254 0.345324 0.765079 0.345324 0.765079 0.352518 0.761905 0.356115 0.761905 0.366906 0.765079 0.370504 0.765079 0.374101 0.768254 0.374101 0.771429 0.377698 0.777778 0.377698 0.784127 0.370504 0.784127 0.352518 0.774603 0.341727
0 0.971429 0.341727 0.968254 0.345324 0.968254 0.359712 0.971429 0.363309 0.971429 0.366906 0.977778 0.374101 0.984127 0.374101 0.990476 0.366906 0.990476 0.348921 0.987302 0.345324 0.984127 0.345324 0.980952 0.341727
0 0.285714 0.345324 0.279365 0.352518 0.279365 0.363309 0.288889 0.374101 0.298413 0.374101 0.301587 0.370504 0.301587 0.366906 0.304762 0.363309 0.304762 0.356115 0.301587 0.352518 0.301587 0.348921 0.298413 0.345324
0 0.536508 0.348921 0.536508 0.356115 0.539683 0.359712 0.542857 0.359712 0.546032 0.363309 0.555556 0.363309 0.558730 0.359712 0.558730 0.352518 0.552381 0.345324 0.539683 0.345324
0 0.682540 0.356115 0.679365 0.359712 0.679365 0.377698 0.682540 0.381295 0.692063 0.381295 0.698413 0.374101 0.698413 0.363309 0.692063 0.356115
0 0.165079 0.359712 0.161905 0.363309 0.161905 0.377698 0.168254 0.384892 0.174603 0.384892 0.177778 0.381295 0.177778 0.370504 0.174603 0.366906 0.174603 0.363309 0.171429 0.359712
0 0.333333 0.374101 0.326984 0.366906 0.317460 0.366906 0.314286 0.370504 0.314286 0.374101 0.311111 0.377698 0.311111 0.388489 0.320635 0.388489 0.323810 0.384892 0.326984 0.384892 0.333333 0.377698
0 0.473016 0.381295 0.476190 0.384892 0.476190 0.388489 0.479365 0.392086 0.492063 0.392086 0.495238 0.388489 0.498413 0.388489 0.501587 0.384892 0.501587 0.377698 0.498413 0.374101 0.498413 0.370504 0.495238 0.370504 0.492063 0.366906 0.482540 0.366906 0.476190 0.374101 0.476190 0.377698
0 0.409524 0.370504 0.403175 0.377698 0.403175 0.399281 0.406349 0.402878 0.415873 0.402878 0.422222 0.395683 0.422222 0.392086 0.425397 0.388489 0.425397 0.381295 0.422222 0.377698 0.422222 0.374101 0.419048 0.370504
0 0.828571 0.370504 0.815873 0.370504 0.806349 0.381295 0.806349 0.392086 0.812698 0.399281 0.822222 0.399281 0.828571 0.392086
0 0.371429 0.374101 0.365079 0.381295 0.365079 0.399281 0.368254 0.402878 0.371429 0.402878 0.374603 0.406475 0.377778 0.406475 0.380952 0.402878 0.384127 0.402878 0.387302 0.399281 0.387302 0.384892 0.377778 0.374101
0 0.653968 0.384892 0.644444 0.384892 0.638095 0.392086 0.638095 0.395683 0.634921 0.399281 0.634921 0.410072 0.638095 0.413669 0.650794 0.413669 0.657143 0.406475 0.657143 0.402878 0.660317 0.399281 0.660317 0.392086
0 0.701587 0.395683 0.701587 0.399281 0.704762 0.402878 0.704762 0.406475 0.711111 0.413669 0.720635 0.413669 0.723810 0.410072 0.726984 0.410072 0.726984 0.392086 0.723810 0.388489 0.720635 0.388489 0.717460 0.384892 0.711111 0.384892
0 0.126984 0.399281 0.126984 0.406475 0.133333 0.413669 0.146032 0.413669 0.149206 0.410072 0.152381 0.410072 0.155556 0.406475 0.155556 0.395683 0.152381 0.392086 0.133333 0.392086
0 0.200000 0.406475 0.200000 0.410072 0.206349 0.417266 0.209524 0.417266 0.212698 0.420863 0.219048 0.420863 0.222222 0.424460 0.238095 0.424460 0.244444 0.417266 0.244444 0.410072 0.241270 0.406475 0.241270 0.402878 0.238095 0.399281 0.231746 0.399281 0.228571 0.395683 0.212698 0.395683 0.209524 0.399281 0.206349 0.399281
0 0.926984 0.406475 0.926984 0.413669 0.933333 0.420863 0.939683 0.420863 0.942857 0.424460 0.958730 0.424460 0.965079 0.413669 0.961905 0.410072 0.961905 0.406475 0.955556 0.399281 0.952381 0.399281 0.949206 0.395683 0.933333 0.395683
0 0.431746 0.406475 0.428571 0.410072 0.422222 0.410072 0.419048 0.413669 0.419048 0.424460 0.425397 0.431655 0.434921 0.431655 0.438095 0.428058 0.438095 0.424460 0.441270 0.420863 0.441270 0.413669 0.438095 0.410072 0.434921 0.410072
0 0.368254 0.420863 0.368254 0.435252 0.374603 0.435252 0.377778 0.438849 0.384127 0.438849 0.390476 0.431655 0.390476 0.424460 0.387302 0.420863 0.384127 0.420863 0.380952 0.417266 0.374603 0.417266 0.371429 0.420863
0 0.485714 0.417266 0.482540 0.420863 0.479365 0.420863 0.479365 0.428058 0.476190 0.431655 0.479365 0.435252 0.479365 0.442446 0.482540 0.442446 0.485714 0.446043 0.492063 0.446043 0.495238 0.442446 0.498413 0.442446 0.498413 0.438849 0.501587 0.435252 0.501587 0.428058 0.492063 0.417266
0 0.155556 0.438849 0.149206 0.431655 0.146032 0.431655 0.142857 0.435252 0.136508 0.435252 0.133333 0.438849 0.130159 0.438849 0.123810 0.446043 0.123810 0.453237 0.142857 0.453237 0.146032 0.449640 0.149206 0.449640 0.152381 0.446043 0.152381 0.442446
0 0.365079 0.435252 0.358730 0.435252 0.355556 0.438849 0.352381 0.438849 0.346032 0.446043 0.346032 0.464029 0.349206 0.467626 0.352381 0.467626 0.355556 0.464029 0.358730 0.464029 0.365079 0.456835 0.365079 0.442446 0.368254 0.438849
0 0.403175 0.438849 0.396825 0.446043 0.396825 0.449640 0.393651 0.453237 0.393651 0.456835 0.396825 0.460432 0.396825 0.464029 0.400000 0.467626 0.412698 0.467626 0.415873 0.464029 0.415873 0.460432 0.419048 0.456835 0.419048 0.449640 0.415873 0.446043 0.415873 0.442446 0.409524 0.442446 0.406349 0.438849
0 0.177778 0.449640 0.174603 0.449640 0.155556 0.471223 0.155556 0.485612 0.158730 0.489209 0.168254 0.489209 0.177778 0.482014 0.177778 0.467626 0.180952 0.464029 0.180952 0.460432 0.177778 0.456835
0 0.466667 0.449640 0.463492 0.449640 0.460317 0.453237 0.457143 0.453237 0.453968 0.456835 0.453968 0.467626 0.457143 0.471223 0.469841 0.471223 0.473016 0.467626 0.473016 0.456835
0 0.946032 0.453237 0.942857 0.456835 0.939683 0.456835 0.939683 0.460432 0.936508 0.464029 0.936508 0.471223 0.942857 0.482014 0.946032 0.482014 0.949206 0.485612 0.952381 0.485612 0.961905 0.478417 0.961905 0.464029 0.955556 0.456835 0.952381 0.456835 0.949206 0.453237
0 0.571429 0.456835 0.565079 0.464029 0.565079 0.478417 0.574603 0.485612 0.580952 0.485612 0.584127 0.482014 0.587302 0.482014 0.593651 0.471223 0.593651 0.464029 0.590476 0.460432 0.590476 0.456835
0 0.679365 0.464029 0.673016 0.456835 0.663492 0.456835 0.660317 0.460432 0.650794 0.464029 0.641270 0.474820 0.641270 0.478417 0.644444 0.482014 0.641270 0.485612 0.666667 0.485612 0.669841 0.482014 0.676190 0.482014 0.679365 0.478417
0 0.152381 0.471223 0.149206 0.471223 0.146032 0.467626 0.139683 0.467626 0.136508 0.471223 0.133333 0.471223 0.123810 0.482014 0.123810 0.489209 0.120635 0.492806 0.120635 0.503597 0.123810 0.507194 0.123810 0.510791 0.139683 0.510791 0.152381 0.496403 0.152381 0.492806 0.155556 0.489209 0.152381 0.485612
0 0.774603 0.467626 0.771429 0.467626 0.768254 0.471223 0.768254 0.482014 0.765079 0.485612 0.768254 0.489209 0.774603 0.489209 0.777778 0.485612 0.780952 0.485612 0.780952 0.474820
0 0.800000 0.471223 0.796825 0.474820 0.796825 0.478417 0.800000 0.478417 0.803175 0.482014 0.803175 0.485612 0.809524 0.485612 0.812698 0.482014 0.812698 0.478417 0.809524 0.474820 0.806349 0.474820 0.803175 0.471223
0 0.425397 0.478417 0.425397 0.482014 0.422222 0.485612 0.425397 0.489209 0.425397 0.496403 0.428571 0.500000 0.431746 0.500000 0.438095 0.507194 0.441270 0.507194 0.444444 0.510791 0.450794 0.510791 0.460317 0.503597 0.460317 0.489209 0.457143 0.485612 0.453968 0.485612 0.444444 0.474820 0.428571 0.474820
0 0.895238 0.482014 0.895238 0.492806 0.904762 0.503597 0.914286 0.503597 0.923810 0.496403 0.923810 0.482014 0.917460 0.474820 0.901587 0.474820
0 0.193651 0.478417 0.184127 0.482014 0.177778 0.489209 0.177778 0.492806 0.168254 0.507194 0.168254 0.514388 0.165079 0.517986 0.165079 0.528777 0.171429 0.539568 0.180952 0.539568 0.190476 0.521583 0.190476 0.510791 0.193651 0.507194
0 0.384127 0.482014 0.380952 0.485612 0.384127 0.489209 0.384127 0.492806 0.387302 0.496403 0.387302 0.500000 0.396825 0.507194 0.403175 0.507194 0.412698 0.496403 0.412698 0.489209 0.403175 0.478417 0.393651 0.478417 0.390476 0.482014
0 0.619048 0.478417 0.609524 0.478417 0.600000 0.489209 0.600000 0.492806 0.596825 0.496403 0.596825 0.507194 0.593651 0.510791 0.596825 0.514388 0.596825 0.521583 0.609524 0.521583 0.609524 0.517986 0.615873 0.510791 0.619048 0.510791 0.619048 0.507194 0.625397 0.496403 0.625397 0.485612
0 0.326984 0.485612 0.323810 0.485612 0.320635 0.482014 0.314286 0.482014 0.311111 0.485612 0.292063 0.485612 0.288889 0.489209 0.288889 0.492806 0.298413 0.500000 0.320635 0.500000 0.326984 0.492806
0 0.488889 0.482014 0.473016 0.482014 0.469841 0.485612 0.469841 0.496403 0.466667 0.500000 0.469841 0.503597 0.469841 0.507194 0.473016 0.510791 0.476190 0.510791 0.479365 0.507194 0.479365 0.500000 0.482540 0.496403 0.485714 0.496403 0.488889 0.492806
0 0.533333 0.496403 0.533333 0.500000 0.536508 0.503597 0.536508 0.507194 0.546032 0.517986 0.565079 0.517986 0.568254 0.514388 0.568254 0.507194 0.558730 0.496403 0.555556 0.496403 0.552381 0.492806 0.546032 0.492806 0.542857 0.489209
0 0.698413 0.489209 0.685714 0.489209 0.679365 0.496403 0.679365 0.507194 0.682540 0.510791 0.685714 0.510791 0.688889 0.514388 0.692063 0.514388 0.695238 0.510791 0.698413 0.510791 0.701587 0.507194 0.701587 0.503597 0.704762 0.500000 0.701587 0.496403 0.701587 0.492806
0 0.355556 0.503597 0.352381 0.507194 0.352381 0.514388 0.355556 0.517986 0.355556 0.521583 0.368254 0.521583 0.371429 0.517986 0.371429 0.510791 0.368254 0.507194 0.365079 0.507194 0.361905 0.503597
0 0.777778 0.507194 0.777778 0.517986 0.780952 0.521583 0.780952 0.525180 0.790476 0.535971 0.800000 0.535971 0.800000 0.532374 0.803175 0.528777 0.803175 0.521583 0.800000 0.517986 0.800000 0.514388 0.796825 0.510791 0.796825 0.507194 0.790476 0.507194 0.787302 0.503597 0.784127 0.503597 0.780952 0.507194
0 0.333333 0.517986 0.330159 0.521583 0.323810 0.521583 0.320635 0.525180 0.320635 0.539568 0.323810 0.539568 0.326984 0.543165 0.336508 0.543165 0.339683 0.539568 0.339683 0.521583 0.336508 0.521583
0 0.831746 0.528777 0.825397 0.528777 0.822222 0.532374 0.822222 0.535971 0.815873 0.543165 0.815873 0.561151 0.825397 0.568345 0.834921 0.561151 0.834921 0.553957 0.838095 0.550360 0.838095 0.543165 0.834921 0.539568 0.834921 0.532374
0 0.857143 0.528777 0.853968 0.532374 0.853968 0.535971 0.850794 0.539568 0.850794 0.543165 0.853968 0.546763 0.853968 0.550360 0.860317 0.557554 0.866667 0.557554 0.873016 0.550360 0.873016 0.546763 0.876190 0.543165 0.876190 0.539568 0.873016 0.535971 0.873016 0.532374 0.869841 0.532374 0.866667 0.528777
0 0.415873 0.539568 0.409524 0.532374 0.393651 0.532374 0.390476 0.535971 0.390476 0.539568 0.387302 0.543165 0.384127 0.543165 0.384127 0.557554 0.387302 0.561151 0.400000 0.561151 0.403175 0.557554 0.406349 0.557554 0.415873 0.546763
0 0.552381 0.539568 0.552381 0.543165 0.549206 0.546763 0.549206 0.553957 0.558730 0.564748 0.574603 0.564748 0.574603 0.561151 0.577778 0.557554 0.577778 0.546763 0.574603 0.543165 0.574603 0.539568 0.571429 0.539568 0.568254 0.535971 0.558730 0.535971 0.555556 0.539568
0 0.726984 0.535971 0.717460 0.535971 0.704762 0.550360 0.704762 0.557554 0.707937 0.561151 0.707937 0.564748 0.711111 0.564748 0.714286 0.568345 0.720635 0.568345 0.730159 0.561151 0.730159 0.557554 0.733333 0.553957 0.733333 0.543165
0 0.904762 0.539568 0.901587 0.539568 0.898413 0.543165 0.895238 0.543165 0.895238 0.546763 0.892063 0.550360 0.892063 0.568345 0.895238 0.571942 0.895238 0.575540 0.904762 0.575540 0.907937 0.571942 0.911111 0.571942 0.911111 0.568345 0.914286 0.564748 0.914286 0.550360
0 0.326984 0.557554 0.314286 0.557554 0.311111 0.561151 0.307937 0.561151 0.304762 0.564748 0.304762 0.568345 0.301587 0.571942 0.301587 0.575540 0.307937 0.582734 0.320635 0.582734 0.323810 0.579137 0.323810 0.575540 0.326984 0.571942
0 0.952381 0.557554 0.946032 0.568345 0.946032 0.582734 0.949206 0.586331 0.952381 0.586331 0.961905 0.593525 0.968254 0.586331 0.968254 0.579137 0.965079 0.575540 0.965079 0.564748 0.958730 0.557554
0 0.187302 0.575540 0.180952 0.568345 0.155556 0.568345 0.142857 0.579137 0.142857 0.582734 0.139683 0.586331 0.139683 0.597122 0.146032 0.607914 0.161905 0.607914 0.165079 0.604317 0.171429 0.604317 0.180952 0.593525 0.184127 0.593525 0.184127 0.589928 0.187302 0.586331
0 0.253968 0.568345 0.244444 0.568345 0.238095 0.575540 0.238095 0.579137 0.234921 0.582734 0.234921 0.593525 0.238095 0.593525 0.241270 0.597122 0.247619 0.597122 0.250794 0.593525 0.253968 0.593525 0.260317 0.586331 0.260317 0.579137 0.257143 0.575540 0.257143 0.571942
0 0.669841 0.571942 0.669841 0.575540 0.666667 0.579137 0.666667 0.586331 0.669841 0.589928 0.669841 0.593525 0.676190 0.600719 0.682540 0.600719 0.685714 0.604317 0.688889 0.604317 0.688889 0.600719 0.692063 0.597122 0.692063 0.582734 0.688889 0.579137 0.688889 0.575540 0.685714 0.571942
0 0.374603 0.575540 0.365079 0.586331 0.365079 0.604317 0.371429 0.611511 0.380952 0.611511 0.384127 0.607914 0.387302 0.607914 0.393651 0.597122 0.390476 0.593525 0.390476 0.589928 0.387302 0.586331 0.387302 0.582734 0.384127 0.582734 0.377778 0.575540
0 0.761905 0.575540 0.758730 0.579137 0.752381 0.579137 0.752381 0.582734 0.749206 0.586331 0.749206 0.597122 0.752381 0.600719 0.752381 0.604317 0.765079 0.604317 0.771429 0.597122 0.771429 0.586331
0 0.888889 0.579137 0.885714 0.582734 0.885714 0.593525 0.888889 0.597122 0.888889 0.600719 0.895238 0.607914 0.904762 0.607914 0.907937 0.604317 0.907937 0.600719 0.911111 0.597122 0.911111 0.593525 0.907937 0.589928 0.907937 0.586331 0.901587 0.579137
0 0.352381 0.586331 0.346032 0.586331 0.342857 0.589928 0.339683 0.589928 0.339683 0.593525 0.336508 0.597122 0.336508 0.604317 0.339683 0.607914 0.349206 0.607914 0.352381 0.604317 0.352381 0.600719 0.349206 0.597122 0.352381 0.593525 0.355556 0.593525 0.355556 0.589928
0 0.584127 0.589928 0.580952 0.593525 0.580952 0.597122 0.577778 0.600719 0.577778 0.607914 0.584127 0.615108 0.600000 0.615108 0.606349 0.607914 0.606349 0.597122 0.600000 0.589928
0 0.288889 0.593525 0.282540 0.604317 0.282540 0.618705 0.285714 0.622302 0.285714 0.625899 0.288889 0.625899 0.292063 0.629496 0.301587 0.629496 0.311111 0.618705 0.311111 0.611511 0.307937 0.607914 0.307937 0.604317 0.298413 0.593525
0 0.514286 0.593525 0.507937 0.600719 0.507937 0.615108 0.514286 0.622302 0.526984 0.622302 0.530159 0.618705 0.530159 0.600719 0.523810 0.593525
0 0.631746 0.593525 0.625397 0.600719 0.625397 0.607914 0.628571 0.611511 0.628571 0.615108 0.631746 0.618705 0.634921 0.618705 0.638095 0.622302 0.647619 0.622302 0.650794 0.618705 0.650794 0.604317 0.647619 0.600719 0.647619 0.597122 0.644444 0.597122 0.641270 0.593525
0 0.803175 0.593525 0.800000 0.597122 0.800000 0.615108 0.803175 0.618705 0.803175 0.622302 0.806349 0.625899 0.809524 0.625899 0.812698 0.629496 0.819048 0.622302 0.819048 0.604317 0.809524 0.593525
0 0.139683 0.607914 0.136508 0.611511 0.133333 0.611511 0.120635 0.629496 0.130159 0.640288 0.133333 0.640288 0.139683 0.647482 0.146032 0.647482 0.155556 0.636691 0.155556 0.633094 0.152381 0.629496 0.152381 0.622302 0.149206 0.618705 0.149206 0.611511
0 0.701587 0.607914 0.688889 0.607914 0.685714 0.611511 0.685714 0.615108 0.682540 0.618705 0.682540 0.629496 0.685714 0.633094 0.695238 0.633094 0.698413 0.629496 0.701587 0.629496 0.701587 0.625899 0.704762 0.622302 0.704762 0.611511
0 0.860317 0.607914 0.853968 0.607914 0.847619 0.615108 0.847619 0.618705 0.844444 0.622302 0.844444 0.625899 0.850794 0.633094 0.853968 0.633094 0.857143 0.636691 0.860317 0.633094 0.866667 0.633094 0.869841 0.629496 0.869841 0.625899 0.873016 0.622302 0.873016 0.618705 0.866667 0.611511 0.863492 0.611511
0 0.968254 0.611511 0.965079 0.615108 0.961905 0.615108 0.958730 0.618705 0.958730 0.633094 0.965079 0.640288 0.974603 0.640288 0.977778 0.636691 0.977778 0.618705 0.974603 0.615108 0.971429 0.615108
0 0.339683 0.629496 0.339683 0.640288 0.346032 0.647482 0.355556 0.647482 0.358730 0.643885 0.365079 0.643885 0.365079 0.640288 0.368254 0.636691 0.368254 0.633094 0.361905 0.625899 0.346032 0.625899 0.342857 0.629496
0 0.574603 0.629496 0.561905 0.629496 0.561905 0.633094 0.558730 0.636691 0.558730 0.647482 0.561905 0.651079 0.561905 0.654676 0.565079 0.654676 0.568254 0.658273 0.577778 0.647482 0.580952 0.647482 0.584127 0.643885 0.580952 0.640288 0.580952 0.636691
0 0.676190 0.633094 0.673016 0.633094 0.669841 0.629496 0.666667 0.629496 0.660317 0.636691 0.657143 0.636691 0.650794 0.647482 0.650794 0.661871 0.653968 0.661871 0.657143 0.665468 0.660317 0.661871 0.666667 0.661871 0.673016 0.654676 0.673016 0.651079 0.676190 0.647482
0 0.107937 0.640288 0.107937 0.654676 0.114286 0.665468 0.123810 0.669065 0.126984 0.665468 0.133333 0.665468 0.136508 0.661871 0.139683 0.651079 0.133333 0.643885 0.130159 0.643885 0.120635 0.633094 0.117460 0.633094 0.111111 0.640288
0 0.536508 0.633094 0.533333 0.636691 0.530159 0.636691 0.523810 0.643885 0.523810 0.654676 0.526984 0.658273 0.526984 0.665468 0.530159 0.665468 0.533333 0.669065 0.542857 0.669065 0.546032 0.665468 0.546032 0.643885 0.542857 0.640288 0.542857 0.636691 0.539683 0.633094
0 0.609524 0.633094 0.606349 0.636691 0.606349 0.640288 0.603175 0.643885 0.606349 0.647482 0.606349 0.651079 0.619048 0.665468 0.622222 0.661871 0.625397 0.661871 0.628571 0.658273 0.628571 0.643885 0.619048 0.633094
0 0.247619 0.640288 0.244444 0.636691 0.234921 0.636691 0.231746 0.640288 0.228571 0.640288 0.225397 0.643885 0.225397 0.647482 0.222222 0.651079 0.222222 0.654676 0.225397 0.658273 0.244444 0.658273 0.247619 0.654676
0 0.457143 0.636691 0.444444 0.636691 0.441270 0.640288 0.441270 0.647482 0.438095 0.651079 0.438095 0.654676 0.441270 0.658273 0.441270 0.661871 0.444444 0.665468 0.450794 0.665468 0.457143 0.658273 0.457143 0.654676 0.460317 0.651079 0.460317 0.643885 0.457143 0.640288
0 0.587302 0.647482 0.577778 0.651079 0.568254 0.661871 0.568254 0.679856 0.577778 0.690647 0.580952 0.690647 0.590476 0.679856 0.590476 0.676259 0.593651 0.672662 0.593651 0.654676
0 0.819048 0.651079 0.815873 0.651079 0.812698 0.647482 0.809524 0.647482 0.806349 0.651079 0.800000 0.651079 0.796825 0.654676 0.796825 0.669065 0.800000 0.672662 0.809524 0.672662 0.819048 0.661871
0 0.869841 0.651079 0.866667 0.647482 0.857143 0.647482 0.850794 0.654676 0.850794 0.658273 0.847619 0.661871 0.847619 0.672662 0.857143 0.672662 0.863492 0.665468 0.863492 0.661871 0.866667 0.658273 0.866667 0.654676
0 0.904762 0.651079 0.904762 0.654676 0.898413 0.665468 0.898413 0.683453 0.901587 0.683453 0.904762 0.687050 0.911111 0.687050 0.914286 0.683453 0.917460 0.683453 0.917460 0.679856 0.920635 0.676259 0.920635 0.654676 0.917460 0.654676 0.914286 0.651079
0 0.958730 0.658273 0.949206 0.658273 0.936508 0.672662 0.936508 0.683453 0.933333 0.687050 0.936508 0.690647 0.936508 0.694245 0.946032 0.701439 0.949206 0.701439 0.955556 0.694245 0.958730 0.694245 0.958730 0.690647 0.961905 0.687050 0.965079 0.687050 0.965079 0.676259 0.968254 0.672662 0.965079 0.669065 0.965079 0.665468
0 0.479365 0.661871 0.466667 0.661871 0.466667 0.665468 0.463492 0.669065 0.463492 0.672662 0.466667 0.676259 0.473016 0.676259 0.479365 0.669065
0 0.200000 0.665468 0.193651 0.665468 0.187302 0.672662 0.187302 0.676259 0.184127 0.679856 0.184127 0.690647 0.187302 0.694245 0.190476 0.694245 0.193651 0.697842 0.196825 0.697842 0.200000 0.694245 0.203175 0.694245 0.203175 0.683453 0.206349 0.679856 0.206349 0.676259 0.203175 0.672662 0.203175 0.669065
0 0.390476 0.672662 0.390476 0.679856 0.396825 0.687050 0.400000 0.687050 0.403175 0.690647 0.409524 0.690647 0.412698 0.694245 0.415873 0.694245 0.422222 0.687050 0.422222 0.679856 0.419048 0.676259 0.419048 0.672662 0.412698 0.665468 0.400000 0.665468
0 0.225397 0.679856 0.225397 0.683453 0.222222 0.687050 0.222222 0.694245 0.225397 0.697842 0.234921 0.697842 0.238095 0.694245 0.238095 0.687050 0.241270 0.683453 0.238095 0.679856
0 0.282540 0.679856 0.279365 0.683453 0.279365 0.687050 0.276190 0.690647 0.276190 0.697842 0.279365 0.701439 0.279365 0.705036 0.292063 0.705036 0.295238 0.701439 0.295238 0.697842 0.298413 0.694245 0.298413 0.690647 0.295238 0.687050 0.295238 0.683453 0.292063 0.679856
0 0.828571 0.679856 0.819048 0.679856 0.815873 0.683453 0.815873 0.694245 0.822222 0.701439 0.825397 0.697842 0.828571 0.697842 0.828571 0.694245 0.831746 0.690647 0.831746 0.683453
0 0.504762 0.690647 0.498413 0.697842 0.498413 0.712230 0.504762 0.719424 0.517460 0.719424 0.526984 0.708633 0.526984 0.697842 0.520635 0.690647
0 0.961905 0.690647 0.961905 0.708633 0.968254 0.719424 0.974603 0.719424 0.977778 0.723022 0.980952 0.719424 0.984127 0.719424 0.990476 0.712230 0.993651 0.701439 0.987302 0.694245 0.984127 0.694245 0.980952 0.690647
0 0.384127 0.701439 0.377778 0.708633 0.377778 0.719424 0.384127 0.726619 0.400000 0.726619 0.406349 0.719424 0.406349 0.712230 0.396825 0.701439
0 0.911111 0.701439 0.898413 0.701439 0.895238 0.705036 0.895238 0.712230 0.892063 0.715827 0.892063 0.741007 0.895238 0.741007 0.898413 0.744604 0.904762 0.744604 0.914286 0.733813 0.914286 0.726619 0.917460 0.723022 0.917460 0.708633
0 0.641270 0.705036 0.631746 0.705036 0.628571 0.708633 0.625397 0.708633 0.625397 0.712230 0.622222 0.715827 0.622222 0.730216 0.625397 0.733813 0.634921 0.733813 0.644444 0.723022 0.644444 0.708633
0 0.174603 0.708633 0.171429 0.712230 0.171429 0.726619 0.174603 0.730216 0.174603 0.733813 0.180952 0.733813 0.184127 0.730216 0.187302 0.730216 0.187302 0.726619 0.190476 0.723022 0.190476 0.719424 0.187302 0.715827 0.187302 0.712230 0.184127 0.708633
0 0.431746 0.708633 0.428571 0.712230 0.428571 0.723022 0.431746 0.726619 0.441270 0.726619 0.444444 0.723022 0.444444 0.712230 0.441270 0.708633
0 0.733333 0.715827 0.730159 0.719424 0.730159 0.737410 0.736508 0.744604 0.746032 0.744604 0.752381 0.737410 0.752381 0.723022 0.746032 0.715827
0 0.771429 0.723022 0.771429 0.726619 0.768254 0.730216 0.768254 0.737410 0.777778 0.748201 0.780952 0.748201 0.784127 0.751799 0.787302 0.751799 0.790476 0.748201 0.793651 0.748201 0.796825 0.751799 0.806349 0.741007 0.806349 0.730216 0.803175 0.726619 0.803175 0.723022 0.800000 0.723022 0.790476 0.715827 0.784127 0.715827 0.780952 0.719424
0 0.152381 0.719424 0.139683 0.719424 0.133333 0.726619 0.133333 0.730216 0.130159 0.733813 0.130159 0.737410 0.136508 0.744604 0.142857 0.744604 0.146032 0.741007 0.149206 0.741007 0.152381 0.737410 0.152381 0.730216 0.155556 0.726619 0.152381 0.723022
0 0.263492 0.723022 0.260317 0.726619 0.260317 0.741007 0.266667 0.748201 0.266667 0.751799 0.269841 0.751799 0.276190 0.758993 0.285714 0.758993 0.285714 0.748201 0.282540 0.744604 0.282540 0.737410 0.279365 0.733813 0.279365 0.730216 0.273016 0.723022
0 0.298413 0.723022 0.295238 0.726619 0.295238 0.737410 0.304762 0.748201 0.317460 0.748201 0.317460 0.744604 0.320635 0.741007 0.320635 0.730216 0.314286 0.723022
0 0.444444 0.751799 0.444444 0.762590 0.447619 0.766187 0.450794 0.766187 0.453968 0.769784 0.460317 0.769784 0.463492 0.766187 0.466667 0.766187 0.466667 0.762590 0.469841 0.758993 0.466667 0.755396 0.466667 0.748201 0.463492 0.744604 0.450794 0.744604
0 0.606349 0.748201 0.606349 0.762590 0.609524 0.766187 0.622222 0.766187 0.625397 0.762590 0.628571 0.762590 0.631746 0.758993 0.631746 0.748201 0.628571 0.744604 0.609524 0.744604
0 0.180952 0.748201 0.165079 0.748201 0.161905 0.751799 0.158730 0.751799 0.158730 0.769784 0.165079 0.776978 0.171429 0.776978 0.184127 0.762590 0.184127 0.755396 0.180952 0.751799
0 0.549206 0.748201 0.542857 0.748201 0.539683 0.751799 0.536508 0.751799 0.536508 0.755396 0.533333 0.758993 0.533333 0.769784 0.539683 0.776978 0.546032 0.776978 0.549206 0.773381 0.552381 0.773381 0.555556 0.769784 0.555556 0.755396
0 0.330159 0.751799 0.323810 0.762590 0.323810 0.766187 0.326984 0.769784 0.326984 0.773381 0.336508 0.780576 0.346032 0.780576 0.352381 0.769784 0.352381 0.762590 0.349206 0.758993 0.349206 0.755396 0.346032 0.755396 0.342857 0.751799
0 0.800000 0.755396 0.796825 0.758993 0.796825 0.773381 0.793651 0.776978 0.793651 0.791367 0.796825 0.794964 0.800000 0.794964 0.806349 0.787770 0.806349 0.784173 0.812698 0.776978 0.812698 0.769784 0.809524 0.766187 0.809524 0.762590
0 0.123810 0.769784 0.123810 0.773381 0.120635 0.776978 0.120635 0.784173 0.123810 0.787770 0.123810 0.791367 0.139683 0.791367 0.142857 0.787770 0.142857 0.773381 0.136508 0.766187 0.130159 0.766187 0.126984 0.769784
