0 0.621019 0.089606 0.611465 0.107527 0.617834 0.154122 0.630573 0.172043 0.652866 0.172043 0.665605 0.161290 0.668790 0.150538 0.668790 0.129032 0.659236 0.096774 0.646497 0.086022
0 0.576433 0.096774 0.563694 0.103943 0.554140 0.121864 0.554140 0.161290 0.560510 0.172043 0.563694 0.189964 0.570064 0.193548 0.579618 0.193548 0.592357 0.186380 0.589172 0.182796 0.589172 0.168459 0.598726 0.154122 0.595541 0.118280
0 0.136943 0.103943 0.130573 0.111111 0.130573 0.129032 0.136943 0.136201 0.136943 0.139785 0.146497 0.139785 0.156051 0.132616 0.156051 0.129032 0.159236 0.125448 0.159236 0.114695 0.152866 0.107527 0.149682 0.107527 0.146497 0.103943
0 0.726115 0.103943 0.716561 0.111111 0.716561 0.132616 0.710191 0.143369 0.710191 0.157706 0.726115 0.186380 0.745223 0.200717 0.757962 0.186380 0.761146 0.150538 0.748408 0.114695
0 0.334395 0.121864 0.324841 0.139785 0.324841 0.157706 0.328025 0.164875 0.337580 0.164875 0.363057 0.179211 0.369427 0.179211 0.372611 0.172043 0.372611 0.139785 0.363057 0.118280 0.356688 0.121864
0 0.127389 0.125448 0.101911 0.125448 0.085987 0.139785 0.085987 0.150538 0.082803 0.154122 0.082803 0.182796 0.092357 0.193548 0.108280 0.193548 0.124204 0.182796 0.130573 0.164875 0.130573 0.150538 0.133758 0.146953 0.133758 0.136201
0 0.414013 0.146953 0.414013 0.154122 0.382166 0.182796 0.375796 0.204301 0.385350 0.222222 0.391720 0.222222 0.404459 0.232975 0.417197 0.232975 0.429936 0.204301 0.429936 0.164875 0.423567 0.168459 0.414013 0.157706 0.417197 0.150538
0 0.843949 0.168459 0.831210 0.157706 0.799363 0.157706 0.783439 0.179211 0.770701 0.222222 0.783439 0.215054 0.796178 0.215054 0.815287 0.197133 0.834395 0.186380 0.843949 0.175627
0 0.006369 0.168459 0.003185 0.172043 0.003185 0.236559 0.015924 0.243728 0.028662 0.236559 0.035032 0.229391 0.035032 0.200717 0.022293 0.175627 0.012739 0.168459
0 0.324841 0.168459 0.315287 0.175627 0.315287 0.197133 0.331210 0.232975 0.331210 0.240143 0.343949 0.254480 0.353503 0.258065 0.363057 0.250896 0.369427 0.232975 0.369427 0.215054 0.372611 0.211470 0.366242 0.182796 0.347134 0.172043
0 0.515924 0.168459 0.500000 0.186380 0.496815 0.193548 0.496815 0.204301 0.509554 0.222222 0.515924 0.225806 0.535032 0.225806 0.547771 0.211470 0.547771 0.186380 0.541401 0.172043 0.535032 0.168459
0 0.726115 0.207885 0.700637 0.207885 0.678344 0.225806 0.668790 0.250896 0.668790 0.265233 0.681529 0.283154 0.700637 0.286738 0.713376 0.283154 0.732484 0.268817 0.738854 0.258065 0.742038 0.232975 0.738854 0.222222
0 0.257962 0.218638 0.229299 0.222222 0.219745 0.229391 0.210191 0.247312 0.210191 0.279570 0.222930 0.304659 0.242038 0.318996 0.251592 0.311828 0.283439 0.258065 0.277070 0.232975
0 0.050955 0.232975 0.041401 0.232975 0.038217 0.236559 0.035032 0.232975 0.019108 0.243728 0.003185 0.272401 0.003185 0.290323 0.009554 0.304659 0.015924 0.308244 0.031847 0.308244 0.060510 0.293907 0.063694 0.286738 0.063694 0.258065 0.060510 0.254480 0.060510 0.243728
0 0.777070 0.243728 0.770701 0.243728 0.761146 0.254480 0.761146 0.261649 0.757962 0.265233 0.757962 0.290323 0.761146 0.293907 0.761146 0.301075 0.767516 0.308244 0.780255 0.304659 0.792994 0.290323 0.792994 0.283154 0.796178 0.279570 0.796178 0.268817 0.789809 0.254480
0 0.866242 0.304659 0.853503 0.311828 0.840764 0.326165 0.837580 0.336918 0.843949 0.351254 0.869427 0.379928 0.888535 0.379928 0.901274 0.369176 0.907643 0.336918 0.904459 0.326165 0.891720 0.311828 0.875796 0.304659
0 0.490446 0.308244 0.480892 0.308244 0.464968 0.315412 0.455414 0.336918 0.455414 0.347670 0.464968 0.362007 0.468153 0.372760 0.477707 0.379928 0.493631 0.365591 0.506369 0.344086 0.506369 0.322581
0 0.576433 0.333333 0.570064 0.336918 0.560510 0.358423 0.547771 0.376344 0.544586 0.390681 0.550955 0.405018 0.557325 0.408602 0.589172 0.412186 0.605096 0.383513 0.605096 0.340502 0.595541 0.333333
0 0.821656 0.351254 0.818471 0.351254 0.815287 0.347670 0.805732 0.347670 0.792994 0.362007 0.792994 0.379928 0.796178 0.383513 0.802548 0.383513 0.805732 0.379928 0.808917 0.379928 0.808917 0.376344 0.815287 0.369176 0.815287 0.365591 0.818471 0.362007 0.818471 0.354839
0 0.009554 0.379928 0.006369 0.397849 0.012739 0.405018 0.025478 0.412186 0.041401 0.412186 0.044586 0.415771 0.060510 0.415771 0.066879 0.412186 0.073248 0.401434 0.073248 0.390681 0.076433 0.387097 0.070064 0.372760 0.060510 0.362007 0.054140 0.362007 0.050955 0.358423 0.041401 0.358423 0.038217 0.362007 0.022293 0.365591
0 0.646497 0.383513 0.646497 0.405018 0.652866 0.415771 0.675159 0.415771 0.687898 0.405018 0.700637 0.401434 0.710191 0.394265 0.713376 0.387097 0.710191 0.372760 0.703822 0.369176 0.697452 0.372760 0.684713 0.372760 0.665605 0.358423 0.659236 0.358423 0.652866 0.365591
0 0.114650 0.365591 0.098726 0.365591 0.079618 0.383513 0.076433 0.401434 0.070064 0.412186 0.073248 0.422939 0.079618 0.430108 0.101911 0.433692 0.117834 0.422939 0.121019 0.376344
0 0.748408 0.365591 0.732484 0.379928 0.726115 0.394265 0.726115 0.408602 0.729299 0.415771 0.742038 0.426523 0.764331 0.426523 0.777070 0.415771 0.780255 0.408602 0.780255 0.394265 0.754777 0.365591
0 0.140127 0.412186 0.098726 0.437276 0.073248 0.491039 0.076433 0.508961 0.101911 0.508961 0.140127 0.491039 0.149682 0.448029 0.149682 0.426523
0 0.464968 0.415771 0.455414 0.415771 0.449045 0.422939 0.449045 0.426523 0.452229 0.430108 0.452229 0.433692 0.458599 0.433692 0.458599 0.430108 0.461783 0.426523 0.464968 0.426523
0 0.324841 0.448029 0.305732 0.448029 0.292994 0.455197 0.283439 0.465950 0.273885 0.487455 0.273885 0.508961 0.280255 0.516129 0.302548 0.519713 0.324841 0.508961 0.337580 0.480287 0.337580 0.465950
0 0.439490 0.448029 0.433121 0.455197 0.429936 0.465950 0.436306 0.476703 0.436306 0.483871 0.449045 0.498208 0.455414 0.498208 0.464968 0.483871 0.464968 0.465950 0.461783 0.462366 0.461783 0.458781 0.452229 0.448029
0 0.684713 0.451613 0.684713 0.462366 0.691083 0.469534 0.694268 0.469534 0.697452 0.473118 0.710191 0.473118 0.710191 0.455197 0.707006 0.451613 0.703822 0.451613 0.700637 0.448029 0.691083 0.448029 0.687898 0.451613
0 0.031847 0.451613 0.019108 0.469534 0.019108 0.483871 0.025478 0.501792 0.025478 0.530466 0.028662 0.541219 0.041401 0.541219 0.047771 0.537634 0.057325 0.519713 0.060510 0.491039 0.047771 0.458781 0.041401 0.451613
0 0.547771 0.480287 0.531847 0.473118 0.509554 0.473118 0.503185 0.476703 0.493631 0.487455 0.493631 0.494624 0.490446 0.498208 0.490446 0.512545 0.493631 0.519713 0.506369 0.534050 0.515924 0.534050 0.522293 0.530466 0.547771 0.498208 0.550955 0.491039 0.550955 0.483871
0 0.394904 0.498208 0.385350 0.501792 0.366242 0.537634 0.366242 0.562724 0.375796 0.580645 0.382166 0.609319 0.388535 0.609319 0.394904 0.598566 0.394904 0.573477 0.401274 0.548387 0.401274 0.501792
0 0.891720 0.498208 0.888535 0.498208 0.882166 0.505376 0.878981 0.505376 0.869427 0.519713 0.869427 0.541219 0.875796 0.551971 0.882166 0.551971 0.885350 0.548387 0.888535 0.548387 0.898089 0.534050 0.898089 0.526882 0.901274 0.523297 0.901274 0.512545
0 0.216561 0.508961 0.207006 0.523297 0.210191 0.569892 0.232484 0.598566 0.248408 0.598566 0.267516 0.591398 0.277070 0.580645 0.277070 0.566308 0.267516 0.519713 0.261146 0.508961 0.248408 0.501792 0.229299 0.501792
0 0.152866 0.516129 0.149682 0.523297 0.149682 0.541219 0.156051 0.559140 0.168790 0.573477 0.203822 0.573477 0.207006 0.569892 0.207006 0.548387 0.203822 0.544803 0.203822 0.523297 0.207006 0.516129 0.203822 0.519713 0.194268 0.505376 0.175159 0.505376
0 0.582803 0.505376 0.576433 0.505376 0.573248 0.508961 0.563694 0.512545 0.557325 0.519713 0.557325 0.526882 0.550955 0.534050 0.550955 0.537634 0.547771 0.541219 0.547771 0.548387 0.544586 0.551971 0.547771 0.555556 0.554140 0.555556 0.563694 0.544803 0.566879 0.544803 0.566879 0.541219 0.570064 0.537634 0.573248 0.537634 0.573248 0.534050 0.579618 0.526882 0.579618 0.523297 0.585987 0.512545 0.585987 0.508961
0 0.687898 0.534050 0.681529 0.541219 0.681529 0.555556 0.687898 0.562724 0.707006 0.569892 0.710191 0.577061 0.719745 0.577061 0.716561 0.573477 0.719745 0.569892 0.719745 0.562724 0.722930 0.559140 0.729299 0.559140 0.726115 0.551971 0.726115 0.537634 0.716561 0.530466 0.694268 0.530466
0 0.089172 0.573477 0.079618 0.584229 0.079618 0.591398 0.082803 0.594982 0.085987 0.605735 0.092357 0.612903 0.095541 0.612903 0.098726 0.616487 0.105096 0.609319 0.105096 0.605735 0.108280 0.602151 0.108280 0.594982 0.105096 0.591398 0.105096 0.587814 0.098726 0.580645 0.098726 0.577061 0.095541 0.573477
0 0.334395 0.612903 0.328025 0.620072 0.328025 0.627240 0.324841 0.630824 0.324841 0.659498 0.340764 0.691756 0.350318 0.691756 0.356688 0.684588 0.356688 0.670251 0.359873 0.663082 0.353503 0.655914 0.353503 0.641577 0.350318 0.637993 0.347134 0.620072 0.340764 0.612903
0 0.124204 0.630824 0.114650 0.645161 0.114650 0.663082 0.124204 0.695341 0.136943 0.702509 0.165605 0.702509 0.171975 0.698925 0.184713 0.681004 0.178344 0.663082 0.165605 0.648746 0.140127 0.634409
0 0.624204 0.630824 0.617834 0.630824 0.592357 0.659498 0.592357 0.663082 0.585987 0.670251 0.585987 0.681004 0.595541 0.681004 0.598726 0.684588 0.611465 0.684588 0.617834 0.677419 0.621019 0.670251 0.621019 0.663082 0.624204 0.659498 0.624204 0.648746 0.627389 0.645161 0.627389 0.637993
0 0.388535 0.634409 0.382166 0.637993 0.359873 0.670251 0.359873 0.688172 0.378981 0.709677 0.385350 0.713262 0.401274 0.713262 0.407643 0.709677 0.417197 0.695341 0.423567 0.677419 0.423567 0.663082 0.414013 0.648746
0 0.535032 0.634409 0.525478 0.634409 0.509554 0.652330 0.496815 0.673835 0.490446 0.691756 0.490446 0.698925 0.496815 0.709677 0.509554 0.713262 0.522293 0.702509 0.522293 0.688172 0.544586 0.655914 0.544586 0.645161
0 0.710191 0.641577 0.707006 0.645161 0.707006 0.663082 0.710191 0.666667 0.710191 0.670251 0.726115 0.681004 0.735669 0.681004 0.742038 0.673835 0.742038 0.655914 0.738854 0.652330 0.738854 0.648746 0.732484 0.641577 0.729299 0.641577 0.726115 0.637993 0.716561 0.637993 0.713376 0.641577
0 0.098726 0.652330 0.060510 0.691756 0.060510 0.706093 0.066879 0.727599 0.085987 0.749104 0.095541 0.752688 0.111465 0.749104 0.121019 0.734767 0.121019 0.706093 0.117834 0.702509 0.121019 0.688172 0.114650 0.666667
0 0.321656 0.655914 0.296178 0.652330 0.289809 0.655914 0.277070 0.677419 0.277070 0.695341 0.280255 0.698925 0.283439 0.724014 0.296178 0.720430 0.308917 0.709677 0.331210 0.709677 0.340764 0.695341 0.334395 0.688172
0 0.764331 0.659498 0.761146 0.659498 0.754777 0.666667 0.754777 0.677419 0.751592 0.681004 0.751592 0.695341 0.761146 0.695341 0.761146 0.691756 0.764331 0.688172 0.764331 0.681004 0.767516 0.677419 0.767516 0.663082
0 0.254777 0.663082 0.248408 0.663082 0.232484 0.673835 0.219745 0.688172 0.213376 0.702509 0.213376 0.727599 0.222930 0.745520 0.238854 0.759857 0.257962 0.756272 0.273885 0.738351 0.280255 0.724014 0.273885 0.684588
0 0.834395 0.677419 0.834395 0.688172 0.837580 0.691756 0.840764 0.691756 0.843949 0.695341 0.856688 0.695341 0.859873 0.691756 0.859873 0.681004 0.853503 0.673835 0.837580 0.673835
0 0.828025 0.706093 0.818471 0.706093 0.815287 0.709677 0.815287 0.716846 0.812102 0.720430 0.812102 0.727599 0.815287 0.731183 0.815287 0.734767 0.818471 0.734767 0.821656 0.738351 0.824841 0.734767 0.828025 0.734767 0.834395 0.727599 0.834395 0.713262
0 0.687898 0.720430 0.684713 0.724014 0.681529 0.724014 0.675159 0.731183 0.675159 0.738351 0.671975 0.741935 0.671975 0.749104 0.678344 0.756272 0.687898 0.756272 0.697452 0.745520 0.697452 0.727599
0 0.585987 0.727599 0.576433 0.727599 0.573248 0.731183 0.560510 0.731183 0.554140 0.734767 0.554140 0.738351 0.535032 0.756272 0.528662 0.770609 0.528662 0.784946 0.535032 0.788530 0.541401 0.784946 0.547771 0.788530 0.560510 0.774194 0.560510 0.767025 0.576433 0.749104 0.576433 0.738351 0.585987 0.731183
0 0.506369 0.738351 0.487261 0.738351 0.471338 0.752688 0.464968 0.767025 0.464968 0.784946 0.474522 0.795699 0.480892 0.799283 0.496815 0.799283 0.512739 0.781362 0.519108 0.767025 0.519108 0.756272 0.512739 0.741935
0 0.617834 0.738351 0.598726 0.741935 0.582803 0.756272 0.570064 0.784946 0.573248 0.795699 0.579618 0.802867 0.595541 0.802867 0.614650 0.784946 0.624204 0.767025 0.624204 0.745520
0 0.757962 0.752688 0.748408 0.759857 0.748408 0.774194 0.764331 0.792115 0.764331 0.795699 0.770701 0.795699 0.780255 0.788530 0.780255 0.770609 0.777070 0.767025 0.777070 0.763441 0.770701 0.756272 0.767516 0.756272 0.764331 0.752688
0 0.426752 0.795699 0.410828 0.806452 0.394904 0.842294 0.394904 0.867384 0.410828 0.888889 0.429936 0.888889 0.442675 0.874552 0.449045 0.856631 0.452229 0.831541 0.445860 0.806452
0 0.003185 0.813620 0.003185 0.853047 0.000000 0.856631 0.000000 0.860215 0.003185 0.863799 0.009554 0.863799 0.009554 0.860215 0.012739 0.856631 0.012739 0.835125 0.009554 0.831541 0.009554 0.824373
0 0.601911 0.817204 0.592357 0.824373 0.585987 0.838710 0.582803 0.874552 0.598726 0.888889 0.614650 0.896057 0.621019 0.892473 0.627389 0.878136 0.627389 0.835125 0.621019 0.824373 0.608280 0.817204
0 0.856688 0.827957 0.853503 0.827957 0.843949 0.838710 0.843949 0.842294 0.840764 0.845878 0.840764 0.860215 0.843949 0.863799 0.843949 0.870968 0.850318 0.878136 0.853503 0.878136 0.866242 0.860215 0.866242 0.849462 0.863057 0.845878 0.863057 0.838710
0 0.882166 0.835125 0.878981 0.835125 0.869427 0.845878 0.869427 0.860215 0.872611 0.860215 0.875796 0.863799 0.878981 0.863799 0.885350 0.856631 0.885350 0.853047 0.888535 0.849462 0.888535 0.845878 0.885350 0.842294 0.885350 0.838710
0 0.697452 0.856631 0.687898 0.856631 0.684713 0.860215 0.681529 0.860215 0.675159 0.867384 0.675159 0.870968 0.671975 0.874552 0.671975 0.881720 0.675159 0.885305 0.675159 0.888889 0.681529 0.896057 0.684713 0.896057 0.687898 0.899642 0.691083 0.899642 0.700637 0.888889 0.700637 0.860215
0 0.092357 0.863799 0.066879 0.867384 0.031847 0.892473 0.019108 0.910394 0.019108 0.928315 0.031847 0.935484 0.076433 0.913978 0.092357 0.881720
0 0.802548 0.863799 0.796178 0.870968 0.796178 0.881720 0.799363 0.885305 0.799363 0.888889 0.802548 0.892473 0.815287 0.892473 0.818471 0.888889 0.818471 0.870968 0.812102 0.863799
0 0.732484 0.870968 0.722930 0.870968 0.719745 0.874552 0.716561 0.874552 0.710191 0.881720 0.710191 0.888889 0.713376 0.892473 0.713376 0.899642 0.716561 0.899642 0.719745 0.896057 0.729299 0.896057 0.735669 0.888889 0.735669 0.878136 0.732484 0.874552
0 0.509554 0.881720 0.509554 0.903226 0.503185 0.910394 0.506369 0.924731 0.519108 0.949821 0.528662 0.960573 0.541401 0.964158 0.541401 0.953405 0.535032 0.942652 0.535032 0.924731 0.528662 0.913978 0.525478 0.892473 0.522293 0.885305
0 0.802548 0.924731 0.802548 0.942652 0.805732 0.946237 0.821656 0.946237 0.824841 0.942652 0.828025 0.942652 0.828025 0.939068 0.831210 0.935484 0.831210 0.931900 0.828025 0.928315 0.828025 0.924731 0.821656 0.917563 0.808917 0.917563
0 0.146497 0.967742 0.146497 0.992832 0.152866 0.996416 0.207006 0.996416 0.210191 0.992832 0.219745 0.992832 0.213376 0.978495 0.203822 0.967742 0.191083 0.960573 0.159236 0.956989
0 0.834395 0.964158 0.831210 0.964158 0.821656 0.974910 0.821656 0.989247 0.824841 0.992832 0.837580 0.992832 0.840764 0.989247 0.840764 0.978495 0.837580 0.974910 0.837580 0.967742
0 0.863057 0.964158 0.856688 0.974910 0.856688 0.989247 0.863057 0.996416 0.872611 0.996416 0.878981 0.989247 0.878981 0.971326 0.875796 0.967742 0.875796 0.964158
