0 0.181529 0.111111 0.178344 0.107527 0.175159 0.107527 0.171975 0.103943 0.168790 0.103943 0.165605 0.107527 0.159236 0.107527 0.152866 0.114695 0.152866 0.121864 0.159236 0.129032 0.171975 0.129032 0.175159 0.125448 0.178344 0.125448 0.181529 0.121864
0 0.050955 0.107527 0.047771 0.111111 0.047771 0.129032 0.050955 0.129032 0.054140 0.132616 0.060510 0.125448 0.060510 0.111111 0.057325 0.111111 0.054140 0.107527
0 0.477707 0.114695 0.474522 0.118280 0.471338 0.118280 0.464968 0.125448 0.464968 0.136201 0.471338 0.143369 0.474522 0.143369 0.477707 0.146953 0.484076 0.146953 0.487261 0.143369 0.490446 0.143369 0.490446 0.139785 0.493631 0.136201 0.493631 0.129032 0.487261 0.118280 0.484076 0.118280 0.480892 0.114695
0 0.270701 0.118280 0.267516 0.121864 0.264331 0.121864 0.257962 0.129032 0.257962 0.143369 0.264331 0.150538 0.267516 0.150538 0.270701 0.154122 0.273885 0.154122 0.283439 0.146953 0.283439 0.125448 0.280255 0.121864 0.277070 0.121864 0.273885 0.118280
0 0.232484 0.129032 0.229299 0.129032 0.226115 0.125448 0.216561 0.125448 0.210191 0.132616 0.210191 0.136201 0.207006 0.139785 0.207006 0.154122 0.213376 0.161290 0.219745 0.161290 0.222930 0.157706 0.226115 0.157706 0.235669 0.146953 0.235669 0.136201 0.232484 0.132616
0 0.079618 0.132616 0.073248 0.132616 0.070064 0.136201 0.066879 0.136201 0.063694 0.139785 0.063694 0.154122 0.066879 0.157706 0.076433 0.157706 0.082803 0.150538 0.082803 0.146953 0.085987 0.143369 0.082803 0.139785 0.082803 0.136201
0 0.028662 0.139785 0.025478 0.143369 0.028662 0.146953 0.028662 0.154122 0.035032 0.161290 0.038217 0.161290 0.041401 0.164875 0.044586 0.164875 0.044586 0.154122 0.038217 0.146953 0.038217 0.143369 0.035032 0.143369 0.031847 0.139785
0 0.859873 0.139785 0.856688 0.139785 0.853503 0.143369 0.847134 0.143369 0.837580 0.154122 0.837580 0.164875 0.843949 0.172043 0.853503 0.172043 0.856688 0.168459 0.856688 0.164875 0.859873 0.161290 0.859873 0.154122 0.863057 0.150538 0.863057 0.143369
0 0.159236 0.146953 0.159236 0.164875 0.162420 0.164875 0.171975 0.172043 0.175159 0.172043 0.184713 0.164875 0.184713 0.154122 0.181529 0.150538 0.181529 0.146953 0.178344 0.146953 0.175159 0.143369 0.165605 0.143369 0.162420 0.146953
0 0.519108 0.143369 0.509554 0.143369 0.506369 0.146953 0.503185 0.146953 0.500000 0.150538 0.500000 0.161290 0.506369 0.168459 0.509554 0.168459 0.512739 0.164875 0.515924 0.164875 0.515924 0.161290 0.522293 0.154122 0.522293 0.146953
0 0.789809 0.150538 0.789809 0.164875 0.796178 0.172043 0.812102 0.172043 0.815287 0.168459 0.815287 0.157706 0.805732 0.146953 0.799363 0.146953 0.796178 0.150538
0 0.095541 0.150538 0.092357 0.154122 0.092357 0.161290 0.089172 0.164875 0.089172 0.168459 0.092357 0.172043 0.092357 0.175627 0.095541 0.179211 0.108280 0.179211 0.111465 0.175627 0.114650 0.175627 0.117834 0.172043 0.117834 0.154122 0.114650 0.150538
0 0.296178 0.154122 0.289809 0.161290 0.289809 0.164875 0.286624 0.168459 0.286624 0.172043 0.289809 0.172043 0.296178 0.179211 0.299363 0.179211 0.302548 0.182796 0.312102 0.182796 0.318471 0.175627 0.318471 0.168459 0.315287 0.164875 0.315287 0.161290 0.305732 0.154122
0 0.452229 0.154122 0.449045 0.157706 0.449045 0.161290 0.445860 0.164875 0.445860 0.172043 0.449045 0.175627 0.452229 0.175627 0.455414 0.179211 0.461783 0.179211 0.468153 0.172043 0.468153 0.161290 0.461783 0.154122
0 0.541401 0.154122 0.531847 0.161290 0.531847 0.164875 0.528662 0.168459 0.528662 0.175627 0.531847 0.179211 0.531847 0.182796 0.541401 0.182796 0.544586 0.186380 0.550955 0.186380 0.554140 0.182796 0.557325 0.182796 0.557325 0.179211 0.554140 0.175627 0.557325 0.172043 0.557325 0.161290 0.554140 0.157706 0.554140 0.154122
0 0.560510 0.154122 0.557325 0.157706 0.560510 0.161290 0.560510 0.182796 0.576433 0.182796 0.582803 0.172043 0.582803 0.168459 0.579618 0.164875 0.579618 0.161290 0.573248 0.154122
0 0.732484 0.168459 0.732484 0.175627 0.735669 0.179211 0.754777 0.179211 0.757962 0.175627 0.767516 0.172043 0.770701 0.161290 0.761146 0.154122 0.745223 0.154122
0 0.414013 0.161290 0.414013 0.168459 0.426752 0.182796 0.436306 0.182796 0.439490 0.179211 0.439490 0.164875 0.436306 0.161290 0.433121 0.161290 0.429936 0.157706 0.423567 0.157706 0.420382 0.161290
0 0.611465 0.161290 0.608280 0.164875 0.608280 0.172043 0.614650 0.182796 0.617834 0.182796 0.621019 0.186380 0.627389 0.186380 0.630573 0.182796 0.633758 0.182796 0.633758 0.179211 0.636943 0.175627 0.636943 0.168459 0.627389 0.157706 0.621019 0.157706 0.617834 0.161290
0 0.242038 0.161290 0.235669 0.168459 0.235669 0.179211 0.242038 0.179211 0.245223 0.182796 0.251592 0.182796 0.254777 0.179211 0.254777 0.175627 0.257962 0.172043 0.254777 0.168459 0.254777 0.164875 0.251592 0.164875 0.248408 0.161290
0 0.382166 0.172043 0.378981 0.168459 0.375796 0.168459 0.369427 0.161290 0.366242 0.161290 0.363057 0.164875 0.359873 0.164875 0.356688 0.168459 0.356688 0.172043 0.353503 0.175627 0.353503 0.182796 0.356688 0.186380 0.372611 0.186380 0.375796 0.182796 0.378981 0.182796 0.378981 0.179211 0.382166 0.175627
0 0.885350 0.175627 0.882166 0.172043 0.872611 0.172043 0.869427 0.175627 0.869427 0.179211 0.859873 0.189964 0.856688 0.189964 0.850318 0.197133 0.843949 0.197133 0.840764 0.200717 0.840764 0.211470 0.859873 0.211470 0.872611 0.200717 0.875796 0.200717 0.885350 0.189964
0 0.694268 0.179211 0.687898 0.186380 0.687898 0.197133 0.694268 0.204301 0.697452 0.204301 0.700637 0.207885 0.710191 0.207885 0.713376 0.204301 0.713376 0.193548 0.716561 0.189964 0.713376 0.186380 0.713376 0.182796 0.710191 0.179211
0 0.410828 0.186380 0.407643 0.186380 0.404459 0.182796 0.398089 0.182796 0.394904 0.186380 0.391720 0.186380 0.391720 0.189964 0.382166 0.200717 0.382166 0.207885 0.385350 0.211470 0.385350 0.215054 0.388535 0.215054 0.391720 0.218638 0.401274 0.218638 0.414013 0.200717 0.414013 0.193548 0.410828 0.189964
0 0.480892 0.182796 0.474522 0.189964 0.474522 0.197133 0.477707 0.200717 0.477707 0.204301 0.480892 0.207885 0.484076 0.207885 0.487261 0.211470 0.493631 0.211470 0.500000 0.204301 0.500000 0.189964 0.493631 0.182796
0 0.041401 0.189964 0.041401 0.200717 0.047771 0.207885 0.057325 0.207885 0.060510 0.204301 0.063694 0.204301 0.063694 0.200717 0.054140 0.189964 0.054140 0.186380 0.044586 0.186380
0 0.085987 0.189964 0.076433 0.189964 0.073248 0.193548 0.070064 0.193548 0.066879 0.197133 0.066879 0.204301 0.063694 0.207885 0.070064 0.215054 0.079618 0.215054 0.082803 0.211470 0.085987 0.211470 0.089172 0.207885 0.089172 0.193548
0 0.649682 0.189964 0.646497 0.193548 0.643312 0.193548 0.640127 0.197133 0.640127 0.207885 0.643312 0.207885 0.646497 0.211470 0.652866 0.211470 0.659236 0.204301 0.659236 0.197133 0.656051 0.193548 0.652866 0.193548
0 0.433121 0.200717 0.433121 0.204301 0.429936 0.207885 0.433121 0.211470 0.433121 0.218638 0.436306 0.218638 0.439490 0.222222 0.449045 0.222222 0.452229 0.218638 0.452229 0.207885 0.449045 0.204301 0.449045 0.200717 0.442675 0.200717 0.439490 0.197133 0.436306 0.200717
0 0.732484 0.200717 0.732484 0.211470 0.738854 0.218638 0.757962 0.218638 0.761146 0.215054 0.764331 0.215054 0.770701 0.207885 0.770701 0.204301 0.761146 0.197133 0.735669 0.197133
0 0.347134 0.200717 0.343949 0.204301 0.343949 0.211470 0.347134 0.215054 0.353503 0.215054 0.359873 0.207885 0.353503 0.200717
0 0.108280 0.204301 0.101911 0.211470 0.101911 0.215054 0.098726 0.218638 0.098726 0.222222 0.101911 0.225806 0.101911 0.229391 0.108280 0.240143 0.117834 0.240143 0.117834 0.229391 0.121019 0.225806 0.121019 0.204301
0 0.585987 0.207885 0.582803 0.204301 0.566879 0.204301 0.563694 0.207885 0.560510 0.207885 0.560510 0.211470 0.557325 0.215054 0.557325 0.222222 0.560510 0.225806 0.570064 0.225806 0.573248 0.222222 0.576433 0.222222 0.582803 0.215054 0.582803 0.211470
0 0.015924 0.207885 0.012739 0.207885 0.009554 0.211470 0.006369 0.211470 0.003185 0.215054 0.003185 0.229391 0.006369 0.232975 0.009554 0.232975 0.012739 0.229391 0.015924 0.229391 0.015924 0.225806 0.022293 0.218638 0.022293 0.215054
0 0.143312 0.211470 0.136943 0.218638 0.136943 0.232975 0.143312 0.240143 0.149682 0.240143 0.159236 0.229391 0.159236 0.222222 0.156051 0.218638 0.156051 0.215054 0.152866 0.215054 0.149682 0.211470
0 0.289809 0.218638 0.286624 0.222222 0.286624 0.225806 0.283439 0.229391 0.286624 0.232975 0.286624 0.236559 0.292994 0.243728 0.305732 0.243728 0.308917 0.240143 0.308917 0.236559 0.312102 0.232975 0.312102 0.225806 0.305732 0.218638
0 0.888535 0.229391 0.882166 0.222222 0.875796 0.222222 0.872611 0.225806 0.866242 0.225806 0.856688 0.236559 0.856688 0.250896 0.859873 0.254480 0.872611 0.254480 0.875796 0.250896 0.878981 0.250896 0.888535 0.240143
0 0.264331 0.229391 0.261146 0.225806 0.257962 0.225806 0.254777 0.229391 0.248408 0.229391 0.245223 0.232975 0.242038 0.232975 0.238854 0.236559 0.242038 0.240143 0.264331 0.240143
0 0.468153 0.225806 0.461783 0.232975 0.461783 0.240143 0.464968 0.243728 0.474522 0.243728 0.480892 0.236559 0.480892 0.229391 0.477707 0.225806
0 0.512739 0.225806 0.506369 0.225806 0.500000 0.232975 0.496815 0.232975 0.496815 0.236559 0.493631 0.240143 0.496815 0.243728 0.496815 0.247312 0.500000 0.247312 0.503185 0.250896 0.506369 0.250896 0.509554 0.247312 0.512739 0.247312 0.515924 0.243728 0.515924 0.236559 0.519108 0.232975
0 0.066879 0.232975 0.066879 0.236559 0.070064 0.240143 0.070064 0.247312 0.079618 0.258065 0.085987 0.258065 0.089172 0.254480 0.092357 0.254480 0.092357 0.250896 0.095541 0.247312 0.092357 0.243728 0.092357 0.240143 0.089172 0.236559 0.085987 0.236559 0.082803 0.232975 0.079618 0.232975 0.076433 0.229391 0.073248 0.229391 0.070064 0.232975
0 0.417197 0.229391 0.414013 0.232975 0.414013 0.247312 0.420382 0.254480 0.433121 0.254480 0.439490 0.247312 0.439490 0.236559 0.436306 0.232975 0.433121 0.232975 0.429936 0.229391
0 0.563694 0.232975 0.560510 0.229391 0.554140 0.229391 0.550955 0.232975 0.544586 0.232975 0.538217 0.240143 0.538217 0.250896 0.541401 0.250896 0.544586 0.254480 0.557325 0.254480 0.560510 0.250896 0.563694 0.250896
0 0.184713 0.232975 0.181529 0.236559 0.181529 0.240143 0.178344 0.243728 0.181529 0.247312 0.181529 0.250896 0.184713 0.254480 0.197452 0.254480 0.200637 0.250896 0.200637 0.240143 0.194268 0.232975
0 0.347134 0.247312 0.347134 0.250896 0.353503 0.258065 0.356688 0.258065 0.359873 0.261649 0.363057 0.261649 0.366242 0.258065 0.375796 0.258065 0.375796 0.236559 0.363057 0.236559 0.359873 0.240143 0.353503 0.240143
0 0.378981 0.236559 0.378981 0.258065 0.375796 0.261649 0.382166 0.268817 0.388535 0.268817 0.401274 0.254480 0.401274 0.247312 0.394904 0.236559
0 0.751592 0.247312 0.748408 0.247312 0.738854 0.258065 0.738854 0.275986 0.742038 0.275986 0.745223 0.279570 0.751592 0.279570 0.757962 0.272401 0.757962 0.254480
0 0.054140 0.250896 0.044586 0.250896 0.041401 0.254480 0.031847 0.258065 0.031847 0.261649 0.028662 0.265233 0.028662 0.283154 0.031847 0.286738 0.031847 0.290323 0.035032 0.290323 0.044586 0.279570 0.054140 0.275986 0.060510 0.268817 0.060510 0.261649
0 0.589172 0.254480 0.589172 0.265233 0.592357 0.268817 0.595541 0.279570 0.598726 0.279570 0.605096 0.286738 0.617834 0.286738 0.621019 0.283154 0.621019 0.279570 0.624204 0.275986 0.621019 0.272401 0.621019 0.268817 0.614650 0.261649 0.611465 0.261649 0.608280 0.258065 0.601911 0.258065 0.598726 0.254480
0 0.668790 0.265233 0.662420 0.272401 0.662420 0.283154 0.665605 0.286738 0.665605 0.290323 0.668790 0.290323 0.671975 0.293907 0.678344 0.293907 0.681529 0.290323 0.684713 0.290323 0.684713 0.286738 0.687898 0.283154 0.684713 0.279570 0.684713 0.275986 0.675159 0.265233
0 0.808917 0.265233 0.805732 0.268817 0.802548 0.268817 0.799363 0.272401 0.796178 0.268817 0.789809 0.268817 0.789809 0.272401 0.786624 0.275986 0.789809 0.279570 0.802548 0.279570 0.808917 0.272401
0 0.149682 0.275986 0.149682 0.279570 0.152866 0.283154 0.152866 0.286738 0.156051 0.286738 0.162420 0.293907 0.175159 0.293907 0.181529 0.286738 0.184713 0.286738 0.184713 0.275986 0.181529 0.272401 0.165605 0.272401 0.162420 0.268817 0.159236 0.272401 0.152866 0.272401
0 0.544586 0.275986 0.544586 0.283154 0.547771 0.286738 0.554140 0.286738 0.557325 0.290323 0.566879 0.290323 0.573248 0.283154 0.570064 0.279570 0.570064 0.272401 0.566879 0.272401 0.563694 0.268817 0.554140 0.268817 0.550955 0.272401 0.547771 0.272401
0 0.006369 0.272401 0.000000 0.272401 0.000000 0.297491 0.003185 0.301075 0.009554 0.293907 0.009554 0.275986
0 0.079618 0.272401 0.073248 0.279570 0.073248 0.297491 0.076433 0.297491 0.079618 0.301075 0.089172 0.301075 0.092357 0.297491 0.095541 0.297491 0.101911 0.286738 0.101911 0.279570 0.092357 0.272401
0 0.487261 0.272401 0.480892 0.283154 0.480892 0.301075 0.484076 0.304659 0.484076 0.308244 0.487261 0.308244 0.490446 0.311828 0.493631 0.308244 0.496815 0.308244 0.503185 0.301075 0.503185 0.290323 0.500000 0.286738 0.500000 0.283154 0.490446 0.272401
0 0.417197 0.283154 0.417197 0.290323 0.423567 0.297491 0.423567 0.301075 0.433121 0.301075 0.436306 0.297491 0.442675 0.297491 0.442675 0.283154 0.436306 0.275986 0.426752 0.275986 0.423567 0.279570 0.420382 0.279570
0 0.050955 0.297491 0.047771 0.297491 0.044586 0.293907 0.041401 0.297491 0.038217 0.297491 0.038217 0.311828 0.047771 0.311828 0.050955 0.308244
0 0.140127 0.293907 0.136943 0.297491 0.133758 0.297491 0.133758 0.304659 0.136943 0.308244 0.136943 0.315412 0.140127 0.318996 0.140127 0.326165 0.156051 0.347670 0.162420 0.340502 0.162420 0.322581 0.159236 0.318996 0.159236 0.311828 0.156051 0.308244 0.156051 0.304659 0.149682 0.297491 0.143312 0.297491
0 0.528662 0.293907 0.525478 0.297491 0.522293 0.297491 0.515924 0.304659 0.515924 0.315412 0.519108 0.318996 0.519108 0.322581 0.525478 0.329749 0.535032 0.333333 0.538217 0.329749 0.544586 0.329749 0.547771 0.326165 0.547771 0.322581 0.550955 0.318996 0.550955 0.311828 0.547771 0.308244 0.547771 0.304659 0.541401 0.297491 0.538217 0.297491 0.535032 0.293907
0 0.085987 0.304659 0.079618 0.304659 0.076433 0.301075 0.073248 0.301075 0.063694 0.311828 0.060510 0.311828 0.054140 0.322581 0.057325 0.326165 0.057325 0.329749 0.060510 0.333333 0.066879 0.333333 0.070064 0.329749 0.073248 0.329749 0.085987 0.315412
0 0.452229 0.308244 0.445860 0.301075 0.436306 0.301075 0.433121 0.304659 0.423567 0.304659 0.423567 0.308244 0.420382 0.311828 0.420382 0.318996 0.423567 0.318996 0.426752 0.322581 0.442675 0.322581 0.452229 0.311828
0 0.601911 0.308244 0.601911 0.315412 0.611465 0.326165 0.627389 0.326165 0.636943 0.315412 0.636943 0.311828 0.633758 0.308244 0.633758 0.304659 0.630573 0.304659 0.627389 0.301075 0.608280 0.301075
0 0.308917 0.304659 0.302548 0.311828 0.302548 0.315412 0.299363 0.318996 0.299363 0.326165 0.305732 0.333333 0.318471 0.333333 0.321656 0.329749 0.321656 0.326165 0.324841 0.322581 0.324841 0.315412 0.321656 0.311828 0.321656 0.308244 0.318471 0.304659
0 0.707006 0.304659 0.700637 0.311828 0.700637 0.322581 0.707006 0.329749 0.710191 0.329749 0.713376 0.333333 0.716561 0.333333 0.719745 0.329749 0.722930 0.329749 0.722930 0.326165 0.726115 0.322581 0.722930 0.318996 0.722930 0.315412 0.719745 0.311828 0.719745 0.308244 0.716561 0.308244 0.713376 0.304659
0 0.226115 0.318996 0.226115 0.329749 0.232484 0.336918 0.238854 0.336918 0.242038 0.340502 0.245223 0.340502 0.248408 0.336918 0.251592 0.336918 0.251592 0.329749 0.238854 0.315412 0.235669 0.315412 0.232484 0.311828
0 0.595541 0.311828 0.592357 0.315412 0.589172 0.315412 0.582803 0.322581 0.582803 0.336918 0.589172 0.344086 0.592357 0.344086 0.595541 0.347670 0.601911 0.347670 0.605096 0.344086 0.605096 0.333333 0.608280 0.329749 0.608280 0.326165 0.598726 0.315412 0.598726 0.311828
0 0.831210 0.315412 0.812102 0.315412 0.802548 0.326165 0.802548 0.329749 0.799363 0.333333 0.799363 0.347670 0.805732 0.358423 0.821656 0.358423 0.831210 0.347670 0.831210 0.344086 0.834395 0.340502 0.834395 0.318996
0 0.200637 0.322581 0.194268 0.329749 0.194268 0.340502 0.197452 0.344086 0.210191 0.344086 0.216561 0.336918 0.216561 0.333333 0.213376 0.329749 0.213376 0.326165 0.210191 0.322581
0 0.028662 0.326165 0.019108 0.326165 0.012739 0.333333 0.012739 0.336918 0.009554 0.340502 0.009554 0.347670 0.012739 0.351254 0.012739 0.354839 0.015924 0.354839 0.019108 0.358423 0.022293 0.358423 0.025478 0.354839 0.031847 0.354839 0.035032 0.351254 0.035032 0.336918
0 0.700637 0.347670 0.694268 0.340502 0.684713 0.340502 0.681529 0.344086 0.678344 0.344086 0.678344 0.347670 0.675159 0.351254 0.675159 0.362007 0.678344 0.365591 0.687898 0.365591 0.691083 0.362007 0.694268 0.362007 0.700637 0.354839
0 0.859873 0.344086 0.850318 0.344086 0.843949 0.351254 0.843949 0.358423 0.840764 0.362007 0.840764 0.372760 0.843949 0.376344 0.843949 0.379928 0.847134 0.379928 0.850318 0.383513 0.853503 0.379928 0.856688 0.379928 0.863057 0.372760 0.863057 0.369176 0.866242 0.365591 0.866242 0.351254
0 0.057325 0.347670 0.041401 0.347670 0.035032 0.354839 0.035032 0.362007 0.044586 0.372760 0.047771 0.372760 0.050955 0.369176 0.050955 0.365591 0.060510 0.354839 0.060510 0.351254
0 0.334395 0.347670 0.331210 0.351254 0.331210 0.354839 0.328025 0.358423 0.328025 0.362007 0.331210 0.365591 0.337580 0.365591 0.340764 0.369176 0.343949 0.369176 0.343949 0.362007 0.347134 0.358423 0.347134 0.347670
0 0.350318 0.347670 0.350318 0.358423 0.347134 0.362007 0.347134 0.369176 0.343949 0.372760 0.343949 0.383513 0.347134 0.387097 0.356688 0.387097 0.359873 0.383513 0.369427 0.379928 0.375796 0.372760 0.375796 0.362007 0.372611 0.358423 0.369427 0.358423 0.366242 0.354839 0.363057 0.354839 0.359873 0.351254
0 0.611465 0.365591 0.611465 0.379928 0.614650 0.383513 0.630573 0.383513 0.633758 0.379928 0.636943 0.379928 0.636943 0.369176 0.633758 0.365591 0.630573 0.365591 0.627389 0.362007 0.614650 0.362007
0 0.070064 0.365591 0.070064 0.369176 0.066879 0.372760 0.066879 0.379928 0.070064 0.383513 0.070064 0.387097 0.079618 0.397849 0.085987 0.397849 0.092357 0.405018 0.105096 0.405018 0.108280 0.401434 0.108280 0.397849 0.111465 0.394265 0.111465 0.376344 0.108280 0.376344 0.092357 0.365591
0 0.248408 0.372760 0.248408 0.383513 0.257962 0.394265 0.261146 0.394265 0.270701 0.401434 0.280255 0.397849 0.286624 0.390681 0.286624 0.376344 0.283439 0.376344 0.277070 0.369176 0.251592 0.369176
0 0.000000 0.372760 0.000000 0.390681 0.003185 0.394265 0.006369 0.394265 0.009554 0.390681 0.009554 0.376344 0.006369 0.372760
0 0.719745 0.376344 0.716561 0.372760 0.707006 0.372760 0.703822 0.376344 0.697452 0.376344 0.691083 0.383513 0.691083 0.387097 0.687898 0.390681 0.687898 0.394265 0.691083 0.397849 0.703822 0.397849 0.707006 0.394265 0.710191 0.394265 0.716561 0.387097 0.716561 0.383513 0.719745 0.379928
0 0.605096 0.401434 0.605096 0.405018 0.611465 0.412186 0.630573 0.412186 0.633758 0.408602 0.633758 0.397849 0.630573 0.394265 0.630573 0.390681 0.627389 0.387097 0.617834 0.387097
0 0.216561 0.390681 0.210191 0.397849 0.210191 0.408602 0.216561 0.415771 0.219745 0.415771 0.222930 0.419355 0.226115 0.419355 0.229299 0.415771 0.232484 0.415771 0.235669 0.412186 0.235669 0.397849 0.229299 0.390681
0 0.302548 0.397849 0.296178 0.405018 0.296178 0.419355 0.299363 0.419355 0.302548 0.422939 0.318471 0.422939 0.321656 0.419355 0.321656 0.415771 0.324841 0.412186 0.321656 0.408602 0.321656 0.405018 0.318471 0.401434 0.312102 0.401434 0.308917 0.397849
0 0.372611 0.397849 0.369427 0.401434 0.366242 0.401434 0.363057 0.405018 0.363057 0.412186 0.366242 0.415771 0.366242 0.419355 0.369427 0.422939 0.372611 0.419355 0.378981 0.426523 0.388535 0.415771 0.388535 0.408602 0.378981 0.397849
0 0.420382 0.405018 0.420382 0.415771 0.423567 0.419355 0.426752 0.419355 0.429936 0.422939 0.433121 0.422939 0.436306 0.419355 0.439490 0.419355 0.445860 0.412186 0.445860 0.408602 0.439490 0.401434 0.423567 0.401434
0 0.544586 0.401434 0.538217 0.408602 0.538217 0.419355 0.541401 0.422939 0.541401 0.426523 0.550955 0.437276 0.560510 0.437276 0.563694 0.433692 0.563694 0.412186 0.557325 0.405018 0.554140 0.405018 0.550955 0.401434
0 0.458599 0.405018 0.458599 0.419355 0.461783 0.422939 0.464968 0.422939 0.468153 0.426523 0.471338 0.426523 0.474522 0.430108 0.477707 0.430108 0.480892 0.426523 0.484076 0.426523 0.484076 0.412186 0.480892 0.408602 0.477707 0.408602 0.474522 0.405018
0 0.882166 0.412186 0.875796 0.415771 0.869427 0.415771 0.856688 0.426523 0.856688 0.430108 0.847134 0.444444 0.847134 0.462366 0.850318 0.465950 0.856688 0.465950 0.859873 0.469534 0.866242 0.465950 0.882166 0.444444 0.888535 0.430108 0.888535 0.419355
0 0.124204 0.415771 0.117834 0.415771 0.114650 0.419355 0.111465 0.419355 0.105096 0.426523 0.105096 0.430108 0.101911 0.433692 0.101911 0.437276 0.108280 0.444444 0.114650 0.444444 0.117834 0.440860 0.121019 0.440860 0.121019 0.437276 0.124204 0.433692 0.124204 0.430108 0.127389 0.426523 0.127389 0.419355
0 0.057325 0.440860 0.054140 0.437276 0.050955 0.437276 0.047771 0.433692 0.038217 0.430108 0.035032 0.433692 0.031847 0.433692 0.022293 0.440860 0.022293 0.455197 0.028662 0.462366 0.038217 0.462366 0.041401 0.458781 0.047771 0.458781 0.057325 0.451613
0 0.515924 0.430108 0.509554 0.437276 0.509554 0.451613 0.515924 0.458781 0.528662 0.458781 0.531847 0.455197 0.531847 0.451613 0.535032 0.448029 0.535032 0.444444 0.531847 0.440860 0.531847 0.437276 0.528662 0.433692 0.522293 0.433692 0.519108 0.430108
0 0.324841 0.433692 0.324841 0.437276 0.321656 0.440860 0.321656 0.448029 0.324841 0.451613 0.324841 0.455197 0.331210 0.462366 0.350318 0.462366 0.353503 0.458781 0.353503 0.451613 0.347134 0.444444 0.347134 0.440860 0.340764 0.433692
0 0.178344 0.448029 0.178344 0.455197 0.181529 0.458781 0.191083 0.458781 0.194268 0.462366 0.200637 0.462366 0.210191 0.455197 0.210191 0.448029 0.200637 0.437276 0.191083 0.437276 0.187898 0.440860 0.184713 0.440860
0 0.261146 0.440860 0.261146 0.444444 0.257962 0.448029 0.257962 0.455197 0.264331 0.462366 0.267516 0.462366 0.270701 0.465950 0.277070 0.465950 0.286624 0.458781 0.286624 0.451613 0.280255 0.440860 0.277070 0.440860 0.273885 0.437276 0.267516 0.437276 0.264331 0.440860
0 0.130573 0.448029 0.124204 0.455197 0.124204 0.469534 0.130573 0.476703 0.133758 0.476703 0.136943 0.480287 0.140127 0.480287 0.149682 0.473118 0.149682 0.462366 0.146497 0.458781 0.146497 0.455197 0.140127 0.448029
0 0.477707 0.448029 0.471338 0.455197 0.471338 0.469534 0.480892 0.480287 0.484076 0.480287 0.490446 0.473118 0.484076 0.465950 0.487261 0.462366 0.487261 0.448029
0 0.643312 0.448029 0.640127 0.451613 0.636943 0.451613 0.636943 0.455197 0.633758 0.458781 0.633758 0.480287 0.636943 0.480287 0.640127 0.483871 0.652866 0.483871 0.662420 0.476703 0.662420 0.473118 0.665605 0.469534 0.665605 0.462366 0.662420 0.458781 0.662420 0.455197 0.656051 0.448029
0 0.082803 0.473118 0.082803 0.476703 0.079618 0.480287 0.079618 0.498208 0.082803 0.498208 0.085987 0.501792 0.101911 0.501792 0.105096 0.498208 0.105096 0.491039 0.108280 0.487455 0.105096 0.483871 0.105096 0.476703 0.095541 0.469534 0.089172 0.469534 0.085987 0.473118
0 0.576433 0.469534 0.563694 0.469534 0.560510 0.473118 0.560510 0.483871 0.566879 0.491039 0.579618 0.476703 0.576433 0.473118
0 0.187898 0.476703 0.181529 0.483871 0.181529 0.491039 0.187898 0.498208 0.191083 0.498208 0.194268 0.501792 0.203822 0.501792 0.210191 0.494624 0.207006 0.491039 0.207006 0.487455 0.200637 0.480287 0.197452 0.480287 0.194268 0.476703
0 0.219745 0.480287 0.219745 0.487455 0.222930 0.491039 0.222930 0.494624 0.226115 0.498208 0.242038 0.498208 0.242038 0.494624 0.245223 0.491039 0.232484 0.476703 0.222930 0.476703
0 0.509554 0.480287 0.509554 0.491039 0.519108 0.498208 0.525478 0.498208 0.528662 0.501792 0.531847 0.501792 0.541401 0.494624 0.541401 0.483871 0.531847 0.476703 0.515924 0.476703 0.512739 0.480287
0 0.449045 0.487455 0.442675 0.494624 0.442675 0.508961 0.449045 0.516129 0.452229 0.516129 0.455414 0.519713 0.461783 0.519713 0.464968 0.516129 0.468153 0.516129 0.468153 0.512545 0.471338 0.508961 0.471338 0.501792 0.468153 0.498208 0.468153 0.494624 0.464968 0.491039 0.458599 0.491039 0.455414 0.487455
0 0.821656 0.494624 0.812102 0.505376 0.812102 0.523297 0.821656 0.530466 0.831210 0.530466 0.834395 0.526882 0.834395 0.519713 0.837580 0.516129 0.837580 0.508961 0.834395 0.505376 0.834395 0.498208 0.831210 0.494624
0 0.385350 0.501792 0.375796 0.512545 0.375796 0.530466 0.378981 0.534050 0.394904 0.534050 0.398089 0.530466 0.401274 0.530466 0.401274 0.526882 0.404459 0.523297 0.404459 0.519713 0.401274 0.516129 0.401274 0.512545 0.391720 0.501792
0 0.127389 0.508961 0.117834 0.508961 0.111465 0.516129 0.111465 0.530466 0.114650 0.534050 0.121019 0.534050 0.124204 0.530466 0.127389 0.530466 0.130573 0.526882 0.130573 0.512545
0 0.490446 0.512545 0.490446 0.519713 0.493631 0.519713 0.496815 0.523297 0.503185 0.523297 0.506369 0.526882 0.525478 0.526882 0.531847 0.519713 0.525478 0.512545 0.522293 0.512545 0.519108 0.508961 0.493631 0.508961
0 0.028662 0.519713 0.025478 0.519713 0.019108 0.512545 0.012739 0.512545 0.009554 0.516129 0.006369 0.516129 0.003185 0.519713 0.003185 0.537634 0.019108 0.537634 0.025478 0.530466 0.025478 0.526882 0.028662 0.523297
0 0.222930 0.523297 0.222930 0.534050 0.229299 0.541219 0.238854 0.541219 0.242038 0.537634 0.245223 0.537634 0.251592 0.530466 0.251592 0.523297 0.245223 0.516129 0.229299 0.516129
0 0.312102 0.523297 0.312102 0.534050 0.321656 0.541219 0.334395 0.541219 0.343949 0.530466 0.343949 0.523297 0.337580 0.516129 0.318471 0.516129
0 0.082803 0.519713 0.082803 0.534050 0.085987 0.537634 0.095541 0.537634 0.095541 0.534050 0.098726 0.530466 0.098726 0.523297 0.095541 0.519713
0 0.789809 0.530466 0.783439 0.537634 0.783439 0.555556 0.786624 0.559140 0.786624 0.562724 0.792994 0.569892 0.805732 0.569892 0.812102 0.559140 0.812102 0.551971 0.808917 0.548387 0.808917 0.544803 0.796178 0.530466
0 0.178344 0.537634 0.178344 0.551971 0.184713 0.559140 0.197452 0.559140 0.207006 0.551971 0.207006 0.537634 0.203822 0.534050 0.181529 0.534050
0 0.423567 0.551971 0.414013 0.544803 0.410828 0.548387 0.401274 0.548387 0.391720 0.555556 0.391720 0.566308 0.398089 0.573477 0.414013 0.573477 0.417197 0.569892 0.420382 0.569892 0.420382 0.566308 0.423567 0.562724
0 0.022293 0.559140 0.022293 0.566308 0.028662 0.573477 0.031847 0.573477 0.035032 0.577061 0.041401 0.577061 0.044586 0.573477 0.047771 0.573477 0.054140 0.562724 0.054140 0.555556 0.047771 0.548387 0.031847 0.548387
0 0.121019 0.548387 0.117834 0.551971 0.111465 0.551971 0.111465 0.555556 0.108280 0.559140 0.108280 0.573477 0.114650 0.580645 0.117834 0.580645 0.121019 0.577061 0.124204 0.577061 0.127389 0.573477 0.130573 0.573477 0.130573 0.566308 0.133758 0.562724 0.133758 0.559140 0.127389 0.551971 0.124204 0.551971
0 0.222930 0.555556 0.222930 0.562724 0.229299 0.569892 0.238854 0.569892 0.242038 0.566308 0.245223 0.566308 0.245223 0.555556 0.242038 0.551971 0.226115 0.551971
0 0.070064 0.566308 0.066879 0.569892 0.066879 0.580645 0.070064 0.584229 0.073248 0.584229 0.076433 0.580645 0.076433 0.577061 0.079618 0.573477 0.073248 0.566308
0 0.286624 0.573477 0.283439 0.577061 0.283439 0.584229 0.289809 0.594982 0.292994 0.594982 0.296178 0.598566 0.305732 0.598566 0.312102 0.591398 0.312102 0.584229 0.305732 0.573477 0.299363 0.573477 0.296178 0.569892 0.292994 0.569892 0.289809 0.573477
0 0.197452 0.573477 0.191083 0.580645 0.191083 0.591398 0.194268 0.594982 0.207006 0.594982 0.213376 0.587814 0.213376 0.577061 0.210191 0.573477
0 0.251592 0.577061 0.248408 0.580645 0.248408 0.594982 0.254777 0.602151 0.261146 0.602151 0.261146 0.598566 0.267516 0.591398 0.267516 0.580645 0.264331 0.577061
0 0.863057 0.577061 0.853503 0.580645 0.837580 0.605735 0.834395 0.620072 0.828025 0.630824 0.831210 0.634409 0.828025 0.645161 0.837580 0.645161 0.850318 0.630824 0.853503 0.620072 0.863057 0.609319 0.869427 0.594982 0.869427 0.584229
0 0.127389 0.594982 0.127389 0.602151 0.133758 0.609319 0.136943 0.609319 0.140127 0.612903 0.156051 0.612903 0.159236 0.609319 0.159236 0.598566 0.152866 0.591398 0.152866 0.587814 0.146497 0.587814 0.143312 0.584229 0.140127 0.587814 0.136943 0.587814
0 0.363057 0.587814 0.363057 0.591398 0.372611 0.591398 0.375796 0.594982 0.382166 0.594982 0.382166 0.587814 0.378981 0.584229 0.369427 0.584229 0.366242 0.587814
0 0.726115 0.594982 0.722930 0.598566 0.716561 0.598566 0.713376 0.602151 0.713376 0.605735 0.710191 0.609319 0.710191 0.616487 0.707006 0.620072 0.707006 0.623656 0.716561 0.630824 0.719745 0.627240 0.726115 0.627240 0.732484 0.620072 0.732484 0.616487 0.735669 0.612903 0.735669 0.609319 0.732484 0.605735 0.732484 0.598566 0.729299 0.598566
0 0.270701 0.609319 0.270701 0.620072 0.273885 0.623656 0.289809 0.623656 0.292994 0.627240 0.296178 0.623656 0.299363 0.623656 0.299363 0.616487 0.292994 0.609319 0.289809 0.609319 0.286624 0.605735 0.280255 0.605735 0.277070 0.609319
0 0.458599 0.612903 0.455414 0.609319 0.452229 0.609319 0.449045 0.612903 0.445860 0.612903 0.436306 0.623656 0.436306 0.627240 0.433121 0.630824 0.436306 0.634409 0.439490 0.634409 0.442675 0.637993 0.452229 0.637993 0.458599 0.630824
0 0.184713 0.616487 0.178344 0.623656 0.178344 0.634409 0.181529 0.637993 0.181529 0.641577 0.184713 0.641577 0.187898 0.645161 0.200637 0.645161 0.207006 0.637993 0.207006 0.634409 0.210191 0.630824 0.210191 0.627240 0.203822 0.620072 0.200637 0.620072 0.197452 0.616487
0 0.563694 0.620072 0.550955 0.620072 0.541401 0.627240 0.541401 0.630824 0.538217 0.634409 0.538217 0.641577 0.544586 0.652330 0.554140 0.652330 0.557325 0.648746 0.560510 0.648746 0.566879 0.641577 0.566879 0.637993 0.570064 0.634409 0.570064 0.627240
0 0.808917 0.627240 0.805732 0.623656 0.789809 0.627240 0.770701 0.648746 0.767516 0.659498 0.777070 0.666667 0.786624 0.666667 0.792994 0.659498 0.796178 0.659498 0.796178 0.655914 0.808917 0.641577
0 0.869427 0.623656 0.863057 0.630824 0.863057 0.641577 0.859873 0.645161 0.863057 0.645161 0.869427 0.652330 0.872611 0.652330 0.875796 0.655914 0.878981 0.655914 0.885350 0.645161 0.885350 0.634409 0.882166 0.630824 0.882166 0.627240 0.878981 0.627240 0.875796 0.623656
0 0.363057 0.630824 0.363057 0.634409 0.359873 0.637993 0.363057 0.641577 0.363057 0.648746 0.366242 0.652330 0.375796 0.652330 0.382166 0.645161 0.382166 0.637993 0.375796 0.630824
0 0.729299 0.634409 0.722930 0.641577 0.722930 0.655914 0.732484 0.666667 0.745223 0.666667 0.748408 0.663082 0.748408 0.641577 0.742038 0.634409
0 0.331210 0.648746 0.328025 0.652330 0.328025 0.666667 0.331210 0.670251 0.347134 0.670251 0.347134 0.655914 0.343949 0.652330 0.337580 0.652330 0.334395 0.648746
0 0.471338 0.648746 0.468153 0.648746 0.464968 0.652330 0.458599 0.652330 0.449045 0.663082 0.449045 0.677419 0.455414 0.684588 0.458599 0.684588 0.461783 0.688172 0.468153 0.688172 0.471338 0.684588 0.474522 0.684588 0.474522 0.681004 0.477707 0.677419 0.477707 0.655914
0 0.850318 0.655914 0.850318 0.666667 0.853503 0.670251 0.853503 0.673835 0.866242 0.673835 0.869427 0.670251 0.872611 0.670251 0.872611 0.666667 0.875796 0.663082 0.875796 0.659498 0.872611 0.655914 0.869427 0.655914 0.863057 0.648746 0.856688 0.648746
0 0.407643 0.655914 0.401274 0.663082 0.401274 0.670251 0.404459 0.673835 0.404459 0.677419 0.410828 0.684588 0.414013 0.684588 0.417197 0.688172 0.429936 0.688172 0.433121 0.684588 0.433121 0.670251 0.423567 0.659498 0.417197 0.659498 0.414013 0.655914
0 0.684713 0.677419 0.684713 0.688172 0.687898 0.691756 0.713376 0.691756 0.716561 0.688172 0.716561 0.673835 0.713376 0.670251 0.707006 0.670251 0.703822 0.666667 0.697452 0.666667 0.694268 0.670251 0.691083 0.670251
0 0.388535 0.670251 0.375796 0.670251 0.372611 0.673835 0.369427 0.673835 0.366242 0.677419 0.366242 0.684588 0.363057 0.688172 0.363057 0.691756 0.366242 0.695341 0.378981 0.695341 0.382166 0.691756 0.385350 0.691756 0.388535 0.688172 0.391720 0.688172 0.391720 0.677419 0.388535 0.673835
0 0.238854 0.684588 0.238854 0.695341 0.242038 0.698925 0.251592 0.702509 0.257962 0.709677 0.261146 0.709677 0.264331 0.713262 0.273885 0.709677 0.273885 0.691756 0.270701 0.688172 0.270701 0.684588 0.267516 0.684588 0.264331 0.681004 0.242038 0.681004
0 0.308917 0.681004 0.308917 0.698925 0.312102 0.702509 0.312102 0.706093 0.315287 0.709677 0.324841 0.709677 0.328025 0.706093 0.331210 0.706093 0.331210 0.702509 0.334395 0.698925 0.334395 0.691756 0.324841 0.681004
0 0.085987 0.691756 0.079618 0.702509 0.079618 0.709677 0.082803 0.713262 0.082803 0.716846 0.085987 0.720430 0.098726 0.720430 0.101911 0.716846 0.105096 0.716846 0.111465 0.706093 0.111465 0.702509 0.108280 0.698925 0.108280 0.695341 0.105096 0.695341 0.101911 0.691756
0 0.130573 0.691756 0.130573 0.706093 0.136943 0.713262 0.152866 0.713262 0.156051 0.709677 0.156051 0.702509 0.146497 0.691756
0 0.885350 0.691756 0.882166 0.695341 0.882166 0.698925 0.888535 0.706093 0.888535 0.709677 0.891720 0.713262 0.891720 0.716846 0.901274 0.716846 0.907643 0.709677 0.904459 0.706093 0.904459 0.702509 0.901274 0.702509 0.898089 0.698925 0.894904 0.698925 0.891720 0.695341 0.888535 0.695341
0 0.194268 0.706093 0.181529 0.720430 0.181529 0.731183 0.191083 0.741935 0.200637 0.745520 0.203822 0.741935 0.207006 0.741935 0.213376 0.734767 0.213376 0.724014 0.210191 0.720430 0.210191 0.713262 0.207006 0.709677 0.203822 0.709677 0.200637 0.706093
0 0.490446 0.709677 0.484076 0.720430 0.487261 0.724014 0.487261 0.731183 0.493631 0.738351 0.493631 0.741935 0.496815 0.745520 0.500000 0.745520 0.503185 0.749104 0.509554 0.749104 0.515924 0.741935 0.515924 0.727599 0.509554 0.716846 0.509554 0.709677 0.506369 0.706093 0.503185 0.706093 0.500000 0.709677
0 0.541401 0.709677 0.535032 0.720430 0.535032 0.731183 0.544586 0.741935 0.554140 0.741935 0.557325 0.738351 0.560510 0.738351 0.560510 0.734767 0.563694 0.731183 0.563694 0.720430 0.554140 0.709677
0 0.305732 0.716846 0.302548 0.720430 0.299363 0.720430 0.296178 0.724014 0.296178 0.734767 0.299363 0.738351 0.299363 0.741935 0.302548 0.745520 0.312102 0.745520 0.318471 0.738351 0.318471 0.727599 0.315287 0.724014 0.315287 0.720430 0.312102 0.720430 0.308917 0.716846
0 0.350318 0.720430 0.337580 0.720430 0.334395 0.724014 0.334395 0.727599 0.331210 0.731183 0.331210 0.738351 0.334395 0.741935 0.334395 0.745520 0.337580 0.745520 0.340764 0.749104 0.343949 0.749104 0.347134 0.745520 0.350318 0.745520 0.353503 0.741935 0.353503 0.738351 0.356688 0.734767 0.356688 0.727599
0 0.458599 0.727599 0.449045 0.720430 0.442675 0.720430 0.439490 0.724014 0.436306 0.724014 0.433121 0.727599 0.429936 0.727599 0.429936 0.731183 0.426752 0.734767 0.426752 0.738351 0.433121 0.745520 0.452229 0.745520 0.458599 0.738351
0 0.143312 0.738351 0.143312 0.745520 0.149682 0.752688 0.149682 0.756272 0.152866 0.756272 0.156051 0.759857 0.168790 0.759857 0.171975 0.756272 0.171975 0.749104 0.168790 0.745520 0.168790 0.741935 0.165605 0.738351 0.162420 0.738351 0.159236 0.734767 0.146497 0.734767
0 0.875796 0.741935 0.875796 0.756272 0.882166 0.767025 0.891720 0.767025 0.894904 0.763441 0.904459 0.763441 0.907643 0.759857 0.907643 0.745520 0.898089 0.734767 0.882166 0.734767
0 0.254777 0.738351 0.248408 0.738351 0.242038 0.745520 0.238854 0.745520 0.238854 0.752688 0.235669 0.756272 0.238854 0.759857 0.238854 0.767025 0.242038 0.767025 0.245223 0.770609 0.251592 0.770609 0.261146 0.763441 0.261146 0.756272 0.264331 0.752688 0.261146 0.749104 0.261146 0.745520
0 0.449045 0.752688 0.449045 0.759857 0.445860 0.763441 0.449045 0.767025 0.449045 0.774194 0.452229 0.777778 0.452229 0.781362 0.458599 0.781362 0.464968 0.774194 0.464968 0.770609 0.468153 0.767025 0.468153 0.759857 0.464968 0.756272 0.458599 0.756272 0.455414 0.752688
0 0.547771 0.756272 0.544586 0.756272 0.541401 0.752688 0.535032 0.752688 0.531847 0.756272 0.528662 0.756272 0.528662 0.759857 0.525478 0.763441 0.525478 0.788530 0.538217 0.788530 0.550955 0.774194 0.550955 0.759857
0 0.117834 0.774194 0.117834 0.781362 0.124204 0.788530 0.146497 0.788530 0.149682 0.784946 0.152866 0.784946 0.152866 0.777778 0.149682 0.774194 0.149682 0.770609 0.146497 0.770609 0.143312 0.767025 0.140127 0.767025 0.130573 0.759857 0.127389 0.763441 0.124204 0.763441
0 0.334395 0.759857 0.324841 0.770609 0.324841 0.781362 0.331210 0.788530 0.334395 0.788530 0.337580 0.792115 0.353503 0.792115 0.363057 0.781362 0.363057 0.767025 0.353503 0.759857
0 0.487261 0.767025 0.477707 0.777778 0.477707 0.784946 0.480892 0.788530 0.496815 0.788530 0.503185 0.781362 0.503185 0.777778 0.506369 0.774194 0.506369 0.770609 0.503185 0.767025
0 0.754777 0.781362 0.748408 0.781362 0.742038 0.788530 0.742038 0.817204 0.745223 0.820789 0.751592 0.820789 0.757962 0.813620 0.757962 0.806452 0.761146 0.802867 0.761146 0.795699 0.757962 0.792115 0.757962 0.784946
0 0.063694 0.792115 0.057325 0.799283 0.057325 0.810036 0.060510 0.813620 0.060510 0.820789 0.066879 0.827957 0.070064 0.827957 0.073248 0.831541 0.082803 0.831541 0.085987 0.827957 0.089172 0.827957 0.098726 0.817204 0.101911 0.806452 0.089172 0.792115 0.082803 0.792115 0.079618 0.788530
0 0.267516 0.799283 0.267516 0.813620 0.277070 0.824373 0.280255 0.824373 0.283439 0.827957 0.289809 0.827957 0.292994 0.824373 0.299363 0.824373 0.302548 0.820789 0.302548 0.806452 0.296178 0.799283 0.292994 0.799283 0.289809 0.795699 0.283439 0.795699 0.280255 0.792115 0.277070 0.795699 0.270701 0.795699
0 0.197452 0.799283 0.191083 0.806452 0.191083 0.813620 0.194268 0.817204 0.194268 0.820789 0.203822 0.827957 0.207006 0.827957 0.210191 0.824373 0.213376 0.824373 0.219745 0.813620 0.219745 0.806452 0.213376 0.799283
0 0.398089 0.817204 0.394904 0.813620 0.391720 0.802867 0.378981 0.802867 0.366242 0.813620 0.350318 0.820789 0.343949 0.827957 0.343949 0.831541 0.347134 0.835125 0.375796 0.835125 0.378981 0.831541 0.385350 0.831541 0.391720 0.824373 0.394904 0.824373 0.398089 0.820789
0 0.143312 0.813620 0.146497 0.817204 0.146497 0.820789 0.149682 0.824373 0.159236 0.824373 0.162420 0.827957 0.175159 0.827957 0.175159 0.817204 0.171975 0.813620 0.168790 0.813620 0.165605 0.810036 0.156051 0.810036 0.152866 0.806452 0.149682 0.810036 0.146497 0.810036
0 0.515924 0.810036 0.503185 0.810036 0.493631 0.820789 0.493631 0.824373 0.490446 0.827957 0.490446 0.842294 0.503185 0.842294 0.512739 0.831541 0.515924 0.831541 0.515924 0.827957 0.519108 0.824373 0.519108 0.820789 0.515924 0.817204
0 0.815287 0.810036 0.805732 0.810036 0.799363 0.817204 0.799363 0.824373 0.796178 0.827957 0.796178 0.849462 0.802548 0.856631 0.808917 0.856631 0.815287 0.849462 0.815287 0.845878 0.821656 0.835125 0.821656 0.820789
0 0.550955 0.817204 0.547771 0.817204 0.544586 0.813620 0.538217 0.813620 0.535032 0.817204 0.531847 0.817204 0.528662 0.820789 0.522293 0.820789 0.522293 0.824373 0.519108 0.827957 0.525478 0.835125 0.538217 0.835125 0.541401 0.831541 0.544586 0.831541 0.550955 0.824373
0 0.251592 0.827957 0.248408 0.831541 0.248408 0.835125 0.245223 0.838710 0.248408 0.842294 0.248408 0.849462 0.254777 0.856631 0.267516 0.856631 0.270701 0.853047 0.270701 0.842294 0.267516 0.838710 0.267516 0.835125 0.264331 0.835125 0.261146 0.831541 0.257962 0.831541 0.254777 0.827957
0 0.770701 0.835125 0.770701 0.845878 0.773885 0.849462 0.783439 0.849462 0.783439 0.842294 0.777070 0.835125
0 0.140127 0.842294 0.140127 0.856631 0.146497 0.867384 0.159236 0.867384 0.162420 0.863799 0.165605 0.863799 0.165605 0.860215 0.168790 0.856631 0.168790 0.853047 0.156051 0.838710 0.143312 0.838710
0 0.197452 0.842294 0.194268 0.842294 0.191083 0.838710 0.187898 0.838710 0.184713 0.842294 0.181529 0.842294 0.171975 0.853047 0.171975 0.860215 0.178344 0.870968 0.187898 0.870968 0.200637 0.856631 0.200637 0.845878
0 0.022293 0.842294 0.009554 0.842294 0.003185 0.849462 0.003185 0.863799 0.006369 0.867384 0.015924 0.867384 0.019108 0.863799 0.022293 0.863799 0.025478 0.860215 0.025478 0.856631 0.028662 0.853047 0.025478 0.849462 0.025478 0.845878
0 0.044586 0.849462 0.044586 0.860215 0.050955 0.867384 0.054140 0.867384 0.057325 0.870968 0.070064 0.870968 0.073248 0.867384 0.073248 0.860215 0.070064 0.856631 0.070064 0.853047 0.066879 0.849462 0.060510 0.849462 0.057325 0.845878 0.050955 0.845878 0.047771 0.849462
0 0.751592 0.845878 0.748408 0.845878 0.745223 0.849462 0.742038 0.849462 0.735669 0.856631 0.735669 0.867384 0.742038 0.874552 0.748408 0.874552 0.754777 0.867384 0.754777 0.860215 0.757962 0.856631 0.757962 0.853047
0 0.216561 0.853047 0.213376 0.856631 0.213376 0.878136 0.216561 0.878136 0.219745 0.881720 0.222930 0.881720 0.226115 0.878136 0.229299 0.878136 0.229299 0.874552 0.232484 0.870968 0.232484 0.860215 0.226115 0.853047
0 0.538217 0.853047 0.519108 0.853047 0.515924 0.856631 0.506369 0.856631 0.503185 0.860215 0.500000 0.860215 0.493631 0.867384 0.493631 0.874552 0.496815 0.878136 0.512739 0.878136 0.515924 0.874552 0.519108 0.874552 0.522293 0.870968 0.531847 0.867384 0.538217 0.860215
0 0.108280 0.856631 0.095541 0.856631 0.092357 0.860215 0.092357 0.863799 0.089172 0.867384 0.089172 0.874552 0.095541 0.881720 0.098726 0.881720 0.101911 0.878136 0.105096 0.878136 0.108280 0.874552
0 0.417197 0.856631 0.407643 0.867384 0.407643 0.881720 0.414013 0.888889 0.417197 0.888889 0.426752 0.896057 0.436306 0.896057 0.442675 0.888889 0.442675 0.885305 0.445860 0.881720 0.439490 0.863799 0.436306 0.863799 0.429936 0.856631
0 0.127389 0.878136 0.130573 0.888889 0.146497 0.903226 0.156051 0.899642 0.162420 0.892473 0.162420 0.885305 0.152866 0.874552 0.152866 0.870968 0.149682 0.870968 0.146497 0.874552 0.143312 0.870968 0.130573 0.870968 0.130573 0.874552
0 0.363057 0.874552 0.363057 0.888889 0.375796 0.888889 0.378981 0.885305 0.385350 0.885305 0.385350 0.874552
0 0.474522 0.874552 0.471338 0.874552 0.464968 0.881720 0.471338 0.888889 0.477707 0.881720 0.477707 0.878136
0 0.815287 0.878136 0.812102 0.881720 0.808917 0.881720 0.805732 0.885305 0.805732 0.896057 0.808917 0.899642 0.812102 0.896057 0.815287 0.896057 0.815287 0.892473 0.818471 0.888889 0.818471 0.881720
0 0.006369 0.885305 0.003185 0.888889 0.003185 0.910394 0.006369 0.913978 0.019108 0.913978 0.022293 0.910394 0.022293 0.888889 0.019108 0.885305
0 0.410828 0.917563 0.407643 0.917563 0.404459 0.913978 0.394904 0.917563 0.388535 0.924731 0.385350 0.924731 0.385350 0.928315 0.382166 0.931900 0.382166 0.939068 0.391720 0.949821 0.401274 0.949821 0.404459 0.946237 0.407643 0.946237 0.414013 0.939068 0.414013 0.935484 0.417197 0.931900 0.417197 0.924731
0 0.493631 0.917563 0.490446 0.917563 0.487261 0.921147 0.484076 0.921147 0.480892 0.924731 0.480892 0.928315 0.477707 0.931900 0.477707 0.942652 0.484076 0.949821 0.490446 0.949821 0.496815 0.942652 0.496815 0.939068 0.500000 0.935484 0.500000 0.924731
0 0.347134 0.921147 0.347134 0.928315 0.343949 0.931900 0.343949 0.935484 0.347134 0.939068 0.347134 0.949821 0.353503 0.956989 0.363057 0.956989 0.363057 0.953405 0.366242 0.949821 0.366242 0.931900 0.356688 0.921147
0 0.678344 0.921147 0.675159 0.924731 0.675159 0.931900 0.671975 0.935484 0.671975 0.953405 0.675159 0.956989 0.675159 0.964158 0.681529 0.971326 0.681529 0.974910 0.687898 0.974910 0.694268 0.967742 0.694268 0.964158 0.697452 0.960573 0.697452 0.939068 0.694268 0.935484 0.694268 0.931900 0.684713 0.921147
0 0.735669 0.924731 0.735669 0.928315 0.732484 0.931900 0.732484 0.935484 0.738854 0.942652 0.742038 0.942652 0.745223 0.946237 0.757962 0.946237 0.764331 0.935484 0.761146 0.931900 0.761146 0.928315 0.754777 0.921147 0.742038 0.921147 0.738854 0.924731
0 0.133758 0.931900 0.130573 0.935484 0.130573 0.953405 0.133758 0.956989 0.146497 0.956989 0.152866 0.949821 0.152866 0.939068 0.146497 0.931900
0 0.869427 0.931900 0.866242 0.935484 0.863057 0.935484 0.863057 0.939068 0.859873 0.942652 0.859873 0.953405 0.863057 0.956989 0.863057 0.960573 0.869427 0.967742 0.878981 0.967742 0.885350 0.956989 0.885350 0.949821 0.882166 0.946237 0.882166 0.939068 0.875796 0.931900
0 0.101911 0.935484 0.095541 0.942652 0.095541 0.949821 0.098726 0.953405 0.098726 0.956989 0.101911 0.956989 0.105096 0.960573 0.108280 0.956989 0.114650 0.956989 0.117834 0.953405 0.117834 0.942652 0.111465 0.935484
0 0.570064 0.935484 0.566879 0.939068 0.566879 0.946237 0.570064 0.949821 0.570064 0.953405 0.573248 0.953405 0.576433 0.956989 0.585987 0.956989 0.585987 0.942652 0.582803 0.939068 0.579618 0.939068 0.576433 0.935484
0 0.308917 0.946237 0.302548 0.939068 0.296178 0.939068 0.286624 0.946237 0.277070 0.946237 0.273885 0.949821 0.270701 0.949821 0.270701 0.956989 0.273885 0.960573 0.280255 0.960573 0.283439 0.964158 0.302548 0.964158 0.308917 0.956989
0 0.547771 0.960573 0.544586 0.956989 0.544586 0.953405 0.538217 0.946237 0.525478 0.946237 0.522293 0.949821 0.519108 0.949821 0.519108 0.953405 0.509554 0.964158 0.509554 0.967742 0.506369 0.971326 0.506369 0.978495 0.509554 0.978495 0.512739 0.982079 0.515924 0.978495 0.531847 0.978495 0.535032 0.974910 0.541401 0.974910 0.547771 0.967742
0 0.041401 0.960573 0.041401 0.974910 0.050955 0.982079 0.063694 0.982079 0.066879 0.978495 0.070064 0.978495 0.076433 0.971326 0.076433 0.964158 0.073248 0.960573 0.073248 0.956989 0.070064 0.956989 0.066879 0.953405 0.047771 0.953405
0 0.369427 0.964158 0.363057 0.971326 0.363057 0.982079 0.366242 0.985663 0.378981 0.985663 0.378981 0.982079 0.382166 0.978495 0.382166 0.967742 0.378981 0.964158
0 0.414013 0.967742 0.407643 0.967742 0.404459 0.971326 0.401274 0.971326 0.401274 0.974910 0.398089 0.978495 0.398089 0.985663 0.404459 0.992832 0.407643 0.992832 0.410828 0.989247 0.414013 0.989247 0.420382 0.982079 0.420382 0.978495 0.417197 0.974910 0.417197 0.971326
0 0.808917 0.967742 0.802548 0.974910 0.802548 0.985663 0.808917 0.992832 0.824841 0.992832 0.828025 0.989247 0.828025 0.974910 0.821656 0.967742
0 0.707006 0.978495 0.707006 0.992832 0.745223 0.992832 0.748408 0.989247 0.748408 0.985663 0.745223 0.982079 0.742038 0.982079 0.738854 0.978495 0.732484 0.978495 0.722930 0.971326 0.713376 0.971326
0 0.251592 0.978495 0.251592 0.989247 0.254777 0.992832 0.273885 0.992832 0.273885 0.982079 0.267516 0.974910 0.254777 0.974910
