0 0.203822 0.003597 0.203822 0.010791 0.222930 0.032374 0.238854 0.032374 0.245223 0.025180 0.242038 0.021583 0.245223 0.017986 0.245223 0.003597 0.238854 0.003597 0.235669 0.000000 0.213376 0.000000 0.210191 0.003597
0 0.426752 0.003597 0.426752 0.007194 0.433121 0.014388 0.439490 0.014388 0.442675 0.017986 0.445860 0.014388 0.449045 0.014388 0.455414 0.007194 0.455414 0.003597 0.436306 0.003597 0.433121 0.000000 0.429936 0.003597
0 0.633758 0.003597 0.630573 0.003597 0.627389 0.000000 0.617834 0.000000 0.614650 0.003597 0.605096 0.003597 0.601911 0.007194 0.601911 0.010791 0.608280 0.017986 0.608280 0.021583 0.611465 0.025180 0.624204 0.025180 0.627389 0.021583 0.627389 0.017986 0.633758 0.010791
0 0.171975 0.003597 0.165605 0.010791 0.165605 0.014388 0.159236 0.021583 0.159236 0.025180 0.156051 0.028777 0.156051 0.039568 0.159236 0.043165 0.171975 0.043165 0.175159 0.039568 0.178344 0.039568 0.178344 0.014388
0 0.378981 0.007194 0.385350 0.014388 0.388535 0.014388 0.391720 0.017986 0.398089 0.017986 0.398089 0.007194 0.391720 0.007194 0.388535 0.003597 0.382166 0.003597
0 0.461783 0.021583 0.468153 0.028777 0.474522 0.028777 0.484076 0.021583 0.490446 0.021583 0.496815 0.014388 0.503185 0.014388 0.509554 0.007194 0.506369 0.003597 0.468153 0.003597 0.461783 0.010791
0 0.261146 0.017986 0.257962 0.021583 0.257962 0.025180 0.254777 0.028777 0.257962 0.032374 0.257962 0.035971 0.264331 0.043165 0.273885 0.043165 0.280255 0.035971 0.280255 0.025180 0.273885 0.017986
0 0.652866 0.028777 0.649682 0.028777 0.643312 0.035971 0.643312 0.046763 0.649682 0.046763 0.649682 0.043165 0.652866 0.039568
0 0.353503 0.032374 0.347134 0.039568 0.347134 0.043165 0.343949 0.046763 0.343949 0.050360 0.353503 0.061151 0.363057 0.061151 0.369427 0.053957 0.369427 0.039568 0.363057 0.032374
0 0.783439 0.035971 0.773885 0.053957 0.773885 0.064748 0.783439 0.082734 0.792994 0.082734 0.792994 0.079137 0.796178 0.075540 0.796178 0.043165 0.792994 0.039568
0 0.605096 0.057554 0.605096 0.071942 0.601911 0.075540 0.601911 0.097122 0.598726 0.100719 0.601911 0.111511 0.608280 0.104317 0.608280 0.089928 0.611465 0.086331 0.608280 0.082734 0.608280 0.061151
0 0.168790 0.071942 0.165605 0.075540 0.165605 0.089928 0.168790 0.093525 0.175159 0.093525 0.181529 0.086331 0.181529 0.075540 0.178344 0.071942
0 0.318471 0.075540 0.308917 0.093525 0.308917 0.104317 0.312102 0.107914 0.312102 0.115108 0.318471 0.122302 0.321656 0.122302 0.328025 0.129496 0.334395 0.129496 0.347134 0.118705 0.350318 0.111511 0.350318 0.100719 0.343949 0.093525 0.334395 0.089928 0.321656 0.075540
0 0.636943 0.075540 0.630573 0.075540 0.627389 0.079137 0.627389 0.086331 0.624204 0.089928 0.624204 0.115108 0.633758 0.115108 0.640127 0.107914 0.640127 0.104317 0.643312 0.100719 0.643312 0.089928 0.640127 0.086331 0.640127 0.079137
0 0.582803 0.089928 0.576433 0.089928 0.576433 0.093525 0.573248 0.097122 0.573248 0.111511 0.570064 0.115108 0.570064 0.125899 0.579618 0.125899 0.585987 0.118705 0.585987 0.093525
0 0.382166 0.097122 0.378981 0.100719 0.375796 0.100719 0.359873 0.122302 0.359873 0.140288 0.363057 0.143885 0.369427 0.143885 0.375796 0.151079 0.378981 0.147482 0.378981 0.143885 0.375796 0.140288 0.385350 0.133094 0.385350 0.122302 0.388535 0.118705 0.388535 0.100719 0.385350 0.100719
0 0.863057 0.118705 0.856688 0.125899 0.856688 0.147482 0.872611 0.161871 0.891720 0.161871 0.891720 0.158273 0.898089 0.147482 0.898089 0.136691 0.894904 0.133094 0.894904 0.129496 0.885350 0.118705 0.878981 0.118705 0.875796 0.115108 0.869427 0.115108 0.866242 0.118705
0 0.101911 0.118705 0.101911 0.129496 0.105096 0.133094 0.105096 0.136691 0.101911 0.140288 0.101911 0.154676 0.105096 0.158273 0.108280 0.158273 0.111465 0.154676 0.111465 0.125899 0.105096 0.118705
0 0.175159 0.122302 0.171975 0.125899 0.171975 0.136691 0.175159 0.140288 0.175159 0.147482 0.178344 0.151079 0.178344 0.154676 0.187898 0.165468 0.191083 0.165468 0.194268 0.169065 0.200637 0.169065 0.210191 0.158273 0.210191 0.147482 0.203822 0.140288 0.203822 0.133094 0.191083 0.122302
0 0.350318 0.169065 0.347134 0.172662 0.347134 0.190647 0.356688 0.197842 0.363057 0.197842 0.372611 0.187050 0.372611 0.183453 0.375796 0.179856 0.369427 0.169065
0 0.863057 0.183453 0.869427 0.201439 0.878981 0.208633 0.894904 0.212230 0.898089 0.208633 0.901274 0.208633 0.901274 0.205036 0.904459 0.201439 0.904459 0.190647 0.901274 0.187050 0.901274 0.179856 0.898089 0.179856 0.882166 0.169065 0.875796 0.169065 0.875796 0.179856 0.869427 0.187050 0.866242 0.187050
0 0.595541 0.187050 0.592357 0.187050 0.589172 0.190647 0.589172 0.197842 0.585987 0.201439 0.585987 0.205036 0.589172 0.208633 0.595541 0.208633 0.595541 0.205036 0.598726 0.201439 0.598726 0.190647
0 0.503185 0.212230 0.487261 0.212230 0.477707 0.223022 0.477707 0.226619 0.471338 0.237410 0.471338 0.244604 0.480892 0.258993 0.490446 0.258993 0.493631 0.255396 0.496815 0.255396 0.506369 0.241007 0.506369 0.237410 0.509554 0.233813 0.509554 0.223022
0 0.047771 0.251799 0.050955 0.255396 0.050955 0.258993 0.054140 0.262590 0.060510 0.262590 0.063694 0.266187 0.070064 0.266187 0.073248 0.262590 0.073248 0.258993 0.070064 0.255396 0.070064 0.251799 0.066879 0.248201 0.057325 0.248201 0.054140 0.244604
0 0.235669 0.255396 0.235669 0.262590 0.238854 0.266187 0.254777 0.266187 0.257962 0.269784 0.261146 0.266187 0.261146 0.258993 0.254777 0.258993 0.251592 0.255396 0.251592 0.251799 0.242038 0.251799 0.238854 0.255396
0 0.812102 0.258993 0.805732 0.266187 0.805732 0.284173 0.802548 0.287770 0.802548 0.291367 0.805732 0.294964 0.805732 0.302158 0.808917 0.305755 0.808917 0.309353 0.815287 0.316547 0.821656 0.316547 0.828025 0.305755 0.828025 0.287770 0.824841 0.284173 0.824841 0.276978 0.821656 0.273381 0.821656 0.269784
0 0.414013 0.269784 0.410828 0.269784 0.407643 0.266187 0.401274 0.266187 0.398089 0.269784 0.394904 0.269784 0.391720 0.273381 0.391720 0.280576 0.388535 0.284173 0.388535 0.291367 0.394904 0.298561 0.407643 0.298561 0.414013 0.291367 0.414013 0.287770 0.417197 0.284173 0.417197 0.273381
0 0.697452 0.269784 0.694268 0.273381 0.694268 0.276978 0.691083 0.280576 0.691083 0.284173 0.694268 0.287770 0.694268 0.291367 0.707006 0.291367 0.713376 0.284173 0.713376 0.276978 0.710191 0.273381 0.707006 0.273381 0.703822 0.269784
0 0.624204 0.291367 0.624204 0.298561 0.614650 0.309353 0.614650 0.312950 0.611465 0.316547 0.617834 0.323741 0.621019 0.323741 0.624204 0.320144 0.624204 0.316547 0.627389 0.312950 0.624204 0.309353
0 0.691083 0.320144 0.694268 0.323741 0.710191 0.323741 0.716561 0.316547 0.716561 0.312950 0.719745 0.309353 0.716561 0.305755 0.710191 0.305755 0.707006 0.302158 0.694268 0.302158 0.691083 0.305755
0 0.375796 0.316547 0.375796 0.330935 0.382166 0.338129 0.388535 0.338129 0.398089 0.345324 0.404459 0.345324 0.410828 0.338129 0.407643 0.334532 0.407643 0.330935 0.401274 0.330935 0.388535 0.316547 0.385350 0.316547 0.382166 0.312950 0.378981 0.312950
0 0.455414 0.320144 0.455414 0.330935 0.458599 0.334532 0.458599 0.341727 0.464968 0.341727 0.468153 0.338129 0.468153 0.330935 0.464968 0.330935 0.461783 0.327338 0.461783 0.323741 0.458599 0.320144
0 0.509554 0.327338 0.506369 0.323741 0.503185 0.323741 0.493631 0.330935 0.487261 0.330935 0.477707 0.341727 0.477707 0.352518 0.490446 0.352518 0.493631 0.348921 0.500000 0.348921 0.509554 0.338129
0 0.675159 0.327338 0.675159 0.330935 0.687898 0.345324 0.687898 0.352518 0.694268 0.352518 0.697452 0.348921 0.697452 0.334532 0.691083 0.327338 0.684713 0.327338 0.681529 0.323741 0.678344 0.327338
0 0.554140 0.338129 0.538217 0.338129 0.538217 0.341727 0.535032 0.345324 0.535032 0.348921 0.531847 0.352518 0.531847 0.356115 0.535032 0.359712 0.541401 0.359712 0.544586 0.356115 0.547771 0.356115 0.554140 0.348921
0 0.675159 0.348921 0.656051 0.348921 0.652866 0.352518 0.649682 0.352518 0.646497 0.356115 0.646497 0.374101 0.656051 0.381295 0.665605 0.381295 0.668790 0.377698 0.671975 0.377698 0.678344 0.370504 0.678344 0.366906 0.681529 0.363309 0.681529 0.356115
0 0.751592 0.381295 0.757962 0.388489 0.770701 0.388489 0.773885 0.384892 0.777070 0.384892 0.780255 0.381295 0.783439 0.381295 0.783439 0.377698 0.786624 0.374101 0.780255 0.366906 0.777070 0.366906 0.773885 0.363309 0.757962 0.363309 0.751592 0.370504
0 0.490446 0.402878 0.487261 0.399281 0.480892 0.399281 0.477707 0.402878 0.474522 0.402878 0.471338 0.406475 0.471338 0.410072 0.461783 0.420863 0.461783 0.424460 0.449045 0.438849 0.445860 0.449640 0.455414 0.449640 0.490446 0.410072
0 0.557325 0.399281 0.544586 0.399281 0.531847 0.410072 0.528662 0.410072 0.515924 0.424460 0.512739 0.431655 0.515924 0.442446 0.519108 0.446043 0.528662 0.446043 0.541401 0.438849 0.554140 0.424460 0.557325 0.417266 0.557325 0.410072 0.560510 0.406475
0 0.203822 0.410072 0.203822 0.413669 0.210191 0.420863 0.213376 0.420863 0.216561 0.424460 0.222930 0.424460 0.226115 0.428058 0.235669 0.428058 0.238854 0.424460 0.242038 0.424460 0.248408 0.417266 0.248408 0.410072 0.245223 0.406475 0.238854 0.406475 0.235669 0.402878 0.216561 0.402878 0.213376 0.406475 0.207006 0.406475
0 0.751592 0.431655 0.732484 0.431655 0.729299 0.435252 0.726115 0.435252 0.716561 0.449640 0.716561 0.460432 0.719745 0.464029 0.719745 0.467626 0.722930 0.467626 0.726115 0.471223 0.742038 0.471223 0.745223 0.467626 0.754777 0.464029 0.757962 0.460432 0.757962 0.453237 0.761146 0.449640 0.757962 0.446043 0.757962 0.438849
0 0.401274 0.464029 0.398089 0.460432 0.391720 0.460432 0.388535 0.464029 0.385350 0.464029 0.382166 0.467626 0.382166 0.471223 0.378981 0.474820 0.382166 0.478417 0.382166 0.482014 0.401274 0.482014 0.401274 0.474820 0.404459 0.471223 0.401274 0.467626
0 0.063694 0.464029 0.054140 0.474820 0.054140 0.489209 0.060510 0.496403 0.073248 0.496403 0.079618 0.489209 0.079618 0.467626 0.076433 0.464029
0 0.694268 0.482014 0.684713 0.496403 0.684713 0.507194 0.687898 0.510791 0.687898 0.514388 0.694268 0.521583 0.716561 0.521583 0.716561 0.517986 0.719745 0.514388 0.722930 0.514388 0.722930 0.510791 0.729299 0.503597 0.729299 0.492806 0.719745 0.482014 0.713376 0.482014 0.710191 0.478417
0 0.092357 0.485612 0.089172 0.489209 0.085987 0.500000 0.105096 0.521583 0.108280 0.521583 0.111465 0.525180 0.117834 0.525180 0.121019 0.521583 0.121019 0.514388 0.124204 0.510791 0.124204 0.496403 0.121019 0.492806 0.121019 0.489209 0.114650 0.482014 0.098726 0.482014 0.095541 0.485612
0 0.732484 0.489209 0.732484 0.507194 0.738854 0.514388 0.742038 0.514388 0.745223 0.517986 0.748408 0.514388 0.757962 0.517986 0.761146 0.514388 0.767516 0.514388 0.773885 0.507194 0.773885 0.500000 0.770701 0.496403 0.770701 0.492806 0.764331 0.485612 0.757962 0.485612 0.754777 0.482014 0.742038 0.482014
0 0.541401 0.496403 0.541401 0.500000 0.538217 0.503597 0.538217 0.514388 0.541401 0.517986 0.547771 0.517986 0.550955 0.514388 0.550955 0.500000 0.547771 0.496403
0 0.656051 0.507194 0.649682 0.514388 0.649682 0.532374 0.659236 0.543165 0.662420 0.543165 0.675159 0.528777 0.678344 0.528777 0.678344 0.525180 0.671975 0.517986 0.671975 0.510791 0.668790 0.510791 0.665605 0.507194
0 0.031847 0.521583 0.031847 0.528777 0.038217 0.535971 0.041401 0.535971 0.044586 0.539568 0.047771 0.539568 0.054140 0.546763 0.066879 0.546763 0.063694 0.543165 0.063694 0.539568 0.057325 0.532374 0.054140 0.532374 0.044586 0.521583
0 0.745223 0.525180 0.742038 0.521583 0.732484 0.521583 0.729299 0.525180 0.719745 0.525180 0.719745 0.528777 0.716561 0.532374 0.716561 0.535971 0.719745 0.539568 0.726115 0.539568 0.729299 0.535971 0.732484 0.535971 0.735669 0.532374 0.738854 0.532374 0.742038 0.528777 0.745223 0.528777
0 0.681529 0.528777 0.678344 0.532374 0.675159 0.532374 0.662420 0.546763 0.662420 0.550360 0.665605 0.553957 0.665605 0.557554 0.678344 0.571942 0.691083 0.571942 0.703822 0.557554 0.703822 0.543165
0 0.136943 0.532374 0.130573 0.543165 0.130573 0.553957 0.136943 0.561151 0.136943 0.564748 0.140127 0.564748 0.143312 0.568345 0.149682 0.568345 0.152866 0.564748 0.156051 0.564748 0.156051 0.561151 0.159236 0.557554 0.159236 0.543165 0.152866 0.535971 0.149682 0.535971 0.146497 0.532374
0 0.207006 0.543165 0.207006 0.550360 0.210191 0.553957 0.222930 0.561151 0.229299 0.561151 0.242038 0.575540 0.248408 0.575540 0.251592 0.579137 0.257962 0.579137 0.264331 0.575540 0.264331 0.568345 0.257962 0.561151 0.251592 0.561151 0.248408 0.557554 0.229299 0.557554 0.213376 0.543165
0 0.859873 0.546763 0.850318 0.553957 0.850318 0.561151 0.847134 0.564748 0.847134 0.589928 0.856688 0.589928 0.863057 0.579137 0.863057 0.568345 0.866242 0.564748 0.866242 0.557554
0 0.003185 0.564748 0.003185 0.568345 0.009554 0.575540 0.009554 0.582734 0.015924 0.589928 0.015924 0.593525 0.019108 0.593525 0.022293 0.597122 0.031847 0.597122 0.035032 0.593525 0.041401 0.593525 0.047771 0.586331 0.047771 0.582734 0.044586 0.579137 0.035032 0.579137 0.031847 0.575540 0.025478 0.575540 0.015924 0.568345 0.009554 0.568345 0.006369 0.564748
0 0.210191 0.589928 0.210191 0.597122 0.216561 0.604317 0.219745 0.604317 0.229299 0.611511 0.238854 0.611511 0.242038 0.615108 0.264331 0.615108 0.264331 0.604317 0.261146 0.600719 0.254777 0.600719 0.251592 0.597122 0.238854 0.597122 0.235669 0.593525 0.229299 0.593525 0.226115 0.589928 0.219745 0.589928 0.216561 0.586331 0.213376 0.589928
0 0.652866 0.597122 0.646497 0.597122 0.643312 0.600719 0.640127 0.600719 0.633758 0.607914 0.633758 0.615108 0.636943 0.618705 0.636943 0.622302 0.640127 0.625899 0.640127 0.633094 0.643312 0.636691 0.646497 0.633094 0.649682 0.633094 0.656051 0.625899 0.656051 0.618705 0.659236 0.615108 0.659236 0.611511 0.656051 0.607914 0.656051 0.600719
0 0.121019 0.615108 0.121019 0.625899 0.127389 0.633094 0.140127 0.633094 0.143312 0.636691 0.171975 0.636691 0.187898 0.629496 0.191083 0.622302 0.191083 0.615108 0.184713 0.607914 0.178344 0.604317 0.168790 0.604317 0.165605 0.600719 0.140127 0.600719
0 0.500000 0.604317 0.496815 0.604317 0.493631 0.607914 0.490446 0.607914 0.490446 0.611511 0.487261 0.615108 0.487261 0.633094 0.490446 0.636691 0.503185 0.636691 0.506369 0.633094 0.509554 0.633094 0.509554 0.629496 0.512739 0.625899 0.512739 0.615108 0.506369 0.607914 0.503185 0.607914
0 0.812102 0.611511 0.808917 0.615108 0.808917 0.622302 0.812102 0.622302 0.815287 0.625899 0.815287 0.629496 0.821656 0.629496 0.824841 0.625899 0.824841 0.615108 0.821656 0.615108 0.818471 0.611511
0 0.872611 0.629496 0.872611 0.633094 0.878981 0.640288 0.901274 0.640288 0.904459 0.636691 0.904459 0.618705 0.901274 0.615108 0.885350 0.615108 0.882166 0.618705 0.878981 0.618705
0 0.283439 0.658273 0.280255 0.661871 0.280255 0.669065 0.286624 0.676259 0.286624 0.679856 0.296178 0.690647 0.299363 0.690647 0.302548 0.694245 0.312102 0.694245 0.321656 0.683453 0.321656 0.676259 0.305732 0.658273 0.299363 0.658273 0.296178 0.654676 0.292994 0.654676 0.289809 0.658273
0 0.066879 0.661871 0.054140 0.661871 0.050955 0.665468 0.050955 0.676259 0.054140 0.676259 0.057325 0.679856 0.060510 0.679856 0.066879 0.672662 0.066879 0.669065 0.070064 0.665468
0 0.608280 0.672662 0.608280 0.676259 0.614650 0.676259 0.621019 0.683453 0.621019 0.687050 0.624204 0.690647 0.627389 0.690647 0.636943 0.705036 0.649682 0.705036 0.656051 0.697842 0.656051 0.690647 0.652866 0.687050 0.652866 0.683453 0.643312 0.672662 0.640127 0.672662 0.636943 0.669065 0.624204 0.669065 0.621019 0.672662
0 0.085987 0.672662 0.085987 0.676259 0.082803 0.679856 0.082803 0.694245 0.085987 0.694245 0.089172 0.697842 0.108280 0.697842 0.111465 0.694245 0.111465 0.687050 0.105096 0.676259 0.101911 0.676259 0.098726 0.672662
0 0.853503 0.694245 0.847134 0.701439 0.847134 0.708633 0.850318 0.712230 0.847134 0.715827 0.853503 0.723022 0.866242 0.723022 0.872611 0.712230 0.872611 0.701439 0.863057 0.694245
0 0.203822 0.697842 0.203822 0.701439 0.210191 0.708633 0.219745 0.708633 0.222930 0.705036 0.219745 0.701439 0.219745 0.697842
0 0.729299 0.712230 0.729299 0.723022 0.738854 0.723022 0.748408 0.715827 0.751592 0.719424 0.761146 0.719424 0.761146 0.708633 0.757962 0.705036 0.754777 0.705036 0.748408 0.697842 0.742038 0.697842 0.738854 0.701439 0.735669 0.701439
0 0.636943 0.730216 0.633758 0.733813 0.633758 0.741007 0.630573 0.744604 0.630573 0.769784 0.633758 0.773381 0.636943 0.784173 0.643312 0.791367 0.656051 0.791367 0.659236 0.787770 0.659236 0.766187 0.656051 0.762590 0.656051 0.758993 0.652866 0.755396 0.652866 0.748201 0.646497 0.741007 0.646497 0.737410 0.640127 0.730216
0 0.592357 0.733813 0.585987 0.741007 0.589172 0.744604 0.589172 0.751799 0.592357 0.755396 0.592357 0.758993 0.595541 0.762590 0.601911 0.762590 0.605096 0.758993 0.605096 0.748201 0.601911 0.744604 0.601911 0.737410 0.598726 0.733813
0 0.248408 0.755396 0.245223 0.758993 0.245223 0.762590 0.248408 0.762590 0.254777 0.769784 0.254777 0.776978 0.261146 0.784173 0.267516 0.784173 0.267516 0.769784 0.254777 0.755396
0 0.222930 0.769784 0.222930 0.780576 0.226115 0.784173 0.229299 0.784173 0.232484 0.787770 0.235669 0.784173 0.242038 0.784173 0.242038 0.769784 0.235669 0.769784 0.232484 0.766187 0.229299 0.766187 0.226115 0.769784
0 0.015924 0.791367 0.015924 0.794964 0.022293 0.802158 0.022293 0.805755 0.038217 0.816547 0.050955 0.816547 0.060510 0.809353 0.060510 0.802158 0.057325 0.798561 0.057325 0.794964 0.050955 0.787770 0.047771 0.787770 0.038217 0.780576 0.025478 0.780576 0.022293 0.784173 0.019108 0.784173 0.019108 0.787770
0 0.544586 0.780576 0.538217 0.784173 0.535032 0.791367 0.535032 0.805755 0.538217 0.809353 0.538217 0.820144 0.541401 0.827338 0.550955 0.838129 0.557325 0.838129 0.560510 0.841727 0.566879 0.838129 0.570064 0.830935 0.563694 0.820144 0.563694 0.812950 0.560510 0.809353 0.560510 0.802158 0.557325 0.798561 0.557325 0.791367 0.550955 0.780576
0 0.802548 0.784173 0.792994 0.784173 0.786624 0.791367 0.786624 0.794964 0.780255 0.805755 0.780255 0.816547 0.789809 0.816547 0.802548 0.802158 0.802548 0.798561 0.805732 0.794964 0.805732 0.787770
0 0.140127 0.791367 0.143312 0.802158 0.152866 0.812950 0.162420 0.812950 0.165605 0.816547 0.181529 0.816547 0.181529 0.812950 0.165605 0.794964 0.162420 0.794964 0.152866 0.787770 0.143312 0.787770
0 0.289809 0.802158 0.292994 0.812950 0.299363 0.820144 0.302548 0.820144 0.312102 0.827338 0.315287 0.823741 0.321656 0.823741 0.324841 0.820144 0.324841 0.805755 0.315287 0.794964 0.305732 0.794964 0.302548 0.791367 0.299363 0.794964 0.296178 0.794964
0 0.442675 0.805755 0.439490 0.812950 0.439490 0.830935 0.445860 0.838129 0.484076 0.838129 0.484076 0.820144 0.474522 0.798561 0.452229 0.798561
0 0.006369 0.812950 0.000000 0.820144 0.003185 0.827338 0.003185 0.859712 0.006369 0.863309 0.044586 0.863309 0.050955 0.856115 0.050955 0.845324 0.038217 0.834532 0.035032 0.834532 0.015924 0.816547
0 0.710191 0.845324 0.710191 0.848921 0.707006 0.852518 0.710191 0.863309 0.726115 0.877698 0.738854 0.877698 0.738854 0.874101 0.742038 0.870504 0.742038 0.852518 0.735669 0.845324 0.729299 0.845324 0.726115 0.841727 0.722930 0.841727 0.719745 0.845324
0 0.066879 0.856115 0.066879 0.866906 0.073248 0.874101 0.076433 0.874101 0.079618 0.877698 0.095541 0.877698 0.105096 0.870504 0.105096 0.863309 0.101911 0.859712 0.101911 0.856115 0.095541 0.848921 0.092357 0.848921 0.089172 0.845324 0.079618 0.845324 0.076433 0.848921 0.073248 0.848921
0 0.544586 0.856115 0.541401 0.859712 0.541401 0.866906 0.550955 0.877698 0.560510 0.877698 0.560510 0.866906 0.557325 0.863309 0.554140 0.863309 0.547771 0.856115
