0 0.356688 0.003597 0.356688 0.007194 0.363057 0.014388 0.369427 0.014388 0.375796 0.007194 0.375796 0.003597 0.372611 0.000000 0.369427 0.000000 0.366242 0.003597 0.363057 0.000000 0.359873 0.000000
0 0.713376 0.003597 0.713376 0.007194 0.716561 0.010791 0.716561 0.014388 0.719745 0.014388 0.722930 0.017986 0.726115 0.017986 0.729299 0.014388 0.732484 0.014388 0.738854 0.007194 0.738854 0.003597 0.735669 0.000000 0.716561 0.000000
0 0.824841 0.010791 0.828025 0.014388 0.828025 0.017986 0.834395 0.025180 0.843949 0.025180 0.859873 0.007194 0.859873 0.003597 0.850318 0.003597 0.847134 0.000000 0.831210 0.000000 0.824841 0.007194
0 0.156051 0.003597 0.156051 0.010791 0.162420 0.017986 0.165605 0.017986 0.168790 0.021583 0.175159 0.021583 0.178344 0.017986 0.178344 0.007194 0.175159 0.003597
0 0.286624 0.003597 0.283439 0.007194 0.283439 0.014388 0.289809 0.021583 0.289809 0.025180 0.292994 0.028777 0.302548 0.028777 0.308917 0.021583 0.308917 0.007194 0.305732 0.007194 0.302548 0.003597
0 0.331210 0.003597 0.328025 0.007194 0.331210 0.010791 0.331210 0.021583 0.334395 0.025180 0.334395 0.032374 0.343949 0.032374 0.343949 0.014388 0.340764 0.010791 0.337580 0.014388 0.334395 0.010791 0.334395 0.003597
0 0.484076 0.003597 0.484076 0.007194 0.487261 0.010791 0.506369 0.010791 0.509554 0.007194 0.509554 0.003597
0 0.579618 0.014388 0.573248 0.021583 0.573248 0.025180 0.570064 0.028777 0.570064 0.032374 0.573248 0.035971 0.573248 0.039568 0.576433 0.043165 0.589172 0.043165 0.592357 0.039568 0.592357 0.035971 0.595541 0.032374 0.595541 0.021583 0.589172 0.014388
0 0.420382 0.025180 0.420382 0.035971 0.429936 0.043165 0.439490 0.043165 0.442675 0.039568 0.445860 0.039568 0.452229 0.032374 0.452229 0.028777 0.445860 0.017986 0.426752 0.017986
0 0.235669 0.025180 0.232484 0.025180 0.229299 0.021583 0.226115 0.021583 0.226115 0.025180 0.219745 0.032374 0.219745 0.043165 0.226115 0.043165 0.235669 0.032374
0 0.522293 0.021583 0.519108 0.025180 0.519108 0.043165 0.525478 0.050360 0.535032 0.050360 0.541401 0.043165 0.541401 0.025180 0.538217 0.025180 0.535032 0.021583
0 0.875796 0.021583 0.872611 0.025180 0.872611 0.028777 0.869427 0.032374 0.869427 0.039568 0.875796 0.046763 0.888535 0.046763 0.894904 0.039568 0.894904 0.028777 0.888535 0.021583
0 0.264331 0.028777 0.264331 0.032374 0.261146 0.035971 0.261146 0.039568 0.264331 0.043165 0.264331 0.050360 0.267516 0.050360 0.270701 0.053957 0.280255 0.053957 0.286624 0.046763 0.286624 0.032374 0.280255 0.025180 0.270701 0.025180 0.267516 0.028777
0 0.751592 0.028777 0.738854 0.028777 0.732484 0.035971 0.732484 0.039568 0.729299 0.043165 0.729299 0.053957 0.732484 0.057554 0.732484 0.061151 0.745223 0.061151 0.751592 0.053957 0.751592 0.050360 0.754777 0.046763 0.754777 0.032374
0 0.111465 0.039568 0.111465 0.043165 0.108280 0.046763 0.108280 0.050360 0.114650 0.061151 0.117834 0.061151 0.121019 0.064748 0.127389 0.064748 0.130573 0.061151 0.133758 0.061151 0.133758 0.057554 0.136943 0.053957 0.136943 0.046763 0.130573 0.039568 0.127389 0.039568 0.124204 0.035971 0.117834 0.035971 0.114650 0.039568
0 0.490446 0.039568 0.490446 0.046763 0.496815 0.053957 0.500000 0.053957 0.503185 0.057554 0.512739 0.057554 0.512739 0.046763 0.506369 0.039568 0.503185 0.039568 0.500000 0.035971 0.493631 0.035971
0 0.328025 0.039568 0.315287 0.039568 0.308917 0.046763 0.308917 0.057554 0.312102 0.061151 0.321656 0.061151 0.328025 0.053957
0 0.611465 0.046763 0.611465 0.061151 0.617834 0.068345 0.624204 0.068345 0.624204 0.057554 0.621019 0.053957 0.621019 0.050360 0.617834 0.046763
0 0.703822 0.050360 0.700637 0.046763 0.697452 0.050360 0.687898 0.050360 0.675159 0.064748 0.675159 0.068345 0.678344 0.071942 0.678344 0.075540 0.681529 0.075540 0.684713 0.079137 0.703822 0.057554
0 0.818471 0.057554 0.818471 0.064748 0.824841 0.071942 0.840764 0.071942 0.843949 0.068345 0.843949 0.053957 0.840764 0.050360 0.837580 0.050360 0.834395 0.046763 0.831210 0.046763 0.828025 0.050360 0.824841 0.050360
0 0.417197 0.057554 0.410828 0.064748 0.410828 0.079137 0.414013 0.082734 0.414013 0.086331 0.426752 0.086331 0.433121 0.079137 0.433121 0.064748 0.429936 0.061151 0.426752 0.061151 0.423567 0.057554
0 0.452229 0.057554 0.449045 0.061151 0.449045 0.068345 0.445860 0.071942 0.449045 0.075540 0.449045 0.082734 0.455414 0.089928 0.461783 0.089928 0.468153 0.082734 0.468153 0.068345 0.464968 0.064748 0.464968 0.061151 0.461783 0.057554
0 0.025478 0.061151 0.019108 0.068345 0.019108 0.089928 0.022293 0.093525 0.031847 0.093525 0.041401 0.086331 0.041401 0.068345 0.031847 0.061151
0 0.585987 0.068345 0.582803 0.071942 0.582803 0.075540 0.579618 0.079137 0.579618 0.082734 0.582803 0.086331 0.582803 0.089928 0.598726 0.089928 0.601911 0.086331 0.601911 0.075540 0.595541 0.068345
0 0.178344 0.093525 0.181529 0.097122 0.197452 0.097122 0.200637 0.093525 0.203822 0.093525 0.210191 0.086331 0.210191 0.082734 0.203822 0.075540 0.184713 0.075540 0.178344 0.082734
0 0.136943 0.082734 0.136943 0.086331 0.130573 0.093525 0.130573 0.100719 0.136943 0.111511 0.149682 0.111511 0.156051 0.104317 0.156051 0.100719 0.159236 0.097122 0.156051 0.093525 0.156051 0.086331 0.152866 0.082734
0 0.907643 0.089928 0.901274 0.082734 0.885350 0.086331 0.872611 0.097122 0.863057 0.100719 0.850318 0.115108 0.850318 0.118705 0.853503 0.122302 0.859873 0.122302 0.863057 0.118705 0.888535 0.118705 0.907643 0.100719
0 0.761146 0.089928 0.761146 0.100719 0.767516 0.111511 0.777070 0.111511 0.780255 0.115108 0.783439 0.115108 0.792994 0.107914 0.792994 0.104317 0.789809 0.100719 0.789809 0.097122 0.783439 0.089928 0.780255 0.089928 0.777070 0.086331 0.764331 0.086331
0 0.305732 0.089928 0.302548 0.093525 0.302548 0.097122 0.299363 0.100719 0.299363 0.107914 0.308917 0.118705 0.315287 0.118705 0.318471 0.115108 0.321656 0.115108 0.324841 0.111511 0.324841 0.097122 0.318471 0.089928
0 0.366242 0.089928 0.359873 0.097122 0.359873 0.111511 0.363057 0.115108 0.366242 0.115108 0.369427 0.118705 0.372611 0.118705 0.378981 0.111511 0.378981 0.104317 0.382166 0.100719 0.378981 0.097122 0.378981 0.093525 0.375796 0.089928
0 0.563694 0.100719 0.563694 0.115108 0.570064 0.122302 0.585987 0.122302 0.585987 0.111511 0.582803 0.107914 0.582803 0.104317 0.579618 0.100719 0.576433 0.100719 0.573248 0.097122 0.570064 0.100719
0 0.105096 0.100719 0.095541 0.100719 0.085987 0.107914 0.085987 0.125899 0.089172 0.129496 0.101911 0.129496 0.105096 0.125899 0.108280 0.125899 0.108280 0.122302 0.111465 0.118705 0.111465 0.107914
0 0.257962 0.104317 0.254777 0.107914 0.254777 0.125899 0.264331 0.136691 0.267516 0.136691 0.273885 0.143885 0.283439 0.143885 0.283439 0.107914 0.277070 0.100719 0.264331 0.100719 0.261146 0.104317
0 0.608280 0.111511 0.601911 0.111511 0.598726 0.115108 0.595541 0.115108 0.592357 0.118705 0.589172 0.118705 0.589172 0.129496 0.595541 0.140288 0.608280 0.140288 0.611465 0.136691 0.614650 0.136691 0.614650 0.118705
0 0.429936 0.125899 0.426752 0.122302 0.417197 0.118705 0.414013 0.122302 0.407643 0.122302 0.398089 0.129496 0.382166 0.129496 0.382166 0.143885 0.385350 0.147482 0.391720 0.147482 0.394904 0.143885 0.401274 0.143885 0.404459 0.140288 0.423567 0.140288 0.426752 0.136691 0.429936 0.136691
0 0.009554 0.122302 0.006369 0.125899 0.006369 0.136691 0.009554 0.140288 0.006369 0.143885 0.009554 0.147482 0.009554 0.154676 0.012739 0.154676 0.025478 0.165468 0.035032 0.169065 0.038217 0.165468 0.038217 0.158273 0.041401 0.154676 0.041401 0.140288 0.038217 0.136691 0.038217 0.133094 0.028662 0.125899 0.022293 0.125899 0.019108 0.122302
0 0.334395 0.125899 0.334395 0.129496 0.331210 0.133094 0.331210 0.136691 0.334395 0.140288 0.334395 0.143885 0.337580 0.147482 0.350318 0.147482 0.353503 0.143885 0.353503 0.140288 0.356688 0.136691 0.356688 0.133094 0.353503 0.129496 0.353503 0.125899 0.350318 0.125899 0.347134 0.122302 0.340764 0.122302 0.337580 0.125899
0 0.168790 0.136691 0.168790 0.151079 0.175159 0.158273 0.194268 0.158273 0.197452 0.154676 0.197452 0.143885 0.194268 0.140288 0.194268 0.136691 0.191083 0.136691 0.187898 0.133094 0.171975 0.133094
0 0.449045 0.143885 0.449045 0.151079 0.455414 0.158273 0.468153 0.158273 0.471338 0.154676 0.474522 0.154676 0.477707 0.151079 0.477707 0.140288 0.474522 0.136691 0.471338 0.136691 0.468153 0.133094 0.458599 0.133094
0 0.732484 0.140288 0.732484 0.147482 0.754777 0.147482 0.754777 0.140288 0.748408 0.133094 0.735669 0.133094 0.735669 0.136691
0 0.515924 0.140288 0.512739 0.143885 0.512739 0.151079 0.515924 0.154676 0.519108 0.154676 0.531847 0.169065 0.535032 0.169065 0.535032 0.161871 0.531847 0.158273 0.531847 0.154676 0.528662 0.151079 0.528662 0.147482 0.522293 0.140288
0 0.573248 0.140288 0.563694 0.140288 0.560510 0.143885 0.560510 0.158273 0.566879 0.165468 0.570064 0.161871 0.573248 0.161871 0.576433 0.158273 0.576433 0.143885
0 0.675159 0.140288 0.668790 0.140288 0.665605 0.143885 0.662420 0.143885 0.656051 0.151079 0.656051 0.165468 0.665605 0.172662 0.668790 0.172662 0.671975 0.169065 0.675159 0.169065 0.681529 0.158273 0.681529 0.147482
0 0.130573 0.151079 0.130573 0.154676 0.127389 0.158273 0.127389 0.161871 0.133758 0.169065 0.136943 0.169065 0.140127 0.172662 0.152866 0.172662 0.159236 0.165468 0.159236 0.158273 0.152866 0.151079 0.146497 0.151079 0.143312 0.147482 0.136943 0.147482 0.133758 0.151079
0 0.853503 0.151079 0.853503 0.154676 0.856688 0.158273 0.859873 0.158273 0.863057 0.161871 0.866242 0.161871 0.866242 0.154676 0.863057 0.151079
0 0.257962 0.158273 0.251592 0.165468 0.251592 0.176259 0.261146 0.187050 0.273885 0.187050 0.280255 0.179856 0.280255 0.169065 0.270701 0.158273
0 0.398089 0.161871 0.394904 0.165468 0.394904 0.179856 0.398089 0.183453 0.401274 0.183453 0.404459 0.187050 0.414013 0.187050 0.423567 0.176259 0.423567 0.161871 0.420382 0.161871 0.417197 0.158273 0.407643 0.158273 0.404459 0.161871
0 0.783439 0.161871 0.777070 0.169065 0.777070 0.172662 0.773885 0.176259 0.773885 0.187050 0.770701 0.190647 0.773885 0.194245 0.780255 0.194245 0.783439 0.197842 0.792994 0.201439 0.796178 0.197842 0.799363 0.197842 0.805732 0.190647 0.805732 0.187050 0.808917 0.183453 0.808917 0.176259 0.805732 0.172662 0.805732 0.169065 0.799363 0.161871
0 0.299363 0.169065 0.289809 0.179856 0.289809 0.190647 0.286624 0.194245 0.286624 0.197842 0.289809 0.201439 0.289809 0.208633 0.292994 0.208633 0.296178 0.212230 0.305732 0.212230 0.315287 0.205036 0.315287 0.201439 0.318471 0.197842 0.318471 0.183453 0.312102 0.172662 0.308917 0.172662 0.305732 0.169065
0 0.445860 0.172662 0.445860 0.183453 0.455414 0.194245 0.464968 0.194245 0.474522 0.183453 0.474522 0.172662 0.471338 0.169065 0.449045 0.169065
0 0.694268 0.172662 0.687898 0.179856 0.687898 0.190647 0.691083 0.194245 0.691083 0.197842 0.694268 0.197842 0.697452 0.201439 0.703822 0.201439 0.707006 0.197842 0.710191 0.197842 0.710191 0.183453 0.707006 0.179856 0.707006 0.176259 0.703822 0.172662
0 0.015924 0.190647 0.003185 0.190647 0.003185 0.219424 0.006369 0.223022 0.009554 0.219424 0.012739 0.219424 0.019108 0.212230 0.019108 0.205036 0.022293 0.201439 0.019108 0.197842 0.019108 0.194245
0 0.168790 0.190647 0.162420 0.190647 0.159236 0.194245 0.156051 0.194245 0.152866 0.197842 0.152866 0.212230 0.156051 0.215827 0.159236 0.215827 0.162420 0.219424 0.165605 0.219424 0.168790 0.215827 0.171975 0.215827 0.178344 0.208633 0.178344 0.197842 0.175159 0.194245 0.171975 0.194245
0 0.194268 0.205036 0.191083 0.208633 0.191083 0.223022 0.197452 0.230216 0.210191 0.230216 0.216561 0.223022 0.216561 0.208633 0.213376 0.205036 0.210191 0.205036 0.207006 0.201439 0.200637 0.201439 0.197452 0.205036
0 0.047771 0.205036 0.041401 0.212230 0.041401 0.215827 0.038217 0.219424 0.038217 0.223022 0.041401 0.226619 0.041401 0.230216 0.047771 0.237410 0.057325 0.237410 0.060510 0.233813 0.060510 0.212230 0.054140 0.205036
0 0.235669 0.208633 0.229299 0.215827 0.229299 0.226619 0.232484 0.230216 0.232484 0.233813 0.235669 0.237410 0.242038 0.237410 0.245223 0.233813 0.248408 0.233813 0.248408 0.230216 0.251592 0.226619 0.251592 0.215827 0.245223 0.208633
0 0.423567 0.208633 0.417197 0.215827 0.417197 0.226619 0.423567 0.233813 0.436306 0.233813 0.442675 0.226619 0.442675 0.219424 0.439490 0.215827 0.439490 0.212230 0.436306 0.212230 0.433121 0.208633
0 0.831210 0.212230 0.831210 0.215827 0.834395 0.219424 0.843949 0.219424 0.843949 0.212230 0.840764 0.208633 0.834395 0.208633
0 0.273885 0.215827 0.267516 0.226619 0.267516 0.237410 0.273885 0.244604 0.283439 0.244604 0.296178 0.230216 0.296178 0.223022 0.286624 0.215827
0 0.350318 0.219424 0.343949 0.226619 0.343949 0.230216 0.340764 0.233813 0.347134 0.244604 0.356688 0.244604 0.359873 0.248201 0.363057 0.248201 0.369427 0.241007 0.369427 0.237410 0.372611 0.233813 0.372611 0.226619 0.366242 0.219424
0 0.684713 0.223022 0.684713 0.233813 0.687898 0.237410 0.687898 0.241007 0.691083 0.241007 0.694268 0.244604 0.700637 0.244604 0.703822 0.241007 0.707006 0.241007 0.713376 0.233813 0.713376 0.223022 0.710191 0.219424 0.687898 0.219424
0 0.461783 0.223022 0.458599 0.226619 0.458599 0.241007 0.461783 0.244604 0.461783 0.248201 0.464968 0.251799 0.468153 0.251799 0.471338 0.255396 0.474522 0.255396 0.480892 0.248201 0.480892 0.230216 0.474522 0.223022
0 0.624204 0.226619 0.624204 0.237410 0.633758 0.248201 0.636943 0.248201 0.640127 0.251799 0.646497 0.251799 0.656051 0.241007 0.656051 0.237410 0.649682 0.226619 0.643312 0.226619 0.640127 0.223022 0.630573 0.223022 0.627389 0.226619
0 0.092357 0.230216 0.085987 0.237410 0.085987 0.241007 0.082803 0.244604 0.082803 0.248201 0.089172 0.255396 0.092357 0.255396 0.095541 0.258993 0.098726 0.258993 0.101911 0.255396 0.105096 0.255396 0.108280 0.251799 0.108280 0.248201 0.111465 0.244604 0.111465 0.241007 0.108280 0.237410 0.108280 0.233813 0.105096 0.233813 0.101911 0.230216
0 0.869427 0.237410 0.869427 0.251799 0.872611 0.255396 0.875796 0.255396 0.878981 0.258993 0.885350 0.258993 0.891720 0.251799 0.894904 0.251799 0.894904 0.237410 0.891720 0.237410 0.888535 0.233813 0.875796 0.233813 0.872611 0.237410
0 0.560510 0.237410 0.554140 0.237410 0.547771 0.244604 0.547771 0.248201 0.544586 0.251799 0.544586 0.262590 0.547771 0.266187 0.547771 0.269784 0.550955 0.269784 0.554140 0.273381 0.557325 0.273381 0.560510 0.269784 0.563694 0.269784 0.566879 0.266187 0.566879 0.258993 0.570064 0.255396 0.566879 0.251799 0.566879 0.244604
0 0.799363 0.244604 0.799363 0.248201 0.808917 0.251799 0.828025 0.269784 0.840764 0.269784 0.847134 0.276978 0.850318 0.269784 0.856688 0.276978 0.856688 0.269784 0.850318 0.266187 0.847134 0.269784 0.843949 0.266187 0.840764 0.251799 0.831210 0.241007 0.824841 0.241007 0.821656 0.237410 0.808917 0.237410
0 0.130573 0.248201 0.130573 0.255396 0.136943 0.266187 0.149682 0.266187 0.159236 0.258993 0.159236 0.244604 0.156051 0.244604 0.152866 0.241007 0.133758 0.241007 0.133758 0.244604
0 0.302548 0.244604 0.302548 0.248201 0.299363 0.251799 0.299363 0.262590 0.302548 0.262590 0.308917 0.269784 0.318471 0.269784 0.324841 0.262590 0.324841 0.248201 0.318471 0.241007 0.308917 0.241007 0.305732 0.244604
0 0.592357 0.248201 0.585987 0.258993 0.585987 0.276978 0.592357 0.284173 0.601911 0.284173 0.608280 0.273381 0.608280 0.251799 0.605096 0.248201
0 0.735669 0.248201 0.722930 0.248201 0.719745 0.251799 0.716561 0.251799 0.716561 0.255396 0.713376 0.258993 0.713376 0.266187 0.716561 0.269784 0.719745 0.269784 0.722930 0.273381 0.729299 0.273381 0.732484 0.269784 0.735669 0.269784 0.738854 0.266187 0.738854 0.251799
0 0.363057 0.255396 0.353503 0.266187 0.353503 0.276978 0.356688 0.280576 0.363057 0.280576 0.366242 0.284173 0.378981 0.284173 0.385350 0.276978 0.385350 0.266187 0.378981 0.258993 0.375796 0.258993 0.372611 0.255396
0 0.417197 0.258993 0.410828 0.269784 0.414013 0.273381 0.414013 0.276978 0.423567 0.287770 0.433121 0.287770 0.439490 0.280576 0.439490 0.262590 0.429936 0.255396 0.426752 0.255396 0.423567 0.258993
0 0.270701 0.258993 0.270701 0.262590 0.267516 0.266187 0.267516 0.269784 0.270701 0.273381 0.270701 0.276978 0.273885 0.280576 0.286624 0.280576 0.289809 0.276978 0.289809 0.266187 0.283439 0.258993
0 0.487261 0.269784 0.484076 0.273381 0.484076 0.280576 0.493631 0.291367 0.503185 0.291367 0.503185 0.273381 0.500000 0.273381 0.496815 0.269784
0 0.789809 0.269784 0.783439 0.276978 0.783439 0.287770 0.789809 0.294964 0.802548 0.294964 0.808917 0.287770 0.808917 0.273381 0.805732 0.269784
0 0.121019 0.273381 0.117834 0.273381 0.111465 0.280576 0.111465 0.284173 0.108280 0.287770 0.108280 0.294964 0.114650 0.302158 0.117834 0.302158 0.121019 0.298561 0.124204 0.298561 0.124204 0.294964 0.127389 0.291367 0.127389 0.284173 0.124204 0.280576 0.124204 0.276978
0 0.165605 0.273381 0.162420 0.276978 0.159236 0.276978 0.156051 0.280576 0.156051 0.284173 0.152866 0.287770 0.152866 0.291367 0.162420 0.302158 0.171975 0.302158 0.178344 0.294964 0.178344 0.291367 0.181529 0.287770 0.178344 0.284173 0.178344 0.280576 0.171975 0.273381
0 0.235669 0.273381 0.232484 0.276978 0.232484 0.294964 0.235669 0.298561 0.238854 0.298561 0.242038 0.302158 0.248408 0.302158 0.254777 0.294964 0.254777 0.284173 0.251592 0.280576 0.251592 0.276978 0.248408 0.276978 0.245223 0.273381
0 0.003185 0.280576 0.003185 0.309353 0.015924 0.309353 0.015924 0.305755 0.019108 0.302158 0.019108 0.287770 0.012739 0.280576
0 0.041401 0.284173 0.038217 0.287770 0.038217 0.302158 0.041401 0.305755 0.041401 0.309353 0.050955 0.309353 0.060510 0.298561 0.060510 0.287770 0.057325 0.284173
0 0.764331 0.284173 0.754777 0.284173 0.751592 0.287770 0.751592 0.291367 0.745223 0.298561 0.742038 0.298561 0.738854 0.302158 0.738854 0.316547 0.742038 0.316547 0.745223 0.320144 0.748408 0.316547 0.751592 0.316547 0.757962 0.305755 0.764331 0.305755 0.767516 0.302158 0.767516 0.287770
0 0.646497 0.287770 0.640127 0.294964 0.640127 0.298561 0.636943 0.302158 0.636943 0.305755 0.640127 0.309353 0.640127 0.312950 0.643312 0.316547 0.656051 0.316547 0.662420 0.309353 0.662420 0.302158 0.659236 0.298561 0.659236 0.294964 0.652866 0.287770
0 0.474522 0.291367 0.461783 0.291367 0.455414 0.298561 0.455414 0.316547 0.461783 0.323741 0.468153 0.323741 0.471338 0.320144 0.474522 0.320144 0.474522 0.316547 0.480892 0.309353 0.480892 0.298561
0 0.347134 0.294964 0.343949 0.298561 0.343949 0.316547 0.350318 0.323741 0.359873 0.323741 0.369427 0.312950 0.369427 0.302158 0.363057 0.294964
0 0.194268 0.302158 0.194268 0.305755 0.191083 0.309353 0.191083 0.320144 0.197452 0.327338 0.210191 0.327338 0.213376 0.323741 0.213376 0.320144 0.216561 0.316547 0.216561 0.312950 0.207006 0.302158
0 0.277070 0.305755 0.273885 0.305755 0.270701 0.302158 0.267516 0.305755 0.264331 0.305755 0.254777 0.316547 0.254777 0.323741 0.261146 0.330935 0.270701 0.330935 0.273885 0.327338 0.277070 0.327338 0.280255 0.323741 0.280255 0.309353
0 0.563694 0.302158 0.560510 0.302158 0.557325 0.305755 0.554140 0.305755 0.550955 0.309353 0.550955 0.327338 0.557325 0.334532 0.560510 0.334532 0.563694 0.330935 0.566879 0.330935 0.566879 0.327338 0.570064 0.323741 0.570064 0.320144 0.573248 0.316547 0.570064 0.312950 0.570064 0.305755 0.566879 0.305755
0 0.146497 0.309353 0.143312 0.309353 0.140127 0.305755 0.136943 0.305755 0.133758 0.309353 0.130573 0.309353 0.124204 0.316547 0.124204 0.330935 0.127389 0.334532 0.140127 0.334532 0.143312 0.330935 0.146497 0.330935 0.146497 0.327338 0.149682 0.323741 0.149682 0.316547 0.146497 0.312950
0 0.429936 0.309353 0.426752 0.309353 0.423567 0.312950 0.417197 0.312950 0.417197 0.316547 0.414013 0.320144 0.414013 0.330935 0.417197 0.334532 0.429936 0.334532 0.436306 0.327338 0.436306 0.316547
0 0.235669 0.312950 0.232484 0.312950 0.226115 0.320144 0.226115 0.330935 0.232484 0.330935 0.235669 0.327338 0.238854 0.327338 0.238854 0.316547
0 0.085987 0.316547 0.082803 0.320144 0.079618 0.320144 0.079618 0.338129 0.082803 0.341727 0.082803 0.345324 0.089172 0.345324 0.092357 0.348921 0.095541 0.348921 0.101911 0.341727 0.101911 0.330935 0.089172 0.316547
0 0.777070 0.316547 0.764331 0.316547 0.757962 0.323741 0.754777 0.323741 0.748408 0.330935 0.748408 0.338129 0.745223 0.341727 0.751592 0.348921 0.754777 0.348921 0.757962 0.345324 0.761146 0.345324 0.777070 0.327338
0 0.009554 0.327338 0.009554 0.338129 0.012739 0.341727 0.015924 0.341727 0.019108 0.345324 0.025478 0.345324 0.028662 0.341727 0.031847 0.341727 0.035032 0.338129 0.035032 0.327338 0.028662 0.320144 0.015924 0.320144
0 0.318471 0.320144 0.318471 0.323741 0.315287 0.327338 0.318471 0.330935 0.318471 0.338129 0.324841 0.345324 0.334395 0.345324 0.340764 0.338129 0.337580 0.334532 0.337580 0.327338 0.331210 0.320144
0 0.509554 0.323741 0.496815 0.323741 0.493631 0.327338 0.490446 0.327338 0.480892 0.338129 0.480892 0.352518 0.487261 0.359712 0.493631 0.359712 0.512739 0.338129 0.512739 0.327338
0 0.726115 0.330935 0.722930 0.330935 0.719745 0.334532 0.716561 0.334532 0.713376 0.338129 0.710191 0.338129 0.710191 0.345324 0.713376 0.348921 0.713376 0.356115 0.719745 0.356115 0.722930 0.352518 0.726115 0.352518 0.726115 0.341727 0.729299 0.338129 0.729299 0.334532
0 0.652866 0.334532 0.646497 0.341727 0.646497 0.352518 0.652866 0.359712 0.662420 0.359712 0.668790 0.352518 0.668790 0.338129 0.665605 0.334532
0 0.694268 0.334532 0.684713 0.341727 0.684713 0.363309 0.691083 0.370504 0.703822 0.370504 0.703822 0.366906 0.710191 0.356115 0.710191 0.348921 0.707006 0.345324 0.707006 0.338129 0.697452 0.338129
0 0.837580 0.345324 0.831210 0.338129 0.815287 0.338129 0.812102 0.341727 0.808917 0.341727 0.802548 0.348921 0.802548 0.352518 0.799363 0.356115 0.799363 0.366906 0.805732 0.374101 0.818471 0.374101 0.821656 0.370504 0.824841 0.370504 0.837580 0.356115
0 0.449045 0.341727 0.442675 0.348921 0.442675 0.359712 0.445860 0.363309 0.461783 0.363309 0.468153 0.356115 0.468153 0.345324 0.464968 0.341727
0 0.286624 0.345324 0.280255 0.352518 0.280255 0.366906 0.286624 0.374101 0.296178 0.374101 0.299363 0.370504 0.302548 0.370504 0.308917 0.363309 0.308917 0.352518 0.302548 0.345324
0 0.213376 0.363309 0.213376 0.377698 0.216561 0.381295 0.229299 0.381295 0.232484 0.377698 0.235669 0.377698 0.238854 0.374101 0.242038 0.374101 0.242038 0.370504 0.245223 0.366906 0.245223 0.359712 0.242038 0.359712 0.235669 0.352518 0.222930 0.352518 0.219745 0.356115 0.216561 0.356115 0.216561 0.359712
0 0.117834 0.356115 0.114650 0.359712 0.114650 0.374101 0.117834 0.377698 0.117834 0.381295 0.121019 0.381295 0.127389 0.388489 0.133758 0.388489 0.136943 0.384892 0.140127 0.384892 0.143312 0.381295 0.143312 0.366906 0.136943 0.359712 0.133758 0.359712 0.130573 0.356115
0 0.181529 0.356115 0.175159 0.363309 0.175159 0.381295 0.178344 0.384892 0.191083 0.384892 0.194268 0.381295 0.194268 0.377698 0.197452 0.374101 0.194268 0.370504 0.194268 0.359712 0.191083 0.356115
0 0.248408 0.359712 0.248408 0.374101 0.251592 0.377698 0.261146 0.377698 0.261146 0.374101 0.264331 0.370504 0.264331 0.366906 0.261146 0.363309 0.261146 0.359712
0 0.598726 0.370504 0.598726 0.377698 0.605096 0.384892 0.611465 0.384892 0.614650 0.388489 0.617834 0.388489 0.621019 0.384892 0.624204 0.384892 0.627389 0.381295 0.627389 0.377698 0.624204 0.374101 0.624204 0.370504 0.614650 0.359712 0.608280 0.359712
0 0.028662 0.363309 0.022293 0.370504 0.022293 0.384892 0.025478 0.388489 0.028662 0.388489 0.031847 0.392086 0.038217 0.392086 0.041401 0.388489 0.044586 0.388489 0.044586 0.384892 0.047771 0.381295 0.047771 0.370504 0.041401 0.363309
0 0.681529 0.377698 0.675159 0.377698 0.671975 0.381295 0.668790 0.381295 0.659236 0.392086 0.659236 0.402878 0.662420 0.406475 0.671975 0.406475 0.675159 0.402878 0.678344 0.402878 0.684713 0.395683 0.684713 0.384892 0.681529 0.381295
0 0.550955 0.381295 0.544586 0.388489 0.544586 0.399281 0.554140 0.410072 0.566879 0.410072 0.570064 0.406475 0.570064 0.388489 0.563694 0.381295
0 0.735669 0.392086 0.732484 0.388489 0.716561 0.388489 0.713376 0.392086 0.710191 0.392086 0.687898 0.413669 0.684713 0.424460 0.687898 0.424460 0.691083 0.428058 0.703822 0.428058 0.707006 0.424460 0.710191 0.424460 0.732484 0.402878
0 0.828025 0.392086 0.824841 0.392086 0.821656 0.395683 0.818471 0.395683 0.812102 0.402878 0.812102 0.417266 0.815287 0.417266 0.818471 0.420863 0.821656 0.420863 0.824841 0.417266 0.828025 0.417266 0.834395 0.410072 0.834395 0.399281
0 0.226115 0.399281 0.226115 0.402878 0.222930 0.406475 0.222930 0.413669 0.226115 0.417266 0.226115 0.420863 0.232484 0.428058 0.242038 0.428058 0.245223 0.424460 0.245223 0.410072 0.242038 0.406475 0.242038 0.402878 0.238854 0.402878 0.235669 0.399281
0 0.866242 0.399281 0.853503 0.399281 0.843949 0.410072 0.843949 0.413669 0.840764 0.417266 0.840764 0.420863 0.837580 0.424460 0.837580 0.428058 0.840764 0.431655 0.850318 0.431655 0.853503 0.428058 0.859873 0.428058 0.869427 0.417266 0.869427 0.406475 0.866242 0.402878
0 0.149682 0.402878 0.146497 0.406475 0.143312 0.406475 0.136943 0.413669 0.136943 0.424460 0.140127 0.428058 0.143312 0.428058 0.146497 0.431655 0.156051 0.431655 0.162420 0.424460 0.162420 0.417266 0.159236 0.413669 0.159236 0.410072 0.156051 0.406475 0.152866 0.406475
0 0.178344 0.406475 0.171975 0.413669 0.171975 0.424460 0.175159 0.428058 0.178344 0.428058 0.181529 0.431655 0.184713 0.431655 0.187898 0.428058 0.191083 0.428058 0.191083 0.424460 0.194268 0.420863 0.194268 0.413669 0.187898 0.406475
0 0.452229 0.420863 0.455414 0.431655 0.458599 0.431655 0.461783 0.435252 0.474522 0.435252 0.477707 0.431655 0.480892 0.431655 0.487261 0.424460 0.487261 0.413669 0.477707 0.406475 0.464968 0.406475 0.461783 0.410072 0.458599 0.410072
0 0.050955 0.410072 0.047771 0.413669 0.047771 0.428058 0.054140 0.435252 0.063694 0.435252 0.066879 0.431655 0.066879 0.413669 0.063694 0.410072
0 0.270701 0.420863 0.270701 0.428058 0.273885 0.431655 0.277070 0.431655 0.280255 0.435252 0.289809 0.435252 0.292994 0.438849 0.296178 0.435252 0.299363 0.435252 0.305732 0.424460 0.305732 0.420863 0.299363 0.413669 0.296178 0.413669 0.292994 0.410072 0.280255 0.410072
0 0.875796 0.420863 0.875796 0.424460 0.885350 0.435252 0.894904 0.435252 0.898089 0.431655 0.901274 0.431655 0.904459 0.428058 0.904459 0.413669 0.901274 0.410072 0.885350 0.410072
0 0.512739 0.413669 0.506369 0.420863 0.506369 0.424460 0.503185 0.428058 0.503185 0.435252 0.512739 0.446043 0.528662 0.446043 0.535032 0.438849 0.535032 0.420863 0.525478 0.413669
0 0.605096 0.420863 0.605096 0.431655 0.608280 0.435252 0.608280 0.438849 0.621019 0.438849 0.624204 0.435252 0.630573 0.435252 0.633758 0.431655 0.633758 0.417266 0.630573 0.413669 0.614650 0.413669
0 0.028662 0.417266 0.022293 0.417266 0.015924 0.424460 0.015924 0.431655 0.022293 0.438849 0.025478 0.438849 0.031847 0.431655 0.031847 0.420863
0 0.429936 0.424460 0.417197 0.424460 0.410828 0.431655 0.410828 0.449640 0.417197 0.460432 0.423567 0.460432 0.429936 0.453237 0.429936 0.449640 0.433121 0.446043 0.433121 0.431655 0.429936 0.428058
0 0.595541 0.442446 0.595541 0.453237 0.601911 0.460432 0.608280 0.460432 0.611465 0.464029 0.630573 0.464029 0.636943 0.456835 0.636943 0.453237 0.633758 0.453237 0.630573 0.449640 0.624204 0.449640 0.617834 0.442446 0.608280 0.442446 0.605096 0.438849 0.601911 0.442446
0 0.821656 0.442446 0.812102 0.438849 0.808917 0.442446 0.799363 0.442446 0.796178 0.446043 0.789809 0.446043 0.780255 0.460432 0.780255 0.467626 0.783439 0.471223 0.783439 0.474820 0.786624 0.474820 0.789809 0.478417 0.799363 0.471223 0.805732 0.471223 0.812102 0.453237 0.815287 0.449640 0.821656 0.449640
0 0.213376 0.442446 0.207006 0.442446 0.200637 0.449640 0.200637 0.464029 0.203822 0.464029 0.207006 0.467626 0.210191 0.464029 0.216561 0.464029 0.219745 0.460432 0.219745 0.449640
0 0.850318 0.446043 0.850318 0.456835 0.853503 0.460432 0.863057 0.460432 0.866242 0.456835 0.869427 0.456835 0.872611 0.453237 0.872611 0.442446 0.856688 0.442446 0.853503 0.446043
0 0.270701 0.453237 0.261146 0.446043 0.257962 0.446043 0.254777 0.449640 0.248408 0.449640 0.242038 0.456835 0.238854 0.456835 0.235669 0.460432 0.235669 0.464029 0.232484 0.467626 0.232484 0.474820 0.235669 0.478417 0.242038 0.478417 0.251592 0.471223 0.257962 0.471223 0.261146 0.467626 0.264331 0.467626 0.270701 0.460432
0 0.165605 0.453237 0.162420 0.456835 0.159236 0.456835 0.156051 0.460432 0.156051 0.474820 0.162420 0.482014 0.171975 0.482014 0.175159 0.478417 0.175159 0.474820 0.178344 0.471223 0.178344 0.460432 0.171975 0.453237
0 0.015924 0.460432 0.009554 0.460432 0.006369 0.456835 0.000000 0.464029 0.000000 0.482014 0.003185 0.485612 0.006369 0.485612 0.009554 0.482014 0.012739 0.482014 0.015924 0.478417 0.015924 0.474820 0.019108 0.471223 0.019108 0.467626 0.015924 0.464029
0 0.136943 0.471223 0.130573 0.464029 0.121019 0.464029 0.117834 0.467626 0.114650 0.467626 0.105096 0.478417 0.101911 0.478417 0.101911 0.482014 0.095541 0.492806 0.095541 0.500000 0.098726 0.503597 0.108280 0.503597 0.111465 0.500000 0.114650 0.500000 0.127389 0.485612 0.130573 0.485612 0.136943 0.478417
0 0.535032 0.471223 0.535032 0.485612 0.538217 0.485612 0.541401 0.489209 0.550955 0.489209 0.554140 0.485612 0.557325 0.485612 0.563694 0.478417 0.563694 0.471223 0.557325 0.464029 0.541401 0.464029
0 0.894904 0.464029 0.882166 0.464029 0.863057 0.485612 0.853503 0.507194 0.856688 0.521583 0.869427 0.521583 0.875796 0.517986 0.888535 0.503597 0.894904 0.489209 0.894904 0.482014 0.898089 0.478417
0 0.589172 0.474820 0.589172 0.478417 0.592357 0.482014 0.595541 0.482014 0.598726 0.485612 0.608280 0.485612 0.611465 0.482014 0.611465 0.474820 0.608280 0.471223 0.601911 0.471223 0.598726 0.467626 0.595541 0.467626
0 0.707006 0.467626 0.703822 0.467626 0.694268 0.478417 0.694268 0.485612 0.691083 0.489209 0.691083 0.496403 0.697452 0.507194 0.710191 0.507194 0.710191 0.503597 0.716561 0.492806 0.716561 0.478417 0.713376 0.474820 0.713376 0.471223 0.710191 0.471223
0 0.834395 0.471223 0.831210 0.467626 0.815287 0.467626 0.812102 0.471223 0.808917 0.471223 0.805732 0.474820 0.805732 0.485612 0.808917 0.489209 0.808917 0.492806 0.818471 0.492806 0.824841 0.485612 0.828025 0.485612 0.828025 0.482014 0.834395 0.474820
0 0.070064 0.474820 0.060510 0.474820 0.050955 0.485612 0.050955 0.496403 0.054140 0.500000 0.063694 0.500000 0.066879 0.496403 0.070064 0.496403 0.073248 0.492806 0.073248 0.478417
0 0.140127 0.478417 0.130573 0.489209 0.133758 0.492806 0.133758 0.496403 0.140127 0.503597 0.149682 0.503597 0.156051 0.496403 0.156051 0.485612 0.152866 0.482014 0.146497 0.482014 0.143312 0.478417
0 0.509554 0.485612 0.496815 0.485612 0.493631 0.489209 0.490446 0.489209 0.487261 0.492806 0.487261 0.500000 0.490446 0.503597 0.493631 0.503597 0.496815 0.500000 0.503185 0.500000 0.509554 0.492806
0 0.353503 0.489209 0.343949 0.489209 0.334395 0.496403 0.334395 0.514388 0.340764 0.521583 0.343949 0.521583 0.347134 0.525180 0.350318 0.521583 0.353503 0.521583 0.353503 0.517986 0.359873 0.507194 0.359873 0.500000
0 0.417197 0.500000 0.414013 0.503597 0.414013 0.507194 0.410828 0.510791 0.410828 0.514388 0.420382 0.525180 0.433121 0.525180 0.439490 0.517986 0.439490 0.503597 0.433121 0.496403 0.423567 0.496403 0.420382 0.500000
0 0.773885 0.496403 0.764331 0.496403 0.754777 0.507194 0.754777 0.517986 0.757962 0.521583 0.767516 0.521583 0.777070 0.510791 0.777070 0.500000
0 0.550955 0.507194 0.544586 0.514388 0.544586 0.521583 0.547771 0.525180 0.547771 0.528777 0.554140 0.535971 0.566879 0.535971 0.566879 0.532374 0.570064 0.528777 0.570064 0.521583 0.566879 0.517986 0.566879 0.514388 0.563694 0.514388 0.560510 0.510791 0.557325 0.510791 0.554140 0.507194
0 0.671975 0.507194 0.668790 0.507194 0.665605 0.510791 0.665605 0.521583 0.671975 0.521583 0.675159 0.517986 0.675159 0.510791
0 0.041401 0.517986 0.035032 0.525180 0.035032 0.535971 0.041401 0.543165 0.054140 0.543165 0.057325 0.539568 0.057325 0.528777 0.054140 0.525180 0.050955 0.525180 0.044586 0.517986
0 0.101911 0.553957 0.105096 0.557554 0.114650 0.557554 0.117834 0.553957 0.127389 0.550360 0.146497 0.532374 0.146497 0.521583 0.136943 0.521583 0.133758 0.517986 0.111465 0.517986 0.108280 0.521583 0.105096 0.521583 0.101911 0.525180 0.101911 0.532374 0.098726 0.535971 0.098726 0.539568 0.101911 0.543165
0 0.464968 0.517986 0.461783 0.521583 0.455414 0.521583 0.449045 0.528777 0.449045 0.535971 0.445860 0.539568 0.449045 0.543165 0.449045 0.546763 0.452229 0.546763 0.455414 0.550360 0.461783 0.550360 0.464968 0.546763 0.468153 0.546763 0.474522 0.535971 0.474522 0.525180
0 0.843949 0.525180 0.834395 0.535971 0.834395 0.550360 0.831210 0.553957 0.831210 0.557554 0.834395 0.561151 0.840764 0.579137 0.850318 0.579137 0.856688 0.571942 0.856688 0.561151 0.859873 0.557554 0.859873 0.543165 0.856688 0.543165 0.853503 0.539568 0.853503 0.528777 0.850318 0.525180
0 0.299363 0.528777 0.289809 0.539568 0.289809 0.561151 0.296178 0.571942 0.308917 0.571942 0.315287 0.564748 0.315287 0.539568 0.312102 0.535971 0.312102 0.532374 0.308917 0.532374 0.305732 0.528777
0 0.388535 0.532374 0.385350 0.535971 0.385350 0.550360 0.391720 0.557554 0.404459 0.557554 0.407643 0.553957 0.407643 0.539568 0.404459 0.535971 0.404459 0.532374 0.401274 0.532374 0.398089 0.528777 0.394904 0.528777 0.391720 0.532374
0 0.872611 0.532374 0.863057 0.539568 0.863057 0.561151 0.866242 0.564748 0.866242 0.568345 0.869427 0.568345 0.872611 0.571942 0.882166 0.571942 0.885350 0.568345 0.888535 0.568345 0.888535 0.564748 0.891720 0.561151 0.891720 0.543165 0.885350 0.532374
0 0.646497 0.543165 0.646497 0.553957 0.649682 0.557554 0.652866 0.557554 0.656051 0.561151 0.659236 0.561151 0.662420 0.557554 0.668790 0.557554 0.671975 0.553957 0.671975 0.550360 0.675159 0.546763 0.675159 0.543165 0.671975 0.539568 0.671975 0.535971 0.652866 0.535971
0 0.713376 0.546763 0.703822 0.546763 0.700637 0.550360 0.697452 0.550360 0.694268 0.553957 0.694268 0.571942 0.697452 0.571942 0.700637 0.575540 0.707006 0.575540 0.710191 0.571942 0.713376 0.571942 0.719745 0.564748 0.719745 0.553957
0 0.012739 0.550360 0.006369 0.557554 0.006369 0.561151 0.003185 0.564748 0.003185 0.582734 0.012739 0.589928 0.019108 0.589928 0.028662 0.582734 0.028662 0.575540 0.031847 0.571942 0.031847 0.564748 0.028662 0.561151 0.028662 0.557554 0.022293 0.550360
0 0.216561 0.550360 0.207006 0.561151 0.207006 0.568345 0.210191 0.571942 0.213376 0.571942 0.219745 0.579137 0.229299 0.579137 0.235669 0.568345 0.235669 0.557554 0.229299 0.550360
0 0.063694 0.553957 0.060510 0.557554 0.060510 0.561151 0.057325 0.564748 0.057325 0.568345 0.063694 0.575540 0.063694 0.579137 0.073248 0.579137 0.076433 0.575540 0.076433 0.571942 0.079618 0.568345 0.079618 0.564748 0.076433 0.561151 0.076433 0.557554 0.073248 0.553957
0 0.359873 0.553957 0.356688 0.557554 0.356688 0.568345 0.359873 0.571942 0.359873 0.582734 0.369427 0.593525 0.385350 0.593525 0.388535 0.589928 0.388535 0.571942 0.378981 0.561151 0.375796 0.561151 0.366242 0.553957
0 0.818471 0.557554 0.812102 0.568345 0.812102 0.611511 0.824841 0.622302 0.828025 0.618705 0.828025 0.607914 0.837580 0.597122 0.837580 0.586331 0.840764 0.582734 0.831210 0.561151 0.828025 0.557554
0 0.799363 0.561151 0.792994 0.561151 0.789809 0.564748 0.786624 0.564748 0.777070 0.582734 0.777070 0.600719 0.783439 0.607914 0.792994 0.607914 0.799363 0.600719 0.799363 0.597122 0.802548 0.593525 0.802548 0.568345 0.799363 0.564748
0 0.573248 0.579137 0.563694 0.568345 0.560510 0.568345 0.557325 0.564748 0.547771 0.564748 0.538217 0.575540 0.538217 0.579137 0.535032 0.582734 0.535032 0.589928 0.541401 0.600719 0.554140 0.600719 0.557325 0.597122 0.566879 0.593525 0.573248 0.586331
0 0.605096 0.564748 0.598726 0.571942 0.598726 0.582734 0.601911 0.586331 0.601911 0.589928 0.605096 0.593525 0.611465 0.593525 0.614650 0.589928 0.617834 0.589928 0.617834 0.586331 0.621019 0.582734 0.621019 0.571942 0.614650 0.564748
0 0.477707 0.568345 0.471338 0.575540 0.471338 0.589928 0.474522 0.593525 0.487261 0.593525 0.496815 0.582734 0.496815 0.571942 0.493631 0.568345
0 0.433121 0.582734 0.426752 0.589928 0.426752 0.604317 0.433121 0.611511 0.449045 0.611511 0.449045 0.607914 0.452229 0.604317 0.452229 0.589928 0.445860 0.582734
0 0.665605 0.582734 0.656051 0.582734 0.649682 0.589928 0.646497 0.589928 0.646497 0.593525 0.643312 0.597122 0.643312 0.604317 0.646497 0.607914 0.646497 0.611511 0.652866 0.611511 0.656051 0.615108 0.659236 0.611511 0.665605 0.611511 0.671975 0.604317 0.671975 0.589928
0 0.197452 0.593525 0.194268 0.597122 0.194268 0.611511 0.200637 0.618705 0.200637 0.622302 0.203822 0.622302 0.207006 0.625899 0.210191 0.622302 0.210191 0.618705 0.213376 0.615108 0.213376 0.611511 0.216561 0.607914 0.216561 0.597122 0.213376 0.593525
0 0.089172 0.597122 0.085987 0.600719 0.085987 0.604317 0.082803 0.607914 0.082803 0.615108 0.085987 0.618705 0.085987 0.622302 0.089172 0.622302 0.092357 0.625899 0.101911 0.625899 0.105096 0.622302 0.105096 0.618705 0.108280 0.615108 0.108280 0.604317 0.101911 0.597122
0 0.063694 0.600719 0.054140 0.600719 0.050955 0.604317 0.047771 0.604317 0.044586 0.607914 0.044586 0.611511 0.041401 0.615108 0.041401 0.625899 0.044586 0.629496 0.054140 0.629496 0.057325 0.625899 0.060510 0.625899 0.063694 0.622302 0.063694 0.618705 0.066879 0.615108 0.066879 0.604317
0 0.242038 0.615108 0.242038 0.618705 0.248408 0.625899 0.254777 0.625899 0.257962 0.629496 0.264331 0.629496 0.267516 0.625899 0.270701 0.625899 0.277070 0.618705 0.277070 0.611511 0.267516 0.600719 0.254777 0.600719 0.251592 0.604317 0.248408 0.604317
0 0.305732 0.600719 0.299363 0.607914 0.299363 0.622302 0.302548 0.625899 0.305732 0.625899 0.308917 0.629496 0.315287 0.629496 0.324841 0.618705 0.324841 0.611511 0.315287 0.600719
0 0.767516 0.600719 0.751592 0.600719 0.735669 0.615108 0.735669 0.618705 0.732484 0.622302 0.732484 0.636691 0.738854 0.647482 0.748408 0.647482 0.764331 0.629496 0.764331 0.625899 0.770701 0.615108 0.770701 0.604317
0 0.385350 0.622302 0.388535 0.625899 0.388535 0.629496 0.391720 0.629496 0.394904 0.633094 0.417197 0.633094 0.420382 0.629496 0.420382 0.625899 0.417197 0.622302 0.417197 0.618705 0.414013 0.618705 0.407643 0.611511 0.394904 0.611511
0 0.000000 0.625899 0.000000 0.636691 0.003185 0.640288 0.003185 0.643885 0.012739 0.643885 0.015924 0.640288 0.019108 0.640288 0.025478 0.633094 0.025478 0.629496 0.022293 0.625899 0.022293 0.622302 0.019108 0.618705 0.003185 0.618705 0.003185 0.622302
0 0.121019 0.618705 0.121019 0.622302 0.117834 0.625899 0.117834 0.643885 0.121019 0.643885 0.124204 0.647482 0.136943 0.647482 0.143312 0.640288 0.143312 0.636691 0.140127 0.633094 0.140127 0.629496 0.130573 0.618705
0 0.474522 0.622302 0.471338 0.622302 0.464968 0.629496 0.464968 0.643885 0.461783 0.647482 0.461783 0.658273 0.468153 0.665468 0.474522 0.665468 0.480892 0.658273 0.480892 0.647482 0.484076 0.643885 0.484076 0.636691 0.480892 0.633094 0.480892 0.625899 0.477707 0.625899
0 0.789809 0.625899 0.789809 0.640288 0.799363 0.651079 0.799363 0.654676 0.802548 0.658273 0.812102 0.661871 0.821656 0.651079 0.821656 0.643885 0.818471 0.640288 0.815287 0.629496 0.805732 0.622302 0.796178 0.622302 0.792994 0.625899
0 0.372611 0.633094 0.369427 0.633094 0.366242 0.629496 0.353503 0.629496 0.350318 0.633094 0.340764 0.633094 0.334395 0.640288 0.334395 0.647482 0.337580 0.647482 0.340764 0.651079 0.363057 0.651079 0.372611 0.643885
0 0.891720 0.629496 0.885350 0.629496 0.882166 0.633094 0.878981 0.633094 0.872611 0.643885 0.872611 0.661871 0.878981 0.669065 0.888535 0.669065 0.891720 0.665468 0.894904 0.665468 0.901274 0.654676 0.901274 0.636691
0 0.442675 0.633094 0.439490 0.636691 0.436306 0.636691 0.433121 0.640288 0.433121 0.654676 0.436306 0.658273 0.439490 0.658273 0.442675 0.661871 0.445860 0.661871 0.449045 0.658273 0.452229 0.658273 0.452229 0.640288 0.445860 0.633094
0 0.232484 0.636691 0.229299 0.640288 0.229299 0.658273 0.238854 0.665468 0.254777 0.665468 0.254777 0.661871 0.257962 0.658273 0.257962 0.647482 0.248408 0.636691
0 0.066879 0.640288 0.060510 0.647482 0.060510 0.651079 0.057325 0.654676 0.057325 0.658273 0.060510 0.661871 0.060510 0.665468 0.063694 0.669065 0.076433 0.669065 0.079618 0.665468 0.082803 0.665468 0.082803 0.658273 0.085987 0.654676 0.082803 0.651079 0.082803 0.643885 0.079618 0.643885 0.076433 0.640288
0 0.707006 0.643885 0.697452 0.651079 0.697452 0.654676 0.694268 0.658273 0.694268 0.669065 0.697452 0.672662 0.700637 0.683453 0.713376 0.697842 0.722930 0.697842 0.729299 0.687050 0.729299 0.665468 0.719745 0.651079 0.719745 0.647482 0.716561 0.647482 0.713376 0.643885
0 0.783439 0.643885 0.773885 0.643885 0.770701 0.647482 0.767516 0.647482 0.761146 0.654676 0.761146 0.658273 0.757962 0.661871 0.757962 0.665468 0.767516 0.683453 0.777070 0.683453 0.780255 0.679856 0.783439 0.679856 0.783439 0.676259 0.789809 0.665468 0.789809 0.658273 0.786624 0.654676 0.786624 0.647482
0 0.834395 0.643885 0.834395 0.651079 0.840764 0.658273 0.853503 0.658273 0.853503 0.647482 0.850318 0.643885
0 0.121019 0.647482 0.117834 0.647482 0.108280 0.658273 0.108280 0.665468 0.105096 0.669065 0.105096 0.672662 0.111465 0.683453 0.121019 0.683453 0.130573 0.672662 0.130573 0.658273 0.127389 0.654676 0.127389 0.651079 0.124204 0.651079
0 0.401274 0.654676 0.401274 0.665468 0.404459 0.669065 0.414013 0.669065 0.417197 0.672662 0.420382 0.669065 0.423567 0.669065 0.423567 0.661871 0.420382 0.658273 0.420382 0.654676 0.414013 0.654676 0.410828 0.651079 0.407643 0.651079 0.404459 0.654676
0 0.512739 0.654676 0.503185 0.654676 0.493631 0.665468 0.493631 0.669065 0.500000 0.676259 0.506369 0.676259 0.509554 0.672662 0.512739 0.672662 0.515924 0.669065 0.515924 0.658273
0 0.296178 0.661871 0.296178 0.665468 0.292994 0.669065 0.292994 0.683453 0.296178 0.687050 0.296178 0.690647 0.299363 0.694245 0.308917 0.694245 0.312102 0.690647 0.312102 0.687050 0.315287 0.683453 0.312102 0.679856 0.312102 0.672662 0.302548 0.661871
0 0.270701 0.665468 0.264331 0.665468 0.261146 0.669065 0.257962 0.669065 0.257962 0.687050 0.261146 0.690647 0.267516 0.690647 0.273885 0.683453 0.273885 0.669065
0 0.028662 0.669065 0.025478 0.669065 0.022293 0.672662 0.015924 0.672662 0.012739 0.676259 0.012739 0.690647 0.019108 0.697842 0.025478 0.697842 0.028662 0.694245 0.031847 0.694245 0.031847 0.690647 0.035032 0.687050 0.035032 0.676259
0 0.401274 0.687050 0.394904 0.679856 0.391720 0.679856 0.388535 0.676259 0.382166 0.676259 0.378981 0.672662 0.375796 0.676259 0.369427 0.676259 0.363057 0.683453 0.363057 0.697842 0.366242 0.701439 0.372611 0.701439 0.375796 0.705036 0.378981 0.705036 0.382166 0.701439 0.388535 0.701439 0.391720 0.697842 0.394904 0.697842 0.401274 0.690647
0 0.824841 0.676259 0.818471 0.683453 0.818471 0.690647 0.824841 0.701439 0.828025 0.701439 0.837580 0.708633 0.847134 0.708633 0.856688 0.697842 0.856688 0.687050 0.853503 0.683453 0.853503 0.679856 0.850318 0.679856 0.847134 0.676259 0.834395 0.676259 0.831210 0.672662 0.828025 0.676259
0 0.203822 0.676259 0.200637 0.679856 0.200637 0.694245 0.203822 0.697842 0.216561 0.697842 0.222930 0.690647 0.222930 0.687050 0.219745 0.683453 0.219745 0.679856 0.216561 0.676259
0 0.675159 0.676259 0.671975 0.679856 0.668790 0.679856 0.668790 0.683453 0.662420 0.694245 0.662420 0.712230 0.665605 0.715827 0.665605 0.723022 0.675159 0.733813 0.684713 0.733813 0.694268 0.723022 0.694268 0.719424 0.697452 0.715827 0.697452 0.708633 0.694268 0.705036 0.694268 0.697842 0.691083 0.694245 0.691083 0.690647 0.678344 0.676259
0 0.343949 0.679856 0.337580 0.679856 0.324841 0.694245 0.324841 0.708633 0.328025 0.712230 0.340764 0.712230 0.343949 0.708633 0.343949 0.705036 0.347134 0.701439 0.347134 0.683453
0 0.646497 0.679856 0.636943 0.679856 0.624204 0.690647 0.624204 0.694245 0.614650 0.705036 0.614650 0.708633 0.611465 0.712230 0.611465 0.719424 0.614650 0.723022 0.614650 0.726619 0.630573 0.726619 0.633758 0.723022 0.636943 0.723022 0.636943 0.719424 0.643312 0.712230 0.643312 0.708633 0.646497 0.705036 0.646497 0.697842 0.649682 0.694245 0.649682 0.687050 0.646497 0.683453
0 0.066879 0.697842 0.060510 0.690647 0.047771 0.690647 0.038217 0.701439 0.038217 0.715827 0.041401 0.719424 0.054140 0.719424 0.063694 0.708633 0.063694 0.705036 0.066879 0.701439
0 0.910828 0.690647 0.894904 0.694245 0.875796 0.715827 0.875796 0.723022 0.869427 0.737410 0.872611 0.744604 0.882166 0.744604 0.910828 0.712230 0.914013 0.705036 0.914013 0.694245
0 0.178344 0.697842 0.175159 0.694245 0.162420 0.694245 0.159236 0.697842 0.152866 0.697842 0.146497 0.708633 0.146497 0.715827 0.149682 0.719424 0.149682 0.723022 0.162420 0.723022 0.178344 0.705036
0 0.789809 0.701439 0.786624 0.705036 0.783439 0.705036 0.777070 0.712230 0.777070 0.723022 0.780255 0.726619 0.780255 0.730216 0.786624 0.737410 0.789809 0.737410 0.792994 0.741007 0.799363 0.741007 0.802548 0.737410 0.805732 0.737410 0.812102 0.730216 0.815287 0.730216 0.815287 0.719424 0.812102 0.715827 0.812102 0.708633 0.805732 0.701439
