0 0.838095 0.103943 0.838095 0.107527 0.834921 0.111111 0.834921 0.118280 0.841270 0.125448 0.866667 0.125448 0.869841 0.121864 0.869841 0.111111 0.866667 0.107527 0.863492 0.107527 0.860317 0.103943 0.850794 0.103943 0.847619 0.100358 0.844444 0.103943
0 0.196825 0.121864 0.196825 0.125448 0.200000 0.129032 0.200000 0.132616 0.209524 0.139785 0.222222 0.139785 0.228571 0.132616 0.228571 0.125448 0.225397 0.121864 0.225397 0.118280 0.222222 0.118280 0.219048 0.114695 0.212698 0.114695 0.209524 0.111111 0.203175 0.118280 0.200000 0.118280
0 0.428571 0.114695 0.419048 0.114695 0.415873 0.118280 0.412698 0.118280 0.409524 0.121864 0.409524 0.125448 0.412698 0.129032 0.415873 0.129032 0.419048 0.132616 0.422222 0.129032 0.425397 0.129032 0.431746 0.121864 0.431746 0.118280
0 0.726984 0.114695 0.720635 0.114695 0.711111 0.125448 0.711111 0.129032 0.707937 0.132616 0.707937 0.136201 0.711111 0.139785 0.717460 0.139785 0.720635 0.136201 0.723810 0.136201 0.730159 0.129032 0.730159 0.118280
0 0.917460 0.121864 0.911111 0.129032 0.911111 0.136201 0.914286 0.139785 0.914286 0.143369 0.917460 0.146953 0.920635 0.146953 0.923810 0.150538 0.933333 0.150538 0.936508 0.146953 0.936508 0.139785 0.933333 0.136201 0.933333 0.132616 0.930159 0.129032 0.930159 0.125448 0.926984 0.121864
0 0.158730 0.125448 0.149206 0.136201 0.149206 0.143369 0.158730 0.154122 0.168254 0.154122 0.171429 0.150538 0.171429 0.146953 0.174603 0.143369 0.174603 0.139785 0.171429 0.136201 0.171429 0.132616 0.165079 0.125448
0 0.130159 0.129032 0.126984 0.132616 0.126984 0.136201 0.123810 0.139785 0.123810 0.150538 0.130159 0.157706 0.136508 0.157706 0.142857 0.150538 0.142857 0.143369 0.146032 0.139785 0.136508 0.129032
0 0.314286 0.136201 0.304762 0.146953 0.304762 0.154122 0.311111 0.161290 0.323810 0.161290 0.333333 0.150538 0.333333 0.143369 0.326984 0.136201
0 0.460317 0.136201 0.447619 0.136201 0.441270 0.143369 0.441270 0.154122 0.444444 0.157706 0.447619 0.157706 0.450794 0.161290 0.453968 0.157706 0.457143 0.157706 0.463492 0.150538 0.463492 0.139785
0 0.882540 0.136201 0.879365 0.139785 0.879365 0.150538 0.888889 0.161290 0.892063 0.161290 0.895238 0.157706 0.898413 0.157706 0.901587 0.154122 0.901587 0.150538 0.898413 0.146953 0.898413 0.143369 0.892063 0.136201
0 0.850794 0.139785 0.847619 0.143369 0.847619 0.154122 0.850794 0.157706 0.850794 0.164875 0.857143 0.172043 0.866667 0.172043 0.873016 0.161290 0.873016 0.150538 0.866667 0.143369 0.863492 0.143369 0.860317 0.139785
0 0.993651 0.146953 0.990476 0.143369 0.987302 0.143369 0.984127 0.139785 0.980952 0.139785 0.977778 0.143369 0.974603 0.143369 0.968254 0.150538 0.968254 0.161290 0.971429 0.164875 0.990476 0.164875 0.993651 0.161290
0 0.498413 0.143369 0.492063 0.150538 0.492063 0.161290 0.495238 0.164875 0.498413 0.164875 0.501587 0.168459 0.507937 0.168459 0.514286 0.161290 0.514286 0.157706 0.517460 0.154122 0.514286 0.150538 0.514286 0.146953 0.511111 0.143369
0 0.263492 0.161290 0.260317 0.164875 0.260317 0.175627 0.266667 0.182796 0.279365 0.182796 0.285714 0.175627 0.285714 0.164875 0.282540 0.161290 0.276190 0.161290 0.273016 0.157706 0.269841 0.157706 0.266667 0.161290
0 0.574603 0.164875 0.574603 0.175627 0.580952 0.182796 0.600000 0.182796 0.600000 0.179211 0.606349 0.172043 0.606349 0.168459 0.600000 0.157706 0.580952 0.157706
0 0.215873 0.164875 0.209524 0.172043 0.209524 0.186380 0.212698 0.189964 0.228571 0.189964 0.231746 0.186380 0.231746 0.168459 0.228571 0.164875
0 0.365079 0.168459 0.361905 0.172043 0.358730 0.172043 0.355556 0.175627 0.355556 0.186380 0.361905 0.193548 0.365079 0.193548 0.368254 0.197133 0.371429 0.197133 0.374603 0.193548 0.377778 0.193548 0.377778 0.189964 0.380952 0.186380 0.380952 0.179211 0.374603 0.172043 0.371429 0.172043 0.368254 0.168459
0 0.907937 0.186380 0.917460 0.193548 0.920635 0.193548 0.923810 0.189964 0.930159 0.189964 0.939683 0.179211 0.939683 0.168459 0.917460 0.168459 0.907937 0.175627
0 0.622222 0.175627 0.619048 0.179211 0.619048 0.182796 0.615873 0.186380 0.615873 0.193548 0.634921 0.193548 0.634921 0.186380 0.631746 0.182796 0.631746 0.179211 0.628571 0.175627
0 0.993651 0.179211 0.990476 0.182796 0.987302 0.182796 0.980952 0.189964 0.980952 0.197133 0.984127 0.200717 0.984127 0.204301 0.987302 0.207885 0.990476 0.207885 0.993651 0.211470 0.993651 0.207885 0.996825 0.204301 0.993651 0.200717 0.996825 0.197133 0.996825 0.186380 0.993651 0.182796
0 0.968254 0.182796 0.952381 0.182796 0.942857 0.193548 0.942857 0.204301 0.949206 0.204301 0.952381 0.207885 0.955556 0.204301 0.961905 0.204301 0.968254 0.197133
0 0.130159 0.186380 0.111111 0.186380 0.107937 0.189964 0.107937 0.204301 0.114286 0.211470 0.120635 0.211470 0.130159 0.200717
0 0.431746 0.186380 0.431746 0.197133 0.434921 0.200717 0.434921 0.204301 0.441270 0.211470 0.444444 0.207885 0.447619 0.207885 0.447619 0.204301 0.450794 0.200717 0.450794 0.197133 0.447619 0.193548 0.447619 0.189964 0.444444 0.189964 0.441270 0.186380
0 0.819048 0.189964 0.815873 0.189964 0.812698 0.193548 0.806349 0.193548 0.800000 0.204301 0.800000 0.207885 0.803175 0.211470 0.803175 0.215054 0.809524 0.222222 0.819048 0.222222 0.825397 0.215054 0.825397 0.211470 0.828571 0.207885 0.828571 0.200717 0.825397 0.197133 0.825397 0.193548 0.822222 0.193548
0 0.307937 0.200717 0.307937 0.204301 0.304762 0.207885 0.304762 0.211470 0.307937 0.215054 0.307937 0.218638 0.311111 0.222222 0.314286 0.222222 0.317460 0.225806 0.323810 0.225806 0.330159 0.218638 0.330159 0.204301 0.326984 0.200717 0.323810 0.200717 0.320635 0.197133 0.314286 0.197133 0.311111 0.200717
0 0.400000 0.200717 0.400000 0.218638 0.403175 0.222222 0.415873 0.222222 0.419048 0.218638 0.419048 0.207885 0.415873 0.204301 0.415873 0.200717 0.412698 0.200717 0.409524 0.197133 0.406349 0.197133 0.403175 0.200717
0 0.149206 0.200717 0.146032 0.204301 0.146032 0.215054 0.149206 0.218638 0.152381 0.218638 0.158730 0.211470 0.158730 0.207885 0.152381 0.200717
0 0.196825 0.207885 0.193651 0.204301 0.190476 0.204301 0.187302 0.200717 0.184127 0.200717 0.180952 0.204301 0.174603 0.204301 0.171429 0.207885 0.171429 0.218638 0.177778 0.225806 0.190476 0.225806 0.196825 0.218638
0 0.568254 0.200717 0.565079 0.200717 0.561905 0.204301 0.558730 0.204301 0.549206 0.215054 0.549206 0.225806 0.558730 0.232975 0.565079 0.232975 0.568254 0.229391 0.571429 0.229391 0.577778 0.222222 0.577778 0.215054 0.574603 0.211470 0.574603 0.207885
0 0.463492 0.207885 0.463492 0.218638 0.469841 0.225806 0.485714 0.225806 0.492063 0.218638 0.492063 0.211470 0.485714 0.204301 0.466667 0.204301
0 0.641270 0.204301 0.634921 0.211470 0.634921 0.222222 0.638095 0.225806 0.638095 0.229391 0.641270 0.229391 0.650794 0.236559 0.653968 0.232975 0.657143 0.232975 0.657143 0.229391 0.660317 0.225806 0.660317 0.222222 0.657143 0.218638 0.657143 0.211470 0.650794 0.204301
0 0.844444 0.207885 0.838095 0.207885 0.834921 0.211470 0.828571 0.211470 0.828571 0.215054 0.825397 0.218638 0.825397 0.225806 0.828571 0.229391 0.828571 0.232975 0.831746 0.236559 0.838095 0.236559 0.847619 0.225806 0.847619 0.211470
0 0.682540 0.211470 0.679365 0.215054 0.679365 0.222222 0.685714 0.229391 0.692063 0.229391 0.695238 0.225806 0.695238 0.215054 0.692063 0.211470
0 0.771429 0.229391 0.765079 0.222222 0.761905 0.225806 0.755556 0.225806 0.746032 0.236559 0.746032 0.240143 0.742857 0.243728 0.746032 0.247312 0.746032 0.250896 0.755556 0.250896 0.761905 0.243728 0.765079 0.243728 0.771429 0.236559
0 0.200000 0.232975 0.200000 0.243728 0.203175 0.243728 0.206349 0.247312 0.215873 0.247312 0.219048 0.250896 0.228571 0.250896 0.231746 0.247312 0.231746 0.243728 0.215873 0.225806 0.206349 0.225806
0 0.285714 0.229391 0.279365 0.236559 0.279365 0.247312 0.282540 0.250896 0.282540 0.254480 0.285714 0.258065 0.298413 0.258065 0.304762 0.250896 0.304762 0.240143 0.298413 0.232975 0.292063 0.232975 0.288889 0.229391
0 0.517460 0.236559 0.514286 0.240143 0.514286 0.250896 0.520635 0.258065 0.533333 0.258065 0.536508 0.254480 0.536508 0.240143 0.533333 0.236559 0.530159 0.236559 0.526984 0.232975 0.523810 0.232975 0.520635 0.236559
0 0.869841 0.232975 0.863492 0.232975 0.860317 0.236559 0.857143 0.236559 0.850794 0.243728 0.850794 0.247312 0.857143 0.254480 0.860317 0.254480 0.863492 0.250896 0.869841 0.250896 0.873016 0.247312 0.873016 0.236559
0 0.698413 0.240143 0.698413 0.243728 0.695238 0.247312 0.695238 0.250896 0.698413 0.254480 0.698413 0.258065 0.704762 0.258065 0.707937 0.261649 0.720635 0.261649 0.723810 0.258065 0.723810 0.247312 0.717460 0.240143 0.714286 0.240143 0.711111 0.236559 0.704762 0.236559 0.701587 0.240143
0 0.450794 0.240143 0.447619 0.243728 0.447619 0.247312 0.444444 0.250896 0.444444 0.258065 0.447619 0.261649 0.447619 0.265233 0.450794 0.268817 0.460317 0.268817 0.463492 0.265233 0.466667 0.265233 0.469841 0.261649 0.469841 0.247312 0.463492 0.240143
0 0.777778 0.254480 0.777778 0.265233 0.784127 0.275986 0.803175 0.286738 0.825397 0.286738 0.831746 0.279570 0.831746 0.265233 0.819048 0.250896 0.806349 0.243728 0.800000 0.243728 0.796825 0.240143 0.784127 0.243728
0 0.336508 0.247312 0.336508 0.254480 0.346032 0.265233 0.361905 0.265233 0.368254 0.258065 0.368254 0.250896 0.365079 0.247312 0.358730 0.247312 0.355556 0.243728 0.339683 0.243728
0 0.946032 0.247312 0.942857 0.250896 0.942857 0.265233 0.946032 0.268817 0.946032 0.272401 0.949206 0.275986 0.958730 0.275986 0.965079 0.268817 0.965079 0.258065 0.955556 0.247312
0 0.120635 0.254480 0.120635 0.268817 0.123810 0.272401 0.123810 0.275986 0.133333 0.286738 0.139683 0.286738 0.142857 0.290323 0.155556 0.290323 0.161905 0.283154 0.158730 0.272401 0.149206 0.261649 0.142857 0.261649 0.139683 0.258065 0.133333 0.258065 0.130159 0.254480
0 0.641270 0.254480 0.638095 0.258065 0.634921 0.258065 0.634921 0.261649 0.631746 0.265233 0.631746 0.279570 0.634921 0.279570 0.638095 0.283154 0.638095 0.286738 0.641270 0.286738 0.644444 0.290323 0.650794 0.283154 0.650794 0.275986 0.653968 0.272401 0.653968 0.265233 0.650794 0.265233 0.647619 0.261649 0.647619 0.258065 0.644444 0.258065
0 0.876190 0.261649 0.873016 0.265233 0.873016 0.279570 0.876190 0.283154 0.876190 0.286738 0.879365 0.286738 0.882540 0.290323 0.895238 0.290323 0.901587 0.279570 0.898413 0.275986 0.898413 0.268817 0.892063 0.261649
0 0.717460 0.265233 0.717460 0.268817 0.714286 0.272401 0.714286 0.283154 0.726984 0.297491 0.730159 0.297491 0.733333 0.293907 0.736508 0.293907 0.736508 0.286738 0.739683 0.283154 0.736508 0.279570 0.736508 0.272401 0.726984 0.265233
0 0.679365 0.283154 0.679365 0.293907 0.682540 0.297491 0.695238 0.297491 0.698413 0.293907 0.698413 0.283154 0.695238 0.279570 0.685714 0.279570 0.682540 0.283154
0 0.180952 0.297491 0.180952 0.311828 0.200000 0.311828 0.203175 0.315412 0.222222 0.315412 0.225397 0.311828 0.228571 0.311828 0.228571 0.308244 0.231746 0.304659 0.231746 0.297491 0.228571 0.293907 0.222222 0.293907 0.219048 0.290323 0.200000 0.290323 0.196825 0.293907 0.187302 0.293907 0.184127 0.297491
0 0.841270 0.308244 0.841270 0.315412 0.850794 0.326165 0.857143 0.326165 0.860317 0.329749 0.873016 0.329749 0.876190 0.326165 0.876190 0.311828 0.873016 0.308244 0.869841 0.308244 0.860317 0.301075 0.847619 0.301075
0 0.761905 0.308244 0.761905 0.315412 0.768254 0.322581 0.768254 0.329749 0.771429 0.333333 0.777778 0.333333 0.780952 0.329749 0.780952 0.315412 0.784127 0.311828 0.784127 0.308244 0.780952 0.304659 0.768254 0.304659 0.765079 0.308244
0 0.282540 0.315412 0.282540 0.329749 0.288889 0.336918 0.295238 0.336918 0.298413 0.340502 0.307937 0.340502 0.311111 0.344086 0.314286 0.344086 0.317460 0.340502 0.330159 0.340502 0.336508 0.333333 0.333333 0.329749 0.333333 0.326165 0.323810 0.318996 0.311111 0.318996 0.307937 0.315412
0 0.793651 0.336918 0.793651 0.351254 0.796825 0.354839 0.809524 0.358423 0.812698 0.362007 0.819048 0.362007 0.822222 0.365591 0.853968 0.365591 0.860317 0.358423 0.860317 0.354839 0.847619 0.340502 0.828571 0.329749 0.815873 0.329749 0.809524 0.326165 0.806349 0.329749 0.800000 0.329749
0 0.463492 0.336918 0.463492 0.340502 0.476190 0.340502 0.479365 0.344086 0.476190 0.347670 0.469841 0.347670 0.476190 0.347670 0.482540 0.354839 0.504762 0.365591 0.526984 0.365591 0.536508 0.358423 0.533333 0.344086 0.520635 0.336918 0.511111 0.336918 0.507937 0.333333 0.482540 0.333333 0.479365 0.329749 0.469841 0.329749
0 0.403175 0.340502 0.403175 0.351254 0.412698 0.362007 0.431746 0.372760 0.438095 0.379928 0.450794 0.379928 0.457143 0.372760 0.457143 0.365591 0.453968 0.358423 0.450794 0.358423 0.428571 0.336918 0.412698 0.333333
0 0.596825 0.340502 0.596825 0.354839 0.606349 0.362007 0.615873 0.362007 0.619048 0.365591 0.647619 0.362007 0.653968 0.358423 0.657143 0.347670 0.647619 0.336918 0.634921 0.336918 0.631746 0.333333 0.612698 0.333333 0.609524 0.336918 0.600000 0.336918
0 0.244444 0.365591 0.253968 0.376344 0.257143 0.376344 0.260317 0.379928 0.276190 0.379928 0.282540 0.372760 0.282540 0.358423 0.279365 0.354839 0.276190 0.354839 0.266667 0.347670 0.257143 0.351254
0 0.292063 0.362007 0.292063 0.365591 0.295238 0.369176 0.295238 0.372760 0.304762 0.379928 0.320635 0.379928 0.323810 0.376344 0.323810 0.362007 0.317460 0.354839 0.314286 0.354839 0.311111 0.351254 0.307937 0.354839 0.304762 0.351254 0.301587 0.354839 0.298413 0.354839
0 0.133333 0.372760 0.133333 0.376344 0.130159 0.379928 0.133333 0.383513 0.133333 0.387097 0.139683 0.394265 0.146032 0.394265 0.149206 0.390681 0.155556 0.390681 0.158730 0.387097 0.158730 0.376344 0.152381 0.369176 0.139683 0.369176 0.136508 0.372760
0 0.374603 0.372760 0.377778 0.376344 0.377778 0.383513 0.380952 0.390681 0.390476 0.401434 0.396825 0.401434 0.400000 0.405018 0.409524 0.405018 0.412698 0.408602 0.425397 0.408602 0.431746 0.401434 0.431746 0.397849 0.422222 0.387097 0.419048 0.387097 0.412698 0.379928 0.400000 0.372760 0.393651 0.372760 0.390476 0.369176 0.377778 0.369176
0 0.663492 0.376344 0.663492 0.387097 0.669841 0.394265 0.673016 0.394265 0.676190 0.397849 0.682540 0.397849 0.685714 0.394265 0.688889 0.394265 0.695238 0.387097 0.695238 0.376344 0.685714 0.369176 0.669841 0.369176
0 0.736508 0.369176 0.733333 0.372760 0.730159 0.372760 0.730159 0.376344 0.726984 0.379928 0.726984 0.390681 0.730159 0.394265 0.733333 0.394265 0.736508 0.397849 0.742857 0.397849 0.749206 0.390681 0.749206 0.372760 0.746032 0.369176
0 0.596825 0.376344 0.593651 0.379928 0.590476 0.379928 0.590476 0.394265 0.593651 0.397849 0.593651 0.401434 0.596825 0.405018 0.596825 0.408602 0.600000 0.408602 0.603175 0.412186 0.606349 0.412186 0.615873 0.405018 0.615873 0.390681 0.609524 0.383513 0.609524 0.379928 0.603175 0.379928 0.600000 0.376344
0 0.495238 0.390681 0.495238 0.405018 0.511111 0.415771 0.549206 0.415771 0.558730 0.405018 0.558730 0.397849 0.539683 0.379928 0.507937 0.379928
0 0.638095 0.390681 0.634921 0.394265 0.631746 0.394265 0.631746 0.397849 0.628571 0.401434 0.628571 0.408602 0.631746 0.412186 0.631746 0.415771 0.634921 0.415771 0.638095 0.419355 0.644444 0.419355 0.650794 0.412186 0.650794 0.397849 0.644444 0.390681
0 0.222222 0.394265 0.212698 0.394265 0.203175 0.401434 0.203175 0.405018 0.200000 0.408602 0.200000 0.412186 0.203175 0.415771 0.203175 0.419355 0.209524 0.419355 0.212698 0.422939 0.215873 0.419355 0.219048 0.419355 0.222222 0.415771 0.225397 0.415771 0.225397 0.412186 0.228571 0.408602 0.228571 0.401434
0 0.984127 0.397849 0.984127 0.405018 0.987302 0.408602 0.990476 0.408602 0.993651 0.412186 0.993651 0.397849
0 0.174603 0.412186 0.165079 0.405018 0.158730 0.405018 0.146032 0.419355 0.146032 0.426523 0.152381 0.433692 0.165079 0.433692 0.168254 0.430108 0.171429 0.430108 0.171429 0.426523 0.174603 0.422939
0 0.831746 0.412186 0.831746 0.415771 0.834921 0.419355 0.838095 0.419355 0.847619 0.426523 0.876190 0.426523 0.879365 0.422939 0.879365 0.419355 0.876190 0.415771 0.873016 0.415771 0.869841 0.412186 0.863492 0.412186 0.860317 0.408602 0.853968 0.408602 0.850794 0.405018 0.838095 0.405018
0 0.698413 0.412186 0.698413 0.419355 0.701587 0.422939 0.701587 0.433692 0.704762 0.430108 0.711111 0.433692 0.749206 0.433692 0.752381 0.430108 0.758730 0.430108 0.758730 0.419355 0.746032 0.408602 0.711111 0.408602 0.707937 0.412186
0 0.926984 0.426523 0.926984 0.430108 0.942857 0.448029 0.952381 0.448029 0.955556 0.451613 0.958730 0.448029 0.968254 0.444444 0.974603 0.437276 0.965079 0.422939 0.961905 0.422939 0.952381 0.415771 0.933333 0.415771
0 0.520635 0.419355 0.511111 0.419355 0.507937 0.422939 0.504762 0.422939 0.498413 0.430108 0.498413 0.444444 0.501587 0.444444 0.504762 0.448029 0.507937 0.448029 0.511111 0.444444 0.517460 0.444444 0.520635 0.440860 0.520635 0.433692 0.523810 0.430108 0.523810 0.426523 0.520635 0.422939
0 0.542857 0.430108 0.539683 0.433692 0.536508 0.433692 0.536508 0.440860 0.533333 0.444444 0.533333 0.455197 0.542857 0.462366 0.549206 0.462366 0.558730 0.455197 0.558730 0.433692 0.555556 0.433692 0.552381 0.430108
0 0.838095 0.433692 0.838095 0.444444 0.850794 0.455197 0.857143 0.455197 0.860317 0.458781 0.879365 0.458781 0.882540 0.462366 0.885714 0.458781 0.888889 0.458781 0.888889 0.448029 0.885714 0.444444 0.882540 0.444444 0.873016 0.433692 0.866667 0.433692 0.863492 0.430108 0.844444 0.430108 0.841270 0.433692
0 0.088889 0.448029 0.092063 0.451613 0.092063 0.455197 0.098413 0.462366 0.114286 0.462366 0.117460 0.458781 0.120635 0.458781 0.120635 0.455197 0.123810 0.451613 0.123810 0.448029 0.114286 0.437276 0.111111 0.437276 0.107937 0.433692 0.098413 0.433692 0.092063 0.440860 0.092063 0.444444
0 0.219048 0.437276 0.212698 0.437276 0.209524 0.440860 0.206349 0.440860 0.200000 0.451613 0.200000 0.458781 0.203175 0.462366 0.203175 0.465950 0.206349 0.465950 0.209524 0.469534 0.215873 0.469534 0.219048 0.465950 0.222222 0.465950 0.228571 0.458781 0.228571 0.455197 0.231746 0.451613 0.228571 0.448029 0.228571 0.444444
0 0.958730 0.451613 0.961905 0.462366 0.971429 0.469534 0.990476 0.469534 0.993651 0.465950 0.993651 0.451613 0.984127 0.444444 0.977778 0.444444 0.974603 0.440860 0.968254 0.448029
0 0.701587 0.458781 0.701587 0.476703 0.707937 0.483871 0.717460 0.483871 0.720635 0.487455 0.723810 0.483871 0.730159 0.483871 0.736508 0.473118 0.733333 0.462366 0.730159 0.462366 0.726984 0.458781 0.720635 0.458781 0.717460 0.455197 0.714286 0.458781
0 0.142857 0.465950 0.142857 0.480287 0.149206 0.487455 0.161905 0.487455 0.165079 0.483871 0.168254 0.483871 0.168254 0.469534 0.165079 0.465950 0.165079 0.462366 0.161905 0.462366 0.158730 0.458781 0.152381 0.458781
0 0.374603 0.480287 0.368254 0.476703 0.358730 0.476703 0.355556 0.473118 0.349206 0.476703 0.339683 0.476703 0.336508 0.480287 0.330159 0.480287 0.323810 0.483871 0.314286 0.494624 0.314286 0.501792 0.320635 0.508961 0.330159 0.508961 0.346032 0.498208 0.352381 0.498208 0.358730 0.494624 0.371429 0.480287
0 0.126984 0.476703 0.114286 0.476703 0.107937 0.483871 0.107937 0.491039 0.114286 0.498208 0.117460 0.498208 0.120635 0.494624 0.123810 0.494624 0.130159 0.487455 0.130159 0.480287
0 0.625397 0.483871 0.625397 0.491039 0.631746 0.498208 0.644444 0.498208 0.647619 0.501792 0.647619 0.498208 0.653968 0.491039 0.653968 0.483871 0.647619 0.476703 0.638095 0.476703 0.634921 0.480287 0.628571 0.480287
0 0.549206 0.487455 0.549206 0.494624 0.555556 0.501792 0.568254 0.501792 0.571429 0.498208 0.574603 0.498208 0.577778 0.494624 0.577778 0.491039 0.574603 0.487455 0.574603 0.483871 0.571429 0.480287 0.555556 0.480287
0 0.222222 0.487455 0.212698 0.487455 0.196825 0.498208 0.190476 0.498208 0.184127 0.508961 0.184127 0.516129 0.187302 0.519713 0.193651 0.519713 0.196825 0.523297 0.200000 0.519713 0.206349 0.519713 0.209524 0.516129 0.212698 0.516129 0.222222 0.505376 0.222222 0.501792 0.225397 0.498208
0 0.495238 0.494624 0.492063 0.498208 0.492063 0.501792 0.488889 0.505376 0.492063 0.508961 0.492063 0.516129 0.495238 0.519713 0.498413 0.519713 0.501587 0.523297 0.504762 0.519713 0.507937 0.519713 0.511111 0.516129 0.511111 0.505376 0.507937 0.501792 0.507937 0.498208 0.504762 0.498208 0.501587 0.494624
0 0.511111 0.501792 0.514286 0.505376 0.514286 0.516129 0.517460 0.512545 0.526984 0.512545 0.530159 0.508961 0.533333 0.508961 0.536508 0.505376 0.533333 0.501792 0.533333 0.498208 0.530159 0.494624 0.517460 0.494624
0 0.768254 0.494624 0.765079 0.498208 0.765079 0.501792 0.768254 0.505376 0.765079 0.508961 0.765079 0.519713 0.768254 0.523297 0.774603 0.523297 0.777778 0.519713 0.780952 0.519713 0.780952 0.505376 0.777778 0.501792 0.777778 0.498208 0.774603 0.494624
0 0.803175 0.494624 0.800000 0.498208 0.796825 0.498208 0.793651 0.501792 0.793651 0.516129 0.803175 0.526882 0.806349 0.523297 0.809524 0.523297 0.812698 0.519713 0.812698 0.501792 0.809524 0.498208 0.806349 0.498208
0 0.253968 0.508961 0.250794 0.508961 0.247619 0.505376 0.241270 0.505376 0.228571 0.519713 0.228571 0.534050 0.231746 0.537634 0.247619 0.537634 0.257143 0.526882 0.257143 0.516129 0.253968 0.512545
0 0.606349 0.512545 0.603175 0.508961 0.600000 0.508961 0.596825 0.505376 0.593651 0.505376 0.590476 0.508961 0.587302 0.508961 0.584127 0.512545 0.584127 0.523297 0.600000 0.523297 0.606349 0.516129
0 0.742857 0.505376 0.730159 0.505376 0.726984 0.508961 0.723810 0.508961 0.723810 0.512545 0.720635 0.516129 0.720635 0.523297 0.723810 0.526882 0.736508 0.526882 0.739683 0.523297 0.739683 0.516129 0.742857 0.512545
0 0.609524 0.512545 0.609524 0.519713 0.606349 0.523297 0.606349 0.530466 0.609524 0.534050 0.609524 0.537634 0.612698 0.541219 0.615873 0.541219 0.622222 0.548387 0.625397 0.548387 0.634921 0.555556 0.644444 0.537634 0.644444 0.526882 0.638095 0.519713 0.631746 0.519713 0.625397 0.512545
0 0.111111 0.541219 0.120635 0.541219 0.123810 0.544803 0.149206 0.544803 0.152381 0.548387 0.158730 0.537634 0.171429 0.537634 0.174603 0.534050 0.161905 0.526882 0.142857 0.526882 0.139683 0.523297 0.136508 0.526882 0.120635 0.526882 0.111111 0.534050
0 0.857143 0.526882 0.857143 0.530466 0.853968 0.534050 0.853968 0.537634 0.857143 0.541219 0.857143 0.544803 0.863492 0.551971 0.866667 0.551971 0.869841 0.555556 0.876190 0.555556 0.879365 0.551971 0.879365 0.534050 0.873016 0.526882
0 0.838095 0.530466 0.828571 0.530466 0.822222 0.537634 0.822222 0.541219 0.819048 0.544803 0.819048 0.551971 0.815873 0.555556 0.815873 0.569892 0.819048 0.573477 0.825397 0.573477 0.834921 0.562724 0.838095 0.562724 0.841270 0.559140 0.841270 0.555556 0.844444 0.551971 0.844444 0.544803 0.841270 0.541219
0 0.949206 0.541219 0.949206 0.555556 0.952381 0.559140 0.965079 0.559140 0.971429 0.551971 0.971429 0.544803 0.968254 0.541219 0.965079 0.541219 0.961905 0.537634 0.955556 0.537634 0.952381 0.541219
0 0.653968 0.548387 0.653968 0.562724 0.657143 0.566308 0.673016 0.566308 0.676190 0.562724 0.676190 0.544803 0.673016 0.541219 0.663492 0.541219 0.657143 0.548387
0 0.761905 0.548387 0.761905 0.555556 0.768254 0.562724 0.784127 0.562724 0.793651 0.551971 0.793651 0.548387 0.787302 0.541219 0.768254 0.541219
0 0.104762 0.559140 0.114286 0.573477 0.117460 0.573477 0.120635 0.577061 0.130159 0.577061 0.133333 0.573477 0.139683 0.573477 0.149206 0.562724 0.152381 0.551971 0.149206 0.548387 0.123810 0.548387 0.120635 0.544803 0.107937 0.544803 0.107937 0.551971 0.104762 0.555556
0 0.415873 0.548387 0.409524 0.548387 0.406349 0.544803 0.403175 0.544803 0.400000 0.548387 0.396825 0.548387 0.387302 0.559140 0.387302 0.569892 0.390476 0.573477 0.406349 0.573477 0.409524 0.569892 0.415873 0.569892 0.419048 0.566308 0.419048 0.555556 0.415873 0.551971
0 0.555556 0.548387 0.546032 0.548387 0.542857 0.551971 0.539683 0.551971 0.539683 0.555556 0.536508 0.559140 0.536508 0.573477 0.539683 0.577061 0.552381 0.577061 0.555556 0.573477 0.558730 0.573477 0.558730 0.569892 0.561905 0.566308 0.561905 0.555556
0 0.698413 0.548387 0.692063 0.555556 0.692063 0.569892 0.695238 0.573477 0.707937 0.573477 0.711111 0.569892 0.711111 0.566308 0.714286 0.562724 0.714286 0.555556 0.707937 0.548387
0 0.492063 0.559140 0.488889 0.562724 0.488889 0.573477 0.492063 0.577061 0.492063 0.584229 0.495238 0.587814 0.501587 0.587814 0.504762 0.584229 0.507937 0.584229 0.507937 0.580645 0.511111 0.577061 0.511111 0.573477 0.514286 0.569892 0.514286 0.566308 0.507937 0.559140
0 0.342857 0.566308 0.339683 0.566308 0.330159 0.577061 0.330159 0.580645 0.326984 0.584229 0.326984 0.591398 0.330159 0.594982 0.339683 0.594982 0.346032 0.587814 0.346032 0.584229 0.349206 0.580645 0.349206 0.577061 0.346032 0.573477 0.346032 0.569892
0 0.206349 0.577061 0.203175 0.573477 0.200000 0.573477 0.196825 0.577061 0.174603 0.577061 0.165079 0.587814 0.165079 0.591398 0.161905 0.594982 0.161905 0.602151 0.165079 0.602151 0.168254 0.605735 0.171429 0.605735 0.174603 0.602151 0.184127 0.602151 0.187302 0.598566 0.196825 0.594982 0.203175 0.587814
0 0.279365 0.577061 0.279365 0.587814 0.282540 0.591398 0.288889 0.591398 0.292063 0.594982 0.295238 0.594982 0.298413 0.591398 0.304762 0.591398 0.304762 0.577061 0.298413 0.577061 0.295238 0.573477 0.288889 0.573477 0.285714 0.577061
0 0.473016 0.573477 0.463492 0.573477 0.460317 0.577061 0.457143 0.577061 0.450794 0.584229 0.450794 0.594982 0.453968 0.598566 0.466667 0.598566 0.469841 0.594982 0.473016 0.594982 0.473016 0.591398 0.476190 0.587814 0.476190 0.580645 0.473016 0.577061
0 0.577778 0.573477 0.574603 0.577061 0.574603 0.580645 0.571429 0.584229 0.571429 0.591398 0.574603 0.594982 0.593651 0.594982 0.596825 0.591398 0.596825 0.577061 0.593651 0.573477
0 0.971429 0.580645 0.965079 0.573477 0.952381 0.573477 0.949206 0.577061 0.946032 0.577061 0.946032 0.580645 0.942857 0.584229 0.942857 0.587814 0.946032 0.591398 0.946032 0.594982 0.949206 0.598566 0.955556 0.598566 0.958730 0.594982 0.961905 0.594982 0.965079 0.591398 0.968254 0.591398 0.968254 0.584229
0 0.853968 0.577061 0.838095 0.577061 0.828571 0.587814 0.828571 0.598566 0.834921 0.605735 0.841270 0.605735 0.844444 0.602151 0.847619 0.602151 0.850794 0.598566 0.850794 0.594982 0.853968 0.591398
0 0.368254 0.591398 0.361905 0.602151 0.365079 0.605735 0.365079 0.609319 0.371429 0.616487 0.384127 0.616487 0.390476 0.609319 0.390476 0.602151 0.393651 0.598566 0.390476 0.594982 0.390476 0.591398 0.387302 0.591398 0.384127 0.587814 0.374603 0.587814 0.371429 0.591398
0 0.622222 0.587814 0.615873 0.594982 0.615873 0.598566 0.612698 0.602151 0.612698 0.605735 0.615873 0.609319 0.615873 0.612903 0.619048 0.612903 0.622222 0.616487 0.628571 0.616487 0.631746 0.612903 0.634921 0.612903 0.634921 0.594982 0.631746 0.591398 0.628571 0.591398 0.625397 0.587814
0 0.653968 0.591398 0.650794 0.594982 0.650794 0.598566 0.647619 0.602151 0.647619 0.612903 0.657143 0.623656 0.660317 0.623656 0.663492 0.620072 0.666667 0.620072 0.669841 0.616487 0.669841 0.594982 0.666667 0.594982 0.663492 0.591398
0 0.774603 0.591398 0.771429 0.594982 0.768254 0.594982 0.765079 0.598566 0.765079 0.609319 0.768254 0.612903 0.768254 0.616487 0.780952 0.616487 0.784127 0.612903 0.784127 0.609319 0.780952 0.605735 0.780952 0.598566
0 0.907937 0.594982 0.907937 0.605735 0.911111 0.609319 0.911111 0.612903 0.914286 0.612903 0.917460 0.616487 0.923810 0.616487 0.926984 0.620072 0.930159 0.616487 0.933333 0.616487 0.933333 0.598566 0.930159 0.594982 0.926984 0.594982 0.923810 0.591398 0.911111 0.591398
0 0.428571 0.594982 0.412698 0.594982 0.409524 0.598566 0.409524 0.602151 0.406349 0.605735 0.406349 0.620072 0.409524 0.623656 0.412698 0.623656 0.415873 0.620072 0.419048 0.620072 0.422222 0.616487 0.425397 0.616487 0.428571 0.612903 0.431746 0.612903 0.431746 0.598566
0 0.968254 0.594982 0.965079 0.594982 0.961905 0.598566 0.958730 0.598566 0.958730 0.602151 0.955556 0.605735 0.955556 0.609319 0.952381 0.612903 0.958730 0.620072 0.965079 0.620072 0.968254 0.616487 0.971429 0.616487 0.974603 0.612903 0.974603 0.602151
0 0.869841 0.598566 0.869841 0.602151 0.873016 0.605735 0.869841 0.609319 0.873016 0.612903 0.879365 0.612903 0.882540 0.609319 0.879365 0.605735 0.879365 0.602151 0.876190 0.598566
0 0.530159 0.616487 0.523810 0.609319 0.520635 0.609319 0.517460 0.605735 0.511111 0.605735 0.507937 0.609319 0.501587 0.609319 0.495238 0.616487 0.495238 0.623656 0.498413 0.627240 0.498413 0.630824 0.520635 0.630824 0.530159 0.620072
0 0.730159 0.605735 0.723810 0.612903 0.723810 0.623656 0.730159 0.630824 0.736508 0.630824 0.746032 0.620072 0.746032 0.612903 0.739683 0.605735
0 0.276190 0.623656 0.276190 0.641577 0.279365 0.645161 0.282540 0.645161 0.285714 0.648746 0.292063 0.648746 0.298413 0.641577 0.298413 0.627240 0.295238 0.623656 0.292063 0.623656 0.288889 0.620072 0.282540 0.620072 0.279365 0.623656
0 0.453968 0.623656 0.444444 0.634409 0.444444 0.641577 0.447619 0.645161 0.447619 0.648746 0.450794 0.652330 0.463492 0.652330 0.469841 0.645161 0.469841 0.627240 0.466667 0.627240 0.463492 0.623656
0 0.571429 0.630824 0.571429 0.637993 0.577778 0.645161 0.584127 0.645161 0.587302 0.648746 0.590476 0.648746 0.600000 0.641577 0.600000 0.627240 0.596825 0.627240 0.593651 0.623656 0.574603 0.623656 0.574603 0.627240
0 0.250794 0.630824 0.244444 0.630824 0.241270 0.634409 0.238095 0.634409 0.234921 0.637993 0.234921 0.641577 0.231746 0.645161 0.231746 0.648746 0.234921 0.652330 0.234921 0.655914 0.238095 0.655914 0.241270 0.659498 0.244444 0.659498 0.247619 0.655914 0.253968 0.655914 0.253968 0.652330 0.257143 0.648746 0.257143 0.637993
0 0.158730 0.637993 0.158730 0.641577 0.161905 0.641577 0.165079 0.645161 0.180952 0.645161 0.184127 0.641577 0.184127 0.637993 0.180952 0.634409 0.161905 0.634409
0 0.330159 0.634409 0.323810 0.634409 0.320635 0.637993 0.317460 0.637993 0.317460 0.641577 0.311111 0.652330 0.311111 0.655914 0.317460 0.666667 0.326984 0.666667 0.333333 0.659498 0.333333 0.655914 0.336508 0.652330 0.336508 0.641577
0 0.631746 0.637993 0.619048 0.637993 0.615873 0.641577 0.612698 0.641577 0.612698 0.648746 0.609524 0.652330 0.609524 0.663082 0.612698 0.666667 0.615873 0.666667 0.619048 0.670251 0.622222 0.670251 0.634921 0.655914 0.634921 0.641577
0 0.679365 0.637993 0.673016 0.645161 0.673016 0.659498 0.676190 0.663082 0.679365 0.663082 0.682540 0.666667 0.685714 0.666667 0.688889 0.663082 0.692063 0.663082 0.695238 0.659498 0.695238 0.641577 0.692063 0.641577 0.688889 0.637993
0 0.806349 0.641577 0.806349 0.645161 0.803175 0.648746 0.803175 0.652330 0.806349 0.655914 0.806349 0.659498 0.815873 0.666667 0.819048 0.666667 0.822222 0.663082 0.828571 0.663082 0.834921 0.652330 0.834921 0.648746 0.828571 0.641577 0.822222 0.641577 0.819048 0.637993 0.812698 0.637993 0.809524 0.641577
0 0.850794 0.645161 0.850794 0.648746 0.860317 0.659498 0.882540 0.659498 0.885714 0.655914 0.888889 0.655914 0.888889 0.641577 0.853968 0.641577
0 0.717460 0.652330 0.707937 0.652330 0.704762 0.655914 0.704762 0.659498 0.701587 0.663082 0.701587 0.670251 0.704762 0.673835 0.704762 0.677419 0.707937 0.677419 0.711111 0.681004 0.714286 0.677419 0.717460 0.677419 0.720635 0.673835 0.720635 0.670251 0.723810 0.666667 0.723810 0.663082 0.720635 0.659498 0.720635 0.655914
0 0.946032 0.652330 0.933333 0.652330 0.930159 0.655914 0.930159 0.659498 0.926984 0.663082 0.926984 0.677419 0.930159 0.681004 0.933333 0.681004 0.936508 0.684588 0.939683 0.684588 0.949206 0.673835 0.949206 0.655914
0 0.155556 0.655914 0.149206 0.655914 0.146032 0.659498 0.142857 0.659498 0.142857 0.663082 0.139683 0.666667 0.139683 0.670251 0.142857 0.673835 0.142857 0.677419 0.146032 0.677419 0.149206 0.681004 0.152381 0.681004 0.155556 0.677419 0.158730 0.677419 0.161905 0.673835 0.161905 0.663082
0 0.422222 0.655914 0.409524 0.655914 0.400000 0.666667 0.400000 0.677419 0.403175 0.681004 0.415873 0.681004 0.419048 0.677419 0.419048 0.673835 0.422222 0.670251
0 0.590476 0.663082 0.584127 0.655914 0.577778 0.655914 0.574603 0.659498 0.568254 0.659498 0.561905 0.666667 0.561905 0.681004 0.565079 0.681004 0.568254 0.684588 0.577778 0.684588 0.580952 0.681004 0.584127 0.681004 0.587302 0.677419 0.590476 0.677419
0 0.761905 0.655914 0.758730 0.659498 0.755556 0.659498 0.752381 0.663082 0.752381 0.677419 0.758730 0.684588 0.761905 0.684588 0.765079 0.688172 0.768254 0.684588 0.771429 0.684588 0.771429 0.681004 0.774603 0.677419 0.774603 0.670251 0.771429 0.666667 0.771429 0.663082 0.768254 0.659498 0.765079 0.659498
0 0.968254 0.659498 0.968254 0.673835 0.971429 0.677419 0.974603 0.677419 0.977778 0.681004 0.993651 0.681004 0.993651 0.663082 0.990476 0.659498 0.987302 0.659498 0.984127 0.655914 0.977778 0.655914 0.974603 0.659498
0 0.209524 0.663082 0.203175 0.663082 0.196825 0.670251 0.196825 0.684588 0.200000 0.684588 0.203175 0.688172 0.212698 0.677419 0.212698 0.666667
0 0.536508 0.677419 0.526984 0.666667 0.520635 0.666667 0.517460 0.663082 0.514286 0.666667 0.504762 0.666667 0.504762 0.670251 0.501587 0.673835 0.501587 0.684588 0.511111 0.691756 0.523810 0.691756 0.526984 0.688172 0.530159 0.688172 0.536508 0.681004
0 0.180952 0.666667 0.174603 0.666667 0.171429 0.670251 0.165079 0.670251 0.165079 0.673835 0.161905 0.677419 0.161905 0.684588 0.158730 0.688172 0.158730 0.691756 0.165079 0.698925 0.171429 0.698925 0.177778 0.691756 0.177778 0.688172 0.184127 0.681004 0.184127 0.670251
0 0.793651 0.670251 0.790476 0.673835 0.790476 0.695341 0.793651 0.698925 0.806349 0.698925 0.806349 0.695341 0.809524 0.691756 0.809524 0.684588 0.806349 0.681004 0.806349 0.677419 0.803175 0.673835 0.800000 0.673835 0.796825 0.670251
0 0.352381 0.677419 0.346032 0.684588 0.346032 0.698925 0.352381 0.706093 0.361905 0.706093 0.368254 0.698925 0.368254 0.684588 0.361905 0.677419
0 0.831746 0.677419 0.828571 0.681004 0.828571 0.695341 0.834921 0.702509 0.838095 0.698925 0.844444 0.698925 0.850794 0.691756 0.850794 0.681004 0.847619 0.677419
0 0.580952 0.684588 0.584127 0.688172 0.577778 0.695341 0.580952 0.698925 0.580952 0.702509 0.584127 0.702509 0.587302 0.706093 0.596825 0.706093 0.600000 0.702509 0.600000 0.688172 0.596825 0.684588 0.590476 0.684588 0.587302 0.681004 0.584127 0.684588
0 0.879365 0.681004 0.879365 0.698925 0.885714 0.698925 0.888889 0.695341 0.895238 0.695341 0.895238 0.681004
0 0.282540 0.688172 0.279365 0.691756 0.279365 0.702509 0.285714 0.709677 0.298413 0.709677 0.304762 0.702509 0.304762 0.691756 0.301587 0.691756 0.298413 0.688172 0.295238 0.688172 0.292063 0.684588 0.288889 0.684588 0.285714 0.688172
0 0.650794 0.684588 0.644444 0.691756 0.644444 0.698925 0.647619 0.702509 0.647619 0.706093 0.653968 0.713262 0.657143 0.713262 0.660317 0.709677 0.663492 0.709677 0.666667 0.706093 0.666667 0.691756 0.663492 0.688172 0.660317 0.688172 0.657143 0.684588
0 0.730159 0.684588 0.723810 0.691756 0.723810 0.706093 0.726984 0.709677 0.739683 0.709677 0.746032 0.702509 0.746032 0.691756 0.739683 0.684588
0 0.228571 0.688172 0.225397 0.691756 0.222222 0.691756 0.219048 0.695341 0.219048 0.698925 0.215873 0.702509 0.219048 0.706093 0.219048 0.709677 0.222222 0.709677 0.225397 0.713262 0.234921 0.713262 0.241270 0.706093 0.241270 0.695341 0.234921 0.688172
0 0.330159 0.698925 0.326984 0.698925 0.323810 0.702509 0.320635 0.702509 0.314286 0.709677 0.314286 0.716846 0.320635 0.724014 0.330159 0.724014 0.336508 0.716846 0.336508 0.706093
0 0.431746 0.698925 0.425397 0.706093 0.425397 0.713262 0.428571 0.716846 0.428571 0.720430 0.431746 0.724014 0.438095 0.724014 0.441270 0.720430 0.444444 0.720430 0.447619 0.716846 0.447619 0.709677 0.438095 0.698925
0 0.117460 0.702509 0.104762 0.702509 0.104762 0.706093 0.098413 0.713262 0.098413 0.734767 0.107937 0.734767 0.120635 0.720430 0.120635 0.706093
0 0.533333 0.713262 0.526984 0.706093 0.517460 0.706093 0.514286 0.709677 0.511111 0.709677 0.507937 0.713262 0.507937 0.727599 0.511111 0.731183 0.523810 0.731183 0.533333 0.720430
0 0.571429 0.716846 0.561905 0.709677 0.558730 0.709677 0.555556 0.713262 0.549206 0.713262 0.542857 0.720430 0.542857 0.731183 0.549206 0.738351 0.561905 0.738351 0.565079 0.734767 0.568254 0.734767 0.568254 0.731183 0.571429 0.727599
0 0.615873 0.709677 0.606349 0.720430 0.606349 0.731183 0.609524 0.734767 0.625397 0.734767 0.631746 0.727599 0.631746 0.720430 0.628571 0.716846 0.628571 0.713262 0.625397 0.713262 0.622222 0.709677
0 0.911111 0.709677 0.907937 0.713262 0.907937 0.727599 0.911111 0.731183 0.911111 0.734767 0.914286 0.738351 0.920635 0.738351 0.923810 0.741935 0.926984 0.741935 0.933333 0.734767 0.933333 0.731183 0.936508 0.727599 0.936508 0.720430 0.926984 0.709677
0 0.758730 0.713262 0.752381 0.720430 0.752381 0.731183 0.758730 0.738351 0.768254 0.738351 0.777778 0.727599 0.777778 0.720430 0.771429 0.713262
0 0.790476 0.713262 0.790476 0.716846 0.787302 0.720430 0.787302 0.727599 0.790476 0.731183 0.790476 0.734767 0.793651 0.734767 0.796825 0.738351 0.806349 0.738351 0.812698 0.731183 0.812698 0.720430 0.809524 0.720430 0.803175 0.713262
0 0.822222 0.713262 0.822222 0.724014 0.825397 0.727599 0.831746 0.727599 0.834921 0.724014 0.834921 0.716846 0.831746 0.713262
0 0.980952 0.713262 0.971429 0.724014 0.971429 0.734767 0.974603 0.738351 0.990476 0.738351 0.993651 0.734767 0.993651 0.716846 0.990476 0.716846 0.987302 0.713262
0 0.396825 0.716846 0.387302 0.716846 0.384127 0.720430 0.380952 0.720430 0.377778 0.724014 0.377778 0.727599 0.374603 0.731183 0.374603 0.738351 0.380952 0.745520 0.387302 0.745520 0.396825 0.734767 0.396825 0.731183 0.400000 0.727599 0.400000 0.720430
0 0.704762 0.724014 0.698413 0.724014 0.695238 0.720430 0.692063 0.724014 0.688889 0.724014 0.679365 0.734767 0.679365 0.745520 0.682540 0.749104 0.692063 0.749104 0.695238 0.745520 0.698413 0.745520 0.704762 0.738351
0 0.431746 0.727599 0.428571 0.724014 0.425397 0.724014 0.422222 0.727599 0.415873 0.727599 0.409524 0.734767 0.409524 0.749104 0.428571 0.749104 0.431746 0.745520 0.434921 0.745520 0.434921 0.734767 0.431746 0.731183
0 0.247619 0.734767 0.247619 0.738351 0.253968 0.745520 0.266667 0.745520 0.269841 0.741935 0.269841 0.731183 0.266667 0.727599 0.253968 0.727599
0 0.301587 0.734767 0.288889 0.734767 0.282540 0.741935 0.282540 0.752688 0.288889 0.759857 0.295238 0.759857 0.298413 0.756272 0.301587 0.756272 0.304762 0.752688 0.304762 0.749104 0.307937 0.745520 0.307937 0.741935
0 0.730159 0.738351 0.723810 0.738351 0.720635 0.741935 0.717460 0.741935 0.711111 0.749104 0.711111 0.752688 0.707937 0.756272 0.707937 0.767025 0.711111 0.770609 0.714286 0.770609 0.717460 0.767025 0.726984 0.767025 0.736508 0.756272 0.736508 0.745520
0 0.517460 0.745520 0.514286 0.749104 0.514286 0.759857 0.517460 0.763441 0.517460 0.767025 0.523810 0.767025 0.526984 0.770609 0.533333 0.770609 0.539683 0.763441 0.539683 0.752688 0.533333 0.745520 0.526984 0.745520 0.523810 0.741935 0.520635 0.745520
0 0.869841 0.749104 0.869841 0.756272 0.876190 0.763441 0.892063 0.763441 0.898413 0.756272 0.898413 0.745520 0.895238 0.745520 0.892063 0.741935 0.879365 0.741935 0.873016 0.749104
0 0.168254 0.752688 0.168254 0.763441 0.174603 0.770609 0.190476 0.770609 0.196825 0.763441 0.196825 0.756272 0.190476 0.749104 0.171429 0.749104
0 0.768254 0.767025 0.771429 0.770609 0.780952 0.770609 0.784127 0.767025 0.790476 0.767025 0.796825 0.759857 0.796825 0.756272 0.793651 0.752688 0.793651 0.749104 0.771429 0.749104 0.771429 0.752688 0.768254 0.756272
0 0.930159 0.759857 0.930159 0.767025 0.939683 0.774194 0.955556 0.774194 0.961905 0.767025 0.961905 0.752688 0.958730 0.749104 0.942857 0.749104 0.936508 0.756272 0.933333 0.756272
0 0.577778 0.756272 0.577778 0.759857 0.574603 0.763441 0.574603 0.770609 0.580952 0.777778 0.593651 0.777778 0.596825 0.774194 0.600000 0.774194 0.600000 0.770609 0.603175 0.767025 0.603175 0.759857 0.596825 0.752688 0.580952 0.752688
0 0.815873 0.774194 0.819048 0.774194 0.822222 0.777778 0.831746 0.777778 0.834921 0.774194 0.838095 0.774194 0.844444 0.767025 0.844444 0.763441 0.847619 0.759857 0.838095 0.752688 0.822222 0.752688 0.815873 0.759857
0 0.469841 0.756272 0.463492 0.763441 0.463492 0.774194 0.466667 0.777778 0.466667 0.781362 0.479365 0.781362 0.485714 0.774194 0.485714 0.759857 0.482540 0.756272
0 0.317460 0.767025 0.317460 0.770609 0.320635 0.774194 0.320635 0.777778 0.323810 0.777778 0.326984 0.781362 0.342857 0.781362 0.346032 0.777778 0.346032 0.767025 0.339683 0.759857 0.323810 0.759857
0 0.650794 0.759857 0.644444 0.767025 0.644444 0.784946 0.647619 0.788530 0.660317 0.788530 0.663492 0.784946 0.663492 0.767025 0.657143 0.759857
0 0.231746 0.767025 0.228571 0.763441 0.222222 0.763441 0.219048 0.767025 0.215873 0.767025 0.206349 0.777778 0.206349 0.784946 0.209524 0.788530 0.222222 0.788530 0.231746 0.777778
0 0.292063 0.767025 0.285714 0.774194 0.285714 0.781362 0.288889 0.784946 0.292063 0.784946 0.295238 0.788530 0.301587 0.788530 0.304762 0.784946 0.304762 0.774194 0.301587 0.770609 0.298413 0.770609 0.295238 0.767025
0 0.682540 0.774194 0.682540 0.784946 0.685714 0.788530 0.688889 0.788530 0.692063 0.792115 0.695238 0.788530 0.701587 0.788530 0.707937 0.781362 0.707937 0.777778 0.704762 0.774194 0.707937 0.770609 0.704762 0.767025 0.685714 0.767025 0.685714 0.770609
0 0.755556 0.767025 0.749206 0.767025 0.746032 0.770609 0.742857 0.770609 0.736508 0.777778 0.733333 0.777778 0.733333 0.784946 0.736508 0.784946 0.739683 0.788530 0.742857 0.784946 0.746032 0.784946 0.755556 0.774194
0 0.428571 0.770609 0.419048 0.770609 0.415873 0.774194 0.412698 0.774194 0.409524 0.777778 0.409524 0.788530 0.412698 0.792115 0.412698 0.795699 0.415873 0.799283 0.422222 0.799283 0.425397 0.795699 0.428571 0.795699 0.434921 0.788530 0.434921 0.777778
0 0.514286 0.777778 0.511111 0.777778 0.507937 0.774194 0.501587 0.774194 0.498413 0.777778 0.495238 0.777778 0.495238 0.781362 0.492063 0.784946 0.492063 0.799283 0.507937 0.799283 0.511111 0.795699 0.514286 0.795699 0.517460 0.792115 0.517460 0.784946 0.514286 0.781362
0 0.146032 0.777778 0.142857 0.781362 0.142857 0.784946 0.139683 0.788530 0.139683 0.799283 0.142857 0.802867 0.152381 0.802867 0.158730 0.795699 0.158730 0.781362 0.155556 0.777778
0 0.393651 0.777778 0.384127 0.777778 0.380952 0.781362 0.377778 0.781362 0.371429 0.788530 0.371429 0.799283 0.377778 0.806452 0.387302 0.806452 0.396825 0.795699 0.396825 0.792115 0.400000 0.788530 0.400000 0.784946
0 0.977778 0.777778 0.968254 0.784946 0.968254 0.795699 0.974603 0.806452 0.977778 0.806452 0.980952 0.810036 0.984127 0.810036 0.993651 0.802867 0.993651 0.784946 0.990476 0.781362 0.980952 0.781362
0 0.549206 0.781362 0.542857 0.781362 0.539683 0.784946 0.533333 0.784946 0.530159 0.788530 0.530159 0.795699 0.526984 0.799283 0.530159 0.802867 0.530159 0.806452 0.533333 0.810036 0.546032 0.810036 0.552381 0.802867 0.552381 0.784946
0 0.615873 0.781362 0.609524 0.792115 0.609524 0.802867 0.615873 0.810036 0.619048 0.810036 0.622222 0.813620 0.625397 0.813620 0.634921 0.802867 0.634921 0.795699 0.631746 0.792115 0.631746 0.788530 0.628571 0.784946 0.628571 0.781362
0 0.841270 0.781362 0.838095 0.784946 0.834921 0.784946 0.834921 0.788530 0.831746 0.792115 0.831746 0.799283 0.838095 0.806452 0.847619 0.806452 0.850794 0.802867 0.853968 0.802867 0.857143 0.799283 0.857143 0.784946 0.853968 0.784946 0.850794 0.781362
0 0.180952 0.784946 0.177778 0.788530 0.174603 0.788530 0.174603 0.792115 0.171429 0.795699 0.171429 0.799283 0.174603 0.802867 0.174603 0.806452 0.177778 0.806452 0.180952 0.810036 0.184127 0.810036 0.187302 0.806452 0.190476 0.806452 0.193651 0.802867 0.193651 0.792115 0.190476 0.788530 0.187302 0.788530 0.184127 0.784946
0 0.787302 0.795699 0.784127 0.792115 0.784127 0.788530 0.777778 0.788530 0.774603 0.784946 0.771429 0.788530 0.765079 0.788530 0.761905 0.792115 0.758730 0.792115 0.755556 0.795699 0.755556 0.806452 0.758730 0.806452 0.761905 0.810036 0.780952 0.810036 0.787302 0.802867
0 0.317460 0.802867 0.320635 0.806452 0.320635 0.813620 0.323810 0.813620 0.333333 0.820789 0.346032 0.820789 0.355556 0.813620 0.352381 0.802867 0.349206 0.802867 0.339683 0.795699 0.323810 0.795699
0 0.269841 0.799283 0.263492 0.806452 0.263492 0.820789 0.266667 0.824373 0.282540 0.824373 0.288889 0.817204 0.288889 0.806452 0.282540 0.799283
0 0.733333 0.806452 0.726984 0.799283 0.723810 0.799283 0.720635 0.802867 0.717460 0.802867 0.704762 0.817204 0.704762 0.824373 0.707937 0.827957 0.717460 0.827957 0.720635 0.824373 0.723810 0.824373 0.726984 0.820789 0.730159 0.820789 0.730159 0.817204 0.733333 0.813620
0 0.428571 0.813620 0.428571 0.817204 0.431746 0.820789 0.441270 0.820789 0.444444 0.817204 0.447619 0.817204 0.447619 0.810036 0.434921 0.810036 0.431746 0.813620
0 0.901587 0.817204 0.901587 0.820789 0.898413 0.824373 0.898413 0.835125 0.904762 0.842294 0.920635 0.842294 0.923810 0.838710 0.926984 0.838710 0.926984 0.835125 0.930159 0.831541 0.930159 0.824373 0.923810 0.817204 0.920635 0.817204 0.917460 0.813620 0.907937 0.813620 0.904762 0.817204
0 0.206349 0.820789 0.203175 0.820789 0.200000 0.817204 0.196825 0.820789 0.190476 0.820789 0.187302 0.824373 0.187302 0.827957 0.184127 0.831541 0.184127 0.835125 0.187302 0.838710 0.187302 0.842294 0.190476 0.845878 0.200000 0.845878 0.200000 0.842294 0.203175 0.838710 0.203175 0.835125 0.206349 0.831541
0 0.482540 0.817204 0.482540 0.820789 0.479365 0.824373 0.479365 0.831541 0.482540 0.835125 0.482540 0.838710 0.492063 0.845878 0.501587 0.845878 0.507937 0.838710 0.507937 0.831541 0.504762 0.827957 0.504762 0.824373 0.495238 0.817204
0 0.663492 0.824373 0.660317 0.824373 0.657143 0.820789 0.653968 0.820789 0.650794 0.824373 0.644444 0.824373 0.634921 0.835125 0.634921 0.842294 0.641270 0.849462 0.647619 0.849462 0.650794 0.845878 0.653968 0.845878 0.660317 0.838710 0.660317 0.835125 0.663492 0.831541
0 0.730159 0.845878 0.736508 0.845878 0.739683 0.849462 0.749206 0.849462 0.752381 0.845878 0.755556 0.845878 0.765079 0.838710 0.765079 0.827957 0.758730 0.820789 0.742857 0.820789 0.736508 0.827957 0.736508 0.831541 0.733333 0.835125 0.730159 0.835125
0 0.590476 0.824373 0.580952 0.824373 0.577778 0.827957 0.574603 0.827957 0.571429 0.831541 0.571429 0.835125 0.568254 0.838710 0.568254 0.842294 0.574603 0.849462 0.577778 0.845878 0.584127 0.845878 0.587302 0.842294 0.590476 0.842294 0.590476 0.838710 0.593651 0.835125 0.593651 0.827957
