0 0.152866 0.003597 0.152866 0.010791 0.156051 0.014388 0.156051 0.017986 0.171975 0.028777 0.184713 0.028777 0.200637 0.017986 0.200637 0.003597 0.197452 0.003597 0.194268 0.000000 0.162420 0.000000 0.159236 0.003597
0 0.729299 0.007194 0.732484 0.017986 0.738854 0.025180 0.742038 0.025180 0.751592 0.032374 0.767516 0.032374 0.770701 0.028777 0.767516 0.017986 0.764331 0.014388 0.761146 0.014388 0.751592 0.003597 0.745223 0.003597 0.742038 0.000000 0.738854 0.000000
0 0.280255 0.003597 0.277070 0.007194 0.277070 0.021583 0.280255 0.025180 0.280255 0.032374 0.283439 0.035971 0.283439 0.039568 0.286624 0.039568 0.289809 0.043165 0.305732 0.043165 0.315287 0.032374 0.315287 0.007194 0.312102 0.007194 0.308917 0.003597
0 0.076433 0.007194 0.070064 0.014388 0.070064 0.028777 0.076433 0.035971 0.085987 0.035971 0.092357 0.028777 0.092357 0.025180 0.095541 0.021583 0.095541 0.017986 0.092357 0.014388 0.092357 0.010791 0.089172 0.007194
0 0.828025 0.007194 0.824841 0.010791 0.821656 0.010791 0.821656 0.025180 0.824841 0.025180 0.828025 0.028777 0.831210 0.028777 0.837580 0.021583 0.837580 0.014388 0.831210 0.007194
0 0.356688 0.017986 0.350318 0.028777 0.350318 0.043165 0.353503 0.046763 0.356688 0.057554 0.359873 0.057554 0.363057 0.061151 0.372611 0.061151 0.382166 0.050360 0.382166 0.035971 0.378981 0.032374 0.378981 0.025180 0.372611 0.017986
0 0.433121 0.021583 0.426752 0.032374 0.426752 0.050360 0.436306 0.064748 0.439490 0.064748 0.442675 0.068345 0.449045 0.068345 0.452229 0.064748 0.455414 0.064748 0.464968 0.053957 0.464968 0.039568 0.455414 0.025180 0.452229 0.025180 0.449045 0.021583
0 0.232484 0.039568 0.232484 0.050360 0.235669 0.053957 0.235669 0.057554 0.251592 0.068345 0.267516 0.068345 0.270701 0.064748 0.273885 0.064748 0.273885 0.061151 0.277070 0.057554 0.277070 0.050360 0.261146 0.032374 0.257962 0.032374 0.254777 0.028777 0.245223 0.028777
0 0.490446 0.035971 0.484076 0.035971 0.468153 0.053957 0.468153 0.061151 0.464968 0.064748 0.464968 0.089928 0.471338 0.093525 0.487261 0.093525 0.490446 0.089928 0.490446 0.082734 0.496815 0.075540 0.496815 0.068345 0.500000 0.064748 0.500000 0.046763 0.496815 0.039568
0 0.703822 0.039568 0.700637 0.043165 0.700637 0.053957 0.703822 0.057554 0.716561 0.057554 0.716561 0.053957 0.719745 0.050360 0.719745 0.046763 0.713376 0.039568
0 0.840764 0.057554 0.840764 0.064748 0.843949 0.068345 0.847134 0.068345 0.850318 0.064748 0.863057 0.064748 0.866242 0.061151 0.866242 0.053957 0.863057 0.053957 0.859873 0.050360 0.843949 0.050360 0.843949 0.053957
0 0.286624 0.068345 0.286624 0.071942 0.289809 0.075540 0.296178 0.075540 0.299363 0.079137 0.308917 0.079137 0.312102 0.082734 0.315287 0.079137 0.318471 0.082734 0.328025 0.082734 0.331210 0.079137 0.334395 0.079137 0.334395 0.075540 0.337580 0.071942 0.331210 0.061151 0.328025 0.061151 0.318471 0.053957 0.305732 0.053957 0.302548 0.057554 0.292994 0.061151
0 0.522293 0.057554 0.512739 0.057554 0.512739 0.061151 0.509554 0.064748 0.509554 0.082734 0.506369 0.086331 0.512739 0.093525 0.515924 0.089928 0.522293 0.089928 0.525478 0.086331 0.528662 0.086331 0.528662 0.082734 0.531847 0.079137 0.531847 0.071942 0.525478 0.064748 0.525478 0.061151
0 0.738854 0.075540 0.738854 0.082734 0.742038 0.082734 0.745223 0.086331 0.757962 0.086331 0.761146 0.089928 0.777070 0.089928 0.786624 0.082734 0.786624 0.071942 0.780255 0.064748 0.777070 0.064748 0.773885 0.061151 0.757962 0.061151 0.754777 0.064748 0.748408 0.064748
0 0.095541 0.075540 0.095541 0.082734 0.098726 0.086331 0.111465 0.086331 0.111465 0.082734 0.114650 0.079137 0.114650 0.075540 0.111465 0.071942 0.098726 0.071942
0 0.165605 0.086331 0.162420 0.089928 0.159236 0.089928 0.159236 0.100719 0.165605 0.100719 0.168790 0.097122 0.168790 0.089928
0 0.019108 0.097122 0.012739 0.104317 0.012739 0.115108 0.019108 0.122302 0.031847 0.122302 0.038217 0.115108 0.038217 0.104317 0.031847 0.097122
0 0.407643 0.104317 0.414013 0.115108 0.423567 0.118705 0.433121 0.129496 0.436306 0.129496 0.439490 0.133094 0.449045 0.129496 0.449045 0.125899 0.452229 0.122302 0.449045 0.111511 0.439490 0.100719 0.433121 0.100719 0.429936 0.097122 0.420382 0.097122 0.417197 0.100719 0.410828 0.100719
0 0.640127 0.100719 0.636943 0.100719 0.633758 0.097122 0.627389 0.097122 0.617834 0.104317 0.617834 0.107914 0.611465 0.115108 0.611465 0.122302 0.608280 0.125899 0.608280 0.140288 0.611465 0.143885 0.624204 0.143885 0.627389 0.140288 0.636943 0.136691 0.646497 0.125899 0.646497 0.111511
0 0.859873 0.097122 0.840764 0.097122 0.831210 0.104317 0.831210 0.107914 0.824841 0.118705 0.828025 0.122302 0.828025 0.129496 0.834395 0.136691 0.843949 0.136691 0.859873 0.125899 0.859873 0.122302 0.866242 0.111511 0.863057 0.107914 0.863057 0.100719
0 0.066879 0.100719 0.066879 0.104317 0.063694 0.107914 0.063694 0.118705 0.070064 0.125899 0.079618 0.125899 0.082803 0.122302 0.082803 0.107914 0.076433 0.100719
0 0.089172 0.122302 0.089172 0.136691 0.092357 0.136691 0.095541 0.140288 0.105096 0.140288 0.111465 0.133094 0.114650 0.133094 0.114650 0.118705 0.092357 0.118705
0 0.582803 0.129496 0.576433 0.129496 0.570064 0.136691 0.566879 0.136691 0.566879 0.147482 0.570064 0.143885 0.573248 0.147482 0.576433 0.143885 0.579618 0.143885 0.582803 0.140288 0.579618 0.136691 0.582803 0.133094
0 0.780255 0.129496 0.773885 0.129496 0.770701 0.133094 0.767516 0.133094 0.757962 0.143885 0.757962 0.147482 0.754777 0.151079 0.754777 0.158273 0.751592 0.161871 0.751592 0.179856 0.754777 0.179856 0.757962 0.183453 0.764331 0.183453 0.777070 0.169065 0.777070 0.165468 0.783439 0.154676 0.783439 0.133094
0 0.649682 0.147482 0.649682 0.151079 0.656051 0.158273 0.662420 0.158273 0.665605 0.161871 0.668790 0.161871 0.671975 0.158273 0.678344 0.158273 0.681529 0.154676 0.681529 0.151079 0.684713 0.147482 0.684713 0.140288 0.678344 0.133094 0.662420 0.133094 0.656051 0.140288 0.652866 0.140288 0.652866 0.143885
0 0.378981 0.136691 0.378981 0.143885 0.382166 0.147482 0.394904 0.147482 0.394904 0.143885 0.388535 0.136691
0 0.515924 0.136691 0.515924 0.147482 0.519108 0.151079 0.522293 0.151079 0.525478 0.154676 0.541401 0.154676 0.544586 0.151079 0.544586 0.143885 0.541401 0.140288 0.538217 0.140288 0.535032 0.136691
0 0.821656 0.161871 0.821656 0.179856 0.831210 0.190647 0.834395 0.190647 0.840764 0.197842 0.840764 0.201439 0.847134 0.205036 0.856688 0.205036 0.863057 0.201439 0.866242 0.194245 0.866242 0.183453 0.850318 0.158273 0.843949 0.154676 0.831210 0.154676
0 0.232484 0.158273 0.229299 0.161871 0.229299 0.179856 0.235669 0.179856 0.238854 0.183453 0.251592 0.183453 0.254777 0.179856 0.254777 0.169065 0.245223 0.158273
0 0.340764 0.161871 0.324841 0.161871 0.315287 0.172662 0.315287 0.179856 0.318471 0.183453 0.321656 0.183453 0.324841 0.187050 0.331210 0.187050 0.334395 0.183453 0.337580 0.183453 0.337580 0.179856 0.340764 0.176259
0 0.015924 0.172662 0.003185 0.183453 0.003185 0.219424 0.022293 0.230216 0.041401 0.219424 0.044586 0.212230 0.044586 0.187050 0.031847 0.176259
0 0.882166 0.176259 0.882166 0.187050 0.885350 0.190647 0.885350 0.194245 0.888535 0.197842 0.888535 0.201439 0.891720 0.205036 0.904459 0.205036 0.907643 0.201439 0.907643 0.190647 0.904459 0.187050 0.904459 0.183453 0.901274 0.183453 0.894904 0.176259
0 0.624204 0.194245 0.624204 0.201439 0.636943 0.215827 0.643312 0.215827 0.646497 0.212230 0.649682 0.212230 0.649682 0.205036 0.643312 0.197842 0.643312 0.194245 0.640127 0.194245 0.636943 0.190647 0.627389 0.190647
0 0.105096 0.197842 0.098726 0.205036 0.098726 0.215827 0.101911 0.219424 0.101911 0.223022 0.108280 0.223022 0.111465 0.226619 0.117834 0.226619 0.121019 0.223022 0.121019 0.205036 0.114650 0.197842
0 0.060510 0.201439 0.050955 0.219424 0.050955 0.251799 0.063694 0.276978 0.073248 0.280576 0.076433 0.255396 0.082803 0.244604 0.079618 0.241007 0.082803 0.233813 0.082803 0.219424 0.079618 0.215827 0.079618 0.208633 0.073248 0.201439
0 0.792994 0.205036 0.792994 0.215827 0.799363 0.223022 0.821656 0.223022 0.821656 0.215827 0.812102 0.205036 0.808917 0.205036 0.805732 0.201439 0.799363 0.201439 0.796178 0.205036
0 0.665605 0.208633 0.665605 0.219424 0.668790 0.223022 0.671975 0.223022 0.675159 0.226619 0.687898 0.226619 0.691083 0.223022 0.694268 0.223022 0.694268 0.208633 0.691083 0.205036 0.668790 0.205036
0 0.353503 0.208633 0.347134 0.215827 0.347134 0.237410 0.350318 0.241007 0.363057 0.241007 0.372611 0.233813 0.372611 0.212230 0.369427 0.212230 0.366242 0.208633
0 0.891720 0.215827 0.882166 0.208633 0.875796 0.208633 0.872611 0.212230 0.856688 0.219424 0.847134 0.230216 0.847134 0.233813 0.853503 0.241007 0.866242 0.241007 0.869427 0.237410 0.875796 0.237410 0.878981 0.233813 0.888535 0.230216 0.888535 0.226619 0.891720 0.223022
0 0.152866 0.230216 0.152866 0.241007 0.159236 0.248201 0.159236 0.251799 0.162420 0.251799 0.171975 0.258993 0.178344 0.258993 0.181529 0.255396 0.187898 0.255396 0.194268 0.244604 0.191083 0.233813 0.181529 0.226619 0.171975 0.226619 0.168790 0.223022 0.162420 0.223022
0 0.404459 0.230216 0.404459 0.233813 0.410828 0.241007 0.423567 0.241007 0.429936 0.233813 0.429936 0.230216 0.423567 0.223022 0.410828 0.223022
0 0.468153 0.230216 0.464968 0.226619 0.461783 0.226619 0.458599 0.230216 0.449045 0.230216 0.449045 0.233813 0.445860 0.237410 0.445860 0.241007 0.449045 0.244604 0.455414 0.244604 0.458599 0.241007 0.468153 0.241007
0 0.085987 0.237410 0.085987 0.244604 0.079618 0.255396 0.076433 0.280576 0.092357 0.291367 0.101911 0.291367 0.105096 0.287770 0.101911 0.284173 0.105096 0.280576 0.105096 0.273381 0.108280 0.269784 0.108280 0.251799 0.095541 0.237410
0 0.031847 0.251799 0.022293 0.251799 0.009554 0.266187 0.009554 0.269784 0.006369 0.273381 0.006369 0.291367 0.009554 0.294964 0.015924 0.294964 0.019108 0.298561 0.022293 0.298561 0.038217 0.287770 0.038217 0.284173 0.041401 0.280576 0.041401 0.262590
0 0.133758 0.269784 0.133758 0.276978 0.130573 0.280576 0.133758 0.284173 0.133758 0.287770 0.130573 0.291367 0.143312 0.305755 0.143312 0.309353 0.146497 0.309353 0.156051 0.316547 0.165605 0.316547 0.168790 0.305755 0.165605 0.302158 0.165605 0.291367 0.162420 0.287770 0.162420 0.284173 0.149682 0.269784 0.146497 0.269784 0.143312 0.266187
0 0.184713 0.276978 0.184713 0.280576 0.191083 0.287770 0.194268 0.287770 0.203822 0.298561 0.210191 0.298561 0.213376 0.302158 0.222930 0.302158 0.229299 0.294964 0.226115 0.284173 0.216561 0.273381 0.213376 0.273381 0.210191 0.269784 0.191083 0.269784
0 0.770701 0.276978 0.764331 0.284173 0.764331 0.287770 0.761146 0.291367 0.764331 0.302158 0.796178 0.316547 0.799363 0.312950 0.799363 0.305755 0.802548 0.302158 0.799363 0.298561 0.799363 0.291367 0.796178 0.287770 0.796178 0.284173 0.786624 0.276978
0 0.554140 0.280576 0.554140 0.284173 0.550955 0.287770 0.550955 0.291367 0.554140 0.294964 0.554140 0.298561 0.557325 0.298561 0.560510 0.302158 0.566879 0.302158 0.573248 0.294964 0.573248 0.284173 0.570064 0.284173 0.566879 0.280576
0 0.888535 0.280576 0.882166 0.287770 0.882166 0.291367 0.885350 0.294964 0.885350 0.298561 0.888535 0.302158 0.891720 0.302158 0.894904 0.305755 0.904459 0.305755 0.910828 0.298561 0.910828 0.287770 0.904459 0.280576
0 0.130573 0.294964 0.114650 0.294964 0.111465 0.298561 0.111465 0.302158 0.108280 0.305755 0.108280 0.334532 0.111465 0.338129 0.108280 0.341727 0.111465 0.338129 0.114650 0.341727 0.121019 0.341727 0.136943 0.330935 0.136943 0.327338 0.140127 0.323741 0.140127 0.305755
0 0.057325 0.312950 0.057325 0.316547 0.054140 0.320144 0.054140 0.334532 0.057325 0.338129 0.057325 0.341727 0.073248 0.356115 0.085987 0.356115 0.089172 0.352518 0.089172 0.316547 0.082803 0.309353 0.076433 0.309353 0.073248 0.305755
0 0.824841 0.305755 0.821656 0.309353 0.821656 0.312950 0.818471 0.316547 0.818471 0.327338 0.821656 0.330935 0.831210 0.330935 0.837580 0.323741 0.837580 0.309353 0.834395 0.305755
0 0.614650 0.320144 0.614650 0.327338 0.617834 0.330935 0.617834 0.334532 0.621019 0.338129 0.624204 0.338129 0.630573 0.345324 0.646497 0.345324 0.649682 0.341727 0.646497 0.338129 0.646497 0.330935 0.633758 0.316547 0.617834 0.316547
0 0.022293 0.323741 0.022293 0.338129 0.025478 0.338129 0.028662 0.341727 0.035032 0.341727 0.038217 0.345324 0.047771 0.345324 0.047771 0.341727 0.050955 0.338129 0.054140 0.338129 0.050955 0.334532 0.050955 0.327338 0.044586 0.320144 0.025478 0.320144
0 0.156051 0.334532 0.156051 0.345324 0.162420 0.345324 0.165605 0.348921 0.171975 0.348921 0.175159 0.352518 0.187898 0.352518 0.187898 0.341727 0.184713 0.338129 0.184713 0.334532 0.181529 0.334532 0.175159 0.327338 0.171975 0.327338 0.168790 0.323741 0.165605 0.323741
0 0.283439 0.327338 0.277070 0.334532 0.277070 0.352518 0.280255 0.359712 0.292994 0.377698 0.299363 0.381295 0.312102 0.381295 0.321656 0.370504 0.321656 0.352518 0.318471 0.348921 0.318471 0.341727 0.302548 0.327338
0 0.560510 0.327338 0.557325 0.330935 0.557325 0.341727 0.560510 0.345324 0.560510 0.348921 0.563694 0.352518 0.566879 0.352518 0.570064 0.356115 0.573248 0.356115 0.582803 0.345324 0.582803 0.338129 0.576433 0.330935 0.573248 0.330935 0.570064 0.327338
0 0.767516 0.327338 0.767516 0.334532 0.770701 0.338129 0.770701 0.341727 0.773885 0.345324 0.773885 0.348921 0.777070 0.352518 0.780255 0.352518 0.783439 0.356115 0.786624 0.352518 0.789809 0.352518 0.796178 0.345324 0.796178 0.341727 0.786624 0.330935 0.780255 0.330935 0.777070 0.327338
0 0.684713 0.330935 0.684713 0.334532 0.681529 0.338129 0.681529 0.348921 0.684713 0.352518 0.684713 0.356115 0.687898 0.359712 0.691083 0.359712 0.697452 0.352518 0.697452 0.338129 0.694268 0.334532 0.694268 0.330935
0 0.863057 0.330935 0.856688 0.330935 0.847134 0.341727 0.847134 0.345324 0.843949 0.348921 0.843949 0.384892 0.847134 0.388489 0.847134 0.392086 0.856688 0.392086 0.856688 0.388489 0.859873 0.384892 0.859873 0.377698 0.863057 0.374101 0.863057 0.359712 0.866242 0.356115 0.866242 0.341727 0.863057 0.338129
0 0.748408 0.338129 0.735669 0.338129 0.729299 0.345324 0.729299 0.359712 0.732484 0.359712 0.735669 0.363309 0.742038 0.363309 0.745223 0.359712 0.748408 0.359712 0.751592 0.356115 0.751592 0.341727
0 0.369427 0.345324 0.369427 0.352518 0.375796 0.359712 0.375796 0.363309 0.385350 0.374101 0.388535 0.374101 0.391720 0.377698 0.391720 0.381295 0.417197 0.381295 0.420382 0.370504 0.410828 0.359712 0.407643 0.359712 0.385350 0.345324
0 0.340764 0.352518 0.331210 0.363309 0.331210 0.377698 0.334395 0.381295 0.334395 0.384892 0.331210 0.388489 0.337580 0.388489 0.347134 0.395683 0.359873 0.395683 0.366242 0.388489 0.366242 0.370504 0.363057 0.366906 0.363057 0.363309 0.353503 0.352518
0 0.700637 0.352518 0.691083 0.363309 0.694268 0.366906 0.694268 0.374101 0.697452 0.374101 0.700637 0.377698 0.710191 0.377698 0.710191 0.374101 0.713376 0.370504 0.713376 0.356115 0.710191 0.356115 0.707006 0.352518
0 0.592357 0.359712 0.582803 0.370504 0.582803 0.377698 0.589172 0.384892 0.601911 0.384892 0.608280 0.377698 0.608280 0.366906 0.601911 0.359712
0 0.210191 0.363309 0.203822 0.366906 0.197452 0.377698 0.197452 0.399281 0.210191 0.413669 0.219745 0.413669 0.226115 0.417266 0.235669 0.410072 0.235669 0.381295 0.232484 0.374101 0.222930 0.363309
0 0.802548 0.370504 0.802548 0.377698 0.808917 0.384892 0.824841 0.384892 0.824841 0.381295 0.828025 0.377698 0.824841 0.374101 0.824841 0.363309 0.821656 0.366906 0.818471 0.363309 0.808917 0.363309
0 0.420382 0.377698 0.420382 0.384892 0.423567 0.388489 0.426752 0.399281 0.442675 0.417266 0.449045 0.417266 0.452229 0.413669 0.461783 0.410072 0.461783 0.406475 0.464968 0.402878 0.449045 0.384892 0.445860 0.384892 0.429936 0.374101 0.423567 0.374101
0 0.391720 0.384892 0.391720 0.388489 0.388535 0.392086 0.388535 0.399281 0.391720 0.402878 0.391720 0.410072 0.394904 0.413669 0.394904 0.424460 0.398089 0.428058 0.414013 0.428058 0.423567 0.417266 0.423567 0.410072 0.426752 0.406475 0.420382 0.388489 0.417197 0.384892
0 0.369427 0.388489 0.363057 0.395683 0.363057 0.406475 0.359873 0.410072 0.359873 0.417266 0.356688 0.420863 0.359873 0.424460 0.359873 0.435252 0.366242 0.442446 0.378981 0.442446 0.388535 0.435252 0.388535 0.428058 0.391720 0.424460 0.391720 0.413669 0.388535 0.410072 0.385350 0.392086 0.382166 0.392086 0.378981 0.388489
0 0.627389 0.388489 0.624204 0.392086 0.624204 0.399281 0.627389 0.402878 0.630573 0.402878 0.633758 0.399281 0.633758 0.392086 0.630573 0.388489
0 0.328025 0.392086 0.321656 0.402878 0.321656 0.406475 0.324841 0.410072 0.324841 0.413669 0.331210 0.420863 0.334395 0.420863 0.337580 0.424460 0.343949 0.424460 0.350318 0.417266 0.350318 0.399281 0.347134 0.399281 0.337580 0.392086
0 0.732484 0.395683 0.732484 0.410072 0.738854 0.417266 0.754777 0.417266 0.757962 0.413669 0.757962 0.406475 0.748408 0.395683 0.745223 0.395683 0.742038 0.392086 0.738854 0.392086 0.735669 0.395683
0 0.280255 0.395683 0.270701 0.410072 0.270701 0.420863 0.283439 0.435252 0.286624 0.435252 0.289809 0.438849 0.299363 0.438849 0.302548 0.435252 0.308917 0.435252 0.312102 0.431655 0.312102 0.406475 0.299363 0.395683
0 0.796178 0.413669 0.796178 0.420863 0.815287 0.442446 0.824841 0.442446 0.831210 0.435252 0.831210 0.420863 0.828025 0.417266 0.824841 0.417266 0.815287 0.410072 0.799363 0.410072
0 0.477707 0.424460 0.474522 0.424460 0.471338 0.428058 0.464968 0.428058 0.458599 0.435252 0.458599 0.438849 0.461783 0.442446 0.461783 0.446043 0.464968 0.449640 0.464968 0.453237 0.468153 0.453237 0.471338 0.456835 0.474522 0.453237 0.477707 0.453237 0.480892 0.449640 0.480892 0.446043 0.484076 0.442446 0.484076 0.431655
0 0.025478 0.431655 0.025478 0.442446 0.028662 0.446043 0.028662 0.449640 0.031847 0.449640 0.035032 0.453237 0.047771 0.453237 0.050955 0.449640 0.054140 0.449640 0.054140 0.438849 0.050955 0.435252 0.047771 0.435252 0.041401 0.428058 0.028662 0.428058
0 0.283439 0.453237 0.283439 0.456835 0.305732 0.478417 0.337580 0.478417 0.340764 0.471223 0.334395 0.449640 0.315287 0.435252 0.302548 0.438849 0.299363 0.442446 0.289809 0.442446
0 0.786624 0.446043 0.786624 0.456835 0.792994 0.464029 0.799363 0.464029 0.799363 0.453237 0.796178 0.449640 0.796178 0.446043
0 0.707006 0.449640 0.710191 0.453237 0.710191 0.456835 0.716561 0.464029 0.722930 0.464029 0.726115 0.467626 0.729299 0.467626 0.732484 0.471223 0.738854 0.471223 0.738854 0.464029 0.735669 0.460432 0.732484 0.460432 0.726115 0.453237 0.716561 0.453237 0.713376 0.449640
0 0.885350 0.449640 0.878981 0.449640 0.872611 0.456835 0.869427 0.456835 0.863057 0.464029 0.863057 0.474820 0.866242 0.478417 0.875796 0.478417 0.878981 0.474820 0.882166 0.474820 0.885350 0.471223
0 0.098726 0.464029 0.098726 0.471223 0.101911 0.474820 0.108280 0.474820 0.111465 0.478417 0.127389 0.478417 0.130573 0.474820 0.133758 0.474820 0.133758 0.464029 0.127389 0.456835 0.121019 0.456835 0.117834 0.453237 0.111465 0.453237 0.108280 0.456835 0.105096 0.456835
0 0.375796 0.453237 0.366242 0.453237 0.363057 0.456835 0.356688 0.456835 0.353503 0.460432 0.350318 0.460432 0.343949 0.467626 0.337580 0.485612 0.347134 0.496403 0.366242 0.496403 0.369427 0.492806 0.372611 0.492806 0.375796 0.489209 0.372611 0.485612 0.382166 0.467626 0.382166 0.460432
0 0.512739 0.471223 0.509554 0.478417 0.509554 0.489209 0.512739 0.492806 0.512739 0.500000 0.515924 0.507194 0.522293 0.514388 0.528662 0.517986 0.550955 0.517986 0.557325 0.510791 0.557325 0.500000 0.547771 0.485612 0.538217 0.482014 0.522293 0.467626
0 0.799363 0.467626 0.792994 0.467626 0.786624 0.474820 0.786624 0.482014 0.789809 0.485612 0.796178 0.485612 0.799363 0.482014
0 0.171975 0.485612 0.171975 0.492806 0.175159 0.496403 0.181529 0.496403 0.184713 0.500000 0.197452 0.500000 0.200637 0.503597 0.203822 0.503597 0.207006 0.507194 0.213376 0.507194 0.216561 0.510791 0.219745 0.510791 0.222930 0.507194 0.222930 0.500000 0.216561 0.492806 0.203822 0.492806 0.200637 0.489209 0.194268 0.489209 0.184713 0.482014 0.175159 0.482014
0 0.598726 0.489209 0.595541 0.489209 0.592357 0.485612 0.582803 0.485612 0.570064 0.496403 0.570064 0.500000 0.563694 0.510791 0.563694 0.517986 0.573248 0.532374 0.589172 0.532374 0.601911 0.517986 0.601911 0.514388 0.605096 0.510791 0.605096 0.496403
0 0.388535 0.489209 0.378981 0.489209 0.363057 0.503597 0.363057 0.521583 0.372611 0.532374 0.382166 0.532374 0.385350 0.528777 0.388535 0.528777 0.388535 0.525180 0.391720 0.521583 0.394904 0.521583 0.394904 0.503597 0.398089 0.500000
0 0.410828 0.489209 0.407643 0.492806 0.404459 0.492806 0.398089 0.503597 0.398089 0.525180 0.407643 0.539568 0.420382 0.539568 0.429936 0.528777 0.429936 0.525180 0.433121 0.521583 0.433121 0.500000 0.423567 0.489209
0 0.060510 0.514388 0.060510 0.517986 0.066879 0.525180 0.070064 0.525180 0.073248 0.528777 0.082803 0.528777 0.089172 0.521583 0.089172 0.514388 0.085987 0.510791 0.082803 0.510791 0.079618 0.507194 0.070064 0.507194 0.066879 0.510791 0.063694 0.510791
0 0.678344 0.514388 0.678344 0.525180 0.687898 0.535971 0.694268 0.535971 0.697452 0.539568 0.707006 0.539568 0.710191 0.535971 0.713376 0.535971 0.719745 0.528777 0.719745 0.521583 0.716561 0.517986 0.716561 0.514388 0.713376 0.514388 0.703822 0.507194 0.684713 0.507194
0 0.000000 0.510791 0.000000 0.532374 0.006369 0.532374 0.009554 0.528777 0.009554 0.514388 0.006369 0.510791
0 0.162420 0.510791 0.159236 0.514388 0.159236 0.517986 0.162420 0.521583 0.162420 0.525180 0.165605 0.528777 0.165605 0.532374 0.168790 0.535971 0.168790 0.539568 0.171975 0.543165 0.184713 0.543165 0.191083 0.535971 0.191083 0.532374 0.187898 0.528777 0.187898 0.525180 0.181529 0.517986 0.178344 0.517986 0.168790 0.510791
0 0.627389 0.517986 0.614650 0.517986 0.601911 0.532374 0.601911 0.535971 0.595541 0.543165 0.595541 0.557554 0.598726 0.561151 0.601911 0.561151 0.611465 0.568345 0.617834 0.568345 0.630573 0.557554 0.633758 0.557554 0.633758 0.550360 0.636943 0.546763 0.636943 0.535971 0.633758 0.532374 0.633758 0.525180
0 0.035032 0.528777 0.035032 0.539568 0.038217 0.539568 0.044586 0.546763 0.054140 0.546763 0.057325 0.543165 0.060510 0.543165 0.060510 0.535971 0.057325 0.532374 0.057325 0.528777 0.054140 0.525180 0.050955 0.525180 0.047771 0.521583 0.041401 0.521583
0 0.442675 0.528777 0.433121 0.543165 0.433121 0.550360 0.436306 0.553957 0.436306 0.557554 0.452229 0.579137 0.461783 0.579137 0.464968 0.575540 0.468153 0.575540 0.471338 0.571942 0.471338 0.550360 0.468153 0.546763 0.468153 0.543165 0.461783 0.535971 0.458599 0.535971 0.449045 0.528777
0 0.506369 0.528777 0.500000 0.528777 0.490446 0.539568 0.490446 0.543165 0.487261 0.546763 0.487261 0.557554 0.490446 0.561151 0.490446 0.564748 0.500000 0.575540 0.503185 0.571942 0.506369 0.571942 0.512739 0.564748 0.512739 0.561151 0.515924 0.557554 0.515924 0.543165 0.512739 0.539568 0.512739 0.535971
0 0.646497 0.532374 0.640127 0.539568 0.640127 0.546763 0.636943 0.550360 0.636943 0.571942 0.643312 0.579137 0.659236 0.579137 0.671975 0.568345 0.675159 0.568345 0.678344 0.561151 0.678344 0.546763 0.671975 0.543165 0.668790 0.535971 0.662420 0.532374
0 0.235669 0.543165 0.232484 0.546763 0.232484 0.561151 0.235669 0.561151 0.238854 0.564748 0.242038 0.564748 0.245223 0.561151 0.248408 0.561151 0.251592 0.557554 0.251592 0.550360 0.248408 0.546763 0.248408 0.543165
0 0.200637 0.550360 0.194268 0.557554 0.194268 0.561151 0.191083 0.564748 0.197452 0.571942 0.200637 0.571942 0.203822 0.575540 0.213376 0.575540 0.219745 0.568345 0.219745 0.564748 0.216561 0.561151 0.216561 0.553957 0.213376 0.550360
0 0.111465 0.553957 0.098726 0.553957 0.092357 0.561151 0.092357 0.568345 0.095541 0.571942 0.095541 0.575540 0.098726 0.579137 0.105096 0.579137 0.108280 0.575540 0.111465 0.575540 0.111465 0.571942 0.114650 0.568345 0.114650 0.561151 0.111465 0.557554
0 0.015924 0.557554 0.015924 0.561151 0.012739 0.564748 0.012739 0.568345 0.015924 0.571942 0.015924 0.575540 0.019108 0.579137 0.028662 0.579137 0.031847 0.575540 0.031847 0.571942 0.035032 0.568345 0.035032 0.564748 0.028662 0.557554
0 0.073248 0.561151 0.066879 0.561151 0.057325 0.571942 0.057325 0.579137 0.060510 0.582734 0.060510 0.586331 0.066879 0.586331 0.070064 0.589928 0.073248 0.586331 0.076433 0.586331 0.079618 0.582734 0.079618 0.568345
0 0.417197 0.571942 0.410828 0.579137 0.407643 0.579137 0.407643 0.582734 0.404459 0.586331 0.410828 0.597122 0.414013 0.597122 0.420382 0.604317 0.426752 0.604317 0.433121 0.597122 0.433121 0.579137 0.426752 0.571942
0 0.799363 0.571942 0.792994 0.582734 0.792994 0.586331 0.796178 0.589928 0.796178 0.593525 0.805732 0.600719 0.815287 0.600719 0.821656 0.593525 0.821656 0.575540 0.818471 0.571942
0 0.003185 0.579137 0.003185 0.600719 0.006369 0.604317 0.009554 0.600719 0.012739 0.600719 0.015924 0.597122 0.015924 0.586331 0.012739 0.582734 0.009554 0.582734 0.006369 0.579137
0 0.742038 0.582734 0.738854 0.586331 0.732484 0.586331 0.722930 0.597122 0.722930 0.611511 0.726115 0.615108 0.729299 0.625899 0.735669 0.625899 0.738854 0.629496 0.745223 0.629496 0.757962 0.615108 0.757962 0.597122 0.754777 0.593525 0.754777 0.589928 0.751592 0.586331 0.745223 0.586331
0 0.146497 0.604317 0.146497 0.618705 0.156051 0.625899 0.162420 0.625899 0.175159 0.611511 0.187898 0.611511 0.187898 0.600719 0.184713 0.604317 0.178344 0.604317 0.171975 0.597122 0.168790 0.597122 0.165605 0.593525 0.162420 0.593525 0.159236 0.597122 0.152866 0.597122
0 0.697452 0.593525 0.691083 0.604317 0.691083 0.618705 0.694268 0.622302 0.694268 0.629496 0.703822 0.643885 0.707006 0.643885 0.710191 0.647482 0.716561 0.647482 0.726115 0.633094 0.726115 0.622302 0.719745 0.611511 0.719745 0.597122 0.713376 0.597122 0.710191 0.593525
0 0.487261 0.604317 0.468153 0.604317 0.464968 0.607914 0.461783 0.607914 0.452229 0.618705 0.452229 0.622302 0.449045 0.625899 0.452229 0.636691 0.455414 0.640288 0.461783 0.640288 0.464968 0.643885 0.474522 0.643885 0.477707 0.640288 0.480892 0.640288 0.490446 0.629496 0.490446 0.625899 0.493631 0.622302 0.493631 0.618705 0.490446 0.615108 0.490446 0.607914
0 0.006369 0.618705 0.006369 0.625899 0.009554 0.625899 0.012739 0.629496 0.025478 0.629496 0.028662 0.625899 0.031847 0.625899 0.031847 0.618705 0.028662 0.615108 0.028662 0.611511 0.015924 0.611511 0.012739 0.615108 0.009554 0.615108
0 0.232484 0.618705 0.235669 0.622302 0.235669 0.625899 0.238854 0.625899 0.245223 0.633094 0.248408 0.633094 0.251592 0.636691 0.254777 0.636691 0.257962 0.633094 0.261146 0.633094 0.261146 0.625899 0.254777 0.618705 0.254777 0.615108 0.251592 0.611511 0.238854 0.611511
0 0.305732 0.618705 0.305732 0.622302 0.302548 0.625899 0.302548 0.629496 0.305732 0.633094 0.308917 0.633094 0.312102 0.636691 0.324841 0.636691 0.331210 0.629496 0.331210 0.622302 0.328025 0.618705 0.324841 0.618705 0.321656 0.615108 0.312102 0.615108 0.308917 0.618705
0 0.675159 0.615108 0.662420 0.629496 0.662420 0.633094 0.659236 0.636691 0.659236 0.661871 0.671975 0.672662 0.687898 0.672662 0.687898 0.669065 0.691083 0.665468 0.691083 0.633094 0.684713 0.625899 0.684713 0.622302
0 0.777070 0.615108 0.773885 0.618705 0.770701 0.615108 0.764331 0.615108 0.761146 0.618705 0.757962 0.618705 0.751592 0.625899 0.751592 0.640288 0.754777 0.643885 0.754777 0.647482 0.764331 0.654676 0.770701 0.654676 0.770701 0.651079 0.777070 0.643885 0.777070 0.640288 0.780255 0.636691 0.780255 0.618705
0 0.082803 0.622302 0.079618 0.625899 0.079618 0.643885 0.082803 0.647482 0.092357 0.647482 0.095541 0.643885 0.098726 0.643885 0.098726 0.640288 0.101911 0.636691 0.101911 0.633094 0.098726 0.629496 0.098726 0.625899 0.095541 0.622302
0 0.047771 0.629496 0.041401 0.636691 0.041401 0.640288 0.038217 0.643885 0.038217 0.647482 0.041401 0.651079 0.041401 0.654676 0.044586 0.658273 0.054140 0.658273 0.057325 0.654676 0.060510 0.654676 0.063694 0.651079 0.063694 0.636691 0.057325 0.629496
0 0.834395 0.629496 0.828025 0.636691 0.828025 0.647482 0.831210 0.651079 0.831210 0.661871 0.834395 0.665468 0.847134 0.665468 0.847134 0.661871 0.856688 0.651079 0.856688 0.647482 0.859873 0.643885 0.859873 0.636691 0.850318 0.629496
0 0.818471 0.633094 0.799363 0.633094 0.786624 0.643885 0.786624 0.647482 0.783439 0.651079 0.783439 0.661871 0.789809 0.672662 0.799363 0.676259 0.812102 0.665468 0.815287 0.665468 0.815287 0.661871 0.821656 0.654676 0.821656 0.636691
0 0.216561 0.640288 0.210191 0.647482 0.210191 0.654676 0.207006 0.658273 0.210191 0.661871 0.210191 0.665468 0.213376 0.669065 0.226115 0.669065 0.226115 0.665468 0.229299 0.661871 0.229299 0.658273 0.232484 0.654676 0.232484 0.647482 0.226115 0.640288
0 0.117834 0.643885 0.111465 0.651079 0.111465 0.665468 0.114650 0.669065 0.121019 0.669065 0.124204 0.672662 0.127389 0.669065 0.130573 0.669065 0.133758 0.665468 0.133758 0.654676 0.130573 0.651079 0.130573 0.647482 0.127389 0.647482 0.124204 0.643885
0 0.015924 0.647482 0.009554 0.654676 0.009554 0.665468 0.012739 0.669065 0.012739 0.672662 0.015924 0.672662 0.019108 0.676259 0.022293 0.676259 0.025478 0.672662 0.028662 0.672662 0.031847 0.669065 0.031847 0.654676 0.025478 0.647482
0 0.280255 0.647482 0.273885 0.654676 0.273885 0.665468 0.277070 0.669065 0.277070 0.672662 0.296178 0.672662 0.302548 0.665468 0.302548 0.661871 0.299363 0.658273 0.302548 0.654676 0.299363 0.654676 0.289809 0.647482
0 0.445860 0.654676 0.452229 0.672662 0.461783 0.683453 0.461783 0.687050 0.474522 0.701439 0.484076 0.701439 0.487261 0.697842 0.480892 0.687050 0.480892 0.679856 0.477707 0.676259 0.477707 0.672662 0.468153 0.661871 0.464968 0.661871 0.455414 0.654676
0 0.522293 0.658273 0.522293 0.672662 0.535032 0.687050 0.544586 0.687050 0.547771 0.683453 0.547771 0.669065 0.541401 0.661871 0.541401 0.658273 0.538217 0.658273 0.535032 0.654676 0.528662 0.654676 0.525478 0.658273
0 0.350318 0.661871 0.347134 0.665468 0.343949 0.665468 0.337580 0.672662 0.337580 0.679856 0.350318 0.694245 0.356688 0.694245 0.366242 0.687050 0.366242 0.672662 0.359873 0.665468 0.356688 0.665468 0.353503 0.661871
0 0.859873 0.665468 0.850318 0.672662 0.847134 0.690647 0.856688 0.705036 0.863057 0.705036 0.866242 0.708633 0.869427 0.708633 0.872611 0.705036 0.875796 0.705036 0.885350 0.694245 0.885350 0.690647 0.888535 0.687050 0.885350 0.683453 0.885350 0.676259 0.875796 0.665468
0 0.232484 0.690647 0.235669 0.694245 0.235669 0.697842 0.254777 0.697842 0.257962 0.694245 0.261146 0.694245 0.264331 0.690647 0.264331 0.683453 0.261146 0.679856 0.257962 0.679856 0.254777 0.676259 0.242038 0.676259 0.235669 0.683453 0.235669 0.687050
0 0.060510 0.679856 0.057325 0.679856 0.054140 0.683453 0.050955 0.683453 0.050955 0.690647 0.047771 0.694245 0.047771 0.708633 0.050955 0.712230 0.063694 0.712230 0.066879 0.708633 0.066879 0.705036 0.070064 0.701439 0.070064 0.697842 0.066879 0.694245 0.066879 0.687050
0 0.159236 0.683453 0.162420 0.683453 0.165605 0.687050 0.165605 0.690647 0.168790 0.690647 0.175159 0.697842 0.187898 0.697842 0.191083 0.694245 0.194268 0.694245 0.194268 0.683453 0.181529 0.683453 0.178344 0.687050 0.175159 0.687050 0.165605 0.679856 0.162420 0.679856
0 0.662420 0.683453 0.659236 0.687050 0.656051 0.687050 0.656051 0.690647 0.652866 0.694245 0.652866 0.712230 0.656051 0.715827 0.656051 0.719424 0.662420 0.726619 0.675159 0.726619 0.681529 0.719424 0.681529 0.694245 0.675159 0.687050 0.671975 0.687050 0.668790 0.683453
0 0.130573 0.701439 0.130573 0.708633 0.133758 0.712230 0.136943 0.712230 0.140127 0.715827 0.152866 0.715827 0.156051 0.712230 0.159236 0.712230 0.159236 0.705036 0.152866 0.697842 0.149682 0.697842 0.146497 0.694245 0.140127 0.694245 0.136943 0.697842 0.133758 0.697842
0 0.321656 0.705036 0.315287 0.705036 0.312102 0.708633 0.308917 0.708633 0.305732 0.712230 0.305732 0.726619 0.308917 0.730216 0.312102 0.730216 0.315287 0.733813 0.318471 0.730216 0.321656 0.730216 0.331210 0.719424 0.328025 0.715827 0.328025 0.712230
0 0.636943 0.705036 0.630573 0.705036 0.614650 0.715827 0.614650 0.719424 0.611465 0.723022 0.611465 0.730216 0.614650 0.733813 0.614650 0.737410 0.617834 0.737410 0.621019 0.741007 0.640127 0.741007 0.643312 0.737410 0.643312 0.733813 0.646497 0.730216 0.646497 0.719424 0.643312 0.715827 0.643312 0.712230
0 0.576433 0.712230 0.573248 0.708633 0.570064 0.712230 0.563694 0.712230 0.563694 0.715827 0.560510 0.719424 0.554140 0.719424 0.550955 0.723022 0.554140 0.726619 0.573248 0.726619 0.576433 0.723022
0 0.901274 0.712230 0.888535 0.712230 0.885350 0.715827 0.878981 0.715827 0.872611 0.723022 0.872611 0.726619 0.869427 0.730216 0.882166 0.755396 0.888535 0.755396 0.894904 0.748201 0.904459 0.744604 0.904459 0.715827
0 0.101911 0.715827 0.098726 0.719424 0.095541 0.719424 0.092357 0.723022 0.092357 0.733813 0.098726 0.741007 0.108280 0.741007 0.114650 0.733813 0.114650 0.726619 0.111465 0.723022 0.111465 0.719424 0.108280 0.719424 0.105096 0.715827
0 0.722930 0.715827 0.713376 0.719424 0.707006 0.726619 0.707006 0.730216 0.703822 0.733813 0.703822 0.741007 0.700637 0.744604 0.703822 0.748201 0.703822 0.755396 0.710191 0.766187 0.722930 0.766187 0.729299 0.758993 0.729299 0.755396 0.735669 0.744604 0.735669 0.730216 0.732484 0.726619 0.732484 0.723022
0 0.745223 0.715827 0.742038 0.719424 0.742038 0.730216 0.748408 0.737410 0.751592 0.737410 0.751592 0.730216 0.754777 0.726619 0.754777 0.715827
0 0.777070 0.715827 0.773885 0.719424 0.770701 0.719424 0.764331 0.726619 0.764331 0.744604 0.770701 0.755396 0.773885 0.755396 0.777070 0.758993 0.789809 0.758993 0.796178 0.751799 0.796178 0.733813 0.792994 0.730216 0.792994 0.726619 0.786624 0.719424
0 0.025478 0.719424 0.019108 0.719424 0.015924 0.723022 0.012739 0.723022 0.009554 0.726619 0.009554 0.730216 0.006369 0.733813 0.006369 0.741007 0.012739 0.748201 0.015924 0.748201 0.019108 0.751799 0.022293 0.748201 0.025478 0.748201 0.031847 0.741007 0.031847 0.726619
0 0.194268 0.723022 0.191083 0.719424 0.178344 0.719424 0.175159 0.723022 0.171975 0.723022 0.168790 0.726619 0.168790 0.741007 0.184713 0.741007 0.194268 0.730216
0 0.812102 0.719424 0.805732 0.726619 0.805732 0.730216 0.802548 0.733813 0.802548 0.744604 0.805732 0.748201 0.805732 0.751799 0.808917 0.751799 0.812102 0.755396 0.824841 0.755396 0.834395 0.744604 0.834395 0.730216 0.824841 0.723022 0.818471 0.723022 0.815287 0.719424
0 0.216561 0.730216 0.216561 0.741007 0.219745 0.744604 0.219745 0.751799 0.222930 0.755396 0.235669 0.755396 0.238854 0.751799 0.238854 0.741007 0.235669 0.737410 0.235669 0.733813 0.232484 0.730216 0.229299 0.730216 0.226115 0.726619 0.222930 0.730216
0 0.420382 0.741007 0.414013 0.733813 0.410828 0.733813 0.407643 0.730216 0.404459 0.730216 0.394904 0.737410 0.394904 0.741007 0.391720 0.744604 0.391720 0.751799 0.394904 0.755396 0.394904 0.758993 0.410828 0.758993 0.420382 0.751799
0 0.146497 0.737410 0.143312 0.733813 0.133758 0.733813 0.121019 0.748201 0.121019 0.751799 0.124204 0.755396 0.124204 0.758993 0.140127 0.758993 0.146497 0.751799
0 0.213376 0.733813 0.210191 0.733813 0.200637 0.744604 0.200637 0.755396 0.203822 0.758993 0.213376 0.758993 0.216561 0.755396 0.219745 0.755396 0.216561 0.751799 0.216561 0.744604 0.213376 0.741007
0 0.299363 0.737410 0.299363 0.748201 0.305732 0.755396 0.315287 0.755396 0.315287 0.741007 0.308917 0.733813 0.305732 0.733813 0.302548 0.737410
0 0.662420 0.744604 0.662420 0.751799 0.665605 0.755396 0.668790 0.755396 0.675159 0.762590 0.684713 0.762590 0.684713 0.758993 0.687898 0.755396 0.687898 0.751799 0.684713 0.748201 0.684713 0.744604 0.687898 0.741007 0.665605 0.741007
0 0.041401 0.744604 0.038217 0.748201 0.038217 0.766187 0.041401 0.769784 0.054140 0.769784 0.057325 0.766187 0.057325 0.762590 0.060510 0.758993 0.060510 0.748201 0.057325 0.744604
0 0.273885 0.744604 0.270701 0.744604 0.267516 0.748201 0.264331 0.748201 0.254777 0.758993 0.254777 0.762590 0.261146 0.769784 0.277070 0.769784 0.277070 0.766187 0.280255 0.762590 0.280255 0.751799
0 0.840764 0.748201 0.840764 0.762590 0.843949 0.766187 0.843949 0.769784 0.859873 0.769784 0.859873 0.766187 0.863057 0.762590 0.863057 0.758993 0.859873 0.755396 0.859873 0.751799 0.856688 0.748201 0.853503 0.748201 0.850318 0.744604 0.847134 0.748201
0 0.073248 0.762590 0.066879 0.773381 0.066879 0.780576 0.073248 0.787770 0.089172 0.787770 0.095541 0.776978 0.095541 0.773381 0.092357 0.769784 0.092357 0.766187 0.082803 0.758993 0.079618 0.758993 0.076433 0.762590
0 0.168790 0.758993 0.159236 0.758993 0.152866 0.766187 0.152866 0.769784 0.149682 0.773381 0.149682 0.784173 0.156051 0.791367 0.162420 0.791367 0.165605 0.787770 0.168790 0.787770 0.168790 0.784173 0.171975 0.780576 0.171975 0.762590
0 0.754777 0.758993 0.742038 0.758993 0.729299 0.773381 0.726115 0.773381 0.726115 0.776978 0.719745 0.787770 0.722930 0.798561 0.726115 0.798561 0.729299 0.802158 0.742038 0.802158 0.757962 0.784173 0.757962 0.776978 0.761146 0.773381 0.757962 0.769784 0.757962 0.762590
0 0.340764 0.769784 0.337580 0.773381 0.337580 0.784173 0.340764 0.787770 0.340764 0.791367 0.347134 0.791367 0.350318 0.794964 0.356688 0.794964 0.366242 0.787770 0.366242 0.776978 0.363057 0.773381 0.359873 0.773381 0.350318 0.766187 0.347134 0.769784
0 0.235669 0.776978 0.229299 0.769784 0.226115 0.769784 0.222930 0.773381 0.219745 0.773381 0.219745 0.776978 0.216561 0.780576 0.216561 0.784173 0.219745 0.787770 0.229299 0.787770 0.232484 0.784173 0.235669 0.784173
0 0.318471 0.769784 0.312102 0.776978 0.312102 0.794964 0.321656 0.794964 0.324841 0.798561 0.328025 0.798561 0.328025 0.780576 0.324841 0.776978 0.324841 0.773381 0.328025 0.769784
0 0.117834 0.773381 0.114650 0.776978 0.114650 0.784173 0.111465 0.787770 0.114650 0.791367 0.114650 0.798561 0.121019 0.805755 0.127389 0.805755 0.130573 0.802158 0.133758 0.802158 0.133758 0.798561 0.136943 0.794964 0.136943 0.791367 0.133758 0.787770 0.133758 0.780576 0.127389 0.773381
0 0.280255 0.773381 0.277070 0.776978 0.277070 0.794964 0.280255 0.798561 0.292994 0.798561 0.296178 0.794964 0.296178 0.787770 0.299363 0.784173 0.299363 0.780576 0.296178 0.776978 0.296178 0.773381
0 0.649682 0.773381 0.646497 0.776978 0.646497 0.791367 0.652866 0.798561 0.665605 0.798561 0.665605 0.794964 0.668790 0.791367 0.668790 0.784173 0.665605 0.780576 0.665605 0.776978 0.662420 0.773381
0 0.878981 0.776978 0.863057 0.776978 0.850318 0.791367 0.850318 0.802158 0.853503 0.805755 0.853503 0.809353 0.859873 0.809353 0.863057 0.812950 0.866242 0.812950 0.869427 0.809353 0.872611 0.809353 0.882166 0.798561 0.882166 0.780576
0 0.802548 0.784173 0.799363 0.784173 0.796178 0.780576 0.789809 0.780576 0.786624 0.784173 0.783439 0.784173 0.780255 0.787770 0.780255 0.791367 0.783439 0.794964 0.783439 0.798561 0.786624 0.802158 0.786624 0.805755 0.792994 0.805755 0.799363 0.798561 0.802548 0.798561
0 0.254777 0.784173 0.245223 0.784173 0.238854 0.791367 0.238854 0.802158 0.242038 0.805755 0.242038 0.809353 0.245223 0.809353 0.248408 0.812950 0.251592 0.809353 0.254777 0.809353 0.261146 0.802158 0.261146 0.791367
0 0.445860 0.784173 0.436306 0.784173 0.433121 0.787770 0.433121 0.802158 0.436306 0.802158 0.439490 0.805755 0.442675 0.802158 0.442675 0.798561 0.445860 0.794964
0 0.216561 0.791367 0.213376 0.791367 0.210191 0.794964 0.207006 0.794964 0.203822 0.798561 0.203822 0.809353 0.207006 0.812950 0.216561 0.812950 0.219745 0.809353 0.219745 0.805755 0.222930 0.802158 0.219745 0.798561 0.219745 0.794964
0 0.385350 0.791367 0.385350 0.805755 0.391720 0.812950 0.394904 0.812950 0.401274 0.805755 0.398089 0.802158 0.398089 0.794964 0.394904 0.791367
0 0.312102 0.798561 0.312102 0.802158 0.308917 0.805755 0.308917 0.809353 0.305732 0.812950 0.308917 0.816547 0.312102 0.816547 0.315287 0.820144 0.324841 0.820144 0.328025 0.816547 0.328025 0.802158 0.324841 0.802158 0.321656 0.798561
0 0.538217 0.809353 0.531847 0.802158 0.525478 0.802158 0.522293 0.798561 0.519108 0.802158 0.512739 0.802158 0.509554 0.805755 0.509554 0.809353 0.506369 0.812950 0.506369 0.816547 0.512739 0.827338 0.528662 0.827338 0.538217 0.820144
0 0.363057 0.812950 0.356688 0.820144 0.356688 0.834532 0.359873 0.838129 0.369427 0.838129 0.375796 0.830935 0.375796 0.820144 0.369427 0.812950
0 0.124204 0.827338 0.124204 0.830935 0.127389 0.834532 0.127389 0.838129 0.136943 0.845324 0.149682 0.845324 0.156051 0.838129 0.156051 0.827338 0.149682 0.820144 0.133758 0.820144
0 0.181529 0.820144 0.178344 0.823741 0.178344 0.841727 0.181529 0.845324 0.181529 0.848921 0.200637 0.848921 0.200637 0.845324 0.203822 0.841727 0.203822 0.834532 0.200637 0.830935 0.200637 0.827338 0.191083 0.820144
0 0.407643 0.830935 0.407643 0.838129 0.414013 0.845324 0.429936 0.845324 0.436306 0.838129 0.436306 0.827338 0.429936 0.820144 0.420382 0.820144 0.417197 0.823741 0.414013 0.823741
0 0.885350 0.820144 0.875796 0.820144 0.872611 0.823741 0.863057 0.827338 0.850318 0.841727 0.850318 0.856115 0.853503 0.859712 0.853503 0.863309 0.856688 0.863309 0.859873 0.866906 0.875796 0.863309 0.888535 0.848921 0.888535 0.841727 0.891720 0.838129 0.891720 0.827338
0 0.286624 0.830935 0.283439 0.834532 0.283439 0.852518 0.286624 0.856115 0.286624 0.859712 0.292994 0.866906 0.305732 0.866906 0.312102 0.859712 0.312102 0.856115 0.315287 0.852518 0.315287 0.845324 0.305732 0.841727 0.296178 0.830935
0 0.566879 0.830935 0.560510 0.838129 0.557325 0.838129 0.557325 0.845324 0.554140 0.848921 0.554140 0.852518 0.557325 0.856115 0.557325 0.859712 0.563694 0.866906 0.566879 0.866906 0.570064 0.870504 0.576433 0.870504 0.585987 0.863309 0.585987 0.859712 0.589172 0.856115 0.589172 0.845324 0.582803 0.834532 0.579618 0.834532 0.576433 0.830935
0 0.391720 0.834532 0.388535 0.838129 0.382166 0.838129 0.378981 0.841727 0.378981 0.845324 0.375796 0.848921 0.375796 0.859712 0.378981 0.863309 0.391720 0.863309 0.394904 0.859712 0.394904 0.856115 0.398089 0.852518 0.398089 0.841727
0 0.487261 0.834532 0.484076 0.834532 0.484076 0.838129 0.480892 0.841727 0.480892 0.848921 0.484076 0.852518 0.490446 0.845324 0.490446 0.838129
0 0.050955 0.838129 0.044586 0.838129 0.044586 0.841727 0.038217 0.848921 0.038217 0.852518 0.035032 0.856115 0.035032 0.859712 0.038217 0.863309 0.047771 0.863309 0.054140 0.856115 0.054140 0.841727
0 0.522293 0.845324 0.515924 0.852518 0.515924 0.863309 0.519108 0.866906 0.519108 0.874101 0.525478 0.881295 0.535032 0.881295 0.541401 0.874101 0.541401 0.852518 0.535032 0.845324
0 0.621019 0.848921 0.617834 0.852518 0.617834 0.866906 0.621019 0.870504 0.621019 0.874101 0.630573 0.881295 0.636943 0.881295 0.640127 0.877698 0.643312 0.877698 0.643312 0.859712 0.640127 0.859712 0.630573 0.848921
0 0.818471 0.848921 0.802548 0.848921 0.799363 0.852518 0.799363 0.856115 0.796178 0.859712 0.796178 0.866906 0.799363 0.870504 0.799363 0.877698 0.808917 0.877698 0.812102 0.874101 0.812102 0.870504 0.818471 0.863309 0.818471 0.859712 0.821656 0.856115 0.818471 0.852518
0 0.337580 0.856115 0.334395 0.859712 0.334395 0.863309 0.331210 0.866906 0.334395 0.870504 0.334395 0.874101 0.337580 0.877698 0.347134 0.877698 0.350318 0.874101 0.350318 0.859712 0.347134 0.856115
0 0.665605 0.856115 0.662420 0.859712 0.659236 0.859712 0.659236 0.863309 0.656051 0.866906 0.656051 0.874101 0.659236 0.877698 0.659236 0.881295 0.662420 0.884892 0.671975 0.884892 0.675159 0.881295 0.675159 0.877698 0.678344 0.874101 0.678344 0.859712 0.671975 0.859712 0.668790 0.856115
0 0.245223 0.859712 0.242038 0.863309 0.242038 0.877698 0.245223 0.881295 0.245223 0.884892 0.248408 0.884892 0.251592 0.888489 0.257962 0.888489 0.261146 0.884892 0.261146 0.870504 0.251592 0.859712
