0 0.184713 0.100358 0.178344 0.100358 0.171975 0.107527 0.171975 0.118280 0.168790 0.121864 0.171975 0.125448 0.171975 0.129032 0.175159 0.132616 0.181529 0.132616 0.184713 0.129032 0.187898 0.129032 0.191083 0.125448 0.191083 0.118280 0.194268 0.114695 0.191083 0.111111 0.191083 0.107527
0 0.133758 0.103943 0.124204 0.103943 0.121019 0.107527 0.117834 0.107527 0.108280 0.118280 0.108280 0.121864 0.111465 0.125448 0.111465 0.129032 0.117834 0.136201 0.130573 0.136201 0.136943 0.129032 0.136943 0.111111 0.133758 0.107527
0 0.270701 0.103943 0.264331 0.103943 0.261146 0.107527 0.257962 0.107527 0.257962 0.111111 0.254777 0.114695 0.254777 0.121864 0.251592 0.125448 0.251592 0.129032 0.257962 0.136201 0.261146 0.136201 0.264331 0.132616 0.267516 0.132616 0.270701 0.129032 0.270701 0.125448 0.273885 0.121864 0.273885 0.118280 0.277070 0.114695 0.277070 0.111111
0 0.417197 0.107527 0.410828 0.114695 0.410828 0.121864 0.414013 0.125448 0.414013 0.129032 0.417197 0.129032 0.420382 0.132616 0.433121 0.132616 0.439490 0.125448 0.439490 0.118280 0.433121 0.111111 0.429936 0.111111 0.426752 0.107527
0 0.503185 0.107527 0.493631 0.107527 0.490446 0.111111 0.487261 0.111111 0.484076 0.114695 0.484076 0.125448 0.487261 0.129032 0.496815 0.129032 0.500000 0.125448 0.503185 0.125448 0.503185 0.121864 0.506369 0.118280 0.503185 0.114695
0 0.366242 0.111111 0.363057 0.114695 0.363057 0.129032 0.366242 0.132616 0.369427 0.132616 0.372611 0.136201 0.378981 0.136201 0.388535 0.125448 0.388535 0.118280 0.382166 0.111111
0 0.719745 0.114695 0.719745 0.121864 0.722930 0.125448 0.722930 0.129032 0.726115 0.129032 0.729299 0.132616 0.745223 0.132616 0.745223 0.118280 0.738854 0.111111 0.722930 0.111111
0 0.525478 0.118280 0.525478 0.136201 0.531847 0.143369 0.544586 0.143369 0.544586 0.139785 0.547771 0.136201 0.547771 0.129032 0.544586 0.125448 0.544586 0.121864 0.541401 0.118280 0.535032 0.118280 0.531847 0.114695 0.528662 0.118280
0 0.000000 0.129032 0.000000 0.154122 0.003185 0.157706 0.006369 0.157706 0.012739 0.150538 0.012739 0.132616 0.009554 0.132616 0.006369 0.129032
0 0.869427 0.132616 0.866242 0.136201 0.866242 0.154122 0.875796 0.164875 0.891720 0.164875 0.891720 0.146953 0.888535 0.143369 0.888535 0.136201 0.878981 0.129032 0.875796 0.129032 0.872611 0.132616
0 0.076433 0.139785 0.076433 0.146953 0.082803 0.154122 0.092357 0.154122 0.095541 0.157706 0.105096 0.157706 0.108280 0.154122 0.111465 0.154122 0.111465 0.146953 0.108280 0.143369 0.108280 0.139785 0.105096 0.139785 0.095541 0.132616 0.085987 0.132616
0 0.296178 0.143369 0.289809 0.143369 0.286624 0.139785 0.277070 0.150538 0.277070 0.154122 0.273885 0.157706 0.273885 0.161290 0.280255 0.172043 0.292994 0.172043 0.296178 0.168459 0.299363 0.168459 0.299363 0.164875 0.302548 0.161290 0.302548 0.150538
0 0.461783 0.139785 0.455414 0.146953 0.455414 0.157706 0.458599 0.161290 0.471338 0.161290 0.474522 0.157706 0.474522 0.143369 0.471338 0.139785
0 0.710191 0.146953 0.713376 0.150538 0.713376 0.154122 0.716561 0.157706 0.716561 0.161290 0.719745 0.164875 0.726115 0.164875 0.729299 0.161290 0.732484 0.161290 0.735669 0.157706 0.735669 0.150538 0.726115 0.139785 0.716561 0.139785
0 0.324841 0.143369 0.321656 0.146953 0.321656 0.161290 0.328025 0.168459 0.331210 0.168459 0.334395 0.164875 0.337580 0.164875 0.340764 0.161290 0.340764 0.150538 0.334395 0.143369
0 0.601911 0.143369 0.595541 0.143369 0.589172 0.150538 0.589172 0.154122 0.585987 0.157706 0.589172 0.157706 0.592357 0.161290 0.598726 0.161290 0.605096 0.154122 0.605096 0.146953
0 0.652866 0.150538 0.652866 0.164875 0.656051 0.164875 0.659236 0.168459 0.671975 0.168459 0.675159 0.164875 0.678344 0.164875 0.678344 0.161290 0.681529 0.157706 0.681529 0.150538 0.675159 0.143369 0.662420 0.143369
0 0.837580 0.150538 0.831210 0.143369 0.818471 0.143369 0.815287 0.146953 0.808917 0.146953 0.808917 0.150538 0.805732 0.154122 0.805732 0.164875 0.808917 0.168459 0.828025 0.168459 0.837580 0.157706
0 0.047771 0.154122 0.041401 0.146953 0.031847 0.146953 0.025478 0.154122 0.025478 0.157706 0.022293 0.161290 0.022293 0.168459 0.038217 0.168459 0.041401 0.164875 0.044586 0.164875 0.047771 0.161290
0 0.184713 0.154122 0.181529 0.150538 0.178344 0.150538 0.175159 0.146953 0.168790 0.146953 0.165605 0.150538 0.162420 0.150538 0.159236 0.154122 0.159236 0.168459 0.168790 0.168459 0.171975 0.164875 0.175159 0.164875 0.178344 0.161290 0.181529 0.161290 0.184713 0.157706
0 0.375796 0.150538 0.375796 0.161290 0.378981 0.164875 0.382166 0.164875 0.385350 0.168459 0.401274 0.168459 0.404459 0.164875 0.404459 0.154122 0.398089 0.146953 0.378981 0.146953
0 0.496815 0.150538 0.496815 0.161290 0.500000 0.164875 0.500000 0.168459 0.506369 0.175627 0.509554 0.175627 0.512739 0.172043 0.515924 0.172043 0.519108 0.168459 0.522293 0.168459 0.522293 0.164875 0.525478 0.161290 0.525478 0.157706 0.515924 0.146953 0.500000 0.146953
0 0.582803 0.161290 0.576433 0.168459 0.576433 0.172043 0.579618 0.175627 0.589172 0.175627 0.589172 0.172043 0.592357 0.168459 0.592357 0.164875 0.589172 0.161290
0 0.754777 0.161290 0.748408 0.168459 0.748408 0.182796 0.754777 0.189964 0.764331 0.189964 0.767516 0.186380 0.770701 0.186380 0.770701 0.179211 0.773885 0.175627 0.773885 0.172043 0.770701 0.168459 0.770701 0.164875 0.767516 0.161290
0 0.210191 0.164875 0.203822 0.172043 0.203822 0.182796 0.210191 0.189964 0.216561 0.189964 0.219745 0.186380 0.222930 0.186380 0.226115 0.182796 0.226115 0.168459 0.222930 0.168459 0.219745 0.164875
0 0.611465 0.172043 0.611465 0.175627 0.614650 0.179211 0.627389 0.179211 0.630573 0.175627 0.630573 0.168459 0.627389 0.164875 0.617834 0.164875
0 0.700637 0.164875 0.697452 0.168459 0.697452 0.179211 0.707006 0.189964 0.716561 0.189964 0.722930 0.182796 0.722930 0.175627 0.719745 0.172043 0.719745 0.168459 0.716561 0.164875
0 0.557325 0.168459 0.554140 0.172043 0.550955 0.172043 0.547771 0.175627 0.544586 0.175627 0.544586 0.182796 0.541401 0.186380 0.544586 0.189964 0.544586 0.197133 0.547771 0.197133 0.550955 0.200717 0.557325 0.200717 0.566879 0.193548 0.566879 0.175627
0 0.079618 0.175627 0.076433 0.179211 0.076433 0.186380 0.089172 0.200717 0.098726 0.200717 0.105096 0.193548 0.105096 0.189964 0.108280 0.186380 0.108280 0.179211 0.098726 0.172043 0.085987 0.172043 0.082803 0.175627
0 0.315287 0.175627 0.312102 0.179211 0.308917 0.179211 0.308917 0.182796 0.305732 0.186380 0.305732 0.189964 0.308917 0.193548 0.308917 0.197133 0.312102 0.197133 0.315287 0.200717 0.321656 0.200717 0.328025 0.193548 0.328025 0.189964 0.324841 0.186380 0.324841 0.179211 0.321656 0.175627
0 0.458599 0.179211 0.452229 0.186380 0.452229 0.200717 0.455414 0.204301 0.461783 0.204301 0.464968 0.207885 0.468153 0.204301 0.471338 0.204301 0.474522 0.200717 0.474522 0.189964 0.464968 0.179211
0 0.146497 0.186380 0.143312 0.186380 0.140127 0.182796 0.136943 0.182796 0.127389 0.189964 0.127389 0.193548 0.124204 0.197133 0.124204 0.207885 0.127389 0.211470 0.127389 0.215054 0.143312 0.215054 0.149682 0.207885 0.149682 0.204301 0.152866 0.200717 0.149682 0.197133 0.149682 0.189964
0 0.270701 0.186380 0.267516 0.189964 0.267516 0.193548 0.264331 0.197133 0.264331 0.200717 0.273885 0.211470 0.289809 0.211470 0.292994 0.207885 0.292994 0.197133 0.289809 0.193548 0.289809 0.189964 0.280255 0.182796 0.277070 0.182796 0.273885 0.186380
0 0.353503 0.182796 0.350318 0.186380 0.347134 0.186380 0.347134 0.200717 0.353503 0.207885 0.353503 0.211470 0.356688 0.207885 0.363057 0.207885 0.366242 0.204301 0.369427 0.204301 0.369427 0.193548 0.363057 0.186380 0.356688 0.186380
0 0.633758 0.189964 0.633758 0.200717 0.636943 0.204301 0.640127 0.204301 0.643312 0.207885 0.646497 0.207885 0.649682 0.211470 0.652866 0.207885 0.656051 0.207885 0.656051 0.197133 0.649682 0.189964 0.646497 0.189964 0.643312 0.186380 0.636943 0.186380
0 0.003185 0.189964 0.000000 0.193548 0.000000 0.211470 0.003185 0.215054 0.009554 0.215054 0.015924 0.207885 0.015924 0.197133 0.009554 0.189964
0 0.041401 0.189964 0.035032 0.197133 0.035032 0.215054 0.038217 0.218638 0.050955 0.218638 0.054140 0.215054 0.057325 0.215054 0.060510 0.211470 0.060510 0.204301 0.057325 0.200717 0.057325 0.197133 0.050955 0.189964
0 0.786624 0.189964 0.783439 0.193548 0.780255 0.193548 0.780255 0.197133 0.777070 0.200717 0.777070 0.215054 0.786624 0.225806 0.796178 0.225806 0.802548 0.218638 0.802548 0.215054 0.805732 0.211470 0.805732 0.200717 0.799363 0.189964
0 0.853503 0.197133 0.847134 0.204301 0.847134 0.215054 0.856688 0.225806 0.869427 0.225806 0.872611 0.222222 0.872611 0.204301 0.869427 0.200717 0.866242 0.200717 0.863057 0.197133
0 0.229299 0.200717 0.226115 0.204301 0.222930 0.204301 0.219745 0.207885 0.219745 0.218638 0.226115 0.225806 0.229299 0.225806 0.232484 0.229391 0.235669 0.229391 0.238854 0.225806 0.242038 0.225806 0.245223 0.222222 0.245223 0.211470 0.242038 0.207885 0.242038 0.204301 0.238854 0.204301 0.235669 0.200717
0 0.414013 0.200717 0.407643 0.207885 0.407643 0.222222 0.410828 0.225806 0.414013 0.225806 0.417197 0.229391 0.423567 0.229391 0.426752 0.225806 0.429936 0.225806 0.429936 0.222222 0.433121 0.218638 0.433121 0.215054 0.429936 0.211470 0.429936 0.207885 0.423567 0.200717
0 0.181529 0.211470 0.181529 0.222222 0.194268 0.236559 0.200637 0.236559 0.203822 0.232975 0.207006 0.232975 0.207006 0.218638 0.200637 0.211470 0.191083 0.211470 0.187898 0.207885 0.184713 0.207885
0 0.372611 0.207885 0.366242 0.207885 0.363057 0.211470 0.356688 0.211470 0.353503 0.215054 0.353503 0.222222 0.356688 0.225806 0.356688 0.229391 0.363057 0.236559 0.366242 0.236559 0.369427 0.232975 0.372611 0.232975 0.375796 0.229391 0.375796 0.215054 0.372611 0.211470
0 0.754777 0.207885 0.751592 0.207885 0.748408 0.211470 0.745223 0.211470 0.738854 0.218638 0.738854 0.229391 0.742038 0.232975 0.742038 0.236559 0.745223 0.236559 0.748408 0.240143 0.751592 0.240143 0.754777 0.236559 0.757962 0.236559 0.764331 0.229391 0.764331 0.225806 0.767516 0.222222 0.764331 0.218638 0.764331 0.215054
0 0.595541 0.215054 0.589172 0.222222 0.589172 0.232975 0.592357 0.236559 0.595541 0.236559 0.598726 0.240143 0.608280 0.240143 0.614650 0.232975 0.614650 0.222222 0.608280 0.215054
0 0.687898 0.215054 0.684713 0.218638 0.681529 0.218638 0.681529 0.240143 0.684713 0.243728 0.694268 0.243728 0.697452 0.240143 0.700637 0.240143 0.700637 0.236559 0.703822 0.232975 0.703822 0.229391 0.700637 0.225806 0.700637 0.222222 0.697452 0.218638 0.694268 0.218638 0.691083 0.215054
0 0.324841 0.222222 0.321656 0.222222 0.318471 0.218638 0.312102 0.218638 0.302548 0.225806 0.302548 0.247312 0.305732 0.250896 0.315287 0.250896 0.324841 0.243728 0.324841 0.240143 0.328025 0.236559 0.328025 0.225806
0 0.098726 0.222222 0.095541 0.225806 0.092357 0.225806 0.085987 0.232975 0.085987 0.243728 0.095541 0.254480 0.108280 0.254480 0.108280 0.250896 0.111465 0.247312 0.111465 0.232975 0.108280 0.229391 0.108280 0.225806 0.101911 0.225806
0 0.267516 0.222222 0.261146 0.229391 0.261146 0.243728 0.264331 0.247312 0.277070 0.247312 0.286624 0.236559 0.286624 0.229391 0.280255 0.222222
0 0.445860 0.222222 0.442675 0.225806 0.442675 0.229391 0.439490 0.232975 0.439490 0.247312 0.442675 0.250896 0.442675 0.254480 0.445860 0.254480 0.449045 0.258065 0.452229 0.258065 0.455414 0.254480 0.455414 0.250896 0.458599 0.247312 0.458599 0.229391 0.452229 0.222222
0 0.627389 0.229391 0.627389 0.232975 0.630573 0.236559 0.630573 0.240143 0.633758 0.240143 0.636943 0.243728 0.649682 0.243728 0.652866 0.240143 0.652866 0.229391 0.649682 0.225806 0.646497 0.225806 0.643312 0.222222 0.633758 0.222222
0 0.165605 0.232975 0.162420 0.232975 0.159236 0.229391 0.156051 0.229391 0.152866 0.232975 0.146497 0.232975 0.140127 0.240143 0.140127 0.261649 0.143312 0.265233 0.149682 0.265233 0.156051 0.258065 0.159236 0.258065 0.159236 0.254480 0.165605 0.247312
0 0.850318 0.232975 0.850318 0.240143 0.859873 0.250896 0.863057 0.250896 0.872611 0.258065 0.888535 0.258065 0.888535 0.243728 0.882166 0.236559 0.878981 0.236559 0.875796 0.232975 0.869427 0.232975 0.866242 0.229391 0.856688 0.229391 0.853503 0.232975
0 0.041401 0.236559 0.035032 0.243728 0.035032 0.250896 0.038217 0.254480 0.038217 0.258065 0.041401 0.261649 0.057325 0.261649 0.057325 0.258065 0.063694 0.250896 0.063694 0.243728 0.057325 0.236559
0 0.509554 0.240143 0.506369 0.240143 0.503185 0.236559 0.493631 0.236559 0.487261 0.243728 0.487261 0.261649 0.490446 0.265233 0.496815 0.265233 0.500000 0.261649 0.503185 0.261649 0.509554 0.254480
0 0.560510 0.240143 0.557325 0.240143 0.554140 0.243728 0.550955 0.243728 0.544586 0.250896 0.544586 0.261649 0.547771 0.265233 0.547771 0.268817 0.550955 0.272401 0.560510 0.272401 0.570064 0.261649 0.570064 0.254480 0.566879 0.250896 0.566879 0.247312
0 0.003185 0.247312 0.000000 0.250896 0.000000 0.258065 0.003185 0.261649 0.000000 0.265233 0.000000 0.268817 0.003185 0.272401 0.003185 0.275986 0.006369 0.275986 0.012739 0.268817 0.012739 0.254480 0.006369 0.247312
0 0.184713 0.247312 0.178344 0.254480 0.178344 0.272401 0.184713 0.279570 0.191083 0.279570 0.194268 0.275986 0.194268 0.268817 0.197452 0.265233 0.197452 0.258065 0.194268 0.254480 0.194268 0.250896 0.187898 0.250896
0 0.764331 0.254480 0.764331 0.258065 0.770701 0.265233 0.783439 0.265233 0.789809 0.258065 0.789809 0.254480 0.783439 0.247312 0.770701 0.247312
0 0.229299 0.250896 0.222930 0.250896 0.216561 0.258065 0.213376 0.258065 0.213376 0.265233 0.210191 0.268817 0.210191 0.272401 0.213376 0.275986 0.213376 0.279570 0.222930 0.286738 0.226115 0.283154 0.229299 0.283154 0.232484 0.279570 0.235669 0.279570 0.235669 0.272401 0.238854 0.268817 0.238854 0.258065
0 0.484076 0.258065 0.480892 0.261649 0.471338 0.261649 0.468153 0.265233 0.468153 0.275986 0.474522 0.283154 0.484076 0.283154 0.484076 0.279570 0.487261 0.275986 0.487261 0.265233 0.484076 0.261649
0 0.388535 0.261649 0.388535 0.265233 0.385350 0.268817 0.385350 0.272401 0.391720 0.279570 0.391720 0.283154 0.407643 0.283154 0.410828 0.279570 0.410828 0.275986 0.414013 0.272401 0.414013 0.268817 0.407643 0.261649
0 0.273885 0.265233 0.264331 0.272401 0.264331 0.293907 0.267516 0.297491 0.270701 0.297491 0.273885 0.301075 0.277070 0.301075 0.283439 0.293907 0.283439 0.290323 0.286624 0.286738 0.286624 0.275986 0.283439 0.272401 0.283439 0.268817 0.280255 0.268817 0.277070 0.265233
0 0.363057 0.265233 0.343949 0.265233 0.340764 0.268817 0.340764 0.275986 0.337580 0.279570 0.337580 0.283154 0.340764 0.286738 0.340764 0.290323 0.353503 0.290323 0.363057 0.279570 0.363057 0.275986 0.366242 0.272401 0.366242 0.268817
0 0.531847 0.272401 0.525478 0.265233 0.519108 0.265233 0.515924 0.268817 0.512739 0.268817 0.509554 0.272401 0.506369 0.272401 0.503185 0.275986 0.503185 0.286738 0.506369 0.290323 0.515924 0.290323 0.519108 0.286738 0.522293 0.286738 0.531847 0.275986
0 0.707006 0.265233 0.694268 0.265233 0.691083 0.268817 0.687898 0.268817 0.687898 0.286738 0.691083 0.290323 0.694268 0.290323 0.697452 0.293907 0.700637 0.293907 0.703822 0.290323 0.707006 0.290323 0.710191 0.286738 0.710191 0.279570 0.713376 0.275986 0.713376 0.272401
0 0.315287 0.272401 0.308917 0.272401 0.299363 0.283154 0.299363 0.286738 0.296178 0.290323 0.296178 0.311828 0.292994 0.315412 0.292994 0.318996 0.299363 0.318996 0.305732 0.311828 0.312102 0.311828 0.312102 0.308244 0.318471 0.301075 0.318471 0.297491 0.321656 0.293907 0.321656 0.279570
0 0.850318 0.279570 0.850318 0.293907 0.859873 0.304659 0.872611 0.311828 0.882166 0.311828 0.885350 0.315412 0.901274 0.315412 0.904459 0.311828 0.904459 0.301075 0.898089 0.290323 0.866242 0.272401 0.859873 0.272401
0 0.433121 0.275986 0.426752 0.283154 0.426752 0.286738 0.423567 0.290323 0.426752 0.293907 0.426752 0.297491 0.436306 0.304659 0.449045 0.304659 0.452229 0.301075 0.452229 0.283154 0.442675 0.275986
0 0.780255 0.286738 0.780255 0.301075 0.786624 0.308244 0.799363 0.308244 0.802548 0.304659 0.805732 0.304659 0.812102 0.297491 0.812102 0.286738 0.805732 0.279570 0.789809 0.279570
0 0.605096 0.290323 0.598726 0.304659 0.598726 0.311828 0.605096 0.322581 0.611465 0.326165 0.621019 0.326165 0.624204 0.329749 0.640127 0.329749 0.649682 0.322581 0.649682 0.311828 0.652866 0.308244 0.649682 0.297491 0.640127 0.293907 0.633758 0.286738 0.617834 0.286738 0.614650 0.283154
0 0.127389 0.293907 0.124204 0.290323 0.121019 0.290323 0.117834 0.286738 0.114650 0.286738 0.111465 0.290323 0.101911 0.290323 0.098726 0.293907 0.098726 0.304659 0.101911 0.304659 0.105096 0.308244 0.108280 0.304659 0.121019 0.304659 0.124204 0.301075 0.127389 0.301075
0 0.054140 0.293907 0.054140 0.308244 0.060510 0.308244 0.063694 0.311828 0.066879 0.311828 0.070064 0.308244 0.070064 0.290323 0.060510 0.290323 0.057325 0.293907
0 0.251592 0.290323 0.248408 0.290323 0.245223 0.293907 0.242038 0.293907 0.235669 0.304659 0.235669 0.322581 0.238854 0.322581 0.242038 0.326165 0.248408 0.326165 0.261146 0.311828 0.261146 0.297491
0 0.382166 0.290323 0.366242 0.290323 0.366242 0.293907 0.359873 0.301075 0.359873 0.311828 0.363057 0.311828 0.366242 0.315412 0.369427 0.315412 0.372611 0.311828 0.375796 0.311828 0.382166 0.304659
0 0.200637 0.293907 0.197452 0.297491 0.197452 0.311828 0.207006 0.322581 0.216561 0.322581 0.222930 0.315412 0.222930 0.304659 0.219745 0.301075 0.219745 0.297491 0.216561 0.293907
0 0.541401 0.297491 0.528662 0.297491 0.522293 0.304659 0.522293 0.318996 0.528662 0.326165 0.535032 0.326165 0.541401 0.318996 0.541401 0.315412 0.544586 0.311828 0.544586 0.304659 0.541401 0.301075
0 0.570064 0.301075 0.563694 0.308244 0.563694 0.326165 0.566879 0.326165 0.570064 0.329749 0.576433 0.329749 0.579618 0.326165 0.579618 0.322581 0.582803 0.318996 0.582803 0.308244 0.576433 0.301075
0 0.493631 0.315412 0.490446 0.311828 0.487261 0.311828 0.480892 0.304659 0.471338 0.304659 0.464968 0.311828 0.464968 0.315412 0.461783 0.318996 0.461783 0.329749 0.464968 0.329749 0.468153 0.333333 0.471338 0.329749 0.480892 0.329749 0.484076 0.326165 0.487261 0.326165 0.493631 0.318996
0 0.668790 0.308244 0.668790 0.311828 0.665605 0.315412 0.665605 0.326165 0.671975 0.333333 0.678344 0.333333 0.681529 0.336918 0.684713 0.333333 0.687898 0.333333 0.694268 0.322581 0.691083 0.318996 0.691083 0.315412 0.684713 0.308244
0 0.003185 0.311828 0.003185 0.333333 0.006369 0.336918 0.009554 0.333333 0.015924 0.333333 0.019108 0.329749 0.019108 0.326165 0.015924 0.322581 0.015924 0.318996 0.009554 0.311828
0 0.713376 0.315412 0.707006 0.322581 0.707006 0.336918 0.716561 0.344086 0.722930 0.344086 0.726115 0.340502 0.729299 0.340502 0.735669 0.329749 0.732484 0.326165 0.732484 0.318996 0.729299 0.318996 0.726115 0.315412
0 0.095541 0.322581 0.092357 0.326165 0.092357 0.336918 0.098726 0.344086 0.111465 0.344086 0.117834 0.336918 0.117834 0.329749 0.114650 0.326165 0.114650 0.322581 0.111465 0.322581 0.108280 0.318996 0.101911 0.318996 0.098726 0.322581
0 0.312102 0.322581 0.308917 0.326165 0.305732 0.326165 0.302548 0.329749 0.299363 0.326165 0.296178 0.329749 0.292994 0.329749 0.296178 0.333333 0.296178 0.344086 0.299363 0.347670 0.299363 0.351254 0.302548 0.354839 0.305732 0.354839 0.312102 0.347670 0.312102 0.344086 0.315287 0.340502 0.315287 0.326165
0 0.340764 0.326165 0.334395 0.326165 0.331210 0.329749 0.328025 0.329749 0.324841 0.333333 0.324841 0.336918 0.321656 0.340502 0.321656 0.351254 0.328025 0.358423 0.331210 0.358423 0.347134 0.340502 0.347134 0.333333
0 0.391720 0.326165 0.388535 0.329749 0.385350 0.329749 0.382166 0.333333 0.382166 0.336918 0.378981 0.340502 0.382166 0.344086 0.382166 0.347670 0.391720 0.358423 0.401274 0.358423 0.404459 0.354839 0.404459 0.340502 0.401274 0.336918 0.401274 0.333333 0.398089 0.329749 0.394904 0.329749
0 0.554140 0.333333 0.550955 0.336918 0.550955 0.344086 0.554140 0.347670 0.560510 0.347670 0.563694 0.351254 0.566879 0.351254 0.573248 0.344086 0.573248 0.333333 0.570064 0.333333 0.566879 0.329749 0.563694 0.329749 0.560510 0.333333
0 0.843949 0.354839 0.850318 0.362007 0.866242 0.362007 0.869427 0.358423 0.872611 0.358423 0.878981 0.351254 0.878981 0.347670 0.882166 0.344086 0.875796 0.336918 0.850318 0.336918 0.843949 0.344086
0 0.133758 0.340502 0.130573 0.340502 0.127389 0.344086 0.124204 0.344086 0.121019 0.347670 0.121019 0.351254 0.117834 0.354839 0.117834 0.362007 0.121019 0.365591 0.124204 0.365591 0.127389 0.369176 0.130573 0.369176 0.133758 0.365591 0.136943 0.365591 0.143312 0.358423 0.143312 0.347670 0.140127 0.344086 0.136943 0.344086
0 0.480892 0.340502 0.477707 0.344086 0.477707 0.358423 0.480892 0.362007 0.480892 0.365591 0.493631 0.365591 0.496815 0.362007 0.496815 0.358423 0.500000 0.354839 0.500000 0.344086 0.496815 0.340502
0 0.044586 0.344086 0.041401 0.347670 0.041401 0.365591 0.044586 0.369176 0.054140 0.369176 0.057325 0.365591 0.060510 0.365591 0.060510 0.362007 0.063694 0.358423 0.063694 0.347670 0.060510 0.344086
0 0.232484 0.351254 0.213376 0.351254 0.200637 0.362007 0.197452 0.369176 0.197452 0.379928 0.200637 0.383513 0.200637 0.394265 0.207006 0.401434 0.213376 0.401434 0.226115 0.394265 0.235669 0.383513 0.238854 0.358423
0 0.506369 0.369176 0.509554 0.372760 0.519108 0.372760 0.522293 0.369176 0.528662 0.369176 0.535032 0.362007 0.531847 0.358423 0.531847 0.354839 0.528662 0.351254 0.515924 0.351254 0.512739 0.354839 0.509554 0.354839 0.506369 0.358423
0 0.742038 0.365591 0.742038 0.369176 0.748408 0.376344 0.751592 0.376344 0.754777 0.379928 0.757962 0.379928 0.761146 0.376344 0.764331 0.376344 0.767516 0.372760 0.770701 0.372760 0.770701 0.369176 0.773885 0.365591 0.773885 0.358423 0.767516 0.351254 0.751592 0.351254 0.745223 0.358423 0.745223 0.362007
0 0.076433 0.365591 0.076433 0.376344 0.079618 0.379928 0.085987 0.379928 0.089172 0.383513 0.092357 0.379928 0.098726 0.379928 0.105096 0.372760 0.105096 0.369176 0.101911 0.365591 0.101911 0.362007 0.098726 0.362007 0.095541 0.358423 0.085987 0.358423 0.082803 0.362007 0.079618 0.362007
0 0.353503 0.358423 0.343949 0.369176 0.343949 0.376344 0.347134 0.379928 0.347134 0.383513 0.350318 0.383513 0.353503 0.387097 0.363057 0.387097 0.369427 0.379928 0.369427 0.369176 0.366242 0.365591 0.366242 0.362007 0.363057 0.358423
0 0.257962 0.362007 0.251592 0.369176 0.251592 0.379928 0.257962 0.387097 0.267516 0.387097 0.277070 0.376344 0.277070 0.372760 0.273885 0.369176 0.273885 0.365591 0.270701 0.365591 0.267516 0.362007
0 0.171975 0.365591 0.162420 0.376344 0.162420 0.390681 0.165605 0.394265 0.165605 0.397849 0.178344 0.412186 0.181529 0.408602 0.184713 0.408602 0.187898 0.397849 0.184713 0.394265 0.184713 0.376344 0.181529 0.372760 0.181529 0.369176 0.178344 0.365591
0 0.544586 0.365591 0.544586 0.369176 0.541401 0.372760 0.541401 0.390681 0.544586 0.394265 0.554140 0.394265 0.557325 0.390681 0.560510 0.390681 0.560510 0.387097 0.563694 0.383513 0.563694 0.369176 0.560510 0.365591
0 0.799363 0.369176 0.796178 0.372760 0.796178 0.376344 0.792994 0.379928 0.796178 0.383513 0.796178 0.387097 0.802548 0.394265 0.805732 0.394265 0.808917 0.397849 0.812102 0.394265 0.815287 0.394265 0.818471 0.390681 0.818471 0.376344 0.812102 0.369176
0 0.439490 0.372760 0.439490 0.383513 0.442675 0.387097 0.445860 0.387097 0.449045 0.390681 0.461783 0.390681 0.464968 0.387097 0.464968 0.376344 0.461783 0.376344 0.458599 0.372760
0 0.515924 0.376344 0.509554 0.376344 0.506369 0.379928 0.503185 0.379928 0.496815 0.387097 0.493631 0.387097 0.493631 0.390681 0.490446 0.394265 0.490446 0.408602 0.500000 0.412186 0.509554 0.401434 0.515924 0.401434 0.515924 0.397849 0.519108 0.394265 0.519108 0.383513 0.515924 0.379928
0 0.105096 0.390681 0.098726 0.397849 0.098726 0.408602 0.105096 0.415771 0.121019 0.415771 0.127389 0.408602 0.127389 0.387097 0.111465 0.387097 0.108280 0.390681
0 0.394904 0.390681 0.394904 0.394265 0.391720 0.397849 0.391720 0.401434 0.394904 0.405018 0.394904 0.408602 0.401274 0.415771 0.414013 0.415771 0.420382 0.408602 0.420382 0.401434 0.417197 0.397849 0.417197 0.394265 0.414013 0.394265 0.404459 0.387097 0.401274 0.390681
0 0.875796 0.390681 0.875796 0.405018 0.882166 0.412186 0.885350 0.412186 0.888535 0.415771 0.894904 0.415771 0.904459 0.408602 0.904459 0.394265 0.898089 0.387097 0.878981 0.387097
0 0.057325 0.390681 0.054140 0.394265 0.054140 0.408602 0.060510 0.415771 0.066879 0.415771 0.070064 0.419355 0.076433 0.419355 0.076433 0.415771 0.079618 0.412186 0.079618 0.401434 0.070064 0.390681
0 0.850318 0.390681 0.847134 0.394265 0.843949 0.394265 0.843949 0.397849 0.840764 0.401434 0.840764 0.412186 0.850318 0.422939 0.856688 0.422939 0.863057 0.415771 0.863057 0.397849 0.856688 0.390681
0 0.035032 0.397849 0.031847 0.394265 0.012739 0.394265 0.009554 0.397849 0.006369 0.397849 0.003185 0.401434 0.003185 0.422939 0.012739 0.422939 0.015924 0.419355 0.022293 0.419355 0.025478 0.415771 0.028662 0.415771 0.035032 0.405018
0 0.270701 0.397849 0.264331 0.405018 0.264331 0.415771 0.270701 0.422939 0.283439 0.422939 0.289809 0.415771 0.289809 0.405018 0.286624 0.401434 0.286624 0.397849
0 0.143312 0.405018 0.140127 0.405018 0.136943 0.408602 0.133758 0.408602 0.130573 0.412186 0.127389 0.412186 0.124204 0.415771 0.127389 0.419355 0.127389 0.426523 0.130573 0.430108 0.136943 0.430108 0.140127 0.426523 0.146497 0.426523 0.149682 0.422939 0.149682 0.412186
0 0.748408 0.405018 0.745223 0.408602 0.742038 0.408602 0.742038 0.422939 0.745223 0.426523 0.745223 0.430108 0.748408 0.433692 0.754777 0.433692 0.757962 0.430108 0.761146 0.430108 0.761146 0.426523 0.764331 0.422939 0.761146 0.419355 0.761146 0.412186 0.757962 0.408602 0.754777 0.408602 0.751592 0.405018
0 0.219745 0.419355 0.216561 0.415771 0.207006 0.415771 0.200637 0.422939 0.200637 0.426523 0.197452 0.430108 0.197452 0.440860 0.207006 0.440860 0.213376 0.433692 0.219745 0.433692
0 0.222930 0.415771 0.222930 0.433692 0.232484 0.433692 0.238854 0.426523 0.238854 0.419355 0.235669 0.415771
0 0.312102 0.415771 0.312102 0.426523 0.315287 0.430108 0.331210 0.430108 0.331210 0.419355 0.328025 0.415771
0 0.576433 0.415771 0.570064 0.422939 0.570064 0.426523 0.566879 0.430108 0.566879 0.440860 0.573248 0.451613 0.585987 0.451613 0.595541 0.440860 0.595541 0.433692 0.598726 0.430108 0.592357 0.419355 0.589172 0.419355 0.585987 0.415771
0 0.506369 0.422939 0.500000 0.430108 0.500000 0.433692 0.496815 0.437276 0.496815 0.440860 0.503185 0.448029 0.515924 0.448029 0.522293 0.440860 0.522293 0.437276 0.525478 0.433692 0.522293 0.430108 0.522293 0.422939
0 0.372611 0.433692 0.369427 0.437276 0.369427 0.448029 0.372611 0.451613 0.372611 0.455197 0.375796 0.455197 0.378981 0.458781 0.388535 0.458781 0.394904 0.451613 0.394904 0.440860 0.388535 0.433692
0 0.429936 0.433692 0.420382 0.433692 0.414013 0.440860 0.414013 0.458781 0.417197 0.462366 0.420382 0.462366 0.423567 0.465950 0.426752 0.462366 0.429936 0.462366 0.433121 0.458781 0.433121 0.440860 0.429936 0.437276
0 0.799363 0.433692 0.796178 0.437276 0.796178 0.451613 0.799363 0.455197 0.799363 0.458781 0.808917 0.465950 0.812102 0.465950 0.815287 0.462366 0.818471 0.462366 0.821656 0.458781 0.821656 0.444444 0.815287 0.437276 0.812102 0.437276 0.808917 0.433692
0 0.028662 0.440860 0.028662 0.455197 0.031847 0.458781 0.047771 0.458781 0.047771 0.444444 0.044586 0.440860 0.041401 0.440860 0.038217 0.437276 0.035032 0.437276 0.031847 0.440860
0 0.092357 0.440860 0.089172 0.444444 0.085987 0.444444 0.085987 0.448029 0.082803 0.451613 0.082803 0.462366 0.085987 0.465950 0.085987 0.469534 0.089172 0.469534 0.092357 0.473118 0.098726 0.473118 0.108280 0.462366 0.108280 0.451613 0.101911 0.444444 0.098726 0.444444 0.095541 0.440860
0 0.296178 0.440860 0.283439 0.440860 0.280255 0.444444 0.280255 0.448029 0.277070 0.451613 0.277070 0.462366 0.280255 0.465950 0.280255 0.469534 0.289809 0.469534 0.296178 0.462366 0.296178 0.458781 0.299363 0.455197 0.299363 0.444444
0 0.238854 0.448029 0.238854 0.451613 0.235669 0.455197 0.235669 0.462366 0.238854 0.465950 0.238854 0.469534 0.254777 0.469534 0.261146 0.462366 0.261146 0.448029 0.257962 0.444444 0.245223 0.444444 0.242038 0.448029
0 0.538217 0.444444 0.531847 0.451613 0.531847 0.465950 0.535032 0.469534 0.538217 0.469534 0.541401 0.473118 0.550955 0.473118 0.557325 0.465950 0.557325 0.455197 0.554140 0.451613 0.554140 0.448029 0.550955 0.448029 0.547771 0.444444
0 0.767516 0.444444 0.757962 0.455197 0.757962 0.458781 0.761146 0.462366 0.761146 0.465950 0.764331 0.469534 0.780255 0.469534 0.783439 0.465950 0.783439 0.451613 0.777070 0.444444
0 0.156051 0.448029 0.152866 0.451613 0.149682 0.451613 0.146497 0.455197 0.146497 0.465950 0.149682 0.469534 0.149682 0.473118 0.152866 0.473118 0.156051 0.476703 0.162420 0.476703 0.165605 0.473118 0.165605 0.469534 0.168790 0.465950 0.165605 0.462366 0.165605 0.455197 0.162420 0.451613 0.159236 0.451613
0 0.315287 0.451613 0.312102 0.455197 0.312102 0.462366 0.308917 0.465950 0.308917 0.469534 0.312102 0.473118 0.312102 0.476703 0.324841 0.476703 0.328025 0.473118 0.328025 0.469534 0.331210 0.465950 0.331210 0.458781 0.328025 0.455197 0.328025 0.451613
0 0.442675 0.458781 0.442675 0.476703 0.445860 0.476703 0.449045 0.480287 0.461783 0.480287 0.471338 0.473118 0.471338 0.462366 0.464968 0.455197 0.461783 0.455197 0.458599 0.451613 0.449045 0.451613
0 0.350318 0.455197 0.343949 0.462366 0.343949 0.469534 0.347134 0.473118 0.347134 0.476703 0.350318 0.480287 0.356688 0.480287 0.359873 0.476703 0.363057 0.476703 0.366242 0.473118 0.366242 0.469534 0.363057 0.465950 0.363057 0.462366 0.356688 0.455197
0 0.716561 0.462366 0.716561 0.469534 0.722930 0.476703 0.738854 0.476703 0.745223 0.469534 0.745223 0.465950 0.738854 0.458781 0.732484 0.458781 0.729299 0.455197 0.726115 0.458781 0.719745 0.458781
0 0.621019 0.462366 0.614650 0.462366 0.611465 0.458781 0.608280 0.458781 0.605096 0.462366 0.601911 0.462366 0.598726 0.465950 0.598726 0.476703 0.601911 0.480287 0.605096 0.480287 0.608280 0.483871 0.611465 0.480287 0.617834 0.480287 0.624204 0.473118 0.624204 0.465950
0 0.850318 0.458781 0.843949 0.465950 0.843949 0.473118 0.850318 0.480287 0.863057 0.480287 0.869427 0.473118 0.869427 0.465950 0.863057 0.458781
0 0.496815 0.462366 0.493631 0.465950 0.493631 0.480287 0.500000 0.487455 0.512739 0.487455 0.515924 0.483871 0.515924 0.476703 0.512739 0.473118 0.512739 0.469534 0.509554 0.465950 0.506369 0.465950 0.503185 0.462366
0 0.662420 0.462366 0.662420 0.473118 0.675159 0.494624 0.684713 0.498208 0.700637 0.487455 0.697452 0.483871 0.697452 0.480287 0.691083 0.473118 0.691083 0.469534 0.687898 0.469534 0.678344 0.462366
0 0.057325 0.465950 0.050955 0.465950 0.044586 0.473118 0.044586 0.480287 0.041401 0.483871 0.041401 0.491039 0.047771 0.501792 0.050955 0.501792 0.054140 0.498208 0.060510 0.498208 0.066879 0.491039 0.066879 0.480287 0.063694 0.476703 0.063694 0.473118
0 0.015924 0.469534 0.009554 0.476703 0.009554 0.487455 0.015924 0.494624 0.028662 0.494624 0.028662 0.491039 0.031847 0.487455 0.031847 0.476703 0.028662 0.473118 0.028662 0.469534
0 0.178344 0.469534 0.178344 0.483871 0.181529 0.487455 0.181529 0.494624 0.187898 0.501792 0.191083 0.501792 0.194268 0.498208 0.194268 0.483871 0.191083 0.480287 0.191083 0.473118 0.187898 0.469534
0 0.570064 0.476703 0.566879 0.480287 0.563694 0.480287 0.563694 0.483871 0.560510 0.487455 0.560510 0.494624 0.563694 0.498208 0.563694 0.501792 0.566879 0.501792 0.570064 0.505376 0.576433 0.505376 0.582803 0.498208 0.582803 0.480287 0.579618 0.480287 0.576433 0.476703
0 0.098726 0.480287 0.092357 0.487455 0.092357 0.494624 0.098726 0.501792 0.101911 0.501792 0.105096 0.505376 0.111465 0.505376 0.117834 0.498208 0.117834 0.487455 0.111465 0.480287
0 0.388535 0.487455 0.388535 0.491039 0.391720 0.494624 0.391720 0.501792 0.401274 0.508961 0.410828 0.508961 0.414013 0.505376 0.417197 0.505376 0.423567 0.498208 0.423567 0.491039 0.417197 0.483871 0.414013 0.483871 0.410828 0.480287 0.394904 0.480287
0 0.254777 0.483871 0.251592 0.487455 0.251592 0.505376 0.254777 0.508961 0.267516 0.508961 0.273885 0.501792 0.273885 0.487455 0.270701 0.483871
0 0.156051 0.491039 0.149682 0.498208 0.149682 0.501792 0.152866 0.505376 0.152866 0.512545 0.159236 0.519713 0.165605 0.519713 0.171975 0.512545 0.171975 0.508961 0.175159 0.505376 0.175159 0.498208 0.171975 0.494624 0.168790 0.494624 0.165605 0.491039
0 0.700637 0.491039 0.697452 0.494624 0.694268 0.494624 0.691083 0.498208 0.687898 0.498208 0.684713 0.501792 0.684713 0.512545 0.687898 0.516129 0.687898 0.519713 0.691083 0.523297 0.700637 0.523297 0.710191 0.512545 0.710191 0.501792
0 0.735669 0.491039 0.732484 0.494624 0.732484 0.508961 0.735669 0.512545 0.735669 0.516129 0.738854 0.516129 0.745223 0.523297 0.757962 0.523297 0.757962 0.519713 0.761146 0.516129 0.761146 0.501792 0.751592 0.491039
0 0.308917 0.505376 0.308917 0.516129 0.315287 0.523297 0.331210 0.523297 0.334395 0.519713 0.337580 0.519713 0.337580 0.505376 0.334395 0.501792 0.328025 0.501792 0.324841 0.498208 0.318471 0.498208
0 0.359873 0.498208 0.356688 0.501792 0.356688 0.505376 0.353503 0.508961 0.353503 0.516129 0.359873 0.523297 0.369427 0.523297 0.375796 0.516129 0.375796 0.498208
0 0.455414 0.505376 0.455414 0.516129 0.461783 0.523297 0.468153 0.523297 0.471338 0.526882 0.474522 0.523297 0.477707 0.523297 0.480892 0.519713 0.480892 0.508961 0.474522 0.501792 0.458599 0.501792
0 0.592357 0.505376 0.592357 0.516129 0.595541 0.519713 0.598726 0.519713 0.608280 0.530466 0.630573 0.530466 0.636943 0.523297 0.636943 0.519713 0.640127 0.516129 0.640127 0.512545 0.630573 0.505376 0.617834 0.505376 0.614650 0.501792 0.595541 0.501792
0 0.076433 0.505376 0.070064 0.512545 0.070064 0.519713 0.073248 0.523297 0.073248 0.526882 0.076433 0.526882 0.079618 0.530466 0.092357 0.530466 0.095541 0.526882 0.095541 0.523297 0.098726 0.519713 0.095541 0.516129 0.095541 0.512545 0.089172 0.505376
0 0.245223 0.505376 0.232484 0.505376 0.226115 0.512545 0.226115 0.519713 0.232484 0.526882 0.235669 0.526882 0.238854 0.530466 0.242038 0.526882 0.245223 0.526882 0.245223 0.523297 0.248408 0.519713 0.248408 0.508961
0 0.012739 0.516129 0.009554 0.519713 0.009554 0.534050 0.019108 0.544803 0.025478 0.544803 0.028662 0.541219 0.031847 0.541219 0.031847 0.537634 0.035032 0.534050 0.035032 0.526882 0.031847 0.523297 0.031847 0.519713 0.028662 0.519713 0.025478 0.516129
0 0.277070 0.519713 0.273885 0.523297 0.273885 0.534050 0.283439 0.544803 0.296178 0.544803 0.299363 0.541219 0.299363 0.526882 0.296178 0.523297 0.296178 0.519713 0.292994 0.516129 0.283439 0.516129 0.280255 0.519713
0 0.799363 0.516129 0.799363 0.523297 0.812102 0.537634 0.821656 0.537634 0.821656 0.530466 0.818471 0.526882 0.815287 0.526882 0.808917 0.519713 0.808917 0.516129
0 0.194268 0.523297 0.191083 0.526882 0.191083 0.530466 0.187898 0.534050 0.187898 0.537634 0.191083 0.541219 0.191083 0.544803 0.194268 0.548387 0.207006 0.548387 0.213376 0.541219 0.213376 0.534050 0.210191 0.530466 0.210191 0.526882 0.207006 0.523297
0 0.522293 0.537634 0.522293 0.541219 0.528662 0.551971 0.541401 0.551971 0.544586 0.548387 0.550955 0.548387 0.554140 0.544803 0.554140 0.541219 0.557325 0.537634 0.557325 0.530466 0.550955 0.523297 0.535032 0.523297
0 0.773885 0.523297 0.764331 0.534050 0.764331 0.544803 0.767516 0.548387 0.773885 0.548387 0.777070 0.551971 0.780255 0.551971 0.783439 0.548387 0.786624 0.548387 0.789809 0.544803 0.789809 0.534050 0.786624 0.530466 0.786624 0.526882 0.783439 0.526882 0.780255 0.523297
0 0.057325 0.534050 0.047771 0.541219 0.047771 0.544803 0.044586 0.548387 0.044586 0.559140 0.050955 0.566308 0.066879 0.566308 0.073248 0.559140 0.073248 0.544803 0.066879 0.537634 0.060510 0.537634
0 0.108280 0.541219 0.108280 0.548387 0.114650 0.555556 0.117834 0.555556 0.121019 0.559140 0.127389 0.559140 0.130573 0.555556 0.133758 0.555556 0.133758 0.548387 0.130573 0.544803 0.130573 0.541219 0.127389 0.537634 0.124204 0.537634 0.121019 0.534050 0.117834 0.534050 0.114650 0.537634 0.111465 0.537634
0 0.391720 0.534050 0.388535 0.537634 0.388535 0.544803 0.391720 0.548387 0.391720 0.551971 0.394904 0.555556 0.407643 0.555556 0.410828 0.551971 0.410828 0.548387 0.414013 0.544803 0.414013 0.541219 0.407643 0.534050
0 0.420382 0.541219 0.420382 0.544803 0.423567 0.548387 0.423567 0.551971 0.426752 0.555556 0.426752 0.559140 0.429936 0.559140 0.433121 0.562724 0.442675 0.562724 0.452229 0.555556 0.452229 0.551971 0.449045 0.548387 0.449045 0.544803 0.442675 0.537634 0.436306 0.537634 0.433121 0.534050 0.429936 0.534050
0 0.872611 0.537634 0.869427 0.537634 0.866242 0.534050 0.856688 0.534050 0.853503 0.537634 0.850318 0.537634 0.837580 0.551971 0.837580 0.555556 0.834395 0.559140 0.834395 0.569892 0.843949 0.577061 0.853503 0.577061 0.856688 0.573477 0.859873 0.573477 0.869427 0.562724 0.869427 0.559140 0.872611 0.555556
0 0.324841 0.544803 0.324841 0.551971 0.331210 0.559140 0.350318 0.559140 0.353503 0.555556 0.353503 0.541219 0.350318 0.537634 0.331210 0.537634
0 0.261146 0.541219 0.254777 0.541219 0.248408 0.548387 0.248408 0.566308 0.251592 0.569892 0.254777 0.569892 0.257962 0.573477 0.261146 0.569892 0.264331 0.569892 0.267516 0.566308 0.267516 0.548387
0 0.582803 0.541219 0.579618 0.544803 0.579618 0.555556 0.582803 0.559140 0.582803 0.562724 0.589172 0.569892 0.592357 0.569892 0.595541 0.573477 0.601911 0.566308 0.601911 0.551971 0.592357 0.541219
0 0.757962 0.562724 0.757962 0.573477 0.761146 0.577061 0.761146 0.580645 0.777070 0.598566 0.786624 0.602151 0.792994 0.594982 0.792994 0.591398 0.789809 0.587814 0.789809 0.584229 0.783439 0.577061 0.783439 0.573477 0.780255 0.569892 0.773885 0.569892 0.770701 0.566308 0.764331 0.566308 0.761146 0.562724
0 0.101911 0.569892 0.101911 0.573477 0.098726 0.577061 0.098726 0.580645 0.108280 0.591398 0.111465 0.591398 0.114650 0.587814 0.121019 0.587814 0.124204 0.584229 0.124204 0.577061 0.117834 0.569892 0.111465 0.569892 0.108280 0.566308 0.105096 0.569892
0 0.490446 0.566308 0.484076 0.577061 0.487261 0.580645 0.487261 0.584229 0.493631 0.591398 0.493631 0.594982 0.496815 0.594982 0.500000 0.598566 0.512739 0.598566 0.519108 0.591398 0.519108 0.580645 0.515924 0.577061 0.509554 0.577061 0.503185 0.569892 0.500000 0.569892 0.496815 0.566308
0 0.538217 0.577061 0.538217 0.584229 0.541401 0.587814 0.550955 0.587814 0.554140 0.591398 0.557325 0.587814 0.566879 0.587814 0.566879 0.573477 0.560510 0.566308 0.550955 0.566308 0.547771 0.569892 0.544586 0.569892
0 0.152866 0.569892 0.149682 0.573477 0.149682 0.577061 0.146497 0.580645 0.146497 0.584229 0.149682 0.587814 0.149682 0.591398 0.152866 0.594982 0.168790 0.594982 0.171975 0.591398 0.171975 0.573477 0.168790 0.569892
0 0.191083 0.580645 0.187898 0.584229 0.187898 0.598566 0.191083 0.602151 0.194268 0.602151 0.197452 0.605735 0.207006 0.605735 0.216561 0.594982 0.216561 0.591398 0.210191 0.580645 0.207006 0.580645 0.203822 0.577061 0.197452 0.577061 0.194268 0.580645
0 0.035032 0.584229 0.035032 0.587814 0.031847 0.591398 0.031847 0.598566 0.035032 0.602151 0.035032 0.605735 0.038217 0.605735 0.041401 0.609319 0.047771 0.609319 0.050955 0.605735 0.054140 0.605735 0.057325 0.602151 0.057325 0.594982 0.047771 0.584229
0 0.296178 0.587814 0.289809 0.587814 0.286624 0.584229 0.280255 0.584229 0.277070 0.587814 0.273885 0.587814 0.267516 0.594982 0.267516 0.623656 0.270701 0.627240 0.277070 0.627240 0.292994 0.609319 0.292994 0.605735 0.296178 0.602151
0 0.802548 0.598566 0.802548 0.602151 0.808917 0.612903 0.821656 0.612903 0.824841 0.616487 0.828025 0.612903 0.834395 0.612903 0.837580 0.609319 0.840764 0.609319 0.847134 0.602151 0.843949 0.591398 0.840764 0.591398 0.834395 0.584229 0.818471 0.584229 0.815287 0.587814 0.812102 0.587814
0 0.108280 0.594982 0.108280 0.602151 0.105096 0.605735 0.114650 0.616487 0.127389 0.616487 0.133758 0.609319 0.133758 0.602151 0.127389 0.594982 0.124204 0.594982 0.121019 0.591398 0.114650 0.591398 0.111465 0.594982
0 0.423567 0.591398 0.417197 0.598566 0.417197 0.609319 0.423567 0.616487 0.426752 0.616487 0.429936 0.620072 0.433121 0.620072 0.436306 0.616487 0.439490 0.616487 0.442675 0.612903 0.442675 0.598566 0.436306 0.591398
0 0.538217 0.598566 0.535032 0.602151 0.531847 0.602151 0.531847 0.605735 0.528662 0.609319 0.528662 0.612903 0.531847 0.616487 0.531847 0.620072 0.538217 0.627240 0.544586 0.627240 0.547771 0.623656 0.550955 0.623656 0.554140 0.620072 0.554140 0.605735 0.550955 0.602151 0.547771 0.602151 0.544586 0.598566
0 0.589172 0.598566 0.582803 0.598566 0.576433 0.605735 0.576433 0.616487 0.579618 0.620072 0.582803 0.620072 0.585987 0.616487 0.589172 0.616487 0.592357 0.612903 0.592357 0.602151
0 0.359873 0.609319 0.359873 0.620072 0.363057 0.623656 0.363057 0.627240 0.366242 0.630824 0.369427 0.630824 0.372611 0.634409 0.378981 0.634409 0.382166 0.630824 0.385350 0.630824 0.385350 0.620072 0.375796 0.609319 0.369427 0.609319 0.366242 0.605735 0.363057 0.605735
0 0.149682 0.609319 0.149682 0.623656 0.156051 0.630824 0.159236 0.630824 0.162420 0.634409 0.165605 0.634409 0.168790 0.630824 0.171975 0.630824 0.175159 0.627240 0.175159 0.616487 0.171975 0.612903 0.168790 0.612903 0.165605 0.609319
0 0.324841 0.612903 0.321656 0.616487 0.321656 0.627240 0.328025 0.634409 0.331210 0.634409 0.334395 0.637993 0.343949 0.637993 0.350318 0.627240 0.350318 0.620072 0.340764 0.609319 0.331210 0.609319 0.328025 0.612903
0 0.461783 0.612903 0.458599 0.616487 0.455414 0.616487 0.455414 0.620072 0.452229 0.623656 0.452229 0.637993 0.461783 0.645161 0.468153 0.645161 0.471338 0.641577 0.474522 0.641577 0.474522 0.637993 0.477707 0.634409 0.477707 0.627240 0.471338 0.616487 0.468153 0.616487 0.464968 0.612903
0 0.643312 0.612903 0.640127 0.616487 0.640127 0.627240 0.643312 0.630824 0.643312 0.634409 0.646497 0.637993 0.649682 0.637993 0.652866 0.641577 0.656051 0.641577 0.659236 0.637993 0.662420 0.637993 0.662420 0.634409 0.665605 0.630824 0.665605 0.623656 0.656051 0.612903
0 0.496815 0.620072 0.496815 0.623656 0.493631 0.627240 0.493631 0.630824 0.496815 0.634409 0.496815 0.637993 0.503185 0.645161 0.512739 0.645161 0.519108 0.637993 0.519108 0.623656 0.512739 0.616487 0.503185 0.616487 0.500000 0.620072
0 0.079618 0.620072 0.076433 0.623656 0.076433 0.637993 0.079618 0.641577 0.092357 0.641577 0.095541 0.637993 0.095541 0.634409 0.098726 0.630824 0.098726 0.627240 0.092357 0.620072
0 0.732484 0.620072 0.719745 0.620072 0.713376 0.627240 0.713376 0.630824 0.710191 0.634409 0.710191 0.648746 0.713376 0.652330 0.719745 0.652330 0.729299 0.641577 0.729299 0.637993 0.732484 0.634409
0 0.006369 0.623656 0.003185 0.627240 0.003185 0.641577 0.009554 0.648746 0.012739 0.648746 0.015924 0.652330 0.019108 0.652330 0.022293 0.648746 0.025478 0.648746 0.028662 0.645161 0.028662 0.630824 0.025478 0.627240 0.022293 0.627240 0.019108 0.623656
0 0.404459 0.623656 0.398089 0.623656 0.398089 0.637993 0.401274 0.641577 0.407643 0.634409 0.404459 0.630824
0 0.585987 0.634409 0.585987 0.648746 0.589172 0.652330 0.605096 0.652330 0.608280 0.648746 0.608280 0.641577 0.601911 0.634409 0.598726 0.634409 0.595541 0.630824 0.592357 0.630824 0.589172 0.634409
0 0.143312 0.637993 0.136943 0.645161 0.136943 0.655914 0.143312 0.663082 0.149682 0.663082 0.152866 0.659498 0.152866 0.641577 0.149682 0.637993
0 0.108280 0.645161 0.105096 0.648746 0.105096 0.652330 0.101911 0.655914 0.101911 0.659498 0.105096 0.659498 0.108280 0.663082 0.117834 0.663082 0.121019 0.659498 0.121019 0.648746 0.117834 0.645161
0 0.210191 0.645161 0.207006 0.648746 0.207006 0.666667 0.210191 0.670251 0.219745 0.670251 0.222930 0.673835 0.226115 0.670251 0.229299 0.670251 0.232484 0.666667 0.232484 0.659498 0.229299 0.655914 0.229299 0.652330 0.226115 0.648746 0.222930 0.648746 0.219745 0.645161
0 0.372611 0.648746 0.366242 0.655914 0.366242 0.666667 0.369427 0.670251 0.369427 0.673835 0.372611 0.673835 0.375796 0.677419 0.382166 0.677419 0.388535 0.670251 0.388535 0.666667 0.391720 0.663082 0.388535 0.659498 0.388535 0.655914 0.385350 0.652330 0.382166 0.652330 0.378981 0.648746
0 0.426752 0.652330 0.420382 0.663082 0.420382 0.670251 0.429936 0.681004 0.439490 0.681004 0.445860 0.673835 0.445860 0.663082 0.449045 0.659498 0.442675 0.652330
0 0.541401 0.655914 0.541401 0.673835 0.544586 0.677419 0.557325 0.677419 0.563694 0.670251 0.563694 0.666667 0.566879 0.663082 0.566879 0.659498 0.560510 0.652330 0.547771 0.652330 0.544586 0.655914
0 0.490446 0.655914 0.487261 0.659498 0.487261 0.663082 0.490446 0.666667 0.490446 0.673835 0.493631 0.677419 0.493631 0.681004 0.506369 0.681004 0.512739 0.673835 0.512739 0.666667 0.506369 0.659498 0.503185 0.659498 0.500000 0.655914
0 0.302548 0.659498 0.299363 0.663082 0.299363 0.677419 0.302548 0.681004 0.305732 0.681004 0.308917 0.684588 0.321656 0.684588 0.321656 0.681004 0.324841 0.677419 0.324841 0.670251 0.321656 0.666667 0.321656 0.663082 0.318471 0.659498
0 0.270701 0.663082 0.257962 0.663082 0.251592 0.670251 0.251592 0.681004 0.257962 0.688172 0.264331 0.688172 0.267516 0.684588 0.270701 0.684588 0.277070 0.677419 0.277070 0.673835 0.273885 0.670251 0.273885 0.666667
0 0.904459 0.663082 0.894904 0.663082 0.882166 0.677419 0.882166 0.681004 0.885350 0.684588 0.885350 0.688172 0.888535 0.691756 0.894904 0.691756 0.901274 0.684588 0.904459 0.684588 0.907643 0.681004 0.907643 0.677419 0.910828 0.673835 0.907643 0.670251 0.907643 0.666667
0 0.464968 0.666667 0.461783 0.670251 0.458599 0.670251 0.455414 0.673835 0.455414 0.684588 0.461783 0.691756 0.471338 0.691756 0.477707 0.684588 0.477707 0.673835 0.474522 0.670251 0.471338 0.670251 0.468153 0.666667
0 0.589172 0.670251 0.576433 0.670251 0.573248 0.673835 0.573248 0.677419 0.570064 0.681004 0.570064 0.691756 0.576433 0.698925 0.582803 0.698925 0.585987 0.695341 0.589172 0.695341 0.598726 0.684588 0.598726 0.681004 0.595541 0.677419 0.595541 0.673835 0.592357 0.673835
