0 0.206349 0.003597 0.203175 0.003597 0.200000 0.000000 0.190476 0.000000 0.187302 0.003597 0.180952 0.003597 0.180952 0.007194 0.174603 0.017986 0.174603 0.025180 0.171429 0.028777 0.174603 0.039568 0.187302 0.039568 0.193651 0.032374 0.193651 0.028777 0.203175 0.017986 0.203175 0.014388 0.206349 0.010791
0 0.339683 0.003597 0.342857 0.007194 0.365079 0.007194 0.365079 0.003597 0.361905 0.000000 0.358730 0.000000 0.355556 0.003597 0.352381 0.000000 0.342857 0.000000
0 0.688889 0.000000 0.688889 0.003597 0.685714 0.007194 0.685714 0.014388 0.688889 0.017986 0.688889 0.021583 0.692063 0.021583 0.695238 0.025180 0.701587 0.025180 0.704762 0.021583 0.707937 0.021583 0.711111 0.017986 0.711111 0.003597 0.707937 0.003597 0.704762 0.000000
0 0.733333 0.003597 0.733333 0.010791 0.736508 0.014388 0.736508 0.017986 0.739683 0.021583 0.739683 0.025180 0.746032 0.032374 0.761905 0.032374 0.761905 0.014388 0.755556 0.003597 0.749206 0.003597 0.746032 0.000000 0.742857 0.000000 0.739683 0.003597
0 0.409524 0.007194 0.393651 0.007194 0.384127 0.017986 0.384127 0.032374 0.387302 0.032374 0.390476 0.035971 0.396825 0.035971 0.400000 0.032374 0.403175 0.032374 0.403175 0.028777 0.409524 0.021583
0 0.473016 0.007194 0.473016 0.025180 0.476190 0.028777 0.485714 0.028777 0.488889 0.025180 0.488889 0.010791 0.485714 0.007194
0 0.542857 0.017986 0.542857 0.028777 0.549206 0.035971 0.555556 0.035971 0.558730 0.039568 0.568254 0.039568 0.568254 0.035971 0.571429 0.032374 0.571429 0.028777 0.568254 0.025180 0.568254 0.021583 0.565079 0.017986 0.561905 0.017986 0.558730 0.014388 0.546032 0.014388
0 0.907937 0.014388 0.901587 0.014388 0.898413 0.017986 0.895238 0.017986 0.892063 0.021583 0.892063 0.035971 0.895238 0.039568 0.898413 0.039568 0.901587 0.043165 0.904762 0.043165 0.907937 0.039568 0.911111 0.039568 0.914286 0.035971 0.914286 0.017986 0.911111 0.017986
0 0.228571 0.017986 0.225397 0.021583 0.225397 0.025180 0.222222 0.028777 0.225397 0.032374 0.225397 0.035971 0.228571 0.039568 0.241270 0.039568 0.247619 0.032374 0.247619 0.021583 0.244444 0.021583 0.241270 0.017986
0 0.590476 0.021583 0.587302 0.025180 0.587302 0.039568 0.600000 0.053957 0.600000 0.057554 0.603175 0.057554 0.603175 0.053957 0.606349 0.050360 0.609524 0.050360 0.609524 0.046763 0.612698 0.043165 0.612698 0.035971 0.609524 0.032374 0.609524 0.028777 0.603175 0.021583
0 0.339683 0.025180 0.339683 0.028777 0.336508 0.032374 0.336508 0.039568 0.342857 0.046763 0.346032 0.046763 0.349206 0.043165 0.352381 0.043165 0.355556 0.039568 0.355556 0.028777 0.352381 0.025180
0 0.282540 0.043165 0.276190 0.043165 0.266667 0.053957 0.266667 0.061151 0.269841 0.064748 0.269841 0.068345 0.273016 0.071942 0.279365 0.071942 0.288889 0.061151 0.288889 0.050360
0 0.422222 0.043165 0.415873 0.043165 0.409524 0.050360 0.409524 0.053957 0.412698 0.057554 0.415873 0.057554 0.419048 0.061151 0.425397 0.053957 0.425397 0.046763
0 0.720635 0.050360 0.707937 0.043165 0.698413 0.043165 0.695238 0.046763 0.688889 0.046763 0.679365 0.064748 0.679365 0.071942 0.676190 0.079137 0.682540 0.086331 0.704762 0.086331 0.717460 0.079137 0.723810 0.064748 0.723810 0.057554
0 0.447619 0.050360 0.447619 0.064748 0.450794 0.068345 0.453968 0.068345 0.457143 0.071942 0.466667 0.071942 0.469841 0.075540 0.482540 0.075540 0.482540 0.061151 0.473016 0.050360 0.469841 0.050360 0.466667 0.046763 0.450794 0.046763
0 0.530159 0.050360 0.530159 0.053957 0.526984 0.057554 0.530159 0.061151 0.530159 0.064748 0.536508 0.071942 0.546032 0.071942 0.549206 0.075540 0.552381 0.075540 0.555556 0.071942 0.558730 0.071942 0.558730 0.057554 0.555556 0.053957 0.552381 0.053957 0.542857 0.046763 0.533333 0.046763
0 0.631746 0.046763 0.628571 0.050360 0.628571 0.053957 0.625397 0.057554 0.625397 0.064748 0.628571 0.068345 0.631746 0.068345 0.634921 0.071942 0.638095 0.068345 0.647619 0.068345 0.650794 0.064748 0.650794 0.061151 0.653968 0.057554 0.650794 0.053957 0.650794 0.050360 0.647619 0.046763
0 0.253968 0.053957 0.250794 0.053957 0.247619 0.050360 0.244444 0.053957 0.241270 0.053957 0.238095 0.057554 0.238095 0.061151 0.234921 0.064748 0.238095 0.068345 0.238095 0.071942 0.247619 0.071942 0.253968 0.064748
0 0.307937 0.050360 0.301587 0.057554 0.301587 0.064748 0.304762 0.068345 0.307937 0.068345 0.311111 0.071942 0.320635 0.071942 0.323810 0.068345 0.323810 0.057554 0.320635 0.053957 0.317460 0.053957 0.314286 0.050360
0 0.215873 0.064748 0.209524 0.057554 0.203175 0.057554 0.200000 0.061151 0.196825 0.061151 0.193651 0.064748 0.193651 0.068345 0.190476 0.071942 0.196825 0.079137 0.206349 0.079137 0.209524 0.075540 0.212698 0.075540 0.212698 0.071942 0.215873 0.068345
0 0.949206 0.064748 0.949206 0.071942 0.955556 0.079137 0.971429 0.079137 0.974603 0.075540 0.974603 0.064748 0.968254 0.057554 0.955556 0.057554
0 0.574603 0.086331 0.574603 0.093525 0.577778 0.097122 0.577778 0.100719 0.587302 0.111511 0.590476 0.111511 0.593651 0.115108 0.603175 0.115108 0.612698 0.107914 0.612698 0.100719 0.609524 0.097122 0.609524 0.093525 0.606349 0.089928 0.603175 0.089928 0.596825 0.082734 0.590476 0.082734 0.587302 0.079137 0.584127 0.079137
0 0.714286 0.082734 0.707937 0.097122 0.711111 0.104317 0.711111 0.111511 0.723810 0.118705 0.733333 0.118705 0.736508 0.122302 0.742857 0.122302 0.752381 0.115108 0.755556 0.107914 0.755556 0.097122 0.752381 0.089928 0.742857 0.079137 0.720635 0.079137
0 0.339683 0.082734 0.336508 0.086331 0.333333 0.086331 0.333333 0.089928 0.330159 0.093525 0.330159 0.100719 0.336508 0.107914 0.346032 0.107914 0.349206 0.104317 0.352381 0.104317 0.352381 0.089928 0.346032 0.082734
0 0.511111 0.082734 0.507937 0.082734 0.504762 0.086331 0.501587 0.086331 0.495238 0.093525 0.495238 0.104317 0.498413 0.107914 0.514286 0.107914 0.514286 0.104317 0.517460 0.100719 0.517460 0.089928
0 0.634921 0.100719 0.638095 0.104317 0.650794 0.104317 0.653968 0.100719 0.657143 0.100719 0.660317 0.097122 0.663492 0.097122 0.666667 0.093525 0.666667 0.089928 0.663492 0.086331 0.663492 0.082734 0.644444 0.082734 0.634921 0.089928
0 0.222222 0.086331 0.212698 0.089928 0.212698 0.093525 0.206349 0.100719 0.203175 0.100719 0.200000 0.104317 0.200000 0.107914 0.196825 0.111511 0.196825 0.118705 0.200000 0.122302 0.203175 0.122302 0.206349 0.125899 0.212698 0.118705 0.215873 0.107914 0.222222 0.100719 0.222222 0.097122 0.225397 0.093525 0.225397 0.089928
0 0.292063 0.086331 0.292063 0.089928 0.288889 0.093525 0.288889 0.100719 0.295238 0.107914 0.298413 0.107914 0.301587 0.104317 0.304762 0.104317 0.307937 0.100719 0.307937 0.093525 0.304762 0.089928 0.304762 0.086331
0 0.536508 0.086331 0.533333 0.089928 0.533333 0.107914 0.539683 0.115108 0.542857 0.115108 0.546032 0.118705 0.549206 0.115108 0.552381 0.115108 0.555556 0.111511 0.555556 0.100719 0.552381 0.097122 0.552381 0.093525 0.549206 0.089928 0.546032 0.089928 0.542857 0.086331
0 0.469841 0.089928 0.457143 0.089928 0.450794 0.097122 0.450794 0.111511 0.453968 0.115108 0.460317 0.115108 0.463492 0.111511 0.466667 0.111511 0.473016 0.104317 0.473016 0.093525
0 0.987302 0.093525 0.980952 0.100719 0.980952 0.104317 0.987302 0.111511 0.990476 0.111511 0.993651 0.115108 0.996825 0.111511 0.996825 0.097122 0.993651 0.093525
0 0.834921 0.097122 0.831746 0.100719 0.831746 0.115108 0.838095 0.122302 0.850794 0.122302 0.853968 0.118705 0.853968 0.111511 0.850794 0.107914 0.850794 0.104317 0.844444 0.097122
0 0.241270 0.104317 0.234921 0.104317 0.231746 0.107914 0.228571 0.107914 0.228571 0.111511 0.225397 0.115108 0.225397 0.122302 0.228571 0.125899 0.228571 0.129496 0.231746 0.133094 0.238095 0.133094 0.241270 0.129496 0.244444 0.129496 0.247619 0.125899 0.247619 0.111511
0 0.307937 0.111511 0.307937 0.115108 0.304762 0.118705 0.304762 0.122302 0.307937 0.125899 0.307937 0.129496 0.311111 0.133094 0.314286 0.133094 0.317460 0.136691 0.320635 0.136691 0.323810 0.133094 0.326984 0.133094 0.330159 0.129496 0.330159 0.115108 0.326984 0.111511
0 0.641270 0.118705 0.634921 0.125899 0.634921 0.129496 0.638095 0.133094 0.638095 0.140288 0.641270 0.143885 0.641270 0.147482 0.647619 0.154676 0.657143 0.154676 0.663492 0.143885 0.660317 0.140288 0.660317 0.136691 0.657143 0.133094 0.657143 0.129496 0.650794 0.122302 0.647619 0.122302 0.644444 0.118705
0 0.257143 0.133094 0.257143 0.154676 0.260317 0.154676 0.263492 0.158273 0.273016 0.158273 0.273016 0.154676 0.276190 0.151079 0.276190 0.136691 0.273016 0.133094 0.269841 0.133094 0.266667 0.129496 0.263492 0.129496 0.260317 0.133094
0 0.603175 0.133094 0.600000 0.136691 0.600000 0.147482 0.603175 0.151079 0.603175 0.154676 0.606349 0.158273 0.619048 0.158273 0.625397 0.151079 0.625397 0.140288 0.622222 0.136691 0.622222 0.133094 0.619048 0.129496 0.609524 0.129496 0.606349 0.133094
0 0.673016 0.129496 0.669841 0.133094 0.669841 0.147482 0.673016 0.151079 0.676190 0.151079 0.679365 0.154676 0.688889 0.154676 0.695238 0.147482 0.695238 0.136691 0.688889 0.129496
0 0.428571 0.136691 0.409524 0.136691 0.403175 0.147482 0.403175 0.158273 0.412698 0.165468 0.415873 0.161871 0.422222 0.161871 0.431746 0.151079 0.431746 0.140288
0 0.492063 0.140288 0.492063 0.143885 0.488889 0.147482 0.488889 0.158273 0.492063 0.161871 0.492063 0.165468 0.495238 0.165468 0.498413 0.169065 0.514286 0.169065 0.517460 0.165468 0.520635 0.165468 0.520635 0.158273 0.523810 0.154676 0.523810 0.151079 0.517460 0.140288 0.514286 0.140288 0.511111 0.136691 0.498413 0.136691 0.495238 0.140288
0 0.873016 0.143885 0.866667 0.143885 0.860317 0.151079 0.860317 0.169065 0.863492 0.172662 0.866667 0.172662 0.869841 0.176259 0.873016 0.172662 0.876190 0.172662 0.882540 0.165468 0.882540 0.154676 0.879365 0.151079 0.879365 0.147482 0.876190 0.147482
0 0.933333 0.147482 0.930159 0.151079 0.930159 0.158273 0.933333 0.161871 0.930159 0.165468 0.930159 0.169065 0.933333 0.172662 0.936508 0.183453 0.939683 0.187050 0.949206 0.187050 0.952381 0.183453 0.955556 0.183453 0.961905 0.176259 0.961905 0.169065 0.958730 0.165468 0.958730 0.161871 0.949206 0.151079 0.946032 0.151079 0.942857 0.147482
0 0.828571 0.151079 0.828571 0.154676 0.825397 0.158273 0.828571 0.161871 0.828571 0.169065 0.834921 0.176259 0.838095 0.176259 0.841270 0.179856 0.847619 0.172662 0.847619 0.158273 0.841270 0.151079
0 0.177778 0.154676 0.177778 0.158273 0.174603 0.161871 0.177778 0.165468 0.177778 0.169065 0.180952 0.172662 0.180952 0.176259 0.196825 0.176259 0.196825 0.172662 0.200000 0.169065 0.200000 0.165468 0.190476 0.154676
0 0.444444 0.154676 0.444444 0.172662 0.447619 0.176259 0.450794 0.176259 0.453968 0.172662 0.453968 0.165468 0.457143 0.161871 0.460317 0.161871 0.460317 0.158273 0.457143 0.158273 0.453968 0.154676
0 0.542857 0.158273 0.539683 0.161871 0.539683 0.176259 0.542857 0.179856 0.549206 0.179856 0.552381 0.183453 0.561905 0.183453 0.568254 0.176259 0.568254 0.169065 0.565079 0.165468 0.565079 0.161871 0.558730 0.154676 0.549206 0.154676 0.546032 0.158273
0 0.250794 0.158273 0.241270 0.158273 0.238095 0.161871 0.238095 0.169065 0.234921 0.172662 0.234921 0.179856 0.241270 0.187050 0.244444 0.187050 0.253968 0.176259 0.253968 0.165468 0.250794 0.161871
0 0.987302 0.158273 0.980952 0.165468 0.980952 0.169065 0.977778 0.172662 0.980952 0.176259 0.980952 0.179856 0.987302 0.187050 0.993651 0.187050 0.996825 0.183453 0.996825 0.165468 0.993651 0.161871 0.993651 0.158273
0 0.917460 0.165468 0.911111 0.172662 0.911111 0.183453 0.914286 0.187050 0.917460 0.187050 0.920635 0.190647 0.933333 0.190647 0.936508 0.187050 0.933333 0.183453 0.933333 0.179856 0.930159 0.176259 0.930159 0.172662 0.926984 0.169065 0.926984 0.165468
0 0.333333 0.169065 0.326984 0.176259 0.326984 0.187050 0.333333 0.194245 0.346032 0.194245 0.352381 0.187050 0.352381 0.176259 0.346032 0.169065
0 0.371429 0.169065 0.371429 0.172662 0.368254 0.176259 0.368254 0.179856 0.371429 0.183453 0.371429 0.187050 0.374603 0.190647 0.390476 0.190647 0.393651 0.187050 0.393651 0.176259 0.390476 0.172662 0.387302 0.172662 0.384127 0.169065
0 0.650794 0.179856 0.650794 0.187050 0.660317 0.197842 0.673016 0.197842 0.679365 0.190647 0.679365 0.179856 0.673016 0.172662 0.663492 0.172662 0.660317 0.176259 0.653968 0.176259
0 0.701587 0.172662 0.695238 0.179856 0.695238 0.183453 0.692063 0.187050 0.692063 0.190647 0.695238 0.194245 0.695238 0.201439 0.704762 0.208633 0.714286 0.208633 0.720635 0.201439 0.720635 0.194245 0.717460 0.190647 0.717460 0.183453 0.711111 0.172662
0 0.736508 0.183453 0.736508 0.187050 0.733333 0.190647 0.733333 0.201439 0.736508 0.205036 0.736508 0.208633 0.749206 0.208633 0.758730 0.201439 0.758730 0.197842 0.761905 0.194245 0.755556 0.183453
0 0.257143 0.194245 0.257143 0.197842 0.253968 0.201439 0.253968 0.208633 0.260317 0.219424 0.263492 0.219424 0.266667 0.223022 0.276190 0.223022 0.285714 0.212230 0.285714 0.205036 0.282540 0.201439 0.282540 0.197842 0.276190 0.190647 0.263492 0.190647 0.260317 0.194245
0 0.517460 0.197842 0.514286 0.197842 0.511111 0.194245 0.507937 0.194245 0.504762 0.197842 0.501587 0.197842 0.488889 0.212230 0.488889 0.215827 0.492063 0.215827 0.495238 0.219424 0.507937 0.219424 0.517460 0.208633
0 0.196825 0.197842 0.193651 0.201439 0.193651 0.219424 0.196825 0.223022 0.196825 0.226619 0.206349 0.226619 0.206349 0.223022 0.209524 0.219424 0.209524 0.197842
0 0.425397 0.201439 0.419048 0.201439 0.415873 0.205036 0.412698 0.205036 0.409524 0.208633 0.409524 0.219424 0.412698 0.223022 0.415873 0.223022 0.419048 0.226619 0.422222 0.226619 0.425397 0.223022 0.428571 0.223022 0.428571 0.219424 0.431746 0.215827 0.431746 0.208633
0 0.882540 0.208633 0.876190 0.208633 0.873016 0.212230 0.869841 0.212230 0.866667 0.215827 0.866667 0.223022 0.869841 0.223022 0.876190 0.230216 0.879365 0.230216 0.882540 0.226619 0.882540 0.219424 0.885714 0.215827 0.882540 0.212230
0 0.155556 0.215827 0.155556 0.226619 0.161905 0.233813 0.171429 0.233813 0.174603 0.230216 0.177778 0.230216 0.177778 0.215827 0.174603 0.215827 0.171429 0.212230 0.158730 0.212230
0 0.307937 0.215827 0.304762 0.219424 0.304762 0.230216 0.307937 0.233813 0.307937 0.237410 0.314286 0.244604 0.326984 0.244604 0.333333 0.233813 0.330159 0.230216 0.330159 0.226619 0.320635 0.215827
0 0.526984 0.219424 0.526984 0.230216 0.530159 0.233813 0.546032 0.233813 0.549206 0.230216 0.549206 0.219424 0.546032 0.215827 0.530159 0.215827
0 0.917460 0.219424 0.920635 0.223022 0.920635 0.226619 0.933333 0.226619 0.936508 0.223022 0.939683 0.223022 0.936508 0.219424 0.923810 0.219424 0.920635 0.215827
0 0.574603 0.226619 0.574603 0.230216 0.577778 0.233813 0.577778 0.241007 0.587302 0.248201 0.590476 0.244604 0.600000 0.244604 0.606349 0.237410 0.606349 0.233813 0.603175 0.230216 0.603175 0.226619 0.596825 0.219424 0.580952 0.219424
0 0.685714 0.226619 0.682540 0.223022 0.679365 0.223022 0.676190 0.219424 0.673016 0.223022 0.669841 0.223022 0.666667 0.226619 0.666667 0.233813 0.669841 0.237410 0.669841 0.241007 0.682540 0.241007 0.685714 0.237410
0 0.796825 0.226619 0.796825 0.241007 0.803175 0.248201 0.812698 0.248201 0.819048 0.241007 0.819048 0.230216 0.815873 0.226619 0.809524 0.226619 0.806349 0.223022 0.803175 0.223022 0.800000 0.226619
0 0.698413 0.233813 0.698413 0.244604 0.701587 0.244604 0.711111 0.251799 0.726984 0.251799 0.726984 0.248201 0.730159 0.244604 0.730159 0.230216 0.726984 0.230216 0.723810 0.226619 0.714286 0.226619 0.711111 0.230216 0.704762 0.230216 0.701587 0.233813
0 0.752381 0.226619 0.746032 0.233813 0.746032 0.244604 0.749206 0.248201 0.755556 0.248201 0.758730 0.251799 0.761905 0.248201 0.765079 0.248201 0.771429 0.241007 0.771429 0.230216 0.765079 0.230216 0.761905 0.226619
0 0.444444 0.230216 0.444444 0.233813 0.441270 0.237410 0.441270 0.251799 0.444444 0.255396 0.444444 0.258993 0.453968 0.258993 0.457143 0.255396 0.457143 0.251799 0.460317 0.248201 0.460317 0.233813 0.457143 0.230216
0 0.368254 0.237410 0.365079 0.233813 0.361905 0.233813 0.358730 0.237410 0.352381 0.237410 0.352381 0.251799 0.361905 0.251799 0.368254 0.244604
0 0.409524 0.244604 0.406349 0.241007 0.403175 0.241007 0.400000 0.237410 0.393651 0.237410 0.390476 0.241007 0.387302 0.241007 0.387302 0.244604 0.384127 0.248201 0.384127 0.255396 0.390476 0.262590 0.393651 0.258993 0.403175 0.258993 0.409524 0.251799
0 0.568254 0.244604 0.565079 0.248201 0.565079 0.258993 0.571429 0.266187 0.584127 0.266187 0.587302 0.262590 0.587302 0.251799 0.584127 0.248201 0.580952 0.248201 0.574603 0.241007 0.571429 0.244604
0 0.149206 0.251799 0.139683 0.251799 0.136508 0.255396 0.133333 0.255396 0.126984 0.262590 0.126984 0.266187 0.130159 0.269784 0.130159 0.273381 0.133333 0.273381 0.136508 0.276978 0.139683 0.273381 0.142857 0.273381 0.146032 0.269784 0.149206 0.269784 0.152381 0.266187 0.152381 0.255396
0 0.638095 0.255396 0.638095 0.258993 0.634921 0.262590 0.634921 0.266187 0.638095 0.269784 0.641270 0.269784 0.644444 0.273381 0.650794 0.273381 0.657143 0.266187 0.657143 0.262590 0.650794 0.255396 0.647619 0.255396 0.644444 0.251799 0.641270 0.255396
0 0.860317 0.251799 0.860317 0.266187 0.869841 0.276978 0.879365 0.276978 0.882540 0.273381 0.882540 0.262590 0.876190 0.255396 0.873016 0.255396 0.869841 0.251799
0 0.768254 0.255396 0.761905 0.262590 0.761905 0.273381 0.765079 0.276978 0.777778 0.276978 0.787302 0.266187 0.787302 0.262590 0.784127 0.258993 0.784127 0.255396
0 0.390476 0.266187 0.384127 0.258993 0.377778 0.258993 0.374603 0.262590 0.371429 0.262590 0.368254 0.266187 0.368254 0.276978 0.371429 0.280576 0.384127 0.280576 0.387302 0.276978 0.387302 0.273381 0.390476 0.269784
0 0.609524 0.258993 0.606349 0.262590 0.606349 0.276978 0.609524 0.276978 0.612698 0.280576 0.622222 0.280576 0.628571 0.273381 0.628571 0.266187 0.622222 0.258993
0 0.466667 0.269784 0.466667 0.280576 0.473016 0.287770 0.479365 0.287770 0.482540 0.291367 0.485714 0.287770 0.488889 0.287770 0.492063 0.284173 0.492063 0.276978 0.488889 0.273381 0.488889 0.269784 0.485714 0.269784 0.482540 0.266187 0.469841 0.266187
0 0.180952 0.273381 0.177778 0.269784 0.168254 0.269784 0.161905 0.276978 0.161905 0.291367 0.174603 0.291367 0.180952 0.284173
0 0.241270 0.280576 0.244444 0.284173 0.244444 0.287770 0.247619 0.291367 0.250794 0.291367 0.253968 0.287770 0.263492 0.287770 0.260317 0.284173 0.260317 0.280576 0.257143 0.280576 0.250794 0.273381 0.247619 0.273381
0 0.409524 0.276978 0.403175 0.276978 0.400000 0.280576 0.396825 0.280576 0.396825 0.284173 0.393651 0.287770 0.393651 0.302158 0.396825 0.305755 0.400000 0.305755 0.403175 0.309353 0.406349 0.309353 0.415873 0.298561 0.415873 0.280576 0.412698 0.280576
0 0.647619 0.280576 0.644444 0.284173 0.644444 0.291367 0.647619 0.294964 0.647619 0.298561 0.650794 0.302158 0.660317 0.302158 0.663492 0.298561 0.663492 0.294964 0.666667 0.291367 0.666667 0.287770 0.663492 0.284173 0.660317 0.284173 0.657143 0.280576
0 0.996825 0.280576 0.993651 0.280576 0.990476 0.284173 0.990476 0.294964 0.993651 0.298561 0.993651 0.312950 0.996825 0.309353
0 0.196825 0.287770 0.193651 0.291367 0.193651 0.305755 0.190476 0.309353 0.196825 0.316547 0.206349 0.316547 0.209524 0.312950 0.212698 0.312950 0.212698 0.294964 0.206349 0.287770
0 0.304762 0.291367 0.304762 0.294964 0.301587 0.298561 0.304762 0.302158 0.304762 0.305755 0.307937 0.309353 0.311111 0.309353 0.314286 0.312950 0.317460 0.312950 0.320635 0.309353 0.326984 0.309353 0.326984 0.305755 0.330159 0.302158 0.326984 0.298561 0.326984 0.294964 0.323810 0.291367 0.320635 0.291367 0.317460 0.287770 0.311111 0.287770 0.307937 0.291367
0 0.133333 0.294964 0.130159 0.298561 0.130159 0.312950 0.136508 0.320144 0.146032 0.320144 0.155556 0.309353 0.155556 0.294964
0 0.511111 0.294964 0.507937 0.294964 0.504762 0.298561 0.501587 0.298561 0.488889 0.312950 0.488889 0.316547 0.485714 0.320144 0.485714 0.323741 0.488889 0.327338 0.501587 0.327338 0.511111 0.316547 0.511111 0.309353 0.514286 0.305755 0.514286 0.298561
0 0.539683 0.302158 0.539683 0.316547 0.542857 0.320144 0.546032 0.320144 0.549206 0.323741 0.561905 0.323741 0.568254 0.316547 0.568254 0.312950 0.565079 0.309353 0.565079 0.305755 0.561905 0.302158 0.558730 0.302158 0.555556 0.298561 0.546032 0.298561 0.542857 0.302158
0 0.168254 0.316547 0.168254 0.327338 0.174603 0.334532 0.177778 0.334532 0.180952 0.338129 0.190476 0.338129 0.196825 0.330935 0.196825 0.320144 0.190476 0.312950 0.171429 0.312950
0 0.253968 0.327338 0.253968 0.338129 0.257143 0.341727 0.269841 0.341727 0.276190 0.334532 0.273016 0.330935 0.273016 0.327338 0.269841 0.327338 0.266667 0.323741 0.257143 0.323741
0 0.228571 0.327338 0.228571 0.341727 0.231746 0.345324 0.231746 0.352518 0.234921 0.356115 0.234921 0.359712 0.241270 0.352518 0.241270 0.338129 0.238095 0.334532 0.238095 0.330935 0.234921 0.327338
0 0.326984 0.334532 0.326984 0.345324 0.330159 0.348921 0.330159 0.352518 0.333333 0.356115 0.336508 0.356115 0.342857 0.363309 0.355556 0.363309 0.358730 0.359712 0.361905 0.359712 0.368254 0.352518 0.368254 0.345324 0.355556 0.330935 0.352381 0.330935 0.349206 0.327338 0.336508 0.327338
0 0.450794 0.330935 0.450794 0.341727 0.457143 0.348921 0.460317 0.348921 0.463492 0.352518 0.466667 0.348921 0.466667 0.341727 0.463492 0.338129 0.463492 0.334532 0.460317 0.330935
0 0.600000 0.330935 0.600000 0.334532 0.596825 0.338129 0.596825 0.345324 0.606349 0.356115 0.609524 0.356115 0.612698 0.359712 0.615873 0.356115 0.619048 0.356115 0.619048 0.338129 0.612698 0.330935
0 0.650794 0.330935 0.644444 0.330935 0.641270 0.334532 0.638095 0.334532 0.638095 0.338129 0.634921 0.341727 0.634921 0.356115 0.641270 0.363309 0.647619 0.363309 0.650794 0.359712 0.653968 0.359712 0.663492 0.348921 0.663492 0.341727 0.657143 0.334532 0.653968 0.334532
0 0.577778 0.348921 0.571429 0.341727 0.565079 0.341727 0.561905 0.345324 0.555556 0.345324 0.552381 0.348921 0.552381 0.356115 0.558730 0.363309 0.571429 0.363309 0.577778 0.356115
0 0.298413 0.352518 0.295238 0.348921 0.288889 0.348921 0.285714 0.352518 0.282540 0.352518 0.279365 0.356115 0.273016 0.356115 0.266667 0.363309 0.276190 0.374101 0.288889 0.374101 0.292063 0.370504 0.292063 0.366906 0.295238 0.363309 0.295238 0.359712 0.298413 0.356115
0 0.498413 0.348921 0.495238 0.352518 0.495238 0.356115 0.498413 0.359712 0.498413 0.366906 0.501587 0.370504 0.501587 0.374101 0.504762 0.377698 0.507937 0.377698 0.511111 0.381295 0.514286 0.381295 0.517460 0.377698 0.517460 0.363309 0.514286 0.359712 0.514286 0.356115 0.507937 0.348921
0 0.936508 0.352518 0.936508 0.356115 0.933333 0.359712 0.933333 0.363309 0.936508 0.366906 0.936508 0.370504 0.942857 0.377698 0.955556 0.377698 0.958730 0.374101 0.958730 0.370504 0.961905 0.366906 0.961905 0.363309 0.958730 0.359712 0.955556 0.359712 0.949206 0.352518
0 0.809524 0.359712 0.806349 0.356115 0.796825 0.356115 0.793651 0.359712 0.790476 0.359712 0.784127 0.366906 0.784127 0.374101 0.787302 0.377698 0.787302 0.381295 0.803175 0.381295 0.803175 0.377698 0.809524 0.370504
0 0.834921 0.363309 0.834921 0.374101 0.838095 0.377698 0.844444 0.377698 0.847619 0.381295 0.850794 0.381295 0.853968 0.377698 0.857143 0.377698 0.860317 0.374101 0.860317 0.363309 0.853968 0.356115 0.841270 0.356115
0 0.431746 0.359712 0.425397 0.370504 0.425397 0.377698 0.434921 0.388489 0.438095 0.388489 0.441270 0.392086 0.450794 0.381295 0.450794 0.377698 0.453968 0.374101 0.447619 0.363309 0.444444 0.363309 0.441270 0.359712
0 0.679365 0.366906 0.673016 0.374101 0.673016 0.384892 0.679365 0.392086 0.682540 0.392086 0.685714 0.395683 0.688889 0.395683 0.692063 0.392086 0.695238 0.392086 0.698413 0.388489 0.698413 0.374101 0.692063 0.366906
0 0.730159 0.370504 0.726984 0.374101 0.726984 0.377698 0.723810 0.381295 0.723810 0.388489 0.726984 0.392086 0.726984 0.395683 0.730159 0.399281 0.736508 0.399281 0.739683 0.395683 0.742857 0.395683 0.746032 0.392086 0.746032 0.388489 0.749206 0.384892 0.746032 0.381295 0.746032 0.377698 0.739683 0.370504
0 0.968254 0.377698 0.968254 0.381295 0.971429 0.384892 0.971429 0.388489 0.974603 0.392086 0.990476 0.392086 0.990476 0.388489 0.993651 0.384892 0.993651 0.381295 0.987302 0.374101 0.984127 0.374101 0.980952 0.370504 0.974603 0.370504
0 0.088889 0.406475 0.120635 0.406475 0.123810 0.402878 0.136508 0.402878 0.139683 0.399281 0.139683 0.395683 0.133333 0.388489 0.126984 0.388489 0.123810 0.384892 0.117460 0.384892 0.114286 0.381295 0.104762 0.381295 0.101587 0.384892 0.092063 0.388489 0.092063 0.392086 0.088889 0.395683
0 0.593651 0.381295 0.584127 0.381295 0.580952 0.384892 0.577778 0.384892 0.571429 0.392086 0.571429 0.402878 0.577778 0.410072 0.587302 0.410072 0.596825 0.399281 0.596825 0.384892
0 0.371429 0.384892 0.355556 0.384892 0.352381 0.388489 0.352381 0.406475 0.355556 0.410072 0.358730 0.410072 0.361905 0.413669 0.365079 0.410072 0.368254 0.410072 0.374603 0.402878 0.374603 0.399281 0.377778 0.395683 0.377778 0.392086
0 0.463492 0.399281 0.466667 0.402878 0.469841 0.402878 0.473016 0.406475 0.482540 0.406475 0.492063 0.395683 0.488889 0.392086 0.488889 0.388489 0.485714 0.388489 0.482540 0.384892 0.469841 0.384892 0.466667 0.388489 0.466667 0.392086 0.463492 0.395683
0 0.622222 0.384892 0.615873 0.392086 0.615873 0.399281 0.619048 0.402878 0.619048 0.406475 0.631746 0.406475 0.638095 0.399281 0.638095 0.392086 0.634921 0.388489 0.631746 0.388489 0.628571 0.384892
0 0.787302 0.388489 0.787302 0.399281 0.790476 0.402878 0.796825 0.402878 0.800000 0.406475 0.806349 0.406475 0.809524 0.402878 0.812698 0.402878 0.815873 0.399281 0.815873 0.395683 0.809524 0.388489 0.806349 0.388489 0.803175 0.384892 0.790476 0.384892
0 0.444444 0.392086 0.438095 0.399281 0.438095 0.410072 0.447619 0.420863 0.450794 0.420863 0.453968 0.424460 0.460317 0.424460 0.463492 0.420863 0.463492 0.402878 0.460317 0.402878 0.453968 0.395683 0.450794 0.395683 0.447619 0.392086
0 0.393651 0.406475 0.387302 0.413669 0.387302 0.428058 0.390476 0.431655 0.400000 0.431655 0.406349 0.424460 0.406349 0.420863 0.409524 0.417266 0.406349 0.413669 0.406349 0.410072 0.403175 0.406475
0 0.673016 0.420863 0.669841 0.417266 0.666667 0.417266 0.657143 0.410072 0.653968 0.413669 0.647619 0.413669 0.641270 0.420863 0.641270 0.431655 0.647619 0.438849 0.666667 0.438849 0.673016 0.431655
0 0.498413 0.413669 0.476190 0.424460 0.476190 0.428058 0.473016 0.431655 0.473016 0.446043 0.482540 0.464029 0.498413 0.464029 0.504762 0.453237 0.504762 0.428058 0.501587 0.424460 0.501587 0.417266
0 0.603175 0.413669 0.600000 0.417266 0.600000 0.431655 0.606349 0.438849 0.612698 0.438849 0.615873 0.442446 0.619048 0.442446 0.625397 0.435252 0.625397 0.428058 0.615873 0.417266 0.612698 0.417266 0.609524 0.413669
0 0.095238 0.428058 0.095238 0.435252 0.098413 0.438849 0.101587 0.438849 0.104762 0.442446 0.117460 0.442446 0.120635 0.438849 0.120635 0.428058 0.117460 0.424460 0.114286 0.424460 0.111111 0.420863 0.104762 0.420863 0.101587 0.424460 0.098413 0.424460
0 0.193651 0.424460 0.184127 0.431655 0.184127 0.446043 0.190476 0.453237 0.193651 0.453237 0.196825 0.456835 0.196825 0.464029 0.200000 0.464029 0.200000 0.456835 0.206349 0.446043 0.206349 0.431655 0.203175 0.428058 0.200000 0.428058 0.196825 0.424460
0 0.955556 0.424460 0.949206 0.431655 0.949206 0.446043 0.952381 0.446043 0.955556 0.449640 0.968254 0.449640 0.974603 0.442446 0.974603 0.431655 0.968254 0.424460
0 0.825397 0.435252 0.825397 0.442446 0.831746 0.449640 0.847619 0.449640 0.850794 0.446043 0.850794 0.438849 0.841270 0.428058 0.831746 0.428058
0 0.412698 0.438849 0.412698 0.453237 0.415873 0.456835 0.428571 0.456835 0.431746 0.453237 0.434921 0.453237 0.438095 0.449640 0.438095 0.438849 0.431746 0.431655 0.419048 0.431655
0 0.911111 0.435252 0.907937 0.438849 0.907937 0.453237 0.917460 0.464029 0.926984 0.464029 0.936508 0.453237 0.936508 0.446043 0.933333 0.442446 0.930159 0.442446 0.920635 0.435252
0 0.568254 0.442446 0.568254 0.453237 0.571429 0.456835 0.574603 0.456835 0.577778 0.460432 0.580952 0.460432 0.584127 0.456835 0.590476 0.456835 0.593651 0.453237 0.593651 0.449640 0.590476 0.446043 0.590476 0.442446 0.584127 0.442446 0.580952 0.438849 0.574603 0.438849 0.571429 0.442446
0 0.873016 0.442446 0.869841 0.446043 0.869841 0.456835 0.873016 0.460432 0.873016 0.464029 0.876190 0.467626 0.885714 0.467626 0.892063 0.460432 0.892063 0.456835 0.895238 0.453237 0.892063 0.449640 0.892063 0.446043 0.888889 0.442446
0 0.326984 0.446043 0.320635 0.456835 0.320635 0.460432 0.323810 0.464029 0.323810 0.471223 0.326984 0.474820 0.326984 0.478417 0.333333 0.485612 0.342857 0.485612 0.346032 0.482014 0.346032 0.474820 0.349206 0.471223 0.349206 0.464029 0.346032 0.460432 0.346032 0.456835 0.342857 0.456835 0.333333 0.446043
0 0.774603 0.446043 0.755556 0.446043 0.752381 0.449640 0.752381 0.453237 0.749206 0.456835 0.752381 0.460432 0.752381 0.467626 0.758730 0.478417 0.765079 0.478417 0.768254 0.474820 0.771429 0.474820 0.780952 0.464029 0.780952 0.453237
0 0.225397 0.449640 0.219048 0.456835 0.219048 0.464029 0.222222 0.467626 0.222222 0.471223 0.225397 0.474820 0.228571 0.474820 0.234921 0.482014 0.244444 0.482014 0.247619 0.478417 0.247619 0.467626 0.244444 0.464029 0.244444 0.460432 0.241270 0.456835 0.238095 0.456835 0.234921 0.453237 0.231746 0.453237 0.228571 0.449640
0 0.174603 0.456835 0.171429 0.456835 0.168254 0.460432 0.165079 0.460432 0.161905 0.464029 0.161905 0.467626 0.158730 0.471223 0.158730 0.482014 0.161905 0.482014 0.165079 0.485612 0.177778 0.485612 0.177778 0.482014 0.180952 0.478417 0.180952 0.464029
0 0.142857 0.460432 0.139683 0.460432 0.130159 0.471223 0.126984 0.471223 0.123810 0.474820 0.120635 0.474820 0.114286 0.482014 0.114286 0.485612 0.123810 0.485612 0.130159 0.478417 0.136508 0.478417 0.142857 0.471223
0 0.707937 0.464029 0.701587 0.471223 0.701587 0.474820 0.698413 0.478417 0.698413 0.496403 0.701587 0.500000 0.701587 0.503597 0.704762 0.503597 0.707937 0.507194 0.714286 0.507194 0.717460 0.503597 0.720635 0.503597 0.730159 0.492806 0.730159 0.478417 0.723810 0.467626 0.720635 0.467626 0.717460 0.464029
0 0.520635 0.467626 0.514286 0.474820 0.514286 0.482014 0.517460 0.485612 0.517460 0.489209 0.520635 0.492806 0.526984 0.492806 0.536508 0.482014 0.536508 0.478417 0.533333 0.474820 0.533333 0.471223 0.530159 0.467626
0 0.428571 0.478417 0.428571 0.482014 0.434921 0.489209 0.441270 0.489209 0.444444 0.492806 0.447619 0.492806 0.450794 0.489209 0.453968 0.489209 0.457143 0.485612 0.457143 0.474820 0.453968 0.471223 0.434921 0.471223
0 0.853968 0.471223 0.844444 0.471223 0.841270 0.474820 0.838095 0.474820 0.834921 0.478417 0.834921 0.492806 0.838095 0.496403 0.850794 0.496403 0.857143 0.489209 0.857143 0.474820
0 0.273016 0.482014 0.273016 0.492806 0.276190 0.496403 0.279365 0.496403 0.282540 0.500000 0.288889 0.500000 0.292063 0.496403 0.295238 0.496403 0.295238 0.492806 0.298413 0.489209 0.298413 0.482014 0.295238 0.478417 0.295238 0.474820 0.279365 0.474820
0 0.669841 0.478417 0.663492 0.478417 0.660317 0.482014 0.657143 0.482014 0.653968 0.485612 0.653968 0.492806 0.650794 0.496403 0.653968 0.500000 0.653968 0.503597 0.657143 0.503597 0.660317 0.507194 0.663492 0.507194 0.666667 0.503597 0.669841 0.503597 0.673016 0.500000 0.673016 0.482014
0 0.790476 0.482014 0.777778 0.496403 0.774603 0.507194 0.780952 0.514388 0.784127 0.514388 0.787302 0.517986 0.800000 0.517986 0.806349 0.510791 0.806349 0.500000 0.809524 0.496403 0.806349 0.492806 0.806349 0.489209 0.800000 0.482014
0 0.209524 0.492806 0.209524 0.514388 0.212698 0.517986 0.225397 0.517986 0.234921 0.507194 0.234921 0.500000 0.228571 0.492806 0.225397 0.492806 0.222222 0.489209 0.215873 0.489209 0.212698 0.492806
0 0.990476 0.496403 0.987302 0.496403 0.977778 0.489209 0.974603 0.489209 0.971429 0.492806 0.961905 0.496403 0.955556 0.503597 0.955556 0.521583 0.958730 0.521583 0.961905 0.525180 0.977778 0.525180 0.990476 0.510791
0 0.307937 0.496403 0.307937 0.500000 0.304762 0.503597 0.304762 0.514388 0.314286 0.514388 0.317460 0.517986 0.323810 0.517986 0.326984 0.514388 0.330159 0.514388 0.330159 0.510791 0.326984 0.507194 0.326984 0.503597 0.317460 0.492806 0.311111 0.492806
0 0.917460 0.496403 0.917460 0.500000 0.914286 0.503597 0.914286 0.510791 0.917460 0.510791 0.923810 0.517986 0.933333 0.517986 0.936508 0.514388 0.936508 0.510791 0.939683 0.507194 0.936508 0.503597 0.936508 0.500000 0.930159 0.492806 0.923810 0.492806 0.920635 0.496403
0 0.577778 0.503597 0.577778 0.507194 0.587302 0.514388 0.609524 0.514388 0.612698 0.517986 0.615873 0.517986 0.619048 0.514388 0.615873 0.510791 0.609524 0.510791 0.596825 0.496403 0.584127 0.496403
0 0.250794 0.510791 0.250794 0.521583 0.257143 0.528777 0.273016 0.528777 0.279365 0.521583 0.279365 0.514388 0.273016 0.503597 0.253968 0.503597 0.253968 0.507194
0 0.847619 0.535971 0.850794 0.535971 0.853968 0.532374 0.869841 0.532374 0.873016 0.528777 0.879365 0.528777 0.888889 0.517986 0.888889 0.514388 0.863492 0.514388 0.860317 0.517986 0.857143 0.517986 0.847619 0.525180
0 0.168254 0.521583 0.165079 0.517986 0.158730 0.517986 0.155556 0.521583 0.152381 0.521583 0.146032 0.528777 0.146032 0.532374 0.149206 0.535971 0.165079 0.535971 0.168254 0.532374
0 0.453968 0.517986 0.450794 0.521583 0.450794 0.539568 0.453968 0.543165 0.453968 0.546763 0.457143 0.550360 0.476190 0.550360 0.476190 0.539568 0.473016 0.535971 0.473016 0.532374 0.466667 0.525180 0.466667 0.521583 0.463492 0.517986
0 0.492063 0.517986 0.488889 0.521583 0.488889 0.535971 0.492063 0.539568 0.495238 0.539568 0.498413 0.543165 0.504762 0.543165 0.511111 0.535971 0.511111 0.528777 0.504762 0.521583 0.501587 0.521583 0.498413 0.517986
0 0.419048 0.521583 0.412698 0.528777 0.412698 0.535971 0.409524 0.539568 0.415873 0.546763 0.419048 0.546763 0.422222 0.550360 0.431746 0.550360 0.438095 0.543165 0.438095 0.532374 0.434921 0.528777 0.434921 0.525180 0.431746 0.525180 0.428571 0.521583
0 0.888889 0.543165 0.888889 0.546763 0.892063 0.546763 0.895238 0.550360 0.901587 0.550360 0.904762 0.553957 0.917460 0.553957 0.926984 0.546763 0.926984 0.543165 0.920635 0.535971 0.917460 0.535971 0.914286 0.532374 0.904762 0.532374 0.901587 0.535971 0.898413 0.535971 0.892063 0.543165
0 0.238095 0.553957 0.238095 0.557554 0.244444 0.564748 0.247619 0.564748 0.250794 0.568345 0.257143 0.568345 0.260317 0.564748 0.263492 0.564748 0.266667 0.561151 0.266667 0.553957 0.263492 0.550360 0.260317 0.550360 0.257143 0.546763 0.244444 0.546763
0 0.342857 0.546763 0.336508 0.553957 0.336508 0.568345 0.342857 0.575540 0.349206 0.575540 0.352381 0.571942 0.355556 0.571942 0.358730 0.568345 0.358730 0.553957 0.352381 0.546763
0 0.533333 0.550360 0.530159 0.546763 0.520635 0.546763 0.517460 0.550360 0.517460 0.557554 0.514286 0.561151 0.517460 0.564748 0.523810 0.564748 0.526984 0.561151 0.530159 0.561151 0.533333 0.557554
0 0.641270 0.561151 0.641270 0.564748 0.644444 0.564748 0.647619 0.568345 0.653968 0.568345 0.657143 0.571942 0.663492 0.571942 0.666667 0.575540 0.676190 0.575540 0.685714 0.568345 0.685714 0.564748 0.688889 0.561151 0.688889 0.553957 0.685714 0.550360 0.663492 0.550360 0.660317 0.553957 0.653968 0.553957 0.650794 0.557554 0.644444 0.557554
0 0.501587 0.557554 0.498413 0.561151 0.498413 0.571942 0.501587 0.575540 0.501587 0.579137 0.507937 0.586331 0.511111 0.586331 0.514286 0.589928 0.517460 0.589928 0.520635 0.586331 0.520635 0.579137 0.514286 0.571942 0.514286 0.564748 0.511111 0.561151 0.504762 0.561151
0 0.282540 0.561151 0.279365 0.564748 0.279365 0.579137 0.282540 0.579137 0.285714 0.582734 0.292063 0.582734 0.298413 0.575540 0.298413 0.568345 0.295238 0.564748 0.295238 0.561151
0 0.400000 0.579137 0.400000 0.586331 0.403175 0.589928 0.412698 0.589928 0.415873 0.586331 0.434921 0.586331 0.438095 0.582734 0.438095 0.575540 0.428571 0.568345 0.409524 0.568345
0 0.692063 0.575540 0.692063 0.589928 0.695238 0.589928 0.698413 0.593525 0.711111 0.593525 0.717460 0.586331 0.717460 0.582734 0.714286 0.579137 0.714286 0.575540 0.711111 0.571942 0.695238 0.571942
0 0.644444 0.589928 0.644444 0.593525 0.641270 0.597122 0.641270 0.600719 0.644444 0.604317 0.644444 0.607914 0.647619 0.611511 0.660317 0.611511 0.666667 0.604317 0.666667 0.600719 0.669841 0.597122 0.663492 0.589928 0.660317 0.589928 0.657143 0.586331 0.650794 0.586331 0.647619 0.589928
0 0.552381 0.593525 0.549206 0.593525 0.546032 0.597122 0.542857 0.597122 0.542857 0.600719 0.539683 0.604317 0.539683 0.618705 0.542857 0.622302 0.546032 0.622302 0.549206 0.625899 0.552381 0.622302 0.555556 0.622302 0.558730 0.618705 0.558730 0.597122 0.555556 0.597122
0 0.574603 0.604317 0.574603 0.618705 0.577778 0.622302 0.584127 0.622302 0.587302 0.625899 0.603175 0.625899 0.606349 0.622302 0.606349 0.611511 0.600000 0.604317 0.596825 0.604317 0.593651 0.600719 0.587302 0.600719 0.584127 0.597122
0 0.114286 0.622302 0.104762 0.633094 0.104762 0.643885 0.111111 0.654676 0.123810 0.654676 0.130159 0.647482 0.133333 0.647482 0.136508 0.643885 0.136508 0.636691 0.126984 0.625899 0.123810 0.625899 0.120635 0.622302
0 0.171429 0.629496 0.171429 0.633094 0.174603 0.636691 0.177778 0.636691 0.180952 0.640288 0.190476 0.640288 0.193651 0.636691 0.193651 0.625899 0.190476 0.622302 0.177778 0.622302
0 0.247619 0.629496 0.244444 0.633094 0.244444 0.640288 0.247619 0.643885 0.250794 0.654676 0.257143 0.661871 0.269841 0.661871 0.273016 0.665468 0.279365 0.654676 0.279365 0.636691 0.269841 0.629496 0.257143 0.629496 0.253968 0.625899 0.250794 0.629496
0 0.368254 0.643885 0.368254 0.654676 0.371429 0.658273 0.374603 0.658273 0.384127 0.665468 0.396825 0.665468 0.403175 0.658273 0.403175 0.647482 0.400000 0.643885 0.393651 0.643885 0.390476 0.640288 0.371429 0.640288
0 0.993651 0.643885 0.987302 0.651079 0.987302 0.665468 0.993651 0.672662 0.996825 0.669065 0.996825 0.647482
0 0.876190 0.651079 0.873016 0.651079 0.869841 0.647482 0.866667 0.647482 0.863492 0.651079 0.857143 0.651079 0.853968 0.654676 0.853968 0.676259 0.857143 0.679856 0.869841 0.679856 0.873016 0.676259 0.873016 0.672662 0.876190 0.669065
0 0.647619 0.654676 0.647619 0.672662 0.650794 0.676259 0.660317 0.676259 0.663492 0.679856 0.669841 0.679856 0.673016 0.676259 0.676190 0.676259 0.682540 0.669065 0.682540 0.654676 0.663492 0.654676 0.660317 0.651079 0.657143 0.654676
0 0.177778 0.658273 0.174603 0.658273 0.171429 0.654676 0.161905 0.654676 0.155556 0.661871 0.155556 0.665468 0.149206 0.672662 0.149206 0.683453 0.152381 0.687050 0.158730 0.687050 0.161905 0.683453 0.165079 0.683453 0.171429 0.676259 0.174603 0.676259 0.177778 0.672662
0 0.333333 0.654676 0.330159 0.658273 0.314286 0.661871 0.298413 0.672662 0.298413 0.694245 0.301587 0.697842 0.304762 0.712230 0.311111 0.719424 0.323810 0.719424 0.336508 0.705036 0.339683 0.705036 0.336508 0.697842 0.336508 0.687050 0.339683 0.679856 0.333333 0.672662
0 0.746032 0.661871 0.746032 0.676259 0.749206 0.679856 0.749206 0.687050 0.755556 0.687050 0.755556 0.665468 0.752381 0.661871
0 0.269841 0.665468 0.257143 0.665468 0.250794 0.672662 0.250794 0.694245 0.253968 0.697842 0.253968 0.705036 0.260317 0.705036 0.263492 0.701439 0.269841 0.701439 0.279365 0.694245 0.276190 0.690647 0.276190 0.676259
0 0.780952 0.665468 0.777778 0.669065 0.777778 0.676259 0.780952 0.679856 0.787302 0.679856 0.790476 0.683453 0.793651 0.679856 0.793651 0.672662 0.790476 0.669065 0.784127 0.669065
0 0.422222 0.669065 0.409524 0.669065 0.406349 0.672662 0.403175 0.672662 0.393651 0.683453 0.387302 0.683453 0.387302 0.687050 0.390476 0.690647 0.390476 0.701439 0.393651 0.701439 0.400000 0.708633 0.419048 0.708633 0.425397 0.701439 0.425397 0.694245 0.428571 0.690647 0.428571 0.683453 0.425397 0.679856 0.425397 0.672662
0 0.933333 0.669065 0.930159 0.672662 0.930159 0.679856 0.926984 0.683453 0.926984 0.690647 0.930159 0.694245 0.930159 0.701439 0.936508 0.708633 0.955556 0.708633 0.958730 0.705036 0.958730 0.687050 0.955556 0.683453 0.952381 0.672662 0.949206 0.669065
0 0.346032 0.672662 0.339683 0.687050 0.339683 0.697842 0.346032 0.708633 0.346032 0.719424 0.352381 0.733813 0.371429 0.733813 0.377778 0.726619 0.380952 0.712230 0.387302 0.705036 0.387302 0.690647 0.384127 0.683453 0.377778 0.679856 0.358730 0.679856
0 0.539683 0.683453 0.539683 0.690647 0.542857 0.694245 0.546032 0.694245 0.549206 0.697842 0.561905 0.697842 0.568254 0.690647 0.568254 0.683453 0.565079 0.679856 0.561905 0.679856 0.558730 0.676259 0.546032 0.676259
0 0.904762 0.676259 0.892063 0.687050 0.892063 0.708633 0.895238 0.712230 0.895238 0.715827 0.911111 0.733813 0.923810 0.723022 0.923810 0.708633 0.920635 0.705036 0.920635 0.697842 0.917460 0.694245 0.917460 0.683453 0.911111 0.676259
0 0.222222 0.679856 0.219048 0.683453 0.215873 0.683453 0.215873 0.687050 0.212698 0.690647 0.212698 0.697842 0.215873 0.701439 0.215873 0.705036 0.222222 0.712230 0.231746 0.712230 0.231746 0.708633 0.234921 0.705036 0.234921 0.690647 0.225397 0.679856
0 0.834921 0.679856 0.831746 0.683453 0.831746 0.694245 0.828571 0.697842 0.831746 0.701439 0.831746 0.705036 0.834921 0.708633 0.834921 0.712230 0.838095 0.708633 0.847619 0.715827 0.847619 0.708633 0.850794 0.705036 0.850794 0.697842 0.847619 0.694245 0.847619 0.690647 0.841270 0.683453 0.838095 0.683453
0 0.974603 0.679856 0.974603 0.683453 0.971429 0.687050 0.971429 0.694245 0.974603 0.697842 0.974603 0.701439 0.980952 0.708633 0.984127 0.708633 0.987302 0.712230 0.990476 0.708633 0.993651 0.708633 0.996825 0.705036 0.996825 0.694245 0.993651 0.690647 0.993651 0.687050 0.987302 0.679856
0 0.473016 0.687050 0.469841 0.690647 0.466667 0.690647 0.466667 0.694245 0.463492 0.697842 0.463492 0.726619 0.473016 0.733813 0.482540 0.733813 0.492063 0.723022 0.492063 0.719424 0.495238 0.715827 0.495238 0.705036 0.492063 0.701439 0.488889 0.690647 0.485714 0.690647 0.482540 0.687050
0 0.603175 0.687050 0.590476 0.687050 0.590476 0.690647 0.580952 0.708633 0.580952 0.723022 0.590476 0.741007 0.593651 0.741007 0.596825 0.737410 0.603175 0.737410 0.609524 0.730216 0.609524 0.723022 0.612698 0.719424 0.612698 0.701439 0.615873 0.697842
0 0.193651 0.690647 0.180952 0.708633 0.180952 0.719424 0.177778 0.723022 0.180952 0.726619 0.180952 0.741007 0.190476 0.755396 0.200000 0.751799 0.206349 0.741007 0.206349 0.723022 0.203175 0.719424 0.203175 0.708633
0 0.517460 0.690647 0.507937 0.690647 0.507937 0.694245 0.504762 0.697842 0.507937 0.701439 0.507937 0.708633 0.498413 0.719424 0.495238 0.719424 0.501587 0.726619 0.501587 0.737410 0.504762 0.737410 0.507937 0.733813 0.511111 0.737410 0.517460 0.730216 0.517460 0.715827 0.520635 0.712230 0.520635 0.694245
0 0.628571 0.690647 0.625397 0.694245 0.622222 0.694245 0.615873 0.701439 0.619048 0.705036 0.619048 0.708633 0.615873 0.712230 0.631746 0.733813 0.638095 0.733813 0.647619 0.726619 0.647619 0.719424 0.650794 0.715827 0.650794 0.701439 0.644444 0.690647
0 0.720635 0.690647 0.711111 0.697842 0.711111 0.705036 0.707937 0.708633 0.707937 0.712230 0.711111 0.715827 0.711111 0.723022 0.714286 0.723022 0.723810 0.733813 0.733333 0.733813 0.736508 0.730216 0.739683 0.730216 0.739683 0.726619 0.742857 0.723022 0.742857 0.712230 0.739683 0.708633 0.739683 0.705036 0.730159 0.694245 0.723810 0.694245
0 0.666667 0.694245 0.653968 0.705036 0.653968 0.715827 0.650794 0.719424 0.653968 0.723022 0.657143 0.741007 0.660317 0.741007 0.663492 0.744604 0.676190 0.744604 0.682540 0.737410 0.682540 0.708633 0.676190 0.697842
0 0.809524 0.694245 0.803175 0.705036 0.803175 0.715827 0.806349 0.719424 0.806349 0.726619 0.809524 0.730216 0.809524 0.733813 0.815873 0.741007 0.825397 0.741007 0.831746 0.733813 0.831746 0.730216 0.834921 0.726619 0.834921 0.715827 0.831746 0.712230 0.825397 0.694245
0 0.853968 0.701439 0.853968 0.705036 0.850794 0.708633 0.850794 0.715827 0.857143 0.715827 0.863492 0.723022 0.866667 0.733813 0.869841 0.730216 0.873016 0.733813 0.885714 0.733813 0.888889 0.730216 0.888889 0.712230 0.879365 0.697842 0.876190 0.697842 0.873016 0.694245 0.866667 0.694245 0.863492 0.697842
0 0.279365 0.697842 0.269841 0.705036 0.263492 0.705036 0.257143 0.708633 0.257143 0.715827 0.253968 0.719424 0.253968 0.737410 0.257143 0.744604 0.269841 0.751799 0.279365 0.751799 0.292063 0.744604 0.292063 0.719424 0.288889 0.715827 0.288889 0.708633
0 0.126984 0.701439 0.120635 0.701439 0.111111 0.712230 0.107937 0.712230 0.111111 0.715827 0.111111 0.748201 0.123810 0.748201 0.126984 0.744604 0.130159 0.744604 0.136508 0.733813 0.136508 0.712230 0.133333 0.708633 0.133333 0.705036 0.130159 0.705036
0 0.168254 0.701439 0.165079 0.701439 0.149206 0.712230 0.149206 0.723022 0.146032 0.726619 0.146032 0.733813 0.149206 0.737410 0.152381 0.748201 0.161905 0.748201 0.171429 0.737410 0.171429 0.733813 0.174603 0.730216 0.174603 0.723022 0.177778 0.719424 0.177778 0.715827 0.174603 0.712230 0.174603 0.705036 0.171429 0.705036
0 0.412698 0.712230 0.400000 0.712230 0.384127 0.726619 0.374603 0.748201 0.377778 0.758993 0.400000 0.766187 0.419048 0.755396 0.425397 0.737410 0.422222 0.733813 0.419048 0.719424
0 0.530159 0.715827 0.530159 0.723022 0.526984 0.726619 0.530159 0.730216 0.530159 0.737410 0.533333 0.741007 0.536508 0.741007 0.546032 0.748201 0.552381 0.748201 0.555556 0.744604 0.558730 0.744604 0.565079 0.737410 0.568254 0.737410 0.568254 0.719424 0.561905 0.712230 0.533333 0.712230
0 0.228571 0.715827 0.228571 0.719424 0.222222 0.726619 0.219048 0.737410 0.222222 0.741007 0.222222 0.748201 0.231746 0.758993 0.234921 0.758993 0.241270 0.751799 0.241270 0.719424 0.238095 0.719424 0.234921 0.715827
0 0.752381 0.715827 0.752381 0.719424 0.749206 0.723022 0.749206 0.748201 0.752381 0.751799 0.752381 0.755396 0.758730 0.762590 0.765079 0.762590 0.774603 0.755396 0.774603 0.748201 0.777778 0.744604 0.777778 0.741007 0.774603 0.737410 0.774603 0.730216 0.771429 0.726619 0.771429 0.723022 0.768254 0.723022 0.758730 0.715827
0 0.942857 0.723022 0.942857 0.733813 0.946032 0.733813 0.949206 0.737410 0.955556 0.737410 0.958730 0.733813 0.961905 0.733813 0.965079 0.730216 0.965079 0.723022 0.961905 0.719424 0.949206 0.719424 0.946032 0.723022
0 0.441270 0.730216 0.428571 0.744604 0.428571 0.762590 0.434921 0.773381 0.450794 0.773381 0.457143 0.766187 0.463492 0.744604 0.460317 0.741007 0.460317 0.737410 0.453968 0.730216
0 0.841270 0.737410 0.841270 0.751799 0.844444 0.755396 0.844444 0.758993 0.850794 0.766187 0.853968 0.766187 0.857143 0.769784 0.869841 0.769784 0.873016 0.766187 0.876190 0.766187 0.876190 0.758993 0.879365 0.755396 0.879365 0.751799 0.876190 0.748201 0.876190 0.744604 0.869841 0.737410 0.866667 0.737410 0.863492 0.733813 0.844444 0.733813
0 0.339683 0.737410 0.326984 0.737410 0.314286 0.755396 0.314286 0.762590 0.311111 0.766187 0.311111 0.776978 0.314286 0.784173 0.323810 0.791367 0.333333 0.791367 0.339683 0.787770 0.352381 0.773381 0.352381 0.766187 0.355556 0.762590 0.355556 0.751799
