0 0.980952 0.469534 0.977778 0.469534 0.974603 0.465950 0.968254 0.465950 0.965079 0.462366 0.961905 0.462366 0.958730 0.465950 0.952381 0.465950 0.939683 0.480287 0.939683 0.491039 0.942857 0.494624 0.942857 0.498208 0.946032 0.498208 0.955556 0.505376 0.965079 0.505376 0.968254 0.501792 0.974603 0.501792 0.980952 0.491039
0 0.939683 0.516129 0.930159 0.505376 0.914286 0.505376 0.911111 0.508961 0.901587 0.512545 0.901587 0.516129 0.895238 0.523297 0.895238 0.537634 0.901587 0.544803 0.920635 0.544803 0.923810 0.541219 0.926984 0.541219 0.939683 0.526882
0 0.888889 0.562724 0.873016 0.562724 0.863492 0.569892 0.863492 0.573477 0.860317 0.577061 0.860317 0.594982 0.866667 0.602151 0.873016 0.602151 0.876190 0.598566 0.879365 0.598566 0.882540 0.594982 0.882540 0.591398 0.888889 0.584229 0.888889 0.580645 0.892063 0.577061 0.892063 0.569892 0.888889 0.566308
0 0.834921 0.577061 0.809524 0.577061 0.806349 0.580645 0.803175 0.580645 0.793651 0.594982 0.793651 0.602151 0.796825 0.605735 0.796825 0.609319 0.806349 0.616487 0.812698 0.616487 0.815873 0.612903 0.822222 0.612903 0.828571 0.605735 0.831746 0.605735 0.838095 0.594982 0.838095 0.584229 0.834921 0.580645
0 0.774603 0.616487 0.771429 0.620072 0.771429 0.630824 0.774603 0.634409 0.774603 0.641577 0.777778 0.645161 0.787302 0.645161 0.790476 0.641577 0.793651 0.641577 0.793651 0.627240 0.784127 0.616487
0 0.749206 0.641577 0.742857 0.648746 0.739683 0.648746 0.739683 0.666667 0.746032 0.673835 0.755556 0.673835 0.758730 0.670251 0.758730 0.655914 0.761905 0.652330 0.761905 0.645161 0.758730 0.641577
0 0.730159 0.677419 0.720635 0.673835 0.707937 0.681004 0.695238 0.695341 0.695238 0.702509 0.688889 0.713262 0.688889 0.724014 0.698413 0.734767 0.704762 0.731183 0.717460 0.713262 0.723810 0.695341 0.730159 0.688172
0 0.644444 0.741935 0.631746 0.738351 0.619048 0.749104 0.615873 0.749104 0.600000 0.767025 0.600000 0.781362 0.612698 0.792115 0.625397 0.792115 0.631746 0.788530 0.647619 0.770609 0.650794 0.763441 0.650794 0.749104
0 0.571429 0.799283 0.561905 0.802867 0.552381 0.817204 0.552381 0.835125 0.555556 0.838710 0.555556 0.842294 0.565079 0.853047 0.568254 0.849462 0.577778 0.845878 0.587302 0.835125 0.587302 0.824373 0.584127 0.820789 0.584127 0.813620 0.580952 0.810036 0.580952 0.806452
0 0.546032 0.860215 0.542857 0.863799 0.542857 0.870968 0.539683 0.874552 0.539683 0.878136 0.558730 0.878136 0.558730 0.874552
0 0.546032 0.910394 0.542857 0.906810 0.533333 0.906810 0.530159 0.910394 0.526984 0.910394 0.523810 0.913978 0.520635 0.913978 0.520635 0.917563 0.514286 0.924731 0.514286 0.928315 0.517460 0.931900 0.526984 0.931900 0.536508 0.921147 0.536508 0.917563 0.539683 0.913978 0.542857 0.913978
0 0.492063 0.931900 0.488889 0.931900 0.485714 0.935484 0.482540 0.935484 0.473016 0.942652 0.473016 0.946237 0.469841 0.949821 0.469841 0.956989 0.473016 0.960573 0.473016 0.964158 0.488889 0.964158 0.495238 0.956989 0.495238 0.935484
0 0.847619 0.946237 0.841270 0.953405 0.841270 0.960573 0.838095 0.964158 0.838095 0.967742 0.841270 0.971326 0.841270 0.974910 0.847619 0.974910 0.850794 0.978495 0.863492 0.978495 0.866667 0.974910 0.866667 0.960573 0.863492 0.956989 0.863492 0.953405 0.853968 0.946237
0 0.438095 0.949821 0.431746 0.956989 0.431746 0.967742 0.434921 0.971326 0.434921 0.974910 0.450794 0.974910 0.460317 0.964158 0.460317 0.960573 0.457143 0.956989 0.457143 0.953405 0.453968 0.949821
0 0.879365 0.953405 0.879365 0.960573 0.882540 0.964158 0.882540 0.967742 0.888889 0.974910 0.888889 0.978495 0.901587 0.992832 0.914286 0.992832 0.914286 0.985663 0.911111 0.985663 0.904762 0.978495 0.904762 0.974910 0.895238 0.964158 0.895238 0.960573 0.892063 0.960573 0.885714 0.953405
0 0.384127 0.971326 0.384127 0.985663 0.390476 0.992832 0.406349 0.992832 0.409524 0.989247 0.415873 0.989247 0.415873 0.974910 0.412698 0.971326 0.412698 0.967742 0.409524 0.967742 0.406349 0.964158 0.393651 0.964158
0 0.288889 0.982079 0.288889 0.985663 0.295238 0.992832 0.317460 0.992832 0.317460 0.985663 0.307937 0.974910 0.295238 0.974910
0 0.336508 0.985663 0.336508 0.992832 0.339683 0.996416 0.342857 0.996416 0.346032 0.992832 0.368254 0.992832 0.368254 0.985663 0.365079 0.982079 0.361905 0.982079 0.358730 0.978495 0.342857 0.978495
0 0.206349 0.989247 0.209524 0.992832 0.212698 0.992832 0.215873 0.989247 0.234921 0.989247 0.238095 0.992832 0.244444 0.992832 0.247619 0.989247 0.247619 0.985663 0.234921 0.985663 0.231746 0.982079 0.222222 0.982079 0.219048 0.985663 0.209524 0.985663
