0 0.584127 0.007194 0.596825 0.028777 0.612698 0.035971 0.631746 0.032374 0.650794 0.017986 0.666667 0.010791 0.666667 0.007194 0.650794 0.003597 0.647619 0.000000 0.606349 0.000000 0.603175 0.003597 0.587302 0.003597
0 0.688889 0.010791 0.688889 0.028777 0.692063 0.028777 0.698413 0.035971 0.723810 0.035971 0.733333 0.028777 0.739683 0.028777 0.746032 0.021583 0.746032 0.010791 0.736508 0.003597 0.726984 0.003597 0.723810 0.000000 0.704762 0.000000 0.701587 0.003597 0.695238 0.003597
0 0.358730 0.003597 0.358730 0.014388 0.365079 0.021583 0.387302 0.021583 0.396825 0.014388 0.403175 0.014388 0.406349 0.010791 0.409524 0.010791 0.409524 0.003597
0 0.098413 0.025180 0.079365 0.035971 0.069841 0.046763 0.063492 0.064748 0.082540 0.075540 0.101587 0.100719 0.114286 0.100719 0.126984 0.089928 0.126984 0.079137 0.130159 0.075540 0.130159 0.050360 0.126984 0.043165 0.130159 0.032374 0.120635 0.025180
0 0.473016 0.086331 0.479365 0.097122 0.495238 0.097122 0.511111 0.089928 0.530159 0.089928 0.539683 0.086331 0.549206 0.075540 0.549206 0.064748 0.536508 0.053957 0.530159 0.057554 0.492063 0.043165 0.476190 0.057554
0 0.234921 0.064748 0.231746 0.057554 0.219048 0.050360 0.212698 0.053957 0.190476 0.053957 0.158730 0.071942 0.155556 0.093525 0.161905 0.104317 0.177778 0.111511 0.203175 0.107914 0.219048 0.100719 0.228571 0.089928 0.234921 0.075540
0 0.863492 0.064748 0.838095 0.064748 0.825397 0.071942 0.819048 0.082734 0.819048 0.097122 0.822222 0.104317 0.834921 0.115108 0.850794 0.115108 0.863492 0.107914 0.876190 0.089928 0.876190 0.079137 0.873016 0.071942
0 0.346032 0.129496 0.346032 0.133094 0.352381 0.140288 0.355556 0.140288 0.358730 0.143885 0.384127 0.143885 0.390476 0.136691 0.390476 0.122302 0.384127 0.115108 0.377778 0.115108 0.374603 0.111511 0.365079 0.111511 0.361905 0.115108 0.352381 0.118705
0 0.190476 0.147482 0.190476 0.158273 0.196825 0.165468 0.209524 0.165468 0.212698 0.169065 0.219048 0.169065 0.238095 0.158273 0.241270 0.151079 0.241270 0.140288 0.231746 0.129496 0.225397 0.125899 0.209524 0.125899 0.203175 0.129496 0.193651 0.140288
0 0.688889 0.143885 0.688889 0.158273 0.701587 0.172662 0.714286 0.176259 0.717460 0.179856 0.723810 0.179856 0.726984 0.176259 0.739683 0.172662 0.746032 0.161871 0.742857 0.147482 0.730159 0.136691 0.698413 0.136691
0 0.841270 0.151079 0.841270 0.158273 0.853968 0.169065 0.898413 0.172662 0.917460 0.179856 0.936508 0.179856 0.949206 0.169065 0.949206 0.161871 0.936508 0.154676 0.907937 0.147482 0.853968 0.143885
0 0.552381 0.176259 0.542857 0.165468 0.526984 0.165468 0.523810 0.169065 0.514286 0.172662 0.507937 0.179856 0.504762 0.179856 0.501587 0.183453 0.501587 0.187050 0.507937 0.194245 0.514286 0.194245 0.517460 0.197842 0.520635 0.197842 0.523810 0.194245 0.536508 0.194245 0.539683 0.190647 0.549206 0.187050
0 0.142857 0.208633 0.146032 0.212230 0.146032 0.215827 0.152381 0.223022 0.158730 0.223022 0.161905 0.226619 0.165079 0.223022 0.168254 0.223022 0.168254 0.208633 0.161905 0.201439 0.149206 0.201439
0 0.342857 0.215827 0.336508 0.208633 0.333333 0.212230 0.320635 0.212230 0.317460 0.215827 0.295238 0.212230 0.279365 0.223022 0.276190 0.230216 0.276190 0.241007 0.282540 0.248201 0.301587 0.248201 0.304762 0.244604 0.314286 0.244604 0.330159 0.233813
0 0.603175 0.230216 0.596825 0.223022 0.590476 0.223022 0.587302 0.226619 0.568254 0.226619 0.552381 0.244604 0.552381 0.248201 0.549206 0.251799 0.552381 0.255396 0.552381 0.258993 0.574603 0.258993 0.577778 0.255396 0.584127 0.255396 0.600000 0.241007
0 0.815873 0.273381 0.822222 0.280576 0.831746 0.284173 0.876190 0.280576 0.901587 0.269784 0.904762 0.266187 0.904762 0.255396 0.895238 0.248201 0.847619 0.248201 0.822222 0.258993 0.815873 0.266187
0 0.346032 0.255396 0.342857 0.255396 0.333333 0.262590 0.323810 0.262590 0.320635 0.266187 0.317460 0.266187 0.307937 0.276978 0.304762 0.276978 0.304762 0.284173 0.317460 0.284173 0.326984 0.276978 0.333333 0.276978 0.346032 0.262590
0 0.431746 0.266187 0.425397 0.258993 0.415873 0.258993 0.406349 0.266187 0.400000 0.266187 0.377778 0.284173 0.371429 0.284173 0.361905 0.294964 0.358730 0.294964 0.358730 0.298561 0.361905 0.302158 0.387302 0.302158 0.390476 0.298561 0.396825 0.298561 0.419048 0.284173
0 0.695238 0.258993 0.679365 0.258993 0.676190 0.262590 0.673016 0.262590 0.663492 0.273381 0.660317 0.273381 0.653968 0.280576 0.650794 0.280576 0.650794 0.284173 0.663492 0.302158 0.669841 0.294964 0.685714 0.291367 0.685714 0.287770 0.688889 0.284173 0.692063 0.284173 0.698413 0.273381 0.698413 0.262590
0 0.793651 0.280576 0.784127 0.269784 0.746032 0.269784 0.698413 0.294964 0.688889 0.305755 0.688889 0.320144 0.711111 0.327338 0.749206 0.316547 0.787302 0.294964
0 0.504762 0.305755 0.504762 0.316547 0.507937 0.323741 0.514286 0.330935 0.520635 0.330935 0.523810 0.334532 0.539683 0.334532 0.546032 0.327338 0.549206 0.327338 0.558730 0.312950 0.555556 0.302158 0.552381 0.302158 0.546032 0.294964 0.514286 0.294964
0 0.342857 0.298561 0.330159 0.298561 0.326984 0.302158 0.323810 0.302158 0.301587 0.323741 0.301587 0.330935 0.304762 0.334532 0.314286 0.334532 0.317460 0.330935 0.320635 0.330935 0.333333 0.316547 0.336508 0.316547 0.339683 0.312950 0.339683 0.309353 0.342857 0.305755
0 0.933333 0.316547 0.926984 0.323741 0.926984 0.338129 0.930159 0.341727 0.930159 0.345324 0.939683 0.348921 0.946032 0.356115 0.952381 0.356115 0.955556 0.359712 0.958730 0.359712 0.958730 0.356115 0.968254 0.338129 0.965079 0.338129 0.961905 0.334532 0.961905 0.330935 0.955556 0.320144 0.952381 0.320144 0.949206 0.316547
0 0.892063 0.330935 0.885714 0.323741 0.860317 0.323741 0.815873 0.348921 0.771429 0.356115 0.768254 0.363309 0.774603 0.374101 0.793651 0.381295 0.879365 0.348921 0.888889 0.341727
0 0.742857 0.366906 0.739683 0.366906 0.736508 0.363309 0.726984 0.363309 0.723810 0.366906 0.717460 0.366906 0.714286 0.370504 0.704762 0.374101 0.698413 0.381295 0.698413 0.384892 0.701587 0.388489 0.717460 0.388489 0.720635 0.384892 0.733333 0.384892 0.742857 0.377698
0 0.339683 0.410072 0.333333 0.406475 0.320635 0.406475 0.317460 0.410072 0.311111 0.410072 0.282540 0.435252 0.279365 0.449640 0.282540 0.453237 0.295238 0.453237 0.307937 0.442446 0.333333 0.431655 0.339683 0.424460
0 0.473016 0.413669 0.466667 0.410072 0.460317 0.413669 0.453968 0.410072 0.447619 0.413669 0.428571 0.413669 0.415873 0.420863 0.412698 0.435252 0.422222 0.442446 0.441270 0.442446 0.444444 0.438849 0.450794 0.438849 0.453968 0.435252 0.466667 0.431655 0.473016 0.424460
0 0.219048 0.438849 0.209524 0.428058 0.190476 0.424460 0.187302 0.428058 0.168254 0.431655 0.158730 0.438849 0.149206 0.453237 0.161905 0.471223 0.184127 0.474820 0.209524 0.464029 0.219048 0.453237
0 0.698413 0.431655 0.692063 0.424460 0.679365 0.424460 0.676190 0.428058 0.669841 0.428058 0.660317 0.438849 0.660317 0.449640 0.663492 0.449640 0.666667 0.453237 0.679365 0.453237 0.682540 0.449640 0.685714 0.449640 0.695238 0.438849 0.695238 0.435252
0 0.876190 0.435252 0.876190 0.438849 0.873016 0.442446 0.882540 0.442446 0.885714 0.446043 0.885714 0.449640 0.882540 0.453237 0.888889 0.453237 0.892063 0.456835 0.901587 0.449640 0.901587 0.438849 0.895238 0.431655 0.882540 0.431655 0.879365 0.435252
0 0.250794 0.453237 0.241270 0.453237 0.241270 0.456835 0.238095 0.460432 0.238095 0.467626 0.241270 0.467626 0.250794 0.456835
0 0.955556 0.453237 0.952381 0.456835 0.952381 0.478417 0.961905 0.489209 0.980952 0.489209 0.980952 0.478417 0.977778 0.474820 0.974603 0.464029 0.968254 0.456835 0.961905 0.456835 0.958730 0.453237
0 0.479365 0.521583 0.492063 0.528777 0.533333 0.532374 0.549206 0.525180 0.577778 0.521583 0.584127 0.517986 0.587302 0.507194 0.568254 0.500000 0.520635 0.500000 0.485714 0.510791
0 0.974603 0.532374 0.968254 0.532374 0.965079 0.528777 0.949206 0.528777 0.936508 0.539568 0.933333 0.539568 0.933333 0.543165 0.930159 0.546763 0.930159 0.553957 0.942857 0.568345 0.958730 0.564748 0.961905 0.561151 0.965079 0.561151 0.974603 0.550360
0 0.380952 0.550360 0.384127 0.561151 0.403175 0.568345 0.460317 0.571942 0.466667 0.546763 0.447619 0.539568 0.419048 0.539568 0.415873 0.535971 0.406349 0.535971
0 0.885714 0.550360 0.885714 0.546763 0.879365 0.535971 0.869841 0.535971 0.866667 0.539568 0.853968 0.539568 0.850794 0.543165 0.850794 0.546763 0.857143 0.553957 0.869841 0.553957 0.873016 0.557554 0.876190 0.553957 0.882540 0.553957
0 0.549206 0.553957 0.542857 0.543165 0.523810 0.543165 0.520635 0.539568 0.511111 0.543165 0.482540 0.543165 0.479365 0.546763 0.469841 0.546763 0.463492 0.571942 0.479365 0.575540 0.488889 0.582734 0.514286 0.582734 0.536508 0.571942
0 0.765079 0.571942 0.758730 0.564748 0.755556 0.564748 0.752381 0.561151 0.749206 0.561151 0.746032 0.564748 0.739683 0.564748 0.736508 0.568345 0.733333 0.568345 0.733333 0.571942 0.723810 0.582734 0.720635 0.593525 0.726984 0.600719 0.742857 0.597122 0.749206 0.589928 0.752381 0.589928 0.765079 0.575540
0 0.955556 0.579137 0.952381 0.571942 0.942857 0.571942 0.939683 0.568345 0.933333 0.568345 0.930159 0.571942 0.917460 0.571942 0.904762 0.579137 0.898413 0.586331 0.895238 0.593525 0.895238 0.604317 0.901587 0.607914 0.914286 0.607914 0.917460 0.611511 0.923810 0.607914 0.933333 0.607914 0.955556 0.586331
0 0.117460 0.607914 0.117460 0.618705 0.130159 0.625899 0.161905 0.625899 0.165079 0.622302 0.177778 0.622302 0.187302 0.615108 0.184127 0.604317 0.174603 0.597122 0.139683 0.597122 0.136508 0.600719 0.126984 0.600719
0 0.971429 0.618705 0.968254 0.618705 0.965079 0.615108 0.952381 0.615108 0.936508 0.633094 0.933333 0.633094 0.933333 0.636691 0.926984 0.643885 0.926984 0.658273 0.949206 0.658273 0.952381 0.654676 0.955556 0.654676 0.968254 0.636691 0.968254 0.633094 0.971429 0.629496 0.968254 0.625899 0.971429 0.622302
0 0.314286 0.654676 0.311111 0.651079 0.301587 0.651079 0.298413 0.654676 0.292063 0.654676 0.285714 0.661871 0.285714 0.665468 0.276190 0.672662 0.276190 0.683453 0.285714 0.683453 0.288889 0.679856 0.295238 0.679856 0.298413 0.676259 0.301587 0.676259 0.307937 0.669065 0.311111 0.669065 0.311111 0.665468 0.314286 0.661871
0 0.288889 0.708633 0.285714 0.705036 0.276190 0.705036 0.273016 0.708633 0.266667 0.708633 0.260317 0.715827 0.257143 0.715827 0.244444 0.730216 0.244444 0.741007 0.247619 0.741007 0.250794 0.744604 0.257143 0.744604 0.260317 0.741007 0.276190 0.741007 0.279365 0.737410 0.282540 0.737410 0.292063 0.726619 0.292063 0.715827 0.288889 0.712230
0 0.873016 0.708633 0.869841 0.712230 0.869841 0.733813 0.879365 0.744604 0.895238 0.744604 0.901587 0.737410 0.901587 0.723022 0.898413 0.719424 0.898413 0.715827 0.882540 0.705036 0.879365 0.708633
0 0.847619 0.708633 0.834921 0.708633 0.831746 0.712230 0.822222 0.715827 0.809524 0.730216 0.809524 0.744604 0.815873 0.751799 0.825397 0.751799 0.838095 0.741007 0.847619 0.737410 0.853968 0.726619 0.853968 0.719424
0 0.580952 0.719424 0.580952 0.730216 0.584127 0.730216 0.587302 0.733813 0.593651 0.733813 0.596825 0.730216 0.600000 0.730216 0.603175 0.726619 0.603175 0.723022 0.600000 0.719424
0 0.949206 0.726619 0.942857 0.726619 0.939683 0.730216 0.939683 0.733813 0.936508 0.737410 0.936508 0.762590 0.939683 0.766187 0.946032 0.758993 0.946032 0.755396 0.949206 0.751799 0.949206 0.741007 0.952381 0.737410 0.952381 0.730216
0 0.371429 0.730216 0.365079 0.730216 0.361905 0.733813 0.358730 0.733813 0.355556 0.737410 0.355556 0.748201 0.361905 0.755396 0.365079 0.755396 0.371429 0.748201 0.371429 0.737410 0.374603 0.733813
0 0.777778 0.744604 0.774603 0.741007 0.752381 0.741007 0.749206 0.744604 0.746032 0.744604 0.733333 0.758993 0.733333 0.762590 0.742857 0.769784 0.746032 0.766187 0.761905 0.766187 0.761905 0.762590 0.765079 0.758993 0.771429 0.758993 0.777778 0.751799
0 0.282540 0.751799 0.279365 0.755396 0.276190 0.755396 0.269841 0.762590 0.269841 0.766187 0.273016 0.769784 0.273016 0.773381 0.276190 0.776978 0.279365 0.773381 0.282540 0.773381 0.285714 0.769784 0.285714 0.755396
0 0.406349 0.784173 0.406349 0.794964 0.419048 0.809353 0.434921 0.816547 0.469841 0.816547 0.485714 0.809353 0.492063 0.798561 0.492063 0.784173 0.488889 0.780576 0.447619 0.766187 0.419048 0.769784
0 0.717460 0.787770 0.717460 0.798561 0.730159 0.809353 0.771429 0.809353 0.784127 0.798561 0.787302 0.791367 0.787302 0.780576 0.780952 0.773381 0.774603 0.773381 0.771429 0.769784 0.746032 0.769784 0.723810 0.780576
0 0.879365 0.784173 0.873016 0.794964 0.873016 0.809353 0.879365 0.816547 0.879365 0.820144 0.882540 0.823741 0.892063 0.823741 0.898413 0.816547 0.898413 0.812950 0.901587 0.809353 0.901587 0.798561 0.898413 0.794964 0.898413 0.791367 0.892063 0.784173
0 0.174603 0.798561 0.174603 0.805755 0.180952 0.812950 0.200000 0.812950 0.203175 0.809353 0.203175 0.802158 0.206349 0.798561 0.196825 0.787770 0.187302 0.787770 0.180952 0.794964 0.177778 0.794964
0 0.825397 0.802158 0.819048 0.809353 0.819048 0.812950 0.815873 0.816547 0.815873 0.827338 0.812698 0.830935 0.812698 0.838129 0.815873 0.841727 0.815873 0.845324 0.822222 0.852518 0.831746 0.852518 0.844444 0.838129 0.844444 0.823741 0.841270 0.820144 0.838095 0.809353 0.834921 0.809353 0.828571 0.802158
0 0.209524 0.816547 0.206349 0.820144 0.203175 0.820144 0.200000 0.823741 0.200000 0.848921 0.203175 0.852518 0.206349 0.848921 0.209524 0.848921 0.215873 0.841727 0.215873 0.823741
0 0.752381 0.823741 0.752381 0.834532 0.758730 0.841727 0.761905 0.841727 0.765079 0.845324 0.777778 0.845324 0.780952 0.841727 0.790476 0.838129 0.790476 0.823741 0.787302 0.823741 0.784127 0.820144 0.777778 0.820144 0.774603 0.816547 0.761905 0.816547
0 0.752381 0.866906 0.752381 0.877698 0.758730 0.892086 0.771429 0.902878 0.777778 0.902878 0.784127 0.906475 0.787302 0.902878 0.796825 0.902878 0.800000 0.899281 0.800000 0.881295 0.790476 0.866906 0.784127 0.863309 0.774603 0.863309 0.771429 0.859712 0.761905 0.859712 0.755556 0.866906
