0 0.993651 0.118280 0.984127 0.118280 0.977778 0.125448 0.974603 0.125448 0.974603 0.129032 0.971429 0.132616 0.971429 0.136201 0.974603 0.139785 0.974603 0.143369 0.977778 0.146953 0.987302 0.146953 0.990476 0.143369 0.993651 0.143369 0.993651 0.136201 0.996825 0.132616 0.996825 0.125448 0.993651 0.121864
0 0.873016 0.125448 0.853968 0.125448 0.844444 0.136201 0.844444 0.146953 0.850794 0.154122 0.860317 0.154122 0.866667 0.146953 0.869841 0.146953 0.869841 0.143369 0.876190 0.132616 0.876190 0.129032
0 0.593651 0.179211 0.596825 0.182796 0.615873 0.182796 0.619048 0.179211 0.625397 0.179211 0.634921 0.172043 0.634921 0.161290 0.628571 0.154122 0.609524 0.154122 0.593651 0.172043
0 0.942857 0.179211 0.942857 0.189964 0.958730 0.189964 0.961905 0.186380 0.961905 0.179211 0.958730 0.179211 0.955556 0.175627 0.949206 0.175627 0.946032 0.179211
0 0.669841 0.182796 0.657143 0.182796 0.647619 0.189964 0.647619 0.207885 0.653968 0.215054 0.660317 0.215054 0.663492 0.211470 0.666667 0.211470 0.673016 0.204301 0.673016 0.200717 0.676190 0.197133 0.676190 0.193548
0 0.631746 0.197133 0.628571 0.197133 0.625397 0.193548 0.622222 0.197133 0.615873 0.197133 0.606349 0.207885 0.606349 0.215054 0.612698 0.222222 0.622222 0.222222 0.625397 0.218638 0.628571 0.218638 0.628571 0.215054 0.631746 0.211470
0 0.546032 0.207885 0.542857 0.211470 0.542857 0.225806 0.555556 0.225806 0.558730 0.222222 0.558730 0.211470 0.555556 0.207885
0 0.123810 0.225806 0.130159 0.236559 0.139683 0.236559 0.142857 0.232975 0.152381 0.232975 0.155556 0.229391 0.168254 0.229391 0.171429 0.225806 0.180952 0.225806 0.184127 0.218638 0.174603 0.211470 0.142857 0.211470 0.130159 0.218638
0 0.828571 0.236559 0.822222 0.229391 0.815873 0.229391 0.812698 0.232975 0.809524 0.232975 0.806349 0.236559 0.806349 0.240143 0.800000 0.247312 0.796825 0.247312 0.796825 0.250896 0.809524 0.250896 0.812698 0.247312 0.819048 0.247312 0.822222 0.243728 0.825397 0.243728 0.828571 0.240143
0 0.707937 0.232975 0.707937 0.240143 0.711111 0.243728 0.723810 0.243728 0.723810 0.236559 0.720635 0.236559 0.717460 0.232975
0 0.377778 0.240143 0.374603 0.240143 0.371429 0.236559 0.368254 0.236559 0.365079 0.240143 0.361905 0.240143 0.358730 0.243728 0.358730 0.247312 0.355556 0.250896 0.355556 0.258065 0.358730 0.261649 0.368254 0.261649 0.371429 0.258065 0.374603 0.258065 0.374603 0.254480 0.377778 0.250896
0 0.774603 0.247312 0.774603 0.254480 0.796825 0.254480 0.793651 0.250896 0.793651 0.247312 0.790476 0.243728 0.777778 0.243728
0 0.339683 0.250896 0.336508 0.247312 0.333333 0.247312 0.330159 0.250896 0.323810 0.250896 0.317460 0.258065 0.317460 0.268817 0.320635 0.268817 0.323810 0.272401 0.326984 0.268817 0.333333 0.268817 0.336508 0.265233 0.339683 0.265233
0 0.393651 0.250896 0.390476 0.254480 0.390476 0.268817 0.409524 0.283154 0.419048 0.283154 0.425397 0.272401 0.425397 0.258065 0.415873 0.247312 0.400000 0.247312 0.396825 0.250896
0 0.634921 0.254480 0.625397 0.247312 0.615873 0.247312 0.612698 0.250896 0.609524 0.250896 0.596825 0.265233 0.596825 0.275986 0.600000 0.279570 0.622222 0.279570 0.631746 0.268817 0.631746 0.265233 0.634921 0.261649
0 0.663492 0.254480 0.663492 0.261649 0.673016 0.272401 0.685714 0.272401 0.695238 0.265233 0.695238 0.254480 0.688889 0.247312 0.676190 0.247312 0.673016 0.250896 0.666667 0.250896
0 0.234921 0.250896 0.228571 0.258065 0.228571 0.272401 0.231746 0.275986 0.241270 0.275986 0.247619 0.268817 0.247619 0.265233 0.250794 0.261649 0.247619 0.258065 0.247619 0.254480 0.244444 0.254480 0.241270 0.250896
0 0.930159 0.254480 0.926984 0.250896 0.923810 0.254480 0.920635 0.254480 0.917460 0.258065 0.914286 0.258065 0.911111 0.261649 0.911111 0.265233 0.914286 0.268817 0.917460 0.265233 0.923810 0.265233 0.926984 0.261649 0.926984 0.258065
0 0.168254 0.254480 0.161905 0.254480 0.158730 0.258065 0.158730 0.261649 0.155556 0.265233 0.152381 0.265233 0.155556 0.265233 0.158730 0.268817 0.161905 0.268817 0.165079 0.265233 0.168254 0.265233
0 0.466667 0.258065 0.463492 0.261649 0.463492 0.275986 0.469841 0.283154 0.473016 0.283154 0.476190 0.286738 0.482540 0.286738 0.488889 0.279570 0.488889 0.268817 0.485714 0.265233 0.485714 0.261649 0.482540 0.261649 0.479365 0.258065
0 0.946032 0.268817 0.939683 0.279570 0.939683 0.297491 0.946032 0.304659 0.955556 0.304659 0.961905 0.297491 0.961905 0.283154 0.958730 0.279570 0.958730 0.272401 0.955556 0.272401 0.952381 0.268817
0 0.961905 0.275986 0.961905 0.279570 0.965079 0.283154 0.968254 0.279570 0.971429 0.283154 0.977778 0.283154 0.980952 0.286738 0.980952 0.290323 0.987302 0.290323 0.990476 0.286738 0.990476 0.279570 0.987302 0.275986 0.984127 0.275986 0.980952 0.272401 0.977778 0.272401 0.974603 0.268817 0.968254 0.268817
0 0.847619 0.293907 0.841270 0.286738 0.831746 0.286738 0.828571 0.290323 0.822222 0.290323 0.812698 0.297491 0.812698 0.308244 0.815873 0.308244 0.819048 0.311828 0.831746 0.311828 0.834921 0.308244 0.838095 0.308244 0.847619 0.297491
0 0.158730 0.301075 0.155556 0.304659 0.155556 0.311828 0.161905 0.318996 0.165079 0.318996 0.168254 0.322581 0.174603 0.322581 0.177778 0.318996 0.177778 0.311828 0.174603 0.308244 0.171429 0.308244 0.168254 0.304659 0.165079 0.304659 0.161905 0.301075
0 0.361905 0.315412 0.361905 0.326165 0.365079 0.329749 0.365079 0.333333 0.377778 0.344086 0.390476 0.344086 0.393651 0.347670 0.400000 0.347670 0.406349 0.340502 0.403175 0.322581 0.390476 0.308244 0.387302 0.308244 0.384127 0.304659 0.374603 0.304659
0 0.273016 0.308244 0.260317 0.308244 0.257143 0.311828 0.247619 0.311828 0.241270 0.318996 0.241270 0.326165 0.247619 0.333333 0.253968 0.333333 0.257143 0.336918 0.260317 0.333333 0.263492 0.333333 0.273016 0.326165 0.273016 0.322581 0.276190 0.318996 0.273016 0.315412
0 0.250794 0.351254 0.250794 0.354839 0.257143 0.362007 0.273016 0.362007 0.276190 0.358423 0.279365 0.358423 0.279365 0.354839 0.282540 0.351254 0.282540 0.347670 0.273016 0.340502 0.263492 0.340502 0.260317 0.336918 0.253968 0.344086 0.253968 0.347670
0 0.492063 0.379928 0.492063 0.390681 0.498413 0.397849 0.507937 0.397849 0.511111 0.394265 0.514286 0.394265 0.514286 0.379928 0.507937 0.372760 0.498413 0.372760
0 0.098413 0.383513 0.095238 0.387097 0.095238 0.394265 0.092063 0.397849 0.092063 0.408602 0.098413 0.415771 0.111111 0.415771 0.117460 0.408602 0.117460 0.401434 0.114286 0.397849 0.114286 0.394265 0.107937 0.383513
0 0.815873 0.387097 0.812698 0.390681 0.812698 0.405018 0.815873 0.408602 0.815873 0.415771 0.819048 0.419355 0.828571 0.419355 0.838095 0.408602 0.838095 0.387097
0 0.723810 0.390681 0.723810 0.405018 0.726984 0.408602 0.726984 0.412186 0.733333 0.419355 0.746032 0.419355 0.749206 0.415771 0.749206 0.405018 0.739683 0.394265 0.733333 0.394265 0.730159 0.390681
0 0.866667 0.394265 0.863492 0.397849 0.857143 0.397849 0.850794 0.405018 0.850794 0.412186 0.853968 0.415771 0.853968 0.419355 0.866667 0.419355 0.873016 0.412186 0.873016 0.405018 0.869841 0.401434 0.869841 0.397849
0 0.631746 0.415771 0.638095 0.426523 0.644444 0.426523 0.647619 0.430108 0.657143 0.430108 0.660317 0.426523 0.666667 0.426523 0.666667 0.422939 0.669841 0.419355 0.660317 0.408602 0.653968 0.408602 0.650794 0.405018 0.638095 0.405018
0 0.784127 0.405018 0.777778 0.412186 0.777778 0.422939 0.787302 0.433692 0.790476 0.433692 0.793651 0.437276 0.800000 0.437276 0.803175 0.433692 0.803175 0.422939 0.796825 0.415771 0.796825 0.412186 0.793651 0.408602 0.793651 0.405018
0 0.926984 0.408602 0.914286 0.408602 0.911111 0.412186 0.904762 0.412186 0.904762 0.415771 0.901587 0.419355 0.901587 0.426523 0.898413 0.430108 0.898413 0.448029 0.901587 0.451613 0.911111 0.451613 0.914286 0.448029 0.914286 0.444444 0.930159 0.426523 0.933333 0.415771
0 0.993651 0.412186 0.977778 0.430108 0.974603 0.430108 0.955556 0.448029 0.955556 0.465950 0.958730 0.469534 0.977778 0.469534 0.993651 0.455197 0.993651 0.444444 0.996825 0.440860 0.996825 0.433692 0.993651 0.430108
0 0.165079 0.415771 0.155556 0.415771 0.152381 0.419355 0.149206 0.419355 0.142857 0.426523 0.142857 0.440860 0.149206 0.451613 0.158730 0.451613 0.165079 0.444444 0.165079 0.440860 0.168254 0.437276 0.168254 0.430108 0.171429 0.426523
0 0.685714 0.422939 0.685714 0.433692 0.688889 0.437276 0.704762 0.437276 0.707937 0.433692 0.711111 0.433692 0.714286 0.430108 0.714286 0.426523 0.711111 0.422939 0.711111 0.419355 0.707937 0.419355 0.704762 0.415771 0.692063 0.415771
0 0.193651 0.422939 0.187302 0.422939 0.180952 0.430108 0.180952 0.437276 0.177778 0.440860 0.177778 0.458781 0.190476 0.458781 0.190476 0.455197 0.196825 0.444444 0.196825 0.426523
0 0.314286 0.451613 0.304762 0.462366 0.304762 0.465950 0.307937 0.469534 0.307937 0.473118 0.311111 0.476703 0.323810 0.476703 0.330159 0.469534 0.330159 0.455197 0.326984 0.451613
0 0.765079 0.455197 0.755556 0.455197 0.749206 0.462366 0.749206 0.465950 0.746032 0.469534 0.746032 0.476703 0.742857 0.480287 0.746032 0.483871 0.746032 0.487455 0.758730 0.487455 0.768254 0.476703 0.768254 0.473118 0.771429 0.469534 0.771429 0.465950
0 0.269841 0.473118 0.273016 0.476703 0.288889 0.476703 0.292063 0.473118 0.292063 0.469534 0.288889 0.465950 0.276190 0.465950
0 0.730159 0.480287 0.726984 0.476703 0.723810 0.476703 0.714286 0.483871 0.701587 0.483871 0.698413 0.487455 0.695238 0.487455 0.695238 0.491039 0.692063 0.494624 0.695238 0.505376 0.707937 0.505376 0.714286 0.498208 0.723810 0.494624 0.726984 0.491039
0 0.301587 0.483871 0.298413 0.483871 0.295238 0.480287 0.292063 0.480287 0.282540 0.491039 0.282540 0.494624 0.279365 0.498208 0.279365 0.508961 0.282540 0.512545 0.295238 0.512545 0.304762 0.501792 0.304762 0.491039 0.301587 0.487455
0 0.800000 0.483871 0.796825 0.483871 0.790476 0.491039 0.790476 0.505376 0.784127 0.516129 0.787302 0.526882 0.803175 0.526882 0.803175 0.523297 0.809524 0.516129 0.809524 0.498208 0.806349 0.494624 0.806349 0.491039
0 0.758730 0.498208 0.752381 0.498208 0.742857 0.508961 0.742857 0.512545 0.739683 0.516129 0.739683 0.523297 0.749206 0.530466 0.755556 0.530466 0.765079 0.523297 0.765079 0.508961
0 0.628571 0.530466 0.625397 0.534050 0.625397 0.544803 0.628571 0.548387 0.628571 0.551971 0.631746 0.555556 0.634921 0.555556 0.638095 0.559140 0.644444 0.559140 0.650794 0.551971 0.650794 0.541219 0.641270 0.530466
0 0.939683 0.530466 0.936508 0.534050 0.936508 0.548387 0.942857 0.555556 0.952381 0.555556 0.955556 0.551971 0.955556 0.537634 0.949206 0.530466
0 0.955556 0.534050 0.958730 0.537634 0.958730 0.551971 0.955556 0.555556 0.958730 0.555556 0.965079 0.562724 0.971429 0.562724 0.971429 0.559140 0.974603 0.555556 0.974603 0.534050 0.971429 0.534050 0.971429 0.537634 0.968254 0.541219 0.965079 0.537634 0.961905 0.537634 0.958730 0.534050
0 0.346032 0.544803 0.342857 0.541219 0.336508 0.541219 0.333333 0.544803 0.330159 0.544803 0.323810 0.551971 0.323810 0.555556 0.326984 0.559140 0.339683 0.559140 0.342857 0.555556 0.346032 0.555556 0.346032 0.551971 0.342857 0.548387
0 0.822222 0.541219 0.822222 0.544803 0.819048 0.548387 0.819048 0.559140 0.822222 0.562724 0.822222 0.566308 0.831746 0.566308 0.834921 0.562724 0.838095 0.562724 0.841270 0.559140 0.841270 0.548387 0.834921 0.541219
0 0.777778 0.548387 0.774603 0.551971 0.774603 0.555556 0.768254 0.566308 0.768254 0.573477 0.771429 0.577061 0.771429 0.580645 0.787302 0.580645 0.793651 0.569892 0.793651 0.555556 0.787302 0.548387
0 0.165079 0.551971 0.161905 0.551971 0.155556 0.559140 0.152381 0.559140 0.139683 0.573477 0.139683 0.577061 0.136508 0.580645 0.139683 0.584229 0.139683 0.587814 0.146032 0.587814 0.152381 0.580645 0.152381 0.577061 0.155556 0.573477 0.155556 0.569892 0.158730 0.566308 0.158730 0.562724 0.165079 0.555556
0 0.520635 0.555556 0.520635 0.569892 0.530159 0.580645 0.539683 0.580645 0.542857 0.577061 0.546032 0.577061 0.546032 0.566308 0.533333 0.551971 0.523810 0.551971
0 0.901587 0.551971 0.892063 0.559140 0.892063 0.566308 0.888889 0.569892 0.888889 0.573477 0.892063 0.577061 0.892063 0.591398 0.895238 0.594982 0.895238 0.598566 0.904762 0.609319 0.917460 0.609319 0.917460 0.569892 0.914286 0.566308 0.914286 0.562724 0.904762 0.551971
0 0.203175 0.569892 0.200000 0.569892 0.196825 0.566308 0.193651 0.566308 0.190476 0.569892 0.187302 0.569892 0.180952 0.577061 0.180952 0.598566 0.184127 0.602151 0.193651 0.602151 0.200000 0.594982 0.203175 0.594982 0.203175 0.591398 0.206349 0.587814 0.206349 0.573477
0 0.650794 0.569892 0.647619 0.573477 0.647619 0.584229 0.653968 0.591398 0.657143 0.591398 0.660317 0.587814 0.663492 0.587814 0.666667 0.584229 0.666667 0.573477 0.663492 0.569892
0 0.333333 0.580645 0.323810 0.580645 0.317460 0.587814 0.317460 0.598566 0.320635 0.602151 0.323810 0.602151 0.326984 0.598566 0.330159 0.598566 0.336508 0.591398 0.336508 0.584229
0 0.980952 0.580645 0.971429 0.591398 0.971429 0.598566 0.984127 0.612903 0.993651 0.612903 0.993651 0.609319 0.996825 0.605735 0.993651 0.602151 0.996825 0.598566 0.993651 0.594982 0.993651 0.584229 0.990476 0.580645
0 0.539683 0.598566 0.533333 0.605735 0.533333 0.623656 0.542857 0.648746 0.539683 0.670251 0.555556 0.684588 0.577778 0.684588 0.580952 0.681004 0.580952 0.666667 0.574603 0.645161 0.549206 0.598566
0 0.349206 0.602151 0.339683 0.602151 0.336508 0.605735 0.333333 0.605735 0.333333 0.609319 0.330159 0.612903 0.330159 0.616487 0.326984 0.620072 0.326984 0.623656 0.333333 0.630824 0.339683 0.630824 0.342857 0.627240 0.346032 0.627240 0.349206 0.623656 0.349206 0.620072 0.352381 0.616487 0.352381 0.605735
0 0.850794 0.605735 0.847619 0.616487 0.863492 0.648746 0.879365 0.663082 0.895238 0.663082 0.898413 0.655914 0.898413 0.645161 0.876190 0.602151 0.857143 0.602151
0 0.234921 0.609319 0.228571 0.616487 0.228571 0.623656 0.231746 0.627240 0.231746 0.630824 0.247619 0.630824 0.250794 0.627240 0.250794 0.612903 0.247619 0.609319
0 0.942857 0.637993 0.933333 0.630824 0.930159 0.630824 0.926984 0.634409 0.920635 0.634409 0.911111 0.645161 0.911111 0.655914 0.914286 0.659498 0.933333 0.659498 0.939683 0.652330 0.939683 0.648746 0.942857 0.645161
0 0.142857 0.655914 0.142857 0.663082 0.139683 0.666667 0.139683 0.691756 0.142857 0.695341 0.146032 0.695341 0.152381 0.688172 0.149206 0.684588 0.149206 0.673835 0.146032 0.670251 0.146032 0.655914
0 0.911111 0.673835 0.901587 0.681004 0.901587 0.688172 0.898413 0.691756 0.898413 0.695341 0.901587 0.698925 0.904762 0.709677 0.907937 0.713262 0.917460 0.716846 0.926984 0.706093 0.926984 0.688172 0.914286 0.673835
0 0.558730 0.688172 0.555556 0.691756 0.555556 0.695341 0.552381 0.698925 0.552381 0.709677 0.555556 0.713262 0.558730 0.713262 0.561905 0.716846 0.568254 0.716846 0.574603 0.709677 0.574603 0.702509 0.571429 0.698925 0.571429 0.691756 0.568254 0.688172
0 0.428571 0.695341 0.425397 0.698925 0.425397 0.713262 0.428571 0.716846 0.431746 0.716846 0.434921 0.720430 0.447619 0.720430 0.450794 0.716846 0.450794 0.706093 0.441270 0.695341
0 0.104762 0.702509 0.104762 0.724014 0.107937 0.727599 0.111111 0.727599 0.114286 0.731183 0.120635 0.731183 0.130159 0.724014 0.130159 0.709677 0.123810 0.702509
0 0.158730 0.713262 0.152381 0.720430 0.152381 0.724014 0.149206 0.727599 0.149206 0.741935 0.146032 0.745520 0.152381 0.756272 0.155556 0.756272 0.158730 0.759857 0.165079 0.759857 0.168254 0.756272 0.168254 0.752688 0.174603 0.745520 0.174603 0.734767 0.171429 0.731183 0.171429 0.724014 0.161905 0.713262
0 0.288889 0.727599 0.276190 0.727599 0.273016 0.731183 0.273016 0.734767 0.276190 0.738351 0.276190 0.741935 0.279365 0.745520 0.282540 0.741935 0.285714 0.741935 0.288889 0.738351
0 0.234921 0.731183 0.219048 0.731183 0.209524 0.741935 0.209524 0.749104 0.212698 0.749104 0.215873 0.752688 0.225397 0.752688 0.234921 0.741935
0 0.269841 0.734767 0.263492 0.734767 0.260317 0.738351 0.257143 0.738351 0.253968 0.741935 0.250794 0.741935 0.250794 0.745520 0.247619 0.749104 0.247619 0.759857 0.253968 0.767025 0.260317 0.767025 0.263492 0.763441 0.266667 0.763441 0.273016 0.756272 0.273016 0.752688 0.276190 0.749104 0.276190 0.745520
0 0.838095 0.752688 0.838095 0.767025 0.841270 0.774194 0.857143 0.788530 0.879365 0.788530 0.885714 0.784946 0.898413 0.767025 0.898413 0.756272 0.888889 0.745520 0.876190 0.741935 0.873016 0.738351 0.860317 0.738351 0.857143 0.741935 0.850794 0.741935
0 0.615873 0.756272 0.603175 0.756272 0.600000 0.759857 0.600000 0.774194 0.603175 0.777778 0.609524 0.777778 0.615873 0.770609
0 0.219048 0.763441 0.212698 0.770609 0.212698 0.784946 0.219048 0.792115 0.222222 0.792115 0.225397 0.795699 0.228571 0.795699 0.231746 0.792115 0.234921 0.792115 0.241270 0.784946 0.241270 0.777778 0.238095 0.774194 0.238095 0.770609 0.231746 0.763441
0 0.403175 0.774194 0.400000 0.777778 0.400000 0.784946 0.403175 0.788530 0.406349 0.788530 0.409524 0.792115 0.415873 0.792115 0.419048 0.788530 0.419048 0.784946 0.412698 0.777778 0.409524 0.777778 0.406349 0.774194
0 0.307937 0.777778 0.298413 0.777778 0.292063 0.784946 0.292063 0.788530 0.288889 0.792115 0.288889 0.810036 0.301587 0.810036 0.304762 0.806452 0.304762 0.802867 0.311111 0.795699 0.311111 0.781362
0 0.822222 0.777778 0.819048 0.781362 0.815873 0.781362 0.806349 0.792115 0.806349 0.795699 0.809524 0.799283 0.809524 0.802867 0.812698 0.802867 0.815873 0.806452 0.822222 0.806452 0.825397 0.810036 0.828571 0.806452 0.831746 0.806452 0.834921 0.802867 0.834921 0.799283 0.831746 0.795699 0.831746 0.788530
0 0.469841 0.788530 0.463492 0.795699 0.463492 0.806452 0.466667 0.810036 0.466667 0.820789 0.469841 0.824373 0.469841 0.831541 0.479365 0.849462 0.495238 0.849462 0.501587 0.835125 0.498413 0.817204 0.479365 0.792115 0.473016 0.792115
0 0.533333 0.813620 0.533333 0.817204 0.539683 0.817204 0.542857 0.820789 0.552381 0.820789 0.555556 0.824373 0.561905 0.824373 0.565079 0.820789 0.571429 0.820789 0.571429 0.817204 0.574603 0.813620 0.574603 0.802867 0.571429 0.799283 0.571429 0.795699 0.568254 0.795699 0.565079 0.792115 0.546032 0.792115 0.539683 0.799283 0.539683 0.802867
0 0.644444 0.792115 0.644444 0.795699 0.638095 0.806452 0.638095 0.813620 0.641270 0.817204 0.641270 0.820789 0.647619 0.827957 0.657143 0.827957 0.660317 0.824373 0.663492 0.824373 0.669841 0.817204 0.669841 0.810036 0.666667 0.806452 0.666667 0.799283 0.660317 0.792115
0 0.714286 0.806452 0.714286 0.817204 0.723810 0.827957 0.736508 0.827957 0.736508 0.824373 0.739683 0.820789 0.736508 0.817204 0.736508 0.813620 0.730159 0.806452 0.726984 0.806452 0.723810 0.802867 0.720635 0.802867 0.717460 0.806452
0 0.238095 0.810036 0.225397 0.810036 0.222222 0.813620 0.215873 0.813620 0.209524 0.820789 0.209524 0.831541 0.212698 0.835125 0.212698 0.842294 0.215873 0.845878 0.215873 0.849462 0.219048 0.849462 0.222222 0.853047 0.231746 0.853047 0.241270 0.845878 0.241270 0.842294 0.244444 0.838710 0.241270 0.835125 0.244444 0.831541 0.241270 0.827957 0.241270 0.813620
0 0.917460 0.824373 0.917460 0.842294 0.923810 0.849462 0.923810 0.853047 0.926984 0.853047 0.936508 0.863799 0.946032 0.863799 0.961905 0.885305 0.955556 0.842294 0.939683 0.824373 0.933333 0.824373 0.930159 0.820789
0 0.149206 0.827957 0.146032 0.831541 0.146032 0.849462 0.149206 0.849462 0.152381 0.853047 0.155556 0.853047 0.161905 0.845878 0.161905 0.831541 0.158730 0.827957
0 0.546032 0.835125 0.539683 0.845878 0.539683 0.856631 0.546032 0.867384 0.558730 0.867384 0.568254 0.856631 0.568254 0.853047 0.571429 0.849462 0.565079 0.838710 0.561905 0.838710 0.558730 0.835125
0 0.815873 0.842294 0.809524 0.853047 0.815873 0.870968 0.822222 0.878136 0.825397 0.878136 0.834921 0.885305 0.841270 0.885305 0.844444 0.881720 0.847619 0.881720 0.850794 0.885305 0.853968 0.881720 0.853968 0.878136 0.850794 0.874552 0.850794 0.867384 0.841270 0.856631 0.841270 0.853047 0.831746 0.842294
0 0.441270 0.853047 0.441270 0.860215 0.444444 0.863799 0.444444 0.867384 0.450794 0.874552 0.450794 0.878136 0.453968 0.878136 0.457143 0.881720 0.463492 0.881720 0.466667 0.878136 0.469841 0.878136 0.469841 0.867384 0.466667 0.863799 0.466667 0.860215 0.463492 0.860215 0.457143 0.853047 0.450794 0.853047 0.447619 0.849462 0.444444 0.853047
0 0.139683 0.863799 0.136508 0.863799 0.133333 0.860215 0.126984 0.860215 0.114286 0.874552 0.114286 0.878136 0.111111 0.881720 0.111111 0.885305 0.114286 0.888889 0.114286 0.892473 0.123810 0.892473 0.126984 0.888889 0.130159 0.888889 0.139683 0.878136
0 0.149206 0.906810 0.139683 0.906810 0.126984 0.921147 0.126984 0.931900 0.130159 0.935484 0.142857 0.935484 0.146032 0.931900 0.146032 0.928315 0.149206 0.924731 0.149206 0.921147 0.152381 0.917563 0.152381 0.910394
0 0.517460 0.917563 0.511111 0.928315 0.511111 0.935484 0.514286 0.939068 0.520635 0.956989 0.530159 0.967742 0.539683 0.967742 0.539683 0.956989 0.533333 0.949821 0.533333 0.946237 0.526984 0.935484 0.526984 0.917563
0 0.707937 0.921147 0.707937 0.924731 0.704762 0.928315 0.704762 0.935484 0.711111 0.946237 0.714286 0.946237 0.717460 0.949821 0.746032 0.949821 0.746032 0.946237 0.749206 0.942652 0.749206 0.935484 0.736508 0.921147 0.730159 0.921147 0.726984 0.917563 0.714286 0.917563 0.711111 0.921147
0 0.958730 0.935484 0.958730 0.942652 0.965079 0.953405 0.968254 0.953405 0.977778 0.964158 0.984127 0.964158 0.987302 0.960573 0.987302 0.953405 0.984127 0.949821 0.984127 0.946237 0.974603 0.935484 0.968254 0.935484 0.965079 0.931900 0.961905 0.935484
0 0.460317 0.946237 0.460317 0.953405 0.463492 0.956989 0.466667 0.967742 0.473016 0.974910 0.476190 0.974910 0.479365 0.978495 0.495238 0.978495 0.495238 0.971326 0.482540 0.949821 0.479365 0.949821 0.469841 0.942652 0.463492 0.942652
0 0.619048 0.946237 0.615873 0.949821 0.612698 0.949821 0.612698 0.953405 0.609524 0.956989 0.609524 0.960573 0.606349 0.964158 0.612698 0.971326 0.615873 0.971326 0.619048 0.974910 0.625397 0.974910 0.628571 0.971326 0.628571 0.964158 0.631746 0.960573 0.631746 0.956989 0.628571 0.953405 0.628571 0.949821 0.625397 0.949821 0.622222 0.946237
0 0.714286 0.949821 0.707937 0.956989 0.704762 0.956989 0.698413 0.967742 0.698413 0.978495 0.704762 0.985663 0.714286 0.985663 0.717460 0.982079 0.717460 0.978495 0.720635 0.974910 0.720635 0.967742 0.723810 0.964158 0.720635 0.960573 0.720635 0.953405 0.717460 0.953405
0 0.336508 0.967742 0.336508 0.971326 0.346032 0.982079 0.361905 0.982079 0.368254 0.974910 0.368254 0.967742 0.361905 0.960573 0.358730 0.960573 0.355556 0.956989 0.342857 0.956989
0 0.682540 0.956989 0.669841 0.956989 0.666667 0.960573 0.663492 0.960573 0.663492 0.974910 0.666667 0.978495 0.669841 0.978495 0.673016 0.982079 0.676190 0.978495 0.679365 0.978495 0.685714 0.971326 0.685714 0.964158 0.682540 0.960573
0 0.187302 0.982079 0.187302 0.992832 0.190476 0.996416 0.212698 0.996416 0.215873 0.992832 0.215873 0.978495 0.209524 0.971326 0.196825 0.971326
0 0.574603 0.989247 0.574603 0.992832 0.577778 0.992832 0.580952 0.996416 0.584127 0.992832 0.596825 0.992832 0.593651 0.989247
