0 0.168790 0.007194 0.168790 0.028777 0.171975 0.035971 0.187898 0.057554 0.200637 0.057554 0.203822 0.050360 0.203822 0.014388 0.207006 0.007194 0.200637 0.000000 0.178344 0.000000
0 0.773885 0.003597 0.773885 0.010791 0.786624 0.025180 0.805732 0.025180 0.808917 0.021583 0.808917 0.003597 0.805732 0.003597 0.802548 0.000000 0.799363 0.003597 0.796178 0.000000 0.780255 0.000000 0.777070 0.003597
0 0.101911 0.007194 0.098726 0.007194 0.095541 0.003597 0.089172 0.003597 0.079618 0.014388 0.076433 0.014388 0.073248 0.017986 0.073248 0.032374 0.079618 0.039568 0.092357 0.039568 0.095541 0.035971 0.098726 0.035971 0.098726 0.032374 0.105096 0.021583 0.105096 0.014388 0.101911 0.010791
0 0.267516 0.014388 0.254777 0.014388 0.232484 0.039568 0.226115 0.053957 0.226115 0.082734 0.232484 0.093525 0.245223 0.093525 0.257962 0.079137 0.270701 0.039568 0.270701 0.021583
0 0.703822 0.046763 0.703822 0.061151 0.707006 0.064748 0.726115 0.064748 0.729299 0.061151 0.732484 0.061151 0.738854 0.053957 0.738854 0.043165 0.735669 0.039568 0.729299 0.039568 0.726115 0.035971 0.716561 0.035971 0.713376 0.039568 0.710191 0.039568
0 0.283439 0.050360 0.280255 0.057554 0.280255 0.071942 0.289809 0.079137 0.296178 0.079137 0.299363 0.082734 0.312102 0.082734 0.318471 0.086331 0.324841 0.082734 0.331210 0.071942 0.328025 0.064748 0.328025 0.057554 0.308917 0.039568 0.296178 0.039568
0 0.869427 0.039568 0.859873 0.039568 0.850318 0.046763 0.850318 0.050360 0.843949 0.053957 0.831210 0.071942 0.831210 0.086331 0.847134 0.111511 0.866242 0.111511 0.878981 0.100719 0.878981 0.093525 0.882166 0.089928 0.882166 0.053957 0.875796 0.043165
0 0.525478 0.043165 0.512739 0.043165 0.506369 0.046763 0.493631 0.061151 0.484076 0.064748 0.474522 0.079137 0.474522 0.107914 0.477707 0.111511 0.490446 0.104317 0.506369 0.082734 0.512739 0.079137 0.515924 0.082734 0.528662 0.061151 0.528662 0.046763
0 0.662420 0.061151 0.649682 0.061151 0.649682 0.068345 0.643312 0.075540 0.643312 0.086331 0.640127 0.089928 0.643312 0.093525 0.649682 0.093525 0.659236 0.082734 0.656051 0.079137 0.665605 0.068345 0.662420 0.064748
0 0.582803 0.068345 0.573248 0.068345 0.570064 0.071942 0.563694 0.071942 0.557325 0.079137 0.557325 0.089928 0.563694 0.100719 0.573248 0.104317 0.576433 0.100719 0.585987 0.097122 0.585987 0.093525 0.589172 0.089928 0.589172 0.082734 0.592357 0.079137
0 0.063694 0.079137 0.063694 0.089928 0.076433 0.111511 0.089172 0.118705 0.108280 0.118705 0.111465 0.115108 0.117834 0.115108 0.121019 0.100719 0.114650 0.086331 0.101911 0.079137 0.085987 0.079137 0.082803 0.075540 0.066879 0.075540
0 0.538217 0.079137 0.528662 0.079137 0.525478 0.082734 0.519108 0.082734 0.519108 0.086331 0.509554 0.097122 0.509554 0.107914 0.512739 0.107914 0.515924 0.111511 0.519108 0.107914 0.525478 0.107914 0.531847 0.100719 0.535032 0.100719 0.535032 0.097122 0.538217 0.093525
0 0.799363 0.082734 0.796178 0.086331 0.796178 0.093525 0.792994 0.097122 0.796178 0.100719 0.796178 0.115108 0.805732 0.125899 0.821656 0.125899 0.824841 0.122302 0.824841 0.111511 0.821656 0.107914 0.821656 0.104317 0.818471 0.100719 0.815287 0.089928 0.808917 0.082734
0 0.675159 0.097122 0.675159 0.100719 0.671975 0.104317 0.671975 0.115108 0.678344 0.122302 0.681529 0.122302 0.684713 0.125899 0.700637 0.125899 0.703822 0.122302 0.703822 0.118705 0.707006 0.115108 0.707006 0.097122 0.700637 0.089928 0.684713 0.089928 0.678344 0.097122
0 0.554140 0.100719 0.544586 0.107914 0.541401 0.118705 0.544586 0.122302 0.544586 0.129496 0.547771 0.133094 0.547771 0.136691 0.554140 0.143885 0.563694 0.143885 0.573248 0.133094 0.573248 0.129496 0.576433 0.125899 0.576433 0.118705 0.573248 0.115108 0.573248 0.111511 0.566879 0.104317 0.563694 0.104317 0.560510 0.100719
0 0.356688 0.107914 0.356688 0.111511 0.353503 0.115108 0.353503 0.129496 0.359873 0.136691 0.363057 0.136691 0.366242 0.140288 0.382166 0.140288 0.388535 0.133094 0.388535 0.122302 0.382166 0.111511 0.378981 0.111511 0.375796 0.107914
0 0.264331 0.125899 0.267516 0.129496 0.270701 0.143885 0.283439 0.151079 0.289809 0.151079 0.292994 0.154676 0.324841 0.154676 0.328025 0.151079 0.328025 0.133094 0.308917 0.115108 0.270701 0.115108
0 0.863057 0.125899 0.850318 0.140288 0.850318 0.147482 0.847134 0.151079 0.850318 0.154676 0.850318 0.161871 0.856688 0.176259 0.863057 0.183453 0.878981 0.183453 0.891720 0.169065 0.891720 0.147482 0.878981 0.129496
0 0.643312 0.140288 0.646497 0.151079 0.652866 0.158273 0.656051 0.158273 0.659236 0.161871 0.675159 0.161871 0.675159 0.158273 0.678344 0.154676 0.678344 0.140288 0.675159 0.136691 0.668790 0.136691 0.659236 0.129496 0.652866 0.129496
0 0.060510 0.143885 0.063694 0.147482 0.063694 0.154676 0.079618 0.172662 0.079618 0.176259 0.095541 0.183453 0.114650 0.179856 0.124204 0.165468 0.124204 0.151079 0.114650 0.140288 0.108280 0.140288 0.095541 0.133094 0.070064 0.133094
0 0.601911 0.147482 0.595541 0.154676 0.595541 0.176259 0.601911 0.183453 0.608280 0.183453 0.611465 0.179856 0.611465 0.169065 0.614650 0.165468 0.614650 0.154676 0.608280 0.147482
0 0.780255 0.154676 0.780255 0.169065 0.789809 0.187050 0.812102 0.197842 0.821656 0.197842 0.824841 0.201439 0.834395 0.201439 0.837580 0.197842 0.840764 0.187050 0.837580 0.183453 0.837580 0.176259 0.828025 0.165468 0.828025 0.161871 0.805732 0.147482 0.786624 0.147482
0 0.216561 0.158273 0.207006 0.169065 0.207006 0.190647 0.216561 0.197842 0.229299 0.197842 0.235669 0.190647 0.235669 0.187050 0.238854 0.183453 0.238854 0.176259 0.235669 0.172662 0.235669 0.169065 0.226115 0.158273
0 0.254777 0.172662 0.254777 0.176259 0.251592 0.179856 0.251592 0.194245 0.261146 0.205036 0.273885 0.205036 0.280255 0.194245 0.280255 0.176259 0.277070 0.176259 0.267516 0.169065 0.261146 0.169065 0.257962 0.172662
0 0.646497 0.172662 0.636943 0.172662 0.627389 0.183453 0.627389 0.187050 0.630573 0.190647 0.636943 0.190647 0.640127 0.187050 0.646497 0.187050 0.646497 0.183453 0.649682 0.179856 0.646497 0.176259
0 0.576433 0.176259 0.570064 0.187050 0.570064 0.208633 0.576433 0.215827 0.589172 0.215827 0.595541 0.208633 0.595541 0.197842 0.592357 0.194245 0.589172 0.183453 0.582803 0.176259
0 0.289809 0.197842 0.289809 0.208633 0.296178 0.215827 0.305732 0.215827 0.308917 0.212230 0.312102 0.212230 0.312102 0.197842 0.305732 0.190647 0.296178 0.190647
0 0.442675 0.194245 0.442675 0.201439 0.455414 0.212230 0.480892 0.212230 0.484076 0.215827 0.503185 0.215827 0.512739 0.208633 0.512739 0.201439 0.506369 0.194245 0.455414 0.194245 0.452229 0.190647
0 0.394904 0.194245 0.388535 0.205036 0.391720 0.201439 0.394904 0.205036 0.394904 0.215827 0.398089 0.219424 0.401274 0.230216 0.410828 0.241007 0.420382 0.241007 0.426752 0.233813 0.426752 0.215827 0.423567 0.212230 0.420382 0.212230 0.410828 0.201439 0.407643 0.201439 0.404459 0.197842 0.404459 0.194245
0 0.515924 0.201439 0.515924 0.208633 0.512739 0.215827 0.519108 0.226619 0.531847 0.233813 0.538217 0.233813 0.541401 0.237410 0.557325 0.237410 0.560510 0.233813 0.560510 0.219424 0.557325 0.212230 0.550955 0.208633 0.541401 0.197842 0.535032 0.194245 0.528662 0.194245
0 0.802548 0.215827 0.796178 0.208633 0.783439 0.201439 0.770701 0.201439 0.748408 0.215827 0.738854 0.233813 0.738854 0.241007 0.770701 0.233813 0.786624 0.223022 0.796178 0.223022 0.802548 0.219424
0 0.117834 0.215827 0.108280 0.215827 0.105096 0.212230 0.095541 0.219424 0.095541 0.223022 0.085987 0.241007 0.085987 0.244604 0.092357 0.255396 0.095541 0.255396 0.098726 0.258993 0.105096 0.258993 0.117834 0.248201 0.117834 0.244604 0.121019 0.241007 0.121019 0.233813 0.124204 0.230216 0.124204 0.226619
0 0.722930 0.219424 0.716561 0.215827 0.700637 0.215827 0.694268 0.219424 0.687898 0.226619 0.684713 0.226619 0.684713 0.230216 0.675159 0.241007 0.671975 0.248201 0.675159 0.255396 0.694268 0.255396 0.697452 0.251799 0.703822 0.251799 0.710191 0.248201 0.722930 0.233813
0 0.888535 0.219424 0.882166 0.219424 0.878981 0.223022 0.869427 0.223022 0.850318 0.233813 0.843949 0.241007 0.840764 0.251799 0.847134 0.258993 0.856688 0.258993 0.882166 0.241007 0.891720 0.241007 0.891720 0.233813 0.888535 0.230216
0 0.350318 0.226619 0.334395 0.230216 0.321656 0.241007 0.321656 0.244604 0.318471 0.248201 0.318471 0.255396 0.328025 0.269784 0.343949 0.269784 0.363057 0.251799 0.363057 0.241007
0 0.366242 0.237410 0.366242 0.255396 0.372611 0.262590 0.385350 0.262590 0.388535 0.258993 0.388535 0.244604 0.385350 0.241007 0.382166 0.241007 0.378981 0.237410
0 0.541401 0.273381 0.544586 0.284173 0.554140 0.294964 0.585987 0.294964 0.601911 0.302158 0.630573 0.291367 0.627389 0.280576 0.617834 0.269784 0.598726 0.258993 0.585987 0.258993 0.582803 0.255396 0.554140 0.255396 0.544586 0.262590
0 0.885350 0.273381 0.882166 0.269784 0.878981 0.269784 0.875796 0.273381 0.853503 0.273381 0.850318 0.276978 0.834395 0.276978 0.834395 0.284173 0.843949 0.291367 0.872611 0.291367 0.875796 0.287770 0.878981 0.287770 0.885350 0.280576
0 0.372611 0.280576 0.366242 0.273381 0.350318 0.273381 0.347134 0.276978 0.343949 0.276978 0.337580 0.284173 0.334395 0.294964 0.340764 0.305755 0.356688 0.305755 0.369427 0.291367 0.369427 0.284173
0 0.267516 0.280576 0.261146 0.291367 0.261146 0.294964 0.264331 0.298561 0.264331 0.305755 0.273885 0.312950 0.286624 0.312950 0.286624 0.309353 0.289809 0.305755 0.289809 0.291367 0.286624 0.287770 0.286624 0.284173 0.283439 0.284173 0.280255 0.280576
0 0.716561 0.294964 0.722930 0.312950 0.748408 0.330935 0.757962 0.330935 0.761146 0.334532 0.796178 0.334532 0.802548 0.330935 0.802548 0.316547 0.754777 0.287770 0.729299 0.284173
0 0.598726 0.305755 0.585987 0.298561 0.554140 0.298561 0.531847 0.334532 0.531847 0.356115 0.528662 0.359712 0.531847 0.363309 0.541401 0.356115 0.544586 0.359712 0.585987 0.327338
0 0.394904 0.305755 0.385350 0.305755 0.375796 0.316547 0.375796 0.323741 0.382166 0.330935 0.388535 0.330935 0.398089 0.320144 0.398089 0.309353
0 0.894904 0.309353 0.891720 0.305755 0.878981 0.305755 0.866242 0.312950 0.856688 0.323741 0.834395 0.334532 0.821656 0.348921 0.821656 0.356115 0.824841 0.359712 0.847134 0.359712 0.875796 0.345324 0.885350 0.338129 0.894904 0.323741
0 0.802548 0.359712 0.783439 0.345324 0.764331 0.345324 0.745223 0.352518 0.726115 0.366906 0.722930 0.374101 0.722930 0.392086 0.732484 0.402878 0.761146 0.399281 0.796178 0.377698 0.802548 0.366906
0 0.885350 0.366906 0.882166 0.363309 0.856688 0.363309 0.824841 0.381295 0.815287 0.395683 0.831210 0.410072 0.840764 0.410072 0.853503 0.402878 0.863057 0.402878 0.882166 0.388489 0.885350 0.381295
0 0.592357 0.395683 0.585987 0.388489 0.576433 0.388489 0.557325 0.399281 0.544586 0.413669 0.541401 0.428058 0.547771 0.435252 0.566879 0.435252 0.573248 0.428058 0.585987 0.424460 0.595541 0.413669 0.595541 0.402878
0 0.391720 0.406475 0.378981 0.395683 0.363057 0.392086 0.356688 0.399281 0.356688 0.410072 0.343949 0.428058 0.343949 0.438849 0.350318 0.446043 0.363057 0.446043 0.382166 0.435252 0.391720 0.417266
0 0.277070 0.428058 0.280255 0.431655 0.280255 0.435252 0.286624 0.442446 0.296178 0.442446 0.299363 0.438849 0.308917 0.435252 0.321656 0.420863 0.321656 0.417266 0.312102 0.410072 0.289809 0.410072 0.280255 0.417266
0 0.063694 0.413669 0.060510 0.417266 0.057325 0.417266 0.057325 0.428058 0.060510 0.428058 0.063694 0.431655 0.066879 0.431655 0.073248 0.424460 0.073248 0.420863 0.066879 0.413669
0 0.254777 0.413669 0.242038 0.417266 0.229299 0.431655 0.219745 0.453237 0.219745 0.478417 0.229299 0.478417 0.242038 0.471223 0.261146 0.453237 0.264331 0.446043 0.264331 0.431655 0.261146 0.428058 0.264331 0.424460
0 0.678344 0.424460 0.675159 0.428058 0.675159 0.442446 0.681529 0.449640 0.681529 0.453237 0.684713 0.456835 0.697452 0.456835 0.700637 0.453237 0.700637 0.446043 0.703822 0.442446 0.700637 0.438849 0.700637 0.428058 0.697452 0.424460 0.691083 0.424460 0.687898 0.420863 0.684713 0.424460
0 0.544586 0.453237 0.535032 0.446043 0.522293 0.446043 0.519108 0.449640 0.509554 0.453237 0.503185 0.460432 0.503185 0.474820 0.509554 0.482014 0.519108 0.482014 0.522293 0.478417 0.525478 0.478417 0.538217 0.464029 0.538217 0.460432
0 0.388535 0.449640 0.366242 0.460432 0.334395 0.492806 0.324841 0.514388 0.328025 0.525180 0.347134 0.521583 0.369427 0.500000 0.382166 0.482014 0.391720 0.460432
0 0.621019 0.464029 0.621019 0.474820 0.624204 0.474820 0.627389 0.478417 0.636943 0.478417 0.640127 0.482014 0.649682 0.482014 0.656051 0.474820 0.656051 0.464029 0.649682 0.456835 0.627389 0.456835
0 0.328025 0.464029 0.308917 0.464029 0.305732 0.467626 0.302548 0.467626 0.289809 0.482014 0.289809 0.485612 0.286624 0.489209 0.286624 0.503597 0.292994 0.510791 0.299363 0.510791 0.302548 0.507194 0.305732 0.507194 0.312102 0.496403 0.312102 0.489209 0.328025 0.471223
0 0.404459 0.474820 0.394904 0.492806 0.394904 0.510791 0.404459 0.521583 0.410828 0.525180 0.429936 0.525180 0.436306 0.517986 0.436306 0.510791 0.423567 0.500000 0.423567 0.489209 0.420382 0.482014 0.414013 0.474820
0 0.547771 0.478417 0.544586 0.482014 0.538217 0.482014 0.528662 0.489209 0.528662 0.492806 0.525478 0.496403 0.525478 0.510791 0.528662 0.514388 0.541401 0.514388 0.550955 0.503597 0.550955 0.500000 0.554140 0.496403 0.554140 0.485612
0 0.254777 0.525180 0.248408 0.525180 0.245223 0.528777 0.235669 0.528777 0.226115 0.535971 0.216561 0.557554 0.216561 0.568345 0.222930 0.575540 0.235669 0.575540 0.251592 0.557554 0.261146 0.535971 0.261146 0.532374
0 0.799363 0.528777 0.786624 0.528777 0.780255 0.532374 0.770701 0.543165 0.767516 0.550360 0.767516 0.564748 0.777070 0.575540 0.786624 0.575540 0.805732 0.564748 0.812102 0.557554 0.815287 0.557554 0.815287 0.550360
0 0.117834 0.532374 0.101911 0.532374 0.098726 0.535971 0.098726 0.557554 0.101911 0.561151 0.108280 0.561151 0.111465 0.557554 0.114650 0.557554 0.114650 0.553957 0.117834 0.550360
0 0.337580 0.539568 0.324841 0.532374 0.305732 0.539568 0.286624 0.561151 0.283439 0.568345 0.283439 0.582734 0.289809 0.593525 0.296178 0.593525 0.308917 0.586331 0.328025 0.564748 0.337580 0.546763
0 0.009554 0.543165 0.009554 0.553957 0.012739 0.557554 0.012739 0.561151 0.015924 0.561151 0.019108 0.564748 0.025478 0.564748 0.028662 0.561151 0.038217 0.561151 0.041401 0.557554 0.044586 0.557554 0.050955 0.550360 0.050955 0.539568 0.047771 0.535971 0.015924 0.535971
0 0.079618 0.535971 0.073248 0.535971 0.066879 0.543165 0.066879 0.553957 0.060510 0.568345 0.060510 0.589928 0.066879 0.600719 0.076433 0.600719 0.085987 0.589928 0.085987 0.550360
0 0.388535 0.539568 0.382166 0.546763 0.382166 0.553957 0.385350 0.553957 0.394904 0.564748 0.401274 0.564748 0.407643 0.557554 0.407643 0.550360 0.404459 0.546763 0.404459 0.543165 0.401274 0.539568
0 0.818471 0.557554 0.805732 0.568345 0.786624 0.579137 0.780255 0.579137 0.783439 0.586331 0.780255 0.604317 0.786624 0.618705 0.802548 0.633094 0.812102 0.633094 0.828025 0.611511 0.831210 0.575540
0 0.369427 0.564748 0.359873 0.571942 0.359873 0.579137 0.356688 0.582734 0.366242 0.593525 0.372611 0.593525 0.375796 0.597122 0.382166 0.589928 0.382166 0.586331 0.385350 0.582734 0.385350 0.579137 0.382166 0.575540 0.382166 0.571942 0.378981 0.571942
0 0.742038 0.586331 0.729299 0.604317 0.729299 0.615108 0.735669 0.633094 0.754777 0.647482 0.777070 0.647482 0.783439 0.640288 0.783439 0.629496 0.786624 0.625899 0.777070 0.600719 0.751592 0.582734
0 0.487261 0.589928 0.480892 0.604317 0.480892 0.629496 0.490446 0.651079 0.506369 0.661871 0.528662 0.661871 0.535032 0.658273 0.547771 0.640288 0.547771 0.618705 0.541401 0.604317 0.528662 0.589928 0.519108 0.586331 0.493631 0.586331
0 0.557325 0.589928 0.557325 0.604317 0.563694 0.615108 0.576433 0.615108 0.579618 0.611511 0.582803 0.611511 0.589172 0.604317 0.589172 0.593525 0.582803 0.586331 0.560510 0.586331
0 0.038217 0.593525 0.031847 0.593525 0.028662 0.597122 0.025478 0.597122 0.022293 0.600719 0.022293 0.604317 0.019108 0.607914 0.019108 0.615108 0.025478 0.622302 0.028662 0.622302 0.031847 0.625899 0.035032 0.622302 0.038217 0.622302 0.038217 0.618705 0.044586 0.611511 0.044586 0.600719
0 0.484076 0.593525 0.480892 0.597122 0.461783 0.597122 0.458599 0.593525 0.452229 0.604317 0.452229 0.615108 0.449045 0.618705 0.449045 0.633094 0.458599 0.651079 0.468153 0.651079 0.474522 0.643885 0.474522 0.636691 0.477707 0.633094 0.477707 0.604317
0 0.643312 0.597122 0.636943 0.593525 0.627389 0.593525 0.601911 0.611511 0.598726 0.618705 0.598726 0.633094 0.611465 0.651079 0.617834 0.651079 0.624204 0.643885 0.646497 0.629496 0.646497 0.618705 0.649682 0.611511
0 0.684713 0.604317 0.678344 0.611511 0.678344 0.618705 0.675159 0.622302 0.675159 0.647482 0.678344 0.654676 0.681529 0.654676 0.691083 0.665468 0.710191 0.665468 0.719745 0.654676 0.719745 0.647482 0.722930 0.643885 0.719745 0.636691 0.719745 0.625899 0.703822 0.604317
0 0.340764 0.611511 0.334395 0.618705 0.334395 0.622302 0.331210 0.625899 0.331210 0.643885 0.334395 0.647482 0.356688 0.647482 0.363057 0.640288 0.363057 0.636691 0.366242 0.633094 0.366242 0.625899 0.359873 0.615108 0.356688 0.615108 0.353503 0.611511
0 0.197452 0.629496 0.194268 0.625899 0.159236 0.629496 0.146497 0.640288 0.127389 0.647482 0.108280 0.661871 0.101911 0.672662 0.105096 0.676259 0.121019 0.676259 0.152866 0.658273 0.178344 0.651079
0 0.576433 0.633094 0.566879 0.636691 0.554140 0.651079 0.554140 0.658273 0.550955 0.661871 0.550955 0.676259 0.554140 0.683453 0.563694 0.690647 0.582803 0.687050 0.595541 0.669065 0.595541 0.651079 0.592357 0.643885
0 0.649682 0.633094 0.643312 0.633094 0.617834 0.654676 0.617834 0.665468 0.627389 0.676259 0.633758 0.676259 0.636943 0.679856 0.640127 0.679856 0.643312 0.676259 0.652866 0.672662 0.659236 0.665468 0.659236 0.643885 0.656051 0.640288 0.656051 0.636691 0.652866 0.636691
0 0.847134 0.654676 0.850318 0.658273 0.850318 0.669065 0.859873 0.679856 0.872611 0.679856 0.875796 0.676259 0.882166 0.676259 0.885350 0.672662 0.885350 0.654676 0.875796 0.643885 0.856688 0.643885
0 0.286624 0.658273 0.280255 0.658273 0.277070 0.661871 0.273885 0.661871 0.264331 0.672662 0.264331 0.676259 0.261146 0.679856 0.261146 0.683453 0.267516 0.690647 0.267516 0.694245 0.270701 0.694245 0.280255 0.683453 0.280255 0.679856 0.286624 0.672662
0 0.359873 0.665468 0.353503 0.665468 0.350318 0.669065 0.331210 0.669065 0.321656 0.676259 0.318471 0.687050 0.324841 0.694245 0.331210 0.694245 0.337580 0.701439 0.337580 0.708633 0.340764 0.712230 0.347134 0.705036 0.347134 0.701439 0.353503 0.697842 0.363057 0.687050 0.366242 0.679856
0 0.143312 0.687050 0.136943 0.687050 0.127389 0.694245 0.117834 0.694245 0.114650 0.697842 0.098726 0.705036 0.092357 0.712230 0.092357 0.719424 0.105096 0.719424 0.108280 0.715827 0.114650 0.715827 0.124204 0.705036 0.127389 0.705036 0.133758 0.697842 0.136943 0.697842 0.143312 0.690647
0 0.149682 0.701439 0.143312 0.708633 0.143312 0.715827 0.146497 0.719424 0.146497 0.723022 0.156051 0.723022 0.162420 0.715827 0.162420 0.705036 0.159236 0.701439
0 0.560510 0.705036 0.550955 0.712230 0.550955 0.730216 0.557325 0.737410 0.570064 0.737410 0.576433 0.730216 0.576433 0.712230 0.570064 0.705036
0 0.605096 0.708633 0.595541 0.708633 0.582803 0.726619 0.582803 0.744604 0.579618 0.748201 0.579618 0.758993 0.582803 0.766187 0.595541 0.773381 0.598726 0.773381 0.611465 0.758993 0.617834 0.744604 0.617834 0.723022 0.614650 0.715827
0 0.767516 0.715827 0.761146 0.726619 0.761146 0.741007 0.764331 0.744604 0.764331 0.748201 0.767516 0.748201 0.780255 0.758993 0.789809 0.758993 0.796178 0.751799 0.796178 0.748201 0.802548 0.737410 0.802548 0.723022 0.799363 0.719424 0.796178 0.719424 0.792994 0.715827 0.786624 0.715827 0.783439 0.712230 0.780255 0.712230 0.777070 0.715827
0 0.385350 0.715827 0.372611 0.715827 0.359873 0.733813 0.353503 0.748201 0.353503 0.755396 0.350318 0.758993 0.350318 0.780576 0.363057 0.776978 0.382166 0.751799 0.388535 0.737410 0.388535 0.719424
0 0.914013 0.730216 0.901274 0.723022 0.882166 0.723022 0.875796 0.726619 0.856688 0.748201 0.856688 0.758993 0.853503 0.762590 0.853503 0.780576 0.856688 0.787770 0.869427 0.798561 0.894904 0.794964 0.907643 0.780576 0.923567 0.751799 0.923567 0.744604
0 0.671975 0.726619 0.649682 0.726619 0.636943 0.733813 0.636943 0.737410 0.630573 0.744604 0.630573 0.758993 0.643312 0.776978 0.656051 0.780576 0.675159 0.769784 0.681529 0.755396 0.681529 0.733813
0 0.299363 0.730216 0.296178 0.730216 0.292994 0.733813 0.292994 0.741007 0.286624 0.748201 0.286624 0.755396 0.289809 0.758993 0.289809 0.762590 0.302548 0.762590 0.305732 0.758993 0.305732 0.755396 0.308917 0.751799 0.308917 0.741007 0.305732 0.737410 0.305732 0.733813 0.302548 0.733813
0 0.528662 0.730216 0.515924 0.741007 0.515924 0.780576 0.525478 0.798561 0.538217 0.805755 0.544586 0.805755 0.560510 0.791367 0.563694 0.766187 0.554140 0.744604 0.541401 0.733813
0 0.710191 0.730216 0.700637 0.733813 0.694268 0.748201 0.691083 0.769784 0.684713 0.780576 0.684713 0.794964 0.694268 0.802158 0.703822 0.802158 0.707006 0.805755 0.726115 0.794964 0.735669 0.780576 0.732484 0.773381 0.735669 0.766187 0.729299 0.748201 0.719745 0.733813 0.713376 0.733813
0 0.060510 0.737410 0.050955 0.737410 0.041401 0.744604 0.035032 0.744604 0.031847 0.748201 0.028662 0.748201 0.019108 0.758993 0.022293 0.769784 0.025478 0.769784 0.028662 0.773381 0.035032 0.773381 0.038217 0.769784 0.047771 0.769784 0.060510 0.755396 0.060510 0.751799 0.063694 0.748201 0.060510 0.744604
0 0.468153 0.758993 0.461783 0.766187 0.461783 0.780576 0.468153 0.794964 0.490446 0.809353 0.503185 0.809353 0.512739 0.794964 0.512739 0.773381 0.496815 0.755396 0.490446 0.751799 0.480892 0.751799
0 0.200637 0.755396 0.197452 0.758993 0.194268 0.758993 0.194268 0.762590 0.187898 0.773381 0.187898 0.787770 0.197452 0.798561 0.210191 0.798561 0.216561 0.791367 0.216561 0.787770 0.222930 0.776978 0.219745 0.773381 0.219745 0.762590 0.216561 0.758993 0.213376 0.758993 0.210191 0.755396
0 0.082803 0.776978 0.079618 0.776978 0.076433 0.773381 0.073248 0.776978 0.070064 0.776978 0.057325 0.791367 0.057325 0.794964 0.054140 0.798561 0.054140 0.805755 0.057325 0.809353 0.060510 0.809353 0.063694 0.805755 0.066879 0.805755 0.070064 0.802158 0.073248 0.802158 0.082803 0.791367
0 0.433121 0.787770 0.420382 0.805755 0.420382 0.820144 0.436306 0.859712 0.458599 0.877698 0.477707 0.874101 0.490446 0.856115 0.487261 0.834532 0.464968 0.802158 0.445860 0.787770
0 0.270701 0.798561 0.261146 0.798561 0.261146 0.802158 0.257962 0.805755 0.257962 0.809353 0.254777 0.812950 0.254777 0.830935 0.257962 0.834532 0.261146 0.834532 0.270701 0.823741 0.270701 0.812950 0.273885 0.809353 0.270701 0.805755
0 0.175159 0.802158 0.165605 0.802158 0.156051 0.812950 0.152866 0.812950 0.146497 0.823741 0.146497 0.830935 0.162420 0.845324 0.165605 0.841727 0.171975 0.841727 0.171975 0.838129 0.187898 0.823741 0.187898 0.816547
0 0.085987 0.805755 0.079618 0.816547 0.079618 0.838129 0.085987 0.845324 0.095541 0.845324 0.101911 0.838129 0.101911 0.830935 0.105096 0.827338 0.105096 0.820144 0.101911 0.816547 0.101911 0.809353 0.098726 0.805755
0 0.751592 0.805755 0.745223 0.809353 0.738854 0.809353 0.729299 0.820144 0.726115 0.827338 0.726115 0.845324 0.735669 0.856115 0.742038 0.859712 0.748408 0.859712 0.761146 0.845324 0.764331 0.838129 0.764331 0.830935 0.767516 0.827338 0.764331 0.816547
0 0.401274 0.812950 0.388535 0.827338 0.385350 0.841727 0.394904 0.859712 0.394904 0.866906 0.404459 0.877698 0.420382 0.877698 0.423567 0.881295 0.429936 0.870504 0.429936 0.859712 0.433121 0.856115 0.420382 0.830935 0.417197 0.816547
0 0.124204 0.816547 0.111465 0.827338 0.111465 0.838129 0.101911 0.859712 0.101911 0.884892 0.108280 0.884892 0.108280 0.881295 0.117834 0.870504 0.124204 0.856115 0.124204 0.845324 0.127389 0.841727 0.127389 0.820144
0 0.063694 0.823741 0.054140 0.823741 0.047771 0.827338 0.041401 0.841727 0.041401 0.848921 0.038217 0.852518 0.038217 0.881295 0.044586 0.888489 0.054140 0.888489 0.070064 0.870504 0.073248 0.863309 0.073248 0.834532
0 0.598726 0.830935 0.592357 0.841727 0.592357 0.852518 0.589172 0.856115 0.589172 0.866906 0.585987 0.870504 0.589172 0.874101 0.589172 0.884892 0.598726 0.892086 0.621019 0.892086 0.627389 0.881295 0.624204 0.866906 0.608280 0.841727 0.608280 0.838129 0.601911 0.830935
0 0.869427 0.834532 0.853503 0.834532 0.843949 0.845324 0.840764 0.845324 0.828025 0.863309 0.824841 0.877698 0.831210 0.884892 0.847134 0.884892 0.859873 0.874101 0.863057 0.874101 0.869427 0.866906 0.875796 0.852518 0.875796 0.845324
0 0.783439 0.838129 0.780255 0.841727 0.777070 0.841727 0.770701 0.848921 0.770701 0.866906 0.777070 0.874101 0.780255 0.874101 0.783439 0.877698 0.792994 0.877698 0.796178 0.874101 0.796178 0.852518 0.792994 0.848921 0.792994 0.845324 0.786624 0.838129
0 0.165605 0.845324 0.165605 0.874101 0.168790 0.874101 0.171975 0.877698 0.175159 0.874101 0.178344 0.874101 0.178344 0.856115 0.175159 0.852518 0.175159 0.848921 0.171975 0.845324
0 0.146497 0.874101 0.143312 0.877698 0.143312 0.888489 0.149682 0.895683 0.152866 0.895683 0.156051 0.892086 0.156051 0.877698 0.152866 0.877698 0.149682 0.874101
