0 0.149206 0.003597 0.146032 0.003597 0.142857 0.000000 0.133333 0.000000 0.130159 0.003597 0.114286 0.003597 0.114286 0.007194 0.117460 0.010791 0.117460 0.014388 0.120635 0.014388 0.123810 0.017986 0.142857 0.017986 0.149206 0.010791
0 0.276190 0.003597 0.276190 0.007194 0.279365 0.010791 0.282540 0.010791 0.285714 0.014388 0.288889 0.014388 0.292063 0.010791 0.295238 0.010791 0.295238 0.003597 0.292063 0.000000 0.279365 0.000000
0 0.809524 0.007194 0.803175 0.000000 0.796825 0.000000 0.793651 0.003597 0.790476 0.003597 0.787302 0.007194 0.787302 0.010791 0.790476 0.014388 0.790476 0.017986 0.803175 0.017986 0.809524 0.010791
0 0.307937 0.003597 0.304762 0.007194 0.304762 0.025180 0.307937 0.028777 0.317460 0.028777 0.326984 0.017986 0.326984 0.007194 0.323810 0.003597
0 0.447619 0.003597 0.447619 0.010791 0.450794 0.014388 0.450794 0.017986 0.447619 0.021583 0.447619 0.028777 0.450794 0.032374 0.450794 0.043165 0.453968 0.046763 0.457143 0.046763 0.457143 0.043165 0.463492 0.032374 0.463492 0.025180 0.466667 0.021583 0.466667 0.014388 0.463492 0.010791 0.463492 0.007194 0.460317 0.007194 0.457143 0.003597
0 0.533333 0.007194 0.533333 0.010791 0.536508 0.014388 0.536508 0.021583 0.539683 0.021583 0.546032 0.028777 0.558730 0.028777 0.558730 0.025180 0.561905 0.021583 0.561905 0.017986 0.558730 0.014388 0.558730 0.010791 0.552381 0.003597 0.536508 0.003597
0 0.342857 0.010791 0.336508 0.017986 0.336508 0.028777 0.342857 0.035971 0.346032 0.035971 0.349206 0.032374 0.355556 0.032374 0.355556 0.028777 0.358730 0.025180 0.358730 0.014388 0.355556 0.010791
0 0.228571 0.021583 0.228571 0.039568 0.231746 0.039568 0.234921 0.043165 0.247619 0.043165 0.257143 0.035971 0.257143 0.025180 0.250794 0.017986 0.247619 0.017986 0.244444 0.014388 0.238095 0.014388
0 0.739683 0.021583 0.736508 0.025180 0.736508 0.046763 0.739683 0.050360 0.755556 0.050360 0.758730 0.046763 0.758730 0.035971 0.755556 0.032374 0.755556 0.028777 0.749206 0.021583
0 0.561905 0.032374 0.561905 0.043165 0.568254 0.050360 0.584127 0.050360 0.584127 0.046763 0.587302 0.043165 0.587302 0.035971 0.584127 0.032374 0.584127 0.028777 0.577778 0.028777 0.574603 0.025180 0.571429 0.025180 0.568254 0.028777 0.565079 0.028777
0 0.806349 0.032374 0.806349 0.035971 0.809524 0.039568 0.809524 0.043165 0.815873 0.043165 0.819048 0.046763 0.828571 0.046763 0.828571 0.032374 0.822222 0.025180 0.812698 0.025180
0 0.368254 0.032374 0.365079 0.035971 0.365079 0.039568 0.361905 0.043165 0.361905 0.046763 0.371429 0.057554 0.384127 0.057554 0.390476 0.050360 0.390476 0.039568 0.380952 0.028777 0.374603 0.028777 0.371429 0.032374
0 0.673016 0.028777 0.673016 0.032374 0.669841 0.035971 0.673016 0.039568 0.673016 0.043165 0.676190 0.043165 0.679365 0.046763 0.682540 0.046763 0.685714 0.050360 0.688889 0.046763 0.692063 0.046763 0.692063 0.032374 0.688889 0.032374 0.685714 0.028777
0 0.952381 0.043165 0.955556 0.046763 0.961905 0.046763 0.965079 0.043165 0.974603 0.043165 0.980952 0.035971 0.974603 0.028777 0.971429 0.028777 0.968254 0.032374 0.965079 0.028777 0.961905 0.028777 0.952381 0.039568
0 0.523810 0.032374 0.517460 0.039568 0.517460 0.050360 0.523810 0.057554 0.539683 0.057554 0.542857 0.053957 0.542857 0.039568 0.539683 0.035971 0.536508 0.035971 0.533333 0.032374
0 0.711111 0.039568 0.707937 0.043165 0.707937 0.050360 0.714286 0.057554 0.717460 0.057554 0.717460 0.053957 0.720635 0.050360 0.720635 0.039568
0 0.768254 0.050360 0.768254 0.061151 0.771429 0.064748 0.780952 0.064748 0.784127 0.061151 0.787302 0.061151 0.787302 0.057554 0.790476 0.053957 0.790476 0.046763 0.787302 0.043165 0.774603 0.043165
0 0.892063 0.046763 0.888889 0.046763 0.885714 0.043165 0.879365 0.043165 0.876190 0.046763 0.873016 0.046763 0.869841 0.050360 0.869841 0.064748 0.876190 0.071942 0.882540 0.071942 0.885714 0.068345 0.888889 0.068345 0.895238 0.061151 0.895238 0.050360
0 0.282540 0.053957 0.276190 0.046763 0.273016 0.046763 0.269841 0.050360 0.263492 0.050360 0.253968 0.057554 0.253968 0.061151 0.250794 0.064748 0.250794 0.068345 0.253968 0.071942 0.269841 0.071942 0.273016 0.068345 0.279365 0.068345 0.282540 0.064748
0 0.174603 0.053957 0.174603 0.061151 0.180952 0.068345 0.196825 0.068345 0.200000 0.064748 0.200000 0.050360 0.177778 0.050360
0 0.987302 0.057554 0.974603 0.057554 0.971429 0.061151 0.971429 0.071942 0.974603 0.075540 0.980952 0.075540 0.987302 0.068345
0 0.469841 0.064748 0.469841 0.068345 0.466667 0.071942 0.469841 0.075540 0.469841 0.079137 0.473016 0.079137 0.476190 0.082734 0.479365 0.082734 0.485714 0.089928 0.495238 0.089928 0.498413 0.086331 0.498413 0.071942 0.492063 0.064748 0.485714 0.064748 0.482540 0.061151 0.476190 0.061151 0.473016 0.064748
0 0.584127 0.061151 0.574603 0.061151 0.568254 0.068345 0.568254 0.086331 0.580952 0.086331 0.587302 0.079137 0.587302 0.064748
0 0.717460 0.064748 0.717460 0.079137 0.720635 0.079137 0.723810 0.082734 0.739683 0.082734 0.742857 0.079137 0.742857 0.068345 0.736508 0.061151 0.720635 0.061151
0 0.946032 0.064748 0.939683 0.071942 0.939683 0.082734 0.942857 0.086331 0.942857 0.089928 0.946032 0.093525 0.955556 0.093525 0.958730 0.089928 0.958730 0.068345 0.955556 0.064748
0 0.685714 0.068345 0.673016 0.068345 0.669841 0.071942 0.666667 0.071942 0.663492 0.075540 0.663492 0.082734 0.669841 0.089928 0.673016 0.089928 0.676190 0.093525 0.679365 0.089928 0.682540 0.089928 0.688889 0.082734 0.688889 0.071942
0 0.800000 0.068345 0.800000 0.082734 0.806349 0.093525 0.809524 0.093525 0.812698 0.097122 0.828571 0.097122 0.831746 0.093525 0.831746 0.079137 0.828571 0.075540 0.828571 0.071942 0.825397 0.071942 0.822222 0.068345
0 0.526984 0.075540 0.517460 0.075540 0.511111 0.082734 0.511111 0.097122 0.514286 0.097122 0.517460 0.100719 0.520635 0.100719 0.523810 0.097122 0.526984 0.097122 0.530159 0.093525 0.530159 0.089928 0.533333 0.086331 0.530159 0.082734 0.530159 0.079137
0 0.768254 0.075540 0.765079 0.079137 0.765079 0.089928 0.768254 0.089928 0.771429 0.093525 0.777778 0.093525 0.784127 0.086331 0.780952 0.082734 0.780952 0.079137 0.777778 0.075540
0 0.920635 0.079137 0.914286 0.079137 0.907937 0.086331 0.907937 0.089928 0.904762 0.093525 0.904762 0.097122 0.911111 0.104317 0.917460 0.104317 0.923810 0.097122 0.923810 0.082734
0 0.863492 0.089928 0.863492 0.097122 0.869841 0.104317 0.876190 0.104317 0.879365 0.100719 0.882540 0.100719 0.888889 0.093525 0.888889 0.086331 0.885714 0.082734 0.866667 0.082734 0.866667 0.086331
0 0.346032 0.086331 0.339683 0.086331 0.333333 0.093525 0.336508 0.097122 0.342857 0.097122 0.346032 0.093525
0 0.603175 0.093525 0.600000 0.089928 0.590476 0.089928 0.580952 0.100719 0.580952 0.104317 0.577778 0.107914 0.577778 0.111511 0.574603 0.115108 0.574603 0.118705 0.580952 0.118705 0.584127 0.115108 0.587302 0.115108 0.596825 0.104317 0.600000 0.104317 0.600000 0.100719 0.603175 0.097122
0 0.847619 0.093525 0.841270 0.100719 0.841270 0.111511 0.844444 0.115108 0.844444 0.118705 0.850794 0.125899 0.853968 0.125899 0.857143 0.129496 0.860317 0.129496 0.863492 0.125899 0.863492 0.111511 0.860317 0.107914 0.860317 0.100719 0.853968 0.093525
0 0.736508 0.100719 0.733333 0.100719 0.730159 0.097122 0.726984 0.097122 0.723810 0.100719 0.717460 0.100719 0.714286 0.104317 0.714286 0.107914 0.711111 0.111511 0.714286 0.115108 0.714286 0.118705 0.717460 0.122302 0.730159 0.122302 0.733333 0.118705 0.736508 0.118705
0 0.403175 0.107914 0.396825 0.100719 0.384127 0.100719 0.374603 0.107914 0.374603 0.111511 0.371429 0.115108 0.371429 0.122302 0.377778 0.129496 0.390476 0.129496 0.403175 0.115108
0 0.660317 0.100719 0.660317 0.104317 0.657143 0.107914 0.660317 0.111511 0.660317 0.115108 0.666667 0.122302 0.679365 0.122302 0.679365 0.118705 0.682540 0.115108 0.682540 0.107914 0.676190 0.100719
0 0.971429 0.100719 0.968254 0.104317 0.965079 0.104317 0.961905 0.107914 0.961905 0.122302 0.968254 0.129496 0.977778 0.129496 0.984127 0.122302 0.984127 0.118705 0.987302 0.115108 0.987302 0.111511 0.984127 0.107914 0.984127 0.104317 0.980952 0.104317 0.977778 0.100719
0 0.761905 0.107914 0.758730 0.111511 0.755556 0.111511 0.755556 0.115108 0.752381 0.118705 0.752381 0.122302 0.755556 0.125899 0.755556 0.133094 0.758730 0.136691 0.761905 0.136691 0.765079 0.140288 0.768254 0.136691 0.771429 0.136691 0.774603 0.133094 0.774603 0.115108 0.771429 0.111511 0.768254 0.111511 0.765079 0.107914
0 0.428571 0.115108 0.428571 0.122302 0.431746 0.125899 0.431746 0.129496 0.438095 0.136691 0.441270 0.136691 0.444444 0.140288 0.460317 0.140288 0.460317 0.125899 0.457143 0.122302 0.453968 0.122302 0.450794 0.118705 0.447619 0.118705 0.441270 0.111511 0.431746 0.111511
0 0.517460 0.111511 0.514286 0.115108 0.514286 0.118705 0.511111 0.122302 0.514286 0.125899 0.514286 0.129496 0.526984 0.129496 0.533333 0.122302 0.533333 0.115108 0.530159 0.111511
0 0.222222 0.118705 0.222222 0.125899 0.225397 0.129496 0.228571 0.129496 0.231746 0.133094 0.244444 0.133094 0.247619 0.129496 0.247619 0.122302 0.241270 0.115108 0.225397 0.115108
0 0.155556 0.122302 0.146032 0.122302 0.139683 0.129496 0.139683 0.140288 0.146032 0.147482 0.146032 0.151079 0.149206 0.151079 0.152381 0.147482 0.158730 0.147482 0.158730 0.125899
0 0.177778 0.122302 0.177778 0.125899 0.174603 0.129496 0.174603 0.136691 0.177778 0.140288 0.177778 0.147482 0.180952 0.151079 0.187302 0.151079 0.196825 0.140288 0.196825 0.129496 0.190476 0.122302
0 0.482540 0.125899 0.479365 0.129496 0.479365 0.136691 0.482540 0.140288 0.482540 0.147482 0.485714 0.151079 0.485714 0.154676 0.488889 0.154676 0.492063 0.158273 0.504762 0.158273 0.507937 0.154676 0.507937 0.143885 0.504762 0.140288 0.501587 0.140288 0.488889 0.125899
0 0.555556 0.129496 0.552381 0.125899 0.542857 0.125899 0.539683 0.129496 0.536508 0.129496 0.533333 0.133094 0.533333 0.136691 0.526984 0.143885 0.526984 0.151079 0.530159 0.151079 0.533333 0.154676 0.536508 0.151079 0.546032 0.151079 0.552381 0.143885 0.552381 0.140288 0.555556 0.136691
0 0.114286 0.129496 0.111111 0.133094 0.111111 0.136691 0.107937 0.140288 0.107937 0.143885 0.111111 0.147482 0.111111 0.151079 0.114286 0.151079 0.117460 0.154676 0.120635 0.154676 0.123810 0.151079 0.126984 0.151079 0.126984 0.143885 0.130159 0.140288 0.126984 0.136691 0.126984 0.133094 0.123810 0.133094 0.120635 0.129496
0 0.898413 0.129496 0.888889 0.129496 0.885714 0.133094 0.885714 0.136691 0.882540 0.140288 0.885714 0.143885 0.885714 0.147482 0.892063 0.154676 0.895238 0.151079 0.898413 0.151079 0.901587 0.147482 0.901587 0.133094
0 0.352381 0.133094 0.349206 0.136691 0.349206 0.147482 0.352381 0.151079 0.352381 0.154676 0.358730 0.161871 0.368254 0.161871 0.371429 0.158273 0.371429 0.154676 0.374603 0.151079 0.371429 0.147482 0.371429 0.143885 0.361905 0.133094
0 0.390476 0.136691 0.390476 0.151079 0.393651 0.154676 0.409524 0.154676 0.412698 0.151079 0.415873 0.151079 0.415873 0.136691 0.412698 0.133094 0.393651 0.133094
0 0.926984 0.136691 0.926984 0.143885 0.933333 0.151079 0.936508 0.151079 0.939683 0.154676 0.955556 0.154676 0.958730 0.151079 0.958730 0.143885 0.952381 0.136691 0.949206 0.136691 0.946032 0.133094 0.933333 0.133094 0.930159 0.136691
0 0.247619 0.140288 0.247619 0.147482 0.244444 0.151079 0.247619 0.154676 0.247619 0.158273 0.250794 0.161871 0.266667 0.161871 0.266667 0.158273 0.269841 0.154676 0.269841 0.143885 0.266667 0.140288 0.263492 0.140288 0.260317 0.136691 0.257143 0.136691 0.253968 0.140288
0 0.568254 0.140288 0.568254 0.154676 0.571429 0.158273 0.584127 0.158273 0.593651 0.147482 0.593651 0.140288 0.590476 0.136691 0.574603 0.136691 0.571429 0.140288
0 0.793651 0.136691 0.790476 0.136691 0.787302 0.140288 0.784127 0.140288 0.780952 0.143885 0.780952 0.154676 0.784127 0.158273 0.796825 0.158273 0.800000 0.154676 0.800000 0.143885
0 0.212698 0.140288 0.206349 0.147482 0.206349 0.151079 0.209524 0.154676 0.209524 0.158273 0.212698 0.161871 0.219048 0.161871 0.222222 0.165468 0.225397 0.165468 0.231746 0.158273 0.231746 0.151079 0.228571 0.147482 0.228571 0.143885 0.225397 0.140288
0 0.323810 0.140288 0.320635 0.143885 0.317460 0.143885 0.317460 0.147482 0.314286 0.151079 0.314286 0.165468 0.323810 0.172662 0.330159 0.172662 0.339683 0.165468 0.339683 0.151079 0.336508 0.147482 0.336508 0.143885 0.333333 0.143885 0.330159 0.140288
0 0.993651 0.140288 0.987302 0.147482 0.987302 0.154676 0.993651 0.161871 0.993651 0.165468 0.996825 0.161871 0.996825 0.147482 0.993651 0.143885
0 0.460317 0.147482 0.460317 0.151079 0.457143 0.154676 0.450794 0.154676 0.447619 0.158273 0.447619 0.172662 0.457143 0.172662 0.460317 0.169065 0.466667 0.169065 0.466667 0.154676
0 0.165079 0.154676 0.161905 0.151079 0.152381 0.151079 0.149206 0.154676 0.146032 0.154676 0.146032 0.158273 0.142857 0.161871 0.142857 0.165468 0.146032 0.169065 0.158730 0.169065 0.161905 0.165468 0.161905 0.161871 0.165079 0.158273
0 0.803175 0.154676 0.800000 0.158273 0.800000 0.179856 0.806349 0.187050 0.815873 0.187050 0.819048 0.183453 0.819048 0.165468 0.812698 0.158273 0.806349 0.158273
0 0.911111 0.154676 0.911111 0.158273 0.907937 0.161871 0.907937 0.169065 0.911111 0.172662 0.914286 0.172662 0.917460 0.176259 0.920635 0.176259 0.926984 0.169065 0.926984 0.165468 0.920635 0.158273 0.920635 0.154676
0 0.187302 0.165468 0.187302 0.179856 0.190476 0.179856 0.193651 0.183453 0.203175 0.183453 0.206349 0.179856 0.206349 0.169065 0.203175 0.165468 0.196825 0.165468 0.193651 0.161871 0.190476 0.165468
0 0.269841 0.161871 0.263492 0.169065 0.263492 0.187050 0.266667 0.190647 0.276190 0.190647 0.279365 0.187050 0.282540 0.187050 0.282540 0.183453 0.285714 0.179856 0.285714 0.172662 0.282540 0.169065 0.282540 0.165468 0.279365 0.165468 0.276190 0.161871
0 0.701587 0.161871 0.698413 0.165468 0.698413 0.187050 0.701587 0.190647 0.711111 0.190647 0.714286 0.187050 0.714286 0.165468 0.711111 0.161871
0 0.746032 0.169065 0.736508 0.169065 0.733333 0.172662 0.733333 0.176259 0.730159 0.179856 0.730159 0.194245 0.733333 0.197842 0.736508 0.197842 0.739683 0.201439 0.742857 0.197842 0.746032 0.197842 0.749206 0.194245 0.749206 0.176259 0.746032 0.172662
0 0.936508 0.169065 0.936508 0.172662 0.933333 0.176259 0.933333 0.179856 0.936508 0.183453 0.936508 0.187050 0.942857 0.194245 0.949206 0.194245 0.952381 0.190647 0.952381 0.187050 0.955556 0.183453 0.955556 0.179856 0.952381 0.176259 0.952381 0.172662 0.949206 0.169065
0 0.469841 0.172662 0.469841 0.183453 0.476190 0.190647 0.479365 0.190647 0.482540 0.194245 0.482540 0.197842 0.485714 0.201439 0.488889 0.212230 0.492063 0.212230 0.495238 0.215827 0.501587 0.208633 0.501587 0.197842 0.498413 0.194245 0.498413 0.190647 0.488889 0.179856 0.485714 0.179856 0.476190 0.172662
0 0.238095 0.183453 0.234921 0.179856 0.231746 0.179856 0.228571 0.176259 0.225397 0.176259 0.222222 0.179856 0.219048 0.179856 0.215873 0.183453 0.212698 0.183453 0.212698 0.187050 0.209524 0.190647 0.209524 0.197842 0.215873 0.205036 0.228571 0.205036 0.238095 0.197842
0 0.520635 0.176259 0.514286 0.183453 0.514286 0.194245 0.523810 0.205036 0.536508 0.205036 0.542857 0.197842 0.542857 0.190647 0.539683 0.187050 0.539683 0.183453 0.533333 0.176259
0 0.844444 0.176259 0.841270 0.179856 0.841270 0.194245 0.844444 0.197842 0.844444 0.201439 0.847619 0.205036 0.863492 0.205036 0.863492 0.179856 0.860317 0.176259
0 0.168254 0.183453 0.161905 0.183453 0.158730 0.179856 0.155556 0.183453 0.146032 0.187050 0.136508 0.197842 0.136508 0.212230 0.142857 0.219424 0.155556 0.219424 0.158730 0.215827 0.165079 0.215827 0.168254 0.212230 0.171429 0.212230 0.177778 0.201439 0.171429 0.194245
0 0.441270 0.183453 0.434921 0.190647 0.434921 0.194245 0.431746 0.197842 0.431746 0.208633 0.434921 0.212230 0.434921 0.215827 0.438095 0.215827 0.441270 0.219424 0.444444 0.219424 0.453968 0.212230 0.453968 0.205036 0.457143 0.201439 0.453968 0.197842 0.453968 0.194245 0.450794 0.190647 0.450794 0.187050 0.447619 0.187050 0.444444 0.183453
0 0.777778 0.183453 0.765079 0.183453 0.758730 0.190647 0.758730 0.201439 0.761905 0.205036 0.761905 0.208633 0.771429 0.208633 0.774603 0.205036 0.777778 0.205036 0.784127 0.197842 0.784127 0.190647
0 0.580952 0.187050 0.577778 0.187050 0.574603 0.190647 0.574603 0.197842 0.571429 0.201439 0.571429 0.205036 0.574603 0.208633 0.577778 0.208633 0.584127 0.201439 0.587302 0.201439 0.587302 0.194245
0 0.971429 0.187050 0.965079 0.194245 0.965079 0.212230 0.980952 0.212230 0.987302 0.205036 0.987302 0.190647 0.984127 0.190647 0.980952 0.187050
0 0.263492 0.197842 0.253968 0.197842 0.244444 0.208633 0.244444 0.215827 0.260317 0.215827 0.263492 0.212230 0.263492 0.208633 0.266667 0.205036 0.263492 0.201439
0 0.800000 0.201439 0.796825 0.205036 0.793651 0.205036 0.790476 0.208633 0.790476 0.219424 0.800000 0.230216 0.806349 0.230216 0.812698 0.223022 0.812698 0.205036 0.809524 0.205036 0.806349 0.201439
0 0.295238 0.205036 0.292063 0.208633 0.288889 0.208633 0.285714 0.212230 0.285714 0.223022 0.292063 0.230216 0.301587 0.230216 0.307937 0.223022 0.307937 0.208633 0.304762 0.208633 0.301587 0.205036
0 0.844444 0.205036 0.841270 0.208633 0.841270 0.215827 0.844444 0.219424 0.844444 0.223022 0.847619 0.223022 0.850794 0.226619 0.857143 0.226619 0.860317 0.230216 0.863492 0.230216 0.866667 0.226619 0.866667 0.212230 0.863492 0.208633 0.847619 0.208633
0 0.101587 0.208633 0.098413 0.212230 0.095238 0.212230 0.088889 0.219424 0.088889 0.230216 0.095238 0.237410 0.098413 0.237410 0.101587 0.241007 0.104762 0.237410 0.111111 0.237410 0.117460 0.226619 0.117460 0.223022 0.114286 0.219424 0.114286 0.215827 0.111111 0.212230 0.104762 0.212230
0 0.679365 0.208633 0.676190 0.212230 0.676190 0.230216 0.682540 0.237410 0.692063 0.237410 0.695238 0.233813 0.698413 0.233813 0.698413 0.212230 0.695238 0.208633
0 0.892063 0.223022 0.892063 0.230216 0.895238 0.233813 0.907937 0.233813 0.911111 0.230216 0.914286 0.230216 0.917460 0.226619 0.920635 0.226619 0.920635 0.212230 0.917460 0.208633 0.898413 0.208633 0.898413 0.212230
0 0.593651 0.219424 0.593651 0.223022 0.590476 0.226619 0.590476 0.241007 0.600000 0.251799 0.612698 0.251799 0.622222 0.241007 0.622222 0.226619 0.619048 0.223022 0.619048 0.219424 0.615873 0.215827 0.600000 0.215827 0.596825 0.219424
0 0.774603 0.223022 0.768254 0.215827 0.758730 0.215827 0.755556 0.219424 0.749206 0.219424 0.746032 0.223022 0.742857 0.223022 0.739683 0.226619 0.739683 0.233813 0.749206 0.241007 0.765079 0.241007 0.768254 0.237410 0.771429 0.237410 0.771429 0.233813 0.774603 0.230216
0 0.346032 0.219424 0.342857 0.219424 0.336508 0.226619 0.336508 0.244604 0.339683 0.248201 0.342857 0.248201 0.346032 0.244604 0.349206 0.244604 0.355556 0.237410 0.355556 0.230216
0 0.641270 0.219424 0.638095 0.223022 0.638095 0.241007 0.644444 0.248201 0.653968 0.248201 0.657143 0.244604 0.660317 0.244604 0.660317 0.230216 0.650794 0.219424
0 0.320635 0.226619 0.314286 0.226619 0.311111 0.223022 0.301587 0.233813 0.298413 0.233813 0.298413 0.244604 0.304762 0.251799 0.311111 0.251799 0.314286 0.248201 0.317460 0.248201 0.317460 0.244604 0.320635 0.241007
0 0.968254 0.230216 0.968254 0.237410 0.971429 0.241007 0.974603 0.241007 0.977778 0.244604 0.990476 0.244604 0.993651 0.241007 0.993651 0.223022 0.977778 0.223022 0.974603 0.226619 0.971429 0.226619
0 0.193651 0.226619 0.184127 0.226619 0.180952 0.230216 0.174603 0.230216 0.168254 0.237410 0.165079 0.237410 0.158730 0.244604 0.158730 0.255396 0.171429 0.255396 0.174603 0.251799 0.177778 0.251799 0.190476 0.237410 0.193651 0.237410
0 0.228571 0.226619 0.215873 0.226619 0.209524 0.233813 0.209524 0.237410 0.206349 0.241007 0.206349 0.244604 0.209524 0.248201 0.209524 0.251799 0.215873 0.251799 0.219048 0.255396 0.222222 0.255396 0.225397 0.251799 0.228571 0.251799 0.228571 0.248201 0.231746 0.244604 0.231746 0.233813 0.228571 0.230216
0 0.412698 0.230216 0.409524 0.233813 0.406349 0.233813 0.400000 0.241007 0.400000 0.262590 0.419048 0.276978 0.428571 0.266187 0.428571 0.251799 0.425397 0.248201 0.425397 0.241007 0.415873 0.230216
0 0.447619 0.233813 0.447619 0.244604 0.450794 0.244604 0.453968 0.248201 0.469841 0.248201 0.469841 0.244604 0.473016 0.241007 0.473016 0.237410 0.466667 0.230216 0.450794 0.230216
0 0.269841 0.233813 0.263492 0.233813 0.260317 0.237410 0.257143 0.237410 0.253968 0.241007 0.253968 0.255396 0.257143 0.258993 0.263492 0.258993 0.266667 0.262590 0.269841 0.258993 0.273016 0.258993 0.279365 0.251799 0.279365 0.241007 0.276190 0.237410 0.273016 0.237410
0 0.831746 0.233813 0.825397 0.241007 0.825397 0.258993 0.831746 0.266187 0.841270 0.266187 0.847619 0.258993 0.847619 0.255396 0.850794 0.251799 0.850794 0.248201 0.844444 0.237410 0.841270 0.237410 0.838095 0.233813
0 0.701587 0.244604 0.698413 0.241007 0.698413 0.237410 0.695238 0.237410 0.692063 0.241007 0.682540 0.241007 0.682540 0.248201 0.679365 0.251799 0.682540 0.255396 0.698413 0.255396 0.698413 0.248201
0 0.107937 0.255396 0.114286 0.262590 0.123810 0.262590 0.126984 0.258993 0.130159 0.258993 0.130159 0.251799 0.133333 0.248201 0.130159 0.244604 0.117460 0.244604
0 0.549206 0.244604 0.542857 0.251799 0.542857 0.255396 0.539683 0.258993 0.539683 0.266187 0.546032 0.276978 0.552381 0.276978 0.555556 0.280576 0.561905 0.280576 0.568254 0.273381 0.571429 0.273381 0.571429 0.269784 0.574603 0.266187 0.574603 0.258993 0.565079 0.248201 0.561905 0.248201 0.558730 0.244604
0 0.923810 0.244604 0.907937 0.244604 0.904762 0.248201 0.901587 0.248201 0.898413 0.251799 0.898413 0.262590 0.904762 0.269784 0.914286 0.269784 0.917460 0.266187 0.920635 0.266187 0.923810 0.262590 0.923810 0.255396 0.926984 0.251799 0.923810 0.248201
0 0.507937 0.248201 0.498413 0.258993 0.498413 0.269784 0.501587 0.273381 0.507937 0.273381 0.511111 0.276978 0.514286 0.276978 0.517460 0.273381 0.520635 0.273381 0.523810 0.269784 0.523810 0.255396 0.517460 0.248201
0 0.644444 0.251799 0.641270 0.255396 0.638095 0.255396 0.638095 0.258993 0.634921 0.262590 0.638095 0.266187 0.638095 0.273381 0.641270 0.276978 0.650794 0.276978 0.650794 0.273381 0.653968 0.269784 0.653968 0.266187 0.650794 0.262590 0.650794 0.255396 0.647619 0.251799
0 0.949206 0.251799 0.942857 0.258993 0.942857 0.273381 0.949206 0.280576 0.952381 0.280576 0.955556 0.284173 0.958730 0.280576 0.961905 0.280576 0.961905 0.273381 0.965079 0.269784 0.961905 0.266187 0.961905 0.258993 0.955556 0.251799
0 0.882540 0.258993 0.876190 0.258993 0.866667 0.269784 0.866667 0.276978 0.869841 0.273381 0.876190 0.273381 0.882540 0.266187
0 0.187302 0.262590 0.180952 0.269784 0.180952 0.280576 0.190476 0.291367 0.196825 0.291367 0.206349 0.280576 0.206349 0.273381 0.203175 0.269784 0.203175 0.266187 0.200000 0.262590
0 0.314286 0.262590 0.311111 0.266187 0.311111 0.276978 0.314286 0.280576 0.314286 0.284173 0.320635 0.291367 0.323810 0.291367 0.326984 0.294964 0.330159 0.291367 0.333333 0.291367 0.333333 0.273381 0.326984 0.266187 0.323810 0.266187 0.320635 0.262590
0 0.790476 0.262590 0.790476 0.269784 0.793651 0.273381 0.806349 0.273381 0.806349 0.266187 0.803175 0.262590
0 0.987302 0.262590 0.980952 0.269784 0.984127 0.273381 0.984127 0.280576 0.987302 0.284173 0.987302 0.291367 0.990476 0.294964 0.990476 0.298561 0.993651 0.302158 0.996825 0.302158 0.996825 0.287770 0.993651 0.284173 0.993651 0.262590 0.990476 0.266187
0 0.152381 0.266187 0.146032 0.273381 0.146032 0.284173 0.149206 0.287770 0.149206 0.291367 0.152381 0.294964 0.158730 0.294964 0.161905 0.298561 0.165079 0.294964 0.168254 0.294964 0.168254 0.276978 0.165079 0.273381 0.165079 0.269784 0.161905 0.266187
0 0.447619 0.269784 0.444444 0.273381 0.444444 0.291367 0.447619 0.294964 0.466667 0.294964 0.469841 0.291367 0.469841 0.287770 0.466667 0.287770 0.463492 0.284173 0.463492 0.276978 0.457143 0.276978 0.453968 0.273381 0.453968 0.269784
0 0.279365 0.276978 0.273016 0.276978 0.269841 0.273381 0.266667 0.276978 0.263492 0.276978 0.260317 0.280576 0.257143 0.280576 0.257143 0.298561 0.263492 0.305755 0.276190 0.305755 0.279365 0.302158 0.279365 0.298561 0.282540 0.294964 0.282540 0.284173 0.279365 0.280576
0 0.374603 0.276978 0.368254 0.284173 0.365079 0.284173 0.365079 0.305755 0.368254 0.309353 0.374603 0.309353 0.377778 0.312950 0.380952 0.312950 0.390476 0.305755 0.390476 0.284173 0.384127 0.276978
0 0.663492 0.294964 0.669841 0.302158 0.688889 0.302158 0.692063 0.298561 0.695238 0.298561 0.698413 0.294964 0.701587 0.294964 0.701587 0.284173 0.698413 0.280576 0.679365 0.280576 0.676190 0.284173 0.669841 0.284173
0 0.574603 0.284173 0.574603 0.291367 0.568254 0.298561 0.568254 0.302158 0.577778 0.312950 0.580952 0.312950 0.590476 0.320144 0.600000 0.320144 0.603175 0.316547 0.603175 0.298561 0.590476 0.284173
0 0.730159 0.294964 0.733333 0.298561 0.733333 0.302158 0.736508 0.305755 0.736508 0.309353 0.755556 0.309353 0.765079 0.298561 0.765079 0.294964 0.761905 0.291367 0.758730 0.291367 0.749206 0.284173 0.733333 0.284173 0.733333 0.291367
0 0.215873 0.287770 0.209524 0.298561 0.209524 0.320144 0.212698 0.323741 0.225397 0.323741 0.228571 0.320144 0.231746 0.320144 0.238095 0.312950 0.238095 0.298561 0.234921 0.294964 0.231746 0.294964 0.225397 0.287770
0 0.638095 0.287770 0.631746 0.287770 0.628571 0.291367 0.625397 0.291367 0.622222 0.294964 0.622222 0.309353 0.625397 0.312950 0.628571 0.312950 0.631746 0.316547 0.634921 0.312950 0.638095 0.312950 0.647619 0.302158 0.647619 0.294964 0.644444 0.291367 0.641270 0.291367
0 0.812698 0.298561 0.812698 0.305755 0.815873 0.309353 0.815873 0.312950 0.822222 0.312950 0.825397 0.316547 0.828571 0.312950 0.834921 0.312950 0.844444 0.305755 0.844444 0.298561 0.838095 0.291367 0.831746 0.291367 0.828571 0.287770 0.822222 0.287770 0.819048 0.291367 0.815873 0.291367 0.815873 0.294964
0 0.917460 0.287770 0.911111 0.294964 0.911111 0.305755 0.917460 0.312950 0.926984 0.312950 0.933333 0.305755 0.933333 0.298561 0.930159 0.294964 0.930159 0.291367 0.926984 0.291367 0.923810 0.287770
0 0.415873 0.291367 0.412698 0.294964 0.409524 0.294964 0.406349 0.298561 0.406349 0.312950 0.409524 0.316547 0.412698 0.316547 0.415873 0.320144 0.422222 0.320144 0.428571 0.312950 0.428571 0.298561 0.422222 0.291367
0 0.126984 0.294964 0.120635 0.294964 0.114286 0.302158 0.114286 0.305755 0.111111 0.309353 0.111111 0.320144 0.114286 0.323741 0.114286 0.327338 0.117460 0.327338 0.120635 0.330935 0.123810 0.330935 0.126984 0.327338 0.130159 0.327338 0.130159 0.323741 0.133333 0.320144 0.133333 0.302158
0 0.714286 0.294964 0.711111 0.298561 0.704762 0.298561 0.704762 0.309353 0.701587 0.312950 0.701587 0.316547 0.704762 0.316547 0.707937 0.320144 0.711111 0.316547 0.714286 0.316547 0.720635 0.309353 0.720635 0.302158
0 0.492063 0.302158 0.485714 0.312950 0.485714 0.316547 0.488889 0.320144 0.488889 0.323741 0.495238 0.330935 0.501587 0.330935 0.504762 0.334532 0.507937 0.334532 0.511111 0.330935 0.514286 0.330935 0.517460 0.327338 0.517460 0.312950 0.507937 0.302158
0 0.174603 0.309353 0.171429 0.312950 0.165079 0.312950 0.165079 0.334532 0.168254 0.338129 0.180952 0.338129 0.184127 0.334532 0.184127 0.330935 0.187302 0.327338 0.187302 0.323741 0.184127 0.320144 0.184127 0.316547 0.180952 0.312950 0.177778 0.312950
0 0.250794 0.312950 0.244444 0.320144 0.244444 0.338129 0.247619 0.341727 0.250794 0.341727 0.253968 0.345324 0.257143 0.345324 0.257143 0.341727 0.260317 0.338129 0.260317 0.334532 0.263492 0.330935 0.263492 0.320144 0.260317 0.316547 0.260317 0.312950
0 0.942857 0.316547 0.942857 0.320144 0.939683 0.323741 0.939683 0.330935 0.942857 0.334532 0.958730 0.334532 0.961905 0.330935 0.961905 0.316547 0.958730 0.312950 0.949206 0.312950 0.946032 0.316547
0 0.282540 0.323741 0.276190 0.330935 0.276190 0.348921 0.282540 0.356115 0.288889 0.356115 0.292063 0.352518 0.298413 0.352518 0.301587 0.348921 0.301587 0.341727 0.304762 0.338129 0.304762 0.334532 0.295238 0.323741
0 0.546032 0.323741 0.539683 0.334532 0.542857 0.338129 0.542857 0.341727 0.552381 0.352518 0.565079 0.352518 0.571429 0.345324 0.571429 0.330935 0.565079 0.323741
0 0.752381 0.345324 0.755556 0.348921 0.771429 0.348921 0.774603 0.345324 0.777778 0.345324 0.784127 0.338129 0.787302 0.338129 0.787302 0.327338 0.784127 0.323741 0.765079 0.323741 0.761905 0.327338 0.758730 0.327338 0.752381 0.334532
0 0.834921 0.323741 0.825397 0.330935 0.825397 0.348921 0.831746 0.359712 0.838095 0.359712 0.841270 0.356115 0.844444 0.356115 0.844444 0.352518 0.847619 0.348921 0.847619 0.334532 0.841270 0.327338 0.838095 0.327338
0 0.726984 0.330935 0.723810 0.330935 0.720635 0.327338 0.714286 0.327338 0.711111 0.330935 0.707937 0.330935 0.707937 0.334532 0.704762 0.338129 0.704762 0.348921 0.711111 0.356115 0.717460 0.356115 0.720635 0.352518 0.723810 0.352518 0.723810 0.348921 0.726984 0.345324 0.726984 0.341727 0.730159 0.338129 0.730159 0.334532
0 0.873016 0.330935 0.873016 0.345324 0.882540 0.352518 0.888889 0.352518 0.892063 0.348921 0.895238 0.348921 0.898413 0.345324 0.901587 0.345324 0.901587 0.341727 0.904762 0.338129 0.904762 0.330935 0.901587 0.327338 0.879365 0.327338 0.876190 0.330935
0 0.403175 0.330935 0.400000 0.334532 0.400000 0.352518 0.403175 0.356115 0.415873 0.356115 0.422222 0.348921 0.422222 0.334532 0.419048 0.330935
0 0.682540 0.330935 0.676190 0.338129 0.676190 0.356115 0.682540 0.363309 0.688889 0.363309 0.695238 0.356115 0.695238 0.341727 0.685714 0.330935
0 0.355556 0.341727 0.355556 0.348921 0.358730 0.352518 0.358730 0.356115 0.365079 0.356115 0.368254 0.359712 0.377778 0.359712 0.380952 0.356115 0.384127 0.356115 0.384127 0.341727 0.380952 0.341727 0.374603 0.334532 0.368254 0.334532 0.365079 0.338129 0.358730 0.338129
0 0.803175 0.334532 0.796825 0.334532 0.793651 0.338129 0.790476 0.338129 0.787302 0.341727 0.787302 0.363309 0.790476 0.363309 0.793651 0.366906 0.796825 0.366906 0.800000 0.363309 0.803175 0.363309 0.809524 0.356115 0.809524 0.341727
0 0.222222 0.341727 0.219048 0.341727 0.215873 0.338129 0.212698 0.338129 0.209524 0.341727 0.206349 0.341727 0.206349 0.345324 0.203175 0.348921 0.203175 0.363309 0.206349 0.366906 0.219048 0.366906 0.225397 0.359712 0.225397 0.345324
0 0.584127 0.345324 0.584127 0.359712 0.587302 0.363309 0.590476 0.363309 0.593651 0.366906 0.603175 0.366906 0.606349 0.363309 0.609524 0.363309 0.609524 0.345324 0.603175 0.338129 0.590476 0.338129
0 0.330159 0.345324 0.326984 0.348921 0.326984 0.363309 0.336508 0.374101 0.349206 0.374101 0.352381 0.370504 0.352381 0.356115 0.349206 0.352518 0.346032 0.352518 0.342857 0.348921 0.339683 0.348921 0.336508 0.345324
0 0.971429 0.348921 0.968254 0.345324 0.955556 0.345324 0.952381 0.348921 0.946032 0.348921 0.942857 0.352518 0.942857 0.366906 0.946032 0.370504 0.958730 0.370504 0.968254 0.359712 0.968254 0.356115 0.971429 0.352518
0 0.120635 0.352518 0.111111 0.363309 0.111111 0.374101 0.117460 0.381295 0.130159 0.381295 0.136508 0.374101 0.136508 0.370504 0.139683 0.366906 0.136508 0.363309 0.136508 0.359712 0.130159 0.352518
0 0.438095 0.352518 0.434921 0.356115 0.431746 0.356115 0.425397 0.363309 0.425397 0.366906 0.422222 0.370504 0.422222 0.381295 0.428571 0.388489 0.431746 0.384892 0.434921 0.384892 0.441270 0.377698 0.441270 0.374101 0.444444 0.370504 0.444444 0.356115 0.441270 0.356115
0 0.907937 0.352518 0.901587 0.359712 0.901587 0.370504 0.907937 0.377698 0.923810 0.377698 0.926984 0.374101 0.926984 0.356115 0.923810 0.352518
0 0.177778 0.356115 0.174603 0.356115 0.168254 0.363309 0.168254 0.388489 0.171429 0.392086 0.177778 0.392086 0.180952 0.388489 0.184127 0.388489 0.190476 0.381295 0.190476 0.370504 0.187302 0.366906 0.187302 0.363309
0 0.873016 0.363309 0.869841 0.359712 0.866667 0.359712 0.863492 0.356115 0.860317 0.359712 0.853968 0.359712 0.850794 0.363309 0.850794 0.366906 0.847619 0.370504 0.847619 0.377698 0.850794 0.377698 0.853968 0.381295 0.857143 0.377698 0.866667 0.377698 0.869841 0.374101 0.869841 0.370504 0.873016 0.366906
0 0.533333 0.363309 0.530159 0.366906 0.526984 0.366906 0.526984 0.388489 0.530159 0.392086 0.530159 0.395683 0.536508 0.402878 0.546032 0.402878 0.549206 0.399281 0.552381 0.399281 0.552381 0.392086 0.555556 0.388489 0.552381 0.384892 0.552381 0.377698 0.546032 0.366906 0.542857 0.366906 0.539683 0.363309
0 0.660317 0.366906 0.660317 0.370504 0.657143 0.374101 0.657143 0.381295 0.663492 0.388489 0.663492 0.392086 0.676190 0.392086 0.679365 0.388489 0.679365 0.377698 0.676190 0.374101 0.676190 0.370504 0.669841 0.370504 0.666667 0.366906
0 0.149206 0.370504 0.139683 0.370504 0.139683 0.374101 0.133333 0.381295 0.133333 0.402878 0.136508 0.406475 0.142857 0.406475 0.146032 0.402878 0.149206 0.402878 0.149206 0.399281 0.152381 0.395683 0.152381 0.388489 0.155556 0.384892 0.152381 0.381295 0.152381 0.374101
0 0.479365 0.370504 0.463492 0.370504 0.460317 0.374101 0.460317 0.377698 0.453968 0.384892 0.453968 0.392086 0.450794 0.395683 0.453968 0.399281 0.453968 0.406475 0.457143 0.406475 0.460317 0.410072 0.469841 0.410072 0.473016 0.406475 0.473016 0.402878 0.476190 0.399281 0.476190 0.388489 0.479365 0.384892
0 0.619048 0.374101 0.615873 0.374101 0.612698 0.370504 0.609524 0.370504 0.596825 0.384892 0.596825 0.395683 0.600000 0.399281 0.609524 0.399281 0.612698 0.395683 0.615873 0.395683 0.619048 0.392086 0.619048 0.388489 0.622222 0.384892 0.622222 0.381295 0.619048 0.377698
0 0.822222 0.370504 0.812698 0.370504 0.809524 0.374101 0.806349 0.374101 0.803175 0.377698 0.803175 0.381295 0.800000 0.384892 0.800000 0.388489 0.806349 0.395683 0.815873 0.395683 0.825397 0.384892 0.825397 0.377698 0.822222 0.374101
0 0.580952 0.374101 0.574603 0.374101 0.568254 0.381295 0.568254 0.384892 0.571429 0.388489 0.571429 0.392086 0.574603 0.392086 0.577778 0.395683 0.580952 0.392086 0.584127 0.392086 0.587302 0.388489 0.587302 0.381295
0 0.222222 0.377698 0.219048 0.381295 0.215873 0.381295 0.215873 0.399281 0.219048 0.402878 0.219048 0.406475 0.222222 0.406475 0.225397 0.410072 0.228571 0.410072 0.234921 0.402878 0.234921 0.384892 0.231746 0.381295 0.231746 0.377698
0 0.247619 0.377698 0.247619 0.381295 0.244444 0.384892 0.244444 0.388489 0.247619 0.392086 0.247619 0.399281 0.250794 0.402878 0.257143 0.402878 0.266667 0.392086 0.266667 0.381295 0.263492 0.377698
0 0.511111 0.377698 0.501587 0.377698 0.495238 0.384892 0.495238 0.388489 0.492063 0.392086 0.492063 0.402878 0.495238 0.406475 0.507937 0.406475 0.514286 0.399281 0.514286 0.381295
0 0.717460 0.377698 0.717460 0.381295 0.720635 0.384892 0.720635 0.388489 0.723810 0.392086 0.733333 0.392086 0.736508 0.388489 0.736508 0.381295 0.723810 0.381295 0.720635 0.377698
0 0.974603 0.384892 0.971429 0.384892 0.965079 0.392086 0.965079 0.395683 0.961905 0.399281 0.961905 0.406475 0.958730 0.410072 0.958730 0.413669 0.961905 0.417266 0.961905 0.420863 0.965079 0.420863 0.968254 0.417266 0.971429 0.417266 0.977778 0.410072 0.977778 0.402878 0.980952 0.399281 0.980952 0.395683 0.977778 0.392086 0.977778 0.388489
0 0.907937 0.388489 0.901587 0.388489 0.898413 0.392086 0.895238 0.392086 0.895238 0.417266 0.898413 0.420863 0.904762 0.420863 0.911111 0.413669 0.911111 0.392086
0 0.949206 0.388489 0.933333 0.388489 0.920635 0.402878 0.920635 0.406475 0.923810 0.410072 0.923810 0.413669 0.926984 0.417266 0.936508 0.417266 0.939683 0.413669 0.942857 0.413669 0.949206 0.406475 0.949206 0.399281 0.952381 0.395683 0.949206 0.392086
0 0.628571 0.392086 0.625397 0.395683 0.625397 0.406475 0.628571 0.410072 0.638095 0.410072 0.638095 0.406475 0.641270 0.402878 0.641270 0.399281 0.638095 0.395683 0.638095 0.392086
0 0.774603 0.399281 0.765079 0.392086 0.758730 0.392086 0.749206 0.399281 0.742857 0.399281 0.739683 0.402878 0.739683 0.413669 0.749206 0.420863 0.761905 0.420863 0.765079 0.417266 0.768254 0.417266 0.774603 0.410072
0 0.841270 0.395683 0.834921 0.402878 0.834921 0.420863 0.838095 0.424460 0.850794 0.424460 0.857143 0.417266 0.857143 0.406475 0.853968 0.402878 0.853968 0.399281 0.850794 0.399281 0.847619 0.395683
0 0.203175 0.399281 0.190476 0.399281 0.190476 0.406475 0.187302 0.410072 0.187302 0.413669 0.190476 0.417266 0.190476 0.424460 0.193651 0.428058 0.206349 0.413669 0.206349 0.410072 0.203175 0.406475
0 0.679365 0.399281 0.679365 0.413669 0.682540 0.417266 0.698413 0.417266 0.701587 0.413669 0.704762 0.413669 0.707937 0.410072 0.707937 0.402878 0.704762 0.399281
0 0.276190 0.402878 0.273016 0.406475 0.269841 0.406475 0.269841 0.410072 0.266667 0.413669 0.266667 0.424460 0.269841 0.428058 0.269841 0.435252 0.273016 0.438849 0.282540 0.442446 0.285714 0.438849 0.288889 0.438849 0.288889 0.435252 0.292063 0.431655 0.292063 0.417266 0.288889 0.413669 0.285714 0.402878
0 0.174603 0.406475 0.165079 0.406475 0.161905 0.410072 0.161905 0.417266 0.158730 0.420863 0.158730 0.424460 0.165079 0.431655 0.174603 0.420863
0 0.403175 0.413669 0.400000 0.417266 0.400000 0.428058 0.406349 0.435252 0.409524 0.431655 0.412698 0.435252 0.419048 0.428058 0.419048 0.417266 0.415873 0.413669
0 0.219048 0.428058 0.219048 0.435252 0.225397 0.442446 0.228571 0.442446 0.231746 0.446043 0.247619 0.446043 0.250794 0.442446 0.250794 0.431655 0.241270 0.420863 0.228571 0.420863
0 0.473016 0.424460 0.466667 0.431655 0.466667 0.453237 0.469841 0.456835 0.482540 0.456835 0.488889 0.449640 0.488889 0.446043 0.492063 0.442446 0.492063 0.435252 0.485714 0.424460
0 0.631746 0.424460 0.625397 0.431655 0.625397 0.442446 0.628571 0.446043 0.641270 0.446043 0.644444 0.442446 0.644444 0.431655 0.641270 0.428058 0.638095 0.428058 0.634921 0.424460
0 0.869841 0.424460 0.860317 0.424460 0.857143 0.428058 0.853968 0.428058 0.853968 0.431655 0.850794 0.435252 0.850794 0.438849 0.857143 0.446043 0.860317 0.446043 0.863492 0.442446 0.866667 0.442446 0.869841 0.438849 0.869841 0.435252 0.873016 0.431655 0.873016 0.428058
0 0.387302 0.428058 0.384127 0.428058 0.380952 0.431655 0.377778 0.431655 0.377778 0.435252 0.374603 0.438849 0.374603 0.442446 0.377778 0.446043 0.377778 0.449640 0.387302 0.449640 0.390476 0.446043 0.390476 0.431655
0 0.438095 0.428058 0.431746 0.435252 0.431746 0.446043 0.434921 0.449640 0.434921 0.453237 0.438095 0.453237 0.441270 0.456835 0.450794 0.456835 0.450794 0.449640 0.453968 0.446043 0.453968 0.435252 0.450794 0.431655 0.450794 0.428058
0 0.536508 0.428058 0.520635 0.428058 0.517460 0.431655 0.514286 0.431655 0.507937 0.438849 0.507937 0.446043 0.504762 0.449640 0.504762 0.456835 0.514286 0.464029 0.523810 0.464029 0.526984 0.460432 0.526984 0.456835 0.530159 0.453237 0.533333 0.453237 0.533333 0.449640 0.539683 0.438849
0 0.711111 0.428058 0.701587 0.428058 0.695238 0.435252 0.692063 0.435252 0.688889 0.438849 0.688889 0.449640 0.692063 0.453237 0.707937 0.453237 0.711111 0.449640
0 0.717460 0.428058 0.714286 0.431655 0.714286 0.449640 0.717460 0.449640 0.720635 0.453237 0.730159 0.453237 0.730159 0.435252 0.723810 0.428058
0 0.917460 0.431655 0.917460 0.438849 0.923810 0.446043 0.936508 0.446043 0.939683 0.442446 0.939683 0.435252 0.933333 0.428058 0.920635 0.428058
0 0.314286 0.431655 0.311111 0.435252 0.307937 0.435252 0.301587 0.442446 0.301587 0.453237 0.311111 0.464029 0.320635 0.464029 0.326984 0.456835 0.326984 0.438849 0.323810 0.435252 0.320635 0.435252 0.317460 0.431655
0 0.660317 0.431655 0.660317 0.446043 0.657143 0.449640 0.657143 0.456835 0.660317 0.460432 0.666667 0.460432 0.669841 0.456835 0.669841 0.435252 0.663492 0.435252
0 0.574603 0.435252 0.565079 0.446043 0.565079 0.464029 0.568254 0.467626 0.587302 0.467626 0.593651 0.460432 0.596825 0.449640 0.590476 0.438849 0.584127 0.438849 0.580952 0.435252
0 0.158730 0.438849 0.155556 0.442446 0.155556 0.446043 0.152381 0.449640 0.152381 0.456835 0.155556 0.460432 0.168254 0.460432 0.168254 0.456835 0.171429 0.453237 0.171429 0.446043 0.168254 0.442446 0.168254 0.438849
0 0.771429 0.442446 0.758730 0.442446 0.752381 0.449640 0.752381 0.453237 0.749206 0.456835 0.749206 0.471223 0.752381 0.471223 0.755556 0.474820 0.758730 0.474820 0.761905 0.471223 0.768254 0.471223 0.774603 0.464029 0.774603 0.460432 0.777778 0.456835 0.777778 0.449640
0 0.415873 0.446043 0.406349 0.446043 0.403175 0.449640 0.400000 0.449640 0.393651 0.456835 0.393651 0.460432 0.390476 0.464029 0.390476 0.467626 0.393651 0.471223 0.393651 0.474820 0.403175 0.474820 0.409524 0.467626 0.412698 0.467626 0.415873 0.464029 0.415873 0.460432 0.419048 0.456835 0.419048 0.453237 0.415873 0.449640
0 0.895238 0.446043 0.888889 0.456835 0.888889 0.471223 0.892063 0.474820 0.904762 0.474820 0.914286 0.464029 0.914286 0.460432 0.917460 0.456835 0.907937 0.446043
0 0.361905 0.449640 0.349206 0.449640 0.342857 0.456835 0.339683 0.456835 0.339683 0.460432 0.336508 0.464029 0.336508 0.471223 0.339683 0.474820 0.339683 0.478417 0.352381 0.478417 0.355556 0.474820 0.358730 0.474820 0.365079 0.467626 0.365079 0.456835 0.361905 0.453237
0 0.822222 0.449640 0.819048 0.449640 0.815873 0.453237 0.812698 0.449640 0.809524 0.453237 0.803175 0.453237 0.800000 0.456835 0.800000 0.474820 0.803175 0.478417 0.815873 0.478417 0.825397 0.467626 0.825397 0.453237
0 0.206349 0.453237 0.200000 0.460432 0.200000 0.464029 0.196825 0.467626 0.200000 0.471223 0.200000 0.478417 0.203175 0.482014 0.215873 0.482014 0.228571 0.467626 0.228571 0.456835 0.225397 0.456835 0.222222 0.453237
0 0.263492 0.456835 0.260317 0.460432 0.260317 0.471223 0.263492 0.474820 0.263492 0.478417 0.266667 0.482014 0.276190 0.482014 0.282540 0.474820 0.282540 0.460432 0.279365 0.456835
0 0.863492 0.456835 0.850794 0.456835 0.847619 0.460432 0.847619 0.464029 0.841270 0.471223 0.841270 0.474820 0.834921 0.485612 0.841270 0.492806 0.847619 0.492806 0.850794 0.489209 0.853968 0.489209 0.860317 0.482014 0.863492 0.482014 0.863492 0.478417 0.866667 0.474820 0.866667 0.460432
0 0.609524 0.460432 0.606349 0.464029 0.603175 0.464029 0.600000 0.467626 0.600000 0.482014 0.603175 0.482014 0.606349 0.485612 0.609524 0.485612 0.612698 0.489209 0.612698 0.485612 0.619048 0.478417 0.619048 0.464029 0.615873 0.464029 0.612698 0.460432
0 0.933333 0.467626 0.933333 0.478417 0.936508 0.482014 0.936508 0.485612 0.949206 0.485612 0.952381 0.482014 0.955556 0.482014 0.965079 0.474820 0.965079 0.460432 0.939683 0.460432
0 0.168254 0.467626 0.168254 0.471223 0.165079 0.474820 0.165079 0.492806 0.171429 0.500000 0.180952 0.500000 0.184127 0.496403 0.184127 0.482014 0.180952 0.478417 0.180952 0.471223 0.177778 0.467626
0 0.431746 0.471223 0.428571 0.471223 0.415873 0.485612 0.415873 0.489209 0.412698 0.492806 0.412698 0.496403 0.419048 0.503597 0.431746 0.503597 0.431746 0.500000 0.434921 0.496403 0.434921 0.492806 0.438095 0.489209 0.438095 0.478417
0 0.101587 0.474820 0.098413 0.478417 0.098413 0.496403 0.101587 0.496403 0.104762 0.500000 0.114286 0.500000 0.117460 0.496403 0.117460 0.492806 0.120635 0.489209 0.120635 0.478417 0.117460 0.474820
0 0.660317 0.478417 0.657143 0.478417 0.653968 0.474820 0.647619 0.474820 0.644444 0.478417 0.641270 0.478417 0.631746 0.489209 0.631746 0.496403 0.634921 0.500000 0.634921 0.503597 0.650794 0.503597 0.653968 0.500000 0.657143 0.500000 0.663492 0.489209 0.663492 0.485612 0.660317 0.482014
0 0.136508 0.478417 0.136508 0.482014 0.130159 0.489209 0.130159 0.496403 0.126984 0.500000 0.126984 0.514388 0.133333 0.521583 0.142857 0.525180 0.146032 0.521583 0.149206 0.521583 0.155556 0.510791 0.152381 0.507194 0.152381 0.492806 0.146032 0.485612 0.146032 0.482014 0.142857 0.478417
0 0.463492 0.478417 0.460317 0.482014 0.457143 0.482014 0.457143 0.500000 0.460317 0.503597 0.469841 0.503597 0.479365 0.492806 0.479365 0.485612 0.476190 0.482014 0.473016 0.482014 0.469841 0.478417
0 0.682540 0.485612 0.682540 0.489209 0.679365 0.492806 0.685714 0.503597 0.704762 0.503597 0.711111 0.492806 0.707937 0.489209 0.707937 0.485612 0.704762 0.485612 0.695238 0.478417 0.692063 0.478417
0 0.501587 0.482014 0.501587 0.496403 0.504762 0.500000 0.504762 0.503597 0.514286 0.514388 0.523810 0.514388 0.526984 0.510791 0.526984 0.503597 0.523810 0.500000 0.523810 0.492806 0.520635 0.489209 0.520635 0.485612 0.517460 0.482014
0 0.574603 0.482014 0.561905 0.482014 0.555556 0.489209 0.555556 0.503597 0.561905 0.510791 0.568254 0.510791 0.577778 0.500000 0.577778 0.485612
0 0.796825 0.489209 0.787302 0.482014 0.777778 0.482014 0.774603 0.485612 0.768254 0.485612 0.765079 0.489209 0.765079 0.492806 0.758730 0.500000 0.761905 0.503597 0.768254 0.503597 0.771429 0.507194 0.780952 0.507194 0.790476 0.496403 0.793651 0.496403 0.793651 0.492806
0 0.901587 0.482014 0.898413 0.485612 0.895238 0.485612 0.895238 0.489209 0.892063 0.492806 0.892063 0.514388 0.895238 0.517986 0.895238 0.521583 0.901587 0.528777 0.904762 0.528777 0.907937 0.532374 0.914286 0.525180 0.914286 0.510791 0.907937 0.503597 0.907937 0.485612 0.904762 0.485612
