0 0.560510 0.007194 0.566879 0.014388 0.570064 0.014388 0.576433 0.021583 0.576433 0.028777 0.585987 0.028777 0.585987 0.025180 0.589172 0.021583 0.585987 0.017986 0.585987 0.014388 0.576433 0.003597 0.563694 0.003597
0 0.044586 0.028777 0.047771 0.039568 0.066879 0.057554 0.092357 0.057554 0.098726 0.050360 0.101911 0.050360 0.105096 0.043165 0.101911 0.028777 0.076433 0.014388 0.063694 0.014388 0.060510 0.017986 0.054140 0.017986
0 0.229299 0.017986 0.226115 0.021583 0.229299 0.025180 0.226115 0.028777 0.229299 0.032374 0.229299 0.035971 0.232484 0.039568 0.238854 0.039568 0.242038 0.035971 0.242038 0.028777 0.238854 0.025180 0.238854 0.021583 0.235669 0.021583 0.232484 0.017986
0 0.194268 0.064748 0.194268 0.068345 0.191083 0.071942 0.191083 0.079137 0.197452 0.086331 0.197452 0.089928 0.207006 0.097122 0.222930 0.097122 0.222930 0.082734 0.210191 0.068345 0.207006 0.068345 0.203822 0.064748
0 0.085987 0.082734 0.082803 0.086331 0.082803 0.089928 0.095541 0.104317 0.098726 0.104317 0.098726 0.100719 0.101911 0.097122 0.098726 0.093525 0.098726 0.089928 0.092357 0.082734
0 0.643312 0.089928 0.640127 0.097122 0.652866 0.125899 0.687898 0.161871 0.707006 0.165468 0.710191 0.154676 0.687898 0.118705 0.659236 0.089928
0 0.426752 0.118705 0.429936 0.122302 0.429936 0.125899 0.442675 0.140288 0.445860 0.140288 0.449045 0.143885 0.458599 0.143885 0.461783 0.140288 0.464968 0.140288 0.471338 0.129496 0.471338 0.118705 0.464968 0.111511 0.461783 0.111511 0.458599 0.107914 0.433121 0.107914
0 0.133758 0.111511 0.130573 0.115108 0.127389 0.115108 0.127389 0.118705 0.121019 0.129496 0.121019 0.136691 0.124204 0.140288 0.124204 0.143885 0.130573 0.151079 0.136943 0.151079 0.143312 0.143885 0.143312 0.136691 0.146497 0.133094 0.146497 0.125899 0.143312 0.122302 0.143312 0.118705
0 0.343949 0.122302 0.340764 0.125899 0.340764 0.147482 0.343949 0.151079 0.347134 0.151079 0.350318 0.154676 0.353503 0.154676 0.363057 0.147482 0.363057 0.129496 0.359873 0.129496 0.353503 0.122302
0 0.305732 0.129496 0.299363 0.136691 0.299363 0.143885 0.292994 0.151079 0.292994 0.161871 0.305732 0.176259 0.308917 0.176259 0.312102 0.179856 0.324841 0.179856 0.331210 0.172662 0.331210 0.165468 0.328025 0.161871 0.324841 0.143885 0.315287 0.129496
0 0.515924 0.140288 0.515924 0.151079 0.519108 0.151079 0.522293 0.154676 0.538217 0.154676 0.538217 0.147482 0.535032 0.147482 0.531847 0.143885 0.528662 0.143885 0.525478 0.140288
0 0.194268 0.151079 0.194268 0.169065 0.207006 0.187050 0.226115 0.197842 0.238854 0.197842 0.251592 0.187050 0.251592 0.172662 0.245223 0.158273 0.226115 0.143885 0.207006 0.143885
0 0.375796 0.158273 0.375796 0.161871 0.385350 0.161871 0.388535 0.165468 0.388535 0.169065 0.391720 0.169065 0.398089 0.176259 0.404459 0.176259 0.404459 0.169065 0.407643 0.165468 0.401274 0.158273 0.398089 0.158273 0.394904 0.161871 0.388535 0.161871 0.382166 0.154676 0.378981 0.154676
0 0.452229 0.158273 0.452229 0.169065 0.455414 0.172662 0.455414 0.176259 0.464968 0.187050 0.468153 0.187050 0.471338 0.190647 0.477707 0.190647 0.480892 0.187050 0.484076 0.187050 0.490446 0.179856 0.490446 0.172662 0.477707 0.158273 0.471338 0.158273 0.468153 0.154676 0.455414 0.154676
0 0.770701 0.176259 0.770701 0.183453 0.783439 0.197842 0.786624 0.197842 0.789809 0.201439 0.796178 0.201439 0.799363 0.205036 0.805732 0.205036 0.808917 0.208633 0.821656 0.208633 0.821656 0.197842 0.808917 0.183453 0.805732 0.183453 0.796178 0.176259 0.786624 0.176259 0.783439 0.172662 0.777070 0.172662 0.773885 0.176259
0 0.092357 0.176259 0.085987 0.183453 0.085987 0.197842 0.089172 0.201439 0.089172 0.205036 0.101911 0.219424 0.117834 0.219424 0.121019 0.215827 0.121019 0.190647 0.117834 0.187050 0.117834 0.183453 0.108280 0.176259
0 0.356688 0.201439 0.356688 0.212230 0.359873 0.215827 0.359873 0.219424 0.366242 0.226619 0.378981 0.226619 0.382166 0.223022 0.385350 0.223022 0.394904 0.212230 0.394904 0.205036 0.391720 0.201439 0.391720 0.197842 0.388535 0.197842 0.385350 0.194245 0.363057 0.194245
0 0.640127 0.194245 0.640127 0.201439 0.652866 0.223022 0.656051 0.223022 0.662420 0.230216 0.665605 0.230216 0.668790 0.233813 0.675159 0.233813 0.678344 0.230216 0.681529 0.230216 0.681529 0.219424 0.671975 0.208633 0.662420 0.205036 0.656051 0.197842 0.652866 0.197842 0.649682 0.194245
0 0.554140 0.208633 0.554140 0.215827 0.557325 0.219424 0.557325 0.223022 0.563694 0.230216 0.566879 0.230216 0.570064 0.233813 0.579618 0.233813 0.582803 0.230216 0.585987 0.230216 0.585987 0.223022 0.573248 0.208633 0.570064 0.208633 0.566879 0.205036 0.557325 0.205036
0 0.496815 0.226619 0.480892 0.226619 0.468153 0.241007 0.468153 0.244604 0.464968 0.248201 0.464968 0.269784 0.471338 0.276978 0.477707 0.276978 0.480892 0.273381 0.484076 0.273381 0.484076 0.269784 0.496815 0.255396 0.496815 0.251799 0.500000 0.248201 0.500000 0.230216
0 0.449045 0.241007 0.445860 0.237410 0.429936 0.237410 0.420382 0.248201 0.420382 0.269784 0.436306 0.269784 0.439490 0.266187 0.442675 0.266187 0.442675 0.262590 0.445860 0.258993 0.445860 0.244604
0 0.130573 0.241007 0.130573 0.255396 0.133758 0.262590 0.136943 0.262590 0.152866 0.276978 0.162420 0.280576 0.168790 0.287770 0.175159 0.287770 0.178344 0.284173 0.178344 0.276978 0.175159 0.269784 0.159236 0.251799 0.156051 0.251799 0.143312 0.241007
0 0.331210 0.269784 0.324841 0.262590 0.312102 0.255396 0.302548 0.258993 0.283439 0.287770 0.283439 0.298561 0.286624 0.302158 0.312102 0.302158 0.315287 0.298561 0.321656 0.298561 0.331210 0.287770
0 0.359873 0.291367 0.350318 0.302158 0.350318 0.323741 0.353503 0.330935 0.363057 0.334532 0.366242 0.341727 0.369427 0.341727 0.375796 0.348921 0.388535 0.348921 0.394904 0.341727 0.394904 0.330935 0.382166 0.302158 0.369427 0.291367
0 0.149682 0.309353 0.149682 0.316547 0.159236 0.327338 0.165605 0.327338 0.168790 0.330935 0.184713 0.330935 0.184713 0.320144 0.178344 0.309353 0.159236 0.309353 0.156051 0.305755 0.152866 0.305755
0 0.566879 0.312950 0.560510 0.320144 0.560510 0.330935 0.566879 0.338129 0.566879 0.341727 0.570064 0.338129 0.576433 0.345324 0.585987 0.345324 0.592357 0.338129 0.592357 0.327338 0.589172 0.323741 0.589172 0.320144 0.579618 0.312950
0 0.751592 0.323741 0.751592 0.330935 0.761146 0.341727 0.761146 0.345324 0.770701 0.348921 0.783439 0.359712 0.792994 0.359712 0.796178 0.363309 0.824841 0.363309 0.824841 0.356115 0.805732 0.341727 0.783439 0.334532 0.767516 0.323741
0 0.484076 0.348921 0.484076 0.356115 0.487261 0.359712 0.503185 0.359712 0.506369 0.356115 0.506369 0.345324 0.496815 0.345324 0.493631 0.348921 0.490446 0.345324 0.487261 0.348921
0 0.840764 0.395683 0.831210 0.402878 0.831210 0.406475 0.828025 0.410072 0.828025 0.417266 0.837580 0.428058 0.850318 0.428058 0.853503 0.424460 0.856688 0.424460 0.856688 0.420863 0.859873 0.417266 0.859873 0.410072 0.850318 0.399281 0.847134 0.399281 0.843949 0.395683
0 0.585987 0.399281 0.582803 0.402878 0.579618 0.402878 0.570064 0.413669 0.570064 0.417266 0.566879 0.420863 0.570064 0.424460 0.570064 0.428058 0.579618 0.438849 0.598726 0.438849 0.611465 0.428058 0.611465 0.424460 0.614650 0.420863 0.614650 0.410072 0.611465 0.406475 0.611465 0.402878 0.608280 0.402878 0.605096 0.399281
0 0.127389 0.442446 0.127389 0.456835 0.133758 0.471223 0.149682 0.489209 0.162420 0.489209 0.168790 0.482014 0.168790 0.474820 0.171975 0.471223 0.171975 0.460432 0.168790 0.453237 0.149682 0.435252 0.136943 0.435252
0 0.872611 0.453237 0.869427 0.456835 0.869427 0.471223 0.872611 0.474820 0.872611 0.478417 0.882166 0.489209 0.888535 0.489209 0.894904 0.478417 0.894904 0.464029 0.888535 0.453237
0 0.732484 0.482014 0.732484 0.489209 0.748408 0.507194 0.761146 0.514388 0.773885 0.514388 0.780255 0.517986 0.786624 0.510791 0.786624 0.503597 0.780255 0.489209 0.767516 0.478417 0.742038 0.478417 0.738854 0.482014
0 0.821656 0.482014 0.815287 0.489209 0.815287 0.492806 0.812102 0.496403 0.812102 0.510791 0.815287 0.514388 0.837580 0.514388 0.840764 0.510791 0.840764 0.492806 0.837580 0.489209 0.837580 0.485612 0.834395 0.482014
0 0.429936 0.489209 0.426752 0.492806 0.423567 0.510791 0.417197 0.521583 0.417197 0.539568 0.426752 0.550360 0.445860 0.561151 0.461783 0.561151 0.461783 0.532374 0.458599 0.528777 0.455414 0.503597 0.445860 0.492806
0 0.140127 0.546763 0.140127 0.553957 0.143312 0.553957 0.146497 0.557554 0.171975 0.557554 0.171975 0.546763 0.165605 0.539568 0.146497 0.539568
0 0.576433 0.557554 0.570064 0.557554 0.563694 0.564748 0.563694 0.582734 0.566879 0.582734 0.573248 0.589928 0.576433 0.586331 0.579618 0.586331 0.582803 0.582734 0.582803 0.575540 0.579618 0.571942 0.579618 0.561151
0 0.824841 0.568345 0.824841 0.575540 0.828025 0.579137 0.828025 0.582734 0.831210 0.582734 0.840764 0.593525 0.840764 0.600719 0.850318 0.611511 0.856688 0.611511 0.859873 0.607914 0.856688 0.604317 0.856688 0.597122 0.853503 0.593525 0.853503 0.589928 0.834395 0.568345
0 0.124204 0.582734 0.130573 0.589928 0.133758 0.589928 0.146497 0.600719 0.178344 0.600719 0.184713 0.589928 0.171975 0.579137 0.159236 0.579137 0.156051 0.575540 0.149682 0.575540 0.146497 0.579137 0.127389 0.579137
0 0.328025 0.600719 0.312102 0.615108 0.312102 0.661871 0.321656 0.676259 0.328025 0.679856 0.337580 0.679856 0.343949 0.672662 0.343949 0.665468 0.347134 0.661871 0.350318 0.633094 0.347134 0.629496 0.347134 0.611511 0.340764 0.604317
0 0.273885 0.611511 0.270701 0.615108 0.270701 0.633094 0.273885 0.636691 0.277070 0.647482 0.286624 0.654676 0.296178 0.654676 0.296178 0.636691 0.292994 0.633094 0.292994 0.629496 0.289809 0.625899 0.286624 0.615108 0.283439 0.615108 0.280255 0.611511
0 0.515924 0.643885 0.519108 0.658273 0.544586 0.683453 0.550955 0.683453 0.563694 0.694245 0.585987 0.694245 0.582803 0.679856 0.547771 0.647482 0.535032 0.640288 0.522293 0.640288
0 0.719745 0.651079 0.719745 0.661871 0.722930 0.665468 0.738854 0.665468 0.742038 0.661871 0.745223 0.661871 0.748408 0.658273 0.748408 0.651079 0.745223 0.647482 0.722930 0.647482
0 0.404459 0.755396 0.404459 0.773381 0.410828 0.784173 0.414013 0.784173 0.417197 0.787770 0.429936 0.787770 0.433121 0.784173 0.436306 0.784173 0.442675 0.776978 0.442675 0.769784 0.439490 0.766187 0.439490 0.762590 0.433121 0.755396 0.429936 0.755396 0.426752 0.751799 0.407643 0.751799
0 0.589172 0.798561 0.582803 0.805755 0.582803 0.820144 0.585987 0.823741 0.592357 0.823741 0.595541 0.827338 0.608280 0.827338 0.614650 0.820144 0.614650 0.809353 0.608280 0.802158 0.605096 0.802158 0.601911 0.798561
0 0.101911 0.805755 0.092357 0.812950 0.092357 0.820144 0.089172 0.823741 0.092357 0.827338 0.092357 0.830935 0.098726 0.838129 0.101911 0.838129 0.105096 0.841727 0.111465 0.841727 0.114650 0.845324 0.117834 0.841727 0.121019 0.841727 0.127389 0.834532 0.127389 0.830935 0.130573 0.827338 0.130573 0.812950 0.121019 0.805755
0 0.808917 0.827338 0.805732 0.823741 0.799363 0.823741 0.796178 0.820144 0.792994 0.820144 0.789809 0.823741 0.783439 0.823741 0.770701 0.838129 0.770701 0.841727 0.767516 0.845324 0.767516 0.856115 0.777070 0.863309 0.789809 0.863309 0.792994 0.859712 0.796178 0.859712 0.808917 0.845324
0 0.019108 0.830935 0.019108 0.834532 0.015924 0.838129 0.015924 0.848921 0.022293 0.856115 0.038217 0.856115 0.047771 0.848921 0.047771 0.841727 0.044586 0.838129 0.044586 0.834532 0.038217 0.827338 0.025478 0.827338 0.022293 0.830935
0 0.082803 0.845324 0.073248 0.848921 0.070064 0.852518 0.070064 0.856115 0.066879 0.859712 0.063694 0.859712 0.063694 0.863309 0.057325 0.870504 0.057325 0.874101 0.063694 0.881295 0.070064 0.881295 0.073248 0.884892 0.082803 0.884892 0.089172 0.877698 0.089172 0.870504 0.092357 0.866906 0.092357 0.863309 0.089172 0.859712 0.089172 0.852518
0 0.738854 0.852518 0.726115 0.852518 0.722930 0.856115 0.716561 0.856115 0.713376 0.859712 0.710191 0.859712 0.703822 0.866906 0.703822 0.874101 0.710191 0.881295 0.722930 0.881295 0.738854 0.863309
0 0.646497 0.874101 0.646497 0.884892 0.649682 0.884892 0.656051 0.892086 0.659236 0.892086 0.662420 0.895683 0.675159 0.895683 0.678344 0.899281 0.687898 0.899281 0.694268 0.888489 0.691083 0.884892 0.691083 0.881295 0.684713 0.874101 0.662420 0.874101 0.659236 0.870504 0.652866 0.870504 0.649682 0.874101
