0 0.773885 0.007194 0.777070 0.007194 0.780255 0.010791 0.796178 0.010791 0.802548 0.003597 0.799363 0.000000 0.792994 0.000000 0.789809 0.003597 0.783439 0.003597 0.780255 0.000000 0.777070 0.003597 0.773885 0.003597
0 0.605096 0.039568 0.608280 0.043165 0.608280 0.046763 0.614650 0.046763 0.617834 0.043165 0.621019 0.043165 0.624204 0.039568 0.621019 0.035971 0.617834 0.035971 0.614650 0.032374 0.611465 0.032374
0 0.767516 0.035971 0.767516 0.046763 0.770701 0.046763 0.773885 0.050360 0.777070 0.050360 0.780255 0.046763 0.786624 0.046763 0.789809 0.043165 0.789809 0.035971 0.786624 0.032374 0.770701 0.032374
0 0.812102 0.032374 0.802548 0.032374 0.802548 0.035971 0.799363 0.039568 0.796178 0.035971 0.792994 0.039568 0.792994 0.043165 0.789809 0.046763 0.789809 0.050360 0.792994 0.053957 0.799363 0.053957 0.802548 0.057554 0.805732 0.057554 0.815287 0.046763 0.815287 0.039568 0.812102 0.035971
0 0.130573 0.057554 0.133758 0.061151 0.136943 0.061151 0.146497 0.053957 0.149682 0.053957 0.152866 0.057554 0.156051 0.057554 0.165605 0.050360 0.165605 0.043165 0.143312 0.043165 0.140127 0.046763 0.133758 0.046763 0.133758 0.050360 0.130573 0.053957
0 0.264331 0.050360 0.261146 0.046763 0.238854 0.046763 0.235669 0.050360 0.226115 0.050360 0.207006 0.061151 0.203822 0.068345 0.226115 0.068345 0.229299 0.071942 0.238854 0.071942 0.242038 0.068345 0.257962 0.064748 0.264331 0.057554
0 0.570064 0.071942 0.582803 0.071942 0.585987 0.068345 0.592357 0.068345 0.595541 0.064748 0.595541 0.061151 0.592357 0.057554 0.592357 0.053957 0.576433 0.053957 0.570064 0.061151
0 0.041401 0.075540 0.041401 0.082734 0.047771 0.089928 0.057325 0.089928 0.060510 0.093525 0.076433 0.093525 0.079618 0.089928 0.089172 0.089928 0.089172 0.079137 0.085987 0.079137 0.082803 0.075540 0.076433 0.075540 0.073248 0.071942 0.060510 0.071942 0.057325 0.068345 0.050955 0.068345
0 0.659236 0.071942 0.652866 0.068345 0.636943 0.068345 0.633758 0.071942 0.624204 0.071942 0.621019 0.075540 0.614650 0.075540 0.595541 0.086331 0.601911 0.093525 0.614650 0.093525 0.617834 0.089928 0.643312 0.089928 0.646497 0.086331 0.652866 0.086331 0.659236 0.079137
0 0.378981 0.075540 0.378981 0.079137 0.375796 0.082734 0.391720 0.100719 0.394904 0.100719 0.401274 0.107914 0.410828 0.107914 0.410828 0.104317 0.414013 0.100719 0.414013 0.093525 0.407643 0.086331 0.407643 0.082734 0.404459 0.082734 0.394904 0.075540
0 0.171975 0.093525 0.181529 0.100719 0.191083 0.100719 0.194268 0.104317 0.203822 0.104317 0.207006 0.107914 0.226115 0.107914 0.229299 0.104317 0.229299 0.097122 0.216561 0.082734 0.207006 0.082734 0.203822 0.079137 0.191083 0.079137 0.187898 0.082734 0.181529 0.082734
0 0.726115 0.086331 0.722930 0.089928 0.722930 0.104317 0.726115 0.104317 0.729299 0.107914 0.738854 0.107914 0.745223 0.100719 0.745223 0.097122 0.738854 0.089928 0.738854 0.086331
0 0.171975 0.097122 0.149682 0.097122 0.146497 0.100719 0.140127 0.100719 0.130573 0.111511 0.130573 0.115108 0.127389 0.118705 0.127389 0.125899 0.130573 0.129496 0.149682 0.129496 0.152866 0.125899 0.156051 0.125899 0.162420 0.118705 0.165605 0.118705 0.168790 0.115108
0 0.359873 0.104317 0.359873 0.107914 0.363057 0.111511 0.363057 0.115108 0.375796 0.129496 0.382166 0.129496 0.385350 0.125899 0.388535 0.125899 0.388535 0.104317 0.382166 0.097122 0.366242 0.097122
0 0.598726 0.111511 0.592357 0.111511 0.589172 0.107914 0.576433 0.107914 0.573248 0.111511 0.566879 0.111511 0.563694 0.115108 0.554140 0.118705 0.547771 0.125899 0.547771 0.133094 0.554140 0.133094 0.557325 0.136691 0.570064 0.136691 0.573248 0.133094 0.582803 0.133094 0.585987 0.129496 0.592357 0.129496 0.598726 0.122302
0 0.786624 0.111511 0.777070 0.111511 0.773885 0.115108 0.767516 0.115108 0.764331 0.118705 0.754777 0.118705 0.751592 0.122302 0.751592 0.125899 0.757962 0.125899 0.761146 0.122302 0.770701 0.122302 0.773885 0.118705 0.783439 0.118705 0.786624 0.115108
0 0.821656 0.140288 0.818471 0.136691 0.805732 0.136691 0.802548 0.140288 0.799363 0.140288 0.796178 0.143885 0.792994 0.143885 0.789809 0.147482 0.789809 0.154676 0.792994 0.158273 0.808917 0.158273 0.812102 0.154676 0.818471 0.154676 0.821656 0.151079
0 0.296178 0.154676 0.302548 0.161871 0.305732 0.161871 0.308917 0.165468 0.315287 0.165468 0.318471 0.169065 0.324841 0.169065 0.331210 0.161871 0.334395 0.161871 0.337580 0.158273 0.337580 0.147482 0.328025 0.140288 0.315287 0.140288 0.312102 0.143885 0.305732 0.143885 0.302548 0.147482 0.299363 0.147482 0.299363 0.151079
0 0.554140 0.165468 0.557325 0.169065 0.563694 0.169065 0.570064 0.161871 0.573248 0.161871 0.585987 0.147482 0.560510 0.147482 0.554140 0.154676
0 0.525478 0.154676 0.522293 0.151079 0.512739 0.151079 0.509554 0.154676 0.506369 0.154676 0.503185 0.158273 0.500000 0.158273 0.496815 0.161871 0.496815 0.176259 0.500000 0.179856 0.512739 0.179856 0.515924 0.176259 0.519108 0.176259 0.525478 0.165468
0 0.633758 0.161871 0.633758 0.169065 0.630573 0.172662 0.633758 0.176259 0.636943 0.176259 0.640127 0.179856 0.652866 0.179856 0.659236 0.172662 0.659236 0.169065 0.656051 0.165468 0.656051 0.161871 0.643312 0.161871 0.640127 0.158273 0.636943 0.161871
0 0.722930 0.161871 0.722930 0.165468 0.719745 0.169065 0.719745 0.172662 0.722930 0.176259 0.722930 0.179856 0.729299 0.187050 0.738854 0.187050 0.742038 0.183453 0.745223 0.183453 0.745223 0.179856 0.748408 0.176259 0.748408 0.172662 0.745223 0.169065 0.745223 0.161871 0.742038 0.161871 0.738854 0.158273 0.729299 0.158273 0.726115 0.161871
0 0.843949 0.179856 0.843949 0.183453 0.850318 0.190647 0.866242 0.190647 0.869427 0.187050 0.872611 0.187050 0.872611 0.179856 0.875796 0.176259 0.872611 0.172662 0.872611 0.169065 0.866242 0.169065 0.863057 0.165468 0.856688 0.165468 0.853503 0.169065 0.850318 0.169065
0 0.324841 0.172662 0.315287 0.172662 0.312102 0.169065 0.308917 0.169065 0.305732 0.172662 0.302548 0.172662 0.299363 0.176259 0.296178 0.176259 0.289809 0.183453 0.289809 0.194245 0.292994 0.197842 0.296178 0.197842 0.299363 0.194245 0.302548 0.194245 0.308917 0.187050 0.312102 0.187050
0 0.468153 0.172662 0.464968 0.169065 0.458599 0.169065 0.455414 0.172662 0.445860 0.172662 0.439490 0.179856 0.429936 0.179856 0.426752 0.183453 0.420382 0.183453 0.414013 0.190647 0.414013 0.194245 0.417197 0.197842 0.423567 0.197842 0.426752 0.201439 0.429936 0.197842 0.442675 0.197842 0.455414 0.187050 0.464968 0.183453
0 0.786624 0.179856 0.786624 0.183453 0.789809 0.187050 0.805732 0.187050 0.808917 0.183453 0.812102 0.183453 0.812102 0.172662 0.796178 0.172662 0.792994 0.176259 0.789809 0.176259
0 0.700637 0.183453 0.697452 0.183453 0.684713 0.197842 0.684713 0.205036 0.691083 0.205036 0.697452 0.197842 0.697452 0.194245 0.700637 0.190647
0 0.652866 0.197842 0.646497 0.197842 0.643312 0.194245 0.640127 0.197842 0.633758 0.197842 0.630573 0.201439 0.630573 0.212230 0.633758 0.212230 0.636943 0.215827 0.649682 0.215827 0.652866 0.212230
0 0.057325 0.201439 0.054140 0.197842 0.035032 0.197842 0.031847 0.201439 0.025478 0.201439 0.015924 0.208633 0.015924 0.223022 0.022293 0.230216 0.031847 0.230216 0.035032 0.226619 0.044586 0.223022 0.057325 0.208633
0 0.522293 0.201439 0.512739 0.201439 0.509554 0.205036 0.509554 0.223022 0.506369 0.226619 0.506369 0.230216 0.509554 0.233813 0.515924 0.233813 0.519108 0.230216 0.522293 0.230216 0.528662 0.223022 0.528662 0.208633
0 0.124204 0.208633 0.121019 0.208633 0.117834 0.205036 0.101911 0.208633 0.076433 0.237410 0.076433 0.241007 0.079618 0.244604 0.082803 0.241007 0.092357 0.241007 0.108280 0.230216 0.114650 0.230216 0.117834 0.226619 0.121019 0.226619 0.127389 0.219424
0 0.608280 0.205036 0.605096 0.208633 0.601911 0.208633 0.598726 0.212230 0.598726 0.223022 0.601911 0.223022 0.605096 0.226619 0.608280 0.226619 0.611465 0.223022 0.614650 0.223022 0.614650 0.212230
0 0.748408 0.205036 0.738854 0.208633 0.738854 0.212230 0.732484 0.223022 0.732484 0.230216 0.726115 0.237410 0.726115 0.251799 0.732484 0.251799 0.745223 0.237410 0.748408 0.237410 0.748408 0.233813 0.751592 0.230216 0.751592 0.223022 0.754777 0.219424 0.754777 0.212230
0 0.863057 0.215827 0.856688 0.208633 0.850318 0.208633 0.847134 0.205036 0.843949 0.208633 0.837580 0.208633 0.834395 0.212230 0.834395 0.226619 0.837580 0.230216 0.850318 0.230216 0.853503 0.226619 0.856688 0.226619 0.863057 0.219424
0 0.722930 0.212230 0.719745 0.208633 0.713376 0.208633 0.710191 0.212230 0.707006 0.212230 0.694268 0.226619 0.694268 0.230216 0.697452 0.233813 0.700637 0.233813 0.703822 0.237410 0.707006 0.237410 0.710191 0.233813 0.713376 0.233813 0.722930 0.223022
0 0.490446 0.223022 0.484076 0.215827 0.480892 0.215827 0.477707 0.212230 0.474522 0.212230 0.471338 0.215827 0.464968 0.215827 0.458599 0.223022 0.458599 0.226619 0.455414 0.230216 0.455414 0.237410 0.461783 0.244604 0.474522 0.244604 0.477707 0.241007 0.484076 0.241007 0.490446 0.233813
0 0.863057 0.230216 0.863057 0.241007 0.869427 0.248201 0.891720 0.248201 0.901274 0.241007 0.901274 0.226619 0.898089 0.223022 0.875796 0.223022 0.872611 0.226619
0 0.302548 0.226619 0.296178 0.233813 0.296178 0.248201 0.302548 0.255396 0.318471 0.255396 0.324841 0.244604 0.324841 0.233813 0.321656 0.230216 0.315287 0.230216 0.312102 0.226619
0 0.786624 0.237410 0.786624 0.241007 0.783439 0.244604 0.783439 0.251799 0.786624 0.255396 0.786624 0.258993 0.796178 0.266187 0.808917 0.266187 0.812102 0.262590 0.815287 0.262590 0.828025 0.244604 0.824841 0.241007 0.824841 0.237410 0.818471 0.230216 0.796178 0.230216
0 0.337580 0.258993 0.337580 0.262590 0.343949 0.269784 0.347134 0.269784 0.350318 0.273381 0.363057 0.273381 0.366242 0.269784 0.375796 0.266187 0.375796 0.262590 0.378981 0.258993 0.375796 0.255396 0.372611 0.244604 0.369427 0.244604 0.366242 0.241007 0.353503 0.241007 0.350318 0.244604 0.347134 0.244604 0.340764 0.251799 0.340764 0.255396
0 0.821656 0.258993 0.824841 0.262590 0.824841 0.266187 0.828025 0.266187 0.831210 0.269784 0.840764 0.269784 0.843949 0.266187 0.847134 0.266187 0.850318 0.262590 0.853503 0.262590 0.853503 0.255396 0.847134 0.248201 0.840764 0.248201 0.837580 0.244604 0.834395 0.244604 0.831210 0.248201 0.828025 0.248201
0 0.652866 0.266187 0.646497 0.258993 0.636943 0.258993 0.633758 0.262590 0.630573 0.262590 0.624204 0.269784 0.624204 0.280576 0.627389 0.284173 0.640127 0.284173 0.643312 0.280576 0.646497 0.280576 0.652866 0.273381
0 0.678344 0.262590 0.675159 0.258993 0.671975 0.262590 0.665605 0.262590 0.662420 0.266187 0.662420 0.276978 0.668790 0.276978 0.678344 0.266187
0 0.773885 0.269784 0.770701 0.269784 0.767516 0.266187 0.757962 0.266187 0.748408 0.276978 0.748408 0.287770 0.751592 0.291367 0.764331 0.291367 0.773885 0.280576
0 0.729299 0.273381 0.726115 0.273381 0.722930 0.269784 0.719745 0.269784 0.716561 0.273381 0.710191 0.273381 0.710191 0.276978 0.707006 0.280576 0.707006 0.284173 0.710191 0.287770 0.722930 0.287770 0.729299 0.280576
0 0.859873 0.269784 0.847134 0.284173 0.847134 0.287770 0.856688 0.298561 0.866242 0.298561 0.872611 0.291367 0.872611 0.284173 0.875796 0.280576 0.872611 0.276978 0.872611 0.273381 0.869427 0.273381 0.866242 0.269784
0 0.140127 0.273381 0.133758 0.273381 0.130573 0.276978 0.127389 0.276978 0.121019 0.284173 0.117834 0.284173 0.114650 0.287770 0.114650 0.294964 0.117834 0.298561 0.121019 0.294964 0.124204 0.294964 0.130573 0.287770 0.133758 0.287770 0.133758 0.284173 0.136943 0.280576 0.140127 0.280576
0 0.226115 0.276978 0.222930 0.273381 0.213376 0.273381 0.210191 0.276978 0.207006 0.276978 0.200637 0.284173 0.197452 0.284173 0.187898 0.302158 0.187898 0.309353 0.191083 0.312950 0.194268 0.309353 0.203822 0.309353 0.207006 0.305755 0.216561 0.302158 0.222930 0.294964 0.222930 0.291367 0.226115 0.287770
0 0.605096 0.276978 0.601911 0.276978 0.592357 0.287770 0.589172 0.287770 0.585987 0.291367 0.576433 0.294964 0.566879 0.305755 0.566879 0.309353 0.570064 0.312950 0.576433 0.312950 0.589172 0.298561 0.592357 0.298561 0.598726 0.291367 0.601911 0.291367 0.601911 0.287770 0.605096 0.284173
0 0.165605 0.287770 0.162420 0.284173 0.159236 0.287770 0.152866 0.287770 0.152866 0.298561 0.156051 0.298561 0.159236 0.294964 0.162420 0.294964 0.165605 0.291367
0 0.363057 0.284173 0.356688 0.291367 0.356688 0.302158 0.359873 0.305755 0.363057 0.305755 0.366242 0.309353 0.375796 0.309353 0.382166 0.302158 0.382166 0.287770 0.378981 0.284173
0 0.070064 0.287770 0.063694 0.287770 0.060510 0.291367 0.057325 0.291367 0.044586 0.305755 0.044586 0.312950 0.047771 0.316547 0.050955 0.316547 0.054140 0.312950 0.057325 0.312950 0.060510 0.309353 0.063694 0.309353 0.070064 0.302158 0.070064 0.298561 0.073248 0.294964 0.070064 0.291367
0 0.398089 0.302158 0.398089 0.305755 0.404459 0.312950 0.410828 0.312950 0.414013 0.309353 0.417197 0.309353 0.417197 0.298561 0.414013 0.298561 0.410828 0.294964 0.404459 0.294964
0 0.722930 0.312950 0.710191 0.305755 0.707006 0.309353 0.700637 0.309353 0.687898 0.316547 0.675159 0.330935 0.675159 0.345324 0.678344 0.352518 0.684713 0.356115 0.694268 0.356115 0.697452 0.352518 0.703822 0.352518 0.710191 0.348921 0.722930 0.334532
0 0.777070 0.309353 0.773885 0.305755 0.757962 0.305755 0.754777 0.309353 0.748408 0.309353 0.745223 0.312950 0.745223 0.323741 0.748408 0.327338 0.754777 0.327338 0.757962 0.323741 0.764331 0.323741 0.767516 0.320144 0.773885 0.320144 0.777070 0.316547
0 0.799363 0.309353 0.796178 0.312950 0.796178 0.320144 0.799363 0.323741 0.799363 0.327338 0.805732 0.334532 0.805732 0.338129 0.808917 0.338129 0.812102 0.341727 0.821656 0.341727 0.828025 0.334532 0.828025 0.323741 0.824841 0.320144 0.821656 0.309353 0.818471 0.309353 0.815287 0.305755 0.805732 0.305755 0.802548 0.309353
0 0.477707 0.312950 0.474522 0.312950 0.471338 0.309353 0.458599 0.309353 0.455414 0.312950 0.449045 0.312950 0.442675 0.320144 0.442675 0.323741 0.439490 0.327338 0.439490 0.334532 0.442675 0.338129 0.442675 0.341727 0.445860 0.341727 0.449045 0.345324 0.455414 0.345324 0.458599 0.341727 0.461783 0.341727 0.477707 0.323741
0 0.630573 0.320144 0.624204 0.312950 0.614650 0.312950 0.605096 0.323741 0.605096 0.327338 0.601911 0.330935 0.601911 0.338129 0.605096 0.341727 0.617834 0.341727 0.630573 0.327338
0 0.197452 0.323741 0.191083 0.316547 0.184713 0.316547 0.165605 0.327338 0.162420 0.338129 0.149682 0.352518 0.149682 0.366906 0.165605 0.366906 0.165605 0.363309 0.171975 0.356115 0.191083 0.345324 0.200637 0.334532
0 0.863057 0.323741 0.863057 0.334532 0.866242 0.338129 0.882166 0.338129 0.885350 0.334532 0.888535 0.334532 0.891720 0.330935 0.891720 0.323741 0.885350 0.316547 0.872611 0.316547 0.869427 0.320144 0.866242 0.320144
0 0.414013 0.327338 0.407643 0.320144 0.404459 0.320144 0.401274 0.323741 0.391720 0.323741 0.388535 0.327338 0.385350 0.327338 0.385350 0.330935 0.382166 0.334532 0.382166 0.341727 0.388535 0.348921 0.398089 0.348921 0.401274 0.345324 0.404459 0.345324 0.414013 0.334532
0 0.550955 0.327338 0.547771 0.323741 0.544586 0.327338 0.538217 0.327338 0.535032 0.330935 0.535032 0.334532 0.538217 0.338129 0.544586 0.338129 0.547771 0.334532 0.550955 0.334532
0 0.136943 0.327338 0.130573 0.327338 0.127389 0.330935 0.124204 0.330935 0.121019 0.334532 0.121019 0.338129 0.117834 0.341727 0.117834 0.345324 0.124204 0.352518 0.130573 0.352518 0.133758 0.348921 0.136943 0.348921 0.140127 0.345324 0.140127 0.341727 0.143312 0.338129 0.143312 0.334532
0 0.789809 0.341727 0.786624 0.338129 0.786624 0.334532 0.783439 0.334532 0.780255 0.330935 0.777070 0.330935 0.773885 0.334532 0.764331 0.334532 0.754777 0.345324 0.754777 0.348921 0.761146 0.356115 0.777070 0.356115 0.780255 0.359712 0.783439 0.356115 0.786624 0.356115 0.786624 0.352518 0.789809 0.348921
0 0.350318 0.341727 0.350318 0.352518 0.353503 0.352518 0.356688 0.356115 0.359873 0.352518 0.369427 0.352518 0.369427 0.348921 0.372611 0.345324 0.372611 0.341727 0.366242 0.334532 0.356688 0.334532
0 0.308917 0.338129 0.302548 0.345324 0.302548 0.359712 0.305732 0.363309 0.312102 0.363309 0.315287 0.359712 0.321656 0.359712 0.324841 0.356115 0.324841 0.341727 0.321656 0.341727 0.318471 0.338129
0 0.073248 0.341727 0.057325 0.341727 0.054140 0.345324 0.050955 0.345324 0.047771 0.348921 0.044586 0.348921 0.041401 0.352518 0.041401 0.363309 0.057325 0.363309 0.060510 0.359712 0.063694 0.359712 0.070064 0.352518 0.070064 0.348921 0.073248 0.345324
0 0.480892 0.348921 0.477707 0.352518 0.477707 0.366906 0.490446 0.366906 0.496815 0.359712 0.496815 0.348921
0 0.853503 0.356115 0.856688 0.359712 0.856688 0.363309 0.859873 0.363309 0.863057 0.366906 0.875796 0.366906 0.878981 0.370504 0.882166 0.370504 0.885350 0.366906 0.891720 0.366906 0.894904 0.363309 0.894904 0.352518 0.891720 0.352518 0.888535 0.348921 0.866242 0.348921 0.863057 0.352518 0.856688 0.352518
0 0.210191 0.356115 0.207006 0.356115 0.203822 0.352518 0.200637 0.352518 0.197452 0.356115 0.194268 0.356115 0.191083 0.359712 0.191083 0.363309 0.187898 0.366906 0.187898 0.370504 0.194268 0.377698 0.203822 0.377698 0.207006 0.374101 0.210191 0.374101 0.213376 0.370504 0.213376 0.363309 0.210191 0.359712
0 0.407643 0.359712 0.404459 0.359712 0.401274 0.356115 0.394904 0.356115 0.391720 0.359712 0.388535 0.359712 0.382166 0.366906 0.382166 0.374101 0.385350 0.377698 0.388535 0.377698 0.391720 0.381295 0.394904 0.381295 0.398089 0.377698 0.401274 0.377698 0.407643 0.370504
0 0.095541 0.359712 0.089172 0.359712 0.085987 0.363309 0.079618 0.363309 0.076433 0.366906 0.073248 0.366906 0.073248 0.370504 0.070064 0.374101 0.070064 0.377698 0.076433 0.377698 0.079618 0.374101 0.085987 0.374101 0.089172 0.370504 0.092357 0.370504 0.092357 0.363309
0 0.738854 0.359712 0.732484 0.366906 0.732484 0.374101 0.735669 0.377698 0.742038 0.377698 0.748408 0.370504 0.748408 0.366906 0.745223 0.363309 0.742038 0.363309
0 0.783439 0.359712 0.780255 0.363309 0.780255 0.366906 0.777070 0.370504 0.780255 0.374101 0.780255 0.377698 0.783439 0.381295 0.792994 0.381295 0.796178 0.384892 0.802548 0.377698 0.802548 0.370504 0.792994 0.359712
0 0.449045 0.366906 0.445860 0.370504 0.445860 0.384892 0.449045 0.384892 0.452229 0.388489 0.464968 0.388489 0.468153 0.384892 0.468153 0.377698 0.464968 0.374101 0.464968 0.370504 0.461783 0.366906
0 0.646497 0.366906 0.640127 0.374101 0.640127 0.388489 0.643312 0.392086 0.643312 0.395683 0.646497 0.395683 0.656051 0.402878 0.668790 0.402878 0.675159 0.395683 0.675159 0.392086 0.678344 0.388489 0.678344 0.381295 0.659236 0.366906
0 0.165605 0.370504 0.149682 0.370504 0.140127 0.381295 0.140127 0.384892 0.146497 0.384892 0.149682 0.381295 0.152866 0.381295 0.156051 0.377698 0.159236 0.377698
0 0.707006 0.370504 0.703822 0.374101 0.703822 0.381295 0.707006 0.384892 0.713376 0.384892 0.713376 0.381295 0.716561 0.377698 0.710191 0.370504
0 0.828025 0.374101 0.824841 0.370504 0.818471 0.370504 0.808917 0.377698 0.805732 0.374101 0.805732 0.377698 0.799363 0.384892 0.799363 0.395683 0.802548 0.399281 0.815287 0.399281 0.821656 0.392086 0.821656 0.388489 0.828025 0.381295
0 0.366242 0.381295 0.359873 0.388489 0.359873 0.420863 0.363057 0.424460 0.372611 0.424460 0.378981 0.417266 0.382166 0.406475 0.378981 0.402878 0.378981 0.395683 0.375796 0.392086 0.375796 0.388489 0.369427 0.381295
0 0.863057 0.381295 0.850318 0.381295 0.847134 0.384892 0.843949 0.384892 0.831210 0.399281 0.831210 0.417266 0.837580 0.424460 0.847134 0.424460 0.850318 0.420863 0.856688 0.420863 0.866242 0.410072 0.866242 0.399281 0.869427 0.395683 0.869427 0.392086
0 0.022293 0.384892 0.015924 0.392086 0.019108 0.395683 0.019108 0.399281 0.022293 0.402878 0.025478 0.402878 0.028662 0.399281 0.028662 0.395683 0.031847 0.392086 0.028662 0.388489 0.025478 0.388489
0 0.318471 0.384892 0.312102 0.392086 0.312102 0.395683 0.321656 0.406475 0.321656 0.410072 0.328025 0.417266 0.337580 0.417266 0.343949 0.406475 0.340764 0.402878 0.340764 0.399281 0.331210 0.388489 0.331210 0.384892
0 0.267516 0.388489 0.264331 0.392086 0.257962 0.392086 0.251592 0.395683 0.245223 0.402878 0.245223 0.406475 0.229299 0.431655 0.229299 0.446043 0.245223 0.446043 0.251592 0.438849 0.254777 0.428058 0.270701 0.410072 0.273885 0.402878
0 0.200637 0.392086 0.194268 0.399281 0.194268 0.402878 0.197452 0.406475 0.197452 0.410072 0.200637 0.413669 0.213376 0.413669 0.216561 0.410072 0.216561 0.395683 0.213376 0.392086
0 0.423567 0.392086 0.410828 0.392086 0.404459 0.399281 0.404459 0.402878 0.401274 0.406475 0.404459 0.410072 0.404459 0.413669 0.407643 0.413669 0.410828 0.417266 0.414013 0.413669 0.417197 0.413669 0.420382 0.410072 0.423567 0.410072 0.423567 0.406475 0.426752 0.402878 0.426752 0.395683
0 0.175159 0.395683 0.159236 0.395683 0.146497 0.410072 0.146497 0.420863 0.152866 0.428058 0.162420 0.428058 0.165605 0.431655 0.168790 0.428058 0.178344 0.424460 0.175159 0.420863 0.178344 0.417266 0.178344 0.399281
0 0.624204 0.402878 0.621019 0.399281 0.617834 0.399281 0.614650 0.395683 0.611465 0.395683 0.605096 0.402878 0.605096 0.413669 0.611465 0.413669 0.614650 0.410072 0.617834 0.410072
0 0.557325 0.406475 0.557325 0.420863 0.560510 0.420863 0.563694 0.424460 0.582803 0.424460 0.589172 0.417266 0.589172 0.410072 0.579618 0.399281 0.563694 0.399281
0 0.442675 0.406475 0.429936 0.420863 0.429936 0.428058 0.433121 0.428058 0.436306 0.431655 0.452229 0.431655 0.458599 0.424460 0.458599 0.413669 0.452229 0.406475
0 0.742038 0.413669 0.738854 0.410072 0.732484 0.410072 0.726115 0.417266 0.726115 0.428058 0.735669 0.428058 0.742038 0.420863
0 0.124204 0.417266 0.121019 0.413669 0.111465 0.413669 0.108280 0.417266 0.098726 0.417266 0.089172 0.424460 0.089172 0.435252 0.092357 0.435252 0.095541 0.438849 0.101911 0.438849 0.105096 0.435252 0.114650 0.435252 0.117834 0.431655 0.121019 0.431655 0.121019 0.428058 0.124204 0.424460
0 0.691083 0.413669 0.684713 0.420863 0.684713 0.428058 0.691083 0.435252 0.703822 0.435252 0.710191 0.428058 0.710191 0.420863 0.703822 0.413669
0 0.757962 0.413669 0.754777 0.417266 0.751592 0.417266 0.745223 0.428058 0.748408 0.431655 0.748408 0.446043 0.757962 0.453237 0.770701 0.453237 0.783439 0.442446 0.783439 0.438849 0.786624 0.435252 0.786624 0.417266 0.783439 0.417266 0.780255 0.413669
0 0.640127 0.424460 0.636943 0.424460 0.633758 0.420863 0.630573 0.420863 0.627389 0.424460 0.624204 0.424460 0.621019 0.428058 0.621019 0.438849 0.624204 0.442446 0.636943 0.442446 0.640127 0.438849 0.640127 0.435252 0.643312 0.431655 0.640127 0.428058
0 0.194268 0.431655 0.187898 0.424460 0.184713 0.428058 0.175159 0.428058 0.171975 0.431655 0.168790 0.431655 0.162420 0.438849 0.162420 0.446043 0.168790 0.453237 0.178344 0.453237 0.181529 0.449640 0.184713 0.449640 0.187898 0.446043 0.191083 0.446043 0.191083 0.442446 0.194268 0.438849
0 0.398089 0.428058 0.394904 0.431655 0.391720 0.431655 0.388535 0.435252 0.388535 0.438849 0.385350 0.442446 0.385350 0.446043 0.391720 0.453237 0.394904 0.453237 0.398089 0.456835 0.401274 0.453237 0.407643 0.453237 0.407643 0.446043 0.410828 0.442446 0.410828 0.438849 0.407643 0.435252 0.407643 0.431655 0.401274 0.431655
0 0.477707 0.431655 0.477707 0.438849 0.480892 0.442446 0.493631 0.442446 0.496815 0.438849 0.496815 0.431655 0.493631 0.428058 0.480892 0.428058
0 0.366242 0.438849 0.356688 0.438849 0.353503 0.435252 0.337580 0.435252 0.334395 0.438849 0.324841 0.442446 0.324841 0.446043 0.318471 0.456835 0.318471 0.464029 0.324841 0.471223 0.337580 0.471223 0.337580 0.467626 0.340764 0.464029 0.363057 0.453237 0.366242 0.449640
0 0.901274 0.456835 0.898089 0.453237 0.898089 0.438849 0.894904 0.435252 0.885350 0.435252 0.866242 0.449640 0.866242 0.453237 0.869427 0.453237 0.872611 0.456835 0.878981 0.456835 0.882166 0.460432 0.891720 0.460432 0.898089 0.453237
0 0.662420 0.442446 0.656051 0.449640 0.656051 0.464029 0.662420 0.471223 0.671975 0.471223 0.675159 0.467626 0.678344 0.467626 0.678344 0.464029 0.681529 0.460432 0.681529 0.449640 0.675159 0.442446
0 0.031847 0.449640 0.028662 0.453237 0.025478 0.453237 0.022293 0.456835 0.022293 0.467626 0.025478 0.471223 0.028662 0.471223 0.031847 0.474820 0.038217 0.474820 0.041401 0.471223 0.044586 0.471223 0.044586 0.456835 0.041401 0.453237 0.038217 0.453237 0.035032 0.449640
0 0.089172 0.449640 0.085987 0.449640 0.082803 0.453237 0.079618 0.453237 0.076433 0.456835 0.076433 0.460432 0.073248 0.464029 0.073248 0.471223 0.070064 0.474820 0.076433 0.482014 0.079618 0.482014 0.082803 0.478417 0.085987 0.478417 0.089172 0.474820 0.089172 0.471223 0.092357 0.467626 0.092357 0.453237
0 0.417197 0.464029 0.420382 0.467626 0.436306 0.467626 0.439490 0.464029 0.442675 0.464029 0.445860 0.460432 0.445860 0.456835 0.449045 0.453237 0.445860 0.449640 0.423567 0.449640 0.417197 0.456835
0 0.605096 0.456835 0.601911 0.460432 0.601911 0.474820 0.605096 0.478417 0.608280 0.478417 0.611465 0.482014 0.617834 0.482014 0.624204 0.474820 0.624204 0.471223 0.627389 0.467626 0.627389 0.464029 0.621019 0.456835
0 0.245223 0.460432 0.238854 0.467626 0.238854 0.482014 0.245223 0.489209 0.254777 0.489209 0.264331 0.478417 0.264331 0.467626 0.261146 0.464029 0.257962 0.464029 0.254777 0.460432
0 0.544586 0.464029 0.538217 0.471223 0.538217 0.482014 0.544586 0.489209 0.554140 0.489209 0.563694 0.478417 0.563694 0.474820 0.560510 0.471223 0.560510 0.467626 0.557325 0.464029
0 0.687898 0.467626 0.687898 0.482014 0.691083 0.485612 0.703822 0.485612 0.710191 0.478417 0.710191 0.467626 0.707006 0.464029 0.694268 0.464029 0.691083 0.467626
0 0.321656 0.492806 0.328025 0.500000 0.331210 0.500000 0.334395 0.503597 0.337580 0.500000 0.340764 0.500000 0.350318 0.489209 0.350318 0.485612 0.353503 0.482014 0.353503 0.474820 0.324841 0.474820 0.321656 0.478417
0 0.222930 0.485612 0.219745 0.482014 0.213376 0.482014 0.197452 0.500000 0.197452 0.503597 0.200637 0.507194 0.207006 0.507194 0.210191 0.503597 0.219745 0.503597 0.219745 0.496403 0.222930 0.492806
0 0.442675 0.482014 0.439490 0.485612 0.439490 0.489209 0.436306 0.492806 0.439490 0.496403 0.439490 0.500000 0.445860 0.507194 0.458599 0.507194 0.464968 0.500000 0.464968 0.485612 0.461783 0.485612 0.458599 0.482014
0 0.869427 0.482014 0.866242 0.485612 0.866242 0.496403 0.869427 0.500000 0.882166 0.500000 0.885350 0.496403 0.885350 0.485612 0.882166 0.482014
0 0.063694 0.485612 0.057325 0.485612 0.054140 0.489209 0.054140 0.500000 0.057325 0.503597 0.060510 0.503597 0.066879 0.496403 0.066879 0.489209
0 0.643312 0.485612 0.630573 0.485612 0.627389 0.489209 0.621019 0.489209 0.617834 0.492806 0.617834 0.500000 0.624204 0.507194 0.633758 0.507194 0.636943 0.503597 0.640127 0.503597 0.643312 0.500000 0.643312 0.496403 0.646497 0.492806 0.643312 0.489209
0 0.098726 0.489209 0.098726 0.503597 0.101911 0.507194 0.105096 0.507194 0.108280 0.510791 0.114650 0.510791 0.117834 0.507194 0.117834 0.496403 0.111465 0.489209
0 0.226115 0.489209 0.226115 0.492806 0.222930 0.496403 0.222930 0.507194 0.238854 0.507194 0.242038 0.503597 0.242038 0.496403 0.238854 0.492806 0.229299 0.492806
0 0.280255 0.489209 0.277070 0.489209 0.273885 0.492806 0.270701 0.492806 0.264331 0.500000 0.261146 0.500000 0.261146 0.514388 0.270701 0.521583 0.273885 0.517986 0.277070 0.517986 0.286624 0.510791 0.286624 0.496403
0 0.818471 0.492806 0.802548 0.492806 0.799363 0.496403 0.796178 0.496403 0.792994 0.500000 0.792994 0.507194 0.796178 0.510791 0.802548 0.510791 0.805732 0.507194 0.808917 0.507194 0.812102 0.503597 0.815287 0.503597 0.818471 0.500000
0 0.735669 0.496403 0.726115 0.496403 0.722930 0.500000 0.716561 0.500000 0.713376 0.503597 0.710191 0.503597 0.707006 0.507194 0.707006 0.521583 0.710191 0.521583 0.713376 0.525180 0.716561 0.525180 0.719745 0.521583 0.729299 0.521583 0.732484 0.517986 0.735669 0.517986 0.735669 0.514388 0.738854 0.510791 0.738854 0.507194 0.735669 0.503597
0 0.547771 0.510791 0.550955 0.514388 0.550955 0.517986 0.554140 0.517986 0.557325 0.521583 0.560510 0.521583 0.563694 0.517986 0.570064 0.517986 0.570064 0.514388 0.573248 0.510791 0.573248 0.507194 0.570064 0.503597 0.570064 0.500000 0.557325 0.500000 0.554140 0.503597 0.550955 0.503597 0.550955 0.507194
0 0.668790 0.503597 0.665605 0.507194 0.665605 0.525180 0.668790 0.528777 0.678344 0.528777 0.681529 0.525180 0.684713 0.525180 0.684713 0.521583 0.687898 0.517986 0.684713 0.514388 0.684713 0.510791 0.678344 0.503597
0 0.378981 0.507194 0.366242 0.507194 0.356688 0.517986 0.356688 0.528777 0.359873 0.528777 0.363057 0.532374 0.369427 0.532374 0.372611 0.528777 0.375796 0.528777 0.378981 0.525180 0.382166 0.525180 0.382166 0.510791
0 0.474522 0.514388 0.474522 0.517986 0.477707 0.521583 0.477707 0.525180 0.487261 0.535971 0.493631 0.535971 0.496815 0.532374 0.500000 0.532374 0.500000 0.528777 0.503185 0.525180 0.503185 0.517986 0.496815 0.507194 0.480892 0.507194
0 0.611465 0.510791 0.608280 0.510791 0.605096 0.507194 0.598726 0.507194 0.595541 0.510791 0.592357 0.510791 0.589172 0.514388 0.585987 0.514388 0.585987 0.532374 0.592357 0.539568 0.601911 0.539568 0.614650 0.525180 0.614650 0.514388
0 0.140127 0.514388 0.130573 0.525180 0.130573 0.532374 0.133758 0.532374 0.136943 0.535971 0.146497 0.535971 0.149682 0.532374 0.149682 0.517986 0.146497 0.514388
0 0.850318 0.514388 0.834395 0.514388 0.831210 0.517986 0.828025 0.517986 0.824841 0.521583 0.824841 0.532374 0.837580 0.532374 0.840764 0.528777 0.843949 0.528777 0.850318 0.521583
0 0.187898 0.521583 0.181529 0.521583 0.178344 0.525180 0.175159 0.525180 0.168790 0.532374 0.168790 0.535971 0.171975 0.539568 0.171975 0.543165 0.175159 0.546763 0.178344 0.546763 0.181529 0.550360 0.184713 0.550360 0.187898 0.546763 0.191083 0.546763 0.194268 0.543165 0.194268 0.539568 0.197452 0.535971 0.197452 0.532374 0.194268 0.528777 0.194268 0.525180 0.191083 0.525180
0 0.433121 0.528777 0.423567 0.521583 0.420382 0.521583 0.417197 0.525180 0.407643 0.525180 0.391720 0.535971 0.391720 0.546763 0.401274 0.553957 0.414013 0.553957 0.417197 0.550360 0.420382 0.550360 0.433121 0.535971
0 0.636943 0.521583 0.624204 0.535971 0.624204 0.546763 0.627389 0.550360 0.627389 0.553957 0.633758 0.553957 0.636943 0.557554 0.643312 0.557554 0.652866 0.550360 0.652866 0.539568 0.646497 0.532374 0.646497 0.525180 0.643312 0.521583
0 0.872611 0.525180 0.872611 0.535971 0.875796 0.539568 0.885350 0.539568 0.888535 0.535971 0.891720 0.535971 0.891720 0.525180 0.888535 0.521583 0.875796 0.521583
0 0.216561 0.528777 0.210191 0.539568 0.210191 0.553957 0.216561 0.561151 0.235669 0.561151 0.248408 0.546763 0.248408 0.543165 0.251592 0.539568 0.251592 0.535971 0.245223 0.525180 0.222930 0.525180 0.219745 0.528777
0 0.563694 0.535971 0.557325 0.528777 0.544586 0.528777 0.541401 0.525180 0.531847 0.525180 0.528662 0.528777 0.522293 0.528777 0.512739 0.539568 0.509554 0.550360 0.519108 0.561151 0.538217 0.561151 0.541401 0.557554 0.550955 0.553957 0.563694 0.539568
0 0.735669 0.539568 0.738854 0.543165 0.738854 0.546763 0.748408 0.553957 0.757962 0.553957 0.761146 0.550360 0.767516 0.550360 0.770701 0.546763 0.777070 0.546763 0.780255 0.543165 0.780255 0.535971 0.742038 0.535971 0.738854 0.539568
0 0.359873 0.550360 0.356688 0.553957 0.356688 0.568345 0.372611 0.568345 0.372611 0.564748 0.375796 0.561151 0.375796 0.557554 0.372611 0.553957 0.372611 0.550360
0 0.681529 0.553957 0.678344 0.553957 0.675159 0.550360 0.668790 0.550360 0.665605 0.553957 0.662420 0.553957 0.659236 0.557554 0.659236 0.571942 0.671975 0.571942 0.675159 0.568345 0.678344 0.568345 0.681529 0.564748
0 0.576433 0.561151 0.573248 0.557554 0.560510 0.557554 0.550955 0.568345 0.550955 0.575540 0.554140 0.579137 0.563694 0.579137 0.566879 0.575540 0.570064 0.575540 0.573248 0.571942 0.573248 0.564748
0 0.834395 0.564748 0.834395 0.571942 0.840764 0.579137 0.856688 0.579137 0.859873 0.575540 0.863057 0.575540 0.863057 0.564748 0.856688 0.557554 0.840764 0.557554
0 0.105096 0.571942 0.101911 0.571942 0.095541 0.564748 0.089172 0.564748 0.085987 0.568345 0.082803 0.568345 0.073248 0.579137 0.073248 0.589928 0.076433 0.593525 0.089172 0.593525 0.092357 0.589928 0.098726 0.589928 0.105096 0.582734
0 0.350318 0.571942 0.340764 0.571942 0.337580 0.575540 0.334395 0.575540 0.331210 0.579137 0.331210 0.582734 0.328025 0.586331 0.331210 0.589928 0.331210 0.593525 0.334395 0.597122 0.340764 0.597122 0.343949 0.593525 0.347134 0.593525 0.353503 0.586331 0.353503 0.575540
0 0.200637 0.575540 0.194268 0.582734 0.194268 0.597122 0.197452 0.600719 0.210191 0.600719 0.219745 0.589928 0.219745 0.586331 0.222930 0.582734 0.216561 0.575540
0 0.592357 0.575540 0.589172 0.579137 0.589172 0.582734 0.585987 0.586331 0.585987 0.593525 0.589172 0.597122 0.608280 0.597122 0.611465 0.593525 0.611465 0.589928 0.608280 0.586331 0.608280 0.582734 0.605096 0.579137 0.601911 0.579137 0.598726 0.575540
0 0.388535 0.586331 0.388535 0.597122 0.394904 0.597122 0.401274 0.604317 0.417197 0.604317 0.420382 0.600719 0.420382 0.589928 0.417197 0.589928 0.410828 0.582734 0.404459 0.582734 0.401274 0.579137 0.398089 0.582734 0.391720 0.582734
0 0.799363 0.579137 0.792994 0.586331 0.792994 0.593525 0.796178 0.597122 0.796178 0.600719 0.799363 0.604317 0.812102 0.604317 0.818471 0.597122 0.818471 0.586331 0.815287 0.582734 0.812102 0.582734 0.808917 0.579137
0 0.487261 0.586331 0.484076 0.589928 0.484076 0.600719 0.490446 0.607914 0.500000 0.607914 0.506369 0.600719 0.506369 0.589928 0.503185 0.586331
0 0.710191 0.593525 0.710191 0.604317 0.719745 0.611511 0.726115 0.611511 0.729299 0.615108 0.735669 0.615108 0.742038 0.607914 0.742038 0.604317 0.729299 0.589928 0.716561 0.589928 0.713376 0.593525
0 0.834395 0.597122 0.834395 0.604317 0.840764 0.611511 0.853503 0.611511 0.856688 0.607914 0.859873 0.607914 0.859873 0.604317 0.863057 0.600719 0.863057 0.597122 0.859873 0.593525 0.856688 0.593525 0.853503 0.589928 0.840764 0.589928
0 0.369427 0.597122 0.356688 0.611511 0.356688 0.618705 0.363057 0.625899 0.366242 0.625899 0.369427 0.629496 0.375796 0.629496 0.391720 0.615108 0.391720 0.607914 0.385350 0.600719 0.382166 0.600719 0.378981 0.597122
0 0.585987 0.597122 0.576433 0.597122 0.566879 0.607914 0.566879 0.615108 0.570064 0.618705 0.573248 0.618705 0.576433 0.615108 0.579618 0.615108 0.582803 0.611511 0.582803 0.607914 0.585987 0.604317
0 0.296178 0.600719 0.292994 0.604317 0.292994 0.618705 0.296178 0.622302 0.296178 0.625899 0.305732 0.625899 0.308917 0.622302 0.308917 0.618705 0.312102 0.615108 0.312102 0.604317 0.308917 0.600719
0 0.528662 0.600719 0.528662 0.607914 0.531847 0.607914 0.535032 0.611511 0.538217 0.611511 0.541401 0.607914 0.544586 0.607914 0.541401 0.604317 0.538217 0.604317 0.535032 0.600719
0 0.624204 0.615108 0.621019 0.611511 0.614650 0.611511 0.611465 0.615108 0.598726 0.615108 0.592357 0.622302 0.592357 0.629496 0.598726 0.636691 0.617834 0.636691 0.624204 0.625899
0 0.022293 0.615108 0.015924 0.615108 0.009554 0.622302 0.009554 0.625899 0.006369 0.629496 0.006369 0.643885 0.009554 0.647482 0.019108 0.647482 0.028662 0.636691 0.028662 0.622302
0 0.652866 0.615108 0.649682 0.615108 0.646497 0.618705 0.643312 0.618705 0.636943 0.625899 0.636943 0.636691 0.640127 0.640288 0.643312 0.640288 0.646497 0.643885 0.649682 0.643885 0.652866 0.640288 0.656051 0.640288 0.656051 0.636691 0.659236 0.633094 0.659236 0.618705 0.656051 0.618705
0 0.691083 0.618705 0.691083 0.640288 0.697452 0.647482 0.713376 0.647482 0.722930 0.640288 0.722930 0.625899 0.719745 0.622302 0.716561 0.622302 0.710191 0.615108 0.694268 0.615108
0 0.786624 0.622302 0.786624 0.625899 0.792994 0.633094 0.812102 0.633094 0.818471 0.625899 0.818471 0.622302 0.812102 0.615108 0.792994 0.615108
0 0.850318 0.618705 0.847134 0.622302 0.843949 0.618705 0.840764 0.622302 0.837580 0.622302 0.834395 0.625899 0.834395 0.633094 0.840764 0.640288 0.847134 0.640288 0.850318 0.636691 0.853503 0.636691 0.856688 0.633094 0.856688 0.625899
0 0.433121 0.625899 0.429936 0.622302 0.420382 0.622302 0.417197 0.625899 0.414013 0.625899 0.410828 0.629496 0.410828 0.640288 0.414013 0.643885 0.423567 0.643885 0.433121 0.633094
0 0.761146 0.622302 0.757962 0.625899 0.754777 0.625899 0.751592 0.629496 0.751592 0.636691 0.754777 0.640288 0.757962 0.640288 0.761146 0.643885 0.764331 0.643885 0.764331 0.640288 0.767516 0.636691 0.770701 0.636691 0.770701 0.629496 0.764331 0.622302
0 0.283439 0.629496 0.270701 0.629496 0.267516 0.633094 0.264331 0.633094 0.264331 0.636691 0.261146 0.640288 0.261146 0.651079 0.264331 0.654676 0.264331 0.658273 0.273885 0.658273 0.277070 0.654676 0.280255 0.654676 0.286624 0.647482 0.286624 0.633094
0 0.449045 0.633094 0.445860 0.636691 0.445860 0.651079 0.449045 0.654676 0.464968 0.654676 0.471338 0.647482 0.471338 0.636691 0.464968 0.629496 0.455414 0.629496 0.452229 0.633094
0 0.050955 0.633094 0.044586 0.640288 0.044586 0.643885 0.050955 0.651079 0.060510 0.651079 0.066879 0.643885 0.066879 0.636691 0.063694 0.633094
0 0.340764 0.633094 0.337580 0.636691 0.337580 0.651079 0.340764 0.654676 0.353503 0.654676 0.356688 0.651079 0.356688 0.640288 0.350318 0.633094
0 0.538217 0.636691 0.535032 0.640288 0.531847 0.640288 0.528662 0.643885 0.528662 0.654676 0.531847 0.658273 0.535032 0.658273 0.538217 0.661871 0.544586 0.661871 0.547771 0.658273 0.550955 0.658273 0.554140 0.654676 0.554140 0.643885 0.550955 0.640288 0.547771 0.640288 0.544586 0.636691
0 0.318471 0.643885 0.312102 0.651079 0.312102 0.654676 0.318471 0.661871 0.324841 0.661871 0.328025 0.658273 0.328025 0.647482 0.324841 0.647482 0.321656 0.643885
0 0.757962 0.647482 0.757962 0.658273 0.764331 0.665468 0.783439 0.665468 0.786624 0.661871 0.786624 0.651079 0.783439 0.647482 0.777070 0.647482 0.773885 0.643885 0.770701 0.643885 0.767516 0.647482
0 0.085987 0.651079 0.079618 0.658273 0.079618 0.665468 0.085987 0.672662 0.095541 0.672662 0.101911 0.665468 0.101911 0.661871 0.098726 0.658273 0.098726 0.654676 0.095541 0.651079
0 0.187898 0.654676 0.184713 0.654676 0.181529 0.651079 0.175159 0.651079 0.171975 0.654676 0.168790 0.654676 0.165605 0.658273 0.162420 0.658273 0.159236 0.661871 0.159236 0.672662 0.162420 0.676259 0.175159 0.676259 0.178344 0.672662 0.181529 0.672662 0.187898 0.665468
0 0.490446 0.654676 0.480892 0.654676 0.477707 0.658273 0.474522 0.658273 0.468153 0.665468 0.468153 0.679856 0.471338 0.679856 0.474522 0.683453 0.480892 0.683453 0.484076 0.679856 0.490446 0.679856 0.490446 0.676259 0.496815 0.669065 0.496815 0.665468
0 0.407643 0.665468 0.414013 0.672662 0.429936 0.672662 0.433121 0.669065 0.433121 0.661871 0.429936 0.658273 0.410828 0.658273 0.410828 0.661871
0 0.668790 0.661871 0.662420 0.661871 0.659236 0.658273 0.656051 0.661871 0.649682 0.661871 0.643312 0.669065 0.643312 0.679856 0.646497 0.683453 0.662420 0.683453 0.665605 0.679856 0.668790 0.679856 0.668790 0.676259 0.671975 0.672662 0.671975 0.669065 0.668790 0.665468
0 0.745223 0.669065 0.738854 0.661871 0.732484 0.661871 0.729299 0.665468 0.722930 0.665468 0.722930 0.669065 0.719745 0.672662 0.719745 0.676259 0.722930 0.679856 0.722930 0.683453 0.738854 0.683453 0.745223 0.676259
0 0.254777 0.669065 0.245223 0.669065 0.242038 0.672662 0.238854 0.672662 0.232484 0.679856 0.232484 0.694245 0.235669 0.697842 0.242038 0.697842 0.245223 0.694245 0.251592 0.694245 0.261146 0.683453 0.257962 0.679856 0.257962 0.672662
0 0.547771 0.683453 0.550955 0.687050 0.557325 0.687050 0.560510 0.690647 0.582803 0.690647 0.589172 0.683453 0.589172 0.679856 0.582803 0.672662 0.576433 0.672662 0.573248 0.669065 0.566879 0.669065 0.563694 0.672662 0.557325 0.672662 0.554140 0.676259 0.550955 0.676259 0.550955 0.679856
0 0.837580 0.679856 0.837580 0.683453 0.843949 0.690647 0.859873 0.690647 0.866242 0.683453 0.869427 0.683453 0.869427 0.672662 0.866242 0.669065 0.843949 0.669065
0 0.022293 0.676259 0.015924 0.683453 0.015924 0.697842 0.019108 0.701439 0.022293 0.701439 0.025478 0.705036 0.028662 0.705036 0.031847 0.701439 0.035032 0.701439 0.038217 0.697842 0.038217 0.683453 0.035032 0.679856 0.031847 0.679856 0.028662 0.676259
0 0.525478 0.679856 0.522293 0.676259 0.506369 0.676259 0.496815 0.687050 0.496815 0.697842 0.500000 0.701439 0.509554 0.701439 0.512739 0.697842 0.515924 0.697842 0.522293 0.690647 0.522293 0.687050 0.525478 0.683453
0 0.299363 0.683453 0.299363 0.694245 0.302548 0.697842 0.305732 0.697842 0.308917 0.701439 0.321656 0.701439 0.328025 0.694245 0.328025 0.687050 0.321656 0.679856 0.302548 0.679856
0 0.063694 0.690647 0.063694 0.694245 0.066879 0.697842 0.066879 0.701439 0.070064 0.705036 0.082803 0.705036 0.085987 0.701439 0.089172 0.701439 0.092357 0.697842 0.092357 0.687050 0.085987 0.687050 0.082803 0.683453 0.066879 0.683453 0.066879 0.687050
0 0.273885 0.683453 0.267516 0.690647 0.267516 0.708633 0.270701 0.712230 0.270701 0.715827 0.277070 0.723022 0.280255 0.723022 0.286624 0.715827 0.286624 0.687050 0.283439 0.683453
0 0.891720 0.690647 0.888535 0.687050 0.878981 0.687050 0.869427 0.694245 0.863057 0.694245 0.863057 0.697842 0.859873 0.701439 0.859873 0.705036 0.863057 0.708633 0.878981 0.708633 0.882166 0.705036 0.888535 0.705036 0.891720 0.701439
0 0.181529 0.690647 0.178344 0.694245 0.178344 0.697842 0.184713 0.705036 0.191083 0.705036 0.194268 0.701439 0.194268 0.690647
0 0.442675 0.694245 0.442675 0.701439 0.445860 0.705036 0.449045 0.705036 0.452229 0.708633 0.464968 0.708633 0.464968 0.694245 0.458599 0.694245 0.455414 0.690647 0.445860 0.690647
0 0.621019 0.690647 0.614650 0.690647 0.611465 0.694245 0.605096 0.694245 0.601911 0.697842 0.601911 0.708633 0.605096 0.712230 0.608280 0.712230 0.611465 0.715827 0.617834 0.715827 0.627389 0.705036 0.627389 0.697842
0 0.652866 0.697842 0.652866 0.701439 0.659236 0.708633 0.668790 0.708633 0.671975 0.705036 0.675159 0.705036 0.675159 0.701439 0.678344 0.697842 0.671975 0.690647 0.659236 0.690647
0 0.745223 0.701439 0.742038 0.697842 0.738854 0.701439 0.735669 0.701439 0.732484 0.705036 0.726115 0.705036 0.726115 0.712230 0.722930 0.715827 0.719745 0.715827 0.722930 0.715827 0.726115 0.719424 0.735669 0.719424 0.738854 0.715827 0.735669 0.712230 0.738854 0.708633 0.745223 0.708633
0 0.152866 0.701439 0.149682 0.705036 0.149682 0.723022 0.152866 0.726619 0.162420 0.726619 0.168790 0.719424 0.168790 0.705036 0.165605 0.701439
0 0.347134 0.708633 0.347134 0.712230 0.353503 0.719424 0.359873 0.719424 0.363057 0.715827 0.366242 0.715827 0.369427 0.712230 0.369427 0.705036 0.366242 0.701439 0.353503 0.701439
0 0.821656 0.701439 0.815287 0.701439 0.812102 0.705036 0.808917 0.705036 0.805732 0.708633 0.805732 0.723022 0.808917 0.726619 0.812102 0.726619 0.815287 0.730216 0.818471 0.726619 0.821656 0.726619 0.828025 0.719424 0.828025 0.705036 0.824841 0.705036
0 0.417197 0.712230 0.414013 0.708633 0.407643 0.708633 0.404459 0.705036 0.401274 0.705036 0.398089 0.708633 0.391720 0.708633 0.391720 0.712230 0.388535 0.715827 0.388535 0.723022 0.391720 0.726619 0.407643 0.726619 0.410828 0.723022 0.414013 0.723022 0.414013 0.719424 0.417197 0.715827
0 0.557325 0.708633 0.557325 0.719424 0.563694 0.726619 0.585987 0.726619 0.589172 0.723022 0.592357 0.723022 0.592357 0.715827 0.589172 0.715827 0.582803 0.708633 0.579618 0.708633 0.576433 0.705036 0.560510 0.705036
0 0.015924 0.708633 0.003185 0.708633 0.000000 0.712230 0.003185 0.715827 0.000000 0.719424 0.000000 0.723022 0.003185 0.726619 0.003185 0.733813 0.009554 0.733813 0.012739 0.730216 0.015924 0.730216 0.022293 0.723022 0.022293 0.715827
0 0.445860 0.715827 0.445860 0.730216 0.449045 0.733813 0.464968 0.733813 0.471338 0.726619 0.471338 0.715827 0.468153 0.712230 0.449045 0.712230
0 0.783439 0.715827 0.780255 0.715827 0.777070 0.712230 0.770701 0.712230 0.767516 0.715827 0.761146 0.715827 0.761146 0.719424 0.754777 0.726619 0.754777 0.737410 0.757962 0.741007 0.773885 0.741007 0.777070 0.737410 0.780255 0.737410 0.786624 0.726619 0.783439 0.723022
0 0.082803 0.719424 0.079618 0.719424 0.076433 0.715827 0.070064 0.715827 0.063694 0.723022 0.060510 0.723022 0.060510 0.733813 0.063694 0.737410 0.073248 0.737410 0.076433 0.733813 0.079618 0.733813 0.082803 0.730216
0 0.248408 0.715827 0.242038 0.723022 0.242038 0.733813 0.238854 0.737410 0.238854 0.741007 0.242038 0.744604 0.254777 0.744604 0.257962 0.741007 0.261146 0.741007 0.261146 0.726619 0.254777 0.719424 0.251592 0.719424
0 0.044586 0.719424 0.041401 0.723022 0.038217 0.723022 0.035032 0.726619 0.035032 0.741007 0.038217 0.741007 0.041401 0.744604 0.044586 0.744604 0.050955 0.737410 0.050955 0.723022 0.047771 0.723022
0 0.226115 0.723022 0.213376 0.723022 0.210191 0.726619 0.210191 0.730216 0.207006 0.733813 0.207006 0.741007 0.210191 0.744604 0.210191 0.748201 0.213376 0.748201 0.216561 0.751799 0.219745 0.751799 0.222930 0.748201 0.226115 0.748201 0.226115 0.744604 0.229299 0.741007 0.229299 0.730216 0.226115 0.726619
0 0.490446 0.726619 0.490446 0.737410 0.493631 0.741007 0.496815 0.741007 0.500000 0.744604 0.515924 0.744604 0.515924 0.741007 0.519108 0.737410 0.519108 0.733813 0.515924 0.730216 0.515924 0.726619 0.512739 0.726619 0.509554 0.723022 0.493631 0.723022
0 0.649682 0.730216 0.643312 0.723022 0.633758 0.723022 0.630573 0.726619 0.627389 0.726619 0.624204 0.730216 0.624204 0.737410 0.621019 0.741007 0.627389 0.748201 0.640127 0.748201 0.649682 0.737410
0 0.296178 0.737410 0.299363 0.741007 0.305732 0.741007 0.308917 0.744604 0.324841 0.744604 0.331210 0.737410 0.331210 0.733813 0.328025 0.733813 0.324841 0.730216 0.308917 0.730216 0.305732 0.733813 0.299363 0.733813
