0 0.522293 0.003597 0.522293 0.010791 0.525478 0.014388 0.535032 0.014388 0.538217 0.010791 0.541401 0.010791 0.541401 0.000000 0.525478 0.000000
0 0.875796 0.003597 0.875796 0.007194 0.878981 0.010791 0.882166 0.010791 0.885350 0.014388 0.894904 0.014388 0.898089 0.010791 0.898089 0.003597 0.894904 0.003597 0.891720 0.000000 0.878981 0.000000
0 0.140127 0.010791 0.133758 0.003597 0.121019 0.003597 0.114650 0.010791 0.114650 0.025180 0.117834 0.028777 0.124204 0.028777 0.127389 0.025180 0.130573 0.025180 0.133758 0.021583 0.136943 0.021583 0.136943 0.017986 0.140127 0.014388
0 0.378981 0.007194 0.375796 0.003597 0.369427 0.003597 0.366242 0.007194 0.363057 0.007194 0.363057 0.014388 0.375796 0.014388 0.378981 0.010791
0 0.292994 0.010791 0.289809 0.007194 0.277070 0.007194 0.273885 0.010791 0.267516 0.010791 0.264331 0.014388 0.264331 0.021583 0.270701 0.021583 0.273885 0.025180 0.277070 0.025180 0.280255 0.021583 0.286624 0.021583 0.292994 0.014388
0 0.732484 0.010791 0.729299 0.007194 0.719745 0.007194 0.713376 0.014388 0.710191 0.014388 0.707006 0.017986 0.707006 0.021583 0.713376 0.028777 0.716561 0.028777 0.719745 0.025180 0.726115 0.025180 0.729299 0.021583 0.729299 0.017986 0.732484 0.014388
0 0.503185 0.017986 0.496815 0.010791 0.487261 0.010791 0.484076 0.014388 0.480892 0.014388 0.471338 0.025180 0.471338 0.032374 0.474522 0.035971 0.484076 0.035971 0.490446 0.028777 0.496815 0.028777 0.503185 0.021583
0 0.799363 0.010791 0.792994 0.010791 0.789809 0.014388 0.786624 0.014388 0.783439 0.017986 0.783439 0.021583 0.780255 0.025180 0.780255 0.032374 0.786624 0.039568 0.792994 0.039568 0.799363 0.032374 0.799363 0.028777 0.802548 0.025180 0.802548 0.017986 0.799363 0.014388
0 0.611465 0.028777 0.605096 0.021583 0.598726 0.021583 0.595541 0.025180 0.589172 0.025180 0.582803 0.032374 0.582803 0.043165 0.585987 0.043165 0.589172 0.046763 0.592357 0.046763 0.595541 0.043165 0.601911 0.043165 0.611465 0.032374
0 0.640127 0.021583 0.630573 0.021583 0.621019 0.032374 0.621019 0.039568 0.617834 0.043165 0.617834 0.053957 0.624204 0.061151 0.627389 0.057554 0.627389 0.053957 0.643312 0.035971 0.643312 0.025180
0 0.831210 0.021583 0.821656 0.021583 0.818471 0.025180 0.818471 0.028777 0.812102 0.035971 0.812102 0.043165 0.815287 0.046763 0.818471 0.046763 0.824841 0.039568 0.828025 0.039568 0.831210 0.035971 0.831210 0.032374 0.834395 0.028777 0.831210 0.025180
0 0.668790 0.025180 0.665605 0.028777 0.665605 0.043165 0.671975 0.050360 0.678344 0.050360 0.681529 0.046763 0.681529 0.032374 0.675159 0.025180
0 0.754777 0.028777 0.748408 0.028777 0.745223 0.025180 0.738854 0.032374 0.735669 0.032374 0.732484 0.035971 0.732484 0.039568 0.729299 0.043165 0.729299 0.050360 0.742038 0.050360 0.745223 0.046763 0.748408 0.046763 0.754777 0.039568
0 0.901274 0.025180 0.888535 0.025180 0.885350 0.028777 0.885350 0.032374 0.878981 0.039568 0.878981 0.043165 0.875796 0.046763 0.875796 0.053957 0.888535 0.053957 0.891720 0.050360 0.898089 0.050360 0.898089 0.046763 0.904459 0.039568 0.904459 0.032374 0.901274 0.028777
0 0.254777 0.032374 0.251592 0.032374 0.248408 0.035971 0.238854 0.035971 0.235669 0.039568 0.232484 0.039568 0.226115 0.050360 0.226115 0.057554 0.232484 0.064748 0.238854 0.064748 0.242038 0.061151 0.245223 0.061151 0.257962 0.046763 0.257962 0.035971
0 0.140127 0.050360 0.133758 0.043165 0.127389 0.043165 0.124204 0.046763 0.098726 0.046763 0.092357 0.053957 0.092357 0.057554 0.095541 0.061151 0.095541 0.064748 0.101911 0.064748 0.105096 0.068345 0.108280 0.068345 0.111465 0.064748 0.124204 0.064748 0.127389 0.061151 0.133758 0.061151
0 0.477707 0.043165 0.474522 0.043165 0.468153 0.050360 0.471338 0.053957 0.471338 0.061151 0.474522 0.061151 0.480892 0.053957 0.480892 0.046763
0 0.770701 0.043165 0.767516 0.043165 0.764331 0.046763 0.761146 0.046763 0.761146 0.050360 0.757962 0.053957 0.757962 0.071942 0.761146 0.075540 0.767516 0.075540 0.773885 0.068345 0.773885 0.064748 0.777070 0.061151 0.777070 0.046763 0.773885 0.046763
0 0.315287 0.057554 0.312102 0.053957 0.305732 0.053957 0.302548 0.050360 0.299363 0.053957 0.289809 0.053957 0.280255 0.061151 0.280255 0.068345 0.283439 0.071942 0.308917 0.071942 0.315287 0.064748
0 0.652866 0.050360 0.646497 0.050360 0.636943 0.061151 0.636943 0.064748 0.630573 0.071942 0.630573 0.082734 0.633758 0.086331 0.636943 0.082734 0.640127 0.082734 0.646497 0.075540 0.649682 0.075540 0.656051 0.068345 0.656051 0.053957
0 0.340764 0.053957 0.331210 0.053957 0.328025 0.057554 0.328025 0.068345 0.331210 0.071942 0.334395 0.071942 0.340764 0.064748
0 0.595541 0.061151 0.595541 0.068345 0.598726 0.071942 0.598726 0.075540 0.611465 0.075540 0.614650 0.071942 0.617834 0.071942 0.617834 0.068345 0.621019 0.064748 0.621019 0.061151 0.614650 0.053957 0.601911 0.053957
0 0.442675 0.057554 0.436306 0.057554 0.433121 0.061151 0.429936 0.061151 0.429936 0.064748 0.426752 0.068345 0.426752 0.071942 0.429936 0.075540 0.429936 0.079137 0.436306 0.086331 0.439490 0.086331 0.442675 0.082734 0.445860 0.082734 0.452229 0.075540 0.452229 0.064748 0.449045 0.061151 0.445860 0.061151
0 0.197452 0.061151 0.194268 0.064748 0.194268 0.079137 0.197452 0.082734 0.203822 0.082734 0.203822 0.079137 0.207006 0.075540 0.207006 0.064748 0.203822 0.061151
0 0.576433 0.061151 0.566879 0.061151 0.563694 0.064748 0.557325 0.064748 0.547771 0.075540 0.550955 0.086331 0.560510 0.093525 0.570064 0.093525 0.573248 0.089928 0.576433 0.089928 0.576433 0.086331 0.579618 0.082734 0.579618 0.064748
0 0.719745 0.061151 0.719745 0.071942 0.722930 0.075540 0.726115 0.075540 0.732484 0.082734 0.738854 0.082734 0.742038 0.079137 0.742038 0.068345 0.738854 0.064748 0.735669 0.064748 0.732484 0.061151
0 0.805732 0.061151 0.792994 0.061151 0.786624 0.068345 0.786624 0.086331 0.789809 0.089928 0.792994 0.086331 0.792994 0.075540 0.799363 0.068345 0.802548 0.068345 0.805732 0.064748
0 0.901274 0.061151 0.891720 0.061151 0.888535 0.064748 0.885350 0.064748 0.882166 0.068345 0.882166 0.071942 0.878981 0.075540 0.878981 0.082734 0.885350 0.089928 0.891720 0.089928 0.898089 0.082734 0.901274 0.082734 0.904459 0.079137 0.904459 0.075540 0.907643 0.071942 0.907643 0.068345
0 0.821656 0.071942 0.812102 0.075540 0.812102 0.079137 0.808917 0.082734 0.808917 0.086331 0.802548 0.097122 0.802548 0.107914 0.805732 0.111511 0.818471 0.111511 0.824841 0.104317 0.824841 0.100719 0.828025 0.097122 0.828025 0.079137
0 0.863057 0.071942 0.853503 0.071942 0.850318 0.075540 0.847134 0.075540 0.840764 0.082734 0.840764 0.093525 0.843949 0.093525 0.850318 0.100719 0.853503 0.097122 0.859873 0.097122 0.859873 0.093525 0.866242 0.086331 0.866242 0.075540
0 0.414013 0.082734 0.404459 0.082734 0.398089 0.089928 0.394904 0.089928 0.391720 0.093525 0.391720 0.111511 0.404459 0.111511 0.414013 0.100719
0 0.519108 0.082734 0.512739 0.089928 0.512739 0.100719 0.515924 0.104317 0.515924 0.107914 0.519108 0.111511 0.528662 0.111511 0.531847 0.107914 0.535032 0.107914 0.535032 0.104317 0.538217 0.100719 0.538217 0.093525 0.535032 0.089928 0.535032 0.086331 0.531847 0.082734
0 0.178344 0.089928 0.168790 0.089928 0.156051 0.104317 0.156051 0.111511 0.152866 0.115108 0.156051 0.118705 0.156051 0.122302 0.159236 0.122302 0.162420 0.125899 0.171975 0.125899 0.184713 0.111511 0.184713 0.107914 0.187898 0.104317 0.184713 0.100719 0.184713 0.097122
0 0.678344 0.089928 0.668790 0.100719 0.668790 0.107914 0.675159 0.115108 0.684713 0.115108 0.684713 0.111511 0.687898 0.107914 0.687898 0.100719 0.691083 0.097122 0.691083 0.093525 0.687898 0.089928
0 0.754777 0.089928 0.751592 0.093525 0.748408 0.093525 0.748408 0.100719 0.745223 0.104317 0.745223 0.111511 0.751592 0.118705 0.761146 0.118705 0.761146 0.115108 0.767516 0.107914 0.767516 0.104317 0.764331 0.100719 0.764331 0.097122 0.757962 0.089928
0 0.850318 0.104317 0.850318 0.115108 0.856688 0.122302 0.875796 0.122302 0.875796 0.118705 0.878981 0.115108 0.878981 0.107914 0.872611 0.100719 0.866242 0.100719 0.863057 0.097122 0.859873 0.100719 0.853503 0.100719
0 0.369427 0.104317 0.369427 0.107914 0.363057 0.115108 0.363057 0.122302 0.369427 0.129496 0.372611 0.129496 0.378981 0.122302 0.378981 0.118705 0.375796 0.115108 0.375796 0.107914 0.372611 0.104317
0 0.780255 0.104317 0.773885 0.104317 0.770701 0.107914 0.770701 0.122302 0.773885 0.125899 0.773885 0.129496 0.777070 0.125899 0.780255 0.125899 0.783439 0.122302 0.783439 0.111511 0.780255 0.107914
0 0.315287 0.115108 0.308917 0.107914 0.302548 0.107914 0.292994 0.115108 0.286624 0.115108 0.277070 0.125899 0.277070 0.133094 0.280255 0.133094 0.286624 0.125899 0.289809 0.129496 0.289809 0.133094 0.296178 0.133094 0.299363 0.129496 0.302548 0.129496
0 0.493631 0.111511 0.487261 0.118705 0.487261 0.125899 0.493631 0.133094 0.506369 0.133094 0.512739 0.125899 0.512739 0.115108 0.509554 0.111511
0 0.127389 0.125899 0.124204 0.122302 0.121019 0.122302 0.117834 0.118705 0.111465 0.118705 0.108280 0.122302 0.105096 0.122302 0.105096 0.125899 0.101911 0.129496 0.101911 0.140288 0.111465 0.140288 0.114650 0.136691 0.121019 0.136691 0.127389 0.129496
0 0.646497 0.118705 0.640127 0.129496 0.640127 0.147482 0.646497 0.154676 0.656051 0.154676 0.659236 0.151079 0.662420 0.151079 0.671975 0.140288 0.671975 0.133094 0.656051 0.118705
0 0.834395 0.122302 0.824841 0.122302 0.821656 0.125899 0.818471 0.125899 0.812102 0.133094 0.812102 0.136691 0.815287 0.140288 0.815287 0.143885 0.818471 0.143885 0.821656 0.147482 0.824841 0.147482 0.828025 0.143885 0.831210 0.143885 0.834395 0.140288 0.837580 0.140288 0.840764 0.136691 0.840764 0.129496
0 0.789809 0.125899 0.783439 0.125899 0.780255 0.129496 0.777070 0.129496 0.773885 0.133094 0.773885 0.151079 0.777070 0.154676 0.789809 0.154676 0.792994 0.151079 0.792994 0.147482 0.796178 0.143885 0.796178 0.133094
0 0.417197 0.133094 0.414013 0.129496 0.404459 0.129496 0.401274 0.133094 0.398089 0.133094 0.391720 0.140288 0.391720 0.143885 0.388535 0.147482 0.391720 0.151079 0.391720 0.154676 0.401274 0.154676 0.404459 0.151079 0.407643 0.151079 0.410828 0.147482 0.414013 0.147482 0.417197 0.143885
0 0.550955 0.129496 0.528662 0.129496 0.522293 0.136691 0.522293 0.151079 0.525478 0.154676 0.525478 0.158273 0.531847 0.165468 0.538217 0.165468 0.554140 0.151079 0.554140 0.147482 0.557325 0.143885 0.557325 0.136691
0 0.022293 0.133094 0.012739 0.133094 0.003185 0.143885 0.003185 0.158273 0.006369 0.158273 0.015924 0.147482 0.019108 0.147482 0.022293 0.143885
0 0.340764 0.140288 0.334395 0.140288 0.331210 0.136691 0.328025 0.136691 0.324841 0.140288 0.315287 0.140288 0.312102 0.143885 0.308917 0.143885 0.308917 0.154676 0.312102 0.154676 0.318471 0.161871 0.334395 0.161871 0.340764 0.151079
0 0.748408 0.136691 0.745223 0.136691 0.742038 0.140288 0.735669 0.140288 0.732484 0.143885 0.732484 0.154676 0.745223 0.169065 0.748408 0.165468 0.757962 0.165468 0.761146 0.161871 0.761146 0.151079 0.757962 0.147482 0.757962 0.143885
0 0.608280 0.143885 0.605096 0.140288 0.589172 0.140288 0.582803 0.147482 0.582803 0.165468 0.595541 0.165468 0.601911 0.158273 0.605096 0.158273 0.605096 0.154676 0.608280 0.151079
0 0.477707 0.151079 0.477707 0.161871 0.480892 0.165468 0.480892 0.169065 0.484076 0.169065 0.487261 0.172662 0.496815 0.172662 0.500000 0.169065 0.503185 0.169065 0.503185 0.154676 0.500000 0.151079 0.500000 0.147482 0.496815 0.147482 0.493631 0.143885 0.487261 0.143885
0 0.076433 0.154676 0.073248 0.151079 0.070064 0.151079 0.066879 0.147482 0.063694 0.151079 0.057325 0.151079 0.050955 0.158273 0.050955 0.165468 0.057325 0.172662 0.070064 0.172662 0.076433 0.165468
0 0.105096 0.165468 0.105096 0.172662 0.111465 0.179856 0.121019 0.179856 0.124204 0.176259 0.127389 0.176259 0.133758 0.169065 0.133758 0.158273 0.130573 0.154676 0.111465 0.154676 0.111465 0.158273
0 0.248408 0.158273 0.245223 0.154676 0.232484 0.154676 0.226115 0.161871 0.226115 0.165468 0.222930 0.169065 0.222930 0.176259 0.226115 0.179856 0.235669 0.179856 0.238854 0.176259 0.242038 0.176259 0.248408 0.169065
0 0.277070 0.154676 0.273885 0.158273 0.273885 0.179856 0.277070 0.183453 0.286624 0.183453 0.292994 0.176259 0.292994 0.161871 0.289809 0.158273 0.289809 0.154676
0 0.461783 0.158273 0.458599 0.158273 0.455414 0.154676 0.452229 0.158273 0.445860 0.158273 0.442675 0.161871 0.442675 0.165468 0.439490 0.169065 0.439490 0.172662 0.445860 0.179856 0.455414 0.179856 0.461783 0.172662
0 0.363057 0.165468 0.356688 0.158273 0.353503 0.158273 0.350318 0.161871 0.347134 0.161871 0.340764 0.169065 0.343949 0.172662 0.343949 0.176259 0.356688 0.176259 0.359873 0.172662 0.359873 0.169065
0 0.687898 0.158273 0.678344 0.158273 0.675159 0.161871 0.675159 0.165468 0.671975 0.169065 0.671975 0.179856 0.681529 0.179856 0.687898 0.172662
0 0.420382 0.165468 0.417197 0.165468 0.414013 0.161871 0.410828 0.165468 0.407643 0.165468 0.401274 0.172662 0.401274 0.183453 0.404459 0.187050 0.404459 0.190647 0.417197 0.190647 0.423567 0.183453 0.423567 0.169065
0 0.557325 0.169065 0.554140 0.172662 0.550955 0.172662 0.550955 0.176259 0.547771 0.179856 0.547771 0.194245 0.554140 0.205036 0.563694 0.205036 0.570064 0.194245 0.570064 0.179856 0.563694 0.172662 0.560510 0.172662
0 0.713376 0.169065 0.707006 0.169065 0.697452 0.179856 0.697452 0.183453 0.694268 0.187050 0.694268 0.190647 0.687898 0.201439 0.687898 0.208633 0.700637 0.208633 0.703822 0.205036 0.703822 0.201439 0.716561 0.183453 0.716561 0.172662
0 0.742038 0.169065 0.738854 0.169065 0.729299 0.179856 0.729299 0.190647 0.732484 0.194245 0.742038 0.194245 0.745223 0.190647 0.745223 0.187050 0.748408 0.183453 0.748408 0.176259
0 0.802548 0.169065 0.796178 0.176259 0.792994 0.176259 0.792994 0.187050 0.799363 0.194245 0.808917 0.194245 0.815287 0.187050 0.815287 0.179856 0.805732 0.169065
0 0.863057 0.172662 0.859873 0.176259 0.859873 0.201439 0.863057 0.205036 0.863057 0.208633 0.866242 0.208633 0.869427 0.212230 0.878981 0.205036 0.878981 0.179856 0.872611 0.172662
0 0.041401 0.176259 0.035032 0.183453 0.041401 0.190647 0.047771 0.190647 0.050955 0.187050 0.050955 0.179856 0.047771 0.176259
0 0.267516 0.183453 0.264331 0.179856 0.251592 0.179856 0.245223 0.187050 0.245223 0.190647 0.242038 0.194245 0.242038 0.201439 0.245223 0.205036 0.254777 0.205036 0.261146 0.197842 0.264331 0.197842 0.264331 0.190647 0.267516 0.187050
0 0.025478 0.187050 0.022293 0.183453 0.012739 0.183453 0.009554 0.187050 0.006369 0.187050 0.003185 0.190647 0.003185 0.208633 0.015924 0.208633 0.025478 0.197842
0 0.194268 0.183453 0.181529 0.183453 0.175159 0.190647 0.175159 0.205036 0.178344 0.208633 0.187898 0.208633 0.194268 0.201439 0.194268 0.194245 0.197452 0.190647 0.194268 0.187050
0 0.369427 0.183453 0.359873 0.183453 0.356688 0.187050 0.350318 0.187050 0.343949 0.194245 0.343949 0.201439 0.350318 0.208633 0.359873 0.208633 0.369427 0.197842
0 0.840764 0.197842 0.837580 0.194245 0.831210 0.194245 0.828025 0.197842 0.824841 0.197842 0.812102 0.212230 0.812102 0.223022 0.815287 0.223022 0.818471 0.226619 0.821656 0.226619 0.824841 0.223022 0.828025 0.223022 0.831210 0.219424 0.834395 0.219424 0.840764 0.212230
0 0.283439 0.197842 0.280255 0.201439 0.280255 0.205036 0.277070 0.208633 0.277070 0.212230 0.283439 0.219424 0.289809 0.219424 0.292994 0.215827 0.296178 0.215827 0.296178 0.201439 0.292994 0.197842
0 0.636943 0.197842 0.630573 0.205036 0.630573 0.219424 0.636943 0.226619 0.646497 0.226619 0.646497 0.223022 0.649682 0.219424 0.649682 0.208633 0.646497 0.205036 0.646497 0.201439 0.643312 0.197842
0 0.582803 0.205036 0.582803 0.212230 0.589172 0.219424 0.592357 0.219424 0.595541 0.223022 0.598726 0.223022 0.605096 0.230216 0.608280 0.230216 0.614650 0.223022 0.614650 0.208633 0.608280 0.208633 0.605096 0.205036 0.595541 0.205036 0.592357 0.201439 0.585987 0.201439
0 0.394904 0.212230 0.388535 0.219424 0.388535 0.226619 0.385350 0.230216 0.385350 0.237410 0.391720 0.244604 0.401274 0.244604 0.404459 0.241007 0.407643 0.241007 0.414013 0.233813 0.414013 0.226619 0.410828 0.223022 0.410828 0.219424 0.404459 0.212230
0 0.538217 0.219424 0.531847 0.212230 0.506369 0.219424 0.496815 0.230216 0.496815 0.233813 0.490446 0.237410 0.487261 0.255396 0.490446 0.258993 0.493631 0.255396 0.503185 0.255396 0.500000 0.251799 0.503185 0.248201 0.509554 0.248201 0.512739 0.251799 0.515924 0.248201 0.528662 0.244604 0.535032 0.233813 0.535032 0.223022
0 0.735669 0.215827 0.729299 0.223022 0.729299 0.237410 0.732484 0.237410 0.735669 0.241007 0.742038 0.241007 0.751592 0.230216 0.751592 0.223022 0.745223 0.215827
0 0.777070 0.215827 0.773885 0.219424 0.770701 0.219424 0.767516 0.223022 0.767516 0.237410 0.773885 0.244604 0.783439 0.244604 0.786624 0.241007 0.786624 0.237410 0.789809 0.233813 0.789809 0.219424 0.786624 0.215827
0 0.127389 0.219424 0.124204 0.223022 0.121019 0.223022 0.121019 0.241007 0.127389 0.248201 0.133758 0.248201 0.136943 0.244604 0.140127 0.244604 0.143312 0.241007 0.143312 0.226619 0.140127 0.223022 0.136943 0.223022 0.133758 0.219424
0 0.028662 0.223022 0.012739 0.223022 0.009554 0.226619 0.006369 0.226619 0.006369 0.230216 0.003185 0.233813 0.003185 0.244604 0.006369 0.248201 0.012739 0.248201 0.015924 0.244604 0.019108 0.244604 0.028662 0.233813
0 0.267516 0.230216 0.264331 0.230216 0.254777 0.241007 0.254777 0.258993 0.261146 0.266187 0.264331 0.266187 0.273885 0.255396 0.273885 0.237410
0 0.605096 0.233813 0.605096 0.248201 0.608280 0.251799 0.614650 0.251799 0.617834 0.255396 0.621019 0.255396 0.624204 0.251799 0.627389 0.251799 0.627389 0.241007 0.617834 0.230216 0.611465 0.230216 0.608280 0.233813
0 0.085987 0.233813 0.079618 0.241007 0.079618 0.251799 0.085987 0.258993 0.089172 0.258993 0.092357 0.262590 0.095541 0.262590 0.098726 0.258993 0.098726 0.255396 0.101911 0.251799 0.101911 0.237410 0.098726 0.237410 0.095541 0.233813
0 0.324841 0.237410 0.321656 0.241007 0.315287 0.241007 0.312102 0.244604 0.312102 0.248201 0.308917 0.251799 0.308917 0.262590 0.312102 0.266187 0.324841 0.266187 0.328025 0.262590 0.328025 0.258993 0.331210 0.255396 0.331210 0.244604
0 0.671975 0.237410 0.662420 0.237410 0.656051 0.248201 0.656051 0.266187 0.659236 0.266187 0.662420 0.269784 0.665605 0.269784 0.668790 0.266187 0.675159 0.266187 0.678344 0.262590 0.678344 0.244604
0 0.433121 0.241007 0.423567 0.241007 0.407643 0.258993 0.407643 0.273381 0.410828 0.273381 0.414013 0.276978 0.423567 0.276978 0.426752 0.273381 0.429936 0.273381 0.439490 0.262590 0.439490 0.255396 0.436306 0.251799 0.436306 0.244604
0 0.576433 0.248201 0.570064 0.241007 0.566879 0.241007 0.563694 0.244604 0.560510 0.244604 0.554140 0.251799 0.554140 0.258993 0.557325 0.262590 0.570064 0.262590 0.576433 0.255396
0 0.222930 0.244604 0.219745 0.244604 0.203822 0.258993 0.200637 0.258993 0.197452 0.262590 0.191083 0.262590 0.187898 0.273381 0.194268 0.284173 0.203822 0.284173 0.207006 0.280576 0.210191 0.280576 0.210191 0.276978 0.226115 0.258993 0.226115 0.248201
0 0.356688 0.244604 0.350318 0.244604 0.350318 0.248201 0.343949 0.255396 0.343949 0.262590 0.340764 0.266187 0.340764 0.273381 0.343949 0.273381 0.347134 0.276978 0.350318 0.276978 0.363057 0.262590 0.366242 0.262590 0.363057 0.258993 0.363057 0.251799
0 0.707006 0.248201 0.700637 0.255396 0.700637 0.262590 0.703822 0.266187 0.703822 0.269784 0.710191 0.276978 0.719745 0.276978 0.726115 0.269784 0.726115 0.262590 0.722930 0.258993 0.722930 0.255396 0.716561 0.248201
0 0.073248 0.255396 0.066879 0.255396 0.063694 0.251799 0.060510 0.255396 0.057325 0.255396 0.057325 0.276978 0.070064 0.276978 0.070064 0.273381 0.073248 0.269784
0 0.633758 0.251799 0.630573 0.251799 0.627389 0.255396 0.624204 0.255396 0.621019 0.258993 0.621019 0.276978 0.624204 0.280576 0.636943 0.280576 0.636943 0.273381 0.640127 0.269784 0.640127 0.258993
0 0.385350 0.255396 0.372611 0.255396 0.369427 0.258993 0.369427 0.262590 0.366242 0.266187 0.366242 0.269784 0.369427 0.273381 0.369427 0.276978 0.375796 0.284173 0.378981 0.280576 0.382166 0.280576 0.385350 0.276978 0.385350 0.273381 0.388535 0.269784 0.388535 0.266187 0.385350 0.262590
0 0.035032 0.266187 0.031847 0.269784 0.031847 0.273381 0.028662 0.276978 0.028662 0.287770 0.031847 0.291367 0.035032 0.291367 0.038217 0.294964 0.050955 0.294964 0.050955 0.291367 0.044586 0.284173 0.044586 0.276978 0.041401 0.273381 0.041401 0.269784 0.038217 0.266187
0 0.101911 0.269784 0.098726 0.266187 0.092357 0.266187 0.089172 0.269784 0.089172 0.280576 0.095541 0.280576 0.101911 0.273381
0 0.783439 0.269784 0.780255 0.266187 0.777070 0.266187 0.770701 0.273381 0.767516 0.273381 0.764331 0.276978 0.764331 0.287770 0.770701 0.287770 0.773885 0.284173 0.777070 0.284173 0.777070 0.280576 0.783439 0.273381
0 0.267516 0.273381 0.257962 0.276978 0.251592 0.284173 0.251592 0.287770 0.248408 0.291367 0.248408 0.316547 0.254777 0.316547 0.254777 0.312950 0.257962 0.309353 0.257962 0.302158 0.270701 0.287770 0.270701 0.284173 0.273885 0.280576
0 0.859873 0.273381 0.856688 0.276978 0.856688 0.280576 0.853503 0.284173 0.853503 0.294964 0.859873 0.302158 0.869427 0.302158 0.875796 0.294964 0.875796 0.280576 0.869427 0.273381
0 0.299363 0.276978 0.292994 0.276978 0.283439 0.287770 0.283439 0.298561 0.286624 0.302158 0.286624 0.305755 0.289809 0.309353 0.289809 0.312950 0.296178 0.312950 0.302548 0.305755 0.302548 0.284173 0.299363 0.280576
0 0.321656 0.284173 0.321656 0.294964 0.328025 0.302158 0.343949 0.302158 0.350318 0.294964 0.350318 0.280576 0.347134 0.280576 0.343949 0.276978 0.334395 0.276978 0.331210 0.280576 0.328025 0.280576 0.324841 0.284173
0 0.477707 0.284173 0.474522 0.284173 0.471338 0.280576 0.468153 0.280576 0.464968 0.284173 0.461783 0.284173 0.455414 0.291367 0.455414 0.309353 0.458599 0.312950 0.468153 0.312950 0.477707 0.305755 0.477707 0.302158 0.480892 0.298561 0.480892 0.287770
0 0.531847 0.280576 0.528662 0.284173 0.528662 0.302158 0.535032 0.309353 0.541401 0.309353 0.547771 0.302158 0.547771 0.284173 0.544586 0.280576
0 0.025478 0.284173 0.019108 0.284173 0.015924 0.287770 0.012739 0.287770 0.003185 0.298561 0.003185 0.305755 0.006369 0.309353 0.019108 0.309353 0.019108 0.305755 0.022293 0.302158 0.022293 0.298561 0.028662 0.291367 0.025478 0.287770
0 0.640127 0.284173 0.633758 0.291367 0.633758 0.294964 0.630573 0.298561 0.630573 0.305755 0.633758 0.309353 0.633758 0.312950 0.636943 0.312950 0.640127 0.316547 0.643312 0.316547 0.649682 0.309353 0.649682 0.291367 0.646497 0.287770 0.643312 0.287770
0 0.159236 0.287770 0.149682 0.287770 0.146497 0.291367 0.146497 0.294964 0.143312 0.298561 0.143312 0.309353 0.149682 0.316547 0.152866 0.316547 0.159236 0.309353 0.162420 0.309353 0.162420 0.305755 0.165605 0.302158 0.165605 0.294964
0 0.378981 0.287770 0.369427 0.287770 0.363057 0.298561 0.363057 0.305755 0.356688 0.316547 0.356688 0.320144 0.363057 0.327338 0.369427 0.327338 0.372611 0.323741 0.375796 0.323741 0.375796 0.320144 0.382166 0.309353 0.382166 0.294964 0.378981 0.291367
0 0.429936 0.287770 0.426752 0.287770 0.423567 0.291367 0.417197 0.291367 0.417197 0.294964 0.414013 0.298561 0.414013 0.312950 0.417197 0.316547 0.426752 0.316547 0.436306 0.305755 0.436306 0.294964
0 0.496815 0.287770 0.487261 0.298561 0.487261 0.302158 0.490446 0.305755 0.490446 0.309353 0.506369 0.309353 0.509554 0.305755 0.509554 0.302158 0.512739 0.298561 0.512739 0.294964 0.506369 0.287770
0 0.802548 0.287770 0.799363 0.291367 0.799363 0.298561 0.805732 0.298561 0.808917 0.302158 0.812102 0.302158 0.815287 0.298561 0.815287 0.291367 0.812102 0.287770
0 0.566879 0.291367 0.560510 0.298561 0.560510 0.309353 0.557325 0.312950 0.563694 0.320144 0.573248 0.320144 0.576433 0.316547 0.576433 0.312950 0.579618 0.309353 0.579618 0.298561 0.573248 0.291367
0 0.608280 0.291367 0.605096 0.294964 0.605096 0.302158 0.601911 0.305755 0.601911 0.312950 0.598726 0.316547 0.598726 0.327338 0.605096 0.334532 0.611465 0.334532 0.614650 0.338129 0.617834 0.338129 0.624204 0.330935 0.624204 0.320144 0.617834 0.309353 0.621019 0.305755 0.621019 0.302158 0.617834 0.298561 0.617834 0.291367
0 0.280255 0.294964 0.277070 0.294964 0.270701 0.302158 0.270701 0.309353 0.267516 0.312950 0.267516 0.320144 0.270701 0.323741 0.270701 0.327338 0.273885 0.327338 0.277070 0.323741 0.280255 0.323741 0.280255 0.320144 0.283439 0.316547 0.283439 0.302158 0.280255 0.298561
0 0.063694 0.302158 0.060510 0.305755 0.060510 0.312950 0.066879 0.320144 0.076433 0.320144 0.076433 0.312950 0.079618 0.309353 0.079618 0.302158
0 0.130573 0.309353 0.127389 0.309353 0.124204 0.305755 0.121019 0.305755 0.117834 0.309353 0.114650 0.309353 0.111465 0.312950 0.111465 0.316547 0.108280 0.320144 0.108280 0.330935 0.111465 0.334532 0.117834 0.334532 0.124204 0.327338 0.127389 0.327338 0.127389 0.323741 0.130573 0.320144
0 0.815287 0.305755 0.815287 0.309353 0.812102 0.312950 0.812102 0.320144 0.818471 0.327338 0.831210 0.327338 0.834395 0.323741 0.837580 0.323741 0.837580 0.312950 0.831210 0.305755
0 0.184713 0.309353 0.181529 0.312950 0.178344 0.312950 0.178344 0.316547 0.175159 0.320144 0.175159 0.338129 0.178344 0.341727 0.181529 0.341727 0.184713 0.345324 0.191083 0.338129 0.191083 0.334532 0.194268 0.330935 0.194268 0.323741 0.191083 0.320144 0.191083 0.316547
0 0.229299 0.309353 0.226115 0.309353 0.222930 0.312950 0.222930 0.330935 0.226115 0.330935 0.229299 0.327338
0 0.152866 0.320144 0.149682 0.320144 0.146497 0.316547 0.143312 0.316547 0.136943 0.323741 0.136943 0.338129 0.149682 0.338129 0.149682 0.334532 0.152866 0.330935
0 0.500000 0.323741 0.493631 0.316547 0.490446 0.320144 0.484076 0.320144 0.480892 0.323741 0.477707 0.323741 0.477707 0.338129 0.480892 0.338129 0.484076 0.341727 0.490446 0.341727 0.496815 0.334532 0.500000 0.334532
0 0.891720 0.320144 0.882166 0.316547 0.878981 0.320144 0.875796 0.320144 0.869427 0.327338 0.869427 0.341727 0.872611 0.345324 0.872611 0.352518 0.888535 0.352518 0.888535 0.348921 0.898089 0.338129 0.894904 0.334532 0.894904 0.327338 0.891720 0.323741
0 0.694268 0.320144 0.687898 0.320144 0.684713 0.323741 0.681529 0.323741 0.681529 0.327338 0.678344 0.330935 0.678344 0.338129 0.681529 0.341727 0.684713 0.341727 0.687898 0.338129 0.691083 0.338129 0.697452 0.330935 0.697452 0.323741
0 0.331210 0.334532 0.328025 0.330935 0.318471 0.330935 0.315287 0.334532 0.312102 0.334532 0.312102 0.338129 0.308917 0.341727 0.308917 0.348921 0.312102 0.352518 0.324841 0.352518 0.328025 0.348921 0.328025 0.345324 0.331210 0.341727
0 0.378981 0.334532 0.378981 0.345324 0.382166 0.348921 0.401274 0.348921 0.401274 0.345324 0.404459 0.341727 0.404459 0.334532 0.401274 0.330935 0.382166 0.330935
0 0.550955 0.334532 0.547771 0.334532 0.544586 0.330935 0.541401 0.330935 0.538217 0.334532 0.535032 0.334532 0.535032 0.338129 0.531847 0.341727 0.531847 0.366906 0.544586 0.366906 0.554140 0.356115 0.554140 0.338129
0 0.719745 0.334532 0.710191 0.334532 0.707006 0.338129 0.703822 0.338129 0.700637 0.341727 0.700637 0.345324 0.697452 0.348921 0.697452 0.356115 0.700637 0.359712 0.700637 0.363309 0.710191 0.363309 0.713376 0.359712 0.716561 0.359712 0.719745 0.356115 0.719745 0.352518 0.722930 0.348921 0.722930 0.341727 0.719745 0.338129
0 0.044586 0.341727 0.044586 0.345324 0.041401 0.348921 0.041401 0.356115 0.047771 0.363309 0.063694 0.363309 0.066879 0.359712 0.066879 0.356115 0.070064 0.352518 0.070064 0.348921 0.066879 0.345324 0.066879 0.341727 0.063694 0.341727 0.060510 0.338129 0.050955 0.338129 0.047771 0.341727
0 0.659236 0.341727 0.659236 0.348921 0.662420 0.352518 0.668790 0.352518 0.675159 0.345324 0.678344 0.345324 0.678344 0.341727 0.675159 0.338129 0.662420 0.338129
0 0.105096 0.341727 0.089172 0.341727 0.082803 0.348921 0.082803 0.359712 0.085987 0.359712 0.089172 0.363309 0.095541 0.363309 0.105096 0.352518
0 0.512739 0.341727 0.503185 0.341727 0.493631 0.352518 0.493631 0.374101 0.496815 0.377698 0.506369 0.377698 0.509554 0.374101 0.509554 0.363309 0.512739 0.359712
0 0.818471 0.345324 0.808917 0.345324 0.799363 0.356115 0.799363 0.366906 0.802548 0.370504 0.805732 0.370504 0.808917 0.374101 0.818471 0.363309 0.818471 0.359712 0.821656 0.356115 0.821656 0.348921
0 0.850318 0.352518 0.840764 0.352518 0.837580 0.356115 0.834395 0.356115 0.831210 0.359712 0.831210 0.374101 0.834395 0.377698 0.834395 0.381295 0.837580 0.384892 0.843949 0.384892 0.853503 0.374101 0.853503 0.356115
0 0.872611 0.356115 0.872611 0.377698 0.885350 0.377698 0.891720 0.370504 0.891720 0.359712 0.888535 0.356115
0 0.006369 0.359712 0.000000 0.366906 0.000000 0.392086 0.003185 0.392086 0.006369 0.395683 0.012739 0.388489 0.012739 0.384892 0.015924 0.381295 0.015924 0.366906 0.012739 0.363309 0.009554 0.363309
0 0.121019 0.363309 0.114650 0.370504 0.114650 0.377698 0.121019 0.384892 0.133758 0.384892 0.133758 0.381295 0.136943 0.377698 0.136943 0.370504 0.133758 0.366906 0.130573 0.366906 0.127389 0.363309
0 0.343949 0.363309 0.334395 0.363309 0.331210 0.366906 0.331210 0.381295 0.334395 0.384892 0.337580 0.381295 0.340764 0.381295 0.343949 0.377698
0 0.299363 0.366906 0.296178 0.370504 0.296178 0.388489 0.302548 0.395683 0.312102 0.395683 0.315287 0.392086 0.315287 0.388489 0.318471 0.384892 0.318471 0.381295 0.315287 0.377698 0.315287 0.374101 0.308917 0.366906
0 0.162420 0.370504 0.162420 0.374101 0.159236 0.377698 0.159236 0.381295 0.156051 0.384892 0.156051 0.392086 0.159236 0.395683 0.171975 0.395683 0.175159 0.392086 0.175159 0.388489 0.181529 0.381295 0.181529 0.374101 0.178344 0.370504
0 0.219745 0.381295 0.219745 0.388489 0.229299 0.384892 0.232484 0.388489 0.235669 0.399281 0.242038 0.406475 0.248408 0.406475 0.254777 0.395683 0.254777 0.377698 0.248408 0.370504 0.235669 0.370504 0.229299 0.377698 0.222930 0.377698
0 0.429936 0.370504 0.426752 0.374101 0.423567 0.374101 0.417197 0.381295 0.417197 0.388489 0.423567 0.395683 0.429936 0.395683 0.433121 0.392086 0.433121 0.388489 0.436306 0.384892 0.436306 0.377698
0 0.458599 0.370504 0.455414 0.374101 0.452229 0.374101 0.449045 0.377698 0.449045 0.392086 0.452229 0.392086 0.455414 0.395683 0.458599 0.392086 0.461783 0.392086 0.464968 0.388489 0.464968 0.377698
0 0.601911 0.370504 0.592357 0.370504 0.589172 0.374101 0.585987 0.374101 0.582803 0.377698 0.579618 0.377698 0.579618 0.388489 0.585987 0.395683 0.589172 0.395683 0.592357 0.399281 0.595541 0.395683 0.598726 0.395683 0.605096 0.388489 0.605096 0.377698 0.601911 0.374101
0 0.678344 0.377698 0.684713 0.384892 0.697452 0.384892 0.697452 0.377698 0.694268 0.377698 0.691083 0.374101 0.681529 0.374101
0 0.270701 0.377698 0.270701 0.381295 0.267516 0.384892 0.267516 0.388489 0.270701 0.392086 0.270701 0.399281 0.273885 0.402878 0.283439 0.402878 0.286624 0.399281 0.286624 0.388489 0.283439 0.384892 0.283439 0.381295 0.280255 0.377698
0 0.770701 0.377698 0.767516 0.381295 0.767516 0.392086 0.770701 0.392086 0.773885 0.395683 0.773885 0.399281 0.777070 0.402878 0.786624 0.402878 0.789809 0.399281 0.789809 0.392086 0.780255 0.381295 0.773885 0.381295
0 0.748408 0.388489 0.742038 0.381295 0.738854 0.381295 0.735669 0.384892 0.732484 0.384892 0.719745 0.399281 0.719745 0.413669 0.732484 0.413669 0.748408 0.395683
0 0.108280 0.384892 0.098726 0.384892 0.095541 0.388489 0.095541 0.392086 0.089172 0.402878 0.089172 0.410072 0.085987 0.413669 0.092357 0.420863 0.098726 0.420863 0.101911 0.417266 0.108280 0.417266 0.117834 0.410072 0.117834 0.399281 0.108280 0.388489
0 0.662420 0.395683 0.652866 0.395683 0.646497 0.402878 0.643312 0.402878 0.643312 0.413669 0.656051 0.413669 0.659236 0.410072 0.662420 0.410072 0.662420 0.406475 0.665605 0.402878 0.662420 0.399281
0 0.350318 0.399281 0.343949 0.399281 0.340764 0.402878 0.337580 0.402878 0.331210 0.410072 0.331210 0.424460 0.334395 0.428058 0.334395 0.431655 0.343949 0.438849 0.347134 0.435252 0.350318 0.435252 0.350318 0.431655 0.353503 0.428058 0.353503 0.420863 0.356688 0.417266 0.356688 0.406475
0 0.493631 0.399281 0.480892 0.399281 0.477707 0.402878 0.474522 0.402878 0.471338 0.406475 0.461783 0.410072 0.458599 0.413669 0.458599 0.420863 0.464968 0.428058 0.468153 0.424460 0.471338 0.424460 0.477707 0.417266 0.490446 0.417266 0.493631 0.413669
0 0.840764 0.410072 0.840764 0.424460 0.843949 0.424460 0.853503 0.431655 0.866242 0.431655 0.869427 0.428058 0.872611 0.428058 0.872611 0.424460 0.878981 0.417266 0.878981 0.410072 0.872611 0.402878 0.866242 0.402878 0.863057 0.399281 0.856688 0.399281
0 0.375796 0.402878 0.369427 0.410072 0.369427 0.428058 0.372611 0.431655 0.382166 0.431655 0.391720 0.420863 0.391720 0.410072 0.385350 0.402878
0 0.429936 0.402878 0.426752 0.402878 0.423567 0.406475 0.420382 0.406475 0.410828 0.417266 0.410828 0.424460 0.417197 0.431655 0.423567 0.431655 0.433121 0.420863 0.433121 0.406475
0 0.554140 0.406475 0.550955 0.410072 0.550955 0.424460 0.560510 0.431655 0.566879 0.431655 0.570064 0.435252 0.573248 0.435252 0.579618 0.428058 0.579618 0.417266 0.576433 0.413669 0.576433 0.410072 0.566879 0.402878 0.560510 0.402878 0.557325 0.406475
0 0.754777 0.402878 0.754777 0.424460 0.761146 0.431655 0.761146 0.435252 0.767516 0.442446 0.773885 0.442446 0.777070 0.438849 0.777070 0.431655 0.773885 0.428058 0.773885 0.424460 0.770701 0.420863 0.770701 0.417266 0.767516 0.413669 0.767516 0.410072 0.764331 0.406475 0.764331 0.402878
0 0.200637 0.406475 0.184713 0.406475 0.181529 0.410072 0.178344 0.410072 0.178344 0.413669 0.175159 0.417266 0.175159 0.424460 0.181529 0.435252 0.187898 0.435252 0.191083 0.431655 0.197452 0.431655 0.203822 0.424460 0.203822 0.410072
0 0.515924 0.406475 0.515924 0.410072 0.512739 0.413669 0.512739 0.431655 0.515924 0.435252 0.528662 0.435252 0.531847 0.431655 0.531847 0.428058 0.535032 0.424460 0.535032 0.417266 0.531847 0.413669 0.531847 0.410072 0.528662 0.406475
0 0.073248 0.410072 0.070064 0.410072 0.066879 0.413669 0.063694 0.413669 0.060510 0.417266 0.057325 0.417266 0.050955 0.424460 0.050955 0.438849 0.054140 0.442446 0.066879 0.442446 0.076433 0.431655 0.076433 0.424460 0.079618 0.420863 0.079618 0.417266
0 0.019108 0.413669 0.012739 0.413669 0.006369 0.420863 0.003185 0.420863 0.003185 0.446043 0.006369 0.446043 0.015924 0.435252 0.019108 0.435252 0.019108 0.431655 0.022293 0.428058 0.019108 0.424460 0.022293 0.420863 0.022293 0.417266
0 0.286624 0.413669 0.280255 0.420863 0.280255 0.428058 0.283439 0.431655 0.283439 0.435252 0.286624 0.438849 0.299363 0.438849 0.302548 0.435252 0.302548 0.417266 0.299363 0.417266 0.296178 0.413669
0 0.261146 0.424460 0.257962 0.428058 0.251592 0.428058 0.248408 0.431655 0.245223 0.431655 0.238854 0.438849 0.238854 0.449640 0.245223 0.460432 0.264331 0.460432 0.264331 0.456835 0.270701 0.449640 0.270701 0.438849 0.267516 0.435252 0.267516 0.431655
0 0.815287 0.424460 0.808917 0.424460 0.805732 0.428058 0.802548 0.428058 0.802548 0.435252 0.799363 0.438849 0.799363 0.442446 0.802548 0.446043 0.802548 0.453237 0.812102 0.460432 0.821656 0.453237 0.821656 0.428058 0.818471 0.428058
0 0.646497 0.431655 0.630573 0.431655 0.627389 0.435252 0.627389 0.438849 0.624204 0.442446 0.624204 0.449640 0.627389 0.453237 0.627389 0.456835 0.630573 0.456835 0.633758 0.460432 0.636943 0.456835 0.640127 0.456835 0.643312 0.453237 0.646497 0.453237 0.646497 0.446043 0.649682 0.442446 0.649682 0.438849 0.646497 0.435252
0 0.111465 0.442446 0.111465 0.456835 0.121019 0.467626 0.127389 0.467626 0.130573 0.464029 0.136943 0.464029 0.140127 0.460432 0.143312 0.460432 0.149682 0.453237 0.149682 0.446043 0.140127 0.435252 0.124204 0.435252 0.117834 0.442446
0 0.200637 0.435252 0.191083 0.435252 0.187898 0.438849 0.181529 0.438849 0.181529 0.442446 0.178344 0.446043 0.178344 0.453237 0.187898 0.464029 0.191083 0.464029 0.194268 0.460432 0.197452 0.460432 0.197452 0.456835 0.200637 0.453237
0 0.592357 0.438849 0.589172 0.442446 0.589172 0.446043 0.585987 0.449640 0.585987 0.453237 0.589172 0.456835 0.589172 0.460432 0.601911 0.460432 0.605096 0.456835 0.605096 0.453237 0.608280 0.449640 0.608280 0.442446 0.605096 0.438849
0 0.652866 0.438849 0.652866 0.442446 0.649682 0.446043 0.649682 0.456835 0.652866 0.460432 0.662420 0.460432 0.665605 0.456835 0.665605 0.449640 0.668790 0.446043 0.665605 0.442446 0.665605 0.438849
0 0.687898 0.438849 0.684713 0.442446 0.684713 0.464029 0.691083 0.471223 0.703822 0.471223 0.707006 0.467626 0.707006 0.449640 0.697452 0.438849
0 0.461783 0.442446 0.455414 0.449640 0.455414 0.456835 0.461783 0.464029 0.471338 0.464029 0.474522 0.460432 0.474522 0.449640 0.471338 0.446043 0.468153 0.446043 0.464968 0.442446
0 0.369427 0.446043 0.359873 0.446043 0.350318 0.456835 0.350318 0.460432 0.356688 0.467626 0.363057 0.467626 0.366242 0.464029 0.369427 0.464029 0.369427 0.460432 0.372611 0.456835 0.372611 0.449640
0 0.407643 0.446043 0.401274 0.446043 0.401274 0.449640 0.398089 0.453237 0.398089 0.456835 0.391720 0.464029 0.398089 0.471223 0.401274 0.467626 0.404459 0.467626 0.407643 0.464029 0.410828 0.464029 0.414013 0.460432 0.414013 0.453237
0 0.506369 0.446043 0.506369 0.460432 0.512739 0.467626 0.525478 0.467626 0.525478 0.464029 0.528662 0.460432 0.528662 0.453237 0.522293 0.446043
0 0.563694 0.453237 0.554140 0.446043 0.550955 0.449640 0.547771 0.449640 0.544586 0.453237 0.544586 0.456835 0.538217 0.467626 0.538217 0.478417 0.550955 0.478417 0.554140 0.474820 0.557325 0.474820 0.563694 0.467626
0 0.742038 0.446043 0.738854 0.449640 0.738854 0.460432 0.745223 0.467626 0.748408 0.464029 0.754777 0.464029 0.757962 0.460432 0.757962 0.456835 0.754777 0.453237 0.754777 0.449640 0.751592 0.449640 0.748408 0.446043
0 0.866242 0.453237 0.859873 0.446043 0.847134 0.446043 0.843949 0.449640 0.840764 0.449640 0.834395 0.456835 0.834395 0.471223 0.837580 0.471223 0.840764 0.474820 0.843949 0.474820 0.853503 0.467626 0.859873 0.467626 0.866242 0.460432
0 0.015924 0.449640 0.009554 0.456835 0.009554 0.474820 0.012739 0.478417 0.012739 0.482014 0.025478 0.482014 0.031847 0.471223 0.031847 0.464029 0.035032 0.460432 0.035032 0.456835 0.028662 0.449640
0 0.305732 0.449640 0.292994 0.449640 0.286624 0.456835 0.286624 0.471223 0.289809 0.474820 0.299363 0.474820 0.305732 0.467626 0.305732 0.456835 0.308917 0.453237
0 0.786624 0.453237 0.783439 0.453237 0.780255 0.456835 0.777070 0.456835 0.767516 0.467626 0.767516 0.474820 0.770701 0.478417 0.770701 0.482014 0.780255 0.489209 0.783439 0.489209 0.789809 0.482014 0.789809 0.474820 0.792994 0.471223 0.792994 0.460432
0 0.089172 0.456835 0.079618 0.456835 0.076433 0.460432 0.073248 0.460432 0.073248 0.464029 0.070064 0.467626 0.070064 0.474820 0.073248 0.478417 0.073248 0.500000 0.085987 0.500000 0.095541 0.489209 0.095541 0.471223 0.092357 0.467626 0.092357 0.460432
0 0.328025 0.464029 0.318471 0.464029 0.315287 0.467626 0.315287 0.474820 0.312102 0.478417 0.312102 0.489209 0.315287 0.492806 0.315287 0.496403 0.318471 0.496403 0.321656 0.492806 0.324841 0.492806 0.324841 0.489209 0.331210 0.482014 0.331210 0.467626
0 0.044586 0.467626 0.041401 0.471223 0.041401 0.474820 0.038217 0.478417 0.038217 0.485612 0.041401 0.489209 0.041401 0.492806 0.050955 0.492806 0.054140 0.489209 0.054140 0.471223 0.050955 0.467626
0 0.493631 0.474820 0.487261 0.467626 0.484076 0.467626 0.480892 0.471223 0.477707 0.471223 0.474522 0.474820 0.471338 0.474820 0.468153 0.478417 0.468153 0.482014 0.461783 0.489209 0.461783 0.496403 0.464968 0.500000 0.477707 0.500000 0.487261 0.489209 0.490446 0.489209 0.490446 0.485612 0.493631 0.482014
0 0.585987 0.471223 0.582803 0.471223 0.579618 0.467626 0.576433 0.471223 0.570064 0.471223 0.570064 0.474820 0.566879 0.478417 0.566879 0.482014 0.563694 0.485612 0.570064 0.492806 0.579618 0.492806 0.582803 0.489209 0.582803 0.485612 0.585987 0.482014
0 0.254777 0.471223 0.254777 0.474820 0.251592 0.478417 0.251592 0.485612 0.254777 0.489209 0.254777 0.492806 0.257962 0.492806 0.261146 0.496403 0.270701 0.496403 0.277070 0.489209 0.277070 0.485612 0.273885 0.482014 0.273885 0.478417 0.267516 0.471223
0 0.210191 0.474820 0.210191 0.478417 0.207006 0.482014 0.207006 0.492806 0.210191 0.496403 0.216561 0.496403 0.219745 0.500000 0.226115 0.500000 0.229299 0.496403 0.229299 0.492806 0.232484 0.489209 0.232484 0.478417 0.229299 0.474820
0 0.404459 0.478417 0.398089 0.485612 0.398089 0.496403 0.401274 0.500000 0.401274 0.503597 0.404459 0.507194 0.414013 0.507194 0.420382 0.500000 0.420382 0.485612 0.414013 0.478417
0 0.719745 0.478417 0.710191 0.478417 0.700637 0.489209 0.700637 0.492806 0.697452 0.496403 0.697452 0.507194 0.700637 0.510791 0.713376 0.510791 0.716561 0.507194 0.716561 0.503597 0.719745 0.500000 0.719745 0.489209 0.722930 0.485612 0.722930 0.482014
0 0.866242 0.478417 0.856688 0.478417 0.853503 0.482014 0.850318 0.482014 0.847134 0.485612 0.847134 0.492806 0.850318 0.496403 0.850318 0.500000 0.853503 0.503597 0.859873 0.503597 0.863057 0.500000 0.866242 0.500000 0.866242 0.496403 0.869427 0.492806 0.869427 0.482014
0 0.162420 0.482014 0.159236 0.485612 0.159236 0.500000 0.165605 0.507194 0.165605 0.510791 0.171975 0.510791 0.175159 0.514388 0.178344 0.510791 0.181529 0.510791 0.181529 0.492806 0.178344 0.489209 0.178344 0.485612 0.175159 0.485612 0.171975 0.482014
0 0.340764 0.482014 0.340764 0.485612 0.337580 0.489209 0.337580 0.492806 0.334395 0.496403 0.334395 0.507194 0.337580 0.510791 0.347134 0.510791 0.353503 0.503597 0.353503 0.500000 0.356688 0.496403 0.356688 0.489209 0.350318 0.482014
0 0.111465 0.489209 0.111465 0.521583 0.114650 0.521583 0.117834 0.525180 0.130573 0.525180 0.130573 0.521583 0.133758 0.517986 0.133758 0.510791 0.130573 0.507194 0.130573 0.503597 0.117834 0.489209
0 0.751592 0.489209 0.742038 0.489209 0.738854 0.492806 0.735669 0.492806 0.732484 0.496403 0.732484 0.500000 0.729299 0.503597 0.729299 0.514388 0.732484 0.514388 0.735669 0.517986 0.738854 0.517986 0.742038 0.514388 0.745223 0.514388 0.745223 0.510791 0.748408 0.507194 0.751592 0.507194 0.754777 0.503597 0.754777 0.492806
0 0.292994 0.496403 0.289809 0.500000 0.286624 0.500000 0.286624 0.503597 0.283439 0.507194 0.283439 0.510791 0.286624 0.514388 0.286624 0.517986 0.289809 0.517986 0.292994 0.521583 0.299363 0.521583 0.305732 0.514388 0.305732 0.503597 0.302548 0.503597 0.299363 0.500000 0.296178 0.500000
0 0.515924 0.496403 0.512739 0.500000 0.509554 0.500000 0.509554 0.521583 0.515924 0.528777 0.525478 0.528777 0.528662 0.525180 0.528662 0.521583 0.531847 0.517986 0.531847 0.510791 0.528662 0.507194 0.528662 0.503597 0.522293 0.496403
0 0.821656 0.496403 0.815287 0.503597 0.815287 0.517986 0.818471 0.521583 0.818471 0.525180 0.834395 0.525180 0.840764 0.517986 0.840764 0.503597 0.831210 0.496403
0 0.222930 0.503597 0.222930 0.507194 0.219745 0.510791 0.219745 0.525180 0.222930 0.528777 0.238854 0.528777 0.242038 0.525180 0.242038 0.510791 0.235669 0.503597 0.232484 0.503597 0.229299 0.500000 0.226115 0.503597
0 0.073248 0.503597 0.070064 0.507194 0.070064 0.525180 0.073248 0.528777 0.073248 0.532374 0.079618 0.532374 0.085987 0.525180 0.085987 0.507194 0.082803 0.507194 0.079618 0.503597
0 0.375796 0.503597 0.375796 0.507194 0.369427 0.517986 0.369427 0.532374 0.375796 0.543165 0.385350 0.543165 0.388535 0.539568 0.388535 0.510791 0.382166 0.503597
0 0.770701 0.507194 0.767516 0.510791 0.767516 0.525180 0.770701 0.528777 0.773885 0.528777 0.777070 0.532374 0.786624 0.532374 0.792994 0.525180 0.792994 0.517986 0.783439 0.507194
0 0.875796 0.510791 0.872611 0.514388 0.872611 0.535971 0.878981 0.546763 0.885350 0.546763 0.888535 0.543165 0.888535 0.539568 0.894904 0.528777 0.894904 0.514388 0.891720 0.514388 0.888535 0.510791
0 0.566879 0.514388 0.557325 0.514388 0.547771 0.525180 0.547771 0.535971 0.554140 0.543165 0.554140 0.546763 0.560510 0.546763 0.560510 0.543165 0.563694 0.539568 0.566879 0.539568 0.573248 0.528777 0.573248 0.521583
0 0.194268 0.521583 0.191083 0.521583 0.187898 0.525180 0.187898 0.528777 0.184713 0.532374 0.184713 0.539568 0.181529 0.543165 0.181529 0.546763 0.187898 0.553957 0.191083 0.553957 0.194268 0.550360 0.197452 0.550360 0.200637 0.546763 0.200637 0.543165 0.203822 0.539568 0.203822 0.535971 0.200637 0.532374 0.200637 0.528777
