0 0.175159 0.114695 0.159236 0.100358 0.140127 0.096774 0.136943 0.100358 0.114650 0.100358 0.095541 0.107527 0.082803 0.121864 0.085987 0.132616 0.101911 0.143369 0.146497 0.143369 0.168790 0.132616 0.175159 0.125448
0 0.617834 0.157706 0.617834 0.164875 0.624204 0.168459 0.665605 0.168459 0.675159 0.161290 0.675159 0.154122 0.668790 0.146953 0.659236 0.146953 0.656051 0.143369 0.630573 0.143369 0.624204 0.146953 0.624204 0.150538
0 0.140127 0.164875 0.136943 0.164875 0.133758 0.161290 0.124204 0.161290 0.121019 0.164875 0.117834 0.164875 0.108280 0.175627 0.108280 0.179211 0.105096 0.182796 0.108280 0.186380 0.108280 0.189964 0.117834 0.189964 0.121019 0.186380 0.127389 0.186380 0.130573 0.182796 0.133758 0.182796 0.140127 0.175627
0 0.203822 0.161290 0.200637 0.164875 0.200637 0.175627 0.203822 0.179211 0.203822 0.182796 0.213376 0.189964 0.222930 0.189964 0.229299 0.182796 0.229299 0.175627 0.232484 0.172043 0.229299 0.168459 0.229299 0.164875 0.226115 0.164875 0.222930 0.161290
0 0.353503 0.200717 0.343949 0.218638 0.343949 0.236559 0.340764 0.240143 0.340764 0.250896 0.353503 0.268817 0.363057 0.272401 0.369427 0.261649 0.369427 0.250896 0.372611 0.247312 0.372611 0.218638 0.359873 0.200717
0 0.127389 0.204301 0.121019 0.215054 0.121019 0.229391 0.127389 0.236559 0.143312 0.240143 0.146497 0.243728 0.149682 0.243728 0.152866 0.247312 0.159236 0.247312 0.162420 0.250896 0.162420 0.243728 0.159236 0.240143 0.152866 0.222222 0.146497 0.215054 0.146497 0.211470 0.140127 0.204301
0 0.200637 0.211470 0.194268 0.211470 0.191083 0.207885 0.187898 0.207885 0.184713 0.211470 0.175159 0.211470 0.171975 0.215054 0.171975 0.229391 0.175159 0.232975 0.175159 0.236559 0.178344 0.236559 0.181529 0.240143 0.194268 0.240143 0.203822 0.229391 0.203822 0.215054
0 0.802548 0.229391 0.796178 0.236559 0.796178 0.250896 0.799363 0.254480 0.799363 0.258065 0.802548 0.258065 0.812102 0.265233 0.828025 0.265233 0.828025 0.250896 0.821656 0.243728 0.821656 0.240143 0.815287 0.232975 0.812102 0.232975 0.808917 0.229391
0 0.611465 0.247312 0.608280 0.247312 0.605096 0.243728 0.595541 0.243728 0.592357 0.247312 0.585987 0.247312 0.582803 0.250896 0.579618 0.250896 0.570064 0.261649 0.570064 0.265233 0.566879 0.268817 0.566879 0.279570 0.570064 0.283154 0.570064 0.286738 0.573248 0.290323 0.585987 0.290323 0.589172 0.286738 0.592357 0.286738 0.611465 0.265233
0 0.646497 0.243728 0.640127 0.250896 0.640127 0.261649 0.636943 0.265233 0.640127 0.268817 0.640127 0.272401 0.643312 0.272401 0.646497 0.275986 0.652866 0.275986 0.659236 0.268817 0.659236 0.265233 0.662420 0.261649 0.662420 0.254480 0.659236 0.250896 0.659236 0.247312 0.656051 0.247312 0.652866 0.243728
0 0.251592 0.265233 0.245223 0.265233 0.238854 0.272401 0.238854 0.275986 0.235669 0.279570 0.235669 0.301075 0.238854 0.304659 0.238854 0.308244 0.251592 0.308244 0.254777 0.304659 0.254777 0.301075 0.261146 0.290323 0.261146 0.283154 0.257962 0.279570 0.257962 0.275986
0 0.808917 0.286738 0.808917 0.297491 0.818471 0.308244 0.824841 0.308244 0.828025 0.311828 0.834395 0.311828 0.837580 0.315412 0.853503 0.315412 0.853503 0.308244 0.831210 0.286738 0.824841 0.286738 0.821656 0.283154 0.812102 0.283154
0 0.506369 0.290323 0.506369 0.301075 0.512739 0.308244 0.515924 0.308244 0.519108 0.311828 0.519108 0.315412 0.522293 0.315412 0.525478 0.311828 0.528662 0.311828 0.538217 0.304659 0.538217 0.301075 0.528662 0.290323 0.525478 0.290323 0.522293 0.286738 0.509554 0.286738
0 0.538217 0.308244 0.535032 0.311828 0.525478 0.315412 0.525478 0.318996 0.522293 0.322581 0.522293 0.344086 0.531847 0.358423 0.550955 0.358423 0.557325 0.351254 0.557325 0.344086 0.560510 0.340502 0.560510 0.329749 0.541401 0.308244
0 0.420382 0.322581 0.414013 0.329749 0.414013 0.344086 0.417197 0.347670 0.417197 0.354839 0.423567 0.369176 0.436306 0.383513 0.449045 0.383513 0.452229 0.376344 0.452229 0.354839 0.449045 0.351254 0.445860 0.336918 0.439490 0.329749 0.426752 0.322581
0 0.818471 0.329749 0.818471 0.347670 0.815287 0.351254 0.821656 0.362007 0.837580 0.365591 0.856688 0.376344 0.863057 0.372760 0.863057 0.365591 0.859873 0.358423 0.840764 0.333333 0.834395 0.329749
0 0.219745 0.340502 0.210191 0.333333 0.197452 0.333333 0.191083 0.336918 0.171975 0.358423 0.168790 0.365591 0.171975 0.383513 0.178344 0.383513 0.181529 0.379928 0.200637 0.379928 0.216561 0.362007 0.219745 0.362007
0 0.006369 0.383513 0.006369 0.401434 0.025478 0.419355 0.054140 0.422939 0.063694 0.415771 0.066879 0.387097 0.057325 0.372760 0.050955 0.372760 0.047771 0.369176 0.015924 0.372760
0 0.207006 0.408602 0.203822 0.408602 0.200637 0.405018 0.187898 0.405018 0.184713 0.408602 0.181529 0.408602 0.175159 0.415771 0.175159 0.419355 0.171975 0.422939 0.171975 0.433692 0.175159 0.437276 0.187898 0.437276 0.194268 0.430108 0.197452 0.430108 0.207006 0.419355
0 0.423567 0.415771 0.417197 0.422939 0.417197 0.426523 0.420382 0.430108 0.426752 0.448029 0.436306 0.458781 0.452229 0.458781 0.461783 0.448029 0.461783 0.433692 0.458599 0.430108 0.458599 0.422939 0.455414 0.419355 0.452229 0.419355 0.449045 0.415771 0.442675 0.415771 0.439490 0.412186 0.429936 0.412186 0.426752 0.415771
0 0.792994 0.415771 0.792994 0.419355 0.799363 0.426523 0.812102 0.426523 0.815287 0.430108 0.821656 0.430108 0.824841 0.433692 0.828025 0.433692 0.834395 0.440860 0.840764 0.440860 0.837580 0.430108 0.831210 0.422939 0.828025 0.422939 0.818471 0.415771 0.812102 0.415771 0.808917 0.412186 0.796178 0.412186
0 0.146497 0.462366 0.146497 0.473118 0.152866 0.480287 0.162420 0.480287 0.165605 0.476703 0.168790 0.476703 0.168790 0.465950 0.162420 0.458781 0.149682 0.458781
0 0.085987 0.462366 0.076433 0.473118 0.076433 0.483871 0.082803 0.494624 0.082803 0.516129 0.098726 0.526882 0.111465 0.526882 0.114650 0.523297 0.114650 0.505376 0.117834 0.501792 0.117834 0.480287 0.101911 0.462366
0 0.257962 0.462366 0.257962 0.476703 0.261146 0.480287 0.270701 0.480287 0.273885 0.476703 0.273885 0.469534 0.267516 0.462366
0 0.003185 0.487455 0.003185 0.516129 0.012739 0.516129 0.015924 0.512545 0.015924 0.508961 0.019108 0.505376 0.015924 0.501792 0.015924 0.498208 0.012739 0.494624 0.012739 0.491039 0.009554 0.491039 0.006369 0.487455
0 0.519108 0.551971 0.519108 0.566308 0.531847 0.580645 0.554140 0.580645 0.557325 0.577061 0.557325 0.562724 0.554140 0.559140 0.554140 0.555556 0.550955 0.555556 0.544586 0.548387 0.522293 0.548387
0 0.751592 0.584229 0.751592 0.591398 0.761146 0.602151 0.767516 0.605735 0.783439 0.605735 0.805732 0.594982 0.812102 0.584229 0.812102 0.573477 0.808917 0.566308 0.799363 0.559140 0.773885 0.559140 0.761146 0.566308
0 0.057325 0.598566 0.057325 0.605735 0.060510 0.609319 0.085987 0.623656 0.108280 0.623656 0.111465 0.620072 0.111465 0.609319 0.089172 0.580645 0.076433 0.580645
0 0.302548 0.627240 0.296178 0.627240 0.289809 0.634409 0.289809 0.645161 0.292994 0.648746 0.296178 0.648746 0.299363 0.652330 0.302548 0.648746 0.305732 0.648746 0.308917 0.645161 0.308917 0.634409
0 0.735669 0.645161 0.735669 0.648746 0.738854 0.652330 0.742038 0.652330 0.748408 0.659498 0.757962 0.659498 0.761146 0.663082 0.783439 0.663082 0.783439 0.652330 0.777070 0.645161 0.773885 0.645161 0.770701 0.641577 0.764331 0.641577 0.761146 0.637993 0.748408 0.637993 0.745223 0.641577 0.738854 0.641577
0 0.028662 0.688172 0.025478 0.691756 0.028662 0.713262 0.085987 0.774194 0.092357 0.788530 0.111465 0.792115 0.117834 0.784946 0.117834 0.770609 0.105096 0.738351 0.070064 0.702509 0.044586 0.688172
0 0.385350 0.698925 0.382166 0.702509 0.378981 0.702509 0.372611 0.713262 0.372611 0.734767 0.375796 0.738351 0.375796 0.741935 0.382166 0.749104 0.391720 0.749104 0.391720 0.745520 0.394904 0.741935 0.394904 0.706093
0 0.528662 0.777778 0.525478 0.781362 0.525478 0.795699 0.528662 0.802867 0.554140 0.824373 0.566879 0.824373 0.570064 0.820789 0.570064 0.806452 0.566879 0.802867 0.566879 0.795699 0.557325 0.784946 0.550955 0.781362 0.544586 0.781362 0.541401 0.777778
0 0.391720 0.817204 0.388535 0.817204 0.385350 0.820789 0.385350 0.824373 0.378981 0.831541 0.378981 0.835125 0.375796 0.838710 0.375796 0.845878 0.372611 0.849462 0.372611 0.867384 0.375796 0.870968 0.385350 0.870968 0.394904 0.860215 0.394904 0.856631 0.401274 0.845878 0.401274 0.838710 0.398089 0.835125 0.398089 0.824373
0 0.245223 0.845878 0.248408 0.849462 0.248408 0.853047 0.251592 0.853047 0.254777 0.856631 0.261146 0.856631 0.264331 0.860215 0.267516 0.856631 0.277070 0.856631 0.280255 0.853047 0.280255 0.838710 0.270701 0.831541 0.254777 0.831541 0.248408 0.838710 0.248408 0.842294
0 0.742038 0.885305 0.726115 0.885305 0.722930 0.888889 0.719745 0.888889 0.713376 0.896057 0.713376 0.899642 0.710191 0.903226 0.710191 0.913978 0.716561 0.924731 0.732484 0.924731 0.738854 0.917563 0.742038 0.917563 0.745223 0.913978 0.745223 0.910394 0.748408 0.906810 0.748408 0.896057
0 0.372611 0.913978 0.369427 0.917563 0.366242 0.917563 0.366242 0.921147 0.363057 0.924731 0.363057 0.942652 0.372611 0.953405 0.378981 0.953405 0.398089 0.939068 0.398089 0.924731 0.388535 0.917563 0.382166 0.917563 0.378981 0.913978
0 0.187898 0.946237 0.187898 0.956989 0.191083 0.960573 0.210191 0.960573 0.219745 0.953405 0.219745 0.949821 0.222930 0.946237 0.222930 0.939068 0.219745 0.935484 0.200637 0.935484 0.197452 0.939068 0.194268 0.939068
0 0.837580 0.960573 0.834395 0.964158 0.831210 0.964158 0.824841 0.971326 0.821656 0.971326 0.821656 0.974910 0.818471 0.978495 0.818471 0.985663 0.815287 0.989247 0.818471 0.992832 0.831210 0.992832 0.837580 0.985663 0.837580 0.974910 0.840764 0.971326 0.840764 0.964158
0 0.000000 0.978495 0.000000 0.992832 0.003185 0.996416 0.022293 0.996416 0.028662 0.989247 0.025478 0.985663 0.025478 0.982079 0.019108 0.974910 0.015924 0.974910 0.012739 0.971326 0.003185 0.971326 0.003185 0.974910
0 0.366242 0.985663 0.363057 0.982079 0.363057 0.978495 0.356688 0.978495 0.353503 0.974910 0.350318 0.978495 0.340764 0.978495 0.331210 0.985663 0.318471 0.985663 0.315287 0.989247 0.315287 0.992832 0.318471 0.996416 0.321656 0.996416 0.324841 0.992832 0.334395 0.992832 0.337580 0.996416 0.363057 0.996416 0.366242 0.992832
