0 0.573248 0.100358 0.566879 0.100358 0.560510 0.107527 0.560510 0.111111 0.554140 0.121864 0.554140 0.132616 0.560510 0.139785 0.563694 0.136201 0.566879 0.136201 0.579618 0.121864 0.579618 0.103943 0.576433 0.103943
0 0.404459 0.107527 0.398089 0.107527 0.394904 0.103943 0.391720 0.107527 0.385350 0.107527 0.382166 0.111111 0.378981 0.111111 0.378981 0.114695 0.375796 0.118280 0.375796 0.121864 0.378981 0.125448 0.378981 0.129032 0.382166 0.129032 0.385350 0.132616 0.394904 0.132616 0.401274 0.125448 0.404459 0.125448 0.404459 0.121864 0.407643 0.118280 0.404459 0.114695
0 0.882166 0.107527 0.869427 0.107527 0.859873 0.118280 0.859873 0.121864 0.856688 0.125448 0.859873 0.129032 0.859873 0.132616 0.863057 0.132616 0.866242 0.136201 0.869427 0.136201 0.872611 0.132616 0.878981 0.132616 0.882166 0.129032 0.885350 0.129032 0.888535 0.125448 0.888535 0.114695
0 0.541401 0.118280 0.535032 0.111111 0.528662 0.111111 0.525478 0.114695 0.522293 0.114695 0.519108 0.118280 0.519108 0.121864 0.515924 0.125448 0.515924 0.129032 0.512739 0.132616 0.512739 0.136201 0.515924 0.139785 0.525478 0.139785 0.528662 0.136201 0.535032 0.136201 0.541401 0.125448
0 0.735669 0.118280 0.735669 0.132616 0.738854 0.136201 0.742038 0.136201 0.751592 0.143369 0.757962 0.143369 0.761146 0.139785 0.764331 0.139785 0.764331 0.136201 0.767516 0.132616 0.767516 0.121864 0.764331 0.118280 0.761146 0.118280 0.757962 0.114695 0.748408 0.114695 0.745223 0.111111
0 0.315287 0.114695 0.312102 0.118280 0.308917 0.118280 0.305732 0.121864 0.305732 0.125448 0.302548 0.129032 0.302548 0.139785 0.305732 0.139785 0.308917 0.143369 0.312102 0.139785 0.318471 0.139785 0.321656 0.136201 0.321656 0.121864
0 0.433121 0.118280 0.433121 0.121864 0.429936 0.125448 0.429936 0.139785 0.436306 0.146953 0.436306 0.150538 0.439490 0.150538 0.442675 0.154122 0.449045 0.146953 0.449045 0.125448 0.442675 0.118280
0 0.805732 0.118280 0.799363 0.118280 0.786624 0.132616 0.786624 0.143369 0.789809 0.143369 0.792994 0.146953 0.796178 0.146953 0.799363 0.143369 0.808917 0.143369 0.808917 0.139785 0.812102 0.136201 0.812102 0.125448
0 0.700637 0.132616 0.700637 0.139785 0.707006 0.146953 0.710191 0.146953 0.713376 0.150538 0.726115 0.150538 0.729299 0.146953 0.729299 0.136201 0.722930 0.129032 0.719745 0.129032 0.716561 0.125448 0.710191 0.125448 0.707006 0.129032 0.703822 0.129032
0 0.477707 0.129032 0.464968 0.129032 0.464968 0.132616 0.461783 0.136201 0.461783 0.150538 0.464968 0.154122 0.471338 0.154122 0.474522 0.150538 0.477707 0.150538 0.484076 0.143369 0.484076 0.136201
0 0.617834 0.132616 0.611465 0.143369 0.611465 0.154122 0.617834 0.161290 0.627389 0.161290 0.630573 0.157706 0.633758 0.157706 0.640127 0.146953 0.640127 0.139785 0.633758 0.132616
0 0.101911 0.136201 0.095541 0.136201 0.089172 0.143369 0.089172 0.146953 0.085987 0.150538 0.085987 0.164875 0.089172 0.168459 0.095541 0.168459 0.105096 0.157706 0.105096 0.154122 0.108280 0.150538 0.108280 0.143369
0 0.187898 0.136201 0.181529 0.143369 0.181529 0.150538 0.191083 0.161290 0.194268 0.161290 0.197452 0.164875 0.203822 0.164875 0.210191 0.157706 0.210191 0.154122 0.207006 0.150538 0.207006 0.146953 0.203822 0.143369 0.203822 0.139785 0.200637 0.139785 0.197452 0.136201
0 0.831210 0.136201 0.831210 0.139785 0.824841 0.150538 0.824841 0.154122 0.828025 0.157706 0.828025 0.164875 0.831210 0.168459 0.831210 0.172043 0.843949 0.172043 0.843949 0.168459 0.847134 0.164875 0.847134 0.146953 0.840764 0.136201
0 0.146497 0.139785 0.140127 0.139785 0.136943 0.143369 0.136943 0.146953 0.130573 0.154122 0.130573 0.164875 0.133758 0.168459 0.146497 0.168459 0.146497 0.164875 0.149682 0.161290 0.149682 0.143369
0 0.369427 0.143369 0.366242 0.146953 0.366242 0.161290 0.372611 0.168459 0.382166 0.168459 0.385350 0.164875 0.385350 0.146953 0.382166 0.146953 0.378981 0.143369
0 0.509554 0.146953 0.509554 0.154122 0.515924 0.161290 0.528662 0.161290 0.535032 0.154122 0.531847 0.150538 0.515924 0.150538 0.512739 0.146953 0.512739 0.143369
0 0.242038 0.146953 0.242038 0.150538 0.238854 0.154122 0.238854 0.157706 0.242038 0.161290 0.242038 0.164875 0.245223 0.164875 0.248408 0.168459 0.254777 0.168459 0.257962 0.164875 0.257962 0.157706 0.254777 0.154122 0.254777 0.150538 0.251592 0.146953
0 0.404459 0.146953 0.404459 0.150538 0.401274 0.154122 0.401274 0.172043 0.404459 0.175627 0.414013 0.175627 0.417197 0.172043 0.420382 0.172043 0.423567 0.168459 0.423567 0.154122 0.417197 0.146953
0 0.582803 0.146953 0.576433 0.146953 0.576433 0.150538 0.573248 0.154122 0.573248 0.157706 0.570064 0.161290 0.570064 0.168459 0.576433 0.168459 0.579618 0.164875 0.579618 0.161290 0.582803 0.157706
0 0.671975 0.146953 0.665605 0.146953 0.659236 0.154122 0.656051 0.154122 0.656051 0.157706 0.652866 0.161290 0.652866 0.168459 0.656051 0.172043 0.665605 0.172043 0.668790 0.168459 0.671975 0.168459 0.675159 0.164875 0.675159 0.150538
0 0.003185 0.150538 0.000000 0.154122 0.000000 0.168459 0.003185 0.172043 0.003185 0.175627 0.006369 0.175627 0.012739 0.168459 0.012739 0.157706 0.006369 0.150538
0 0.770701 0.150538 0.764331 0.150538 0.761146 0.154122 0.757962 0.154122 0.754777 0.157706 0.754777 0.161290 0.751592 0.164875 0.751592 0.172043 0.757962 0.179211 0.764331 0.179211 0.767516 0.175627 0.770701 0.175627 0.777070 0.168459 0.777070 0.157706
0 0.305732 0.154122 0.302548 0.154122 0.299363 0.157706 0.296178 0.157706 0.289809 0.164875 0.289809 0.179211 0.296178 0.186380 0.299363 0.186380 0.302548 0.189964 0.305732 0.186380 0.308917 0.186380 0.315287 0.175627 0.315287 0.161290
0 0.694268 0.157706 0.691083 0.157706 0.687898 0.161290 0.684713 0.161290 0.684713 0.164875 0.681529 0.168459 0.681529 0.175627 0.684713 0.179211 0.684713 0.182796 0.694268 0.182796 0.700637 0.175627 0.700637 0.164875
0 0.487261 0.161290 0.480892 0.168459 0.480892 0.186380 0.484076 0.189964 0.484076 0.193548 0.490446 0.200717 0.496815 0.200717 0.503185 0.193548 0.503185 0.179211 0.500000 0.175627 0.500000 0.168459 0.493631 0.161290
0 0.219745 0.168459 0.210191 0.179211 0.210191 0.186380 0.213376 0.189964 0.213376 0.193548 0.216561 0.193548 0.219745 0.197133 0.229299 0.197133 0.235669 0.189964 0.235669 0.175627 0.229299 0.168459
0 0.439490 0.168459 0.433121 0.175627 0.433121 0.179211 0.429936 0.182796 0.429936 0.211470 0.433121 0.215054 0.439490 0.215054 0.439490 0.207885 0.442675 0.204301 0.442675 0.193548 0.445860 0.189964 0.445860 0.175627
0 0.477707 0.172043 0.474522 0.172043 0.471338 0.168459 0.468153 0.168459 0.461783 0.175627 0.461783 0.182796 0.464968 0.186380 0.464968 0.189964 0.471338 0.189964 0.477707 0.182796
0 0.035032 0.172043 0.035032 0.175627 0.031847 0.179211 0.031847 0.182796 0.028662 0.186380 0.028662 0.189964 0.031847 0.193548 0.031847 0.197133 0.035032 0.200717 0.038217 0.200717 0.041401 0.204301 0.044586 0.204301 0.047771 0.200717 0.047771 0.197133 0.050955 0.193548 0.050955 0.179211 0.044586 0.172043
0 0.872611 0.172043 0.872611 0.175627 0.869427 0.179211 0.872611 0.182796 0.872611 0.189964 0.875796 0.193548 0.878981 0.193548 0.882166 0.197133 0.888535 0.197133 0.888535 0.193548 0.891720 0.189964 0.891720 0.182796 0.888535 0.179211 0.888535 0.175627 0.885350 0.172043
0 0.117834 0.182796 0.111465 0.182796 0.101911 0.193548 0.101911 0.211470 0.105096 0.207885 0.108280 0.207885 0.111465 0.204301 0.114650 0.204301 0.117834 0.200717
0 0.528662 0.182796 0.519108 0.193548 0.519108 0.215054 0.522293 0.215054 0.525478 0.218638 0.538217 0.218638 0.547771 0.211470 0.547771 0.193548 0.541401 0.186380 0.538217 0.186380 0.535032 0.182796
0 0.378981 0.186380 0.372611 0.186380 0.369427 0.189964 0.366242 0.189964 0.356688 0.207885 0.356688 0.215054 0.359873 0.218638 0.363057 0.229391 0.366242 0.229391 0.369427 0.232975 0.372611 0.232975 0.378981 0.225806 0.378981 0.218638 0.385350 0.207885 0.385350 0.189964 0.382166 0.189964
0 0.585987 0.186380 0.582803 0.189964 0.582803 0.211470 0.585987 0.215054 0.595541 0.215054 0.601911 0.207885 0.601911 0.193548 0.595541 0.186380
0 0.808917 0.186380 0.805732 0.189964 0.805732 0.200717 0.808917 0.204301 0.808917 0.207885 0.812102 0.211470 0.821656 0.211470 0.821656 0.207885 0.824841 0.204301 0.824841 0.189964 0.821656 0.186380
0 0.003185 0.189964 0.003185 0.193548 0.000000 0.197133 0.000000 0.200717 0.003185 0.204301 0.000000 0.207885 0.000000 0.215054 0.003185 0.218638 0.006369 0.218638 0.009554 0.215054 0.009554 0.211470 0.012739 0.207885 0.012739 0.200717 0.009554 0.197133 0.009554 0.193548 0.006369 0.189964
0 0.082803 0.189964 0.079618 0.193548 0.079618 0.211470 0.082803 0.211470 0.085987 0.215054 0.095541 0.215054 0.098726 0.211470 0.098726 0.197133 0.095541 0.197133 0.089172 0.189964
0 0.656051 0.193548 0.656051 0.197133 0.659236 0.200717 0.659236 0.207885 0.662420 0.207885 0.665605 0.211470 0.687898 0.211470 0.691083 0.207885 0.691083 0.204301 0.684713 0.197133 0.681529 0.197133 0.671975 0.189964 0.659236 0.189964
0 0.267516 0.193548 0.261146 0.200717 0.261146 0.207885 0.264331 0.211470 0.264331 0.215054 0.267516 0.218638 0.280255 0.218638 0.283439 0.215054 0.283439 0.204301 0.280255 0.200717 0.280255 0.197133 0.277070 0.197133 0.273885 0.193548
0 0.837580 0.197133 0.837580 0.207885 0.843949 0.215054 0.850318 0.215054 0.853503 0.211470 0.856688 0.211470 0.856688 0.197133 0.853503 0.197133 0.850318 0.193548 0.840764 0.193548
0 0.315287 0.197133 0.302548 0.197133 0.299363 0.200717 0.302548 0.204301 0.299363 0.207885 0.299363 0.211470 0.308917 0.211470 0.308917 0.207885 0.312102 0.204301 0.315287 0.204301
0 0.621019 0.197133 0.611465 0.207885 0.611465 0.215054 0.608280 0.218638 0.608280 0.222222 0.611465 0.225806 0.611465 0.229391 0.617834 0.229391 0.624204 0.222222 0.624204 0.218638 0.627389 0.215054 0.627389 0.204301
0 0.187898 0.200717 0.181529 0.200717 0.175159 0.207885 0.175159 0.211470 0.171975 0.215054 0.171975 0.222222 0.175159 0.225806 0.175159 0.229391 0.181529 0.229391 0.184713 0.232975 0.187898 0.229391 0.191083 0.229391 0.197452 0.222222 0.197452 0.211470
0 0.340764 0.204301 0.334395 0.204301 0.328025 0.211470 0.328025 0.218638 0.324841 0.222222 0.324841 0.225806 0.328025 0.229391 0.328025 0.232975 0.331210 0.232975 0.334395 0.236559 0.337580 0.236559 0.343949 0.229391 0.343949 0.222222 0.347134 0.218638 0.347134 0.215054 0.343949 0.211470 0.343949 0.207885
0 0.057325 0.211470 0.050955 0.211470 0.047771 0.207885 0.041401 0.215054 0.038217 0.215054 0.031847 0.222222 0.031847 0.232975 0.035032 0.236559 0.035032 0.240143 0.038217 0.240143 0.041401 0.243728 0.044586 0.243728 0.057325 0.229391 0.057325 0.225806 0.060510 0.222222 0.060510 0.215054
0 0.719745 0.207885 0.716561 0.207885 0.707006 0.218638 0.707006 0.225806 0.703822 0.229391 0.707006 0.232975 0.707006 0.240143 0.710191 0.243728 0.719745 0.243728 0.722930 0.240143 0.726115 0.240143 0.726115 0.236559 0.729299 0.232975 0.729299 0.215054
0 0.786624 0.207885 0.780255 0.207885 0.773885 0.215054 0.773885 0.232975 0.770701 0.236559 0.770701 0.243728 0.773885 0.247312 0.786624 0.247312 0.796178 0.236559 0.796178 0.232975 0.799363 0.229391 0.799363 0.222222 0.796178 0.218638 0.796178 0.215054
0 0.124204 0.218638 0.117834 0.218638 0.114650 0.222222 0.111465 0.222222 0.111465 0.225806 0.101911 0.236559 0.101911 0.243728 0.108280 0.250896 0.117834 0.250896 0.124204 0.243728 0.124204 0.240143 0.127389 0.236559 0.127389 0.222222
0 0.452229 0.218638 0.445860 0.225806 0.445860 0.229391 0.442675 0.232975 0.442675 0.236559 0.445860 0.240143 0.445860 0.247312 0.449045 0.250896 0.452229 0.250896 0.455414 0.254480 0.458599 0.254480 0.458599 0.250896 0.461783 0.247312 0.461783 0.240143 0.464968 0.236559 0.464968 0.232975 0.461783 0.229391 0.461783 0.225806 0.455414 0.218638
0 0.490446 0.218638 0.487261 0.218638 0.484076 0.222222 0.480892 0.222222 0.480892 0.225806 0.477707 0.229391 0.477707 0.247312 0.480892 0.250896 0.480892 0.254480 0.493631 0.254480 0.493631 0.250896 0.500000 0.240143 0.500000 0.229391 0.496815 0.225806 0.496815 0.222222 0.493631 0.222222
0 0.394904 0.222222 0.391720 0.225806 0.391720 0.247312 0.394904 0.250896 0.398089 0.250896 0.401274 0.254480 0.404459 0.254480 0.410828 0.247312 0.410828 0.232975 0.407643 0.229391 0.407643 0.225806 0.404459 0.222222
0 0.869427 0.222222 0.863057 0.222222 0.859873 0.225806 0.856688 0.225806 0.850318 0.232975 0.850318 0.250896 0.853503 0.254480 0.859873 0.254480 0.863057 0.250896 0.866242 0.250896 0.869427 0.247312 0.869427 0.243728 0.872611 0.240143 0.872611 0.225806
0 0.245223 0.225806 0.245223 0.229391 0.242038 0.232975 0.242038 0.240143 0.245223 0.243728 0.245223 0.247312 0.248408 0.247312 0.254777 0.254480 0.267516 0.254480 0.267516 0.250896 0.270701 0.247312 0.270701 0.240143 0.261146 0.229391 0.257962 0.229391 0.254777 0.225806
0 0.576433 0.225806 0.573248 0.229391 0.573248 0.243728 0.576433 0.247312 0.576433 0.250896 0.579618 0.250896 0.582803 0.254480 0.585987 0.254480 0.589172 0.250896 0.592357 0.250896 0.595541 0.247312 0.595541 0.232975 0.589172 0.225806
0 0.818471 0.225806 0.815287 0.229391 0.815287 0.250896 0.818471 0.250896 0.821656 0.254480 0.828025 0.254480 0.834395 0.247312 0.834395 0.243728 0.837580 0.240143 0.837580 0.236559 0.834395 0.232975 0.834395 0.229391 0.831210 0.225806
0 0.665605 0.232975 0.665605 0.236559 0.662420 0.240143 0.665605 0.243728 0.665605 0.247312 0.671975 0.254480 0.675159 0.254480 0.678344 0.258065 0.687898 0.258065 0.691083 0.254480 0.691083 0.240143 0.684713 0.229391 0.671975 0.229391 0.668790 0.232975
0 0.146497 0.236559 0.140127 0.236559 0.136943 0.240143 0.136943 0.243728 0.130573 0.250896 0.127389 0.250896 0.127389 0.261649 0.133758 0.261649 0.136943 0.258065 0.140127 0.258065 0.146497 0.250896
0 0.302548 0.240143 0.302548 0.250896 0.305732 0.250896 0.308917 0.254480 0.312102 0.254480 0.315287 0.250896 0.318471 0.250896 0.321656 0.247312 0.321656 0.236559 0.305732 0.236559
0 0.003185 0.254480 0.003185 0.279570 0.006369 0.279570 0.006369 0.272401 0.009554 0.268817 0.009554 0.261649 0.006369 0.258065 0.006369 0.254480
0 0.076433 0.254480 0.066879 0.254480 0.057325 0.265233 0.057325 0.279570 0.066879 0.279570 0.076433 0.268817
0 0.528662 0.261649 0.528662 0.272401 0.535032 0.279570 0.547771 0.279570 0.550955 0.275986 0.554140 0.275986 0.557325 0.272401 0.557325 0.261649 0.554140 0.258065 0.550955 0.258065 0.547771 0.254480 0.538217 0.254480 0.535032 0.258065 0.531847 0.258065
0 0.617834 0.254480 0.614650 0.258065 0.608280 0.258065 0.601911 0.268817 0.601911 0.275986 0.608280 0.283154 0.611465 0.283154 0.614650 0.286738 0.617834 0.286738 0.627389 0.275986 0.627389 0.272401 0.630573 0.268817 0.627389 0.265233 0.627389 0.261649
0 0.796178 0.254480 0.792994 0.254480 0.789809 0.258065 0.789809 0.261649 0.786624 0.265233 0.786624 0.275986 0.789809 0.279570 0.796178 0.279570 0.802548 0.272401 0.802548 0.261649
0 0.340764 0.258065 0.331210 0.258065 0.328025 0.261649 0.324841 0.261649 0.321656 0.265233 0.321656 0.268817 0.318471 0.272401 0.318471 0.275986 0.324841 0.283154 0.328025 0.283154 0.331210 0.279570 0.337580 0.279570 0.337580 0.275986 0.340764 0.272401 0.340764 0.268817 0.343949 0.265233 0.343949 0.261649
0 0.417197 0.258065 0.417197 0.261649 0.414013 0.265233 0.414013 0.268817 0.410828 0.272401 0.417197 0.279570 0.420382 0.279570 0.423567 0.275986 0.423567 0.261649 0.420382 0.258065
0 0.458599 0.261649 0.458599 0.265233 0.455414 0.268817 0.455414 0.279570 0.458599 0.283154 0.468153 0.283154 0.471338 0.279570 0.471338 0.275986 0.474522 0.272401 0.471338 0.268817 0.471338 0.265233 0.468153 0.261649
0 0.098726 0.265233 0.085987 0.265233 0.079618 0.272401 0.079618 0.275986 0.076433 0.279570 0.076433 0.286738 0.073248 0.290323 0.073248 0.297491 0.082803 0.301075 0.085987 0.297491 0.092357 0.297491 0.101911 0.290323 0.101911 0.272401 0.098726 0.268817
0 0.257962 0.265233 0.251592 0.265233 0.248408 0.268817 0.248408 0.272401 0.245223 0.275986 0.248408 0.279570 0.248408 0.286738 0.254777 0.286738 0.264331 0.275986 0.264331 0.272401
0 0.283439 0.265233 0.277070 0.272401 0.277070 0.283154 0.286624 0.293907 0.299363 0.293907 0.302548 0.290323 0.302548 0.286738 0.305732 0.283154 0.305732 0.279570 0.296178 0.268817 0.292994 0.268817 0.289809 0.265233
0 0.363057 0.265233 0.353503 0.275986 0.353503 0.290323 0.359873 0.297491 0.372611 0.297491 0.372611 0.293907 0.378981 0.283154 0.378981 0.275986 0.375796 0.272401 0.375796 0.268817 0.372611 0.268817 0.369427 0.265233
0 0.856688 0.268817 0.853503 0.272401 0.853503 0.286738 0.856688 0.290323 0.856688 0.293907 0.859873 0.297491 0.866242 0.297491 0.872611 0.290323 0.872611 0.272401 0.869427 0.268817
0 0.831210 0.275986 0.824841 0.275986 0.821656 0.272401 0.815287 0.279570 0.815287 0.286738 0.812102 0.290323 0.812102 0.293907 0.818471 0.301075 0.821656 0.301075 0.828025 0.293907 0.828025 0.290323 0.831210 0.286738
0 0.703822 0.275986 0.703822 0.297491 0.707006 0.301075 0.710191 0.301075 0.713376 0.304659 0.716561 0.304659 0.719745 0.301075 0.726115 0.301075 0.729299 0.297491 0.729299 0.286738 0.719745 0.275986
0 0.127389 0.283154 0.124204 0.286738 0.121019 0.286738 0.121019 0.290323 0.117834 0.293907 0.117834 0.304659 0.121019 0.308244 0.121019 0.311828 0.124204 0.315412 0.127389 0.315412 0.130573 0.318996 0.140127 0.308244 0.140127 0.297491 0.136943 0.293907 0.136943 0.290323 0.133758 0.286738 0.130573 0.286738
0 0.187898 0.286738 0.184713 0.286738 0.181529 0.283154 0.178344 0.286738 0.175159 0.286738 0.175159 0.290323 0.171975 0.293907 0.175159 0.297491 0.175159 0.301075 0.184713 0.301075 0.187898 0.297491
0 0.222930 0.283154 0.219745 0.283154 0.216561 0.286738 0.213376 0.286738 0.210191 0.290323 0.210191 0.304659 0.213376 0.308244 0.222930 0.308244 0.226115 0.304659 0.226115 0.301075 0.229299 0.297491 0.229299 0.290323
0 0.391720 0.286738 0.388535 0.290323 0.388535 0.293907 0.385350 0.297491 0.385350 0.304659 0.388535 0.308244 0.401274 0.308244 0.407643 0.301075 0.407643 0.293907 0.401274 0.286738
0 0.554140 0.293907 0.550955 0.301075 0.550955 0.326165 0.554140 0.329749 0.554140 0.336918 0.560510 0.344086 0.560510 0.347670 0.566879 0.347670 0.576433 0.354839 0.585987 0.354839 0.589172 0.351254 0.589172 0.322581 0.585987 0.315412 0.573248 0.301075 0.570064 0.293907 0.563694 0.293907 0.560510 0.290323
0 0.671975 0.290323 0.662420 0.301075 0.662420 0.308244 0.668790 0.315412 0.684713 0.315412 0.684713 0.311828 0.687898 0.308244 0.687898 0.297491 0.684713 0.293907 0.684713 0.290323
0 0.796178 0.293907 0.789809 0.293907 0.786624 0.297491 0.786624 0.301075 0.783439 0.304659 0.783439 0.318996 0.796178 0.318996 0.799363 0.315412 0.799363 0.311828 0.802548 0.308244 0.802548 0.304659 0.799363 0.301075 0.799363 0.297491
0 0.254777 0.297491 0.251592 0.301075 0.251592 0.308244 0.248408 0.311828 0.248408 0.315412 0.251592 0.318996 0.251592 0.322581 0.254777 0.326165 0.261146 0.326165 0.264331 0.322581 0.267516 0.322581 0.270701 0.318996 0.270701 0.315412 0.273885 0.311828 0.273885 0.308244 0.264331 0.297491
0 0.761146 0.297491 0.754777 0.297491 0.748408 0.304659 0.745223 0.304659 0.745223 0.322581 0.748408 0.318996 0.751592 0.318996 0.754777 0.315412 0.754777 0.311828 0.761146 0.304659
0 0.331210 0.301075 0.328025 0.304659 0.324841 0.304659 0.321656 0.308244 0.321656 0.329749 0.324841 0.333333 0.334395 0.333333 0.334395 0.329749 0.337580 0.326165 0.337580 0.322581 0.340764 0.318996 0.340764 0.308244 0.337580 0.304659 0.334395 0.304659
0 0.474522 0.311828 0.474522 0.318996 0.477707 0.322581 0.493631 0.322581 0.496815 0.318996 0.496815 0.311828 0.493631 0.308244 0.493631 0.304659 0.480892 0.304659
0 0.089172 0.311828 0.082803 0.318996 0.082803 0.333333 0.085987 0.336918 0.085987 0.340502 0.095541 0.347670 0.101911 0.347670 0.105096 0.344086 0.108280 0.344086 0.108280 0.340502 0.111465 0.336918 0.111465 0.318996 0.101911 0.311828
0 0.824841 0.311828 0.821656 0.311828 0.818471 0.315412 0.815287 0.315412 0.812102 0.318996 0.812102 0.333333 0.818471 0.340502 0.824841 0.340502 0.831210 0.333333 0.831210 0.318996
0 0.863057 0.311828 0.859873 0.311828 0.856688 0.315412 0.853503 0.315412 0.847134 0.322581 0.847134 0.329749 0.843949 0.333333 0.843949 0.340502 0.847134 0.344086 0.856688 0.344086 0.869427 0.329749 0.869427 0.318996
0 0.710191 0.315412 0.707006 0.318996 0.707006 0.336918 0.713376 0.344086 0.722930 0.344086 0.729299 0.336918 0.729299 0.326165 0.726115 0.322581 0.726115 0.318996 0.722930 0.315412
0 0.611465 0.318996 0.605096 0.318996 0.601911 0.322581 0.601911 0.354839 0.608280 0.362007 0.611465 0.358423 0.614650 0.358423 0.614650 0.354839 0.617834 0.351254 0.617834 0.347670 0.624204 0.336918 0.624204 0.326165 0.621019 0.322581 0.614650 0.322581
0 0.057325 0.322581 0.054140 0.326165 0.054140 0.340502 0.060510 0.347670 0.066879 0.347670 0.070064 0.344086 0.070064 0.329749 0.063694 0.322581
0 0.292994 0.322581 0.286624 0.322581 0.277070 0.333333 0.277070 0.351254 0.280255 0.354839 0.289809 0.354839 0.296178 0.347670 0.296178 0.326165
0 0.528662 0.322581 0.522293 0.322581 0.509554 0.336918 0.509554 0.351254 0.519108 0.358423 0.522293 0.358423 0.525478 0.354839 0.528662 0.354839 0.528662 0.351254 0.531847 0.347670 0.531847 0.326165
0 0.646497 0.326165 0.643312 0.326165 0.636943 0.333333 0.636943 0.340502 0.640127 0.344086 0.640127 0.351254 0.636943 0.354839 0.649682 0.354839 0.652866 0.351254 0.652866 0.333333
0 0.127389 0.333333 0.127389 0.336918 0.124204 0.340502 0.124204 0.344086 0.130573 0.351254 0.140127 0.351254 0.146497 0.344086 0.146497 0.333333 0.143312 0.329749 0.133758 0.329749 0.130573 0.333333
0 0.398089 0.344086 0.398089 0.354839 0.401274 0.358423 0.407643 0.358423 0.410828 0.362007 0.429936 0.362007 0.433121 0.358423 0.433121 0.344086 0.429936 0.340502 0.426752 0.340502 0.417197 0.333333 0.407643 0.333333
0 0.780255 0.333333 0.777070 0.336918 0.777070 0.354839 0.783439 0.362007 0.792994 0.362007 0.796178 0.358423 0.799363 0.358423 0.799363 0.347670 0.786624 0.333333
0 0.022293 0.336918 0.019108 0.340502 0.019108 0.354839 0.022293 0.358423 0.025478 0.358423 0.028662 0.362007 0.031847 0.362007 0.038217 0.354839 0.038217 0.351254 0.041401 0.347670 0.038217 0.344086 0.038217 0.340502 0.035032 0.336918
0 0.378981 0.340502 0.372611 0.340502 0.369427 0.344086 0.366242 0.344086 0.359873 0.351254 0.359873 0.369176 0.363057 0.372760 0.372611 0.372760 0.378981 0.365591 0.378981 0.358423 0.382166 0.354839 0.382166 0.344086
0 0.464968 0.340502 0.458599 0.347670 0.458599 0.358423 0.468153 0.369176 0.484076 0.369176 0.484076 0.365591 0.487261 0.362007 0.487261 0.358423 0.484076 0.354839 0.484076 0.351254 0.474522 0.340502
0 0.149682 0.344086 0.140127 0.354839 0.140127 0.362007 0.143312 0.365591 0.143312 0.369176 0.152866 0.379928 0.162420 0.379928 0.168790 0.372760 0.168790 0.358423 0.165605 0.354839 0.165605 0.351254 0.159236 0.344086
0 0.251592 0.344086 0.248408 0.344086 0.238854 0.354839 0.238854 0.358423 0.235669 0.362007 0.235669 0.379928 0.238854 0.379928 0.242038 0.383513 0.248408 0.383513 0.261146 0.369176 0.261146 0.351254
0 0.684713 0.351254 0.681529 0.354839 0.681529 0.369176 0.687898 0.376344 0.697452 0.376344 0.700637 0.372760 0.700637 0.369176 0.703822 0.365591 0.700637 0.362007 0.700637 0.358423 0.694268 0.351254
0 0.200637 0.354839 0.200637 0.358423 0.197452 0.362007 0.197452 0.369176 0.194268 0.372760 0.194268 0.376344 0.203822 0.387097 0.210191 0.387097 0.219745 0.379928 0.219745 0.362007 0.210191 0.354839
0 0.321656 0.358423 0.321656 0.369176 0.328025 0.376344 0.337580 0.376344 0.337580 0.358423 0.334395 0.358423 0.331210 0.354839 0.328025 0.354839 0.324841 0.358423
0 0.636943 0.358423 0.636943 0.376344 0.646497 0.387097 0.662420 0.387097 0.662420 0.365591 0.652866 0.354839 0.649682 0.358423
0 0.073248 0.358423 0.070064 0.362007 0.070064 0.387097 0.076433 0.394265 0.085987 0.394265 0.092357 0.387097 0.092357 0.379928 0.089172 0.376344 0.089172 0.369176 0.082803 0.362007 0.076433 0.362007
0 0.856688 0.358423 0.850318 0.365591 0.850318 0.372760 0.859873 0.383513 0.866242 0.383513 0.872611 0.376344 0.872611 0.362007 0.869427 0.358423
0 0.031847 0.365591 0.031847 0.369176 0.028662 0.372760 0.028662 0.387097 0.031847 0.390681 0.031847 0.394265 0.041401 0.394265 0.044586 0.390681 0.047771 0.390681 0.047771 0.387097 0.050955 0.383513 0.050955 0.372760 0.044586 0.365591
0 0.302548 0.365591 0.292994 0.376344 0.292994 0.383513 0.296178 0.387097 0.296178 0.390681 0.305732 0.401434 0.308917 0.401434 0.312102 0.405018 0.315287 0.401434 0.315287 0.383513 0.312102 0.379928 0.312102 0.372760 0.305732 0.365591
0 0.442675 0.372760 0.436306 0.372760 0.433121 0.376344 0.433121 0.379928 0.429936 0.383513 0.429936 0.394265 0.433121 0.397849 0.439490 0.397849 0.445860 0.390681 0.445860 0.376344
0 0.515924 0.372760 0.515924 0.387097 0.519108 0.387097 0.522293 0.390681 0.528662 0.390681 0.535032 0.383513 0.535032 0.379928 0.528662 0.372760
0 0.557325 0.372760 0.554140 0.376344 0.554140 0.383513 0.550955 0.387097 0.550955 0.394265 0.554140 0.397849 0.566879 0.397849 0.573248 0.390681 0.573248 0.376344 0.570064 0.372760
0 0.493631 0.376344 0.490446 0.379928 0.487261 0.379928 0.484076 0.383513 0.484076 0.397849 0.487261 0.401434 0.500000 0.401434 0.500000 0.397849 0.503185 0.394265 0.503185 0.390681 0.500000 0.387097 0.500000 0.383513
0 0.595541 0.376344 0.592357 0.379928 0.592357 0.390681 0.595541 0.394265 0.595541 0.401434 0.598726 0.405018 0.598726 0.408602 0.605096 0.415771 0.611465 0.415771 0.614650 0.412186 0.614650 0.405018 0.617834 0.401434 0.617834 0.397849 0.621019 0.394265 0.624204 0.383513 0.617834 0.376344
0 0.815287 0.376344 0.812102 0.379928 0.808917 0.379928 0.805732 0.383513 0.802548 0.383513 0.802548 0.397849 0.805732 0.401434 0.815287 0.401434 0.818471 0.397849 0.818471 0.394265 0.821656 0.390681 0.821656 0.383513
0 0.697452 0.379928 0.694268 0.383513 0.694268 0.387097 0.691083 0.390681 0.691083 0.401434 0.694268 0.405018 0.703822 0.405018 0.707006 0.401434 0.707006 0.397849 0.710191 0.394265 0.710191 0.387097 0.703822 0.379928
0 0.729299 0.383513 0.729299 0.387097 0.726115 0.390681 0.726115 0.401434 0.729299 0.405018 0.745223 0.405018 0.745223 0.397849 0.748408 0.394265 0.748408 0.390681 0.745223 0.387097 0.745223 0.383513 0.742038 0.383513 0.738854 0.379928 0.735669 0.379928 0.732484 0.383513
0 0.340764 0.383513 0.340764 0.394265 0.343949 0.397849 0.347134 0.397849 0.350318 0.401434 0.356688 0.401434 0.356688 0.387097 0.353503 0.383513
0 0.401274 0.383513 0.394904 0.390681 0.394904 0.405018 0.401274 0.412186 0.410828 0.412186 0.414013 0.408602 0.414013 0.405018 0.417197 0.401434 0.417197 0.387097 0.414013 0.383513
0 0.767516 0.387097 0.761146 0.394265 0.761146 0.401434 0.757962 0.405018 0.757962 0.408602 0.761146 0.412186 0.761146 0.422939 0.767516 0.430108 0.777070 0.430108 0.783439 0.422939 0.783439 0.412186 0.777070 0.401434 0.777070 0.394265 0.770701 0.387097
0 0.226115 0.394265 0.222930 0.394265 0.219745 0.390681 0.216561 0.394265 0.216561 0.397849 0.213376 0.401434 0.210191 0.401434 0.207006 0.405018 0.207006 0.408602 0.210191 0.412186 0.219745 0.412186 0.222930 0.408602 0.222930 0.405018 0.226115 0.401434
0 0.254777 0.390681 0.245223 0.390681 0.238854 0.397849 0.238854 0.401434 0.235669 0.405018 0.235669 0.415771 0.238854 0.419355 0.248408 0.419355 0.251592 0.415771 0.254777 0.415771 0.254777 0.408602 0.257962 0.405018 0.257962 0.397849 0.254777 0.394265
0 0.837580 0.397849 0.837580 0.405018 0.843949 0.412186 0.859873 0.412186 0.863057 0.408602 0.863057 0.405018 0.866242 0.401434 0.859873 0.394265 0.850318 0.394265 0.847134 0.390681 0.843949 0.394265 0.840764 0.394265
0 0.003185 0.394265 0.000000 0.397849 0.000000 0.426523 0.003185 0.430108 0.006369 0.430108 0.009554 0.426523 0.009554 0.422939 0.012739 0.419355 0.012739 0.401434 0.006369 0.394265
0 0.181529 0.397849 0.175159 0.397849 0.168790 0.405018 0.168790 0.412186 0.165605 0.415771 0.165605 0.433692 0.168790 0.437276 0.175159 0.437276 0.181529 0.430108 0.181529 0.426523 0.187898 0.419355 0.187898 0.405018
0 0.273885 0.397849 0.270701 0.401434 0.270701 0.415771 0.273885 0.419355 0.273885 0.422939 0.292994 0.422939 0.292994 0.412186 0.289809 0.408602 0.289809 0.405018 0.283439 0.397849
0 0.636943 0.397849 0.633758 0.401434 0.630573 0.401434 0.630573 0.412186 0.627389 0.415771 0.633758 0.426523 0.643312 0.426523 0.646497 0.422939 0.649682 0.422939 0.656051 0.415771 0.652866 0.412186 0.652866 0.405018 0.649682 0.401434 0.646497 0.401434 0.643312 0.397849
0 0.146497 0.401434 0.143312 0.405018 0.143312 0.422939 0.146497 0.426523 0.156051 0.426523 0.156051 0.422939 0.159236 0.419355 0.159236 0.412186 0.156051 0.408602 0.156051 0.405018 0.152866 0.401434
0 0.541401 0.405018 0.538217 0.405018 0.535032 0.401434 0.528662 0.401434 0.525478 0.405018 0.519108 0.405018 0.509554 0.412186 0.509554 0.419355 0.512739 0.422939 0.515924 0.419355 0.535032 0.419355 0.538217 0.415771 0.541401 0.415771
0 0.882166 0.401434 0.878981 0.401434 0.878981 0.405018 0.875796 0.408602 0.875796 0.415771 0.872611 0.419355 0.875796 0.422939 0.878981 0.422939 0.882166 0.419355
0 0.101911 0.408602 0.095541 0.415771 0.095541 0.426523 0.105096 0.437276 0.108280 0.437276 0.111465 0.440860 0.124204 0.440860 0.127389 0.437276 0.130573 0.426523 0.114650 0.408602
0 0.312102 0.412186 0.308917 0.412186 0.302548 0.419355 0.296178 0.419355 0.296178 0.437276 0.302548 0.444444 0.305732 0.444444 0.308917 0.440860 0.312102 0.440860 0.315287 0.437276 0.318471 0.437276 0.318471 0.433692 0.321656 0.430108 0.321656 0.422939 0.318471 0.419355 0.318471 0.415771 0.315287 0.415771
0 0.429936 0.422939 0.423567 0.415771 0.417197 0.415771 0.414013 0.412186 0.410828 0.415771 0.407643 0.415771 0.398089 0.426523 0.398089 0.437276 0.401274 0.440860 0.410828 0.440860 0.414013 0.437276 0.420382 0.437276 0.429936 0.426523
0 0.668790 0.412186 0.665605 0.415771 0.659236 0.415771 0.659236 0.419355 0.656051 0.422939 0.656051 0.437276 0.659236 0.440860 0.665605 0.440860 0.668790 0.437276 0.668790 0.433692 0.671975 0.430108 0.671975 0.415771
0 0.060510 0.419355 0.057325 0.422939 0.054140 0.422939 0.050955 0.426523 0.050955 0.440860 0.057325 0.448029 0.066879 0.448029 0.073248 0.440860 0.073248 0.426523 0.066879 0.419355
0 0.337580 0.422939 0.334395 0.422939 0.331210 0.426523 0.328025 0.426523 0.324841 0.430108 0.324841 0.433692 0.321656 0.437276 0.321656 0.440860 0.328025 0.448029 0.334395 0.448029 0.337580 0.444444 0.340764 0.444444 0.340764 0.440860 0.343949 0.437276 0.343949 0.430108
0 0.573248 0.426523 0.570064 0.426523 0.566879 0.422939 0.563694 0.422939 0.560510 0.426523 0.560510 0.430108 0.557325 0.433692 0.557325 0.451613 0.570064 0.451613 0.576433 0.444444 0.576433 0.433692 0.573248 0.430108
0 0.687898 0.422939 0.684713 0.426523 0.684713 0.430108 0.681529 0.433692 0.681529 0.448029 0.684713 0.451613 0.694268 0.451613 0.700637 0.444444 0.700637 0.430108 0.694268 0.422939
0 0.716561 0.426523 0.716561 0.440860 0.719745 0.444444 0.719745 0.448029 0.732484 0.448029 0.735669 0.444444 0.738854 0.444444 0.742038 0.440860 0.742038 0.426523 0.738854 0.422939 0.719745 0.422939
0 0.815287 0.444444 0.818471 0.448029 0.828025 0.448029 0.831210 0.444444 0.834395 0.444444 0.837580 0.440860 0.840764 0.440860 0.847134 0.433692 0.847134 0.426523 0.843949 0.422939 0.824841 0.422939 0.824841 0.426523 0.818471 0.433692 0.818471 0.437276 0.815287 0.440860
0 0.464968 0.430108 0.455414 0.430108 0.452229 0.433692 0.449045 0.433692 0.442675 0.440860 0.442675 0.444444 0.439490 0.448029 0.442675 0.451613 0.442675 0.455197 0.445860 0.455197 0.449045 0.458781 0.455414 0.458781 0.458599 0.455197 0.461783 0.455197 0.468153 0.448029 0.468153 0.433692
0 0.595541 0.433692 0.592357 0.437276 0.592357 0.448029 0.601911 0.458781 0.611465 0.458781 0.617834 0.451613 0.617834 0.448029 0.621019 0.444444 0.621019 0.437276 0.617834 0.433692
0 0.003185 0.451613 0.006369 0.455197 0.006369 0.458781 0.009554 0.462366 0.022293 0.462366 0.025478 0.458781 0.028662 0.458781 0.028662 0.451613 0.031847 0.448029 0.031847 0.444444 0.025478 0.437276 0.012739 0.437276 0.006369 0.444444 0.006369 0.448029
0 0.538217 0.440860 0.535032 0.440860 0.531847 0.437276 0.528662 0.440860 0.519108 0.440860 0.512739 0.451613 0.512739 0.458781 0.515924 0.462366 0.515924 0.465950 0.531847 0.465950 0.538217 0.458781
0 0.764331 0.437276 0.761146 0.437276 0.757962 0.440860 0.754777 0.440860 0.751592 0.444444 0.751592 0.455197 0.754777 0.458781 0.754777 0.462366 0.767516 0.462366 0.767516 0.458781 0.770701 0.455197 0.770701 0.444444
0 0.369427 0.440860 0.366242 0.444444 0.363057 0.444444 0.356688 0.451613 0.356688 0.455197 0.353503 0.458781 0.353503 0.473118 0.356688 0.476703 0.366242 0.476703 0.369427 0.473118 0.372611 0.473118 0.372611 0.469534 0.375796 0.465950 0.375796 0.448029
0 0.786624 0.444444 0.783439 0.444444 0.780255 0.448029 0.773885 0.448029 0.773885 0.455197 0.770701 0.458781 0.770701 0.465950 0.773885 0.469534 0.773885 0.473118 0.786624 0.473118 0.792994 0.465950 0.792994 0.451613
0 0.878981 0.455197 0.869427 0.444444 0.863057 0.444444 0.856688 0.451613 0.856688 0.455197 0.853503 0.458781 0.853503 0.465950 0.856688 0.469534 0.869427 0.469534 0.872611 0.465950 0.872611 0.462366
0 0.140127 0.451613 0.133758 0.458781 0.133758 0.469534 0.136943 0.473118 0.136943 0.476703 0.140127 0.480287 0.146497 0.480287 0.149682 0.476703 0.152866 0.476703 0.152866 0.473118 0.156051 0.469534 0.156051 0.458781 0.149682 0.451613
0 0.662420 0.451613 0.659236 0.455197 0.656051 0.455197 0.652866 0.458781 0.652866 0.465950 0.649682 0.469534 0.652866 0.473118 0.652866 0.480287 0.656051 0.480287 0.659236 0.483871 0.662420 0.480287 0.665605 0.480287 0.668790 0.476703 0.668790 0.473118 0.671975 0.469534 0.671975 0.458781 0.668790 0.455197 0.665605 0.455197
0 0.200637 0.455197 0.191083 0.465950 0.191083 0.473118 0.197452 0.480287 0.213376 0.480287 0.216561 0.476703 0.216561 0.465950 0.207006 0.455197
0 0.245223 0.462366 0.245223 0.469534 0.248408 0.473118 0.248408 0.476703 0.254777 0.483871 0.261146 0.483871 0.264331 0.480287 0.267516 0.480287 0.270701 0.476703 0.273885 0.476703 0.280255 0.469534 0.280255 0.462366 0.273885 0.455197 0.251592 0.455197
0 0.716561 0.455197 0.713376 0.458781 0.713376 0.469534 0.719745 0.476703 0.732484 0.476703 0.732484 0.462366 0.729299 0.458781 0.726115 0.458781 0.722930 0.455197
0 0.901274 0.462366 0.898089 0.458781 0.894904 0.458781 0.891720 0.455197 0.882166 0.455197 0.875796 0.462366 0.875796 0.465950 0.869427 0.473118 0.875796 0.480287 0.885350 0.480287 0.888535 0.476703 0.891720 0.476703 0.894904 0.473118 0.898089 0.473118 0.898089 0.469534 0.901274 0.465950
0 0.178344 0.462366 0.175159 0.462366 0.171975 0.465950 0.171975 0.473118 0.168790 0.476703 0.168790 0.480287 0.171975 0.483871 0.171975 0.487455 0.175159 0.487455 0.178344 0.483871
0 0.328025 0.462366 0.324841 0.462366 0.321656 0.465950 0.318471 0.465950 0.312102 0.476703 0.312102 0.487455 0.318471 0.494624 0.321656 0.494624 0.324841 0.498208 0.328025 0.494624 0.331210 0.494624 0.337580 0.487455 0.337580 0.473118 0.334395 0.469534 0.334395 0.465950 0.331210 0.465950
0 0.461783 0.469534 0.455414 0.462366 0.449045 0.462366 0.442675 0.469534 0.439490 0.469534 0.433121 0.476703 0.433121 0.487455 0.436306 0.487455 0.439490 0.491039 0.442675 0.487455 0.452229 0.487455 0.458599 0.480287 0.458599 0.473118
0 0.582803 0.465950 0.582803 0.469534 0.579618 0.473118 0.579618 0.476703 0.582803 0.480287 0.582803 0.483871 0.585987 0.487455 0.585987 0.491039 0.592357 0.491039 0.595541 0.494624 0.598726 0.491039 0.601911 0.491039 0.605096 0.487455 0.605096 0.476703 0.598726 0.469534 0.595541 0.469534 0.592357 0.465950
0 0.092357 0.469534 0.089172 0.473118 0.089172 0.480287 0.085987 0.483871 0.085987 0.487455 0.092357 0.498208 0.095541 0.498208 0.098726 0.501792 0.101911 0.501792 0.108280 0.494624 0.108280 0.487455 0.111465 0.483871 0.111465 0.480287 0.108280 0.476703 0.108280 0.469534
0 0.694268 0.469534 0.684713 0.469534 0.678344 0.476703 0.678344 0.483871 0.675159 0.487455 0.675159 0.494624 0.678344 0.498208 0.687898 0.498208 0.697452 0.487455 0.697452 0.473118
0 0.047771 0.473118 0.041401 0.483871 0.041401 0.498208 0.044586 0.498208 0.047771 0.501792 0.057325 0.501792 0.060510 0.498208 0.063694 0.498208 0.070064 0.487455 0.070064 0.483871 0.066879 0.480287 0.066879 0.476703 0.063694 0.473118
0 0.624204 0.476703 0.621019 0.480287 0.621019 0.483871 0.617834 0.487455 0.617834 0.494624 0.621019 0.498208 0.636943 0.498208 0.636943 0.487455 0.633758 0.483871 0.633758 0.480287 0.630573 0.476703
0 0.757962 0.480287 0.748408 0.480287 0.742038 0.487455 0.742038 0.491039 0.738854 0.494624 0.738854 0.498208 0.745223 0.505376 0.751592 0.505376 0.757962 0.498208 0.757962 0.491039 0.761146 0.487455 0.757962 0.483871
0 0.359873 0.501792 0.363057 0.505376 0.372611 0.505376 0.375796 0.501792 0.382166 0.501792 0.385350 0.498208 0.385350 0.494624 0.388535 0.491039 0.382166 0.483871 0.366242 0.483871 0.359873 0.491039
0 0.458599 0.483871 0.458599 0.487455 0.455414 0.491039 0.455414 0.501792 0.458599 0.505376 0.458599 0.508961 0.461783 0.508961 0.464968 0.512545 0.471338 0.512545 0.474522 0.508961 0.477707 0.508961 0.477707 0.501792 0.480892 0.498208 0.480892 0.491039 0.474522 0.483871 0.468153 0.483871 0.464968 0.487455 0.461783 0.487455
0 0.519108 0.487455 0.512739 0.498208 0.512739 0.519713 0.519108 0.526882 0.528662 0.526882 0.538217 0.516129 0.538217 0.501792 0.535032 0.498208 0.535032 0.494624 0.528662 0.487455
0 0.207006 0.491039 0.200637 0.491039 0.197452 0.494624 0.194268 0.494624 0.194268 0.498208 0.191083 0.501792 0.191083 0.508961 0.194268 0.512545 0.194268 0.519713 0.207006 0.519713 0.213376 0.512545 0.213376 0.498208
0 0.283439 0.491039 0.270701 0.491039 0.264331 0.498208 0.264331 0.501792 0.261146 0.505376 0.261146 0.512545 0.267516 0.519713 0.270701 0.519713 0.273885 0.516129 0.280255 0.516129 0.280255 0.512545 0.283439 0.508961 0.283439 0.505376 0.286624 0.501792 0.286624 0.494624
0 0.777070 0.491039 0.770701 0.498208 0.770701 0.512545 0.780255 0.519713 0.792994 0.519713 0.799363 0.508961 0.799363 0.501792 0.796178 0.498208 0.796178 0.494624 0.792994 0.494624 0.789809 0.491039
0 0.882166 0.501792 0.878981 0.501792 0.875796 0.498208 0.866242 0.498208 0.863057 0.501792 0.856688 0.501792 0.856688 0.505376 0.853503 0.508961 0.853503 0.519713 0.856688 0.523297 0.869427 0.523297 0.872611 0.519713 0.875796 0.519713 0.882166 0.512545
0 0.426752 0.501792 0.423567 0.505376 0.423567 0.519713 0.426752 0.523297 0.426752 0.526882 0.429936 0.526882 0.433121 0.530466 0.439490 0.530466 0.442675 0.526882 0.445860 0.526882 0.449045 0.523297 0.449045 0.516129 0.445860 0.512545 0.445860 0.508961 0.439490 0.501792
0 0.006369 0.505376 0.003185 0.508961 0.003185 0.530466 0.019108 0.530466 0.022293 0.526882 0.022293 0.519713 0.025478 0.516129 0.019108 0.508961 0.009554 0.508961
0 0.391720 0.505376 0.388535 0.508961 0.388535 0.512545 0.385350 0.516129 0.385350 0.523297 0.388535 0.526882 0.388535 0.530466 0.394904 0.537634 0.404459 0.537634 0.407643 0.534050 0.407643 0.516129 0.404459 0.512545 0.404459 0.508961 0.401274 0.508961 0.398089 0.505376
0 0.136943 0.508961 0.124204 0.508961 0.114650 0.519713 0.114650 0.526882 0.111465 0.530466 0.111465 0.537634 0.114650 0.541219 0.127389 0.541219 0.133758 0.534050 0.133758 0.530466 0.140127 0.519713 0.140127 0.516129 0.136943 0.512545
0 0.605096 0.508961 0.598726 0.508961 0.595541 0.512545 0.592357 0.512545 0.589172 0.516129 0.589172 0.523297 0.592357 0.526882 0.592357 0.530466 0.595541 0.534050 0.598726 0.534050 0.601911 0.530466 0.605096 0.530466 0.608280 0.526882 0.611465 0.526882 0.611465 0.516129
0 0.640127 0.508961 0.636943 0.512545 0.636943 0.516129 0.633758 0.519713 0.633758 0.526882 0.636943 0.530466 0.636943 0.534050 0.643312 0.541219 0.649682 0.541219 0.656051 0.534050 0.656051 0.516129 0.652866 0.512545 0.652866 0.508961
0 0.694268 0.508961 0.687898 0.516129 0.687898 0.523297 0.691083 0.526882 0.703822 0.526882 0.707006 0.523297 0.707006 0.508961
0 0.821656 0.508961 0.815287 0.516129 0.815287 0.519713 0.812102 0.523297 0.812102 0.526882 0.815287 0.530466 0.815287 0.534050 0.818471 0.534050 0.821656 0.537634 0.834395 0.537634 0.840764 0.530466 0.840764 0.519713 0.834395 0.508961
0 0.289809 0.519713 0.289809 0.530466 0.292994 0.534050 0.292994 0.537634 0.296178 0.541219 0.305732 0.541219 0.308917 0.537634 0.308917 0.534050 0.312102 0.530466 0.312102 0.519713 0.308917 0.516129 0.296178 0.516129 0.292994 0.519713
0 0.363057 0.516129 0.359873 0.519713 0.356688 0.519713 0.353503 0.523297 0.353503 0.534050 0.356688 0.537634 0.356688 0.541219 0.359873 0.541219 0.363057 0.544803 0.366242 0.544803 0.372611 0.537634 0.372611 0.523297 0.369427 0.519713 0.366242 0.519713
0 0.095541 0.534050 0.089172 0.526882 0.085987 0.526882 0.082803 0.523297 0.079618 0.526882 0.073248 0.526882 0.070064 0.530466 0.070064 0.548387 0.073248 0.551971 0.089172 0.551971 0.092357 0.548387 0.095541 0.548387
0 0.261146 0.523297 0.254777 0.530466 0.254777 0.537634 0.257962 0.541219 0.257962 0.548387 0.264331 0.559140 0.273885 0.559140 0.277070 0.555556 0.277070 0.537634 0.270701 0.530466 0.270701 0.526882 0.264331 0.526882
0 0.490446 0.523297 0.477707 0.523297 0.468153 0.534050 0.464968 0.534050 0.464968 0.537634 0.461783 0.541219 0.461783 0.548387 0.471338 0.555556 0.484076 0.555556 0.490446 0.548387 0.490446 0.541219 0.493631 0.537634 0.493631 0.534050 0.490446 0.530466
0 0.726115 0.523297 0.719745 0.530466 0.719745 0.541219 0.726115 0.548387 0.729299 0.548387 0.732484 0.551971 0.735669 0.548387 0.738854 0.548387 0.742038 0.544803 0.742038 0.530466 0.735669 0.523297
0 0.337580 0.526882 0.334395 0.526882 0.328025 0.534050 0.328025 0.551971 0.334395 0.551971 0.337580 0.548387 0.340764 0.548387 0.340764 0.544803 0.343949 0.541219 0.343949 0.537634 0.340764 0.534050 0.340764 0.530466
0 0.550955 0.526882 0.547771 0.530466 0.547771 0.534050 0.541401 0.541219 0.541401 0.548387 0.547771 0.555556 0.557325 0.555556 0.563694 0.548387 0.563694 0.530466 0.560510 0.526882
0 0.761146 0.530466 0.757962 0.534050 0.757962 0.548387 0.761146 0.551971 0.761146 0.555556 0.764331 0.559140 0.777070 0.559140 0.780255 0.555556 0.780255 0.551971 0.783439 0.548387 0.783439 0.541219 0.777070 0.534050 0.773885 0.534050 0.770701 0.530466
0 0.050955 0.534050 0.044586 0.534050 0.035032 0.544803 0.035032 0.548387 0.031847 0.551971 0.031847 0.559140 0.035032 0.562724 0.044586 0.562724 0.050955 0.555556 0.050955 0.551971 0.054140 0.548387 0.054140 0.537634
0 0.168790 0.534050 0.165605 0.534050 0.162420 0.537634 0.159236 0.537634 0.152866 0.544803 0.152866 0.551971 0.159236 0.559140 0.171975 0.559140 0.175159 0.555556 0.175159 0.541219
0 0.200637 0.534050 0.194268 0.541219 0.194268 0.559140 0.203822 0.566308 0.210191 0.566308 0.216561 0.559140 0.216561 0.541219 0.213376 0.537634 0.213376 0.534050
0 0.235669 0.534050 0.229299 0.541219 0.229299 0.566308 0.235669 0.573477 0.238854 0.573477 0.242038 0.577061 0.242038 0.580645 0.251592 0.580645 0.251592 0.566308 0.248408 0.562724 0.248408 0.548387 0.245223 0.544803 0.245223 0.541219 0.238854 0.534050
0 0.611465 0.534050 0.611465 0.537634 0.605096 0.544803 0.605096 0.559140 0.611465 0.566308 0.617834 0.566308 0.627389 0.555556 0.627389 0.541219 0.621019 0.534050
0 0.433121 0.541219 0.429936 0.544803 0.426752 0.544803 0.420382 0.551971 0.420382 0.566308 0.426752 0.573477 0.429936 0.573477 0.433121 0.569892 0.439490 0.569892 0.442675 0.566308 0.442675 0.548387 0.439490 0.544803 0.436306 0.544803
0 0.850318 0.541219 0.850318 0.544803 0.847134 0.548387 0.847134 0.562724 0.850318 0.562724 0.853503 0.566308 0.866242 0.566308 0.866242 0.562724 0.869427 0.559140 0.869427 0.555556 0.872611 0.551971 0.866242 0.544803 0.863057 0.544803 0.859873 0.541219
0 0.687898 0.544803 0.681529 0.551971 0.681529 0.562724 0.687898 0.569892 0.697452 0.569892 0.703822 0.562724 0.703822 0.548387 0.700637 0.544803
0 0.799363 0.555556 0.799363 0.566308 0.802548 0.569892 0.821656 0.569892 0.821656 0.566308 0.824841 0.562724 0.824841 0.555556 0.821656 0.551971 0.818471 0.551971 0.815287 0.548387 0.805732 0.548387
0 0.121019 0.551971 0.114650 0.559140 0.114650 0.566308 0.117834 0.569892 0.117834 0.573477 0.121019 0.577061 0.130573 0.577061 0.133758 0.573477 0.133758 0.555556 0.130573 0.551971
0 0.378981 0.551971 0.375796 0.555556 0.375796 0.566308 0.378981 0.569892 0.378981 0.577061 0.382166 0.580645 0.394904 0.580645 0.401274 0.573477 0.401274 0.562724 0.398089 0.559140 0.398089 0.555556 0.391720 0.555556 0.388535 0.551971
0 0.509554 0.551971 0.509554 0.580645 0.506369 0.584229 0.506369 0.591398 0.509554 0.594982 0.509554 0.598566 0.519108 0.598566 0.525478 0.591398 0.525478 0.566308 0.522293 0.562724 0.522293 0.559140 0.515924 0.551971
