0 0.528662 0.129032 0.528662 0.132616 0.535032 0.143369 0.554140 0.143369 0.560510 0.132616 0.560510 0.125448 0.557325 0.121864 0.557325 0.118280 0.538217 0.118280
0 0.133758 0.121864 0.127389 0.129032 0.127389 0.139785 0.130573 0.143369 0.133758 0.143369 0.136943 0.146953 0.143312 0.146953 0.146497 0.143369 0.146497 0.125448 0.143312 0.121864
0 0.385350 0.121864 0.375796 0.121864 0.366242 0.132616 0.366242 0.136201 0.375796 0.136201 0.378981 0.132616 0.382166 0.132616 0.385350 0.129032
0 0.222930 0.125448 0.213376 0.136201 0.213376 0.146953 0.216561 0.146953 0.219745 0.150538 0.232484 0.150538 0.238854 0.143369 0.238854 0.136201 0.235669 0.132616 0.235669 0.129032 0.232484 0.129032 0.229299 0.125448
0 0.668790 0.125448 0.668790 0.136201 0.671975 0.136201 0.675159 0.139785 0.691083 0.139785 0.691083 0.132616 0.684713 0.125448
0 0.340764 0.132616 0.337580 0.132616 0.334395 0.129032 0.324841 0.129032 0.321656 0.132616 0.315287 0.132616 0.308917 0.139785 0.305732 0.139785 0.305732 0.146953 0.308917 0.146953 0.312102 0.150538 0.331210 0.150538 0.340764 0.143369
0 0.589172 0.136201 0.589172 0.143369 0.592357 0.146953 0.598726 0.146953 0.601911 0.150538 0.605096 0.150538 0.608280 0.146953 0.611465 0.146953 0.614650 0.143369 0.617834 0.143369 0.617834 0.132616 0.614650 0.129032 0.598726 0.129032 0.595541 0.132616 0.592357 0.132616
0 0.783439 0.146953 0.786624 0.150538 0.786624 0.154122 0.789809 0.154122 0.792994 0.157706 0.805732 0.157706 0.808917 0.154122 0.815287 0.154122 0.824841 0.143369 0.818471 0.136201 0.812102 0.136201 0.808917 0.132616 0.792994 0.132616 0.789809 0.136201 0.786624 0.136201
0 0.031847 0.143369 0.038217 0.143369 0.044586 0.150538 0.063694 0.157706 0.073248 0.168459 0.085987 0.168459 0.089172 0.164875 0.098726 0.164875 0.108280 0.157706 0.117834 0.157706 0.114650 0.154122 0.105096 0.154122 0.092357 0.146953 0.082803 0.146953 0.079618 0.143369 0.070064 0.143369 0.054140 0.136201 0.038217 0.136201
0 0.866242 0.136201 0.859873 0.143369 0.859873 0.161290 0.863057 0.161290 0.866242 0.164875 0.872611 0.164875 0.875796 0.161290 0.878981 0.161290 0.878981 0.157706 0.882166 0.154122 0.882166 0.146953 0.875796 0.139785 0.872611 0.139785 0.869427 0.136201
0 0.261146 0.139785 0.257962 0.143369 0.254777 0.143369 0.251592 0.146953 0.251592 0.150538 0.257962 0.157706 0.261146 0.154122 0.264331 0.154122 0.264331 0.150538 0.267516 0.146953
0 0.716561 0.146953 0.716561 0.154122 0.722930 0.164875 0.729299 0.164875 0.732484 0.168459 0.735669 0.164875 0.738854 0.164875 0.742038 0.161290 0.745223 0.161290 0.745223 0.143369 0.742038 0.143369 0.738854 0.139785 0.722930 0.139785
0 0.378981 0.154122 0.378981 0.164875 0.382166 0.168459 0.385350 0.168459 0.388535 0.172043 0.404459 0.172043 0.404459 0.161290 0.394904 0.150538 0.382166 0.150538
0 0.544586 0.157706 0.544586 0.172043 0.547771 0.172043 0.550955 0.175627 0.563694 0.175627 0.570064 0.168459 0.570064 0.157706 0.566879 0.154122 0.547771 0.154122
0 0.337580 0.157706 0.334395 0.161290 0.334395 0.172043 0.337580 0.175627 0.347134 0.175627 0.350318 0.172043 0.350318 0.168459 0.343949 0.161290 0.340764 0.161290
0 0.671975 0.157706 0.665605 0.164875 0.665605 0.182796 0.668790 0.186380 0.681529 0.186380 0.684713 0.182796 0.684713 0.179211 0.687898 0.175627 0.684713 0.172043 0.687898 0.168459 0.684713 0.164875 0.684713 0.161290 0.681529 0.161290 0.678344 0.157706
0 0.700637 0.157706 0.694268 0.164875 0.694268 0.168459 0.700637 0.175627 0.703822 0.175627 0.707006 0.172043 0.707006 0.164875
0 0.003185 0.175627 0.006369 0.193548 0.009554 0.189964 0.012739 0.193548 0.025478 0.193548 0.031847 0.197133 0.035032 0.204301 0.054140 0.204301 0.060510 0.200717 0.066879 0.189964 0.066879 0.186380 0.063694 0.186380 0.050955 0.168459 0.044586 0.168459 0.041401 0.164875 0.038217 0.168459 0.035032 0.164875 0.031847 0.168459 0.025478 0.164875 0.009554 0.164875
0 0.213376 0.164875 0.213376 0.168459 0.210191 0.172043 0.210191 0.175627 0.213376 0.179211 0.213376 0.182796 0.216561 0.182796 0.219745 0.186380 0.232484 0.186380 0.235669 0.182796 0.235669 0.179211 0.238854 0.175627 0.238854 0.172043 0.235669 0.168459 0.232484 0.168459 0.229299 0.164875
0 0.875796 0.164875 0.872611 0.168459 0.872611 0.172043 0.869427 0.175627 0.869427 0.182796 0.872611 0.186380 0.878981 0.186380 0.882166 0.189964 0.885350 0.189964 0.888535 0.186380 0.891720 0.186380 0.894904 0.182796 0.894904 0.172043 0.888535 0.164875
0 0.264331 0.172043 0.264331 0.179211 0.267516 0.182796 0.273885 0.182796 0.277070 0.179211 0.280255 0.179211 0.280255 0.172043 0.277070 0.168459 0.270701 0.168459 0.267516 0.172043
0 0.805732 0.179211 0.805732 0.182796 0.808917 0.186380 0.828025 0.186380 0.831210 0.182796 0.834395 0.182796 0.834395 0.175627 0.831210 0.172043 0.812102 0.172043
0 0.484076 0.186380 0.480892 0.182796 0.468153 0.182796 0.464968 0.186380 0.458599 0.186380 0.458599 0.189964 0.455414 0.193548 0.455414 0.200717 0.461783 0.207885 0.468153 0.207885 0.471338 0.204301 0.474522 0.204301 0.484076 0.193548
0 0.267516 0.186380 0.261146 0.193548 0.261146 0.200717 0.264331 0.204301 0.264331 0.207885 0.267516 0.211470 0.277070 0.211470 0.277070 0.207885 0.280255 0.204301 0.280255 0.197133 0.277070 0.193548 0.277070 0.189964 0.273885 0.189964 0.270701 0.186380
0 0.388535 0.186380 0.385350 0.189964 0.385350 0.193548 0.382166 0.197133 0.382166 0.200717 0.388535 0.207885 0.401274 0.207885 0.407643 0.200717 0.407643 0.189964 0.404459 0.186380
0 0.847134 0.193548 0.847134 0.200717 0.853503 0.207885 0.859873 0.207885 0.863057 0.204301 0.866242 0.204301 0.866242 0.193548 0.863057 0.189964 0.850318 0.189964
0 0.563694 0.200717 0.563694 0.204301 0.570064 0.211470 0.573248 0.211470 0.576433 0.215054 0.585987 0.215054 0.589172 0.211470 0.592357 0.211470 0.592357 0.207885 0.595541 0.204301 0.592357 0.200717 0.592357 0.197133 0.589172 0.193548 0.570064 0.193548
0 0.818471 0.197133 0.805732 0.197133 0.802548 0.200717 0.799363 0.200717 0.796178 0.204301 0.796178 0.211470 0.799363 0.215054 0.805732 0.215054 0.808917 0.211470 0.812102 0.211470 0.818471 0.204301
0 0.229299 0.204301 0.229299 0.215054 0.232484 0.218638 0.248408 0.218638 0.254777 0.211470 0.254777 0.207885 0.248408 0.200717 0.235669 0.200717 0.232484 0.204301
0 0.019108 0.215054 0.025478 0.225806 0.054140 0.225806 0.057325 0.222222 0.057325 0.215054 0.041401 0.215054 0.038217 0.211470 0.022293 0.211470
0 0.617834 0.211470 0.614650 0.215054 0.614650 0.218638 0.611465 0.222222 0.611465 0.225806 0.614650 0.229391 0.614650 0.232975 0.617834 0.236559 0.621019 0.236559 0.624204 0.240143 0.627389 0.240143 0.630573 0.236559 0.633758 0.236559 0.633758 0.218638 0.630573 0.215054 0.627389 0.215054 0.624204 0.211470
0 0.875796 0.222222 0.875796 0.229391 0.882166 0.236559 0.885350 0.236559 0.888535 0.240143 0.898089 0.240143 0.904459 0.232975 0.904459 0.225806 0.898089 0.218638 0.894904 0.218638 0.891720 0.215054 0.885350 0.215054 0.882166 0.218638 0.878981 0.218638
0 0.659236 0.218638 0.656051 0.222222 0.652866 0.222222 0.646497 0.229391 0.646497 0.232975 0.649682 0.236559 0.649682 0.240143 0.652866 0.243728 0.665605 0.243728 0.668790 0.240143 0.668790 0.225806 0.665605 0.222222 0.662420 0.222222
0 0.764331 0.218638 0.764331 0.222222 0.761146 0.225806 0.761146 0.236559 0.764331 0.240143 0.773885 0.240143 0.780255 0.232975 0.780255 0.222222 0.777070 0.218638
0 0.541401 0.222222 0.538217 0.225806 0.538217 0.243728 0.541401 0.247312 0.557325 0.247312 0.560510 0.243728 0.560510 0.232975 0.557325 0.229391 0.557325 0.225806 0.554140 0.222222
0 0.372611 0.225806 0.369427 0.229391 0.369427 0.240143 0.372611 0.243728 0.372611 0.247312 0.378981 0.254480 0.378981 0.258065 0.382166 0.258065 0.385350 0.261649 0.391720 0.261649 0.391720 0.258065 0.394904 0.254480 0.394904 0.240143 0.391720 0.236559 0.391720 0.232975 0.385350 0.225806
0 0.729299 0.225806 0.722930 0.232975 0.722930 0.240143 0.729299 0.247312 0.742038 0.247312 0.745223 0.243728 0.745223 0.229391 0.742038 0.225806
0 0.254777 0.229391 0.251592 0.232975 0.251592 0.247312 0.254777 0.247312 0.257962 0.250896 0.267516 0.250896 0.273885 0.243728 0.273885 0.240143 0.270701 0.236559 0.270701 0.232975 0.267516 0.232975 0.264331 0.229391
0 0.808917 0.232975 0.808917 0.247312 0.821656 0.261649 0.831210 0.261649 0.837580 0.250896 0.837580 0.236559 0.831210 0.229391 0.815287 0.229391 0.812102 0.232975
0 0.353503 0.250896 0.353503 0.261649 0.356688 0.261649 0.359873 0.265233 0.363057 0.261649 0.369427 0.261649 0.372611 0.258065 0.375796 0.258065 0.375796 0.254480 0.369427 0.247312 0.369427 0.243728 0.356688 0.243728 0.356688 0.247312
0 0.789809 0.247312 0.783439 0.254480 0.783439 0.275986 0.786624 0.279570 0.796178 0.279570 0.802548 0.272401 0.802548 0.258065 0.799363 0.254480 0.799363 0.250896 0.796178 0.247312
0 0.455414 0.261649 0.458599 0.265233 0.458599 0.268817 0.461783 0.272401 0.468153 0.272401 0.471338 0.275986 0.480892 0.275986 0.484076 0.272401 0.484076 0.265233 0.477707 0.258065 0.474522 0.258065 0.471338 0.254480 0.461783 0.254480
0 0.557325 0.261649 0.547771 0.272401 0.547771 0.275986 0.550955 0.279570 0.550955 0.283154 0.554140 0.286738 0.566879 0.286738 0.573248 0.279570 0.573248 0.275986 0.576433 0.272401 0.576433 0.268817 0.570064 0.261649
0 0.662420 0.265233 0.662420 0.268817 0.665605 0.272401 0.665605 0.275986 0.671975 0.275986 0.675159 0.279570 0.678344 0.275986 0.681529 0.275986 0.681529 0.265233 0.678344 0.261649 0.668790 0.261649 0.665605 0.265233
0 0.636943 0.268817 0.633758 0.265233 0.621019 0.265233 0.617834 0.268817 0.608280 0.268817 0.605096 0.272401 0.605096 0.279570 0.611465 0.286738 0.617834 0.286738 0.621019 0.283154 0.630573 0.283154 0.636943 0.275986
0 0.404459 0.275986 0.404459 0.283154 0.410828 0.290323 0.417197 0.290323 0.420382 0.293907 0.433121 0.293907 0.436306 0.290323 0.436306 0.283154 0.429936 0.275986 0.423567 0.275986 0.420382 0.272401 0.410828 0.272401 0.407643 0.275986
0 0.363057 0.279570 0.363057 0.290323 0.369427 0.297491 0.372611 0.297491 0.375796 0.301075 0.378981 0.301075 0.382166 0.297491 0.385350 0.297491 0.385350 0.283154 0.382166 0.279570 0.378981 0.279570 0.375796 0.275986 0.366242 0.275986
0 0.834395 0.283154 0.831210 0.279570 0.828025 0.279570 0.824841 0.275986 0.818471 0.275986 0.815287 0.279570 0.812102 0.279570 0.808917 0.283154 0.808917 0.286738 0.805732 0.290323 0.805732 0.293907 0.812102 0.301075 0.824841 0.301075 0.828025 0.297491 0.831210 0.297491 0.834395 0.293907
0 0.726115 0.286738 0.726115 0.297491 0.729299 0.297491 0.732484 0.301075 0.754777 0.301075 0.757962 0.297491 0.757962 0.290323 0.751592 0.283154 0.748408 0.283154 0.745223 0.279570 0.732484 0.279570
0 0.646497 0.293907 0.646497 0.297491 0.649682 0.301075 0.649682 0.304659 0.652866 0.304659 0.656051 0.308244 0.671975 0.308244 0.675159 0.304659 0.675159 0.293907 0.671975 0.290323 0.668790 0.290323 0.665605 0.286738 0.652866 0.286738
0 0.856688 0.293907 0.847134 0.293907 0.843949 0.297491 0.840764 0.297491 0.837580 0.301075 0.837580 0.308244 0.834395 0.311828 0.840764 0.318996 0.847134 0.318996 0.850318 0.315412 0.853503 0.315412 0.859873 0.308244 0.859873 0.297491
0 0.308917 0.297491 0.308917 0.311828 0.321656 0.311828 0.324841 0.308244 0.324841 0.301075 0.321656 0.297491
0 0.340764 0.297491 0.337580 0.301075 0.337580 0.308244 0.340764 0.311828 0.340764 0.315412 0.343949 0.318996 0.343949 0.322581 0.347134 0.322581 0.350318 0.326165 0.356688 0.318996 0.356688 0.315412 0.359873 0.311828 0.359873 0.304659 0.353503 0.297491
0 0.407643 0.304659 0.404459 0.301075 0.394904 0.301075 0.385350 0.311828 0.382166 0.311828 0.378981 0.315412 0.375796 0.315412 0.378981 0.318996 0.382166 0.318996 0.385350 0.322581 0.391720 0.322581 0.394904 0.318996 0.398089 0.318996 0.401274 0.315412 0.404459 0.315412 0.407643 0.311828
0 0.433121 0.308244 0.433121 0.315412 0.442675 0.326165 0.455414 0.326165 0.455414 0.322581 0.458599 0.318996 0.458599 0.304659 0.455414 0.301075 0.442675 0.301075 0.439490 0.304659 0.436306 0.304659
0 0.531847 0.308244 0.531847 0.322581 0.535032 0.326165 0.550955 0.326165 0.557325 0.318996 0.557325 0.311828 0.550955 0.304659 0.535032 0.304659
0 0.582803 0.311828 0.582803 0.315412 0.589172 0.322581 0.592357 0.322581 0.595541 0.326165 0.608280 0.326165 0.614650 0.318996 0.614650 0.308244 0.611465 0.304659 0.589172 0.304659
0 0.477707 0.308244 0.474522 0.311828 0.474522 0.318996 0.480892 0.326165 0.490446 0.326165 0.493631 0.322581 0.493631 0.318996 0.496815 0.315412 0.490446 0.308244
0 0.735669 0.315412 0.735669 0.318996 0.738854 0.322581 0.738854 0.326165 0.745223 0.326165 0.748408 0.329749 0.754777 0.329749 0.757962 0.326165 0.757962 0.318996 0.754777 0.315412 0.751592 0.315412 0.748408 0.311828 0.738854 0.311828
0 0.783439 0.329749 0.783439 0.333333 0.789809 0.340502 0.796178 0.340502 0.799363 0.344086 0.805732 0.344086 0.808917 0.340502 0.808917 0.329749 0.805732 0.326165 0.802548 0.326165 0.799363 0.322581 0.792994 0.322581 0.789809 0.326165 0.786624 0.326165
0 0.353503 0.326165 0.350318 0.329749 0.350318 0.344086 0.353503 0.347670 0.353503 0.351254 0.356688 0.351254 0.359873 0.354839 0.363057 0.351254 0.369427 0.351254 0.372611 0.347670 0.372611 0.333333 0.369427 0.329749 0.363057 0.329749 0.359873 0.326165
0 0.398089 0.333333 0.398089 0.344086 0.404459 0.351254 0.414013 0.351254 0.417197 0.354839 0.420382 0.351254 0.423567 0.351254 0.426752 0.347670 0.426752 0.340502 0.417197 0.329749 0.401274 0.329749
0 0.570064 0.340502 0.566879 0.344086 0.566879 0.354839 0.573248 0.362007 0.576433 0.362007 0.579618 0.365591 0.585987 0.358423 0.585987 0.347670 0.579618 0.340502
0 0.837580 0.340502 0.831210 0.347670 0.831210 0.358423 0.834395 0.362007 0.834395 0.365591 0.837580 0.365591 0.840764 0.369176 0.850318 0.369176 0.856688 0.362007 0.856688 0.351254 0.847134 0.340502
0 0.487261 0.344086 0.484076 0.347670 0.480892 0.347670 0.477707 0.351254 0.477707 0.362007 0.487261 0.372760 0.493631 0.372760 0.496815 0.369176 0.500000 0.369176 0.500000 0.365591 0.503185 0.362007 0.503185 0.358423 0.500000 0.354839 0.500000 0.347670 0.493631 0.347670 0.490446 0.344086
0 0.382166 0.354839 0.378981 0.358423 0.378981 0.365591 0.375796 0.369176 0.375796 0.372760 0.378981 0.376344 0.378981 0.379928 0.382166 0.383513 0.382166 0.387097 0.391720 0.387097 0.398089 0.379928 0.398089 0.362007 0.391720 0.354839
0 0.445860 0.358423 0.442675 0.358423 0.439490 0.354839 0.436306 0.358423 0.433121 0.358423 0.426752 0.365591 0.426752 0.379928 0.429936 0.383513 0.442675 0.383513 0.445860 0.379928 0.449045 0.379928 0.449045 0.362007
0 0.611465 0.362007 0.611465 0.365591 0.617834 0.372760 0.630573 0.372760 0.633758 0.369176 0.633758 0.365591 0.630573 0.362007 0.630573 0.358423 0.627389 0.354839 0.617834 0.354839
0 0.722930 0.358423 0.722930 0.372760 0.726115 0.372760 0.732484 0.379928 0.738854 0.379928 0.742038 0.376344 0.745223 0.376344 0.745223 0.365591 0.735669 0.354839 0.726115 0.354839
0 0.550955 0.362007 0.550955 0.376344 0.554140 0.379928 0.554140 0.383513 0.560510 0.390681 0.576433 0.390681 0.579618 0.387097 0.579618 0.372760 0.576433 0.369176 0.576433 0.365591 0.573248 0.365591 0.566879 0.358423 0.563694 0.358423 0.560510 0.362007
0 0.875796 0.358423 0.872611 0.362007 0.872611 0.365591 0.869427 0.369176 0.869427 0.376344 0.875796 0.383513 0.878981 0.383513 0.882166 0.387097 0.885350 0.387097 0.888535 0.383513 0.891720 0.383513 0.891720 0.365591 0.885350 0.358423
0 0.815287 0.365591 0.812102 0.369176 0.812102 0.387097 0.815287 0.390681 0.818471 0.390681 0.824841 0.397849 0.834395 0.397849 0.837580 0.394265 0.837580 0.376344 0.834395 0.372760 0.834395 0.369176 0.831210 0.369176 0.828025 0.365591
0 0.640127 0.383513 0.640127 0.394265 0.646497 0.401434 0.652866 0.401434 0.656051 0.405018 0.671975 0.405018 0.671975 0.397849 0.668790 0.394265 0.668790 0.390681 0.665605 0.387097 0.665605 0.383513 0.659236 0.376344 0.649682 0.376344
0 0.474522 0.379928 0.471338 0.383513 0.471338 0.397849 0.468153 0.401434 0.464968 0.397849 0.464968 0.412186 0.468153 0.408602 0.471338 0.412186 0.471338 0.415771 0.474522 0.415771 0.477707 0.412186 0.477707 0.383513
0 0.535032 0.397849 0.535032 0.401434 0.531847 0.405018 0.531847 0.408602 0.535032 0.412186 0.538217 0.412186 0.541401 0.408602 0.544586 0.408602 0.544586 0.401434 0.541401 0.401434 0.538217 0.397849
0 0.799363 0.397849 0.792994 0.405018 0.792994 0.419355 0.796178 0.422939 0.799363 0.422939 0.802548 0.426523 0.815287 0.426523 0.818471 0.422939 0.818471 0.408602 0.808917 0.397849
0 0.847134 0.408602 0.847134 0.415771 0.850318 0.419355 0.853503 0.419355 0.856688 0.422939 0.863057 0.422939 0.866242 0.419355 0.872611 0.419355 0.878981 0.412186 0.878981 0.408602 0.869427 0.397849 0.856688 0.397849
0 0.496815 0.405018 0.496815 0.412186 0.500000 0.415771 0.500000 0.419355 0.503185 0.419355 0.506369 0.422939 0.512739 0.422939 0.515924 0.419355 0.515924 0.412186 0.506369 0.401434 0.503185 0.401434 0.500000 0.405018
0 0.608280 0.405018 0.605096 0.415771 0.611465 0.426523 0.614650 0.426523 0.617834 0.430108 0.624204 0.430108 0.627389 0.433692 0.636943 0.433692 0.640127 0.430108 0.643312 0.430108 0.643312 0.415771 0.633758 0.412186 0.627389 0.405018
0 0.694268 0.408602 0.694268 0.412186 0.700637 0.419355 0.716561 0.419355 0.716561 0.415771 0.719745 0.412186 0.716561 0.408602 0.716561 0.405018 0.697452 0.405018
0 0.388535 0.408602 0.388535 0.412186 0.385350 0.415771 0.385350 0.422939 0.391720 0.430108 0.391720 0.433692 0.394904 0.433692 0.398089 0.437276 0.401274 0.437276 0.404459 0.440860 0.407643 0.437276 0.407643 0.422939 0.394904 0.408602
0 0.589172 0.408602 0.579618 0.408602 0.573248 0.415771 0.573248 0.430108 0.576433 0.433692 0.576433 0.437276 0.579618 0.437276 0.582803 0.440860 0.585987 0.437276 0.589172 0.437276 0.589172 0.433692 0.592357 0.430108 0.592357 0.415771 0.589172 0.412186
0 0.773885 0.408602 0.770701 0.408602 0.767516 0.412186 0.764331 0.412186 0.757962 0.419355 0.757962 0.422939 0.761146 0.426523 0.761146 0.430108 0.773885 0.430108 0.777070 0.426523 0.777070 0.412186
0 0.283439 0.415771 0.283439 0.426523 0.280255 0.433692 0.283439 0.433692 0.289809 0.440860 0.296178 0.444444 0.302548 0.444444 0.305732 0.448029 0.312102 0.448029 0.315287 0.451613 0.318471 0.448029 0.328025 0.448029 0.331210 0.451613 0.337580 0.448029 0.337580 0.444444 0.334395 0.444444 0.328025 0.437276 0.289809 0.415771
0 0.668790 0.430108 0.668790 0.433692 0.671975 0.437276 0.671975 0.440860 0.681529 0.451613 0.697452 0.451613 0.700637 0.448029 0.700637 0.437276 0.694268 0.430108 0.691083 0.430108 0.681529 0.422939 0.675159 0.422939
0 0.452229 0.426523 0.452229 0.437276 0.455414 0.440860 0.461783 0.440860 0.464968 0.437276 0.464968 0.433692 0.461783 0.430108 0.461783 0.426523
0 0.525478 0.430108 0.525478 0.444444 0.528662 0.448029 0.531847 0.448029 0.535032 0.451613 0.547771 0.451613 0.550955 0.448029 0.550955 0.433692 0.547771 0.433692 0.544586 0.430108 0.541401 0.430108 0.538217 0.426523 0.531847 0.426523 0.528662 0.430108
0 0.726115 0.430108 0.726115 0.440860 0.729299 0.440860 0.732484 0.444444 0.735669 0.440860 0.738854 0.440860 0.738854 0.433692 0.735669 0.430108
0 0.426752 0.433692 0.423567 0.437276 0.423567 0.458781 0.426752 0.462366 0.426752 0.469534 0.429936 0.473118 0.439490 0.473118 0.445860 0.462366 0.445860 0.458781 0.442675 0.455197 0.442675 0.448029 0.429936 0.433692
0 0.786624 0.440860 0.786624 0.444444 0.789809 0.448029 0.802548 0.448029 0.802548 0.440860 0.799363 0.440860 0.796178 0.437276 0.789809 0.437276
0 0.878981 0.440860 0.875796 0.440860 0.872611 0.437276 0.866242 0.437276 0.863057 0.440860 0.856688 0.440860 0.856688 0.444444 0.853503 0.448029 0.853503 0.458781 0.856688 0.458781 0.859873 0.462366 0.872611 0.462366 0.878981 0.455197
0 0.748408 0.448029 0.748408 0.465950 0.757962 0.476703 0.773885 0.476703 0.780255 0.469534 0.780255 0.462366 0.770701 0.451613 0.767516 0.451613 0.764331 0.448029
0 0.649682 0.451613 0.649682 0.455197 0.659236 0.465950 0.662420 0.465950 0.665605 0.469534 0.668790 0.465950 0.671975 0.465950 0.671975 0.462366 0.668790 0.458781 0.665605 0.458781 0.662420 0.455197 0.659236 0.455197 0.656051 0.451613
0 0.375796 0.458781 0.372611 0.462366 0.372611 0.469534 0.375796 0.473118 0.375796 0.476703 0.382166 0.483871 0.382166 0.487455 0.388535 0.494624 0.398089 0.494624 0.404459 0.487455 0.404459 0.480287 0.398089 0.473118 0.398089 0.469534 0.394904 0.465950 0.391720 0.465950 0.382166 0.458781
0 0.493631 0.462366 0.493631 0.480287 0.500000 0.487455 0.509554 0.487455 0.512739 0.483871 0.515924 0.483871 0.515924 0.480287 0.519108 0.476703 0.525478 0.476703 0.525478 0.469534 0.515924 0.462366 0.509554 0.462366 0.506369 0.458781 0.500000 0.458781 0.496815 0.462366
0 0.828025 0.469534 0.821656 0.462366 0.808917 0.462366 0.799363 0.469534 0.799363 0.476703 0.796178 0.480287 0.802548 0.487455 0.815287 0.487455 0.818471 0.483871 0.821656 0.483871 0.828025 0.476703
0 0.331210 0.465950 0.328025 0.469534 0.328025 0.476703 0.331210 0.480287 0.331210 0.483871 0.337580 0.491039 0.340764 0.491039 0.343949 0.494624 0.350318 0.494624 0.353503 0.491039 0.353503 0.483871 0.350318 0.480287 0.350318 0.476703 0.347134 0.473118 0.347134 0.469534 0.343949 0.465950
0 0.636943 0.473118 0.636943 0.476703 0.633758 0.480287 0.633758 0.491039 0.636943 0.494624 0.636943 0.498208 0.652866 0.498208 0.656051 0.494624 0.656051 0.473118 0.652866 0.473118 0.649682 0.469534 0.643312 0.469534 0.640127 0.473118
0 0.455414 0.480287 0.455414 0.494624 0.461783 0.501792 0.474522 0.501792 0.477707 0.498208 0.480892 0.498208 0.480892 0.480287 0.474522 0.473118 0.461783 0.473118
0 0.560510 0.473118 0.554140 0.480287 0.554140 0.494624 0.560510 0.501792 0.570064 0.501792 0.579618 0.491039 0.579618 0.476703 0.576433 0.473118
0 0.859873 0.483871 0.863057 0.487455 0.872611 0.487455 0.875796 0.491039 0.878981 0.487455 0.885350 0.487455 0.885350 0.483871 0.882166 0.480287 0.878981 0.480287 0.875796 0.476703 0.872611 0.480287 0.869427 0.476703 0.866242 0.476703
0 0.684713 0.487455 0.675159 0.498208 0.675159 0.508961 0.678344 0.512545 0.681529 0.512545 0.684713 0.516129 0.694268 0.516129 0.700637 0.508961 0.700637 0.494624 0.697452 0.491039 0.694268 0.491039 0.691083 0.487455
0 0.818471 0.494624 0.805732 0.494624 0.802548 0.498208 0.799363 0.498208 0.796178 0.501792 0.796178 0.512545 0.799363 0.512545 0.802548 0.516129 0.805732 0.516129 0.808917 0.512545 0.815287 0.512545 0.821656 0.505376 0.821656 0.501792 0.818471 0.498208
0 0.735669 0.501792 0.735669 0.512545 0.738854 0.516129 0.754777 0.516129 0.757962 0.512545 0.761146 0.512545 0.761146 0.501792 0.757962 0.498208 0.738854 0.498208
0 0.872611 0.501792 0.866242 0.501792 0.863057 0.505376 0.859873 0.505376 0.856688 0.508961 0.856688 0.519713 0.859873 0.519713 0.863057 0.523297 0.869427 0.523297 0.872611 0.519713 0.875796 0.519713 0.878981 0.516129 0.878981 0.508961
0 0.337580 0.516129 0.337580 0.526882 0.350318 0.541219 0.366242 0.541219 0.366242 0.537634 0.369427 0.534050 0.363057 0.526882 0.353503 0.526882 0.343949 0.516129
0 0.783439 0.530466 0.783439 0.541219 0.786624 0.544803 0.796178 0.544803 0.799363 0.541219 0.805732 0.541219 0.808917 0.537634 0.808917 0.526882 0.805732 0.523297 0.792994 0.523297 0.789809 0.526882 0.786624 0.526882
0 0.544586 0.537634 0.544586 0.541219 0.541401 0.544803 0.544586 0.548387 0.544586 0.551971 0.560510 0.551971 0.560510 0.548387 0.563694 0.544803 0.560510 0.541219 0.560510 0.537634 0.557325 0.537634 0.554140 0.534050 0.550955 0.534050 0.547771 0.537634
0 0.710191 0.537634 0.707006 0.537634 0.703822 0.534050 0.700637 0.534050 0.697452 0.537634 0.691083 0.537634 0.687898 0.541219 0.687898 0.555556 0.694268 0.562724 0.700637 0.562724 0.703822 0.559140 0.707006 0.559140 0.713376 0.551971 0.713376 0.541219
0 0.468153 0.541219 0.464968 0.544803 0.464968 0.562724 0.471338 0.569892 0.477707 0.569892 0.480892 0.566308 0.480892 0.555556 0.477707 0.551971 0.477707 0.548387 0.471338 0.541219
0 0.853503 0.548387 0.850318 0.544803 0.840764 0.544803 0.834395 0.551971 0.834395 0.559140 0.843949 0.559140 0.847134 0.555556 0.850318 0.555556 0.853503 0.551971
0 0.885350 0.551971 0.891720 0.559140 0.894904 0.559140 0.898089 0.555556 0.901274 0.555556 0.901274 0.551971 0.904459 0.548387 0.901274 0.544803 0.888535 0.544803 0.888535 0.548387
0 0.605096 0.555556 0.605096 0.562724 0.611465 0.569892 0.621019 0.569892 0.624204 0.573477 0.636943 0.573477 0.643312 0.566308 0.643312 0.562724 0.640127 0.559140 0.633758 0.559140 0.630573 0.555556 0.624204 0.555556 0.621019 0.551971 0.608280 0.551971
0 0.331210 0.562724 0.331210 0.569892 0.337580 0.577061 0.337580 0.580645 0.340764 0.584229 0.347134 0.584229 0.350318 0.587814 0.366242 0.587814 0.369427 0.584229 0.369427 0.573477 0.356688 0.559140 0.353503 0.559140 0.350318 0.555556 0.337580 0.555556
0 0.503185 0.559140 0.500000 0.562724 0.500000 0.577061 0.503185 0.580645 0.503185 0.584229 0.512739 0.584229 0.512739 0.566308 0.506369 0.559140
0 0.808917 0.559140 0.805732 0.559140 0.802548 0.562724 0.799363 0.562724 0.799363 0.566308 0.796178 0.569892 0.796178 0.587814 0.802548 0.587814 0.812102 0.577061 0.812102 0.562724
0 0.538217 0.562724 0.531847 0.569892 0.531847 0.573477 0.535032 0.577061 0.535032 0.584229 0.538217 0.587814 0.547771 0.587814 0.550955 0.584229 0.550955 0.569892 0.547771 0.566308 0.544586 0.566308 0.541401 0.562724
0 0.729299 0.562724 0.726115 0.562724 0.722930 0.566308 0.719745 0.566308 0.716561 0.569892 0.716561 0.573477 0.722930 0.580645 0.732484 0.569892 0.732484 0.566308
0 0.719745 0.580645 0.713376 0.573477 0.710191 0.573477 0.707006 0.577061 0.700637 0.577061 0.697452 0.580645 0.697452 0.591398 0.700637 0.594982 0.713376 0.594982 0.716561 0.591398 0.716561 0.587814 0.719745 0.584229
0 0.866242 0.573477 0.853503 0.573477 0.840764 0.587814 0.840764 0.594982 0.847134 0.602151 0.850318 0.602151 0.853503 0.598566 0.859873 0.598566 0.866242 0.591398
0 0.636943 0.577061 0.633758 0.580645 0.633758 0.594982 0.640127 0.602151 0.649682 0.602151 0.652866 0.598566 0.652866 0.584229 0.649682 0.580645 0.643312 0.580645 0.640127 0.577061
0 0.773885 0.577061 0.770701 0.580645 0.764331 0.580645 0.764331 0.584229 0.761146 0.587814 0.761146 0.591398 0.764331 0.594982 0.764331 0.602151 0.767516 0.602151 0.770701 0.605735 0.773885 0.605735 0.780255 0.598566 0.780255 0.584229
0 0.582803 0.584229 0.579618 0.580645 0.570064 0.580645 0.566879 0.584229 0.563694 0.584229 0.560510 0.587814 0.560510 0.602151 0.576433 0.602151 0.582803 0.594982
0 0.324841 0.598566 0.324841 0.602151 0.331210 0.602151 0.334395 0.605735 0.340764 0.605735 0.343949 0.609319 0.350318 0.609319 0.353503 0.612903 0.356688 0.609319 0.359873 0.609319 0.359873 0.602151 0.356688 0.598566 0.356688 0.591398 0.350318 0.591398 0.347134 0.587814 0.337580 0.587814 0.334395 0.591398 0.331210 0.591398
0 0.608280 0.591398 0.605096 0.594982 0.605096 0.605735 0.611465 0.612903 0.624204 0.612903 0.627389 0.609319 0.627389 0.594982 0.624204 0.594982 0.621019 0.591398 0.617834 0.591398 0.614650 0.587814 0.611465 0.591398
0 0.821656 0.587814 0.818471 0.591398 0.815287 0.591398 0.812102 0.594982 0.812102 0.605735 0.821656 0.605735 0.821656 0.602151 0.824841 0.598566 0.824841 0.591398
0 0.487261 0.602151 0.484076 0.605735 0.484076 0.609319 0.480892 0.612903 0.484076 0.616487 0.484076 0.623656 0.493631 0.634409 0.496815 0.634409 0.500000 0.630824 0.500000 0.612903 0.493631 0.605735 0.490446 0.605735
0 0.382166 0.609319 0.382166 0.627240 0.385350 0.630824 0.385350 0.634409 0.388535 0.637993 0.391720 0.637993 0.394904 0.634409 0.394904 0.620072 0.388535 0.612903 0.388535 0.609319
0 0.429936 0.609319 0.426752 0.612903 0.423567 0.612903 0.423567 0.616487 0.420382 0.620072 0.420382 0.627240 0.426752 0.637993 0.429936 0.637993 0.433121 0.641577 0.439490 0.641577 0.445860 0.634409 0.445860 0.623656 0.439490 0.612903 0.436306 0.612903 0.433121 0.609319
0 0.557325 0.616487 0.557325 0.620072 0.554140 0.623656 0.554140 0.627240 0.560510 0.634409 0.566879 0.634409 0.570064 0.637993 0.576433 0.637993 0.579618 0.634409 0.579618 0.630824 0.582803 0.627240 0.582803 0.623656 0.576433 0.616487 0.573248 0.616487 0.570064 0.612903 0.563694 0.612903 0.560510 0.616487
0 0.697452 0.616487 0.697452 0.627240 0.700637 0.630824 0.713376 0.630824 0.716561 0.627240 0.722930 0.627240 0.722930 0.616487 0.719745 0.612903 0.700637 0.612903
0 0.875796 0.630824 0.878981 0.634409 0.888535 0.634409 0.891720 0.630824 0.898089 0.630824 0.904459 0.623656 0.904459 0.616487 0.901274 0.612903 0.885350 0.612903 0.882166 0.616487 0.882166 0.620072 0.878981 0.623656 0.878981 0.627240
0 0.853503 0.616487 0.840764 0.616487 0.834395 0.623656 0.834395 0.630824 0.840764 0.637993 0.843949 0.634409 0.850318 0.634409 0.856688 0.627240 0.856688 0.623656 0.853503 0.620072
0 0.767516 0.627240 0.761146 0.620072 0.757962 0.623656 0.754777 0.623656 0.745223 0.634409 0.748408 0.637993 0.748408 0.641577 0.757962 0.641577 0.767516 0.630824
0 0.796178 0.630824 0.796178 0.637993 0.802548 0.645161 0.808917 0.645161 0.812102 0.641577 0.815287 0.641577 0.815287 0.637993 0.821656 0.630824 0.821656 0.627240 0.818471 0.623656 0.802548 0.623656
0 0.665605 0.637993 0.662420 0.641577 0.662420 0.652330 0.665605 0.655914 0.665605 0.659498 0.668790 0.663082 0.668790 0.666667 0.684713 0.666667 0.687898 0.663082 0.687898 0.659498 0.684713 0.655914 0.684713 0.648746 0.678344 0.641577 0.678344 0.637993
0 0.710191 0.637993 0.707006 0.641577 0.707006 0.645161 0.703822 0.648746 0.707006 0.652330 0.707006 0.655914 0.713376 0.663082 0.722930 0.663082 0.729299 0.655914 0.729299 0.641577 0.726115 0.637993
0 0.522293 0.645161 0.522293 0.659498 0.525478 0.663082 0.531847 0.663082 0.531847 0.648746 0.528662 0.645161
0 0.843949 0.645161 0.834395 0.645161 0.831210 0.648746 0.828025 0.648746 0.824841 0.652330 0.824841 0.655914 0.818471 0.663082 0.818471 0.666667 0.824841 0.673835 0.837580 0.673835 0.850318 0.659498 0.850318 0.655914
0 0.592357 0.652330 0.589172 0.648746 0.576433 0.648746 0.573248 0.652330 0.570064 0.652330 0.570064 0.655914 0.566879 0.659498 0.566879 0.666667 0.570064 0.670251 0.570064 0.673835 0.579618 0.673835 0.592357 0.659498
0 0.289809 0.659498 0.289809 0.666667 0.302548 0.677419 0.334395 0.677419 0.340764 0.670251 0.340764 0.666667 0.337580 0.663082 0.315287 0.663082 0.308917 0.652330 0.308917 0.655914 0.305732 0.659498
0 0.480892 0.652330 0.477707 0.655914 0.477707 0.666667 0.480892 0.670251 0.480892 0.677419 0.487261 0.684588 0.490446 0.684588 0.496815 0.677419 0.496815 0.666667 0.493631 0.663082 0.493631 0.659498 0.487261 0.652330
0 0.780255 0.652330 0.773885 0.652330 0.770701 0.655914 0.767516 0.655914 0.764331 0.659498 0.764331 0.677419 0.767516 0.677419 0.770701 0.673835 0.773885 0.673835 0.780255 0.666667
0 0.633758 0.663082 0.633758 0.666667 0.630573 0.670251 0.630573 0.677419 0.636943 0.684588 0.643312 0.684588 0.646497 0.681004 0.652866 0.681004 0.652866 0.663082 0.649682 0.663082 0.646497 0.659498 0.640127 0.659498 0.636943 0.663082
0 0.407643 0.663082 0.404459 0.666667 0.404459 0.677419 0.407643 0.681004 0.407643 0.684588 0.410828 0.684588 0.414013 0.688172 0.426752 0.688172 0.429936 0.684588 0.429936 0.677419 0.426752 0.673835 0.426752 0.670251 0.420382 0.663082
0 0.528662 0.684588 0.522293 0.684588 0.519108 0.688172 0.519108 0.691756 0.515924 0.695341 0.515924 0.716846 0.528662 0.716846 0.535032 0.709677 0.535032 0.691756
0 0.681529 0.695341 0.687898 0.702509 0.691083 0.702509 0.694268 0.698925 0.700637 0.698925 0.700637 0.691756 0.694268 0.684588 0.687898 0.684588 0.684713 0.688172 0.684713 0.691756
0 0.821656 0.691756 0.818471 0.691756 0.815287 0.688172 0.808917 0.688172 0.799363 0.698925 0.799363 0.706093 0.802548 0.709677 0.812102 0.709677 0.821656 0.698925
0 0.563694 0.691756 0.563694 0.695341 0.560510 0.698925 0.560510 0.706093 0.563694 0.709677 0.563694 0.716846 0.566879 0.720430 0.570064 0.720430 0.576433 0.713262 0.576433 0.695341 0.573248 0.691756
0 0.627389 0.695341 0.624204 0.698925 0.624204 0.713262 0.630573 0.720430 0.636943 0.720430 0.643312 0.713262 0.643312 0.706093 0.640127 0.702509 0.640127 0.698925 0.636943 0.695341
0 0.334395 0.724014 0.334395 0.731183 0.343949 0.738351 0.366242 0.738351 0.372611 0.731183 0.372611 0.727599 0.369427 0.724014 0.363057 0.724014 0.359873 0.720430 0.337580 0.720430
0 0.745223 0.724014 0.738854 0.724014 0.735669 0.727599 0.732484 0.727599 0.729299 0.731183 0.729299 0.745520 0.738854 0.756272 0.742038 0.752688 0.745223 0.752688 0.751592 0.745520 0.751592 0.741935 0.754777 0.738351 0.751592 0.734767 0.751592 0.731183
0 0.187898 0.731183 0.184713 0.727599 0.175159 0.727599 0.171975 0.731183 0.162420 0.731183 0.159236 0.734767 0.159236 0.738351 0.168790 0.738351 0.171975 0.734767 0.187898 0.734767
0 0.417197 0.731183 0.417197 0.738351 0.420382 0.741935 0.420382 0.752688 0.423567 0.756272 0.423567 0.759857 0.426752 0.763441 0.429936 0.774194 0.433121 0.777778 0.436306 0.777778 0.436306 0.759857 0.433121 0.756272 0.433121 0.749104 0.429936 0.745520 0.426752 0.734767 0.423567 0.731183
0 0.608280 0.731183 0.605096 0.734767 0.605096 0.745520 0.608280 0.749104 0.617834 0.749104 0.621019 0.745520 0.621019 0.741935 0.617834 0.738351 0.617834 0.734767 0.614650 0.734767 0.611465 0.731183
0 0.828025 0.738351 0.824841 0.738351 0.821656 0.734767 0.818471 0.734767 0.815287 0.738351 0.808917 0.738351 0.805732 0.741935 0.805732 0.745520 0.802548 0.749104 0.802548 0.752688 0.808917 0.759857 0.821656 0.759857 0.828025 0.752688
0 0.363057 0.749104 0.363057 0.759857 0.366242 0.763441 0.378981 0.763441 0.382166 0.767025 0.404459 0.767025 0.404459 0.763441 0.407643 0.759857 0.404459 0.749104 0.394904 0.741935 0.382166 0.741935 0.378981 0.738351 0.372611 0.738351
0 0.458599 0.745520 0.455414 0.749104 0.458599 0.752688 0.458599 0.759857 0.468153 0.770609 0.468153 0.774194 0.471338 0.777778 0.471338 0.784946 0.477707 0.784946 0.477707 0.767025 0.474522 0.763441 0.474522 0.756272 0.471338 0.752688 0.471338 0.749104 0.468153 0.749104 0.464968 0.745520
0 0.503185 0.745520 0.503185 0.759857 0.506369 0.763441 0.506369 0.767025 0.509554 0.770609 0.512739 0.770609 0.512739 0.752688 0.509554 0.749104 0.509554 0.745520
0 0.662420 0.745520 0.659236 0.749104 0.659236 0.767025 0.662420 0.770609 0.671975 0.770609 0.678344 0.763441 0.678344 0.749104 0.675159 0.745520
0 0.707006 0.749104 0.703822 0.752688 0.700637 0.752688 0.700637 0.756272 0.697452 0.759857 0.697452 0.774194 0.703822 0.781362 0.713376 0.781362 0.719745 0.774194 0.719745 0.756272 0.713376 0.749104
0 0.589172 0.756272 0.589172 0.759857 0.585987 0.763441 0.585987 0.770609 0.589172 0.774194 0.589172 0.777778 0.592357 0.781362 0.601911 0.781362 0.608280 0.774194 0.608280 0.767025 0.598726 0.756272
0 0.366242 0.767025 0.369427 0.770609 0.369427 0.781362 0.378981 0.781362 0.382166 0.784946 0.391720 0.784946 0.394904 0.788530 0.407643 0.788530 0.410828 0.792115 0.414013 0.788530 0.414013 0.781362 0.410828 0.777778 0.407643 0.777778 0.404459 0.774194 0.404459 0.770609 0.382166 0.770609 0.378981 0.767025
0 0.525478 0.770609 0.525478 0.788530 0.531847 0.795699 0.535032 0.792115 0.535032 0.784946 0.531847 0.781362 0.531847 0.774194 0.528662 0.770609
0 0.570064 0.770609 0.566879 0.774194 0.566879 0.784946 0.570064 0.788530 0.576433 0.788530 0.576433 0.774194 0.573248 0.774194
0 0.802548 0.777778 0.799363 0.777778 0.796178 0.774194 0.786624 0.774194 0.783439 0.777778 0.780255 0.777778 0.777070 0.781362 0.777070 0.792115 0.780255 0.795699 0.792994 0.795699 0.799363 0.788530 0.799363 0.784946 0.802548 0.781362
0 0.359873 0.792115 0.366242 0.806452 0.378981 0.810036 0.382166 0.813620 0.388535 0.813620 0.391720 0.817204 0.401274 0.817204 0.404459 0.820789 0.407643 0.817204 0.417197 0.817204 0.420382 0.813620 0.420382 0.802867 0.417197 0.795699 0.410828 0.795699 0.407643 0.792115 0.394904 0.792115 0.391720 0.788530 0.382166 0.788530 0.378981 0.784946 0.366242 0.784946
0 0.633758 0.788530 0.633758 0.795699 0.636943 0.799283 0.649682 0.799283 0.649682 0.792115 0.643312 0.784946 0.640127 0.784946 0.636943 0.788530
0 0.745223 0.792115 0.738854 0.784946 0.729299 0.784946 0.726115 0.788530 0.722930 0.788530 0.716561 0.795699 0.716561 0.802867 0.722930 0.810036 0.732484 0.810036 0.735669 0.806452 0.738854 0.806452 0.742038 0.802867 0.745223 0.802867
0 0.665605 0.792115 0.665605 0.802867 0.671975 0.810036 0.687898 0.810036 0.694268 0.802867 0.694268 0.799283 0.691083 0.795699 0.691083 0.792115 0.687898 0.788530 0.668790 0.788530
0 0.821656 0.792115 0.815287 0.792115 0.808917 0.799283 0.808917 0.802867 0.805732 0.806452 0.805732 0.810036 0.808917 0.813620 0.818471 0.813620 0.824841 0.806452 0.824841 0.795699
0 0.245223 0.799283 0.245223 0.802867 0.270701 0.802867 0.267516 0.799283 0.257962 0.799283 0.254777 0.795699 0.248408 0.795699
0 0.560510 0.802867 0.550955 0.802867 0.547771 0.806452 0.544586 0.806452 0.538217 0.813620 0.538217 0.820789 0.541401 0.824373 0.547771 0.824373 0.550955 0.827957 0.554140 0.827957 0.557325 0.824373 0.560510 0.824373 0.563694 0.820789 0.566879 0.820789 0.566879 0.806452 0.563694 0.806452
0 0.662420 0.824373 0.662420 0.835125 0.665605 0.838710 0.678344 0.838710 0.681529 0.835125 0.684713 0.835125 0.687898 0.831541 0.691083 0.831541 0.691083 0.820789 0.687898 0.817204 0.684713 0.817204 0.681529 0.813620 0.671975 0.813620
0 0.178344 0.820789 0.156051 0.820789 0.152866 0.824373 0.143312 0.824373 0.140127 0.827957 0.136943 0.827957 0.133758 0.831541 0.133758 0.835125 0.152866 0.835125 0.156051 0.831541 0.162420 0.831541 0.165605 0.827957 0.175159 0.827957 0.178344 0.824373
0 0.621019 0.824373 0.621019 0.831541 0.617834 0.835125 0.621019 0.838710 0.621019 0.842294 0.624204 0.845878 0.633758 0.845878 0.636943 0.842294 0.640127 0.842294 0.640127 0.838710 0.643312 0.835125 0.643312 0.831541 0.636943 0.824373
0 0.780255 0.824373 0.780255 0.842294 0.783439 0.845878 0.789809 0.845878 0.792994 0.842294 0.792994 0.831541 0.786624 0.824373
0 0.592357 0.831541 0.582803 0.831541 0.576433 0.838710 0.576433 0.842294 0.573248 0.845878 0.573248 0.849462 0.576433 0.853047 0.576433 0.856631 0.582803 0.856631 0.595541 0.842294 0.595541 0.835125
0 0.503185 0.835125 0.503185 0.842294 0.500000 0.845878 0.500000 0.856631 0.506369 0.863799 0.512739 0.863799 0.515924 0.860215 0.515924 0.849462 0.512739 0.845878 0.512739 0.835125
0 0.751592 0.835125 0.745223 0.842294 0.745223 0.845878 0.742038 0.849462 0.745223 0.853047 0.745223 0.860215 0.748408 0.863799 0.761146 0.863799 0.764331 0.860215 0.764331 0.856631 0.767516 0.853047 0.767516 0.845878 0.764331 0.842294 0.764331 0.838710 0.761146 0.835125
0 0.891720 0.835125 0.885350 0.835125 0.885350 0.838710 0.882166 0.842294 0.882166 0.845878 0.875796 0.856631 0.875796 0.860215 0.878981 0.863799 0.878981 0.867384 0.885350 0.874552 0.888535 0.874552 0.894904 0.867384 0.894904 0.842294 0.891720 0.838710
0 0.385350 0.845878 0.385350 0.853047 0.391720 0.860215 0.394904 0.860215 0.404459 0.867384 0.414013 0.867384 0.417197 0.870968 0.423567 0.870968 0.426752 0.874552 0.429936 0.874552 0.433121 0.870968 0.433121 0.863799 0.417197 0.853047 0.410828 0.853047 0.407643 0.849462 0.398089 0.849462 0.394904 0.845878
0 0.621019 0.860215 0.621019 0.863799 0.627389 0.870968 0.630573 0.870968 0.633758 0.874552 0.636943 0.874552 0.640127 0.870968 0.646497 0.870968 0.646497 0.867384 0.649682 0.863799 0.649682 0.860215 0.643312 0.853047 0.627389 0.853047
0 0.480892 0.863799 0.480892 0.881720 0.487261 0.888889 0.490446 0.888889 0.493631 0.892473 0.496815 0.892473 0.496815 0.888889 0.500000 0.885305 0.500000 0.881720 0.496815 0.878136 0.496815 0.874552 0.490446 0.867384 0.490446 0.863799
0 0.777070 0.867384 0.770701 0.867384 0.767516 0.870968 0.764331 0.870968 0.764331 0.881720 0.767516 0.881720 0.770701 0.885305 0.773885 0.885305 0.780255 0.878136 0.780255 0.870968
0 0.353503 0.870968 0.353503 0.878136 0.356688 0.881720 0.363057 0.881720 0.366242 0.885305 0.382166 0.885305 0.385350 0.888889 0.407643 0.888889 0.401274 0.881720 0.398089 0.881720 0.394904 0.878136 0.385350 0.878136 0.382166 0.874552 0.372611 0.874552 0.369427 0.870968
0 0.560510 0.874552 0.557325 0.878136 0.557325 0.896057 0.560510 0.896057 0.563694 0.899642 0.570064 0.899642 0.573248 0.896057 0.576433 0.896057 0.576433 0.878136 0.573248 0.874552
0 0.662420 0.885305 0.662420 0.892473 0.665605 0.896057 0.678344 0.896057 0.681529 0.892473 0.684713 0.892473 0.687898 0.888889 0.687898 0.885305 0.684713 0.881720 0.684713 0.878136 0.681529 0.874552 0.671975 0.874552
0 0.617834 0.885305 0.617834 0.896057 0.621019 0.899642 0.624204 0.899642 0.627389 0.903226 0.633758 0.903226 0.636943 0.899642 0.640127 0.899642 0.643312 0.896057 0.643312 0.888889 0.636943 0.881720 0.621019 0.881720
0 0.875796 0.892473 0.863057 0.892473 0.863057 0.896057 0.859873 0.899642 0.859873 0.910394 0.866242 0.910394 0.875796 0.899642
0 0.359873 0.906810 0.369427 0.921147 0.378981 0.924731 0.385350 0.935484 0.391720 0.939068 0.439490 0.939068 0.445860 0.931900 0.445860 0.924731 0.433121 0.910394 0.417197 0.903226 0.404459 0.903226 0.401274 0.899642 0.366242 0.899642
0 0.461783 0.899642 0.458599 0.903226 0.458599 0.910394 0.464968 0.917563 0.464968 0.924731 0.468153 0.928315 0.468153 0.935484 0.471338 0.935484 0.474522 0.939068 0.477707 0.939068 0.484076 0.931900 0.484076 0.921147 0.480892 0.917563 0.480892 0.913978 0.471338 0.903226 0.468153 0.903226 0.464968 0.899642
0 0.783439 0.903226 0.780255 0.903226 0.777070 0.899642 0.773885 0.899642 0.764331 0.910394 0.764331 0.924731 0.767516 0.928315 0.780255 0.928315 0.786624 0.921147 0.786624 0.906810
0 0.694268 0.906810 0.691083 0.903226 0.687898 0.903226 0.684713 0.906810 0.678344 0.906810 0.675159 0.910394 0.671975 0.910394 0.671975 0.921147 0.675159 0.924731 0.684713 0.924731 0.687898 0.921147 0.691083 0.921147 0.694268 0.917563
0 0.821656 0.903226 0.818471 0.903226 0.812102 0.910394 0.812102 0.931900 0.821656 0.931900 0.828025 0.924731 0.828025 0.910394
0 0.646497 0.913978 0.643312 0.917563 0.643312 0.928315 0.646497 0.931900 0.652866 0.931900 0.652866 0.928315 0.656051 0.924731 0.652866 0.921147 0.652866 0.913978
0 0.617834 0.921147 0.608280 0.931900 0.608280 0.939068 0.614650 0.946237 0.624204 0.946237 0.627389 0.942652 0.627389 0.939068 0.630573 0.935484 0.630573 0.928315 0.624204 0.921147
0 0.898089 0.921147 0.885350 0.921147 0.882166 0.924731 0.882166 0.928315 0.878981 0.931900 0.878981 0.942652 0.885350 0.949821 0.891720 0.949821 0.894904 0.946237 0.898089 0.946237 0.898089 0.939068 0.901274 0.935484 0.901274 0.928315 0.898089 0.924731
0 0.544586 0.935484 0.541401 0.939068 0.541401 0.956989 0.547771 0.964158 0.554140 0.964158 0.560510 0.956989 0.560510 0.949821 0.557325 0.946237 0.557325 0.939068 0.554140 0.935484
0 0.582803 0.939068 0.579618 0.942652 0.579618 0.960573 0.582803 0.960573 0.585987 0.964158 0.589172 0.964158 0.592357 0.960573 0.592357 0.946237 0.585987 0.939068
