0 0.544586 0.143369 0.544586 0.154122 0.550955 0.161290 0.570064 0.161290 0.579618 0.150538 0.579618 0.146953 0.576433 0.143369 0.576433 0.139785 0.573248 0.136201 0.566879 0.136201 0.563694 0.132616 0.557325 0.132616 0.554140 0.136201 0.550955 0.136201
0 0.713376 0.154122 0.703822 0.146953 0.697452 0.146953 0.694268 0.150538 0.678344 0.150538 0.675159 0.154122 0.675159 0.161290 0.681529 0.168459 0.703822 0.168459 0.713376 0.161290
0 0.251592 0.164875 0.248408 0.164875 0.238854 0.172043 0.232484 0.172043 0.229299 0.175627 0.226115 0.175627 0.216561 0.186380 0.207006 0.189964 0.203822 0.193548 0.203822 0.200717 0.235669 0.200717 0.235669 0.197133 0.245223 0.189964 0.245223 0.186380 0.248408 0.182796 0.248408 0.175627 0.251592 0.172043
0 0.754777 0.175627 0.761146 0.186380 0.770701 0.186380 0.773885 0.189964 0.777070 0.186380 0.783439 0.186380 0.786624 0.182796 0.789809 0.182796 0.789809 0.172043 0.780255 0.164875 0.767516 0.164875 0.764331 0.168459 0.757962 0.168459 0.757962 0.172043
0 0.009554 0.207885 0.003185 0.215054 0.003185 0.222222 0.006369 0.225806 0.009554 0.225806 0.019108 0.236559 0.028662 0.236559 0.031847 0.232975 0.031847 0.215054 0.025478 0.207885 0.022293 0.207885 0.019108 0.204301 0.015924 0.204301 0.012739 0.207885
0 0.286624 0.222222 0.286624 0.225806 0.296178 0.236559 0.308917 0.236559 0.315287 0.229391 0.315287 0.222222 0.308917 0.215054 0.292994 0.215054
0 0.210191 0.229391 0.210191 0.240143 0.213376 0.243728 0.226115 0.243728 0.229299 0.240143 0.232484 0.240143 0.232484 0.236559 0.235669 0.232975 0.235669 0.222222 0.216561 0.222222
0 0.175159 0.229391 0.171975 0.225806 0.159236 0.225806 0.143312 0.243728 0.143312 0.250896 0.146497 0.254480 0.162420 0.254480 0.165605 0.250896 0.168790 0.250896 0.175159 0.243728
0 0.254777 0.225806 0.251592 0.229391 0.251592 0.240143 0.264331 0.240143 0.267516 0.236559 0.267516 0.229391 0.264331 0.225806
0 0.885350 0.258065 0.875796 0.258065 0.863057 0.272401 0.863057 0.286738 0.866242 0.290323 0.875796 0.290323 0.878981 0.293907 0.882166 0.290323 0.885350 0.290323 0.894904 0.279570 0.894904 0.265233
0 0.601911 0.318996 0.595541 0.329749 0.595541 0.333333 0.598726 0.336918 0.598726 0.340502 0.608280 0.347670 0.614650 0.347670 0.617834 0.344086 0.621019 0.344086 0.624204 0.340502 0.624204 0.329749 0.617834 0.322581 0.617834 0.318996
0 0.563694 0.326165 0.557325 0.333333 0.557325 0.336918 0.560510 0.340502 0.560510 0.344086 0.563694 0.344086 0.566879 0.347670 0.570064 0.344086 0.573248 0.344086 0.573248 0.333333 0.570064 0.329749 0.566879 0.329749
0 0.869427 0.326165 0.859873 0.326165 0.856688 0.329749 0.853503 0.329749 0.843949 0.340502 0.843949 0.347670 0.853503 0.354839 0.863057 0.354839 0.866242 0.351254 0.869427 0.351254 0.875796 0.344086 0.875796 0.333333
0 0.547771 0.340502 0.541401 0.333333 0.531847 0.333333 0.528662 0.336918 0.525478 0.336918 0.519108 0.347670 0.519108 0.354839 0.522293 0.358423 0.522293 0.362007 0.538217 0.362007 0.541401 0.358423 0.541401 0.354839 0.544586 0.351254 0.544586 0.347670 0.547771 0.344086
0 0.133758 0.347670 0.117834 0.347670 0.111465 0.354839 0.108280 0.354839 0.105096 0.358423 0.101911 0.358423 0.098726 0.362007 0.098726 0.365591 0.095541 0.369176 0.095541 0.372760 0.101911 0.372760 0.105096 0.369176 0.111465 0.369176 0.114650 0.365591 0.117834 0.365591 0.124204 0.358423 0.127389 0.358423 0.133758 0.351254
0 0.875796 0.379928 0.872611 0.376344 0.866242 0.376344 0.863057 0.372760 0.859873 0.372760 0.856688 0.376344 0.853503 0.376344 0.847134 0.383513 0.847134 0.394265 0.853503 0.401434 0.866242 0.401434 0.869427 0.397849 0.872611 0.397849 0.872611 0.394265 0.875796 0.390681
0 0.455414 0.383513 0.452229 0.379928 0.449045 0.379928 0.445860 0.376344 0.442675 0.376344 0.439490 0.379928 0.436306 0.379928 0.433121 0.383513 0.429936 0.383513 0.429936 0.387097 0.426752 0.390681 0.426752 0.394265 0.433121 0.405018 0.445860 0.405018 0.455414 0.397849
0 0.054140 0.387097 0.047771 0.387097 0.044586 0.390681 0.038217 0.390681 0.035032 0.394265 0.031847 0.394265 0.019108 0.408602 0.019108 0.422939 0.025478 0.430108 0.028662 0.430108 0.031847 0.433692 0.035032 0.430108 0.041401 0.430108 0.047771 0.422939 0.047771 0.419355 0.054140 0.408602
0 0.334395 0.387097 0.318471 0.387097 0.312102 0.394265 0.308917 0.394265 0.299363 0.405018 0.299363 0.408602 0.305732 0.415771 0.318471 0.415771 0.334395 0.397849
0 0.824841 0.390681 0.815287 0.390681 0.812102 0.394265 0.808917 0.394265 0.802548 0.401434 0.802548 0.415771 0.805732 0.419355 0.815287 0.419355 0.818471 0.415771 0.821656 0.415771 0.824841 0.412186 0.824841 0.408602 0.828025 0.405018 0.828025 0.394265
0 0.277070 0.397849 0.273885 0.394265 0.257962 0.394265 0.254777 0.397849 0.248408 0.397849 0.245223 0.401434 0.242038 0.401434 0.242038 0.405018 0.238854 0.408602 0.238854 0.419355 0.245223 0.426523 0.257962 0.426523 0.261146 0.422939 0.267516 0.422939 0.270701 0.419355 0.273885 0.419355 0.280255 0.412186 0.280255 0.405018 0.277070 0.401434
0 0.200637 0.405018 0.200637 0.415771 0.203822 0.419355 0.210191 0.419355 0.213376 0.422939 0.216561 0.422939 0.219745 0.419355 0.226115 0.419355 0.232484 0.412186 0.232484 0.405018 0.226115 0.397849 0.207006 0.397849
0 0.175159 0.422939 0.165605 0.422939 0.162420 0.426523 0.159236 0.426523 0.156051 0.430108 0.156051 0.433692 0.152866 0.437276 0.152866 0.448029 0.162420 0.448029 0.165605 0.444444 0.165605 0.440860 0.168790 0.437276 0.168790 0.433692 0.175159 0.426523
0 0.356688 0.426523 0.353503 0.422939 0.347134 0.426523 0.340764 0.426523 0.328025 0.433692 0.312102 0.448029 0.308917 0.448029 0.305732 0.451613 0.305732 0.465950 0.321656 0.465950 0.328025 0.458781 0.343949 0.455197 0.356688 0.440860
0 0.882166 0.430108 0.878981 0.430108 0.875796 0.426523 0.872611 0.430108 0.866242 0.430108 0.863057 0.433692 0.863057 0.437276 0.856688 0.444444 0.856688 0.455197 0.859873 0.458781 0.869427 0.458781 0.885350 0.440860 0.885350 0.437276 0.882166 0.433692
0 0.057325 0.430108 0.054140 0.433692 0.044586 0.437276 0.038217 0.444444 0.035032 0.444444 0.035032 0.448029 0.031847 0.451613 0.031847 0.462366 0.035032 0.465950 0.044586 0.469534 0.047771 0.465950 0.050955 0.465950 0.057325 0.458781 0.057325 0.455197 0.060510 0.451613 0.060510 0.433692
0 0.302548 0.451613 0.283439 0.451613 0.257962 0.465950 0.242038 0.480287 0.242038 0.487455 0.248408 0.487455 0.251592 0.491039 0.254777 0.487455 0.264331 0.487455 0.273885 0.480287 0.280255 0.480287 0.299363 0.462366 0.302548 0.462366
0 0.340764 0.458781 0.337580 0.458781 0.334395 0.462366 0.328025 0.462366 0.324841 0.465950 0.324841 0.469534 0.318471 0.480287 0.318471 0.498208 0.321656 0.501792 0.331210 0.501792 0.334395 0.498208 0.334395 0.494624 0.337580 0.491039 0.337580 0.487455 0.343949 0.476703 0.343949 0.462366
0 0.003185 0.469534 0.003185 0.491039 0.015924 0.491039 0.015924 0.480287 0.012739 0.476703 0.009554 0.476703
0 0.656051 0.480287 0.649682 0.476703 0.621019 0.494624 0.614650 0.494624 0.598726 0.505376 0.592357 0.512545 0.592357 0.516129 0.601911 0.516129 0.605096 0.512545 0.621019 0.512545 0.643312 0.498208 0.649682 0.498208 0.656051 0.487455
0 0.407643 0.480287 0.391720 0.480287 0.385350 0.487455 0.385350 0.508961 0.382166 0.512545 0.382166 0.530466 0.394904 0.530466 0.401274 0.523297 0.401274 0.519713 0.404459 0.516129 0.404459 0.508961 0.407643 0.505376
0 0.710191 0.483871 0.703822 0.491039 0.703822 0.501792 0.707006 0.505376 0.707006 0.508961 0.710191 0.512545 0.710191 0.516129 0.722930 0.516129 0.722930 0.501792 0.719745 0.498208 0.719745 0.491039 0.713376 0.483871
0 0.732484 0.487455 0.732484 0.508961 0.735669 0.512545 0.751592 0.512545 0.754777 0.508961 0.757962 0.508961 0.757962 0.501792 0.761146 0.498208 0.757962 0.494624 0.757962 0.491039 0.751592 0.483871 0.735669 0.483871
0 0.054140 0.487455 0.044586 0.487455 0.041401 0.491039 0.038217 0.491039 0.038217 0.494624 0.028662 0.505376 0.028662 0.516129 0.031847 0.519713 0.035032 0.519713 0.038217 0.516129 0.041401 0.516129 0.057325 0.498208 0.057325 0.491039
0 0.238854 0.508961 0.235669 0.508961 0.232484 0.505376 0.229299 0.505376 0.226115 0.508961 0.222930 0.508961 0.213376 0.519713 0.213376 0.523297 0.210191 0.526882 0.210191 0.530466 0.216561 0.537634 0.219745 0.537634 0.222930 0.534050 0.226115 0.534050 0.238854 0.519713
0 0.525478 0.512545 0.515924 0.512545 0.506369 0.523297 0.506369 0.526882 0.496815 0.537634 0.496815 0.541219 0.493631 0.544803 0.496815 0.548387 0.496815 0.551971 0.509554 0.551971 0.519108 0.541219 0.519108 0.537634 0.525478 0.530466
0 0.063694 0.534050 0.060510 0.530466 0.050955 0.530466 0.047771 0.534050 0.044586 0.534050 0.035032 0.544803 0.035032 0.548387 0.022293 0.559140 0.022293 0.566308 0.025478 0.569892 0.035032 0.573477 0.047771 0.562724 0.050955 0.562724 0.060510 0.551971
0 0.783439 0.530466 0.777070 0.530466 0.770701 0.537634 0.770701 0.544803 0.767516 0.548387 0.780255 0.548387 0.780255 0.541219 0.783439 0.537634
0 0.121019 0.551971 0.117834 0.548387 0.108280 0.548387 0.105096 0.551971 0.101911 0.551971 0.098726 0.555556 0.095541 0.555556 0.092357 0.559140 0.089172 0.559140 0.085987 0.562724 0.085987 0.569892 0.089172 0.573477 0.101911 0.573477 0.105096 0.569892 0.108280 0.569892 0.111465 0.566308 0.114650 0.566308 0.117834 0.562724 0.121019 0.562724
0 0.882166 0.566308 0.882166 0.573477 0.885350 0.577061 0.885350 0.580645 0.888535 0.584229 0.891720 0.584229 0.894904 0.587814 0.904459 0.587814 0.907643 0.584229 0.907643 0.580645 0.898089 0.569892 0.894904 0.569892 0.891720 0.566308
0 0.152866 0.577061 0.146497 0.569892 0.140127 0.569892 0.098726 0.594982 0.095541 0.602151 0.095541 0.627240 0.111465 0.623656 0.117834 0.616487 0.143312 0.602151 0.152866 0.587814
0 0.761146 0.573477 0.761146 0.584229 0.764331 0.587814 0.764331 0.591398 0.767516 0.594982 0.777070 0.594982 0.783439 0.587814 0.783439 0.580645 0.777070 0.573477 0.773885 0.573477 0.770701 0.577061 0.764331 0.577061
0 0.808917 0.573477 0.802548 0.573477 0.796178 0.580645 0.796178 0.584229 0.792994 0.587814 0.792994 0.594982 0.796178 0.598566 0.796178 0.602151 0.808917 0.602151 0.815287 0.594982 0.815287 0.591398 0.818471 0.587814 0.818471 0.584229
0 0.340764 0.584229 0.337580 0.587814 0.334395 0.587814 0.331210 0.591398 0.331210 0.598566 0.337580 0.605735 0.340764 0.605735 0.343949 0.609319 0.347134 0.609319 0.350318 0.605735 0.353503 0.605735 0.356688 0.602151 0.356688 0.594982 0.350318 0.587814 0.347134 0.587814 0.343949 0.584229
0 0.834395 0.587814 0.834395 0.594982 0.837580 0.598566 0.837580 0.602151 0.840764 0.605735 0.843949 0.602151 0.853503 0.602151 0.856688 0.598566 0.856688 0.587814 0.853503 0.584229 0.837580 0.584229
0 0.729299 0.598566 0.716561 0.598566 0.710191 0.605735 0.710191 0.616487 0.713376 0.620072 0.722930 0.620072 0.729299 0.612903
0 0.812102 0.605735 0.808917 0.609319 0.808917 0.612903 0.805732 0.616487 0.805732 0.623656 0.812102 0.630824 0.824841 0.630824 0.828025 0.627240 0.828025 0.609319 0.824841 0.605735
0 0.076433 0.609319 0.066879 0.609319 0.063694 0.612903 0.060510 0.612903 0.050955 0.623656 0.050955 0.630824 0.054140 0.634409 0.073248 0.634409 0.079618 0.627240 0.079618 0.616487 0.076433 0.612903
0 0.875796 0.623656 0.869427 0.616487 0.866242 0.616487 0.859873 0.623656 0.859873 0.627240 0.856688 0.630824 0.856688 0.634409 0.872611 0.634409 0.875796 0.630824
0 0.171975 0.634409 0.156051 0.634409 0.152866 0.637993 0.149682 0.637993 0.143312 0.648746 0.143312 0.659498 0.149682 0.666667 0.156051 0.666667 0.165605 0.655914 0.168790 0.655914 0.171975 0.652330
0 0.363057 0.659498 0.356688 0.652330 0.353503 0.652330 0.350318 0.648746 0.340764 0.648746 0.337580 0.652330 0.328025 0.655914 0.321656 0.663082 0.318471 0.673835 0.321656 0.677419 0.331210 0.677419 0.337580 0.670251 0.343949 0.670251 0.347134 0.666667 0.359873 0.666667 0.359873 0.663082
0 0.041401 0.655914 0.035032 0.663082 0.035032 0.677419 0.041401 0.684588 0.041401 0.688172 0.044586 0.688172 0.047771 0.691756 0.057325 0.691756 0.063694 0.684588 0.063694 0.677419 0.060510 0.673835 0.060510 0.670251 0.047771 0.655914
0 0.286624 0.659498 0.283439 0.655914 0.277070 0.655914 0.273885 0.659498 0.270701 0.659498 0.270701 0.663082 0.267516 0.666667 0.267516 0.670251 0.264331 0.673835 0.267516 0.677419 0.270701 0.677419 0.273885 0.673835 0.277070 0.673835 0.280255 0.670251 0.283439 0.670251 0.286624 0.666667
0 0.805732 0.655914 0.799363 0.655914 0.796178 0.659498 0.792994 0.659498 0.789809 0.663082 0.789809 0.673835 0.792994 0.677419 0.802548 0.677419 0.805732 0.673835 0.805732 0.670251 0.808917 0.666667 0.808917 0.659498
0 0.869427 0.663082 0.869427 0.673835 0.875796 0.681004 0.888535 0.681004 0.891720 0.677419 0.891720 0.673835 0.888535 0.670251 0.888535 0.666667 0.885350 0.663082
0 0.101911 0.670251 0.089172 0.670251 0.082803 0.681004 0.082803 0.709677 0.085987 0.709677 0.089172 0.713262 0.095541 0.713262 0.098726 0.709677 0.101911 0.709677 0.101911 0.706093 0.105096 0.702509 0.105096 0.677419 0.101911 0.673835
0 0.853503 0.677419 0.850318 0.681004 0.850318 0.684588 0.847134 0.688172 0.847134 0.698925 0.853503 0.706093 0.859873 0.706093 0.866242 0.698925 0.866242 0.681004 0.863057 0.677419
0 0.831210 0.681004 0.828025 0.681004 0.824841 0.684588 0.821656 0.684588 0.815287 0.695341 0.815287 0.706093 0.821656 0.713262 0.831210 0.713262 0.840764 0.702509 0.840764 0.691756 0.837580 0.688172 0.837580 0.684588 0.834395 0.684588
0 0.175159 0.713262 0.175159 0.720430 0.178344 0.724014 0.181529 0.724014 0.184713 0.727599 0.191083 0.727599 0.194268 0.731183 0.210191 0.731183 0.216561 0.724014 0.216561 0.713262 0.210191 0.706093 0.187898 0.706093 0.184713 0.709677 0.178344 0.709677
0 0.519108 0.716846 0.515924 0.713262 0.503185 0.713262 0.477707 0.727599 0.445860 0.759857 0.433121 0.777778 0.433121 0.788530 0.445860 0.788530 0.484076 0.763441 0.519108 0.727599
0 0.156051 0.724014 0.152866 0.724014 0.149682 0.720430 0.146497 0.720430 0.143312 0.724014 0.136943 0.724014 0.130573 0.731183 0.133758 0.734767 0.133758 0.738351 0.149682 0.738351 0.156051 0.731183
0 0.308917 0.731183 0.302548 0.731183 0.289809 0.745520 0.289809 0.763441 0.296178 0.770609 0.308917 0.770609 0.312102 0.767025 0.312102 0.759857 0.315287 0.756272 0.315287 0.738351
0 0.614650 0.734767 0.608280 0.741935 0.608280 0.756272 0.611465 0.759857 0.611465 0.763441 0.614650 0.763441 0.617834 0.767025 0.624204 0.767025 0.630573 0.759857 0.630573 0.749104 0.627389 0.745520 0.627389 0.741935 0.624204 0.738351 0.617834 0.738351
0 0.735669 0.752688 0.729299 0.752688 0.726115 0.756272 0.722930 0.756272 0.719745 0.759857 0.719745 0.767025 0.716561 0.770609 0.719745 0.774194 0.719745 0.777778 0.726115 0.784946 0.729299 0.784946 0.742038 0.770609 0.742038 0.763441 0.738854 0.759857 0.738854 0.756272
0 0.646497 0.756272 0.646497 0.759857 0.643312 0.763441 0.643312 0.777778 0.649682 0.784946 0.656051 0.784946 0.659236 0.781362 0.659236 0.777778 0.662420 0.774194 0.662420 0.759857 0.659236 0.759857 0.656051 0.756272
0 0.353503 0.767025 0.347134 0.759857 0.343949 0.759857 0.331210 0.774194 0.321656 0.777778 0.318471 0.781362 0.318471 0.788530 0.321656 0.792115 0.321656 0.795699 0.324841 0.795699 0.328025 0.799283 0.331210 0.795699 0.340764 0.792115 0.350318 0.781362 0.350318 0.777778 0.353503 0.774194
0 0.907643 0.767025 0.894904 0.767025 0.888535 0.774194 0.885350 0.774194 0.882166 0.777778 0.875796 0.777778 0.869427 0.788530 0.869427 0.799283 0.875796 0.806452 0.885350 0.806452 0.888535 0.802867 0.894904 0.802867 0.907643 0.788530
0 0.092357 0.781362 0.089172 0.781362 0.085987 0.777778 0.079618 0.777778 0.076433 0.774194 0.076433 0.777778 0.070064 0.784946 0.054140 0.792115 0.047771 0.799283 0.047771 0.810036 0.057325 0.810036 0.073248 0.799283 0.085987 0.799283 0.092357 0.788530
0 0.210191 0.777778 0.207006 0.774194 0.197452 0.774194 0.194268 0.777778 0.187898 0.777778 0.181529 0.784946 0.181529 0.788530 0.184713 0.792115 0.200637 0.792115 0.210191 0.781362
0 0.853503 0.774194 0.847134 0.774194 0.843949 0.777778 0.840764 0.777778 0.837580 0.781362 0.837580 0.784946 0.834395 0.788530 0.834395 0.795699 0.840764 0.802867 0.843949 0.802867 0.847134 0.799283 0.850318 0.799283 0.859873 0.788530 0.859873 0.781362
0 0.697452 0.777778 0.687898 0.781362 0.671975 0.802867 0.665605 0.817204 0.665605 0.831541 0.668790 0.838710 0.678344 0.838710 0.694268 0.817204 0.697452 0.810036 0.697452 0.802867 0.703822 0.792115 0.703822 0.784946
0 0.751592 0.777778 0.748408 0.781362 0.748408 0.784946 0.745223 0.788530 0.745223 0.795699 0.748408 0.799283 0.748408 0.802867 0.764331 0.802867 0.764331 0.799283 0.767516 0.795699 0.767516 0.784946 0.761146 0.777778
0 0.019108 0.781362 0.015924 0.784946 0.015924 0.799283 0.019108 0.802867 0.019108 0.806452 0.022293 0.810036 0.028662 0.810036 0.031847 0.806452 0.031847 0.802867 0.035032 0.799283 0.035032 0.784946 0.031847 0.781362
0 0.117834 0.792115 0.117834 0.802867 0.121019 0.802867 0.124204 0.806452 0.140127 0.806452 0.146497 0.799283 0.146497 0.795699 0.136943 0.784946 0.124204 0.784946
0 0.563694 0.784946 0.557325 0.784946 0.550955 0.792115 0.550955 0.810036 0.560510 0.810036 0.563694 0.806452
0 0.273885 0.795699 0.273885 0.799283 0.270701 0.802867 0.270701 0.806452 0.273885 0.810036 0.273885 0.813620 0.277070 0.813620 0.280255 0.817204 0.286624 0.817204 0.289809 0.813620 0.296178 0.813620 0.302548 0.802867 0.296178 0.792115 0.280255 0.792115 0.277070 0.795699
0 0.515924 0.795699 0.512739 0.799283 0.509554 0.799283 0.500000 0.810036 0.500000 0.813620 0.490446 0.824373 0.490446 0.827957 0.487261 0.831541 0.487261 0.838710 0.493631 0.838710 0.496815 0.835125 0.500000 0.835125 0.500000 0.831541 0.515924 0.813620
0 0.652866 0.802867 0.649682 0.802867 0.646497 0.799283 0.643312 0.799283 0.640127 0.802867 0.636943 0.802867 0.633758 0.806452 0.633758 0.813620 0.630573 0.817204 0.630573 0.824373 0.633758 0.827957 0.643312 0.827957 0.649682 0.820789 0.649682 0.817204 0.652866 0.813620
0 0.538217 0.806452 0.528662 0.806452 0.525478 0.810036 0.525478 0.813620 0.522293 0.817204 0.528662 0.824373 0.531847 0.824373 0.538217 0.817204
0 0.834395 0.813620 0.818471 0.813620 0.815287 0.817204 0.812102 0.817204 0.805732 0.824373 0.805732 0.835125 0.808917 0.838710 0.808917 0.842294 0.812102 0.842294 0.815287 0.845878 0.818471 0.842294 0.821656 0.842294 0.824841 0.838710 0.828025 0.838710 0.837580 0.827957 0.837580 0.817204
0 0.910828 0.817204 0.907643 0.813620 0.894904 0.813620 0.891720 0.817204 0.888535 0.817204 0.882166 0.824373 0.882166 0.835125 0.885350 0.838710 0.894904 0.838710 0.898089 0.835125 0.901274 0.835125 0.910828 0.824373
0 0.019108 0.845878 0.019108 0.853047 0.022293 0.856631 0.031847 0.856631 0.035032 0.853047 0.041401 0.853047 0.044586 0.849462 0.044586 0.842294 0.041401 0.838710 0.038217 0.838710 0.035032 0.835125 0.028662 0.835125 0.025478 0.838710 0.022293 0.838710 0.022293 0.842294
0 0.168790 0.838710 0.168790 0.842294 0.175159 0.849462 0.178344 0.845878 0.181529 0.845878 0.181529 0.838710 0.178344 0.835125 0.171975 0.835125
0 0.232484 0.835125 0.222930 0.835125 0.219745 0.838710 0.216561 0.838710 0.207006 0.849462 0.213376 0.856631 0.229299 0.856631 0.232484 0.853047 0.232484 0.849462 0.235669 0.845878 0.235669 0.842294 0.232484 0.838710
0 0.089172 0.853047 0.082803 0.860215 0.082803 0.874552 0.085987 0.878136 0.085987 0.885305 0.092357 0.892473 0.101911 0.892473 0.101911 0.888889 0.105096 0.885305 0.105096 0.874552 0.101911 0.870968 0.101911 0.863799 0.092357 0.853047
0 0.366242 0.853047 0.363057 0.856631 0.359873 0.853047 0.356688 0.853047 0.347134 0.863799 0.350318 0.867384 0.356688 0.867384 0.359873 0.863799 0.363057 0.863799 0.366242 0.860215
0 0.605096 0.860215 0.601911 0.860215 0.598726 0.856631 0.595541 0.860215 0.589172 0.860215 0.579618 0.870968 0.579618 0.874552 0.573248 0.881720 0.573248 0.892473 0.570064 0.896057 0.570064 0.899642 0.573248 0.903226 0.582803 0.903226 0.605096 0.881720 0.605096 0.874552 0.608280 0.870968 0.608280 0.863799
0 0.063694 0.860215 0.050955 0.860215 0.041401 0.870968 0.044586 0.874552 0.044586 0.878136 0.047771 0.881720 0.047771 0.885305 0.057325 0.885305 0.060510 0.881720 0.063694 0.881720 0.063694 0.878136 0.066879 0.874552 0.066879 0.867384 0.063694 0.863799
0 0.471338 0.867384 0.464968 0.860215 0.455414 0.860215 0.452229 0.863799 0.442675 0.863799 0.436306 0.870968 0.436306 0.874552 0.445860 0.881720 0.458599 0.881720 0.461783 0.878136 0.464968 0.878136 0.471338 0.870968
0 0.267516 0.870968 0.264331 0.867384 0.251592 0.867384 0.235669 0.874552 0.210191 0.874552 0.200637 0.878136 0.184713 0.892473 0.184713 0.903226 0.191083 0.910394 0.216561 0.910394 0.226115 0.903226 0.248408 0.896057
0 0.340764 0.888889 0.340764 0.896057 0.347134 0.903226 0.366242 0.903226 0.369427 0.899642 0.369427 0.885305 0.366242 0.881720 0.347134 0.881720
0 0.764331 0.881720 0.751592 0.881720 0.748408 0.885305 0.748408 0.888889 0.745223 0.892473 0.745223 0.906810 0.751592 0.913978 0.754777 0.913978 0.757962 0.910394 0.761146 0.910394 0.764331 0.906810 0.764331 0.903226 0.767516 0.899642 0.767516 0.888889 0.764331 0.885305
0 0.694268 0.892473 0.687898 0.885305 0.684713 0.888889 0.681529 0.888889 0.681529 0.892473 0.671975 0.903226 0.671975 0.906810 0.668790 0.910394 0.668790 0.913978 0.675159 0.913978 0.678344 0.910394 0.681529 0.910394 0.691083 0.899642 0.691083 0.896057
0 0.410828 0.892473 0.391720 0.892473 0.385350 0.899642 0.385350 0.903226 0.382166 0.906810 0.382166 0.921147 0.385350 0.924731 0.385350 0.928315 0.401274 0.928315 0.417197 0.910394 0.417197 0.899642
0 0.646497 0.892473 0.646497 0.896057 0.643312 0.899642 0.643312 0.913978 0.646497 0.917563 0.662420 0.917563 0.665605 0.913978 0.665605 0.910394 0.668790 0.906810 0.668790 0.899642 0.662420 0.892473
0 0.627389 0.906810 0.621019 0.899642 0.614650 0.899642 0.611465 0.903226 0.605096 0.903226 0.595541 0.913978 0.595541 0.917563 0.601911 0.924731 0.621019 0.924731 0.627389 0.913978
0 0.840764 0.910394 0.837580 0.906810 0.831210 0.906810 0.828025 0.910394 0.824841 0.910394 0.821656 0.913978 0.818471 0.913978 0.815287 0.917563 0.815287 0.921147 0.812102 0.924731 0.812102 0.928315 0.815287 0.931900 0.818471 0.931900 0.821656 0.935484 0.824841 0.931900 0.831210 0.931900 0.840764 0.921147
0 0.875796 0.910394 0.863057 0.910394 0.850318 0.924731 0.850318 0.928315 0.843949 0.939068 0.843949 0.964158 0.847134 0.967742 0.856688 0.964158 0.875796 0.942652 0.875796 0.939068 0.878981 0.935484 0.878981 0.917563 0.875796 0.913978
0 0.710191 0.913978 0.700637 0.913978 0.697452 0.917563 0.691083 0.917563 0.691083 0.931900 0.697452 0.939068 0.703822 0.939068 0.707006 0.935484 0.710191 0.935484 0.713376 0.931900 0.713376 0.917563
0 0.092357 0.921147 0.089172 0.924731 0.085987 0.924731 0.082803 0.928315 0.082803 0.931900 0.079618 0.935484 0.079618 0.939068 0.089172 0.949821 0.098726 0.949821 0.101911 0.946237 0.105096 0.946237 0.105096 0.942652 0.108280 0.939068 0.108280 0.935484 0.105096 0.931900 0.105096 0.928315 0.098726 0.921147
0 0.006369 0.928315 0.006369 0.931900 0.003185 0.935484 0.003185 0.939068 0.009554 0.946237 0.019108 0.946237 0.022293 0.942652 0.022293 0.935484 0.015924 0.928315
0 0.117834 0.931900 0.117834 0.949821 0.127389 0.960573 0.136943 0.960573 0.140127 0.956989 0.140127 0.935484 0.133758 0.928315 0.124204 0.928315 0.121019 0.931900
0 0.251592 0.931900 0.248408 0.928315 0.245223 0.928315 0.242038 0.931900 0.238854 0.931900 0.235669 0.935484 0.219745 0.942652 0.207006 0.956989 0.213376 0.964158 0.226115 0.964158 0.229299 0.960573 0.232484 0.960573 0.251592 0.939068
0 0.541401 0.939068 0.544586 0.942652 0.563694 0.942652 0.563694 0.935484 0.560510 0.931900 0.550955 0.931900 0.547771 0.935484 0.544586 0.935484
0 0.630573 0.942652 0.624204 0.935484 0.614650 0.935484 0.611465 0.939068 0.608280 0.939068 0.595541 0.953405 0.595541 0.964158 0.598726 0.964158 0.601911 0.967742 0.614650 0.967742 0.617834 0.964158 0.621019 0.964158 0.630573 0.953405
0 0.777070 0.935484 0.773885 0.939068 0.770701 0.939068 0.767516 0.942652 0.767516 0.946237 0.773885 0.953405 0.773885 0.967742 0.777070 0.971326 0.780255 0.982079 0.783439 0.985663 0.789809 0.985663 0.799363 0.974910 0.799363 0.971326 0.802548 0.967742 0.802548 0.946237 0.799363 0.942652 0.799363 0.939068 0.796178 0.939068 0.792994 0.935484
0 0.471338 0.949821 0.461783 0.949821 0.458599 0.946237 0.455414 0.946237 0.452229 0.949821 0.442675 0.949821 0.442675 0.953405 0.439490 0.956989 0.439490 0.971326 0.442675 0.974910 0.442675 0.985663 0.445860 0.989247 0.455414 0.992832 0.455414 0.982079 0.458599 0.978495 0.461783 0.978495 0.468153 0.967742 0.471338 0.971326 0.471338 0.960573 0.474522 0.956989 0.474522 0.953405
0 0.824841 0.946237 0.821656 0.949821 0.815287 0.949821 0.815287 0.971326 0.818471 0.974910 0.824841 0.974910 0.828025 0.971326 0.828025 0.967742 0.831210 0.964158 0.831210 0.953405
0 0.477707 0.953405 0.477707 0.956989 0.474522 0.960573 0.474522 0.974910 0.477707 0.978495 0.480892 0.989247 0.484076 0.992832 0.503185 0.992832 0.506369 0.989247 0.506369 0.985663 0.500000 0.978495 0.500000 0.967742 0.490446 0.956989 0.484076 0.956989 0.480892 0.953405
0 0.388535 0.967742 0.385350 0.964158 0.375796 0.960573 0.363057 0.974910 0.353503 0.978495 0.350318 0.982079 0.347134 0.992832 0.350318 0.992832 0.353503 0.996416 0.359873 0.996416 0.363057 0.992832 0.366242 0.996416 0.382166 0.996416 0.388535 0.989247
0 0.703822 0.960573 0.700637 0.964158 0.697452 0.964158 0.697452 0.967742 0.694268 0.971326 0.694268 0.989247 0.700637 0.996416 0.713376 0.996416 0.719745 0.989247 0.719745 0.978495 0.716561 0.974910 0.716561 0.971326 0.710191 0.964158 0.707006 0.964158
0 0.898089 0.964158 0.894904 0.960573 0.882166 0.960573 0.878981 0.964158 0.875796 0.964158 0.872611 0.967742 0.872611 0.971326 0.866242 0.978495 0.866242 0.985663 0.872611 0.985663 0.875796 0.989247 0.878981 0.985663 0.885350 0.985663 0.888535 0.982079 0.891720 0.982079 0.898089 0.974910
0 0.229299 0.967742 0.229299 0.985663 0.245223 0.985663 0.251592 0.978495 0.251592 0.971326 0.248408 0.967742 0.245223 0.967742 0.242038 0.964158 0.235669 0.964158 0.232484 0.967742
0 0.426752 0.967742 0.417197 0.967742 0.414013 0.971326 0.410828 0.971326 0.410828 0.974910 0.407643 0.978495 0.407643 0.989247 0.410828 0.989247 0.414013 0.992832 0.420382 0.992832 0.423567 0.989247 0.426752 0.989247 0.433121 0.982079 0.433121 0.974910
0 0.678344 0.974910 0.675159 0.974910 0.675159 0.978495 0.671975 0.982079 0.668790 0.982079 0.665605 0.985663 0.665605 0.992832 0.668790 0.992832 0.671975 0.989247 0.678344 0.989247
0 0.608280 0.985663 0.608280 0.992832 0.611465 0.996416 0.614650 0.996416 0.617834 0.992832 0.621019 0.992832 0.624204 0.996416 0.627389 0.992832 0.630573 0.992832 0.630573 0.985663 0.627389 0.982079 0.611465 0.982079
0 0.573248 0.989247 0.573248 0.992832 0.592357 0.992832 0.592357 0.989247 0.589172 0.985663 0.576433 0.985663
