0 0.257143 0.003597 0.250794 0.003597 0.247619 0.007194 0.238095 0.007194 0.234921 0.010791 0.231746 0.010791 0.231746 0.014388 0.219048 0.025180 0.219048 0.043165 0.222222 0.046763 0.231746 0.046763 0.234921 0.043165 0.241270 0.043165 0.244444 0.039568 0.247619 0.039568 0.260317 0.021583 0.260317 0.017986 0.257143 0.014388
0 0.358730 0.014388 0.346032 0.014388 0.342857 0.017986 0.342857 0.028777 0.352381 0.028777 0.358730 0.021583
0 0.130159 0.035971 0.120635 0.028777 0.117460 0.032374 0.114286 0.032374 0.111111 0.035971 0.107937 0.035971 0.104762 0.039568 0.101587 0.039568 0.101587 0.043165 0.098413 0.046763 0.098413 0.050360 0.101587 0.050360 0.104762 0.053957 0.107937 0.053957 0.111111 0.050360 0.117460 0.050360 0.120635 0.046763 0.126984 0.046763 0.126984 0.043165 0.130159 0.039568
0 0.803175 0.032374 0.803175 0.043165 0.806349 0.046763 0.806349 0.050360 0.809524 0.053957 0.815873 0.053957 0.819048 0.057554 0.822222 0.053957 0.828571 0.053957 0.831746 0.050360 0.831746 0.046763 0.822222 0.035971 0.819048 0.035971 0.815873 0.032374 0.812698 0.032374 0.809524 0.028777 0.806349 0.032374
0 0.869841 0.035971 0.869841 0.039568 0.879365 0.050360 0.876190 0.053957 0.879365 0.053957 0.882540 0.057554 0.885714 0.057554 0.888889 0.053957 0.892063 0.053957 0.892063 0.050360 0.895238 0.046763 0.892063 0.043165 0.892063 0.039568 0.888889 0.039568 0.885714 0.035971
0 0.942857 0.039568 0.933333 0.039568 0.923810 0.050360 0.923810 0.053957 0.920635 0.057554 0.920635 0.061151 0.923810 0.064748 0.930159 0.064748 0.933333 0.061151 0.933333 0.057554 0.936508 0.053957 0.936508 0.050360 0.942857 0.043165
0 0.431746 0.046763 0.431746 0.053957 0.434921 0.053957 0.438095 0.057554 0.450794 0.057554 0.457143 0.050360 0.453968 0.050360 0.450794 0.046763
0 0.609524 0.053957 0.600000 0.053957 0.596825 0.057554 0.593651 0.057554 0.587302 0.064748 0.587302 0.068345 0.590476 0.071942 0.593651 0.071942 0.596825 0.075540 0.600000 0.071942 0.606349 0.071942 0.609524 0.068345
0 0.726984 0.061151 0.720635 0.068345 0.720635 0.071942 0.717460 0.075540 0.717460 0.089928 0.723810 0.097122 0.733333 0.097122 0.746032 0.082734 0.746032 0.075540 0.742857 0.071942 0.742857 0.068345 0.736508 0.061151
0 0.993651 0.061151 0.987302 0.061151 0.984127 0.064748 0.980952 0.064748 0.974603 0.071942 0.974603 0.075540 0.971429 0.079137 0.971429 0.082734 0.974603 0.086331 0.980952 0.086331 0.990476 0.093525 0.993651 0.089928 0.993651 0.075540 0.996825 0.071942 0.996825 0.064748
0 0.342857 0.075540 0.339683 0.079137 0.336508 0.079137 0.330159 0.086331 0.333333 0.089928 0.333333 0.093525 0.336508 0.097122 0.346032 0.097122 0.349206 0.093525 0.349206 0.082734
0 0.768254 0.075540 0.765079 0.079137 0.765079 0.093525 0.771429 0.100719 0.777778 0.100719 0.784127 0.093525 0.784127 0.089928 0.787302 0.086331 0.784127 0.082734 0.784127 0.079137 0.780952 0.075540
0 0.485714 0.082734 0.469841 0.082734 0.466667 0.086331 0.466667 0.089928 0.463492 0.093525 0.463492 0.097122 0.466667 0.100719 0.466667 0.104317 0.469841 0.107914 0.476190 0.107914 0.479365 0.104317 0.482540 0.104317 0.488889 0.097122 0.488889 0.086331
0 0.895238 0.093525 0.895238 0.097122 0.904762 0.107914 0.907937 0.107914 0.923810 0.118705 0.933333 0.118705 0.942857 0.100719 0.933333 0.086331 0.926984 0.086331 0.923810 0.082734 0.907937 0.082734
0 0.406349 0.089928 0.403175 0.086331 0.390476 0.086331 0.387302 0.089928 0.384127 0.089928 0.380952 0.093525 0.380952 0.104317 0.390476 0.104317 0.393651 0.100719 0.400000 0.100719 0.406349 0.093525
0 0.114286 0.093525 0.114286 0.107914 0.139683 0.107914 0.139683 0.097122 0.136508 0.093525 0.133333 0.093525 0.130159 0.089928 0.117460 0.089928
0 0.590476 0.093525 0.590476 0.107914 0.593651 0.107914 0.600000 0.115108 0.603175 0.115108 0.606349 0.111511 0.609524 0.111511 0.609524 0.100719 0.606349 0.097122 0.606349 0.093525 0.603175 0.093525 0.600000 0.089928 0.596825 0.093525
0 0.993651 0.093525 0.990476 0.097122 0.984127 0.097122 0.980952 0.100719 0.980952 0.107914 0.984127 0.111511 0.984127 0.115108 0.987302 0.115108 0.990476 0.118705 0.993651 0.118705
0 0.850794 0.097122 0.844444 0.097122 0.841270 0.100719 0.838095 0.100719 0.834921 0.104317 0.834921 0.115108 0.838095 0.115108 0.841270 0.118705 0.844444 0.118705 0.850794 0.111511 0.850794 0.107914 0.853968 0.104317 0.853968 0.100719
0 0.520635 0.100719 0.517460 0.104317 0.517460 0.118705 0.523810 0.125899 0.536508 0.125899 0.542857 0.118705 0.539683 0.115108 0.539683 0.111511 0.533333 0.104317 0.530159 0.104317 0.526984 0.100719
0 0.234921 0.111511 0.234921 0.115108 0.238095 0.115108 0.247619 0.122302 0.266667 0.122302 0.269841 0.118705 0.273016 0.118705 0.273016 0.107914 0.269841 0.104317 0.250794 0.104317 0.247619 0.107914 0.241270 0.107914 0.238095 0.111511
0 0.644444 0.125899 0.641270 0.122302 0.641270 0.118705 0.638095 0.118705 0.634921 0.115108 0.631746 0.118705 0.625397 0.118705 0.615873 0.129496 0.615873 0.133094 0.619048 0.136691 0.634921 0.136691 0.638095 0.133094 0.641270 0.133094 0.641270 0.129496
0 0.809524 0.122302 0.803175 0.115108 0.793651 0.115108 0.790476 0.118705 0.787302 0.118705 0.780952 0.125899 0.780952 0.136691 0.784127 0.136691 0.787302 0.140288 0.790476 0.136691 0.800000 0.136691 0.809524 0.125899
0 0.092063 0.129496 0.092063 0.136691 0.098413 0.143885 0.117460 0.143885 0.123810 0.136691 0.126984 0.136691 0.130159 0.133094 0.130159 0.125899 0.126984 0.125899 0.123810 0.122302 0.114286 0.122302 0.111111 0.118705 0.104762 0.118705 0.101587 0.122302 0.098413 0.122302
0 0.384127 0.125899 0.384127 0.133094 0.393651 0.140288 0.412698 0.140288 0.415873 0.136691 0.415873 0.125899 0.409524 0.118705 0.393651 0.118705
0 0.431746 0.133094 0.431746 0.143885 0.438095 0.143885 0.441270 0.147482 0.450794 0.147482 0.450794 0.143885 0.447619 0.140288 0.447619 0.136691 0.441270 0.129496 0.434921 0.129496
0 0.834921 0.129496 0.831746 0.133094 0.825397 0.133094 0.822222 0.136691 0.822222 0.140288 0.819048 0.143885 0.819048 0.147482 0.822222 0.151079 0.822222 0.154676 0.825397 0.154676 0.828571 0.158273 0.841270 0.158273 0.844444 0.154676 0.844444 0.136691 0.841270 0.133094 0.838095 0.133094
0 0.888889 0.140288 0.888889 0.147482 0.892063 0.151079 0.907937 0.151079 0.911111 0.147482 0.914286 0.147482 0.914286 0.143885 0.917460 0.140288 0.917460 0.136691 0.914286 0.133094 0.914286 0.129496 0.898413 0.129496 0.895238 0.133094 0.892063 0.133094 0.892063 0.136691
0 0.961905 0.147482 0.955556 0.140288 0.952381 0.140288 0.949206 0.136691 0.946032 0.136691 0.942857 0.140288 0.939683 0.140288 0.933333 0.147482 0.933333 0.158273 0.939683 0.165468 0.949206 0.165468 0.952381 0.161871 0.955556 0.161871 0.961905 0.154676
0 0.212698 0.143885 0.215873 0.147482 0.222222 0.147482 0.225397 0.151079 0.228571 0.147482 0.231746 0.151079 0.234921 0.151079 0.234921 0.143885
0 0.676190 0.151079 0.673016 0.154676 0.673016 0.158273 0.669841 0.161871 0.669841 0.169065 0.673016 0.172662 0.682540 0.172662 0.688889 0.165468 0.688889 0.154676 0.685714 0.151079
0 0.723810 0.151079 0.714286 0.151079 0.711111 0.154676 0.707937 0.154676 0.701587 0.161871 0.701587 0.176259 0.704762 0.179856 0.707937 0.179856 0.711111 0.176259 0.714286 0.176259 0.726984 0.161871 0.726984 0.154676
0 0.190476 0.158273 0.187302 0.158273 0.184127 0.154676 0.180952 0.154676 0.171429 0.161871 0.171429 0.165468 0.165079 0.176259 0.171429 0.187050 0.184127 0.187050 0.187302 0.183453 0.187302 0.179856 0.190476 0.176259
0 0.603175 0.172662 0.603175 0.179856 0.606349 0.179856 0.609524 0.183453 0.619048 0.183453 0.622222 0.187050 0.638095 0.187050 0.644444 0.179856 0.650794 0.179856 0.653968 0.176259 0.653968 0.165468 0.650794 0.161871 0.650794 0.158273 0.647619 0.158273 0.644444 0.154676 0.625397 0.154676 0.622222 0.158273 0.606349 0.165468 0.606349 0.169065
0 0.561905 0.169065 0.565079 0.172662 0.568254 0.172662 0.571429 0.176259 0.587302 0.176259 0.590476 0.172662 0.590476 0.161871 0.587302 0.158273 0.568254 0.158273 0.565079 0.161871 0.565079 0.165468
0 0.784127 0.165468 0.777778 0.158273 0.774603 0.158273 0.771429 0.161871 0.755556 0.161871 0.752381 0.165468 0.752381 0.176259 0.761905 0.176259 0.765079 0.179856 0.771429 0.179856 0.774603 0.176259 0.777778 0.176259 0.780952 0.172662 0.780952 0.169065
0 0.396825 0.169065 0.387302 0.161871 0.384127 0.161871 0.380952 0.165468 0.371429 0.165468 0.361905 0.172662 0.361905 0.183453 0.371429 0.190647 0.380952 0.190647 0.384127 0.187050 0.387302 0.187050 0.393651 0.179856 0.393651 0.176259 0.396825 0.172662
0 0.212698 0.165468 0.206349 0.172662 0.206349 0.183453 0.209524 0.187050 0.219048 0.187050 0.225397 0.179856 0.225397 0.169065 0.222222 0.169065 0.219048 0.165468
0 0.914286 0.169065 0.904762 0.169065 0.901587 0.172662 0.898413 0.172662 0.898413 0.176259 0.895238 0.179856 0.895238 0.194245 0.898413 0.197842 0.904762 0.197842 0.914286 0.187050
0 0.101587 0.176259 0.098413 0.179856 0.098413 0.190647 0.101587 0.194245 0.114286 0.194245 0.114286 0.190647 0.117460 0.187050 0.114286 0.183453 0.114286 0.179856 0.111111 0.176259
0 0.288889 0.190647 0.285714 0.190647 0.282540 0.187050 0.276190 0.187050 0.273016 0.190647 0.260317 0.190647 0.257143 0.194245 0.253968 0.194245 0.253968 0.197842 0.263492 0.205036 0.269841 0.205036 0.273016 0.201439 0.285714 0.201439 0.288889 0.197842
0 0.476190 0.190647 0.473016 0.187050 0.460317 0.187050 0.453968 0.194245 0.453968 0.205036 0.457143 0.208633 0.460317 0.205036 0.466667 0.205036 0.469841 0.201439 0.473016 0.201439 0.473016 0.197842 0.476190 0.194245
0 0.317460 0.194245 0.314286 0.194245 0.311111 0.190647 0.304762 0.190647 0.301587 0.194245 0.292063 0.194245 0.292063 0.197842 0.288889 0.201439 0.288889 0.212230 0.292063 0.215827 0.307937 0.215827 0.311111 0.212230 0.314286 0.212230 0.317460 0.208633
0 0.415873 0.190647 0.409524 0.197842 0.409524 0.208633 0.412698 0.208633 0.415873 0.212230 0.428571 0.212230 0.434921 0.205036 0.434921 0.194245 0.431746 0.190647
0 0.609524 0.208633 0.612698 0.212230 0.628571 0.212230 0.631746 0.208633 0.634921 0.208633 0.641270 0.201439 0.641270 0.194245 0.638095 0.190647 0.619048 0.190647 0.609524 0.197842
0 0.904762 0.201439 0.907937 0.201439 0.911111 0.205036 0.920635 0.205036 0.926984 0.197842 0.926984 0.194245 0.923810 0.190647 0.914286 0.190647
0 0.549206 0.205036 0.552381 0.208633 0.555556 0.208633 0.558730 0.205036 0.561905 0.208633 0.568254 0.208633 0.571429 0.205036 0.577778 0.205036 0.580952 0.201439 0.577778 0.197842 0.577778 0.194245 0.555556 0.194245 0.558730 0.197842 0.555556 0.201439 0.549206 0.201439
0 0.384127 0.201439 0.377778 0.208633 0.377778 0.212230 0.384127 0.219424 0.390476 0.219424 0.396825 0.212230 0.396825 0.205036 0.393651 0.201439
0 0.863492 0.201439 0.857143 0.201439 0.853968 0.205036 0.850794 0.205036 0.847619 0.208633 0.844444 0.208633 0.841270 0.212230 0.841270 0.226619 0.844444 0.230216 0.853968 0.230216 0.860317 0.223022 0.863492 0.223022 0.863492 0.219424 0.866667 0.215827 0.866667 0.205036
0 0.171429 0.215827 0.171429 0.223022 0.174603 0.223022 0.177778 0.226619 0.187302 0.226619 0.190476 0.223022 0.200000 0.223022 0.200000 0.208633 0.196825 0.205036 0.180952 0.205036 0.177778 0.208633 0.174603 0.208633 0.174603 0.212230
0 0.492063 0.205036 0.492063 0.215827 0.498413 0.223022 0.504762 0.223022 0.507937 0.219424 0.507937 0.215827 0.504762 0.212230 0.504762 0.208633 0.501587 0.205036
0 0.139683 0.208633 0.130159 0.215827 0.130159 0.219424 0.126984 0.223022 0.126984 0.226619 0.130159 0.230216 0.130159 0.233813 0.136508 0.241007 0.146032 0.241007 0.152381 0.233813 0.152381 0.215827 0.149206 0.212230 0.146032 0.212230 0.142857 0.208633
0 0.765079 0.215827 0.765079 0.223022 0.768254 0.226619 0.771429 0.226619 0.774603 0.230216 0.784127 0.230216 0.787302 0.226619 0.793651 0.226619 0.796825 0.223022 0.796825 0.215827 0.790476 0.208633 0.771429 0.208633
0 0.955556 0.208633 0.942857 0.208633 0.942857 0.212230 0.936508 0.223022 0.936508 0.233813 0.933333 0.237410 0.939683 0.244604 0.939683 0.248201 0.942857 0.244604 0.946032 0.244604 0.955556 0.233813 0.955556 0.230216 0.958730 0.226619 0.958730 0.212230
0 0.434921 0.219424 0.425397 0.219424 0.419048 0.226619 0.415873 0.226619 0.415873 0.244604 0.419048 0.244604 0.422222 0.248201 0.425397 0.248201 0.428571 0.244604 0.431746 0.244604 0.438095 0.237410 0.438095 0.223022
0 0.457143 0.226619 0.453968 0.230216 0.453968 0.244604 0.457143 0.248201 0.473016 0.248201 0.479365 0.241007 0.479365 0.230216 0.473016 0.223022 0.463492 0.223022 0.460317 0.226619
0 0.993651 0.223022 0.984127 0.223022 0.968254 0.241007 0.968254 0.251799 0.980952 0.251799 0.984127 0.248201 0.990476 0.248201 0.993651 0.244604 0.993651 0.237410 0.996825 0.233813 0.996825 0.230216 0.993651 0.226619
0 0.212698 0.230216 0.209524 0.226619 0.206349 0.226619 0.203175 0.230216 0.200000 0.230216 0.193651 0.237410 0.193651 0.241007 0.203175 0.241007 0.206349 0.237410 0.209524 0.237410 0.212698 0.233813
0 0.650794 0.226619 0.647619 0.230216 0.647619 0.241007 0.653968 0.248201 0.653968 0.251799 0.660317 0.258993 0.663492 0.258993 0.666667 0.262590 0.679365 0.262590 0.679365 0.244604 0.666667 0.230216 0.663492 0.230216 0.660317 0.226619
0 0.253968 0.230216 0.247619 0.230216 0.244444 0.233813 0.241270 0.233813 0.238095 0.237410 0.238095 0.241007 0.234921 0.244604 0.234921 0.251799 0.241270 0.258993 0.250794 0.258993 0.253968 0.255396 0.257143 0.255396 0.257143 0.251799 0.260317 0.248201 0.260317 0.237410
0 0.542857 0.233813 0.530159 0.233813 0.526984 0.237410 0.523810 0.237410 0.507937 0.258993 0.507937 0.266187 0.511111 0.266187 0.514286 0.269784 0.520635 0.269784 0.523810 0.273381 0.533333 0.273381 0.533333 0.269784 0.536508 0.266187 0.536508 0.258993 0.533333 0.255396 0.533333 0.251799 0.536508 0.248201 0.539683 0.248201 0.539683 0.244604 0.542857 0.241007
0 0.692063 0.248201 0.692063 0.251799 0.701587 0.262590 0.714286 0.262590 0.717460 0.258993 0.717460 0.255396 0.720635 0.251799 0.714286 0.244604 0.711111 0.244604 0.707937 0.241007 0.701587 0.241007 0.698413 0.244604 0.695238 0.244604
0 0.917460 0.241007 0.911111 0.248201 0.911111 0.258993 0.914286 0.262590 0.930159 0.262590 0.933333 0.258993 0.933333 0.255396 0.936508 0.251799 0.936508 0.244604 0.933333 0.241007
0 0.784127 0.251799 0.784127 0.258993 0.787302 0.262590 0.787302 0.266187 0.796825 0.273381 0.806349 0.273381 0.809524 0.269784 0.812698 0.269784 0.812698 0.266187 0.815873 0.262590 0.815873 0.255396 0.809524 0.248201 0.806349 0.248201 0.803175 0.244604 0.793651 0.244604
0 0.844444 0.251799 0.841270 0.251799 0.838095 0.255396 0.838095 0.258993 0.834921 0.262590 0.834921 0.266187 0.831746 0.269784 0.831746 0.280576 0.834921 0.280576 0.838095 0.284173 0.841270 0.284173 0.844444 0.280576 0.847619 0.280576 0.850794 0.276978 0.850794 0.258993
0 0.222222 0.262590 0.222222 0.273381 0.228571 0.280576 0.231746 0.276978 0.234921 0.276978 0.234921 0.262590
0 0.765079 0.262590 0.761905 0.266187 0.758730 0.266187 0.752381 0.273381 0.752381 0.276978 0.758730 0.284173 0.765079 0.284173 0.768254 0.287770 0.771429 0.287770 0.777778 0.280576 0.777778 0.269784 0.771429 0.262590
0 0.377778 0.269784 0.368254 0.266187 0.365079 0.269784 0.342857 0.269784 0.339683 0.273381 0.326984 0.273381 0.320635 0.280576 0.320635 0.284173 0.323810 0.287770 0.330159 0.287770 0.333333 0.291367 0.352381 0.291367 0.355556 0.287770 0.368254 0.287770 0.377778 0.280576
0 0.142857 0.273381 0.142857 0.284173 0.146032 0.287770 0.161905 0.287770 0.165079 0.284173 0.168254 0.284173 0.171429 0.280576 0.171429 0.273381 0.168254 0.269784 0.146032 0.269784
0 0.904762 0.276978 0.895238 0.284173 0.895238 0.298561 0.904762 0.309353 0.914286 0.309353 0.920635 0.302158 0.920635 0.291367 0.917460 0.287770 0.917460 0.284173 0.914286 0.284173
0 0.669841 0.284173 0.663492 0.284173 0.660317 0.287770 0.657143 0.287770 0.653968 0.291367 0.653968 0.294964 0.650794 0.298561 0.653968 0.302158 0.653968 0.305755 0.657143 0.309353 0.663492 0.309353 0.666667 0.305755 0.669841 0.305755 0.676190 0.298561 0.676190 0.291367
0 0.876190 0.284173 0.873016 0.284173 0.860317 0.298561 0.860317 0.305755 0.866667 0.312950 0.873016 0.312950 0.879365 0.305755 0.879365 0.287770
0 0.523810 0.287770 0.514286 0.287770 0.504762 0.294964 0.504762 0.298561 0.498413 0.309353 0.498413 0.312950 0.501587 0.316547 0.501587 0.320144 0.514286 0.320144 0.517460 0.316547 0.517460 0.312950 0.523810 0.305755
0 0.790476 0.298561 0.787302 0.294964 0.780952 0.294964 0.777778 0.298561 0.771429 0.298561 0.768254 0.302158 0.761905 0.302158 0.758730 0.305755 0.755556 0.305755 0.752381 0.309353 0.752381 0.323741 0.755556 0.327338 0.768254 0.327338 0.774603 0.320144 0.777778 0.320144 0.784127 0.309353 0.787302 0.309353
0 0.628571 0.302158 0.612698 0.302158 0.603175 0.312950 0.603175 0.323741 0.606349 0.323741 0.609524 0.327338 0.619048 0.327338 0.625397 0.320144 0.628571 0.320144 0.628571 0.316547 0.631746 0.312950 0.631746 0.305755
0 0.257143 0.312950 0.263492 0.320144 0.282540 0.320144 0.285714 0.316547 0.285714 0.309353 0.282540 0.305755 0.266667 0.305755 0.260317 0.312950
0 0.838095 0.312950 0.831746 0.309353 0.803175 0.312950 0.796825 0.320144 0.793651 0.320144 0.787302 0.334532 0.787302 0.341727 0.800000 0.352518 0.815873 0.352518 0.838095 0.327338
0 0.980952 0.312950 0.971429 0.323741 0.971429 0.330935 0.980952 0.330935 0.987302 0.338129 0.993651 0.338129 0.993651 0.312950
0 0.174603 0.320144 0.171429 0.320144 0.168254 0.316547 0.165079 0.316547 0.161905 0.320144 0.158730 0.320144 0.155556 0.323741 0.152381 0.323741 0.152381 0.327338 0.149206 0.330935 0.149206 0.338129 0.152381 0.341727 0.158730 0.341727 0.161905 0.338129 0.165079 0.338129 0.168254 0.334532 0.171429 0.334532 0.171429 0.330935 0.174603 0.327338
0 0.244444 0.316547 0.234921 0.316547 0.231746 0.320144 0.228571 0.320144 0.225397 0.323741 0.225397 0.341727 0.228571 0.341727 0.231746 0.345324 0.238095 0.345324 0.244444 0.338129 0.244444 0.330935 0.247619 0.327338 0.247619 0.320144
0 0.663492 0.330935 0.660317 0.327338 0.644444 0.327338 0.641270 0.330935 0.638095 0.330935 0.638095 0.334532 0.631746 0.341727 0.631746 0.345324 0.634921 0.348921 0.634921 0.352518 0.647619 0.352518 0.650794 0.348921 0.653968 0.348921 0.657143 0.345324 0.660317 0.345324 0.663492 0.341727
0 0.117460 0.330935 0.117460 0.338129 0.120635 0.341727 0.123810 0.341727 0.126984 0.338129 0.130159 0.338129 0.130159 0.330935
0 0.942857 0.338129 0.936508 0.330935 0.926984 0.330935 0.917460 0.341727 0.917460 0.345324 0.914286 0.348921 0.914286 0.356115 0.930159 0.356115 0.936508 0.348921 0.939683 0.348921 0.939683 0.341727
0 0.187302 0.334532 0.184127 0.338129 0.177778 0.338129 0.171429 0.345324 0.171429 0.352518 0.174603 0.356115 0.174603 0.359712 0.177778 0.359712 0.180952 0.363309 0.187302 0.363309 0.190476 0.359712 0.193651 0.359712 0.196825 0.356115 0.196825 0.341727 0.193651 0.338129 0.190476 0.338129
0 0.396825 0.334532 0.393651 0.338129 0.393651 0.348921 0.403175 0.348921 0.403175 0.341727 0.406349 0.338129 0.403175 0.338129 0.400000 0.334532
0 0.688889 0.348921 0.688889 0.359712 0.692063 0.363309 0.695238 0.363309 0.698413 0.366906 0.704762 0.366906 0.707937 0.363309 0.711111 0.363309 0.711111 0.345324 0.707937 0.345324 0.704762 0.341727 0.695238 0.341727
0 0.425397 0.345324 0.419048 0.352518 0.419048 0.356115 0.425397 0.363309 0.434921 0.363309 0.438095 0.359712 0.438095 0.356115 0.434921 0.352518 0.434921 0.348921 0.431746 0.348921 0.428571 0.345324
0 0.882540 0.356115 0.876190 0.348921 0.873016 0.348921 0.869841 0.345324 0.860317 0.348921 0.853968 0.356115 0.853968 0.374101 0.857143 0.377698 0.876190 0.377698 0.879365 0.374101 0.882540 0.374101 0.882540 0.370504 0.885714 0.366906
0 0.346032 0.359712 0.346032 0.374101 0.358730 0.392086 0.371429 0.392086 0.377778 0.384892 0.377778 0.370504 0.368254 0.359712 0.365079 0.359712 0.361905 0.356115 0.352381 0.356115 0.349206 0.359712
0 0.758730 0.363309 0.755556 0.359712 0.742857 0.359712 0.739683 0.363309 0.730159 0.366906 0.730159 0.370504 0.723810 0.377698 0.723810 0.388489 0.726984 0.392086 0.739683 0.392086 0.742857 0.388489 0.746032 0.388489 0.752381 0.381295 0.755556 0.381295 0.755556 0.377698 0.758730 0.374101
0 0.301587 0.363309 0.298413 0.366906 0.298413 0.374101 0.301587 0.377698 0.311111 0.377698 0.314286 0.374101 0.314286 0.366906 0.311111 0.363309
0 0.793651 0.366906 0.790476 0.370504 0.790476 0.388489 0.796825 0.395683 0.809524 0.395683 0.812698 0.392086 0.812698 0.374101 0.806349 0.366906
0 0.152381 0.381295 0.142857 0.374101 0.136508 0.374101 0.133333 0.377698 0.130159 0.377698 0.130159 0.381295 0.126984 0.384892 0.123810 0.384892 0.117460 0.406475 0.120635 0.410072 0.136508 0.410072 0.142857 0.402878 0.152381 0.399281
0 0.419048 0.374101 0.412698 0.374101 0.409524 0.377698 0.400000 0.377698 0.393651 0.384892 0.393651 0.388489 0.390476 0.392086 0.390476 0.399281 0.387302 0.402878 0.387302 0.406475 0.393651 0.417266 0.403175 0.417266 0.419048 0.399281 0.419048 0.395683 0.422222 0.392086 0.422222 0.377698
0 0.955556 0.377698 0.952381 0.381295 0.946032 0.381295 0.942857 0.384892 0.942857 0.388489 0.939683 0.392086 0.939683 0.399281 0.942857 0.402878 0.946032 0.402878 0.949206 0.406475 0.952381 0.402878 0.955556 0.402878 0.961905 0.395683 0.961905 0.381295 0.958730 0.381295
0 0.673016 0.381295 0.673016 0.392086 0.676190 0.395683 0.688889 0.395683 0.692063 0.392086 0.692063 0.384892 0.688889 0.381295
0 0.266667 0.388489 0.266667 0.399281 0.269841 0.402878 0.288889 0.402878 0.288889 0.399281 0.292063 0.395683 0.288889 0.392086 0.288889 0.388489 0.285714 0.384892 0.269841 0.384892
0 0.457143 0.388489 0.453968 0.388489 0.450794 0.384892 0.444444 0.384892 0.441270 0.388489 0.434921 0.388489 0.434921 0.392086 0.428571 0.399281 0.434921 0.410072 0.447619 0.410072 0.457143 0.402878 0.457143 0.399281 0.460317 0.395683 0.457143 0.392086
0 0.641270 0.395683 0.631746 0.388489 0.625397 0.388489 0.622222 0.392086 0.619048 0.392086 0.615873 0.395683 0.612698 0.395683 0.606349 0.402878 0.606349 0.410072 0.609524 0.413669 0.628571 0.413669 0.631746 0.410072 0.634921 0.410072 0.641270 0.402878
0 0.171429 0.392086 0.165079 0.392086 0.158730 0.399281 0.155556 0.399281 0.155556 0.406475 0.149206 0.413669 0.149206 0.417266 0.146032 0.420863 0.146032 0.428058 0.149206 0.428058 0.152381 0.431655 0.161905 0.431655 0.165079 0.428058 0.174603 0.424460 0.180952 0.417266 0.180952 0.402878
0 0.561905 0.399281 0.558730 0.395683 0.542857 0.395683 0.539683 0.399281 0.536508 0.399281 0.533333 0.402878 0.533333 0.417266 0.536508 0.420863 0.546032 0.420863 0.549206 0.417266 0.552381 0.417266 0.558730 0.410072 0.558730 0.402878
0 0.869841 0.395683 0.863492 0.406475 0.863492 0.424460 0.869841 0.431655 0.879365 0.431655 0.882540 0.428058 0.885714 0.417266 0.892063 0.410072 0.892063 0.406475 0.885714 0.395683
0 0.895238 0.410072 0.888889 0.417266 0.888889 0.420863 0.882540 0.431655 0.892063 0.442446 0.898413 0.442446 0.901587 0.438849 0.904762 0.438849 0.907937 0.435252 0.907937 0.428058 0.911111 0.424460 0.911111 0.420863 0.904762 0.413669 0.898413 0.413669
0 0.247619 0.413669 0.241270 0.413669 0.238095 0.417266 0.234921 0.417266 0.231746 0.420863 0.231746 0.424460 0.234921 0.428058 0.234921 0.431655 0.238095 0.431655 0.241270 0.435252 0.244444 0.435252 0.253968 0.424460 0.253968 0.417266 0.250794 0.417266
0 0.295238 0.413669 0.282540 0.413669 0.279365 0.417266 0.276190 0.417266 0.269841 0.424460 0.269841 0.431655 0.266667 0.435252 0.266667 0.438849 0.273016 0.449640 0.288889 0.449640 0.292063 0.446043 0.295238 0.446043 0.301587 0.438849 0.301587 0.420863
0 0.428571 0.424460 0.425397 0.424460 0.422222 0.420863 0.419048 0.424460 0.415873 0.424460 0.412698 0.428058 0.409524 0.428058 0.409524 0.431655 0.406349 0.435252 0.406349 0.449640 0.409524 0.453237 0.415873 0.453237 0.419048 0.449640 0.422222 0.449640 0.428571 0.442446 0.428571 0.438849 0.431746 0.435252 0.431746 0.428058
0 0.495238 0.420863 0.488889 0.420863 0.485714 0.424460 0.482540 0.424460 0.476190 0.431655 0.476190 0.435252 0.485714 0.446043 0.488889 0.442446 0.495238 0.442446 0.498413 0.438849 0.498413 0.424460
0 0.206349 0.424460 0.203175 0.424460 0.203175 0.428058 0.190476 0.442446 0.190476 0.453237 0.196825 0.460432 0.200000 0.460432 0.203175 0.456835 0.203175 0.453237 0.206349 0.449640 0.206349 0.446043 0.209524 0.442446 0.209524 0.438849 0.212698 0.435252 0.212698 0.431655
0 0.822222 0.428058 0.819048 0.424460 0.809524 0.424460 0.803175 0.431655 0.803175 0.438849 0.806349 0.442446 0.812698 0.442446 0.815873 0.438849 0.819048 0.438849 0.822222 0.435252
0 0.511111 0.428058 0.504762 0.435252 0.504762 0.449640 0.507937 0.453237 0.507937 0.456835 0.511111 0.456835 0.514286 0.460432 0.520635 0.460432 0.530159 0.449640 0.530159 0.431655 0.526984 0.428058
0 0.634921 0.449640 0.638095 0.449640 0.641270 0.453237 0.647619 0.453237 0.650794 0.449640 0.653968 0.449640 0.657143 0.446043 0.660317 0.446043 0.666667 0.438849 0.666667 0.431655 0.663492 0.428058 0.644444 0.428058 0.638095 0.435252 0.634921 0.435252
0 0.739683 0.428058 0.730159 0.428058 0.717460 0.442446 0.717460 0.446043 0.714286 0.449640 0.714286 0.453237 0.720635 0.460432 0.726984 0.460432 0.730159 0.456835 0.733333 0.456835 0.739683 0.449640 0.739683 0.446043 0.742857 0.442446 0.742857 0.431655
0 0.965079 0.431655 0.958730 0.431655 0.958730 0.435252 0.955556 0.438849 0.955556 0.442446 0.958730 0.446043 0.961905 0.446043 0.968254 0.438849 0.968254 0.435252
0 0.784127 0.442446 0.780952 0.442446 0.777778 0.438849 0.771429 0.438849 0.768254 0.442446 0.761905 0.442446 0.758730 0.446043 0.758730 0.453237 0.761905 0.456835 0.761905 0.460432 0.765079 0.460432 0.768254 0.464029 0.774603 0.464029 0.777778 0.460432 0.780952 0.460432 0.784127 0.456835 0.784127 0.453237 0.787302 0.449640 0.784127 0.446043
0 0.374603 0.446043 0.371429 0.442446 0.365079 0.442446 0.361905 0.446043 0.358730 0.446043 0.352381 0.453237 0.352381 0.456835 0.349206 0.460432 0.349206 0.464029 0.352381 0.467626 0.358730 0.467626 0.361905 0.464029 0.365079 0.464029 0.374603 0.453237
0 0.231746 0.446043 0.228571 0.449640 0.228571 0.456835 0.231746 0.460432 0.238095 0.460432 0.241270 0.456835 0.241270 0.446043
0 0.609524 0.446043 0.603175 0.453237 0.603175 0.460432 0.606349 0.460432 0.609524 0.464029 0.619048 0.464029 0.619048 0.449640 0.615873 0.446043
0 0.463492 0.456835 0.463492 0.467626 0.469841 0.474820 0.476190 0.474820 0.479365 0.471223 0.485714 0.471223 0.488889 0.467626 0.488889 0.460432 0.482540 0.453237 0.469841 0.453237 0.466667 0.456835
0 0.180952 0.467626 0.177778 0.464029 0.165079 0.464029 0.161905 0.467626 0.155556 0.467626 0.149206 0.474820 0.149206 0.482014 0.152381 0.485612 0.171429 0.485612 0.174603 0.482014 0.177778 0.482014 0.177778 0.478417 0.180952 0.474820
0 0.403175 0.464029 0.387302 0.464029 0.384127 0.467626 0.384127 0.485612 0.387302 0.485612 0.390476 0.489209 0.393651 0.489209 0.403175 0.478417
0 0.419048 0.471223 0.419048 0.482014 0.425397 0.489209 0.434921 0.489209 0.438095 0.485612 0.441270 0.485612 0.444444 0.482014 0.444444 0.467626 0.441270 0.467626 0.438095 0.464029 0.425397 0.464029
0 0.603175 0.471223 0.600000 0.467626 0.587302 0.467626 0.577778 0.478417 0.577778 0.485612 0.574603 0.489209 0.574603 0.492806 0.577778 0.496403 0.584127 0.496403 0.587302 0.492806 0.593651 0.492806 0.603175 0.482014
0 0.914286 0.467626 0.907937 0.474820 0.907937 0.482014 0.911111 0.485612 0.917460 0.485612 0.920635 0.489209 0.920635 0.485612 0.926984 0.478417 0.926984 0.474820 0.923810 0.471223 0.923810 0.467626
0 0.257143 0.471223 0.244444 0.471223 0.241270 0.474820 0.238095 0.474820 0.231746 0.482014 0.231746 0.500000 0.234921 0.503597 0.244444 0.503597 0.247619 0.500000 0.250794 0.500000 0.257143 0.492806 0.257143 0.489209 0.260317 0.485612 0.260317 0.474820
0 0.539683 0.474820 0.536508 0.471223 0.526984 0.471223 0.523810 0.474820 0.520635 0.474820 0.514286 0.482014 0.520635 0.489209 0.530159 0.489209 0.533333 0.485612 0.536508 0.485612 0.539683 0.482014
0 0.803175 0.482014 0.803175 0.492806 0.806349 0.496403 0.812698 0.496403 0.815873 0.492806 0.822222 0.492806 0.825397 0.489209 0.825397 0.482014 0.819048 0.474820 0.809524 0.474820
0 0.946032 0.474820 0.936508 0.474820 0.933333 0.478417 0.930159 0.478417 0.923810 0.485612 0.923810 0.489209 0.926984 0.492806 0.926984 0.503597 0.936508 0.510791 0.939683 0.507194 0.942857 0.507194 0.949206 0.500000 0.949206 0.478417
0 0.104762 0.482014 0.104762 0.496403 0.107937 0.496403 0.111111 0.500000 0.117460 0.500000 0.120635 0.496403 0.123810 0.496403 0.130159 0.489209 0.130159 0.482014 0.126984 0.478417 0.111111 0.478417 0.107937 0.482014
0 0.476190 0.478417 0.466667 0.478417 0.457143 0.489209 0.457143 0.500000 0.466667 0.500000 0.469841 0.496403 0.473016 0.496403 0.476190 0.492806 0.476190 0.489209 0.479365 0.485612 0.476190 0.482014
0 0.993651 0.478417 0.984127 0.478417 0.980952 0.482014 0.977778 0.482014 0.968254 0.492806 0.968254 0.496403 0.971429 0.500000 0.974603 0.496403 0.993651 0.496403
0 0.219048 0.489209 0.212698 0.482014 0.206349 0.482014 0.203175 0.485612 0.200000 0.485612 0.193651 0.492806 0.193651 0.503597 0.196825 0.507194 0.209524 0.507194 0.219048 0.496403
0 0.676190 0.482014 0.673016 0.482014 0.669841 0.485612 0.663492 0.485612 0.663492 0.489209 0.657143 0.496403 0.657143 0.507194 0.660317 0.510791 0.669841 0.510791 0.682540 0.496403 0.682540 0.489209
0 0.758730 0.500000 0.758730 0.507194 0.761905 0.507194 0.765079 0.510791 0.784127 0.510791 0.787302 0.507194 0.787302 0.500000 0.790476 0.496403 0.790476 0.489209 0.787302 0.485612 0.771429 0.485612
0 0.834921 0.496403 0.834921 0.510791 0.838095 0.510791 0.841270 0.514388 0.847619 0.514388 0.850794 0.510791 0.857143 0.510791 0.857143 0.507194 0.860317 0.503597 0.860317 0.500000 0.853968 0.492806 0.847619 0.492806 0.844444 0.489209 0.841270 0.492806 0.838095 0.492806
0 0.355556 0.500000 0.355556 0.510791 0.358730 0.514388 0.368254 0.514388 0.371429 0.510791 0.374603 0.510791 0.377778 0.507194 0.377778 0.496403 0.374603 0.492806 0.361905 0.492806
0 0.485714 0.507194 0.492063 0.507194 0.495238 0.503597 0.498413 0.503597 0.501587 0.500000 0.501587 0.492806 0.488889 0.492806 0.485714 0.496403
0 0.111111 0.503597 0.107937 0.507194 0.107937 0.510791 0.104762 0.514388 0.104762 0.517986 0.111111 0.525180 0.123810 0.525180 0.126984 0.521583 0.126984 0.517986 0.130159 0.514388 0.126984 0.510791 0.126984 0.507194 0.123810 0.507194 0.120635 0.503597
0 0.158730 0.503597 0.152381 0.503597 0.142857 0.510791 0.142857 0.517986 0.139683 0.521583 0.142857 0.525180 0.142857 0.532374 0.146032 0.535971 0.155556 0.535971 0.161905 0.528777 0.161905 0.525180 0.165079 0.521583 0.165079 0.510791
0 0.314286 0.507194 0.314286 0.510791 0.311111 0.514388 0.311111 0.517986 0.317460 0.525180 0.333333 0.525180 0.339683 0.517986 0.339683 0.514388 0.336508 0.510791 0.336508 0.507194 0.333333 0.503597 0.320635 0.503597 0.317460 0.507194
0 0.723810 0.510791 0.730159 0.517986 0.749206 0.517986 0.752381 0.514388 0.752381 0.507194 0.749206 0.503597 0.733333 0.503597 0.730159 0.507194 0.726984 0.507194
0 0.438095 0.507194 0.422222 0.507194 0.419048 0.510791 0.419048 0.514388 0.415873 0.517986 0.415873 0.528777 0.419048 0.532374 0.425397 0.532374 0.428571 0.528777 0.431746 0.528777 0.434921 0.525180 0.434921 0.521583 0.438095 0.517986
0 0.815873 0.510791 0.809524 0.510791 0.803175 0.517986 0.803175 0.528777 0.806349 0.528777 0.809524 0.532374 0.812698 0.532374 0.815873 0.528777 0.819048 0.528777 0.819048 0.514388
0 0.961905 0.517986 0.949206 0.517986 0.946032 0.514388 0.936508 0.514388 0.926984 0.525180 0.920635 0.525180 0.917460 0.528777 0.907937 0.532374 0.904762 0.535971 0.904762 0.543165 0.923810 0.543165 0.926984 0.539568 0.936508 0.539568 0.939683 0.535971 0.946032 0.535971 0.952381 0.528777 0.955556 0.528777 0.961905 0.521583
0 0.295238 0.525180 0.292063 0.521583 0.288889 0.521583 0.285714 0.517986 0.282540 0.521583 0.276190 0.521583 0.269841 0.528777 0.269841 0.543165 0.273016 0.543165 0.276190 0.546763 0.285714 0.546763 0.288889 0.543165 0.292063 0.543165 0.295238 0.539568
0 0.533333 0.517986 0.523810 0.517986 0.517460 0.525180 0.517460 0.528777 0.514286 0.532374 0.520635 0.539568 0.523810 0.539568 0.526984 0.535971 0.533333 0.535971 0.536508 0.532374 0.536508 0.521583
0 0.628571 0.528777 0.625397 0.528777 0.622222 0.525180 0.619048 0.528777 0.612698 0.528777 0.609524 0.532374 0.606349 0.532374 0.606349 0.535971 0.603175 0.539568 0.603175 0.546763 0.600000 0.550360 0.603175 0.553957 0.603175 0.557554 0.606349 0.557554 0.609524 0.561151 0.615873 0.561151 0.619048 0.557554 0.622222 0.557554 0.628571 0.550360 0.628571 0.543165 0.631746 0.539568
0 0.695238 0.528777 0.695238 0.535971 0.698413 0.539568 0.714286 0.539568 0.717460 0.535971 0.717460 0.528777 0.714286 0.528777 0.711111 0.525180 0.698413 0.525180
0 0.850794 0.535971 0.853968 0.535971 0.857143 0.539568 0.853968 0.543165 0.857143 0.546763 0.873016 0.546763 0.882540 0.539568 0.882540 0.532374 0.873016 0.525180 0.863492 0.525180 0.853968 0.535971
0 0.209524 0.528777 0.196825 0.528777 0.193651 0.532374 0.190476 0.532374 0.187302 0.535971 0.184127 0.535971 0.187302 0.539568 0.187302 0.543165 0.203175 0.543165 0.206349 0.539568 0.206349 0.535971 0.209524 0.532374
0 0.469841 0.528777 0.453968 0.528777 0.444444 0.539568 0.444444 0.543165 0.441270 0.546763 0.441270 0.550360 0.450794 0.557554 0.460317 0.557554 0.463492 0.553957 0.466667 0.553957 0.473016 0.546763 0.473016 0.532374
0 0.850794 0.532374 0.847619 0.532374 0.844444 0.528777 0.841270 0.528777 0.838095 0.532374 0.831746 0.532374 0.828571 0.535971 0.828571 0.546763 0.831746 0.546763 0.834921 0.550360 0.838095 0.546763 0.841270 0.546763 0.847619 0.539568 0.847619 0.535971
0 0.393651 0.539568 0.390476 0.539568 0.387302 0.535971 0.384127 0.535971 0.380952 0.539568 0.374603 0.539568 0.368254 0.546763 0.368254 0.553957 0.371429 0.557554 0.377778 0.557554 0.380952 0.561151 0.384127 0.557554 0.390476 0.557554 0.393651 0.553957
0 0.736508 0.543165 0.736508 0.546763 0.742857 0.553957 0.749206 0.553957 0.752381 0.557554 0.765079 0.557554 0.768254 0.553957 0.768254 0.546763 0.765079 0.546763 0.761905 0.543165 0.761905 0.539568 0.758730 0.535971 0.746032 0.535971 0.742857 0.539568 0.739683 0.539568
0 0.301587 0.543165 0.295238 0.543165 0.292063 0.546763 0.288889 0.546763 0.285714 0.550360 0.282540 0.550360 0.282540 0.561151 0.285714 0.564748 0.288889 0.564748 0.292063 0.568345 0.295238 0.564748 0.298413 0.564748 0.301587 0.561151 0.304762 0.561151 0.304762 0.546763
0 0.323810 0.550360 0.323810 0.557554 0.330159 0.564748 0.339683 0.564748 0.342857 0.561151 0.346032 0.561151 0.352381 0.553957 0.352381 0.546763 0.349206 0.543165 0.330159 0.543165
0 0.241270 0.553957 0.238095 0.553957 0.228571 0.546763 0.222222 0.546763 0.219048 0.550360 0.212698 0.550360 0.212698 0.553957 0.209524 0.557554 0.209524 0.564748 0.212698 0.568345 0.215873 0.568345 0.219048 0.571942 0.219048 0.575540 0.222222 0.575540 0.225397 0.571942 0.234921 0.571942 0.241270 0.564748
0 0.555556 0.553957 0.552381 0.553957 0.549206 0.550360 0.546032 0.550360 0.542857 0.553957 0.539683 0.553957 0.539683 0.557554 0.536508 0.561151 0.536508 0.568345 0.539683 0.571942 0.539683 0.575540 0.552381 0.575540 0.552381 0.571942 0.555556 0.568345
0 0.682540 0.553957 0.679365 0.550360 0.673016 0.550360 0.669841 0.553957 0.666667 0.553957 0.660317 0.561151 0.657143 0.561151 0.653968 0.564748 0.653968 0.571942 0.657143 0.575540 0.673016 0.575540 0.679365 0.568345 0.682540 0.568345
0 0.977778 0.553957 0.974603 0.550360 0.952381 0.550360 0.939683 0.557554 0.930159 0.568345 0.930159 0.575540 0.926984 0.579137 0.926984 0.589928 0.933333 0.597122 0.949206 0.597122 0.968254 0.586331 0.977778 0.568345
0 0.095238 0.561151 0.095238 0.575540 0.098413 0.575540 0.101587 0.579137 0.111111 0.579137 0.120635 0.568345 0.117460 0.564748 0.117460 0.561151 0.114286 0.557554 0.101587 0.557554 0.098413 0.561151
0 0.165079 0.561151 0.165079 0.568345 0.168254 0.571942 0.168254 0.575540 0.171429 0.579137 0.177778 0.579137 0.180952 0.582734 0.184127 0.582734 0.187302 0.579137 0.190476 0.579137 0.193651 0.575540 0.193651 0.564748 0.187302 0.557554 0.168254 0.557554
0 0.800000 0.561151 0.784127 0.561151 0.780952 0.564748 0.780952 0.568345 0.777778 0.571942 0.777778 0.575540 0.784127 0.582734 0.787302 0.582734 0.790476 0.579137 0.793651 0.579137 0.800000 0.571942
0 0.885714 0.564748 0.879365 0.561151 0.876190 0.564748 0.863492 0.564748 0.860317 0.568345 0.841270 0.571942 0.819048 0.589928 0.815873 0.589928 0.815873 0.593525 0.819048 0.597122 0.831746 0.589928 0.850794 0.586331 0.860317 0.579137 0.866667 0.579137 0.873016 0.571942
0 0.269841 0.564748 0.257143 0.564748 0.247619 0.575540 0.247619 0.582734 0.253968 0.589928 0.263492 0.589928 0.266667 0.586331 0.269841 0.586331 0.273016 0.582734 0.273016 0.568345
0 0.133333 0.575540 0.139683 0.582734 0.142857 0.582734 0.146032 0.579137 0.149206 0.579137 0.149206 0.575540 0.146032 0.571942 0.146032 0.568345 0.139683 0.568345
0 0.736508 0.571942 0.733333 0.568345 0.720635 0.568345 0.717460 0.571942 0.711111 0.571942 0.707937 0.575540 0.698413 0.579137 0.695238 0.582734 0.695238 0.589928 0.704762 0.589928 0.707937 0.586331 0.714286 0.586331 0.723810 0.579137 0.730159 0.579137 0.733333 0.575540 0.736508 0.575540
0 0.361905 0.575540 0.358730 0.571942 0.349206 0.571942 0.346032 0.575540 0.342857 0.575540 0.336508 0.582734 0.336508 0.589928 0.339683 0.593525 0.358730 0.593525 0.361905 0.589928
0 0.384127 0.571942 0.380952 0.575540 0.380952 0.586331 0.390476 0.597122 0.396825 0.597122 0.406349 0.586331 0.406349 0.575540 0.403175 0.571942
0 0.422222 0.575540 0.422222 0.586331 0.438095 0.586331 0.441270 0.582734 0.441270 0.579137 0.438095 0.575540 0.434921 0.575540 0.431746 0.571942 0.425397 0.571942
0 0.196825 0.586331 0.196825 0.589928 0.200000 0.593525 0.212698 0.593525 0.215873 0.589928 0.219048 0.589928 0.219048 0.579137 0.203175 0.579137
0 0.504762 0.593525 0.504762 0.604317 0.507937 0.607914 0.523810 0.607914 0.526984 0.604317 0.526984 0.589928 0.523810 0.586331 0.514286 0.586331 0.511111 0.589928 0.507937 0.589928
0 0.415873 0.597122 0.415873 0.607914 0.419048 0.611511 0.431746 0.611511 0.434921 0.607914 0.438095 0.607914 0.441270 0.604317 0.441270 0.593525 0.438095 0.589928 0.422222 0.589928
0 0.834921 0.604317 0.834921 0.611511 0.838095 0.615108 0.847619 0.615108 0.850794 0.618705 0.882540 0.618705 0.885714 0.615108 0.882540 0.607914 0.885714 0.604317 0.885714 0.589928 0.860317 0.589928
0 0.304762 0.593525 0.307937 0.597122 0.307937 0.607914 0.311111 0.611511 0.311111 0.615108 0.314286 0.618705 0.320635 0.618705 0.326984 0.611511 0.326984 0.600719 0.323810 0.597122 0.320635 0.597122 0.317460 0.593525
0 0.479365 0.600719 0.476190 0.597122 0.460317 0.597122 0.453968 0.604317 0.450794 0.604317 0.447619 0.607914 0.447619 0.615108 0.450794 0.618705 0.466667 0.618705 0.469841 0.615108 0.473016 0.615108 0.479365 0.607914
0 0.717460 0.607914 0.723810 0.615108 0.733333 0.615108 0.736508 0.611511 0.739683 0.611511 0.742857 0.607914 0.742857 0.600719 0.739683 0.597122 0.726984 0.597122 0.726984 0.600719 0.723810 0.604317 0.720635 0.604317
0 0.149206 0.607914 0.142857 0.600719 0.136508 0.600719 0.133333 0.604317 0.130159 0.604317 0.130159 0.611511 0.126984 0.615108 0.130159 0.618705 0.142857 0.618705 0.149206 0.611511
0 0.174603 0.615108 0.168254 0.615108 0.165079 0.618705 0.161905 0.618705 0.152381 0.629496 0.149206 0.629496 0.152381 0.633094 0.152381 0.636691 0.155556 0.640288 0.165079 0.640288 0.171429 0.633094 0.171429 0.629496 0.174603 0.625899
0 0.215873 0.618705 0.203175 0.618705 0.200000 0.615108 0.196825 0.615108 0.193651 0.618705 0.190476 0.618705 0.187302 0.622302 0.187302 0.640288 0.190476 0.640288 0.193651 0.643885 0.196825 0.643885 0.200000 0.640288 0.203175 0.640288 0.215873 0.625899
0 0.393651 0.618705 0.393651 0.629496 0.403175 0.629496 0.406349 0.625899 0.409524 0.625899 0.406349 0.622302 0.406349 0.618705 0.403175 0.615108 0.396825 0.615108
0 0.993651 0.615108 0.990476 0.615108 0.987302 0.618705 0.977778 0.618705 0.971429 0.625899 0.971429 0.629496 0.974603 0.633094 0.987302 0.633094 0.990476 0.629496 0.993651 0.629496
0 0.625397 0.618705 0.622222 0.618705 0.619048 0.622302 0.615873 0.622302 0.606349 0.633094 0.606349 0.640288 0.609524 0.643885 0.612698 0.643885 0.615873 0.647482 0.619048 0.647482 0.628571 0.636691 0.628571 0.629496 0.631746 0.625899
0 0.273016 0.622302 0.269841 0.625899 0.269841 0.633094 0.266667 0.636691 0.266667 0.640288 0.269841 0.643885 0.269841 0.647482 0.282540 0.647482 0.285714 0.643885 0.288889 0.643885 0.292063 0.640288 0.292063 0.636691 0.295238 0.633094 0.285714 0.622302
0 0.339683 0.629496 0.339683 0.643885 0.349206 0.651079 0.358730 0.651079 0.361905 0.647482 0.365079 0.647482 0.371429 0.640288 0.371429 0.629496 0.361905 0.622302 0.349206 0.622302 0.342857 0.629496
0 0.809524 0.622302 0.806349 0.625899 0.806349 0.629496 0.803175 0.633094 0.803175 0.636691 0.806349 0.640288 0.815873 0.640288 0.819048 0.636691 0.819048 0.625899 0.815873 0.622302
0 0.841270 0.636691 0.841270 0.640288 0.844444 0.643885 0.847619 0.643885 0.850794 0.647482 0.857143 0.647482 0.866667 0.654676 0.876190 0.654676 0.879365 0.651079 0.882540 0.651079 0.888889 0.643885 0.888889 0.640288 0.885714 0.636691 0.882540 0.636691 0.876190 0.629496 0.853968 0.629496 0.850794 0.633094
0 0.247619 0.636691 0.244444 0.636691 0.241270 0.633094 0.238095 0.633094 0.234921 0.636691 0.231746 0.636691 0.225397 0.643885 0.225397 0.647482 0.222222 0.651079 0.222222 0.654676 0.228571 0.665468 0.241270 0.665468 0.244444 0.661871 0.244444 0.658273 0.247619 0.654676 0.250794 0.654676 0.250794 0.643885 0.247619 0.640288
0 0.438095 0.633094 0.425397 0.633094 0.422222 0.636691 0.415873 0.636691 0.409524 0.643885 0.409524 0.654676 0.425397 0.654676 0.431746 0.647482 0.434921 0.647482 0.438095 0.643885
0 0.473016 0.643885 0.479365 0.651079 0.488889 0.651079 0.492063 0.647482 0.492063 0.640288 0.488889 0.636691 0.482540 0.636691 0.479365 0.640288 0.476190 0.640288
0 0.650794 0.643885 0.647619 0.640288 0.644444 0.643885 0.638095 0.643885 0.638095 0.647482 0.634921 0.651079 0.628571 0.651079 0.625397 0.654676 0.622222 0.654676 0.606349 0.672662 0.606349 0.679856 0.612698 0.687050 0.619048 0.687050 0.622222 0.683453 0.625397 0.683453 0.650794 0.658273
0 0.146032 0.647482 0.142857 0.647482 0.139683 0.643885 0.136508 0.647482 0.133333 0.647482 0.130159 0.651079 0.130159 0.654676 0.133333 0.658273 0.133333 0.661871 0.142857 0.661871 0.146032 0.658273
0 0.542857 0.665468 0.546032 0.669065 0.549206 0.669065 0.552381 0.665468 0.574603 0.665468 0.580952 0.654676 0.580952 0.647482 0.577778 0.643885 0.549206 0.643885 0.542857 0.651079 0.542857 0.654676 0.546032 0.658273 0.542857 0.661871
0 0.752381 0.651079 0.746032 0.658273 0.746032 0.683453 0.742857 0.690647 0.755556 0.697842 0.761905 0.697842 0.771429 0.705036 0.787302 0.705036 0.793651 0.697842 0.793651 0.679856 0.784127 0.661871 0.765079 0.647482
0 0.184127 0.658273 0.180952 0.654676 0.171429 0.654676 0.168254 0.658273 0.165079 0.658273 0.161905 0.661871 0.161905 0.669065 0.165079 0.672662 0.177778 0.672662 0.180952 0.669065 0.180952 0.665468 0.184127 0.661871
0 0.307937 0.658273 0.304762 0.654676 0.295238 0.654676 0.292063 0.658273 0.288889 0.658273 0.288889 0.669065 0.298413 0.669065 0.301587 0.665468 0.304762 0.665468 0.304762 0.661871
0 0.200000 0.661871 0.193651 0.669065 0.193651 0.679856 0.196825 0.683453 0.206349 0.683453 0.212698 0.676259 0.212698 0.672662 0.209524 0.669065 0.209524 0.665468 0.206349 0.665468 0.203175 0.661871
0 0.273016 0.669065 0.266667 0.661871 0.263492 0.661871 0.260317 0.665468 0.257143 0.665468 0.253968 0.669065 0.250794 0.669065 0.247619 0.672662 0.247619 0.683453 0.250794 0.683453 0.253968 0.687050 0.260317 0.687050 0.269841 0.676259 0.269841 0.672662
0 0.317460 0.672662 0.317460 0.683453 0.323810 0.683453 0.326984 0.687050 0.339683 0.687050 0.349206 0.679856 0.349206 0.669065 0.346032 0.665468 0.326984 0.665468
0 0.460317 0.679856 0.460317 0.690647 0.463492 0.694245 0.466667 0.694245 0.469841 0.697842 0.473016 0.694245 0.479365 0.694245 0.482540 0.690647 0.485714 0.690647 0.488889 0.687050 0.488889 0.676259 0.485714 0.676259 0.482540 0.672662 0.466667 0.672662
0 0.142857 0.694245 0.142857 0.701439 0.146032 0.705036 0.161905 0.705036 0.165079 0.701439 0.165079 0.697842 0.161905 0.694245 0.158730 0.694245 0.155556 0.690647 0.146032 0.690647
