0 0.458599 0.107527 0.452229 0.107527 0.449045 0.103943 0.436306 0.103943 0.429936 0.100358 0.417197 0.114695 0.407643 0.118280 0.407643 0.125448 0.404459 0.129032 0.407643 0.132616 0.407643 0.139785 0.417197 0.146953 0.429936 0.146953 0.433121 0.143369 0.458599 0.136201 0.464968 0.125448
0 0.538217 0.121864 0.531847 0.129032 0.531847 0.139785 0.535032 0.143369 0.547771 0.143369 0.554140 0.136201 0.554140 0.125448 0.550955 0.121864
0 0.041401 0.132616 0.031847 0.143369 0.031847 0.154122 0.035032 0.157706 0.035032 0.161290 0.050955 0.161290 0.050955 0.157706 0.054140 0.154122 0.057325 0.154122 0.060510 0.150538 0.060510 0.146953 0.057325 0.143369 0.057325 0.139785 0.050955 0.132616
0 0.085987 0.132616 0.082803 0.136201 0.082803 0.150538 0.085987 0.150538 0.089172 0.154122 0.092357 0.154122 0.095541 0.150538 0.098726 0.150538 0.101911 0.146953 0.101911 0.143369 0.098726 0.139785 0.098726 0.136201 0.095541 0.136201 0.092357 0.132616
0 0.681529 0.132616 0.678344 0.136201 0.678344 0.139785 0.681529 0.143369 0.681529 0.146953 0.687898 0.154122 0.697452 0.154122 0.700637 0.150538 0.700637 0.139785 0.694268 0.132616
0 0.598726 0.139785 0.592357 0.146953 0.592357 0.164875 0.598726 0.172043 0.605096 0.172043 0.608280 0.168459 0.611465 0.168459 0.617834 0.161290 0.617834 0.154122 0.614650 0.150538 0.614650 0.146953 0.608280 0.139785
0 0.570064 0.143369 0.566879 0.146953 0.557325 0.150538 0.550955 0.157706 0.547771 0.157706 0.544586 0.161290 0.544586 0.172043 0.550955 0.179211 0.557325 0.179211 0.560510 0.182796 0.563694 0.179211 0.573248 0.175627 0.573248 0.168459 0.576433 0.164875 0.576433 0.150538
0 0.837580 0.143369 0.828025 0.157706 0.828025 0.164875 0.824841 0.168459 0.824841 0.186380 0.834395 0.207885 0.840764 0.215054 0.847134 0.215054 0.856688 0.200717 0.853503 0.157706 0.847134 0.143369
0 0.461783 0.197133 0.452229 0.182796 0.426752 0.179211 0.423567 0.182796 0.407643 0.182796 0.394904 0.193548 0.391720 0.207885 0.394904 0.215054 0.401274 0.218638 0.455414 0.215054 0.461783 0.204301
0 0.560510 0.186380 0.560510 0.193548 0.566879 0.204301 0.570064 0.204301 0.579618 0.211470 0.582803 0.211470 0.585987 0.207885 0.589172 0.207885 0.589172 0.204301 0.592357 0.200717 0.589172 0.197133 0.589172 0.189964 0.579618 0.179211 0.570064 0.179211
0 0.681529 0.182796 0.681529 0.186380 0.678344 0.189964 0.678344 0.200717 0.681529 0.204301 0.681529 0.215054 0.691083 0.222222 0.700637 0.211470 0.700637 0.204301 0.703822 0.200717 0.703822 0.193548 0.697452 0.186380 0.694268 0.186380 0.691083 0.182796
0 0.601911 0.186380 0.601911 0.189964 0.595541 0.197133 0.595541 0.215054 0.601911 0.225806 0.611465 0.225806 0.617834 0.218638 0.617834 0.211470 0.621019 0.207885 0.621019 0.197133 0.614650 0.186380
0 0.528662 0.200717 0.522293 0.211470 0.522293 0.215054 0.525478 0.218638 0.525478 0.225806 0.535032 0.236559 0.544586 0.236559 0.544586 0.232975 0.547771 0.229391 0.547771 0.215054 0.541401 0.204301 0.538217 0.204301 0.535032 0.200717
0 0.713376 0.211470 0.713376 0.236559 0.729299 0.236559 0.732484 0.240143 0.742038 0.240143 0.751592 0.232975 0.751592 0.225806 0.742038 0.215054 0.735669 0.215054 0.719745 0.204301
0 0.875796 0.211470 0.869427 0.218638 0.869427 0.225806 0.866242 0.229391 0.869427 0.240143 0.875796 0.240143 0.878981 0.243728 0.885350 0.243728 0.888535 0.240143 0.894904 0.240143 0.901274 0.232975 0.901274 0.225806 0.898089 0.222222 0.898089 0.218638 0.891720 0.211470
0 0.401274 0.240143 0.407643 0.247312 0.429936 0.247312 0.433121 0.243728 0.445860 0.243728 0.452229 0.247312 0.452229 0.243728 0.458599 0.240143 0.464968 0.229391 0.455414 0.218638 0.404459 0.222222 0.407643 0.225806
0 0.662420 0.218638 0.659236 0.222222 0.656051 0.222222 0.656051 0.243728 0.659236 0.247312 0.659236 0.250896 0.665605 0.258065 0.668790 0.258065 0.675159 0.250896 0.675159 0.247312 0.678344 0.243728 0.675159 0.240143 0.675159 0.232975 0.671975 0.229391 0.671975 0.225806
0 0.630573 0.222222 0.624204 0.229391 0.624204 0.232975 0.621019 0.236559 0.621019 0.240143 0.636943 0.258065 0.643312 0.258065 0.646497 0.254480 0.646497 0.243728 0.643312 0.240143 0.643312 0.232975 0.636943 0.222222
0 0.452229 0.250896 0.445860 0.247312 0.433121 0.247312 0.429936 0.250896 0.407643 0.250896 0.398089 0.261649 0.398089 0.268817 0.401274 0.272401 0.407643 0.272401 0.420382 0.279570 0.429936 0.279570 0.433121 0.283154 0.452229 0.272401
0 0.006369 0.258065 0.003185 0.258065 0.003185 0.290323 0.006369 0.286738 0.006369 0.283154 0.009554 0.279570 0.009554 0.265233 0.006369 0.261649
0 0.585987 0.258065 0.582803 0.261649 0.582803 0.275986 0.585987 0.279570 0.585987 0.283154 0.595541 0.290323 0.605096 0.290323 0.608280 0.286738 0.608280 0.272401 0.605096 0.268817 0.605096 0.265233 0.598726 0.258065
0 0.378981 0.286738 0.378981 0.293907 0.382166 0.297491 0.385350 0.297491 0.388535 0.301075 0.401274 0.301075 0.404459 0.304659 0.407643 0.304659 0.429936 0.290323 0.426752 0.286738 0.429936 0.283154 0.420382 0.283154 0.417197 0.279570 0.410828 0.279570 0.407643 0.275986 0.401274 0.275986 0.398089 0.272401 0.391720 0.279570 0.388535 0.279570
0 0.557325 0.275986 0.554140 0.279570 0.554140 0.293907 0.560510 0.301075 0.573248 0.301075 0.576433 0.297491 0.576433 0.286738 0.573248 0.283154 0.573248 0.279570 0.570064 0.279570 0.566879 0.275986
0 0.735669 0.279570 0.732484 0.283154 0.732484 0.293907 0.738854 0.301075 0.751592 0.301075 0.754777 0.297491 0.754777 0.290323 0.751592 0.286738 0.751592 0.283154 0.748408 0.283154 0.745223 0.279570
0 0.407643 0.308244 0.407643 0.315412 0.420382 0.322581 0.429936 0.333333 0.445860 0.333333 0.452229 0.329749 0.458599 0.318996 0.458599 0.304659 0.449045 0.293907 0.429936 0.293907
0 0.757962 0.301075 0.757962 0.315412 0.761146 0.318996 0.761146 0.322581 0.770701 0.333333 0.783439 0.333333 0.789809 0.326165 0.789809 0.311828 0.786624 0.308244 0.786624 0.304659 0.780255 0.297491 0.764331 0.297491 0.761146 0.301075
0 0.557325 0.315412 0.554140 0.315412 0.544586 0.322581 0.544586 0.344086 0.550955 0.354839 0.557325 0.354839 0.560510 0.351254 0.560510 0.347670 0.566879 0.340502 0.566879 0.322581
0 0.585987 0.315412 0.585987 0.318996 0.582803 0.322581 0.582803 0.365591 0.589172 0.372760 0.598726 0.372760 0.605096 0.362007 0.605096 0.329749 0.601911 0.326165 0.601911 0.318996 0.598726 0.315412
0 0.391720 0.322581 0.382166 0.336918 0.382166 0.351254 0.401274 0.365591 0.420382 0.365591 0.423567 0.362007 0.423567 0.351254 0.426752 0.347670 0.426752 0.333333 0.410828 0.318996 0.401274 0.318996 0.398089 0.322581
0 0.840764 0.333333 0.840764 0.351254 0.843949 0.354839 0.843949 0.358423 0.847134 0.358423 0.850318 0.362007 0.863057 0.362007 0.872611 0.354839 0.872611 0.336918 0.863057 0.326165 0.850318 0.326165
0 0.636943 0.333333 0.630573 0.333333 0.627389 0.336918 0.627389 0.340502 0.621019 0.351254 0.621019 0.369176 0.627389 0.379928 0.633758 0.379928 0.643312 0.369176 0.643312 0.340502
0 0.057325 0.340502 0.050955 0.336918 0.035032 0.336918 0.031847 0.340502 0.019108 0.344086 0.003185 0.362007 0.003185 0.387097 0.015924 0.390681 0.019108 0.387097 0.035032 0.387097 0.041401 0.383513 0.050955 0.372760 0.050955 0.362007 0.057325 0.351254
0 0.429936 0.336918 0.429936 0.347670 0.426752 0.351254 0.426752 0.362007 0.423567 0.365591 0.426752 0.365591 0.436306 0.372760 0.442675 0.372760 0.445860 0.369176 0.449045 0.369176 0.455414 0.362007 0.455414 0.344086 0.452229 0.344086 0.449045 0.340502 0.442675 0.340502 0.439490 0.336918
0 0.748408 0.336918 0.748408 0.347670 0.757962 0.362007 0.764331 0.365591 0.770701 0.365591 0.773885 0.369176 0.792994 0.369176 0.799363 0.365591 0.799363 0.351254 0.796178 0.347670 0.780255 0.344086 0.770701 0.336918 0.767516 0.340502 0.761146 0.340502 0.757962 0.336918
0 0.713376 0.340502 0.707006 0.347670 0.707006 0.358423 0.710191 0.362007 0.710191 0.365591 0.719745 0.376344 0.735669 0.376344 0.738854 0.372760 0.738854 0.365591 0.735669 0.362007 0.732484 0.351254 0.726115 0.344086 0.722930 0.344086 0.719745 0.340502
0 0.366242 0.358423 0.363057 0.365591 0.363057 0.387097 0.372611 0.397849 0.378981 0.412186 0.398089 0.412186 0.404459 0.408602 0.407643 0.401434 0.407643 0.387097 0.398089 0.372760 0.398089 0.365591 0.394904 0.365591 0.382166 0.354839
0 0.522293 0.358423 0.512739 0.358423 0.509554 0.362007 0.506369 0.362007 0.500000 0.369176 0.500000 0.372760 0.496815 0.376344 0.496815 0.383513 0.500000 0.387097 0.509554 0.387097 0.512739 0.383513 0.515924 0.383513 0.515924 0.379928 0.519108 0.376344 0.519108 0.372760 0.522293 0.369176
0 0.831210 0.372760 0.824841 0.372760 0.818471 0.379928 0.815287 0.379928 0.815287 0.397849 0.821656 0.405018 0.828025 0.405018 0.831210 0.401434 0.831210 0.397849 0.840764 0.387097 0.840764 0.383513
0 0.742038 0.394265 0.742038 0.401434 0.745223 0.405018 0.751592 0.405018 0.767516 0.415771 0.786624 0.415771 0.799363 0.408602 0.799363 0.397849 0.792994 0.390681 0.786624 0.390681 0.783439 0.387097 0.773885 0.387097 0.770701 0.383513 0.754777 0.383513
0 0.331210 0.390681 0.324841 0.394265 0.318471 0.405018 0.318471 0.430108 0.321656 0.437276 0.331210 0.448029 0.337580 0.448029 0.347134 0.440860 0.347134 0.433692 0.353503 0.422939 0.350318 0.419355 0.350318 0.412186 0.347134 0.408602 0.347134 0.401434 0.343949 0.394265 0.337580 0.390681
0 0.347134 0.390681 0.347134 0.397849 0.350318 0.401434 0.350318 0.408602 0.353503 0.412186 0.353503 0.419355 0.356688 0.422939 0.363057 0.422939 0.366242 0.419355 0.369427 0.419355 0.375796 0.412186 0.375796 0.408602 0.369427 0.401434 0.369427 0.397849 0.363057 0.390681
0 0.012739 0.405018 0.012739 0.415771 0.015924 0.422939 0.031847 0.433692 0.057325 0.433692 0.063694 0.426523 0.063694 0.415771 0.057325 0.401434 0.047771 0.394265 0.028662 0.394265
0 0.461783 0.401434 0.455414 0.401434 0.439490 0.419355 0.439490 0.426523 0.442675 0.430108 0.445860 0.430108 0.452229 0.422939 0.452229 0.419355 0.458599 0.412186 0.458599 0.405018
0 0.863057 0.401434 0.856688 0.412186 0.856688 0.415771 0.859873 0.419355 0.859873 0.422939 0.863057 0.426523 0.863057 0.430108 0.872611 0.437276 0.875796 0.437276 0.878981 0.433692 0.882166 0.433692 0.885350 0.430108 0.885350 0.412186 0.878981 0.405018 0.875796 0.405018 0.872611 0.401434
0 0.614650 0.408602 0.605096 0.408602 0.592357 0.419355 0.592357 0.458781 0.595541 0.455197 0.601911 0.455197 0.605096 0.451613 0.611465 0.451613 0.614650 0.448029 0.617834 0.448029 0.617834 0.430108 0.621019 0.426523 0.621019 0.419355 0.624204 0.415771 0.621019 0.415771
0 0.662420 0.412186 0.659236 0.408602 0.636943 0.408602 0.630573 0.415771 0.627389 0.415771 0.624204 0.419355 0.624204 0.426523 0.621019 0.430108 0.621019 0.448029 0.630573 0.448029 0.633758 0.444444 0.640127 0.444444 0.646497 0.437276 0.649682 0.437276 0.662420 0.422939
0 0.783439 0.419355 0.783439 0.422939 0.780255 0.426523 0.780255 0.433692 0.783439 0.437276 0.783439 0.440860 0.789809 0.448029 0.792994 0.448029 0.796178 0.451613 0.812102 0.451613 0.818471 0.444444 0.818471 0.440860 0.821656 0.437276 0.818471 0.433692 0.815287 0.422939 0.812102 0.422939 0.805732 0.415771 0.802548 0.415771 0.799363 0.412186 0.796178 0.415771 0.789809 0.415771 0.786624 0.419355
0 0.070064 0.433692 0.070064 0.448029 0.073248 0.455197 0.079618 0.458781 0.089172 0.458781 0.092357 0.462366 0.095541 0.458781 0.105096 0.458781 0.114650 0.448029 0.114650 0.440860 0.117834 0.437276 0.117834 0.426523 0.108280 0.419355 0.089172 0.419355 0.076433 0.426523
0 0.292994 0.419355 0.289809 0.422939 0.283439 0.422939 0.273885 0.433692 0.270701 0.448029 0.283439 0.473118 0.289809 0.480287 0.299363 0.480287 0.312102 0.473118 0.315287 0.465950 0.315287 0.455197 0.308917 0.440860 0.308917 0.426523 0.299363 0.419355
0 0.356688 0.437276 0.356688 0.451613 0.372611 0.451613 0.375796 0.448029 0.382166 0.448029 0.385350 0.444444 0.385350 0.437276 0.382166 0.433692 0.375796 0.433692 0.372611 0.430108 0.366242 0.430108 0.363057 0.433692 0.359873 0.433692
0 0.181529 0.440860 0.175159 0.437276 0.159236 0.437276 0.146497 0.444444 0.140127 0.451613 0.143312 0.483871 0.159236 0.487455 0.162420 0.483871 0.171975 0.483871 0.178344 0.480287 0.184713 0.473118 0.191083 0.458781 0.187898 0.455197 0.187898 0.448029
0 0.713376 0.437276 0.697452 0.437276 0.684713 0.448029 0.684713 0.480287 0.700637 0.480287 0.703822 0.476703 0.713376 0.473118 0.713376 0.469534 0.722930 0.455197 0.719745 0.444444
0 0.003185 0.440860 0.000000 0.444444 0.000000 0.451613 0.003185 0.455197 0.003185 0.465950 0.009554 0.465950 0.009554 0.451613 0.006369 0.448029 0.006369 0.444444
0 0.219745 0.440860 0.210191 0.440860 0.207006 0.444444 0.203822 0.444444 0.194268 0.462366 0.194268 0.465950 0.197452 0.469534 0.197452 0.480287 0.210191 0.491039 0.213376 0.487455 0.222930 0.483871 0.222930 0.476703 0.229299 0.465950 0.229299 0.455197
0 0.678344 0.444444 0.665605 0.444444 0.640127 0.473118 0.636943 0.473118 0.636943 0.487455 0.643312 0.494624 0.649682 0.494624 0.662420 0.487455 0.671975 0.487455 0.675159 0.483871 0.681529 0.483871 0.681529 0.448029
0 0.257962 0.448029 0.251592 0.455197 0.251592 0.462366 0.254777 0.465950 0.254777 0.491039 0.257962 0.494624 0.257962 0.505376 0.267516 0.519713 0.280255 0.519713 0.286624 0.508961 0.286624 0.480287 0.273885 0.462366 0.270701 0.451613 0.267516 0.448029
0 0.136943 0.455197 0.124204 0.455197 0.121019 0.458781 0.117834 0.458781 0.111465 0.465950 0.111465 0.473118 0.108280 0.476703 0.108280 0.483871 0.117834 0.494624 0.127389 0.494624 0.130573 0.491039 0.133758 0.491039 0.140127 0.483871 0.140127 0.469534 0.136943 0.465950
0 0.245223 0.458781 0.232484 0.458781 0.232484 0.465950 0.222930 0.487455 0.226115 0.491039 0.226115 0.505376 0.229299 0.508961 0.229299 0.516129 0.245223 0.512545 0.248408 0.505376 0.254777 0.501792 0.254777 0.494624 0.251592 0.491039 0.251592 0.465950
0 0.898089 0.469534 0.891720 0.462366 0.888535 0.462366 0.885350 0.458781 0.878981 0.458781 0.875796 0.462366 0.869427 0.462366 0.859873 0.469534 0.859873 0.473118 0.856688 0.476703 0.856688 0.487455 0.859873 0.491039 0.859873 0.494624 0.882166 0.494624 0.885350 0.491039 0.888535 0.491039 0.898089 0.480287
0 0.601911 0.465950 0.592357 0.465950 0.573248 0.487455 0.570064 0.494624 0.570064 0.512545 0.576433 0.519713 0.585987 0.519713 0.592357 0.516129 0.608280 0.494624 0.608280 0.487455 0.611465 0.480287
0 0.315287 0.469534 0.315287 0.473118 0.312102 0.476703 0.312102 0.487455 0.315287 0.491039 0.328025 0.491039 0.328025 0.476703 0.324841 0.473118 0.318471 0.473118
0 0.531847 0.469534 0.528662 0.473118 0.528662 0.491039 0.538217 0.501792 0.547771 0.501792 0.554140 0.494624 0.554140 0.483871 0.550955 0.480287 0.550955 0.476703 0.544586 0.469534
0 0.722930 0.480287 0.710191 0.476703 0.697452 0.483871 0.697452 0.487455 0.681529 0.501792 0.675159 0.516129 0.678344 0.519713 0.675159 0.523297 0.681529 0.541219 0.687898 0.541219 0.700637 0.534050 0.719745 0.516129 0.722930 0.508961 0.722930 0.494624 0.726115 0.491039
0 0.181529 0.498208 0.178344 0.498208 0.171975 0.491039 0.165605 0.491039 0.162420 0.487455 0.146497 0.505376 0.146497 0.516129 0.149682 0.519713 0.159236 0.523297 0.162420 0.519713 0.165605 0.519713 0.168790 0.516129 0.178344 0.512545 0.178344 0.505376 0.181529 0.501792
0 0.200637 0.487455 0.197452 0.491039 0.194268 0.491039 0.187898 0.498208 0.184713 0.498208 0.184713 0.501792 0.181529 0.505376 0.181529 0.523297 0.187898 0.530466 0.203822 0.530466 0.207006 0.526882 0.207006 0.523297 0.213376 0.516129 0.213376 0.501792 0.210191 0.498208 0.210191 0.494624
0 0.681529 0.491039 0.678344 0.487455 0.675159 0.487455 0.671975 0.491039 0.662420 0.491039 0.659236 0.494624 0.652866 0.494624 0.649682 0.498208 0.646497 0.498208 0.646497 0.505376 0.643312 0.508961 0.646497 0.512545 0.646497 0.516129 0.649682 0.516129 0.652866 0.519713 0.665605 0.519713 0.668790 0.516129 0.671975 0.516129 0.681529 0.498208
0 0.853503 0.487455 0.850318 0.491039 0.847134 0.487455 0.834395 0.487455 0.828025 0.494624 0.828025 0.505376 0.831210 0.508961 0.831210 0.512545 0.837580 0.519713 0.840764 0.519713 0.843949 0.523297 0.853503 0.516129 0.853503 0.512545 0.856688 0.508961 0.856688 0.501792 0.859873 0.498208
0 0.066879 0.491039 0.063694 0.494624 0.063694 0.501792 0.066879 0.505376 0.066879 0.508961 0.070064 0.508961 0.079618 0.519713 0.085987 0.519713 0.089172 0.516129 0.089172 0.508961 0.073248 0.491039
0 0.636943 0.505376 0.621019 0.505376 0.617834 0.508961 0.614650 0.508961 0.605096 0.519713 0.605096 0.523297 0.601911 0.526882 0.601911 0.537634 0.605096 0.537634 0.621019 0.548387 0.624204 0.544803 0.627389 0.544803 0.636943 0.534050 0.636943 0.530466 0.643312 0.519713 0.643312 0.512545
0 0.366242 0.512545 0.363057 0.508961 0.347134 0.508961 0.340764 0.516129 0.337580 0.516129 0.337580 0.530466 0.340764 0.534050 0.350318 0.534050 0.353503 0.530466 0.356688 0.530466 0.359873 0.526882 0.363057 0.526882 0.366242 0.523297
0 0.550955 0.512545 0.541401 0.512545 0.528662 0.526882 0.525478 0.534050 0.525478 0.544803 0.528662 0.548387 0.528662 0.555556 0.531847 0.562724 0.535032 0.562724 0.544586 0.573477 0.554140 0.566308 0.557325 0.559140 0.557325 0.551971 0.560510 0.548387 0.560510 0.541219 0.563694 0.537634 0.563694 0.526882 0.560510 0.519713
0 0.738854 0.512545 0.722930 0.512545 0.713376 0.526882 0.684713 0.544803 0.671975 0.569892 0.671975 0.577061 0.684713 0.587814 0.716561 0.569892 0.726115 0.559140 0.738854 0.534050
0 0.245223 0.516129 0.238854 0.516129 0.235669 0.519713 0.229299 0.519713 0.229299 0.523297 0.226115 0.526882 0.226115 0.544803 0.232484 0.551971 0.242038 0.551971 0.248408 0.544803 0.248408 0.541219 0.251592 0.537634 0.251592 0.530466 0.248408 0.526882 0.248408 0.523297 0.245223 0.519713
0 0.515924 0.516129 0.503185 0.516129 0.500000 0.519713 0.496815 0.519713 0.484076 0.534050 0.484076 0.548387 0.490446 0.555556 0.496815 0.555556 0.500000 0.551971 0.506369 0.551971 0.509554 0.548387 0.512739 0.548387 0.519108 0.541219 0.519108 0.537634 0.525478 0.530466 0.522293 0.526882 0.522293 0.523297
0 0.671975 0.523297 0.656051 0.523297 0.640127 0.541219 0.640127 0.544803 0.630573 0.559140 0.630573 0.573477 0.633758 0.577061 0.646497 0.577061 0.649682 0.573477 0.656051 0.573477 0.668790 0.559140 0.668790 0.555556 0.678344 0.541219 0.675159 0.537634 0.675159 0.526882
0 0.770701 0.530466 0.764331 0.537634 0.754777 0.541219 0.722930 0.573477 0.726115 0.602151 0.754777 0.602151 0.773885 0.587814 0.780255 0.577061 0.780255 0.548387
0 0.605096 0.541219 0.598726 0.541219 0.598726 0.544803 0.589172 0.562724 0.589172 0.580645 0.598726 0.587814 0.608280 0.584229 0.614650 0.577061 0.614650 0.573477 0.617834 0.569892 0.617834 0.548387 0.614650 0.548387
0 0.802548 0.544803 0.799363 0.548387 0.799363 0.559140 0.802548 0.562724 0.808917 0.562724 0.812102 0.559140 0.812102 0.548387 0.808917 0.544803
0 0.528662 0.559140 0.525478 0.559140 0.522293 0.555556 0.515924 0.555556 0.512739 0.551971 0.493631 0.559140 0.493631 0.566308 0.490446 0.569892 0.490446 0.577061 0.493631 0.580645 0.493631 0.584229 0.500000 0.591398 0.515924 0.591398 0.515924 0.587814 0.528662 0.573477
0 0.076433 0.569892 0.079618 0.573477 0.079618 0.577061 0.089172 0.584229 0.092357 0.584229 0.101911 0.577061 0.111465 0.577061 0.108280 0.573477 0.108280 0.566308 0.105096 0.562724 0.098726 0.562724 0.095541 0.559140 0.085987 0.559140 0.082803 0.562724 0.079618 0.562724 0.079618 0.566308
0 0.461783 0.562724 0.458599 0.562724 0.455414 0.559140 0.452229 0.562724 0.449045 0.562724 0.445860 0.566308 0.445860 0.569892 0.439490 0.577061 0.439490 0.584229 0.436306 0.587814 0.436306 0.594982 0.439490 0.598566 0.439490 0.602151 0.458599 0.602151 0.464968 0.594982 0.464968 0.566308
0 0.315287 0.573477 0.305732 0.573477 0.299363 0.580645 0.299363 0.587814 0.292994 0.598566 0.292994 0.605735 0.289809 0.609319 0.289809 0.620072 0.292994 0.623656 0.292994 0.630824 0.296178 0.634409 0.299363 0.634409 0.315287 0.616487 0.315287 0.612903 0.318471 0.609319 0.321656 0.584229
0 0.541401 0.573477 0.538217 0.577061 0.528662 0.577061 0.519108 0.587814 0.519108 0.602151 0.522293 0.605735 0.522293 0.609319 0.525478 0.609319 0.528662 0.612903 0.535032 0.612903 0.538217 0.616487 0.541401 0.612903 0.547771 0.612903 0.547771 0.609319 0.550955 0.605735 0.550955 0.584229
0 0.719745 0.577061 0.716561 0.577061 0.713376 0.573477 0.707006 0.580645 0.687898 0.587814 0.687898 0.594982 0.684713 0.598566 0.684713 0.605735 0.691083 0.612903 0.707006 0.612903 0.710191 0.609319 0.713376 0.609319 0.719745 0.602151 0.722930 0.602151 0.722930 0.587814 0.719745 0.584229
0 0.878981 0.577061 0.872611 0.584229 0.872611 0.598566 0.878981 0.605735 0.885350 0.605735 0.888535 0.602151 0.888535 0.587814 0.885350 0.584229 0.885350 0.580645 0.882166 0.577061
0 0.092357 0.591398 0.085987 0.598566 0.085987 0.605735 0.082803 0.609319 0.082803 0.612903 0.085987 0.616487 0.085987 0.620072 0.092357 0.627240 0.101911 0.627240 0.105096 0.623656 0.108280 0.623656 0.108280 0.620072 0.111465 0.616487 0.111465 0.605735 0.098726 0.591398
0 0.493631 0.598566 0.490446 0.602151 0.490446 0.612903 0.487261 0.616487 0.487261 0.630824 0.493631 0.637993 0.509554 0.637993 0.519108 0.627240 0.519108 0.609319 0.515924 0.609319 0.509554 0.602151 0.506369 0.602151 0.503185 0.598566
0 0.761146 0.612903 0.764331 0.616487 0.764331 0.620072 0.773885 0.630824 0.773885 0.634409 0.777070 0.634409 0.780255 0.630824 0.786624 0.630824 0.789809 0.627240 0.799363 0.623656 0.805732 0.616487 0.805732 0.602151 0.802548 0.602151 0.799363 0.598566 0.777070 0.598566
0 0.133758 0.612903 0.124204 0.620072 0.117834 0.634409 0.117834 0.652330 0.127389 0.663082 0.127389 0.666667 0.130573 0.666667 0.136943 0.673835 0.146497 0.673835 0.152866 0.663082 0.152866 0.620072 0.143312 0.612903
0 0.770701 0.630824 0.761146 0.620072 0.761146 0.616487 0.745223 0.616487 0.742038 0.620072 0.732484 0.620072 0.726115 0.623656 0.713376 0.637993 0.713376 0.645161 0.722930 0.655914 0.732484 0.655914 0.735669 0.659498 0.742038 0.655914 0.754777 0.655914 0.770701 0.641577
0 0.353503 0.620072 0.340764 0.620072 0.331210 0.630824 0.331210 0.634409 0.324841 0.641577 0.324841 0.645161 0.331210 0.652330 0.334395 0.652330 0.337580 0.648746 0.340764 0.648746 0.350318 0.637993 0.350318 0.634409 0.353503 0.630824
0 0.426752 0.627240 0.426752 0.634409 0.429936 0.637993 0.433121 0.637993 0.449045 0.652330 0.452229 0.652330 0.455414 0.655914 0.461783 0.655914 0.461783 0.652330 0.464968 0.648746 0.464968 0.634409 0.458599 0.627240 0.455414 0.627240 0.445860 0.620072 0.433121 0.620072
0 0.414013 0.648746 0.414013 0.655914 0.417197 0.659498 0.417197 0.663082 0.426752 0.673835 0.442675 0.673835 0.445860 0.670251 0.455414 0.666667 0.455414 0.663082 0.458599 0.659498 0.449045 0.655914 0.423567 0.634409
0 0.006369 0.655914 0.003185 0.655914 0.003185 0.663082 0.000000 0.666667 0.000000 0.688172 0.003185 0.691756 0.003185 0.731183 0.012739 0.720430 0.019108 0.706093 0.019108 0.698925 0.022293 0.695341 0.022293 0.688172 0.019108 0.684588 0.019108 0.670251 0.015924 0.663082
0 0.410828 0.655914 0.401274 0.655914 0.398089 0.659498 0.394904 0.659498 0.385350 0.670251 0.385350 0.677419 0.394904 0.688172 0.398089 0.684588 0.404459 0.684588 0.407643 0.681004 0.410828 0.681004 0.414013 0.677419 0.423567 0.673835 0.414013 0.663082 0.414013 0.659498
0 0.792994 0.663082 0.786624 0.655914 0.767516 0.655914 0.757962 0.663082 0.745223 0.666667 0.732484 0.681004 0.732484 0.698925 0.738854 0.706093 0.745223 0.706093 0.748408 0.709677 0.754777 0.706093 0.764331 0.706093 0.777070 0.698925 0.792994 0.681004
0 0.828025 0.655914 0.828025 0.670251 0.831210 0.673835 0.840764 0.673835 0.843949 0.670251 0.843949 0.666667 0.840764 0.663082 0.840764 0.659498 0.837580 0.655914
0 0.175159 0.677419 0.171975 0.681004 0.168790 0.681004 0.162420 0.688172 0.162420 0.691756 0.159236 0.695341 0.162420 0.698925 0.162420 0.702509 0.165605 0.702509 0.168790 0.706093 0.175159 0.706093 0.178344 0.709677 0.184713 0.709677 0.194268 0.702509 0.194268 0.684588 0.187898 0.677419
0 0.394904 0.691756 0.394904 0.702509 0.407643 0.713262 0.445860 0.713262 0.452229 0.709677 0.455414 0.702509 0.452229 0.691756 0.442675 0.684588 0.436306 0.684588 0.433121 0.677419 0.420382 0.677419
0 0.480892 0.688172 0.480892 0.695341 0.490446 0.706093 0.493631 0.706093 0.509554 0.716846 0.522293 0.716846 0.528662 0.706093 0.528662 0.695341 0.525478 0.691756 0.525478 0.688172 0.512739 0.677419 0.493631 0.677419
0 0.085987 0.688172 0.085987 0.706093 0.089172 0.709677 0.089172 0.713262 0.092357 0.716846 0.098726 0.716846 0.101911 0.713262 0.101911 0.709677 0.098726 0.706093 0.098726 0.702509 0.092357 0.695341 0.092357 0.691756 0.089172 0.688172
0 0.213376 0.688172 0.207006 0.695341 0.207006 0.706093 0.213376 0.706093 0.219745 0.698925 0.219745 0.695341
0 0.780255 0.713262 0.780255 0.720430 0.789809 0.731183 0.796178 0.731183 0.799363 0.734767 0.805732 0.734767 0.828025 0.724014 0.837580 0.724014 0.850318 0.716846 0.840764 0.702509 0.834395 0.702509 0.831210 0.698925 0.815287 0.698925 0.812102 0.695341 0.792994 0.698925
0 0.242038 0.713262 0.235669 0.720430 0.235669 0.731183 0.238854 0.734767 0.242038 0.734767 0.245223 0.738351 0.248408 0.738351 0.251592 0.734767 0.254777 0.734767 0.257962 0.731183 0.257962 0.724014 0.254777 0.720430 0.254777 0.716846 0.251592 0.713262
0 0.388535 0.734767 0.391720 0.749104 0.404459 0.763441 0.410828 0.763441 0.414013 0.767025 0.429936 0.767025 0.433121 0.763441 0.439490 0.763441 0.452229 0.756272 0.461783 0.745520 0.461783 0.734767 0.455414 0.727599 0.439490 0.720430 0.410828 0.720430 0.407643 0.724014 0.398089 0.724014
0 0.130573 0.727599 0.130573 0.731183 0.146497 0.749104 0.149682 0.749104 0.152866 0.752688 0.168790 0.752688 0.171975 0.749104 0.165605 0.738351 0.162420 0.738351 0.156051 0.731183 0.152866 0.731183 0.143312 0.724014 0.133758 0.724014
0 0.863057 0.738351 0.859873 0.731183 0.856688 0.731183 0.850318 0.724014 0.840764 0.724014 0.837580 0.727599 0.828025 0.727599 0.824841 0.731183 0.808917 0.734767 0.805732 0.738351 0.802548 0.752688 0.815287 0.759857 0.821656 0.759857 0.824841 0.756272 0.853503 0.756272 0.859873 0.752688
0 0.003185 0.738351 0.003185 0.752688 0.000000 0.756272 0.003185 0.792115 0.012739 0.792115 0.015924 0.795699 0.041401 0.795699 0.057325 0.784946 0.060510 0.777778 0.060510 0.756272 0.047771 0.734767 0.041401 0.731183 0.025478 0.731183 0.012739 0.738351
0 0.076433 0.759857 0.076433 0.795699 0.082803 0.802867 0.092357 0.795699 0.092357 0.770609 0.085987 0.759857
0 0.882166 0.767025 0.878981 0.770609 0.878981 0.781362 0.882166 0.784946 0.882166 0.795699 0.878981 0.799283 0.878981 0.802867 0.882166 0.806452 0.885350 0.806452 0.888535 0.802867 0.888535 0.777778 0.885350 0.774194 0.885350 0.770609
0 0.786624 0.792115 0.786624 0.802867 0.792994 0.810036 0.808917 0.810036 0.812102 0.813620 0.818471 0.810036 0.821656 0.813620 0.847134 0.799283 0.850318 0.784946 0.843949 0.777778 0.831210 0.774194 0.828025 0.770609 0.808917 0.770609 0.805732 0.774194 0.796178 0.774194
0 0.324841 0.788530 0.324841 0.802867 0.331210 0.810036 0.353503 0.820789 0.359873 0.820789 0.363057 0.817204 0.375796 0.813620 0.385350 0.799283 0.385350 0.788530 0.375796 0.777778 0.369427 0.777778 0.366242 0.774194 0.340764 0.774194
0 0.000000 0.827957 0.003185 0.835125 0.003185 0.845878 0.028662 0.845878 0.031847 0.842294 0.041401 0.842294 0.054140 0.831541 0.057325 0.831541 0.057325 0.820789 0.047771 0.810036 0.041401 0.810036 0.038217 0.806452 0.022293 0.806452 0.019108 0.810036 0.006369 0.810036 0.003185 0.813620 0.003185 0.824373
0 0.203822 0.810036 0.194268 0.810036 0.187898 0.817204 0.187898 0.824373 0.184713 0.827957 0.184713 0.835125 0.191083 0.842294 0.197452 0.842294 0.207006 0.831541 0.207006 0.827957 0.210191 0.824373 0.210191 0.820789 0.207006 0.817204 0.207006 0.813620
0 0.280255 0.810036 0.280255 0.813620 0.277070 0.817204 0.280255 0.820789 0.280255 0.849462 0.277070 0.853047 0.277070 0.856631 0.280255 0.856631 0.283439 0.853047 0.283439 0.813620
0 0.808917 0.813620 0.792994 0.813620 0.789809 0.810036 0.789809 0.813620 0.780255 0.824373 0.780255 0.838710 0.786624 0.845878 0.792994 0.845878 0.796178 0.842294 0.805732 0.838710 0.808917 0.835125 0.808917 0.827957 0.812102 0.824373 0.812102 0.817204
0 0.175159 0.817204 0.165605 0.817204 0.159236 0.824373 0.159236 0.827957 0.156051 0.831541 0.156051 0.842294 0.162420 0.849462 0.165605 0.849462 0.171975 0.842294 0.171975 0.838710 0.175159 0.835125 0.175159 0.831541 0.178344 0.827957 0.178344 0.820789
0 0.248408 0.820789 0.232484 0.820789 0.226115 0.827957 0.226115 0.831541 0.229299 0.835125 0.229299 0.838710 0.232484 0.842294 0.238854 0.842294 0.245223 0.835125 0.245223 0.831541 0.248408 0.827957
0 0.859873 0.835125 0.853503 0.827957 0.840764 0.827957 0.834395 0.831541 0.808917 0.856631 0.802548 0.870968 0.808917 0.878136 0.834395 0.878136 0.840764 0.874552 0.853503 0.860215 0.856688 0.860215 0.859873 0.853047
0 0.315287 0.853047 0.312102 0.860215 0.312102 0.867384 0.315287 0.874552 0.324841 0.885305 0.340764 0.888889 0.353503 0.881720 0.359873 0.870968 0.359873 0.856631 0.350318 0.845878 0.328025 0.845878
0 0.000000 0.874552 0.000000 0.892473 0.003185 0.896057 0.003185 0.906810 0.006369 0.910394 0.019108 0.910394 0.022293 0.913978 0.028662 0.910394 0.041401 0.896057 0.044586 0.896057 0.044586 0.874552 0.038217 0.867384 0.022293 0.867384 0.019108 0.863799 0.006369 0.863799
0 0.082803 0.874552 0.073248 0.863799 0.063694 0.863799 0.057325 0.870968 0.047771 0.874552 0.047771 0.896057 0.073248 0.896057 0.076433 0.892473 0.079618 0.892473 0.082803 0.888889
0 0.143312 0.867384 0.143312 0.870968 0.140127 0.874552 0.140127 0.878136 0.143312 0.881720 0.143312 0.885305 0.149682 0.885305 0.149682 0.870968 0.146497 0.867384
0 0.213376 0.878136 0.210191 0.874552 0.207006 0.874552 0.203822 0.870968 0.200637 0.874552 0.194268 0.874552 0.191083 0.878136 0.187898 0.878136 0.187898 0.881720 0.184713 0.885305 0.184713 0.892473 0.187898 0.892473 0.191083 0.896057 0.207006 0.896057 0.207006 0.892473 0.210191 0.888889 0.210191 0.885305 0.213376 0.881720
0 0.840764 0.896057 0.828025 0.888889 0.824841 0.881720 0.812102 0.888889 0.805732 0.888889 0.789809 0.903226 0.789809 0.924731 0.799363 0.931900 0.812102 0.931900 0.815287 0.928315 0.821656 0.928315 0.840764 0.913978 0.843949 0.906810
0 0.296178 0.892473 0.292994 0.899642 0.292994 0.921147 0.308917 0.939068 0.321656 0.946237 0.337580 0.946237 0.347134 0.939068 0.347134 0.924731 0.331210 0.903226 0.328025 0.906810 0.318471 0.896057 0.305732 0.888889
0 0.334395 0.899642 0.334395 0.903226 0.340764 0.910394 0.340764 0.913978 0.350318 0.924731 0.353503 0.921147 0.369427 0.921147 0.372611 0.917563 0.378981 0.917563 0.385350 0.906810 0.382166 0.896057 0.378981 0.892473 0.372611 0.892473 0.369427 0.888889 0.366242 0.888889 0.363057 0.892473 0.347134 0.892473 0.343949 0.888889 0.340764 0.892473 0.337580 0.892473 0.337580 0.896057
0 0.242038 0.899642 0.235669 0.906810 0.235669 0.917563 0.238854 0.921147 0.238854 0.924731 0.242038 0.928315 0.242038 0.931900 0.248408 0.931900 0.248408 0.928315 0.251592 0.924731 0.251592 0.917563 0.254777 0.913978 0.254777 0.906810 0.248408 0.899642
0 0.105096 0.910394 0.098726 0.910394 0.092357 0.924731 0.092357 0.939068 0.089172 0.942652 0.089172 0.956989 0.085987 0.960573 0.085987 0.978495 0.089172 0.978495 0.089172 0.974910 0.098726 0.964158 0.098726 0.960573 0.105096 0.953405 0.111465 0.939068 0.111465 0.921147
0 0.136943 0.910394 0.130573 0.917563 0.130573 0.931900 0.136943 0.939068 0.152866 0.939068 0.159236 0.928315 0.159236 0.921147 0.156051 0.917563 0.156051 0.913978 0.152866 0.910394
0 0.181529 0.913978 0.175159 0.924731 0.175159 0.935484 0.178344 0.939068 0.178344 0.946237 0.184713 0.953405 0.194268 0.953405 0.194268 0.949821 0.200637 0.942652 0.200637 0.939068 0.203822 0.935484 0.203822 0.924731 0.194268 0.913978
0 0.050955 0.939068 0.038217 0.931900 0.022293 0.931900 0.019108 0.935484 0.006369 0.935484 0.003185 0.939068 0.003185 0.953405 0.000000 0.956989 0.000000 0.967742 0.003185 0.974910 0.012739 0.974910 0.035032 0.953405 0.041401 0.949821 0.047771 0.949821 0.050955 0.946237
0 0.054140 0.953405 0.050955 0.949821 0.047771 0.953405 0.041401 0.953405 0.028662 0.964158 0.025478 0.964158 0.012739 0.978495 0.012739 0.982079 0.009554 0.985663 0.009554 0.992832 0.038217 0.992832 0.041401 0.989247 0.044586 0.989247 0.057325 0.974910 0.057325 0.960573 0.054140 0.956989
0 0.277070 0.967742 0.277070 0.985663 0.283439 0.992832 0.296178 0.992832 0.299363 0.996416 0.328025 0.996416 0.340764 0.989247 0.340764 0.978495 0.324841 0.960573 0.315287 0.956989 0.308917 0.949821 0.292994 0.949821 0.286624 0.953405
0 0.238854 0.956989 0.226115 0.956989 0.222930 0.960573 0.222930 0.964158 0.219745 0.967742 0.219745 0.974910 0.226115 0.982079 0.229299 0.982079 0.232484 0.985663 0.235669 0.982079 0.238854 0.982079 0.242038 0.978495 0.242038 0.960573
0 0.143312 0.967742 0.140127 0.964158 0.127389 0.964158 0.117834 0.974910 0.117834 0.989247 0.133758 0.989247 0.136943 0.985663 0.140127 0.985663 0.140127 0.982079 0.143312 0.978495
0 0.738854 0.989247 0.738854 0.992832 0.748408 0.992832 0.751592 0.996416 0.770701 0.996416 0.773885 0.992832 0.777070 0.992832 0.780255 0.996416 0.789809 0.996416 0.792994 0.992832 0.792994 0.989247 0.786624 0.982079 0.783439 0.982079 0.780255 0.978495 0.767516 0.978495 0.764331 0.974910 0.761146 0.974910 0.757962 0.978495 0.748408 0.978495
