0 0.365079 0.107527 0.358730 0.107527 0.355556 0.111111 0.352381 0.111111 0.342857 0.121864 0.342857 0.132616 0.349206 0.139785 0.361905 0.139785 0.365079 0.136201 0.368254 0.136201 0.368254 0.132616 0.374603 0.125448 0.374603 0.118280
0 0.311111 0.114695 0.311111 0.118280 0.314286 0.121864 0.323810 0.121864 0.323810 0.118280 0.320635 0.114695 0.320635 0.111111 0.314286 0.111111
0 0.231746 0.121864 0.228571 0.118280 0.212698 0.118280 0.209524 0.121864 0.206349 0.121864 0.200000 0.129032 0.200000 0.136201 0.203175 0.139785 0.203175 0.143369 0.206349 0.146953 0.215873 0.146953 0.219048 0.143369 0.222222 0.143369 0.231746 0.132616
0 0.428571 0.125448 0.422222 0.118280 0.415873 0.118280 0.412698 0.121864 0.409524 0.121864 0.403175 0.129032 0.403175 0.132616 0.406349 0.136201 0.406349 0.139785 0.415873 0.139785 0.419048 0.136201 0.422222 0.136201 0.425397 0.132616 0.425397 0.129032
0 0.577778 0.129032 0.577778 0.136201 0.590476 0.150538 0.638095 0.175627 0.676190 0.172043 0.692063 0.164875 0.688889 0.154122 0.676190 0.146953 0.653968 0.143369 0.628571 0.125448 0.587302 0.121864
0 0.142857 0.136201 0.142857 0.139785 0.146032 0.143369 0.146032 0.146953 0.149206 0.150538 0.161905 0.150538 0.165079 0.146953 0.168254 0.146953 0.171429 0.143369 0.171429 0.132616 0.165079 0.125448 0.149206 0.125448 0.146032 0.129032 0.146032 0.132616
0 0.466667 0.129032 0.453968 0.129032 0.450794 0.132616 0.450794 0.136201 0.447619 0.139785 0.447619 0.146953 0.450794 0.146953 0.453968 0.150538 0.457143 0.150538 0.466667 0.139785
0 0.269841 0.146953 0.273016 0.150538 0.285714 0.150538 0.288889 0.154122 0.292063 0.154122 0.295238 0.150538 0.304762 0.150538 0.311111 0.143369 0.307937 0.139785 0.307937 0.136201 0.304762 0.136201 0.301587 0.132616 0.282540 0.132616 0.279365 0.136201 0.276190 0.136201 0.269841 0.143369
0 0.403175 0.150538 0.400000 0.150538 0.396825 0.154122 0.393651 0.154122 0.387302 0.161290 0.387302 0.179211 0.390476 0.182796 0.400000 0.182796 0.400000 0.179211 0.403175 0.175627
0 0.368254 0.157706 0.365079 0.161290 0.365079 0.164875 0.361905 0.168459 0.368254 0.175627 0.380952 0.175627 0.384127 0.172043 0.384127 0.161290 0.380952 0.157706
0 0.444444 0.161290 0.438095 0.161290 0.434921 0.164875 0.431746 0.164875 0.428571 0.168459 0.428571 0.172043 0.425397 0.175627 0.425397 0.186380 0.428571 0.186380 0.431746 0.189964 0.434921 0.186380 0.441270 0.186380 0.444444 0.182796 0.444444 0.179211 0.447619 0.175627 0.447619 0.164875
0 0.180952 0.168459 0.177778 0.168459 0.174603 0.164875 0.171429 0.168459 0.168254 0.168459 0.165079 0.172043 0.165079 0.186380 0.168254 0.186380 0.180952 0.172043
0 0.307937 0.168459 0.301587 0.168459 0.298413 0.164875 0.295238 0.164875 0.292063 0.168459 0.288889 0.168459 0.282540 0.175627 0.282540 0.179211 0.285714 0.182796 0.285714 0.186380 0.288889 0.189964 0.298413 0.189964 0.301587 0.186380 0.304762 0.186380 0.304762 0.182796 0.307937 0.179211
0 0.222222 0.182796 0.222222 0.189964 0.228571 0.197133 0.241270 0.197133 0.244444 0.193548 0.247619 0.193548 0.250794 0.189964 0.250794 0.179211 0.247619 0.175627 0.244444 0.175627 0.241270 0.172043 0.231746 0.172043
0 0.139683 0.175627 0.130159 0.175627 0.126984 0.179211 0.123810 0.179211 0.120635 0.182796 0.120635 0.193548 0.123810 0.197133 0.126984 0.197133 0.130159 0.200717 0.133333 0.200717 0.136508 0.197133 0.139683 0.197133 0.146032 0.189964 0.146032 0.182796
0 0.342857 0.186380 0.336508 0.179211 0.333333 0.182796 0.330159 0.179211 0.326984 0.182796 0.323810 0.182796 0.320635 0.186380 0.317460 0.186380 0.307937 0.197133 0.307937 0.204301 0.311111 0.204301 0.314286 0.207885 0.320635 0.207885 0.323810 0.204301 0.326984 0.204301 0.330159 0.200717 0.333333 0.200717 0.342857 0.189964
0 0.380952 0.197133 0.368254 0.197133 0.361905 0.204301 0.358730 0.204301 0.358730 0.215054 0.361905 0.218638 0.365079 0.218638 0.368254 0.222222 0.371429 0.218638 0.377778 0.218638 0.384127 0.211470 0.384127 0.200717
0 0.625397 0.204301 0.612698 0.197133 0.590476 0.197133 0.574603 0.204301 0.558730 0.204301 0.555556 0.207885 0.549206 0.207885 0.542857 0.211470 0.539683 0.218638 0.546032 0.222222 0.568254 0.222222 0.571429 0.225806 0.600000 0.225806 0.619048 0.215054
0 0.190476 0.207885 0.190476 0.215054 0.196825 0.222222 0.209524 0.222222 0.212698 0.218638 0.215873 0.218638 0.219048 0.215054 0.219048 0.207885 0.212698 0.200717 0.196825 0.200717
0 0.479365 0.200717 0.469841 0.200717 0.466667 0.204301 0.460317 0.204301 0.447619 0.218638 0.444444 0.225806 0.444444 0.240143 0.441270 0.243728 0.441270 0.250896 0.447619 0.258065 0.453968 0.254480 0.460317 0.254480 0.479365 0.229391 0.482540 0.222222 0.482540 0.215054 0.485714 0.211470
0 0.126984 0.215054 0.126984 0.225806 0.136508 0.232975 0.146032 0.232975 0.149206 0.229391 0.152381 0.229391 0.158730 0.222222 0.158730 0.215054 0.149206 0.207885 0.136508 0.207885
0 0.355556 0.258065 0.371429 0.258065 0.374603 0.254480 0.380952 0.254480 0.387302 0.247312 0.387302 0.240143 0.377778 0.232975 0.365079 0.232975 0.365079 0.236559 0.358730 0.243728 0.358730 0.247312 0.355556 0.250896
0 0.501587 0.250896 0.507937 0.265233 0.574603 0.265233 0.584127 0.254480 0.577778 0.243728 0.561905 0.240143 0.558730 0.236559 0.549206 0.236559 0.546032 0.232975 0.523810 0.232975 0.511111 0.240143
0 0.304762 0.236559 0.292063 0.236559 0.288889 0.240143 0.282540 0.240143 0.279365 0.243728 0.276190 0.243728 0.276190 0.247312 0.279365 0.250896 0.298413 0.250896 0.301587 0.247312 0.304762 0.247312
0 0.422222 0.236559 0.419048 0.236559 0.415873 0.240143 0.415873 0.243728 0.406349 0.254480 0.403175 0.265233 0.396825 0.272401 0.396825 0.286738 0.406349 0.286738 0.415873 0.275986 0.415873 0.272401 0.422222 0.265233 0.422222 0.261649 0.425397 0.258065 0.425397 0.240143
0 0.247619 0.261649 0.241270 0.268817 0.241270 0.283154 0.244444 0.286738 0.257143 0.286738 0.266667 0.275986 0.266667 0.265233 0.263492 0.265233 0.260317 0.261649
0 0.485714 0.275986 0.485714 0.283154 0.495238 0.290323 0.530159 0.290323 0.533333 0.293907 0.574603 0.290323 0.584127 0.279570 0.577778 0.268817 0.498413 0.268817
0 0.114286 0.275986 0.111111 0.279570 0.111111 0.283154 0.107937 0.286738 0.107937 0.290323 0.111111 0.293907 0.111111 0.301075 0.114286 0.304659 0.123810 0.304659 0.130159 0.297491 0.130159 0.279570 0.126984 0.275986
0 0.320635 0.275986 0.314286 0.283154 0.314286 0.293907 0.317460 0.297491 0.330159 0.297491 0.336508 0.290323 0.336508 0.283154 0.330159 0.275986
0 0.276190 0.301075 0.269841 0.293907 0.266667 0.293907 0.263492 0.297491 0.250794 0.297491 0.247619 0.301075 0.247619 0.304659 0.253968 0.311828 0.260317 0.311828 0.263492 0.308244 0.269841 0.308244
0 0.482540 0.308244 0.482540 0.315412 0.485714 0.318996 0.517460 0.333333 0.523810 0.333333 0.530159 0.326165 0.536508 0.326165 0.558730 0.311828 0.549206 0.301075 0.542857 0.297491 0.533333 0.297491 0.530159 0.293907 0.495238 0.293907
0 0.244444 0.326165 0.244444 0.333333 0.250794 0.340502 0.266667 0.340502 0.273016 0.333333 0.273016 0.326165 0.266667 0.318996 0.260317 0.318996 0.257143 0.315412 0.253968 0.318996 0.250794 0.318996
0 0.358730 0.315412 0.349206 0.315412 0.346032 0.318996 0.342857 0.318996 0.342857 0.322581 0.336508 0.333333 0.336508 0.340502 0.339683 0.344086 0.342857 0.344086 0.346032 0.347670 0.349206 0.344086 0.352381 0.344086 0.358730 0.336918 0.358730 0.333333 0.361905 0.329749 0.361905 0.322581 0.358730 0.318996
0 0.114286 0.336918 0.114286 0.344086 0.117460 0.344086 0.120635 0.347670 0.130159 0.347670 0.136508 0.340502 0.139683 0.340502 0.139683 0.329749 0.123810 0.329749 0.120635 0.333333 0.117460 0.333333
0 0.533333 0.354839 0.523810 0.344086 0.523810 0.336918 0.501587 0.329749 0.488889 0.340502 0.466667 0.344086 0.447619 0.354839 0.434921 0.372760 0.434921 0.387097 0.441270 0.390681 0.498413 0.387097 0.517460 0.376344
0 0.165079 0.344086 0.161905 0.344086 0.158730 0.347670 0.155556 0.347670 0.152381 0.351254 0.152381 0.362007 0.155556 0.365591 0.158730 0.365591 0.161905 0.362007 0.165079 0.362007 0.168254 0.358423 0.168254 0.347670
0 0.184127 0.347670 0.177778 0.354839 0.177778 0.358423 0.174603 0.362007 0.174603 0.376344 0.187302 0.376344 0.190476 0.372760 0.200000 0.372760 0.200000 0.369176 0.203175 0.365591 0.203175 0.354839 0.196825 0.347670
0 0.114286 0.369176 0.114286 0.372760 0.111111 0.376344 0.111111 0.383513 0.117460 0.390681 0.130159 0.390681 0.133333 0.387097 0.136508 0.387097 0.136508 0.372760 0.133333 0.369176
0 0.219048 0.390681 0.219048 0.394265 0.222222 0.397849 0.225397 0.397849 0.228571 0.394265 0.234921 0.394265 0.234921 0.383513 0.225397 0.383513
0 0.320635 0.397849 0.314286 0.397849 0.307937 0.405018 0.307937 0.412186 0.304762 0.415771 0.304762 0.422939 0.307937 0.426523 0.311111 0.426523 0.314286 0.422939 0.317460 0.422939 0.320635 0.419355 0.320635 0.415771 0.323810 0.412186 0.323810 0.401434
0 0.498413 0.405018 0.495238 0.401434 0.495238 0.397849 0.469841 0.397849 0.466667 0.401434 0.450794 0.401434 0.447619 0.405018 0.438095 0.405018 0.438095 0.408602 0.441270 0.412186 0.450794 0.412186 0.453968 0.415771 0.466667 0.415771 0.469841 0.412186 0.485714 0.412186 0.488889 0.408602 0.498413 0.408602
0 0.187302 0.412186 0.174603 0.412186 0.168254 0.419355 0.168254 0.430108 0.180952 0.430108 0.187302 0.422939
0 0.238095 0.412186 0.234921 0.415771 0.225397 0.415771 0.222222 0.419355 0.219048 0.419355 0.212698 0.426523 0.212698 0.430108 0.209524 0.433692 0.209524 0.444444 0.212698 0.448029 0.225397 0.448029 0.234921 0.437276 0.234921 0.433692 0.241270 0.422939 0.241270 0.415771
0 0.526984 0.422939 0.514286 0.412186 0.469841 0.415771 0.434921 0.426523 0.419048 0.437276 0.415873 0.444444 0.438095 0.451613 0.482540 0.451613 0.498413 0.448029 0.523810 0.433692
0 0.263492 0.419355 0.257143 0.426523 0.257143 0.437276 0.260317 0.440860 0.273016 0.440860 0.276190 0.437276 0.276190 0.433692 0.279365 0.430108 0.279365 0.426523 0.276190 0.422939 0.276190 0.419355
0 0.114286 0.430108 0.114286 0.433692 0.117460 0.437276 0.136508 0.437276 0.139683 0.433692 0.139683 0.430108 0.133333 0.422939 0.123810 0.422939 0.120635 0.426523 0.117460 0.426523
0 0.546032 0.444444 0.542857 0.444444 0.539683 0.440860 0.533333 0.440860 0.526984 0.433692 0.523810 0.437276 0.520635 0.437276 0.517460 0.440860 0.514286 0.440860 0.511111 0.444444 0.501587 0.448029 0.504762 0.451613 0.504762 0.455197 0.507937 0.455197 0.514286 0.462366 0.526984 0.462366 0.530159 0.458781 0.536508 0.458781 0.539683 0.455197 0.542857 0.455197 0.546032 0.451613
0 0.168254 0.444444 0.168254 0.451613 0.171429 0.455197 0.177778 0.455197 0.180952 0.451613 0.184127 0.451613 0.187302 0.448029 0.187302 0.440860 0.171429 0.440860
0 0.342857 0.440860 0.333333 0.451613 0.333333 0.458781 0.339683 0.465950 0.349206 0.465950 0.355556 0.458781 0.355556 0.455197 0.358730 0.451613 0.358730 0.448029 0.352381 0.440860
0 0.104762 0.451613 0.101587 0.455197 0.101587 0.469534 0.107937 0.476703 0.120635 0.476703 0.126984 0.469534 0.126984 0.455197 0.123810 0.455197 0.120635 0.451613
0 0.485714 0.487455 0.482540 0.473118 0.457143 0.455197 0.406349 0.462366 0.396825 0.473118 0.406349 0.487455 0.412698 0.491039 0.428571 0.491039 0.431746 0.494624 0.466667 0.494624
0 0.161905 0.465950 0.155556 0.465950 0.152381 0.462366 0.149206 0.465950 0.146032 0.465950 0.139683 0.473118 0.139683 0.483871 0.155556 0.483871 0.161905 0.476703
0 0.200000 0.462366 0.187302 0.462366 0.180952 0.469534 0.180952 0.473118 0.184127 0.476703 0.193651 0.476703 0.200000 0.469534
0 0.279365 0.473118 0.273016 0.465950 0.269841 0.465950 0.266667 0.469534 0.263492 0.469534 0.253968 0.480287 0.253968 0.487455 0.257143 0.491039 0.266667 0.491039 0.269841 0.487455 0.273016 0.487455 0.276190 0.483871 0.276190 0.480287 0.279365 0.476703
0 0.222222 0.480287 0.219048 0.476703 0.212698 0.476703 0.209524 0.480287 0.206349 0.480287 0.200000 0.487455 0.200000 0.491039 0.196825 0.494624 0.196825 0.498208 0.200000 0.498208 0.203175 0.501792 0.206349 0.498208 0.212698 0.498208 0.219048 0.491039 0.219048 0.487455 0.222222 0.483871
0 0.317460 0.483871 0.314286 0.480287 0.304762 0.480287 0.295238 0.491039 0.295238 0.494624 0.298413 0.498208 0.307937 0.498208 0.311111 0.494624 0.314286 0.494624 0.314286 0.491039 0.317460 0.487455
0 0.158730 0.501792 0.171429 0.501792 0.174603 0.498208 0.174603 0.494624 0.161905 0.494624 0.158730 0.498208
0 0.136508 0.501792 0.133333 0.498208 0.126984 0.498208 0.123810 0.501792 0.120635 0.501792 0.117460 0.505376 0.120635 0.508961 0.120635 0.512545 0.123810 0.512545 0.126984 0.508961 0.130159 0.508961
0 0.244444 0.505376 0.238095 0.505376 0.231746 0.512545 0.231746 0.516129 0.234921 0.519713 0.241270 0.519713 0.241270 0.516129 0.244444 0.512545
0 0.393651 0.523297 0.396825 0.530466 0.409524 0.534050 0.460317 0.534050 0.485714 0.541219 0.488889 0.537634 0.514286 0.541219 0.523810 0.534050 0.523810 0.516129 0.507937 0.505376 0.453968 0.505376 0.428571 0.519713
0 0.209524 0.519713 0.203175 0.519713 0.200000 0.523297 0.196825 0.523297 0.193651 0.526882 0.190476 0.526882 0.187302 0.530466 0.184127 0.530466 0.184127 0.534050 0.180952 0.537634 0.180952 0.551971 0.187302 0.551971 0.193651 0.544803 0.196825 0.544803 0.209524 0.530466
0 0.238095 0.523297 0.234921 0.523297 0.231746 0.519713 0.219048 0.534050 0.219048 0.537634 0.222222 0.541219 0.222222 0.544803 0.228571 0.544803 0.231746 0.541219 0.234921 0.541219 0.241270 0.534050 0.241270 0.530466 0.238095 0.526882
0 0.161905 0.541219 0.146032 0.541219 0.133333 0.555556 0.133333 0.566308 0.136508 0.569892 0.139683 0.569892 0.142857 0.566308 0.146032 0.566308 0.149206 0.562724 0.152381 0.562724 0.152381 0.559140 0.161905 0.548387
0 0.174603 0.562724 0.171429 0.562724 0.168254 0.566308 0.168254 0.569892 0.161905 0.577061 0.161905 0.580645 0.155556 0.587814 0.155556 0.602151 0.158730 0.605735 0.161905 0.605735 0.165079 0.602151 0.165079 0.598566 0.171429 0.591398 0.171429 0.587814 0.177778 0.580645 0.177778 0.569892 0.174603 0.566308
0 0.142857 0.587814 0.139683 0.584229 0.136508 0.584229 0.133333 0.580645 0.130159 0.584229 0.123810 0.584229 0.120635 0.587814 0.120635 0.602151 0.123810 0.605735 0.136508 0.605735 0.139683 0.602151 0.139683 0.598566 0.142857 0.594982
0 0.130159 0.630824 0.126984 0.627240 0.120635 0.627240 0.114286 0.634409 0.114286 0.637993 0.117460 0.641577 0.123810 0.641577 0.130159 0.634409
0 0.326984 0.645161 0.317460 0.645161 0.311111 0.637993 0.276190 0.652330 0.276190 0.663082 0.231746 0.713262 0.234921 0.716846 0.253968 0.716846 0.295238 0.698925 0.326984 0.655914
0 0.187302 0.645161 0.180952 0.645161 0.174603 0.652330 0.171429 0.652330 0.171429 0.655914 0.168254 0.659498 0.168254 0.670251 0.171429 0.673835 0.180952 0.673835 0.187302 0.666667 0.187302 0.659498 0.190476 0.655914 0.190476 0.648746
0 0.231746 0.648746 0.228571 0.652330 0.225397 0.652330 0.225397 0.655914 0.219048 0.663082 0.219048 0.666667 0.222222 0.670251 0.225397 0.670251 0.234921 0.659498 0.234921 0.652330
0 0.114286 0.659498 0.107937 0.652330 0.101587 0.652330 0.098413 0.655914 0.095238 0.655914 0.095238 0.663082 0.092063 0.666667 0.095238 0.670251 0.095238 0.673835 0.104762 0.673835 0.107937 0.670251 0.111111 0.670251 0.111111 0.663082
0 0.146032 0.655914 0.136508 0.655914 0.130159 0.663082 0.130159 0.666667 0.123810 0.677419 0.123810 0.681004 0.130159 0.691756 0.133333 0.688172 0.136508 0.688172 0.146032 0.677419 0.146032 0.673835 0.149206 0.670251 0.149206 0.663082 0.146032 0.659498
0 0.203175 0.677419 0.196825 0.684588 0.196825 0.688172 0.193651 0.691756 0.193651 0.695341 0.190476 0.698925 0.196825 0.706093 0.206349 0.695341 0.206349 0.681004
0 0.161905 0.691756 0.155556 0.691756 0.149206 0.698925 0.149206 0.709677 0.139683 0.727599 0.139683 0.734767 0.142857 0.738351 0.146032 0.756272 0.149206 0.752688 0.146032 0.749104 0.149206 0.745520 0.149206 0.734767 0.168254 0.713262 0.168254 0.698925
0 0.266667 0.763441 0.263492 0.759857 0.260317 0.759857 0.257143 0.756272 0.253968 0.756272 0.250794 0.759857 0.247619 0.759857 0.241270 0.767025 0.241270 0.777778 0.244444 0.781362 0.260317 0.781362 0.260317 0.777778 0.263492 0.774194 0.263492 0.770609 0.266667 0.767025
0 0.146032 0.788530 0.136508 0.788530 0.133333 0.792115 0.123810 0.795699 0.114286 0.806452 0.114286 0.827957 0.117460 0.831541 0.126984 0.831541 0.126984 0.827957 0.139683 0.813620 0.139683 0.810036 0.146032 0.799283
0 0.260317 0.820789 0.253968 0.817204 0.228571 0.831541 0.206349 0.856631 0.206349 0.863799 0.209524 0.867384 0.215873 0.867384 0.219048 0.863799 0.228571 0.863799 0.241270 0.856631 0.257143 0.838710 0.260317 0.831541
0 0.250794 0.874552 0.247619 0.870968 0.225397 0.870968 0.203175 0.888889 0.196825 0.888889 0.190476 0.896057 0.190476 0.910394 0.196825 0.917563 0.209524 0.917563 0.222222 0.910394 0.247619 0.888889
0 0.130159 0.888889 0.123810 0.896057 0.123810 0.899642 0.126984 0.903226 0.136508 0.903226 0.136508 0.899642 0.139683 0.896057 0.136508 0.892473 0.136508 0.888889
0 0.266667 0.896057 0.260317 0.888889 0.241270 0.896057 0.231746 0.906810 0.212698 0.917563 0.212698 0.921147 0.200000 0.935484 0.200000 0.942652 0.206349 0.942652 0.209524 0.939068 0.228571 0.939068 0.234921 0.931900 0.250794 0.924731 0.260317 0.913978
0 0.146032 0.917563 0.139683 0.917563 0.136508 0.921147 0.136508 0.942652 0.139683 0.946237 0.142857 0.946237 0.146032 0.942652 0.146032 0.939068 0.149206 0.935484 0.149206 0.921147
0 0.247619 0.953405 0.241270 0.946237 0.225397 0.960573 0.215873 0.964158 0.209524 0.971326 0.196825 0.978495 0.193651 0.989247 0.196825 0.992832 0.212698 0.992832 0.219048 0.985663 0.222222 0.985663 0.228571 0.978495 0.241270 0.971326 0.247619 0.964158
