0 0.614650 0.010791 0.608280 0.003597 0.601911 0.003597 0.598726 0.000000 0.595541 0.003597 0.582803 0.003597 0.566879 0.014388 0.566879 0.025180 0.573248 0.032374 0.585987 0.032374 0.589172 0.035971 0.592357 0.035971 0.595541 0.032374 0.605096 0.032374 0.614650 0.021583
0 0.792994 0.003597 0.799363 0.010791 0.805732 0.010791 0.808917 0.014388 0.815287 0.014388 0.818471 0.017986 0.824841 0.017986 0.828025 0.021583 0.840764 0.021583 0.850318 0.014388 0.850318 0.007194 0.847134 0.003597
0 0.283439 0.064748 0.283439 0.068345 0.296178 0.082734 0.315287 0.093525 0.347134 0.093525 0.359873 0.082734 0.359873 0.079137 0.347134 0.068345 0.324841 0.064748 0.308917 0.057554
0 0.665605 0.115108 0.662420 0.111511 0.662420 0.104317 0.652866 0.097122 0.630573 0.097122 0.608280 0.107914 0.595541 0.122302 0.614650 0.136691 0.624204 0.136691 0.630573 0.122302 0.633758 0.125899 0.633758 0.136691 0.649682 0.136691 0.662420 0.125899
0 0.200637 0.115108 0.200637 0.122302 0.203822 0.122302 0.229299 0.147482 0.235669 0.147482 0.245223 0.154676 0.251592 0.154676 0.261146 0.147482 0.261146 0.140288 0.254777 0.133094 0.245223 0.133094 0.226115 0.122302
0 0.484076 0.151079 0.490446 0.154676 0.512739 0.154676 0.525478 0.147482 0.535032 0.136691 0.541401 0.133094 0.535032 0.125899 0.525478 0.125899 0.522293 0.122302 0.500000 0.122302 0.493631 0.125899 0.493631 0.129496 0.484076 0.140288
0 0.866242 0.212230 0.866242 0.223022 0.872611 0.230216 0.878981 0.230216 0.894904 0.248201 0.907643 0.248201 0.914013 0.241007 0.914013 0.237410 0.910828 0.233813 0.904459 0.233813 0.901274 0.230216 0.898089 0.230216 0.882166 0.212230
0 0.885350 0.262590 0.859873 0.262590 0.856688 0.266187 0.840764 0.273381 0.831210 0.287770 0.834395 0.291367 0.837580 0.287770 0.843949 0.287770 0.847134 0.284173 0.859873 0.284173 0.863057 0.280576 0.869427 0.280576 0.875796 0.273381 0.878981 0.273381 0.885350 0.266187
0 0.566879 0.291367 0.566879 0.312950 0.573248 0.316547 0.630573 0.320144 0.633758 0.323741 0.646497 0.320144 0.646497 0.316547 0.636943 0.309353 0.621019 0.309353 0.608280 0.302158 0.598726 0.280576 0.579618 0.280576
0 0.366242 0.359712 0.366242 0.374101 0.369427 0.381295 0.385350 0.392086 0.410828 0.392086 0.423567 0.384892 0.420382 0.370504 0.414013 0.363309 0.414013 0.359712 0.410828 0.359712 0.404459 0.352518 0.398089 0.352518 0.394904 0.348921 0.382166 0.345324
0 0.636943 0.356115 0.633758 0.352518 0.611465 0.352518 0.598726 0.363309 0.582803 0.366906 0.573248 0.377698 0.573248 0.392086 0.579618 0.395683 0.598726 0.395683 0.601911 0.392086 0.624204 0.388489 0.636943 0.377698
0 0.257962 0.363309 0.254777 0.370504 0.254777 0.392086 0.261146 0.399281 0.296178 0.406475 0.299363 0.402878 0.305732 0.402878 0.312102 0.392086 0.312102 0.374101 0.305732 0.359712 0.299363 0.356115 0.270701 0.356115
0 0.175159 0.381295 0.181529 0.395683 0.181529 0.406475 0.200637 0.420863 0.213376 0.420863 0.232484 0.431655 0.257962 0.431655 0.267516 0.424460 0.267516 0.413669 0.251592 0.399281 0.238854 0.399281 0.194268 0.377698 0.178344 0.377698
0 0.331210 0.406475 0.331210 0.417266 0.334395 0.420863 0.347134 0.420863 0.350318 0.417266 0.359873 0.417266 0.363057 0.413669 0.363057 0.406475 0.356688 0.399281 0.350318 0.399281 0.347134 0.395683 0.337580 0.395683 0.337580 0.399281
0 0.111465 0.402878 0.111465 0.410072 0.114650 0.410072 0.117834 0.413669 0.136943 0.413669 0.136943 0.410072 0.140127 0.406475 0.136943 0.402878 0.133758 0.402878 0.130573 0.399281 0.121019 0.399281 0.117834 0.402878
0 0.678344 0.410072 0.675159 0.406475 0.652866 0.406475 0.630573 0.420863 0.611465 0.442446 0.605096 0.460432 0.605096 0.471223 0.614650 0.474820 0.630573 0.446043 0.643312 0.449640 0.665605 0.438849 0.678344 0.424460
0 0.576433 0.424460 0.579618 0.428058 0.579618 0.424460 0.582803 0.420863 0.595541 0.420863 0.598726 0.417266 0.601911 0.417266 0.601911 0.410072 0.582803 0.410072 0.579618 0.413669 0.576433 0.413669
0 0.808917 0.417266 0.802548 0.410072 0.789809 0.410072 0.786624 0.413669 0.764331 0.417266 0.754777 0.428058 0.751592 0.442446 0.754777 0.449640 0.764331 0.456835 0.783439 0.453237 0.802548 0.438849
0 0.452229 0.424460 0.452229 0.431655 0.461783 0.442446 0.468153 0.442446 0.471338 0.446043 0.484076 0.446043 0.490446 0.438849 0.490446 0.431655 0.480892 0.420863 0.477707 0.420863 0.474522 0.417266 0.458599 0.417266
0 0.726115 0.420863 0.710191 0.420863 0.694268 0.438849 0.684713 0.460432 0.684713 0.482014 0.691083 0.492806 0.703822 0.485612 0.726115 0.453237 0.732484 0.435252
0 0.847134 0.428058 0.843949 0.431655 0.840764 0.431655 0.834395 0.438849 0.834395 0.453237 0.837580 0.453237 0.840764 0.456835 0.847134 0.456835 0.850318 0.453237 0.853503 0.453237 0.859873 0.446043 0.859873 0.438849 0.853503 0.431655 0.850318 0.431655
0 0.187898 0.442446 0.187898 0.449640 0.191083 0.453237 0.194268 0.453237 0.197452 0.456835 0.200637 0.456835 0.203822 0.460432 0.207006 0.460432 0.210191 0.456835 0.213376 0.456835 0.216561 0.453237 0.216561 0.449640 0.210191 0.442446 0.203822 0.442446 0.200637 0.438849 0.191083 0.438849
0 0.547771 0.449640 0.544586 0.449640 0.541401 0.446043 0.538217 0.446043 0.535032 0.449640 0.528662 0.449640 0.522293 0.456835 0.519108 0.456835 0.506369 0.471223 0.506369 0.474820 0.515924 0.485612 0.519108 0.485612 0.522293 0.489209 0.531847 0.489209 0.538217 0.482014 0.541401 0.482014 0.541401 0.478417 0.550955 0.460432
0 0.643312 0.464029 0.633758 0.467626 0.621019 0.485612 0.621019 0.489209 0.617834 0.492806 0.617834 0.507194 0.621019 0.510791 0.621019 0.514388 0.630573 0.514388 0.636943 0.507194 0.636943 0.503597 0.640127 0.500000 0.640127 0.492806 0.643312 0.489209 0.643312 0.485612 0.649682 0.478417 0.649682 0.471223
0 0.780255 0.471223 0.777070 0.471223 0.773885 0.467626 0.761146 0.467626 0.748408 0.482014 0.748408 0.496403 0.757962 0.503597 0.777070 0.496403 0.783439 0.489209 0.783439 0.474820
0 0.378981 0.492806 0.378981 0.496403 0.382166 0.500000 0.382166 0.503597 0.385350 0.507194 0.404459 0.507194 0.410828 0.500000 0.407643 0.496403 0.407643 0.492806 0.404459 0.489209 0.401274 0.489209 0.398089 0.485612 0.385350 0.485612
0 0.458599 0.489209 0.455414 0.492806 0.455414 0.500000 0.458599 0.503597 0.461783 0.514388 0.477707 0.528777 0.484076 0.521583 0.484076 0.517986 0.490446 0.510791 0.490446 0.507194 0.493631 0.503597 0.490446 0.503597 0.477707 0.489209
0 0.015924 0.492806 0.015924 0.500000 0.022293 0.510791 0.047771 0.510791 0.050955 0.507194 0.044586 0.500000 0.031847 0.500000 0.028662 0.496403 0.022293 0.496403 0.019108 0.492806
0 0.799363 0.492806 0.796178 0.496403 0.796178 0.510791 0.799363 0.514388 0.799363 0.521583 0.802548 0.525180 0.802548 0.528777 0.808917 0.535971 0.815287 0.535971 0.821656 0.528777 0.821656 0.510791 0.818471 0.507194 0.818471 0.503597 0.812102 0.496403 0.808917 0.496403 0.805732 0.492806
0 0.184713 0.507194 0.184713 0.514388 0.187898 0.514388 0.191083 0.517986 0.216561 0.517986 0.219745 0.514388 0.219745 0.503597 0.216561 0.500000 0.210191 0.500000 0.207006 0.496403 0.197452 0.496403 0.194268 0.500000 0.191083 0.500000
0 0.582803 0.496403 0.582803 0.507194 0.585987 0.510791 0.585987 0.517986 0.592357 0.525180 0.598726 0.525180 0.601911 0.521583 0.601911 0.517986 0.598726 0.514388 0.598726 0.510791 0.585987 0.496403
0 0.493631 0.507194 0.493631 0.510791 0.487261 0.517986 0.487261 0.521583 0.480892 0.528777 0.480892 0.532374 0.487261 0.539568 0.490446 0.539568 0.500000 0.546763 0.512739 0.546763 0.515924 0.543165 0.515924 0.525180 0.509554 0.517986 0.509554 0.514388 0.506369 0.514388 0.500000 0.507194
0 0.770701 0.514388 0.767516 0.517986 0.767516 0.525180 0.764331 0.528777 0.764331 0.543165 0.770701 0.553957 0.783439 0.553957 0.789809 0.546763 0.789809 0.525180 0.783439 0.514388
0 0.101911 0.528777 0.101911 0.535971 0.108280 0.543165 0.111465 0.543165 0.117834 0.550360 0.130573 0.550360 0.140127 0.543165 0.136943 0.539568 0.124204 0.539568 0.121019 0.535971 0.117834 0.535971 0.108280 0.528777
0 0.550955 0.543165 0.538217 0.543165 0.528662 0.553957 0.528662 0.557554 0.525478 0.561151 0.525478 0.579137 0.538217 0.589928 0.541401 0.586331 0.547771 0.586331 0.550955 0.582734 0.554140 0.582734 0.560510 0.575540 0.560510 0.550360
0 0.863057 0.550360 0.856688 0.557554 0.856688 0.575540 0.863057 0.582734 0.869427 0.582734 0.875796 0.575540 0.878981 0.575540 0.878981 0.568345 0.882166 0.564748 0.882166 0.561151 0.878981 0.557554 0.878981 0.553957 0.875796 0.553957 0.872611 0.550360
0 0.242038 0.553957 0.235669 0.561151 0.235669 0.568345 0.238854 0.571942 0.238854 0.575540 0.248408 0.586331 0.264331 0.586331 0.267516 0.582734 0.267516 0.568345 0.254777 0.553957
0 0.143312 0.579137 0.146497 0.582734 0.159236 0.582734 0.162420 0.586331 0.171975 0.586331 0.175159 0.582734 0.175159 0.579137 0.181529 0.568345 0.143312 0.568345
0 0.184713 0.568345 0.181529 0.571942 0.178344 0.582734 0.171975 0.589928 0.175159 0.593525 0.178344 0.604317 0.187898 0.615108 0.197452 0.615108 0.200637 0.611511 0.203822 0.611511 0.213376 0.600719 0.216561 0.600719 0.216561 0.593525 0.213376 0.589928 0.213376 0.582734 0.210191 0.579137 0.203822 0.579137 0.200637 0.575540
0 0.773885 0.582734 0.773885 0.589928 0.783439 0.600719 0.783439 0.604317 0.796178 0.615108 0.815287 0.618705 0.818471 0.622302 0.831210 0.618705 0.834395 0.615108 0.828025 0.600719 0.805732 0.575540 0.783439 0.575540
0 0.127389 0.597122 0.117834 0.597122 0.114650 0.600719 0.111465 0.600719 0.111465 0.604317 0.101911 0.615108 0.101911 0.618705 0.098726 0.622302 0.101911 0.633094 0.105096 0.633094 0.108280 0.636691 0.124204 0.636691 0.127389 0.633094 0.127389 0.629496 0.130573 0.625899 0.130573 0.611511 0.133758 0.607914 0.133758 0.604317
0 0.063694 0.604317 0.050955 0.604317 0.047771 0.607914 0.044586 0.607914 0.035032 0.618705 0.035032 0.622302 0.031847 0.625899 0.035032 0.629496 0.035032 0.633094 0.038217 0.633094 0.041401 0.636691 0.050955 0.636691 0.057325 0.629496 0.060510 0.629496 0.066879 0.622302 0.066879 0.607914
0 0.152866 0.618705 0.152866 0.633094 0.156051 0.636691 0.162420 0.636691 0.165605 0.640288 0.178344 0.640288 0.181529 0.636691 0.184713 0.636691 0.184713 0.633094 0.187898 0.629496 0.184713 0.625899 0.184713 0.622302 0.178344 0.615108 0.175159 0.615108 0.171975 0.611511 0.159236 0.611511
0 0.015924 0.625899 0.003185 0.625899 0.003185 0.636691 0.000000 0.640288 0.000000 0.654676 0.006369 0.654676 0.009554 0.651079 0.012739 0.651079 0.019108 0.643885 0.019108 0.629496
0 0.200637 0.640288 0.191083 0.651079 0.191083 0.654676 0.187898 0.658273 0.187898 0.665468 0.194268 0.672662 0.197452 0.672662 0.200637 0.676259 0.210191 0.679856 0.219745 0.672662 0.219745 0.661871 0.222930 0.658273 0.222930 0.651079 0.216561 0.640288
0 0.818471 0.651079 0.818471 0.658273 0.824841 0.665468 0.831210 0.665468 0.834395 0.669065 0.847134 0.669065 0.850318 0.665468 0.853503 0.665468 0.853503 0.658273 0.847134 0.651079 0.843949 0.651079 0.840764 0.647482 0.821656 0.647482
0 0.315287 0.658273 0.315287 0.669065 0.321656 0.676259 0.324841 0.676259 0.334395 0.683453 0.340764 0.683453 0.347134 0.676259 0.347134 0.672662 0.337580 0.661871 0.334395 0.661871 0.331210 0.658273
0 0.882166 0.669065 0.875796 0.669065 0.866242 0.679856 0.866242 0.683453 0.859873 0.694245 0.859873 0.705036 0.869427 0.705036 0.875796 0.697842 0.878981 0.697842 0.882166 0.694245 0.882166 0.690647 0.885350 0.687050 0.885350 0.672662
0 0.531847 0.683453 0.531847 0.687050 0.535032 0.690647 0.544586 0.690647 0.547771 0.694245 0.550955 0.694245 0.554140 0.697842 0.557325 0.694245 0.557325 0.690647 0.554140 0.687050 0.554140 0.683453 0.550955 0.679856 0.535032 0.679856
0 0.156051 0.694245 0.146497 0.687050 0.143312 0.687050 0.140127 0.690647 0.136943 0.690647 0.133758 0.694245 0.130573 0.694245 0.127389 0.697842 0.127389 0.712230 0.130573 0.715827 0.149682 0.715827 0.152866 0.712230 0.156051 0.712230
0 0.328025 0.701439 0.328025 0.705036 0.331210 0.708633 0.331210 0.712230 0.334395 0.715827 0.334395 0.719424 0.343949 0.719424 0.347134 0.723022 0.350318 0.719424 0.353503 0.719424 0.359873 0.712230 0.359873 0.705036 0.353503 0.697842 0.350318 0.697842 0.347134 0.694245 0.334395 0.694245
0 0.000000 0.741007 0.000000 0.751799 0.003185 0.755396 0.009554 0.755396 0.012739 0.758993 0.031847 0.758993 0.035032 0.755396 0.038217 0.755396 0.044586 0.748201 0.044586 0.744604 0.041401 0.744604 0.031847 0.737410 0.003185 0.737410
0 0.111465 0.744604 0.111465 0.755396 0.114650 0.758993 0.121019 0.758993 0.124204 0.762590 0.127389 0.758993 0.130573 0.758993 0.133758 0.755396 0.133758 0.744604 0.127389 0.744604 0.124204 0.741007 0.121019 0.741007 0.117834 0.744604
0 0.442675 0.741007 0.442675 0.751799 0.452229 0.762590 0.458599 0.762590 0.461783 0.758993 0.461783 0.751799 0.452229 0.741007
0 0.519108 0.744604 0.512739 0.751799 0.512739 0.766187 0.519108 0.773381 0.528662 0.773381 0.531847 0.769784 0.535032 0.769784 0.535032 0.766187 0.538217 0.762590 0.538217 0.748201 0.535032 0.744604
0 0.063694 0.769784 0.066879 0.773381 0.066879 0.776978 0.076433 0.784173 0.082803 0.784173 0.085987 0.780576 0.095541 0.780576 0.098726 0.776978 0.098726 0.762590 0.092357 0.751799 0.076433 0.751799 0.066879 0.762590 0.066879 0.766187
0 0.343949 0.769784 0.340764 0.773381 0.340764 0.787770 0.343949 0.787770 0.347134 0.791367 0.359873 0.791367 0.366242 0.780576 0.366242 0.769784 0.369427 0.766187 0.350318 0.766187 0.347134 0.769784
0 0.363057 0.794964 0.372611 0.802158 0.378981 0.802158 0.382166 0.798561 0.385350 0.798561 0.391720 0.791367 0.398089 0.791367 0.401274 0.787770 0.404459 0.787770 0.404459 0.773381 0.401274 0.773381 0.398089 0.769784 0.385350 0.769784 0.382166 0.766187 0.372611 0.766187 0.369427 0.769784 0.369427 0.780576 0.366242 0.784173
0 0.035032 0.794964 0.031847 0.798561 0.031847 0.812950 0.035032 0.816547 0.035032 0.820144 0.038217 0.820144 0.041401 0.823741 0.057325 0.823741 0.066879 0.816547 0.066879 0.798561 0.063694 0.794964 0.060510 0.794964 0.057325 0.791367 0.047771 0.791367 0.044586 0.794964
0 0.019108 0.848921 0.012739 0.856115 0.012739 0.859712 0.009554 0.863309 0.009554 0.881295 0.015924 0.888489 0.025478 0.888489 0.031847 0.881295 0.031847 0.877698 0.035032 0.874101 0.035032 0.859712 0.028662 0.848921
0 0.378981 0.881295 0.378981 0.888489 0.385350 0.895683 0.401274 0.895683 0.404459 0.892086 0.404459 0.888489 0.407643 0.884892 0.407643 0.877698 0.404459 0.874101 0.401274 0.874101 0.398089 0.870504 0.391720 0.870504 0.388535 0.874101 0.385350 0.874101
