0 0.171429 0.003597 0.168254 0.000000 0.158730 0.000000 0.155556 0.003597 0.120635 0.003597 0.120635 0.007194 0.130159 0.014388 0.158730 0.014388 0.161905 0.010791 0.171429 0.007194
0 0.768254 0.021583 0.749206 0.021583 0.742857 0.025180 0.717460 0.057554 0.714286 0.064748 0.714286 0.075540 0.720635 0.082734 0.723810 0.079137 0.730159 0.079137 0.758730 0.046763 0.761905 0.046763 0.768254 0.039568 0.771429 0.032374 0.771429 0.025180
0 0.482540 0.043165 0.476190 0.035971 0.457143 0.035971 0.453968 0.032374 0.450794 0.035971 0.438095 0.035971 0.434921 0.039568 0.428571 0.039568 0.425397 0.043165 0.425397 0.050360 0.438095 0.061151 0.460317 0.061151 0.463492 0.057554 0.469841 0.057554 0.473016 0.053957 0.476190 0.053957
0 0.647619 0.039568 0.647619 0.043165 0.653968 0.050360 0.653968 0.057554 0.657143 0.061151 0.669841 0.061151 0.669841 0.050360 0.663492 0.043165 0.660317 0.043165 0.657143 0.039568
0 0.092063 0.043165 0.098413 0.046763 0.101587 0.053957 0.126984 0.068345 0.146032 0.068345 0.152381 0.064748 0.152381 0.057554 0.146032 0.050360 0.139683 0.050360 0.136508 0.046763 0.114286 0.046763 0.111111 0.043165
0 0.393651 0.057554 0.377778 0.046763 0.358730 0.046763 0.355556 0.050360 0.323810 0.053957 0.323810 0.064748 0.320635 0.068345 0.317460 0.086331 0.323810 0.082734 0.358730 0.082734 0.361905 0.079137 0.371429 0.079137 0.387302 0.071942 0.393651 0.064748
0 0.276190 0.057554 0.273016 0.053957 0.260317 0.053957 0.247619 0.079137 0.238095 0.082734 0.219048 0.079137 0.209524 0.089928 0.206349 0.111511 0.212698 0.118705 0.225397 0.118705 0.260317 0.107914 0.279365 0.079137
0 0.825397 0.057554 0.806349 0.057554 0.796825 0.064748 0.790476 0.064748 0.780952 0.075540 0.780952 0.079137 0.784127 0.082734 0.806349 0.082734 0.809524 0.079137 0.812698 0.079137 0.825397 0.064748
0 0.685714 0.075540 0.682540 0.079137 0.682540 0.100719 0.688889 0.107914 0.688889 0.111511 0.698413 0.111511 0.698413 0.107914 0.701587 0.104317 0.701587 0.086331 0.695238 0.075540
0 0.488889 0.086331 0.479365 0.079137 0.466667 0.079137 0.463492 0.082734 0.457143 0.082734 0.444444 0.089928 0.434921 0.100719 0.434921 0.107914 0.447619 0.107914 0.450794 0.115108 0.463492 0.115108 0.469841 0.107914 0.476190 0.107914 0.482540 0.104317 0.488889 0.097122
0 0.571429 0.079137 0.558730 0.079137 0.555556 0.082734 0.555556 0.089928 0.552381 0.093525 0.552381 0.118705 0.555556 0.122302 0.555556 0.125899 0.558730 0.125899 0.561905 0.129496 0.565079 0.125899 0.574603 0.122302 0.580952 0.115108 0.580952 0.097122
0 0.600000 0.089928 0.600000 0.107914 0.603175 0.111511 0.603175 0.115108 0.606349 0.115108 0.609524 0.118705 0.615873 0.118705 0.619048 0.122302 0.631746 0.122302 0.634921 0.118705 0.634921 0.104317 0.628571 0.097122 0.625397 0.097122 0.619048 0.089928 0.612698 0.089928 0.609524 0.086331
0 0.400000 0.097122 0.393651 0.093525 0.368254 0.100719 0.304762 0.133094 0.288889 0.136691 0.279365 0.147482 0.282540 0.151079 0.320635 0.151079 0.390476 0.111511
0 0.187302 0.097122 0.177778 0.097122 0.165079 0.104317 0.114286 0.165468 0.114286 0.172662 0.120635 0.179856 0.126984 0.179856 0.161905 0.158273 0.171429 0.147482 0.190476 0.104317
0 0.476190 0.125899 0.466667 0.118705 0.450794 0.118705 0.447619 0.115108 0.431746 0.118705 0.419048 0.125899 0.409524 0.136691 0.409524 0.154676 0.415873 0.158273 0.428571 0.158273 0.431746 0.154676 0.447619 0.151079 0.457143 0.143885 0.469841 0.143885 0.476190 0.136691
0 0.530159 0.118705 0.526984 0.122302 0.520635 0.122302 0.514286 0.133094 0.514286 0.136691 0.517460 0.140288 0.517460 0.147482 0.523810 0.154676 0.536508 0.154676 0.542857 0.143885 0.542857 0.136691 0.539683 0.133094 0.539683 0.125899
0 0.669841 0.133094 0.650794 0.133094 0.638095 0.147482 0.638095 0.161871 0.644444 0.169065 0.660317 0.169065 0.663492 0.165468 0.666667 0.165468 0.676190 0.147482 0.676190 0.143885
0 0.622222 0.158273 0.615873 0.158273 0.615873 0.161871 0.612698 0.165468 0.612698 0.172662 0.609524 0.176259 0.609524 0.183453 0.612698 0.187050 0.612698 0.190647 0.615873 0.190647 0.619048 0.187050 0.619048 0.179856 0.622222 0.176259 0.622222 0.172662 0.625397 0.169065 0.625397 0.161871
0 0.244444 0.190647 0.238095 0.183453 0.222222 0.183453 0.209524 0.190647 0.190476 0.215827 0.184127 0.230216 0.184127 0.237410 0.190476 0.237410 0.206349 0.223022 0.212698 0.223022 0.215873 0.219424 0.228571 0.215827 0.241270 0.201439
0 0.365079 0.190647 0.355556 0.201439 0.355556 0.219424 0.365079 0.237410 0.368254 0.237410 0.371429 0.241007 0.384127 0.241007 0.390476 0.233813 0.393651 0.215827 0.390476 0.212230 0.390476 0.208633 0.387302 0.208633 0.377778 0.197842 0.377778 0.194245 0.374603 0.194245 0.371429 0.190647
0 0.238095 0.226619 0.228571 0.226619 0.206349 0.251799 0.206349 0.255396 0.203175 0.258993 0.206349 0.269784 0.219048 0.284173 0.225397 0.284173 0.228571 0.280576 0.228571 0.258993 0.238095 0.241007
0 0.269841 0.244604 0.269841 0.251799 0.276190 0.258993 0.288889 0.266187 0.295238 0.266187 0.307937 0.273381 0.323810 0.273381 0.326984 0.269784 0.333333 0.269784 0.333333 0.255396 0.323810 0.244604 0.311111 0.237410 0.292063 0.233813
0 0.647619 0.241007 0.647619 0.251799 0.650794 0.255396 0.669841 0.255396 0.673016 0.251799 0.673016 0.248201 0.676190 0.244604 0.673016 0.241007 0.673016 0.237410 0.669841 0.233813 0.653968 0.233813
0 0.612698 0.244604 0.612698 0.251799 0.615873 0.255396 0.615873 0.258993 0.622222 0.266187 0.625397 0.266187 0.628571 0.269784 0.634921 0.269784 0.638095 0.273381 0.644444 0.273381 0.647619 0.269784 0.647619 0.266187 0.644444 0.266187 0.641270 0.262590 0.634921 0.262590 0.622222 0.248201 0.619048 0.248201 0.615873 0.244604
0 0.704762 0.244604 0.701587 0.248201 0.701587 0.251799 0.704762 0.255396 0.704762 0.262590 0.707937 0.262590 0.711111 0.266187 0.714286 0.266187 0.717460 0.269784 0.723810 0.262590 0.723810 0.258993 0.720635 0.255396 0.720635 0.251799 0.714286 0.244604
0 0.139683 0.269784 0.117460 0.269784 0.104762 0.280576 0.104762 0.284173 0.095238 0.294964 0.095238 0.298561 0.092063 0.302158 0.101587 0.309353 0.111111 0.309353 0.114286 0.305755 0.120635 0.305755 0.123810 0.302158 0.126984 0.302158 0.136508 0.291367 0.136508 0.287770 0.139683 0.284173
0 0.771429 0.273381 0.768254 0.269784 0.765079 0.273381 0.755556 0.273381 0.755556 0.280576 0.758730 0.284173 0.768254 0.284173 0.771429 0.280576
0 0.955556 0.269784 0.952381 0.273381 0.949206 0.273381 0.949206 0.276978 0.946032 0.280576 0.946032 0.287770 0.942857 0.291367 0.942857 0.320144 0.946032 0.323741 0.955556 0.323741 0.955556 0.320144 0.961905 0.312950 0.961905 0.280576
0 0.190476 0.276978 0.187302 0.276978 0.184127 0.273381 0.174603 0.276978 0.171429 0.280576 0.171429 0.287770 0.168254 0.291367 0.168254 0.294964 0.158730 0.305755 0.158730 0.309353 0.155556 0.312950 0.165079 0.316547 0.174603 0.309353 0.180952 0.309353 0.184127 0.305755 0.187302 0.305755 0.196825 0.291367 0.193651 0.287770
0 0.507937 0.276978 0.498413 0.276978 0.488889 0.287770 0.488889 0.291367 0.485714 0.294964 0.485714 0.302158 0.488889 0.305755 0.492063 0.305755 0.495238 0.309353 0.498413 0.305755 0.501587 0.305755 0.507937 0.298561 0.507937 0.291367 0.511111 0.287770 0.511111 0.280576
0 0.606349 0.359712 0.606349 0.363309 0.603175 0.366906 0.606349 0.370504 0.606349 0.374101 0.615873 0.374101 0.619048 0.377698 0.628571 0.377698 0.628571 0.363309 0.625397 0.363309 0.622222 0.359712
0 0.298413 0.363309 0.292063 0.370504 0.292063 0.384892 0.288889 0.388489 0.292063 0.392086 0.292063 0.402878 0.301587 0.413669 0.311111 0.417266 0.320635 0.406475 0.320635 0.384892 0.317460 0.381295 0.317460 0.374101 0.307937 0.363309
0 0.698413 0.381295 0.698413 0.384892 0.704762 0.384892 0.707937 0.388489 0.720635 0.388489 0.723810 0.392086 0.758730 0.392086 0.761905 0.388489 0.774603 0.384892 0.774603 0.377698 0.765079 0.377698 0.761905 0.374101 0.726984 0.374101 0.723810 0.377698 0.707937 0.377698 0.704762 0.381295
0 0.838095 0.377698 0.841270 0.381295 0.844444 0.381295 0.850794 0.388489 0.857143 0.388489 0.860317 0.392086 0.869841 0.392086 0.873016 0.395683 0.873016 0.399281 0.882540 0.395683 0.882540 0.392086 0.876190 0.384892 0.869841 0.384892 0.866667 0.381295 0.853968 0.381295 0.850794 0.377698
0 0.993651 0.381295 0.977778 0.399281 0.980952 0.402878 0.980952 0.417266 0.984127 0.420863 0.987302 0.420863 0.990476 0.417266 0.993651 0.417266 0.993651 0.392086 0.996825 0.388489 0.993651 0.384892
0 0.536508 0.388489 0.536508 0.395683 0.542857 0.402878 0.542857 0.406475 0.555556 0.420863 0.561905 0.424460 0.574603 0.424460 0.577778 0.420863 0.584127 0.420863 0.590476 0.417266 0.590476 0.410072 0.587302 0.410072 0.580952 0.402878 0.568254 0.395683 0.561905 0.395683 0.549206 0.388489
0 0.111111 0.413669 0.111111 0.424460 0.114286 0.424460 0.117460 0.428058 0.139683 0.428058 0.142857 0.424460 0.142857 0.420863 0.130159 0.406475 0.117460 0.406475
0 0.212698 0.410072 0.212698 0.417266 0.219048 0.424460 0.219048 0.428058 0.222222 0.431655 0.231746 0.435252 0.238095 0.442446 0.238095 0.453237 0.253968 0.449640 0.247619 0.431655 0.234921 0.417266 0.231746 0.417266 0.222222 0.410072
0 0.326984 0.424460 0.326984 0.435252 0.336508 0.446043 0.339683 0.446043 0.342857 0.449640 0.349206 0.449640 0.352381 0.453237 0.361905 0.453237 0.365079 0.449640 0.368254 0.449640 0.368254 0.446043 0.371429 0.442446 0.371429 0.438849 0.368254 0.435252 0.368254 0.428058 0.365079 0.428058 0.349206 0.417266 0.333333 0.417266
0 0.476190 0.431655 0.488889 0.446043 0.492063 0.446043 0.495238 0.449640 0.501587 0.449640 0.507937 0.456835 0.520635 0.456835 0.523810 0.453237 0.520635 0.449640 0.520635 0.446043 0.511111 0.435252 0.507937 0.435252 0.498413 0.428058 0.492063 0.428058 0.488889 0.424460 0.485714 0.424460
0 0.384127 0.449640 0.387302 0.460432 0.390476 0.464029 0.393651 0.464029 0.400000 0.471223 0.412698 0.471223 0.415873 0.467626 0.419048 0.467626 0.425397 0.460432 0.425397 0.456835 0.428571 0.453237 0.428571 0.449640 0.419048 0.438849 0.393651 0.438849
0 0.644444 0.446043 0.634921 0.438849 0.628571 0.438849 0.625397 0.442446 0.619048 0.442446 0.615873 0.446043 0.612698 0.446043 0.612698 0.453237 0.609524 0.456835 0.612698 0.460432 0.612698 0.464029 0.619048 0.471223 0.634921 0.471223 0.644444 0.464029
0 0.688889 0.449640 0.685714 0.446043 0.682540 0.446043 0.676190 0.438849 0.669841 0.438849 0.666667 0.442446 0.663492 0.453237 0.657143 0.460432 0.657143 0.471223 0.660317 0.474820 0.679365 0.474820 0.682540 0.471223 0.685714 0.471223 0.688889 0.467626
0 0.993651 0.449640 0.980952 0.449640 0.971429 0.456835 0.955556 0.460432 0.949206 0.467626 0.949206 0.474820 0.952381 0.478417 0.952381 0.482014 0.974603 0.482014 0.977778 0.478417 0.987302 0.474820 0.993651 0.467626
0 0.469841 0.492806 0.469841 0.507194 0.482540 0.517986 0.498413 0.517986 0.501587 0.514388 0.511111 0.514388 0.520635 0.503597 0.520635 0.492806 0.507937 0.482014 0.492063 0.482014 0.488889 0.478417 0.479365 0.478417
0 0.860317 0.496403 0.853968 0.489209 0.847619 0.489209 0.834921 0.500000 0.825397 0.503597 0.803175 0.525180 0.800000 0.539568 0.803175 0.543165 0.812698 0.543165 0.815873 0.539568 0.831746 0.535971 0.850794 0.517986
0 0.949206 0.492806 0.946032 0.489209 0.936508 0.489209 0.917460 0.500000 0.911111 0.496403 0.904762 0.507194 0.888889 0.521583 0.888889 0.528777 0.882540 0.535971 0.901587 0.539568 0.917460 0.532374 0.949206 0.500000
0 0.698413 0.507194 0.698413 0.521583 0.707937 0.543165 0.717460 0.543165 0.720635 0.539568 0.733333 0.535971 0.739683 0.528777 0.742857 0.528777 0.752381 0.514388 0.752381 0.507194 0.749206 0.503597 0.726984 0.503597 0.723810 0.500000 0.704762 0.500000
0 0.485714 0.521583 0.485714 0.539568 0.488889 0.543165 0.488889 0.546763 0.501587 0.561151 0.511111 0.561151 0.514286 0.557554 0.517460 0.557554 0.517460 0.553957 0.520635 0.550360 0.520635 0.528777 0.511111 0.517986 0.501587 0.517986 0.498413 0.521583
0 0.380952 0.532374 0.380952 0.535971 0.377778 0.539568 0.377778 0.546763 0.387302 0.557554 0.390476 0.557554 0.393651 0.561151 0.412698 0.561151 0.422222 0.546763 0.422222 0.539568 0.419048 0.535971 0.415873 0.525180 0.412698 0.525180 0.409524 0.521583 0.396825 0.521583 0.384127 0.532374
0 0.768254 0.535971 0.752381 0.535971 0.733333 0.546763 0.714286 0.568345 0.711111 0.575540 0.714286 0.589928 0.723810 0.589928 0.733333 0.579137 0.755556 0.564748 0.768254 0.550360
0 0.847619 0.543165 0.841270 0.535971 0.819048 0.543165 0.815873 0.550360 0.793651 0.571942 0.790476 0.571942 0.780952 0.582734 0.780952 0.586331 0.784127 0.589928 0.803175 0.589928 0.809524 0.586331 0.822222 0.571942 0.831746 0.564748 0.838095 0.564748 0.847619 0.553957
0 0.939683 0.546763 0.920635 0.546763 0.907937 0.553957 0.888889 0.575540 0.885714 0.582734 0.885714 0.589928 0.895238 0.593525 0.898413 0.589928 0.904762 0.589928 0.911111 0.586331 0.936508 0.557554
0 0.993651 0.553957 0.990476 0.557554 0.984127 0.557554 0.984127 0.571942 0.990476 0.571942 0.993651 0.568345
0 0.968254 0.586331 0.958730 0.586331 0.949206 0.597122 0.949206 0.600719 0.946032 0.604317 0.946032 0.615108 0.949206 0.618705 0.958730 0.618705 0.965079 0.611511 0.965079 0.607914 0.971429 0.597122 0.971429 0.593525 0.968254 0.589928
0 0.761905 0.607914 0.755556 0.607914 0.749206 0.615108 0.746032 0.615108 0.739683 0.622302 0.739683 0.633094 0.742857 0.636691 0.755556 0.636691 0.765079 0.629496 0.765079 0.622302 0.768254 0.618705
0 0.533333 0.625899 0.533333 0.636691 0.536508 0.640288 0.539683 0.640288 0.549206 0.647482 0.565079 0.647482 0.571429 0.640288 0.571429 0.629496 0.561905 0.622302 0.555556 0.622302 0.552381 0.618705 0.539683 0.618705
0 0.092063 0.629496 0.092063 0.640288 0.095238 0.643885 0.098413 0.643885 0.104762 0.651079 0.114286 0.651079 0.117460 0.654676 0.139683 0.651079 0.152381 0.643885 0.149206 0.636691 0.142857 0.636691 0.133333 0.629496 0.123810 0.629496 0.114286 0.622302 0.101587 0.622302
0 0.596825 0.654676 0.609524 0.654676 0.612698 0.658273 0.619048 0.654676 0.638095 0.654676 0.641270 0.651079 0.647619 0.651079 0.653968 0.647482 0.653968 0.636691 0.647619 0.636691 0.634921 0.629496 0.619048 0.629496 0.600000 0.640288 0.596825 0.643885
0 0.907937 0.658273 0.904762 0.658273 0.901587 0.661871 0.898413 0.661871 0.892063 0.669065 0.892063 0.672662 0.888889 0.676259 0.888889 0.683453 0.892063 0.687050 0.892063 0.690647 0.895238 0.694245 0.898413 0.694245 0.907937 0.683453 0.907937 0.679856 0.911111 0.676259 0.911111 0.661871
0 0.536508 0.679856 0.520635 0.679856 0.514286 0.687050 0.511111 0.687050 0.504762 0.694245 0.504762 0.697842 0.507937 0.701439 0.507937 0.705036 0.511111 0.705036 0.514286 0.708633 0.517460 0.708633 0.523810 0.701439 0.526984 0.701439 0.536508 0.690647
0 0.596825 0.694245 0.584127 0.687050 0.577778 0.690647 0.565079 0.690647 0.530159 0.715827 0.517460 0.730216 0.517460 0.733813 0.539683 0.730216 0.555556 0.719424 0.580952 0.712230 0.590476 0.705036
0 0.111111 0.694245 0.107937 0.694245 0.101587 0.701439 0.098413 0.701439 0.095238 0.705036 0.092063 0.705036 0.092063 0.708633 0.088889 0.712230 0.088889 0.719424 0.092063 0.723022 0.098413 0.723022 0.101587 0.719424 0.107937 0.719424 0.111111 0.715827 0.111111 0.708633 0.114286 0.705036 0.114286 0.701439 0.111111 0.697842
0 0.488889 0.694245 0.479365 0.694245 0.469841 0.705036 0.469841 0.708633 0.473016 0.712230 0.476190 0.712230 0.479365 0.708633 0.485714 0.708633 0.485714 0.705036 0.488889 0.701439
0 0.288889 0.705036 0.288889 0.712230 0.292063 0.715827 0.301587 0.715827 0.304762 0.719424 0.333333 0.719424 0.336508 0.715827 0.342857 0.715827 0.346032 0.712230 0.346032 0.705036 0.339683 0.705036 0.336508 0.701439 0.326984 0.701439 0.323810 0.697842 0.301587 0.697842 0.298413 0.701439
0 0.866667 0.705036 0.863492 0.708633 0.860317 0.708633 0.847619 0.726619 0.847619 0.730216 0.844444 0.733813 0.844444 0.741007 0.847619 0.744604 0.853968 0.744604 0.857143 0.741007 0.873016 0.741007 0.876190 0.737410 0.876190 0.723022 0.873016 0.719424 0.873016 0.712230
0 0.187302 0.715827 0.184127 0.719424 0.184127 0.737410 0.190476 0.744604 0.193651 0.744604 0.196825 0.748201 0.200000 0.748201 0.203175 0.744604 0.206349 0.744604 0.212698 0.737410 0.212698 0.726619 0.203175 0.715827
0 0.247619 0.730216 0.241270 0.730216 0.234921 0.737410 0.234921 0.744604 0.231746 0.748201 0.231746 0.758993 0.234921 0.762590 0.247619 0.762590 0.250794 0.758993 0.250794 0.755396 0.253968 0.751799 0.253968 0.737410
0 0.323810 0.748201 0.317460 0.741007 0.298413 0.741007 0.295238 0.744604 0.279365 0.748201 0.269841 0.758993 0.269841 0.762590 0.276190 0.769784 0.279365 0.769784 0.282540 0.773381 0.288889 0.773381 0.292063 0.769784 0.314286 0.766187 0.323810 0.755396
0 0.857143 0.762590 0.857143 0.773381 0.860317 0.776978 0.873016 0.776978 0.876190 0.773381 0.876190 0.766187 0.873016 0.762590
0 0.834921 0.776978 0.831746 0.776978 0.828571 0.780576 0.825397 0.780576 0.815873 0.791367 0.815873 0.802158 0.822222 0.809353 0.825397 0.809353 0.828571 0.805755 0.831746 0.805755 0.841270 0.794964 0.841270 0.784173
0 0.384127 0.787770 0.380952 0.784173 0.371429 0.784173 0.368254 0.787770 0.355556 0.787770 0.352381 0.791367 0.342857 0.791367 0.323810 0.802158 0.320635 0.805755 0.320635 0.812950 0.339683 0.812950 0.352381 0.805755 0.368254 0.805755 0.380952 0.798561
0 0.923810 0.805755 0.923810 0.812950 0.933333 0.823741 0.936508 0.823741 0.939683 0.827338 0.952381 0.827338 0.955556 0.823741 0.955556 0.805755 0.949206 0.798561 0.930159 0.798561
0 0.942857 0.845324 0.942857 0.856115 0.946032 0.859712 0.949206 0.859712 0.952381 0.863309 0.965079 0.863309 0.968254 0.859712 0.968254 0.848921 0.965079 0.845324 0.965079 0.841727 0.961905 0.841727 0.958730 0.838129 0.952381 0.838129 0.949206 0.841727 0.946032 0.841727
0 0.330159 0.845324 0.314286 0.845324 0.311111 0.848921 0.301587 0.852518 0.295238 0.863309 0.295238 0.870504 0.304762 0.874101 0.307937 0.870504 0.314286 0.870504 0.317460 0.866906 0.320635 0.866906 0.330159 0.856115
0 0.844444 0.866906 0.847619 0.870504 0.869841 0.870504 0.873016 0.874101 0.876190 0.874101 0.879365 0.870504 0.882540 0.870504 0.882540 0.866906 0.885714 0.863309 0.879365 0.852518 0.857143 0.852518 0.853968 0.856115 0.850794 0.856115 0.844444 0.863309
0 0.819048 0.863309 0.815873 0.859712 0.806349 0.859712 0.800000 0.866906 0.800000 0.870504 0.803175 0.874101 0.803175 0.877698 0.809524 0.877698 0.819048 0.866906
