0 0.079365 0.251799 0.079365 0.266187 0.082540 0.273381 0.088889 0.276978 0.104762 0.276978 0.111111 0.280576 0.114286 0.276978 0.126984 0.276978 0.130159 0.273381 0.130159 0.262590 0.117460 0.248201 0.111111 0.244604 0.088889 0.244604
0 0.612698 0.294964 0.609524 0.291367 0.590476 0.291367 0.584127 0.298561 0.580952 0.298561 0.574603 0.309353 0.574603 0.330935 0.584127 0.330935 0.587302 0.327338 0.590476 0.327338 0.596825 0.320144 0.600000 0.320144 0.609524 0.309353 0.609524 0.305755 0.612698 0.302158
0 0.152381 0.320144 0.152381 0.330935 0.174603 0.348921 0.180952 0.348921 0.190476 0.356115 0.215873 0.356115 0.219048 0.352518 0.215873 0.341727 0.187302 0.323741 0.180952 0.323741 0.168254 0.316547 0.158730 0.316547
0 0.660317 0.345324 0.663492 0.348921 0.701587 0.348921 0.714286 0.338129 0.726984 0.334532 0.714286 0.323741 0.707937 0.323741 0.704762 0.320144 0.688889 0.320144 0.685714 0.323741 0.673016 0.323741 0.666667 0.327338 0.660317 0.334532
0 0.536508 0.341727 0.523810 0.334532 0.514286 0.334532 0.511111 0.338129 0.504762 0.338129 0.498413 0.341727 0.488889 0.352518 0.485714 0.363309 0.498413 0.374101 0.526984 0.374101 0.536508 0.359712
0 0.136508 0.384892 0.133333 0.388489 0.130159 0.388489 0.126984 0.392086 0.126984 0.399281 0.142857 0.417266 0.146032 0.417266 0.152381 0.410072 0.152381 0.402878 0.149206 0.399281 0.149206 0.395683 0.146032 0.392086 0.146032 0.388489 0.142857 0.388489 0.139683 0.384892
0 0.285714 0.392086 0.285714 0.395683 0.295238 0.402878 0.307937 0.402878 0.311111 0.406475 0.326984 0.406475 0.326984 0.395683 0.323810 0.392086 0.317460 0.392086 0.314286 0.388489 0.301587 0.388489 0.298413 0.384892 0.292063 0.384892
0 0.155556 0.406475 0.155556 0.410072 0.161905 0.420863 0.165079 0.420863 0.168254 0.424460 0.174603 0.424460 0.177778 0.428058 0.187302 0.428058 0.193651 0.417266 0.193651 0.406475 0.187302 0.399281 0.180952 0.399281 0.177778 0.395683 0.174603 0.395683 0.171429 0.399281 0.161905 0.399281
0 0.717460 0.402878 0.711111 0.402878 0.704762 0.410072 0.704762 0.413669 0.707937 0.417266 0.707937 0.420863 0.711111 0.420863 0.714286 0.424460 0.717460 0.420863 0.720635 0.420863 0.720635 0.417266 0.723810 0.413669 0.723810 0.410072
0 0.263492 0.406475 0.263492 0.424460 0.273016 0.435252 0.279365 0.435252 0.282540 0.431655 0.285714 0.431655 0.288889 0.428058 0.288889 0.420863 0.285714 0.417266 0.285714 0.413669 0.282540 0.413669 0.276190 0.406475
0 0.320635 0.438849 0.320635 0.449640 0.323810 0.456835 0.336508 0.467626 0.365079 0.467626 0.380952 0.453237 0.390476 0.449640 0.390476 0.438849 0.368254 0.428058 0.358730 0.428058 0.355556 0.424460 0.339683 0.424460
0 0.641270 0.424460 0.641270 0.428058 0.638095 0.431655 0.634921 0.431655 0.631746 0.435252 0.625397 0.435252 0.615873 0.442446 0.615873 0.449640 0.612698 0.453237 0.612698 0.464029 0.615873 0.467626 0.615873 0.471223 0.619048 0.471223 0.622222 0.474820 0.628571 0.474820 0.634921 0.467626 0.634921 0.453237 0.644444 0.438849 0.644444 0.428058
0 0.473016 0.438849 0.473016 0.442446 0.476190 0.446043 0.476190 0.449640 0.479365 0.449640 0.485714 0.456835 0.492063 0.456835 0.495238 0.453237 0.501587 0.453237 0.504762 0.449640 0.504762 0.438849 0.501587 0.438849 0.498413 0.435252 0.492063 0.435252 0.488889 0.431655 0.482540 0.431655
0 0.225397 0.449640 0.225397 0.460432 0.228571 0.464029 0.228571 0.467626 0.241270 0.478417 0.266667 0.478417 0.276190 0.471223 0.260317 0.449640 0.257143 0.449640 0.247619 0.442446 0.234921 0.442446
0 0.577778 0.449640 0.574603 0.446043 0.568254 0.446043 0.565079 0.449640 0.533333 0.449640 0.520635 0.456835 0.520635 0.464029 0.530159 0.474820 0.546032 0.474820 0.565079 0.464029 0.571429 0.464029
0 0.117460 0.449640 0.111111 0.456835 0.111111 0.474820 0.114286 0.478417 0.114286 0.482014 0.117460 0.482014 0.123810 0.489209 0.133333 0.489209 0.142857 0.478417 0.142857 0.467626 0.139683 0.464029 0.139683 0.460432 0.130159 0.449640
0 0.384127 0.467626 0.384127 0.482014 0.387302 0.485612 0.390476 0.485612 0.393651 0.489209 0.406349 0.489209 0.409524 0.485612 0.409524 0.478417 0.400000 0.467626
0 0.431746 0.474820 0.431746 0.485612 0.434921 0.489209 0.453968 0.489209 0.457143 0.485612 0.460317 0.485612 0.460317 0.474820 0.457143 0.474820 0.453968 0.471223 0.434921 0.471223
0 0.190476 0.492806 0.193651 0.503597 0.206349 0.521583 0.215873 0.521583 0.225397 0.510791 0.228571 0.510791 0.231746 0.507194 0.231746 0.500000 0.215873 0.482014 0.200000 0.482014 0.196825 0.485612 0.193651 0.485612 0.193651 0.489209
0 0.755556 0.485612 0.746032 0.485612 0.733333 0.500000 0.733333 0.507194 0.736508 0.510791 0.749206 0.510791 0.752381 0.507194 0.755556 0.507194 0.755556 0.500000 0.758730 0.496403 0.758730 0.492806 0.755556 0.489209
0 0.155556 0.489209 0.149206 0.496403 0.149206 0.503597 0.155556 0.510791 0.158730 0.510791 0.161905 0.514388 0.171429 0.514388 0.177778 0.507194 0.177778 0.496403 0.174603 0.496403 0.171429 0.492806 0.165079 0.492806 0.161905 0.489209
0 0.260317 0.496403 0.260317 0.503597 0.263492 0.507194 0.266667 0.507194 0.269841 0.510791 0.276190 0.510791 0.279365 0.514388 0.282540 0.510791 0.285714 0.510791 0.285714 0.500000 0.282540 0.500000 0.279365 0.496403 0.276190 0.496403 0.273016 0.492806 0.263492 0.492806
0 0.504762 0.503597 0.504762 0.507194 0.511111 0.514388 0.511111 0.517986 0.514286 0.521583 0.517460 0.521583 0.523810 0.528777 0.526984 0.528777 0.530159 0.525180 0.533333 0.525180 0.533333 0.514388 0.520635 0.500000 0.507937 0.500000
0 0.479365 0.514388 0.469841 0.503597 0.460317 0.503597 0.457143 0.507194 0.447619 0.507194 0.438095 0.514388 0.425397 0.514388 0.422222 0.521583 0.412698 0.521583 0.412698 0.528777 0.425397 0.535971 0.447619 0.535971 0.450794 0.532374 0.460317 0.532374 0.463492 0.528777 0.476190 0.525180 0.479365 0.521583
0 0.876190 0.510791 0.876190 0.521583 0.879365 0.525180 0.879365 0.528777 0.885714 0.535971 0.895238 0.535971 0.898413 0.532374 0.898413 0.517986 0.895238 0.514388 0.895238 0.510791 0.892063 0.510791 0.888889 0.507194 0.882540 0.507194 0.879365 0.510791
0 0.101587 0.525180 0.101587 0.535971 0.111111 0.546763 0.114286 0.546763 0.117460 0.550360 0.136508 0.550360 0.139683 0.546763 0.146032 0.546763 0.152381 0.539568 0.152381 0.535971 0.146032 0.525180 0.142857 0.525180 0.126984 0.514388 0.111111 0.514388
0 0.384127 0.517986 0.380952 0.514388 0.365079 0.514388 0.361905 0.517986 0.358730 0.517986 0.352381 0.525180 0.352381 0.535971 0.365079 0.535971 0.368254 0.532374 0.371429 0.532374 0.374603 0.528777 0.377778 0.528777 0.384127 0.521583
0 0.228571 0.525180 0.228571 0.535971 0.241270 0.550360 0.244444 0.550360 0.247619 0.553957 0.260317 0.553957 0.263492 0.550360 0.263492 0.535971 0.260317 0.532374 0.260317 0.528777 0.253968 0.521583 0.234921 0.521583 0.231746 0.525180
0 0.333333 0.539568 0.320635 0.539568 0.311111 0.550360 0.307937 0.550360 0.304762 0.553957 0.304762 0.557554 0.317460 0.571942 0.326984 0.571942 0.333333 0.564748 0.342857 0.561151 0.342857 0.550360
0 0.822222 0.550360 0.815873 0.543165 0.809524 0.543165 0.803175 0.550360 0.800000 0.550360 0.790476 0.561151 0.790476 0.564748 0.787302 0.568345 0.790476 0.571942 0.803175 0.571942 0.806349 0.568345 0.812698 0.568345 0.822222 0.557554
0 0.161905 0.579137 0.174603 0.582734 0.177778 0.586331 0.184127 0.586331 0.187302 0.582734 0.215873 0.579137 0.225397 0.571942 0.225397 0.564748 0.212698 0.553957 0.203175 0.553957 0.200000 0.550360 0.180952 0.550360 0.174603 0.553957 0.161905 0.568345
0 0.390476 0.553957 0.374603 0.553957 0.365079 0.564748 0.365079 0.568345 0.368254 0.571942 0.365079 0.575540 0.371429 0.586331 0.380952 0.586331 0.390476 0.579137 0.390476 0.575540 0.393651 0.571942 0.393651 0.557554
0 0.555556 0.561151 0.555556 0.564748 0.552381 0.568345 0.552381 0.575540 0.561905 0.586331 0.568254 0.586331 0.571429 0.582734 0.577778 0.582734 0.584127 0.575540 0.584127 0.564748 0.574603 0.557554 0.561905 0.557554 0.558730 0.561151
0 0.501587 0.561151 0.495238 0.561151 0.492063 0.564748 0.485714 0.564748 0.479365 0.571942 0.479365 0.575540 0.476190 0.579137 0.476190 0.582734 0.479365 0.586331 0.482540 0.597122 0.485714 0.597122 0.488889 0.600719 0.492063 0.597122 0.495238 0.597122 0.501587 0.589928 0.501587 0.586331 0.507937 0.575540 0.507937 0.568345
0 0.638095 0.561151 0.625397 0.561151 0.619048 0.568345 0.619048 0.571942 0.615873 0.575540 0.615873 0.579137 0.622222 0.586331 0.631746 0.586331 0.638095 0.579137
0 0.901587 0.568345 0.892063 0.575540 0.892063 0.593525 0.895238 0.597122 0.898413 0.597122 0.901587 0.600719 0.904762 0.600719 0.907937 0.597122 0.911111 0.597122 0.917460 0.586331 0.914286 0.582734 0.914286 0.575540 0.911111 0.571942 0.907937 0.571942 0.904762 0.568345
0 0.358730 0.571942 0.346032 0.571942 0.339683 0.579137 0.339683 0.582734 0.336508 0.586331 0.336508 0.589928 0.333333 0.593525 0.333333 0.597122 0.349206 0.597122 0.358730 0.586331
0 0.815873 0.582734 0.812698 0.586331 0.812698 0.597122 0.819048 0.604317 0.822222 0.604317 0.825397 0.600719 0.825397 0.582734
0 0.526984 0.593525 0.526984 0.604317 0.530159 0.607914 0.530159 0.611511 0.536508 0.622302 0.539683 0.618705 0.552381 0.618705 0.552381 0.615108 0.555556 0.611511 0.552381 0.607914 0.552381 0.604317 0.542857 0.593525 0.539683 0.593525 0.536508 0.589928 0.536508 0.593525 0.533333 0.597122 0.530159 0.597122
0 0.606349 0.593525 0.596825 0.589928 0.593651 0.593525 0.584127 0.597122 0.577778 0.604317 0.577778 0.607914 0.574603 0.611511 0.574603 0.618705 0.580952 0.629496 0.593651 0.629496 0.603175 0.618705 0.603175 0.615108 0.606349 0.611511
0 0.295238 0.597122 0.295238 0.600719 0.298413 0.604317 0.298413 0.607914 0.307937 0.618705 0.314286 0.611511 0.320635 0.611511 0.323810 0.607914 0.326984 0.607914 0.333333 0.600719 0.330159 0.597122 0.323810 0.597122 0.320635 0.593525 0.298413 0.593525
0 0.761905 0.597122 0.749206 0.597122 0.742857 0.604317 0.742857 0.615108 0.749206 0.622302 0.755556 0.622302 0.761905 0.615108 0.761905 0.607914 0.765079 0.604317 0.761905 0.600719
0 0.304762 0.618705 0.298413 0.618705 0.295238 0.622302 0.288889 0.622302 0.282540 0.629496 0.282540 0.647482 0.285714 0.651079 0.295238 0.651079 0.298413 0.647482 0.298413 0.643885 0.304762 0.636691 0.304762 0.633094 0.307937 0.629496 0.307937 0.622302
0 0.784127 0.633094 0.774603 0.633094 0.768254 0.640288 0.768254 0.643885 0.765079 0.647482 0.765079 0.651079 0.768254 0.654676 0.768254 0.658273 0.771429 0.658273 0.774603 0.661871 0.777778 0.661871 0.787302 0.651079 0.787302 0.636691
0 0.749206 0.636691 0.742857 0.643885 0.742857 0.647482 0.755556 0.661871 0.761905 0.661871 0.765079 0.658273 0.765079 0.654676 0.761905 0.651079 0.761905 0.643885 0.758730 0.640288 0.755556 0.640288 0.752381 0.636691
0 0.517460 0.654676 0.511111 0.647482 0.501587 0.647482 0.492063 0.658273 0.492063 0.669065 0.495238 0.672662 0.507937 0.672662 0.517460 0.661871
0 0.644444 0.647482 0.638095 0.654676 0.638095 0.669065 0.644444 0.676259 0.653968 0.676259 0.657143 0.672662 0.660317 0.672662 0.666667 0.665468 0.666667 0.661871 0.669841 0.658273 0.669841 0.654676 0.660317 0.647482
0 0.177778 0.661871 0.187302 0.683453 0.196825 0.690647 0.215873 0.690647 0.219048 0.687050 0.228571 0.687050 0.231746 0.683453 0.231746 0.672662 0.228571 0.665468 0.215873 0.654676 0.184127 0.654676
0 0.326984 0.661871 0.320635 0.669065 0.320635 0.683453 0.326984 0.690647 0.336508 0.690647 0.336508 0.687050 0.339683 0.683453 0.339683 0.672662 0.336508 0.669065 0.336508 0.665468 0.333333 0.665468 0.330159 0.661871
0 0.850794 0.661871 0.847619 0.669065 0.847619 0.676259 0.850794 0.679856 0.850794 0.701439 0.853968 0.705036 0.853968 0.719424 0.857143 0.726619 0.863492 0.726619 0.869841 0.715827 0.869841 0.701439 0.866667 0.697842 0.866667 0.679856 0.863492 0.676259 0.863492 0.665468 0.860317 0.661871
0 0.365079 0.669065 0.358730 0.676259 0.358730 0.683453 0.355556 0.687050 0.355556 0.690647 0.358730 0.694245 0.358730 0.697842 0.371429 0.697842 0.374603 0.694245 0.380952 0.694245 0.384127 0.690647 0.384127 0.676259 0.377778 0.669065
0 0.939683 0.672662 0.933333 0.669065 0.917460 0.669065 0.914286 0.672662 0.907937 0.672662 0.901587 0.679856 0.901587 0.687050 0.898413 0.690647 0.901587 0.708633 0.914286 0.719424 0.920635 0.719424 0.933333 0.712230 0.939683 0.705036 0.939683 0.697842 0.942857 0.694245 0.942857 0.679856
0 0.965079 0.669065 0.955556 0.683453 0.955556 0.697842 0.958730 0.701439 0.958730 0.708633 0.961905 0.712230 0.961905 0.715827 0.968254 0.723022 0.977778 0.723022 0.987302 0.708633 0.987302 0.683453 0.977778 0.672662 0.974603 0.672662 0.971429 0.669065
0 0.815873 0.683453 0.812698 0.687050 0.812698 0.705036 0.819048 0.712230 0.828571 0.712230 0.831746 0.708633 0.831746 0.697842 0.828571 0.694245 0.828571 0.690647 0.822222 0.683453
0 0.666667 0.697842 0.666667 0.701439 0.673016 0.708633 0.682540 0.708633 0.685714 0.705036 0.688889 0.705036 0.692063 0.701439 0.692063 0.690647 0.688889 0.690647 0.685714 0.687050 0.676190 0.687050 0.673016 0.690647 0.669841 0.690647 0.669841 0.694245
0 0.438095 0.697842 0.438095 0.705036 0.453968 0.723022 0.479365 0.723022 0.498413 0.712230 0.498413 0.701439 0.485714 0.694245 0.447619 0.694245 0.444444 0.697842
0 0.634921 0.705036 0.628571 0.712230 0.631746 0.715827 0.631746 0.719424 0.634921 0.723022 0.638095 0.723022 0.644444 0.730216 0.647619 0.730216 0.647619 0.712230 0.644444 0.708633 0.638095 0.708633
0 0.117460 0.708633 0.117460 0.723022 0.123810 0.730216 0.133333 0.730216 0.136508 0.726619 0.136508 0.719424 0.133333 0.715827 0.133333 0.712230 0.130159 0.712230 0.126984 0.708633
0 0.307937 0.719424 0.307937 0.726619 0.317460 0.737410 0.320635 0.737410 0.323810 0.733813 0.323810 0.730216 0.320635 0.726619 0.320635 0.723022 0.317460 0.723022 0.314286 0.719424
0 0.682540 0.726619 0.682540 0.730216 0.685714 0.733813 0.688889 0.733813 0.692063 0.737410 0.707937 0.737410 0.711111 0.733813 0.711111 0.726619 0.704762 0.719424 0.688889 0.719424
0 0.349206 0.723022 0.346032 0.726619 0.346032 0.733813 0.342857 0.737410 0.342857 0.748201 0.349206 0.758993 0.365079 0.758993 0.371429 0.751799 0.371429 0.741007 0.368254 0.737410 0.368254 0.730216 0.361905 0.723022
0 0.501587 0.733813 0.501587 0.741007 0.511111 0.751799 0.514286 0.751799 0.523810 0.758993 0.536508 0.758993 0.539683 0.755396 0.542857 0.755396 0.542857 0.744604 0.539683 0.741007 0.539683 0.733813 0.536508 0.733813 0.526984 0.726619 0.507937 0.726619
0 0.736508 0.737410 0.730159 0.744604 0.730159 0.758993 0.733333 0.762590 0.746032 0.762590 0.749206 0.758993 0.749206 0.744604 0.742857 0.737410
0 0.174603 0.751799 0.187302 0.762590 0.200000 0.766187 0.203175 0.773381 0.209524 0.773381 0.222222 0.784173 0.231746 0.784173 0.228571 0.776978 0.222222 0.773381 0.222222 0.762590 0.203175 0.744604 0.196825 0.744604 0.193651 0.741007 0.180952 0.741007 0.180952 0.744604
0 0.860317 0.755396 0.863492 0.766187 0.873016 0.776978 0.892063 0.776978 0.895238 0.773381 0.898413 0.773381 0.904762 0.762590 0.901587 0.751799 0.895238 0.744604 0.892063 0.744604 0.888889 0.741007 0.869841 0.741007 0.863492 0.748201 0.863492 0.751799
0 0.234921 0.748201 0.234921 0.751799 0.231746 0.755396 0.231746 0.766187 0.234921 0.769784 0.238095 0.769784 0.241270 0.773381 0.250794 0.773381 0.257143 0.766187 0.257143 0.751799 0.253968 0.748201 0.250794 0.748201 0.247619 0.744604 0.241270 0.744604 0.238095 0.748201
0 0.380952 0.773381 0.380952 0.776978 0.387302 0.787770 0.403175 0.787770 0.406349 0.784173 0.409524 0.784173 0.415873 0.776978 0.415873 0.773381 0.409524 0.766187 0.396825 0.766187 0.393651 0.762590 0.390476 0.762590 0.387302 0.766187 0.384127 0.766187 0.384127 0.769784
0 0.593651 0.776978 0.593651 0.787770 0.596825 0.787770 0.600000 0.791367 0.606349 0.791367 0.609524 0.787770 0.615873 0.787770 0.622222 0.780576 0.622222 0.769784 0.619048 0.766187 0.603175 0.766187
0 0.466667 0.769784 0.460317 0.776978 0.460317 0.787770 0.463492 0.791367 0.463492 0.798561 0.466667 0.798561 0.469841 0.802158 0.476190 0.802158 0.482540 0.794964 0.482540 0.791367 0.485714 0.787770 0.485714 0.776978 0.476190 0.769784
0 0.488889 0.780576 0.492063 0.784173 0.492063 0.787770 0.501587 0.798561 0.504762 0.798561 0.507937 0.794964 0.511111 0.794964 0.520635 0.787770 0.520635 0.780576 0.517460 0.780576 0.514286 0.776978 0.511111 0.776978 0.501587 0.769784 0.495238 0.769784
0 0.317460 0.780576 0.311111 0.780576 0.307937 0.784173 0.304762 0.784173 0.298413 0.791367 0.298413 0.798561 0.304762 0.805755 0.314286 0.794964 0.317460 0.794964 0.320635 0.791367 0.320635 0.784173
0 0.768254 0.798561 0.765079 0.794964 0.755556 0.794964 0.742857 0.809353 0.742857 0.812950 0.752381 0.812950 0.755556 0.816547 0.758730 0.816547 0.768254 0.805755
0 0.561905 0.802158 0.561905 0.805755 0.558730 0.809353 0.558730 0.820144 0.561905 0.823741 0.561905 0.827338 0.577778 0.827338 0.577778 0.823741 0.580952 0.820144 0.580952 0.812950 0.577778 0.809353 0.577778 0.805755 0.574603 0.802158
0 0.615873 0.802158 0.609524 0.809353 0.609524 0.820144 0.612698 0.823741 0.612698 0.827338 0.625397 0.827338 0.631746 0.820144 0.631746 0.812950 0.628571 0.809353 0.628571 0.805755 0.625397 0.805755 0.622222 0.802158
0 0.701587 0.809353 0.692063 0.820144 0.692063 0.827338 0.701587 0.838129 0.707937 0.838129 0.711111 0.834532 0.714286 0.834532 0.717460 0.830935 0.717460 0.816547 0.711111 0.809353
0 0.730159 0.838129 0.730159 0.845324 0.733333 0.848921 0.749206 0.848921 0.752381 0.845324 0.761905 0.841727 0.761905 0.838129 0.765079 0.834532 0.765079 0.823741 0.761905 0.820144 0.755556 0.820144 0.752381 0.816547 0.739683 0.816547 0.739683 0.820144 0.736508 0.823741 0.736508 0.830935
0 0.660317 0.820144 0.660317 0.823741 0.657143 0.827338 0.657143 0.830935 0.660317 0.834532 0.660317 0.838129 0.663492 0.838129 0.666667 0.841727 0.676190 0.841727 0.679365 0.838129 0.679365 0.823741 0.676190 0.820144
0 0.390476 0.823741 0.387302 0.823741 0.384127 0.827338 0.380952 0.827338 0.380952 0.845324 0.384127 0.848921 0.390476 0.848921 0.393651 0.845324 0.393651 0.841727 0.396825 0.838129 0.396825 0.834532 0.393651 0.830935 0.393651 0.827338
0 0.546032 0.830935 0.539683 0.838129 0.539683 0.848921 0.542857 0.848921 0.546032 0.852518 0.552381 0.852518 0.558730 0.845324 0.555556 0.841727 0.555556 0.838129 0.552381 0.834532 0.552381 0.830935
0 0.825397 0.834532 0.822222 0.834532 0.819048 0.838129 0.815873 0.838129 0.815873 0.841727 0.809524 0.852518 0.809524 0.866906 0.812698 0.870504 0.822222 0.870504 0.828571 0.863309 0.828571 0.859712 0.831746 0.856115 0.831746 0.841727
0 0.263492 0.838129 0.263492 0.848921 0.282540 0.870504 0.282540 0.874101 0.292063 0.884892 0.301587 0.884892 0.307937 0.877698 0.307937 0.863309 0.304762 0.859712 0.288889 0.852518 0.282540 0.845324 0.279365 0.845324 0.269841 0.838129
0 0.346032 0.838129 0.342857 0.841727 0.342857 0.848921 0.346032 0.852518 0.346032 0.856115 0.352381 0.863309 0.355556 0.863309 0.361905 0.870504 0.368254 0.870504 0.371429 0.866906 0.371429 0.856115 0.368254 0.852518 0.368254 0.848921 0.358730 0.838129
0 0.523810 0.841727 0.523810 0.852518 0.533333 0.852518 0.536508 0.848921 0.536508 0.845324 0.533333 0.841727
0 0.123810 0.859712 0.123810 0.866906 0.146032 0.892086 0.152381 0.892086 0.155556 0.895683 0.168254 0.895683 0.168254 0.884892 0.155556 0.870504 0.152381 0.870504 0.146032 0.863309 0.139683 0.863309 0.130159 0.856115 0.126984 0.859712
0 0.673016 0.856115 0.666667 0.863309 0.666667 0.870504 0.669841 0.874101 0.669841 0.877698 0.682540 0.877698 0.688889 0.870504 0.688889 0.859712 0.685714 0.856115
0 0.707937 0.870504 0.701587 0.877698 0.701587 0.888489 0.711111 0.895683 0.723810 0.895683 0.726984 0.892086 0.726984 0.888489 0.733333 0.877698 0.723810 0.870504
