0 0.634921 0.096774 0.631746 0.100358 0.622222 0.103943 0.622222 0.111111 0.619048 0.114695 0.622222 0.118280 0.625397 0.129032 0.631746 0.136201 0.641270 0.132616 0.647619 0.125448 0.647619 0.121864 0.650794 0.118280 0.650794 0.107527 0.644444 0.100358 0.638095 0.100358
0 0.863492 0.107527 0.866667 0.121864 0.873016 0.129032 0.892063 0.139785 0.920635 0.139785 0.926984 0.132616 0.926984 0.118280 0.920635 0.111111 0.907937 0.107527 0.898413 0.100358 0.876190 0.096774 0.873016 0.100358 0.866667 0.100358
0 0.590476 0.121864 0.587302 0.118280 0.580952 0.118280 0.574603 0.125448 0.574603 0.129032 0.577778 0.132616 0.584127 0.132616 0.590476 0.125448
0 0.663492 0.118280 0.660317 0.121864 0.660317 0.143369 0.676190 0.143369 0.676190 0.139785 0.679365 0.136201 0.679365 0.129032 0.676190 0.125448 0.676190 0.121864 0.673016 0.118280
0 0.323810 0.132616 0.320635 0.136201 0.320635 0.154122 0.326984 0.161290 0.336508 0.161290 0.339683 0.157706 0.339683 0.139785 0.333333 0.132616
0 0.593651 0.136201 0.596825 0.139785 0.596825 0.143369 0.603175 0.150538 0.612698 0.150538 0.612698 0.139785 0.606349 0.132616 0.596825 0.132616
0 0.850794 0.136201 0.841270 0.146953 0.841270 0.164875 0.844444 0.168459 0.844444 0.175627 0.850794 0.182796 0.850794 0.186380 0.869841 0.200717 0.879365 0.200717 0.885714 0.193548 0.885714 0.175627 0.882540 0.172043 0.882540 0.164875 0.860317 0.139785
0 0.377778 0.139785 0.374603 0.143369 0.377778 0.146953 0.377778 0.154122 0.380952 0.154122 0.384127 0.157706 0.387302 0.157706 0.390476 0.154122 0.387302 0.150538 0.387302 0.146953 0.384127 0.143369 0.384127 0.139785
0 0.298413 0.175627 0.295238 0.175627 0.288889 0.182796 0.288889 0.197133 0.292063 0.200717 0.295238 0.200717 0.295238 0.197133 0.298413 0.193548 0.298413 0.189964 0.301587 0.186380 0.301587 0.179211
0 0.634921 0.189964 0.622222 0.189964 0.619048 0.193548 0.615873 0.193548 0.615873 0.197133 0.612698 0.200717 0.612698 0.207885 0.619048 0.215054 0.622222 0.215054 0.625397 0.218638 0.628571 0.218638 0.631746 0.215054 0.634921 0.215054 0.641270 0.207885 0.641270 0.200717
0 0.526984 0.204301 0.523810 0.207885 0.523810 0.211470 0.520635 0.215054 0.520635 0.218638 0.523810 0.222222 0.523810 0.225806 0.530159 0.232975 0.539683 0.232975 0.542857 0.229391 0.542857 0.211470 0.536508 0.204301
0 0.555556 0.222222 0.555556 0.225806 0.558730 0.229391 0.558730 0.232975 0.561905 0.232975 0.565079 0.236559 0.577778 0.236559 0.584127 0.229391 0.584127 0.225806 0.577778 0.218638 0.574603 0.218638 0.571429 0.215054 0.558730 0.215054 0.558730 0.218638
0 0.726984 0.215054 0.714286 0.215054 0.714286 0.218638 0.711111 0.222222 0.707937 0.222222 0.707937 0.225806 0.701587 0.232975 0.701587 0.236559 0.698413 0.240143 0.698413 0.243728 0.704762 0.250896 0.720635 0.250896 0.730159 0.240143 0.730159 0.218638
0 0.657143 0.236559 0.657143 0.240143 0.663492 0.250896 0.676190 0.250896 0.679365 0.247312 0.685714 0.247312 0.688889 0.243728 0.688889 0.232975 0.685714 0.229391 0.685714 0.225806 0.666667 0.225806
0 0.282540 0.229391 0.282540 0.236559 0.285714 0.240143 0.285714 0.243728 0.298413 0.258065 0.301587 0.258065 0.304762 0.261649 0.307937 0.258065 0.307937 0.250896 0.304762 0.247312 0.304762 0.243728 0.298413 0.236559 0.298413 0.232975 0.295238 0.232975 0.292063 0.229391
0 0.342857 0.232975 0.342857 0.240143 0.346032 0.243728 0.346032 0.247312 0.349206 0.250896 0.361905 0.250896 0.365079 0.247312 0.365079 0.236559 0.361905 0.236559 0.358730 0.232975 0.355556 0.232975 0.352381 0.229391 0.349206 0.229391 0.346032 0.232975
0 0.380952 0.229391 0.377778 0.232975 0.377778 0.243728 0.384127 0.250896 0.384127 0.254480 0.393651 0.254480 0.403175 0.243728 0.403175 0.236559 0.400000 0.232975 0.396825 0.232975 0.393651 0.229391
0 0.488889 0.236559 0.485714 0.240143 0.479365 0.240143 0.479365 0.243728 0.476190 0.247312 0.476190 0.254480 0.482540 0.261649 0.492063 0.250896 0.492063 0.240143
0 0.819048 0.243728 0.819048 0.247312 0.828571 0.258065 0.831746 0.258065 0.838095 0.265233 0.841270 0.265233 0.844444 0.268817 0.857143 0.268817 0.860317 0.265233 0.860317 0.258065 0.847619 0.243728 0.844444 0.243728 0.841270 0.240143 0.822222 0.240143
0 0.628571 0.247312 0.628571 0.250896 0.634921 0.258065 0.644444 0.258065 0.644444 0.250896 0.638095 0.243728 0.631746 0.243728
0 0.533333 0.250896 0.533333 0.261649 0.539683 0.268817 0.555556 0.268817 0.561905 0.261649 0.549206 0.247312 0.536508 0.247312
0 0.212698 0.258065 0.209524 0.261649 0.209524 0.279570 0.212698 0.283154 0.212698 0.286738 0.215873 0.286738 0.219048 0.290323 0.231746 0.290323 0.234921 0.286738 0.234921 0.279570 0.231746 0.275986 0.231746 0.272401 0.222222 0.261649 0.219048 0.261649 0.215873 0.258065
0 0.365079 0.261649 0.365079 0.272401 0.371429 0.279570 0.374603 0.279570 0.377778 0.283154 0.384127 0.283154 0.390476 0.275986 0.390476 0.272401 0.393651 0.268817 0.390476 0.265233 0.390476 0.261649 0.387302 0.258065 0.374603 0.258065 0.371429 0.261649
0 0.650794 0.261649 0.650794 0.265233 0.647619 0.268817 0.647619 0.279570 0.650794 0.283154 0.650794 0.286738 0.653968 0.286738 0.657143 0.290323 0.663492 0.290323 0.666667 0.293907 0.679365 0.293907 0.685714 0.286738 0.685714 0.272401 0.679365 0.265233 0.676190 0.265233 0.673016 0.261649
0 0.707937 0.279570 0.707937 0.293907 0.714286 0.301075 0.723810 0.301075 0.726984 0.297491 0.730159 0.297491 0.730159 0.293907 0.733333 0.290323 0.733333 0.283154 0.726984 0.275986 0.711111 0.275986
0 0.917460 0.286738 0.917460 0.293907 0.926984 0.304659 0.930159 0.304659 0.946032 0.318996 0.958730 0.318996 0.971429 0.308244 0.977778 0.308244 0.980952 0.301075 0.971429 0.290323 0.958730 0.283154 0.952381 0.283154 0.949206 0.279570 0.926984 0.279570
0 0.406349 0.283154 0.400000 0.290323 0.400000 0.301075 0.406349 0.308244 0.415873 0.308244 0.425397 0.297491 0.425397 0.293907 0.422222 0.290323 0.422222 0.286738 0.419048 0.283154
0 0.288889 0.286738 0.288889 0.301075 0.292063 0.304659 0.292063 0.308244 0.301587 0.318996 0.314286 0.318996 0.314286 0.304659 0.298413 0.286738
0 0.549206 0.293907 0.549206 0.301075 0.552381 0.304659 0.555556 0.304659 0.558730 0.308244 0.561905 0.308244 0.565079 0.304659 0.568254 0.304659 0.571429 0.301075 0.571429 0.297491 0.561905 0.286738 0.555556 0.286738
0 0.593651 0.286738 0.587302 0.286738 0.587302 0.290323 0.584127 0.293907 0.584127 0.301075 0.580952 0.304659 0.580952 0.311828 0.577778 0.315412 0.580952 0.318996 0.577778 0.322581 0.577778 0.326165 0.584127 0.326165 0.600000 0.308244 0.600000 0.293907
0 0.336508 0.290323 0.336508 0.304659 0.342857 0.311828 0.355556 0.311828 0.355556 0.301075 0.349206 0.293907 0.349206 0.290323
0 0.371429 0.293907 0.371429 0.297491 0.368254 0.301075 0.371429 0.304659 0.371429 0.311828 0.377778 0.318996 0.380952 0.318996 0.384127 0.322581 0.387302 0.318996 0.387302 0.308244 0.374603 0.293907
0 0.488889 0.322581 0.485714 0.318996 0.479365 0.318996 0.476190 0.315412 0.460317 0.318996 0.453968 0.326165 0.450794 0.326165 0.444444 0.336918 0.444444 0.344086 0.447619 0.347670 0.447619 0.351254 0.450794 0.354839 0.460317 0.354839 0.466667 0.347670 0.482540 0.340502 0.488889 0.333333
0 0.234921 0.318996 0.234921 0.329749 0.247619 0.347670 0.250794 0.358423 0.253968 0.358423 0.260317 0.365591 0.263492 0.362007 0.263492 0.354839 0.257143 0.344086 0.257143 0.336918 0.241270 0.318996
0 0.600000 0.333333 0.600000 0.340502 0.606349 0.347670 0.615873 0.347670 0.619048 0.351254 0.622222 0.351254 0.625397 0.347670 0.628571 0.347670 0.628571 0.336918 0.625397 0.333333 0.625397 0.329749 0.622222 0.329749 0.612698 0.322581 0.609524 0.326165 0.606349 0.326165
0 0.736508 0.329749 0.733333 0.333333 0.733333 0.336918 0.730159 0.340502 0.733333 0.344086 0.733333 0.354839 0.736508 0.358423 0.749206 0.358423 0.749206 0.354839 0.752381 0.351254 0.752381 0.336918 0.746032 0.329749
0 0.311111 0.336918 0.307937 0.340502 0.307937 0.354839 0.311111 0.358423 0.314286 0.358423 0.317460 0.362007 0.320635 0.358423 0.323810 0.358423 0.323810 0.340502 0.320635 0.336918
0 0.717460 0.336918 0.711111 0.336918 0.707937 0.340502 0.707937 0.354839 0.714286 0.354839 0.717460 0.351254
0 0.673016 0.394265 0.679365 0.401434 0.688889 0.401434 0.692063 0.405018 0.707937 0.405018 0.717460 0.397849 0.717460 0.394265 0.720635 0.390681 0.720635 0.383513 0.711111 0.372760 0.692063 0.372760 0.685714 0.379928 0.682540 0.379928 0.676190 0.387097 0.676190 0.390681
0 0.850794 0.372760 0.844444 0.372760 0.844444 0.376344 0.831746 0.390681 0.831746 0.397849 0.834921 0.401434 0.844444 0.401434 0.847619 0.397849 0.847619 0.394265 0.850794 0.390681 0.850794 0.387097 0.853968 0.383513 0.853968 0.376344
0 0.593651 0.376344 0.584127 0.376344 0.577778 0.383513 0.577778 0.390681 0.574603 0.394265 0.574603 0.408602 0.584127 0.415771 0.593651 0.405018 0.593651 0.394265 0.596825 0.390681 0.596825 0.383513 0.593651 0.379928
0 0.933333 0.376344 0.930159 0.379928 0.930159 0.387097 0.942857 0.401434 0.958730 0.437276 0.971429 0.448029 0.977778 0.448029 0.980952 0.451613 0.984127 0.448029 0.984127 0.437276 0.968254 0.415771 0.961905 0.401434 0.942857 0.379928 0.936508 0.379928
0 0.793651 0.387097 0.793651 0.394265 0.796825 0.397849 0.796825 0.405018 0.803175 0.405018 0.806349 0.401434 0.806349 0.397849 0.803175 0.394265 0.803175 0.390681 0.800000 0.387097
0 0.453968 0.397849 0.453968 0.405018 0.457143 0.408602 0.460317 0.408602 0.463492 0.412186 0.466667 0.412186 0.466667 0.408602 0.463492 0.405018 0.463492 0.401434 0.460317 0.397849
0 0.746032 0.408602 0.739683 0.401434 0.736508 0.401434 0.733333 0.405018 0.717460 0.405018 0.714286 0.408602 0.714286 0.419355 0.711111 0.422939 0.714286 0.426523 0.714286 0.430108 0.717460 0.430108 0.720635 0.433692 0.730159 0.433692 0.739683 0.426523 0.739683 0.422939 0.746032 0.415771
0 0.612698 0.405018 0.606349 0.412186 0.603175 0.412186 0.603175 0.415771 0.593651 0.430108 0.603175 0.444444 0.609524 0.444444 0.612698 0.448029 0.622222 0.448029 0.634921 0.437276 0.634921 0.433692 0.638095 0.430108 0.638095 0.419355 0.628571 0.405018
0 0.336508 0.412186 0.333333 0.415771 0.333333 0.426523 0.342857 0.437276 0.355556 0.437276 0.358730 0.433692 0.358730 0.426523 0.349206 0.415771 0.346032 0.415771 0.342857 0.412186
0 0.669841 0.422939 0.666667 0.426523 0.666667 0.437276 0.673016 0.444444 0.685714 0.444444 0.688889 0.440860 0.688889 0.430108 0.685714 0.426523 0.682540 0.426523 0.679365 0.422939
0 0.495238 0.437276 0.492063 0.437276 0.488889 0.433692 0.485714 0.437276 0.473016 0.437276 0.469841 0.440860 0.469841 0.448029 0.479365 0.458781 0.485714 0.458781 0.488889 0.455197 0.492063 0.455197 0.495238 0.451613
0 0.403175 0.444444 0.403175 0.455197 0.412698 0.465950 0.415873 0.465950 0.419048 0.469534 0.431746 0.469534 0.434921 0.465950 0.434921 0.458781 0.422222 0.444444 0.419048 0.444444 0.415873 0.440860 0.406349 0.440860
0 0.739683 0.444444 0.736508 0.444444 0.733333 0.448029 0.730159 0.448029 0.730159 0.451613 0.726984 0.455197 0.726984 0.462366 0.723810 0.465950 0.723810 0.469534 0.726984 0.473118 0.726984 0.480287 0.736508 0.487455 0.742857 0.480287 0.742857 0.473118 0.746032 0.469534 0.746032 0.455197
0 0.504762 0.448029 0.501587 0.451613 0.501587 0.465950 0.498413 0.469534 0.501587 0.473118 0.501587 0.476703 0.504762 0.480287 0.514286 0.480287 0.517460 0.476703 0.517460 0.473118 0.520635 0.469534 0.520635 0.465950 0.517460 0.462366 0.517460 0.451613 0.514286 0.448029
0 0.568254 0.462366 0.561905 0.455197 0.555556 0.455197 0.552381 0.451613 0.546032 0.451613 0.542857 0.455197 0.536508 0.455197 0.533333 0.458781 0.533333 0.462366 0.530159 0.465950 0.530159 0.473118 0.536508 0.483871 0.542857 0.483871 0.546032 0.480287 0.549206 0.480287 0.552381 0.476703 0.561905 0.473118 0.568254 0.465950
0 0.698413 0.458781 0.685714 0.458781 0.679365 0.465950 0.682540 0.469534 0.682540 0.473118 0.685714 0.476703 0.688889 0.476703 0.692063 0.480287 0.698413 0.473118
0 0.304762 0.462366 0.304762 0.473118 0.307937 0.473118 0.311111 0.476703 0.314286 0.476703 0.317460 0.473118 0.314286 0.469534 0.314286 0.465950 0.311111 0.465950 0.307937 0.462366
0 0.647619 0.473118 0.647619 0.487455 0.657143 0.498208 0.663492 0.498208 0.666667 0.501792 0.676190 0.501792 0.676190 0.494624 0.663492 0.480287 0.663492 0.476703 0.660317 0.473118
0 0.457143 0.498208 0.457143 0.508961 0.460317 0.512545 0.460317 0.516129 0.469841 0.526882 0.473016 0.526882 0.476190 0.530466 0.482540 0.530466 0.485714 0.534050 0.488889 0.534050 0.495238 0.526882 0.492063 0.523297 0.492063 0.519713 0.476190 0.501792 0.473016 0.501792 0.469841 0.498208
0 0.406349 0.512545 0.406349 0.516129 0.409524 0.519713 0.412698 0.519713 0.415873 0.523297 0.419048 0.523297 0.422222 0.519713 0.425397 0.519713 0.428571 0.516129 0.431746 0.516129 0.431746 0.501792 0.415873 0.501792 0.412698 0.505376 0.409524 0.505376 0.409524 0.508961
0 0.507937 0.505376 0.507937 0.512545 0.517460 0.523297 0.517460 0.526882 0.520635 0.526882 0.523810 0.530466 0.526984 0.526882 0.526984 0.519713 0.523810 0.516129 0.523810 0.512545 0.520635 0.508961 0.520635 0.505376 0.517460 0.505376 0.514286 0.501792 0.511111 0.505376
0 0.984127 0.519713 0.977778 0.526882 0.977778 0.537634 0.987302 0.548387 0.993651 0.548387 0.993651 0.544803 0.996825 0.541219 0.996825 0.523297 0.993651 0.519713
0 0.644444 0.537634 0.647619 0.537634 0.650794 0.534050 0.660317 0.534050 0.663492 0.530466 0.663492 0.523297 0.647619 0.523297 0.644444 0.526882
0 0.390476 0.530466 0.390476 0.544803 0.387302 0.548387 0.403175 0.573477 0.425397 0.584229 0.438095 0.580645 0.444444 0.573477 0.444444 0.559140 0.434921 0.548387 0.415873 0.537634 0.406349 0.537634 0.396825 0.530466
0 0.968254 0.537634 0.958730 0.530466 0.955556 0.534050 0.933333 0.537634 0.920635 0.548387 0.917460 0.548387 0.917460 0.551971 0.914286 0.555556 0.920635 0.562724 0.933333 0.562724 0.936508 0.559140 0.942857 0.559140 0.946032 0.555556 0.952381 0.555556 0.955556 0.551971 0.958730 0.551971 0.968254 0.541219
0 0.663492 0.534050 0.660317 0.537634 0.650794 0.537634 0.644444 0.544803 0.644444 0.559140 0.647619 0.562724 0.660317 0.562724 0.666667 0.555556 0.669841 0.555556 0.669841 0.548387 0.666667 0.544803 0.666667 0.541219 0.663492 0.537634
0 0.453968 0.541219 0.453968 0.551971 0.460317 0.559140 0.476190 0.559140 0.479365 0.555556 0.479365 0.548387 0.476190 0.544803 0.476190 0.541219 0.473016 0.537634 0.457143 0.537634
0 0.600000 0.544803 0.596825 0.548387 0.596825 0.566308 0.606349 0.577061 0.619048 0.577061 0.619048 0.573477 0.625397 0.562724 0.622222 0.559140 0.622222 0.555556 0.615873 0.548387 0.612698 0.548387 0.609524 0.544803
0 0.701587 0.544803 0.695238 0.551971 0.695238 0.562724 0.698413 0.566308 0.698413 0.569892 0.701587 0.573477 0.711111 0.573477 0.717460 0.566308 0.717460 0.559140 0.714286 0.555556 0.714286 0.551971 0.707937 0.544803
0 0.673016 0.555556 0.669841 0.559140 0.666667 0.559140 0.663492 0.562724 0.663492 0.569892 0.666667 0.573477 0.666667 0.577061 0.669841 0.580645 0.676190 0.580645 0.679365 0.577061 0.679365 0.562724
0 0.726984 0.555556 0.720635 0.562724 0.720635 0.566308 0.723810 0.569892 0.723810 0.573477 0.726984 0.577061 0.726984 0.580645 0.730159 0.580645 0.733333 0.584229 0.736508 0.580645 0.739683 0.580645 0.739683 0.569892 0.736508 0.566308 0.736508 0.562724 0.730159 0.555556
0 0.323810 0.562724 0.307937 0.577061 0.307937 0.587814 0.314286 0.602151 0.323810 0.612903 0.342857 0.616487 0.355556 0.605735 0.355556 0.598566 0.358730 0.594982 0.355556 0.577061 0.339683 0.562724
0 0.850794 0.573477 0.847619 0.569892 0.841270 0.569892 0.838095 0.573477 0.831746 0.573477 0.825397 0.580645 0.822222 0.580645 0.815873 0.587814 0.815873 0.594982 0.819048 0.598566 0.831746 0.598566 0.844444 0.584229 0.844444 0.580645
0 0.101587 0.587814 0.101587 0.612903 0.114286 0.634409 0.139683 0.655914 0.155556 0.652330 0.165079 0.630824 0.165079 0.616487 0.158730 0.598566 0.142857 0.584229 0.133333 0.580645 0.111111 0.580645
0 0.876190 0.584229 0.873016 0.580645 0.869841 0.580645 0.866667 0.584229 0.860317 0.584229 0.844444 0.602151 0.841270 0.612903 0.834921 0.620072 0.828571 0.620072 0.838095 0.620072 0.841270 0.623656 0.847619 0.623656 0.850794 0.620072 0.860317 0.616487 0.863492 0.612903 0.863492 0.609319 0.873016 0.598566 0.873016 0.594982 0.876190 0.591398
0 0.920635 0.584229 0.917460 0.580645 0.911111 0.580645 0.882540 0.605735 0.866667 0.612903 0.860317 0.620072 0.860317 0.637993 0.863492 0.641577 0.882540 0.641577 0.911111 0.609319 0.914286 0.598566 0.920635 0.591398
0 0.958730 0.580645 0.955556 0.580645 0.946032 0.591398 0.942857 0.591398 0.939683 0.594982 0.936508 0.594982 0.926984 0.605735 0.930159 0.609319 0.939683 0.609319 0.942857 0.605735 0.946032 0.605735 0.946032 0.602151 0.958730 0.587814
0 0.628571 0.602151 0.625397 0.605735 0.625397 0.609319 0.622222 0.612903 0.622222 0.620072 0.625397 0.623656 0.625397 0.627240 0.628571 0.630824 0.638095 0.630824 0.644444 0.623656 0.644444 0.605735 0.641270 0.602151
0 0.241270 0.616487 0.241270 0.623656 0.244444 0.627240 0.244444 0.630824 0.250794 0.637993 0.253968 0.637993 0.263492 0.648746 0.276190 0.648746 0.276190 0.641577 0.253968 0.616487 0.250794 0.616487 0.247619 0.612903 0.244444 0.616487
0 0.676190 0.634409 0.676190 0.645161 0.682540 0.652330 0.685714 0.652330 0.698413 0.663082 0.707937 0.663082 0.723810 0.648746 0.723810 0.637993 0.717460 0.630824 0.695238 0.630824 0.692063 0.627240 0.685714 0.627240
0 0.184127 0.634409 0.180952 0.641577 0.180952 0.663082 0.184127 0.670251 0.196825 0.684588 0.203175 0.684588 0.206349 0.688172 0.212698 0.688172 0.219048 0.684588 0.222222 0.677419 0.222222 0.670251 0.219048 0.666667 0.215873 0.648746 0.203175 0.634409 0.196825 0.634409 0.193651 0.630824
0 0.587302 0.634409 0.587302 0.648746 0.596825 0.659498 0.600000 0.659498 0.603175 0.663082 0.615873 0.663082 0.615873 0.652330 0.609524 0.645161 0.609524 0.641577 0.603175 0.634409 0.596825 0.634409 0.593651 0.630824 0.590476 0.634409
0 0.971429 0.648746 0.968254 0.648746 0.965079 0.645161 0.955556 0.645161 0.952381 0.648746 0.946032 0.648746 0.939683 0.659498 0.939683 0.670251 0.942857 0.670251 0.949206 0.677419 0.952381 0.673835 0.955556 0.673835 0.958730 0.670251 0.968254 0.666667 0.968254 0.663082 0.971429 0.659498
0 0.479365 0.663082 0.473016 0.655914 0.463492 0.655914 0.453968 0.666667 0.453968 0.677419 0.457143 0.681004 0.466667 0.681004 0.469841 0.677419 0.473016 0.677419 0.476190 0.673835 0.476190 0.670251 0.479365 0.666667
0 0.749206 0.655914 0.742857 0.663082 0.739683 0.663082 0.739683 0.673835 0.742857 0.677419 0.742857 0.681004 0.746032 0.681004 0.749206 0.684588 0.755556 0.684588 0.761905 0.677419 0.761905 0.663082 0.758730 0.659498 0.752381 0.659498
0 0.244444 0.659498 0.241270 0.663082 0.238095 0.663082 0.238095 0.666667 0.234921 0.670251 0.234921 0.684588 0.238095 0.688172 0.238095 0.691756 0.241270 0.691756 0.244444 0.695341 0.250794 0.695341 0.257143 0.684588 0.257143 0.670251 0.253968 0.666667 0.253968 0.663082 0.250794 0.663082 0.247619 0.659498
0 0.949206 0.681004 0.942857 0.673835 0.936508 0.673835 0.911111 0.684588 0.904762 0.698925 0.885714 0.716846 0.882540 0.727599 0.907937 0.724014 0.930159 0.713262
0 0.796825 0.677419 0.790476 0.684588 0.790476 0.688172 0.793651 0.691756 0.793651 0.695341 0.796825 0.698925 0.796825 0.702509 0.800000 0.702509 0.803175 0.706093 0.812698 0.706093 0.815873 0.702509 0.815873 0.688172 0.809524 0.681004 0.806349 0.681004 0.803175 0.677419
0 0.101587 0.702509 0.101587 0.716846 0.111111 0.727599 0.126984 0.727599 0.133333 0.720430 0.133333 0.709677 0.123810 0.698925 0.104762 0.698925
0 0.279365 0.698925 0.276190 0.698925 0.273016 0.702509 0.269841 0.702509 0.266667 0.706093 0.266667 0.709677 0.263492 0.713262 0.263492 0.720430 0.266667 0.724014 0.269841 0.724014 0.273016 0.720430 0.276190 0.720430 0.276190 0.716846 0.282540 0.709677 0.282540 0.702509
0 0.441270 0.734767 0.434921 0.720430 0.415873 0.713262 0.374603 0.731183 0.365079 0.756272 0.368254 0.763441 0.377778 0.767025 0.380952 0.763441 0.412698 0.763441 0.428571 0.756272 0.438095 0.745520
0 0.765079 0.727599 0.765079 0.738351 0.771429 0.745520 0.777778 0.759857 0.787302 0.767025 0.806349 0.767025 0.822222 0.756272 0.822222 0.741935 0.806349 0.724014 0.800000 0.724014 0.796825 0.720430 0.780952 0.720430 0.777778 0.724014
0 0.685714 0.727599 0.682540 0.731183 0.682540 0.741935 0.688889 0.749104 0.701587 0.749104 0.704762 0.745520 0.704762 0.734767 0.701587 0.731183 0.692063 0.731183 0.688889 0.727599
0 0.993651 0.727599 0.990476 0.731183 0.984127 0.731183 0.977778 0.741935 0.977778 0.756272 0.980952 0.759857 0.984127 0.770609 0.993651 0.777778 0.993651 0.774194 0.996825 0.770609 0.996825 0.752688 0.993651 0.749104 0.993651 0.745520 0.996825 0.741935 0.996825 0.734767 0.993651 0.731183
0 0.911111 0.745520 0.901587 0.745520 0.901587 0.752688 0.898413 0.756272 0.898413 0.759857 0.892063 0.770609 0.892063 0.781362 0.895238 0.784946 0.898413 0.784946 0.901587 0.781362 0.904762 0.781362 0.907937 0.777778 0.907937 0.774194 0.914286 0.763441 0.914286 0.749104
0 0.720635 0.759857 0.720635 0.781362 0.723810 0.788530 0.736508 0.799283 0.765079 0.799283 0.768254 0.795699 0.774603 0.795699 0.780952 0.788530 0.780952 0.781362 0.752381 0.759857 0.733333 0.756272 0.730159 0.752688 0.723810 0.752688
0 0.561905 0.759857 0.558730 0.756272 0.549206 0.756272 0.546032 0.759857 0.536508 0.763441 0.526984 0.774194 0.526984 0.788530 0.533333 0.788530 0.536508 0.792115 0.549206 0.792115 0.552381 0.788530 0.555556 0.788530 0.565079 0.777778 0.565079 0.767025 0.561905 0.763441
0 0.584127 0.763441 0.587302 0.774194 0.596825 0.784946 0.603175 0.784946 0.606349 0.788530 0.609524 0.784946 0.612698 0.784946 0.619048 0.777778 0.615873 0.774194 0.615873 0.770609 0.609524 0.763441 0.606349 0.763441 0.603175 0.759857 0.596825 0.759857 0.593651 0.756272 0.587302 0.756272 0.587302 0.759857
0 0.942857 0.763441 0.933333 0.770609 0.933333 0.774194 0.936508 0.777778 0.936508 0.784946 0.939683 0.788530 0.939683 0.806452 0.946032 0.813620 0.955556 0.813620 0.958730 0.810036 0.958730 0.788530 0.955556 0.784946 0.955556 0.774194 0.949206 0.763441
0 0.863492 0.795699 0.863492 0.813620 0.866667 0.817204 0.866667 0.820789 0.869841 0.820789 0.873016 0.824373 0.885714 0.824373 0.895238 0.817204 0.895238 0.810036 0.898413 0.806452 0.898413 0.802867 0.888889 0.792115 0.885714 0.792115 0.882540 0.788530 0.873016 0.788530
0 0.358730 0.799283 0.352381 0.799283 0.349206 0.802867 0.349206 0.810036 0.352381 0.813620 0.355556 0.813620 0.358730 0.810036
0 0.238095 0.802867 0.231746 0.810036 0.231746 0.835125 0.241270 0.849462 0.244444 0.849462 0.247619 0.853047 0.257143 0.853047 0.266667 0.838710 0.266667 0.824373 0.263492 0.820789 0.263492 0.813620 0.253968 0.802867
0 0.161905 0.827957 0.155556 0.835125 0.155556 0.853047 0.165079 0.863799 0.171429 0.863799 0.174603 0.867384 0.187302 0.867384 0.187302 0.863799 0.190476 0.860215 0.190476 0.853047 0.187302 0.849462 0.184127 0.838710 0.180952 0.838710 0.174603 0.831541 0.171429 0.831541 0.168254 0.827957
0 0.285714 0.842294 0.282540 0.845878 0.282540 0.849462 0.279365 0.853047 0.279365 0.856631 0.285714 0.863799 0.295238 0.863799 0.298413 0.860215 0.298413 0.856631 0.301587 0.853047 0.301587 0.845878 0.298413 0.842294
0 0.726984 0.849462 0.739683 0.863799 0.746032 0.863799 0.749206 0.867384 0.768254 0.867384 0.771429 0.863799 0.771429 0.860215 0.768254 0.856631 0.761905 0.856631 0.758730 0.853047 0.749206 0.853047 0.746032 0.849462
0 0.361905 0.867384 0.365079 0.881720 0.377778 0.896057 0.384127 0.899642 0.406349 0.899642 0.419048 0.892473 0.419048 0.878136 0.415873 0.870968 0.396825 0.856631 0.371429 0.856631
0 0.793651 0.867384 0.796825 0.878136 0.812698 0.896057 0.815873 0.896057 0.825397 0.903226 0.828571 0.903226 0.838095 0.896057 0.838095 0.881720 0.828571 0.870968 0.815873 0.870968 0.812698 0.867384 0.800000 0.867384 0.796825 0.863799
0 0.882540 0.867384 0.866667 0.881720 0.866667 0.892473 0.876190 0.903226 0.888889 0.910394 0.892063 0.917563 0.901587 0.921147 0.911111 0.913978 0.917460 0.899642 0.917460 0.885305 0.914286 0.878136 0.911111 0.878136 0.898413 0.867384
0 0.955556 0.874552 0.952381 0.878136 0.949206 0.878136 0.949206 0.885305 0.946032 0.888889 0.946032 0.896057 0.952381 0.906810 0.952381 0.913978 0.961905 0.917563 0.968254 0.910394 0.968254 0.885305 0.965079 0.881720 0.965079 0.878136
0 0.996825 0.888889 0.990476 0.888889 0.984127 0.896057 0.984127 0.921147 0.987302 0.924731 0.990476 0.924731 0.993651 0.928315 0.993651 0.924731 0.996825 0.921147
0 0.723810 0.906810 0.714286 0.906810 0.711111 0.910394 0.707937 0.921147 0.698413 0.935484 0.698413 0.949821 0.704762 0.956989 0.720635 0.956989 0.730159 0.946237 0.730159 0.942652 0.733333 0.939068 0.733333 0.917563
0 0.923810 0.921147 0.923810 0.931900 0.926984 0.935484 0.946032 0.935484 0.952381 0.928315 0.952381 0.921147 0.949206 0.921147 0.946032 0.917563 0.939683 0.917563 0.936508 0.913978 0.930159 0.913978
0 0.615873 0.931900 0.615873 0.939068 0.631746 0.956989 0.650794 0.967742 0.660317 0.967742 0.666667 0.960573 0.663492 0.953405 0.663492 0.946237 0.641270 0.921147 0.625397 0.921147
0 0.165079 0.928315 0.158730 0.935484 0.158730 0.946237 0.161905 0.949821 0.161905 0.953405 0.171429 0.960573 0.180952 0.960573 0.187302 0.953405 0.187302 0.939068 0.177778 0.928315
0 0.746032 0.949821 0.742857 0.953405 0.742857 0.956989 0.746032 0.960573 0.746032 0.967742 0.749206 0.971326 0.761905 0.971326 0.765079 0.967742 0.765079 0.956989 0.758730 0.949821
0 0.114286 0.967742 0.101587 0.982079 0.101587 0.992832 0.104762 0.992832 0.107937 0.996416 0.123810 0.996416 0.130159 0.989247 0.130159 0.974910 0.126984 0.971326 0.126984 0.967742
0 0.898413 0.974910 0.898413 0.982079 0.904762 0.989247 0.907937 0.989247 0.911111 0.992832 0.926984 0.992832 0.930159 0.989247 0.930159 0.982079 0.926984 0.978495 0.926984 0.974910 0.923810 0.974910 0.914286 0.967742 0.904762 0.967742
0 0.142857 0.992832 0.146032 0.996416 0.161905 0.996416 0.161905 0.992832 0.158730 0.989247 0.146032 0.989247
