0 0.098413 0.003597 0.098413 0.010791 0.120635 0.035971 0.123810 0.035971 0.126984 0.039568 0.142857 0.039568 0.142857 0.010791 0.139683 0.007194 0.139683 0.003597 0.130159 0.003597 0.126984 0.000000 0.104762 0.000000 0.101587 0.003597
0 0.612698 0.010791 0.622222 0.017986 0.663492 0.017986 0.666667 0.014388 0.688889 0.010791 0.695238 0.007194 0.695238 0.003597 0.638095 0.000000 0.634921 0.003597 0.615873 0.003597
0 0.885714 0.003597 0.885714 0.010791 0.892063 0.017986 0.895238 0.017986 0.898413 0.021583 0.901587 0.021583 0.904762 0.017986 0.907937 0.017986 0.914286 0.010791 0.914286 0.003597 0.911111 0.000000 0.892063 0.000000 0.888889 0.003597
0 0.241270 0.025180 0.241270 0.032374 0.250794 0.043165 0.253968 0.043165 0.263492 0.050360 0.273016 0.050360 0.276190 0.046763 0.285714 0.043165 0.285714 0.032374 0.260317 0.010791 0.250794 0.014388
0 0.730159 0.046763 0.730159 0.061151 0.746032 0.071942 0.761905 0.071942 0.765079 0.068345 0.774603 0.068345 0.777778 0.064748 0.777778 0.057554 0.774603 0.057554 0.765079 0.046763 0.761905 0.046763 0.758730 0.043165 0.739683 0.043165 0.736508 0.046763
0 0.450794 0.075540 0.450794 0.089928 0.460317 0.100719 0.469841 0.104317 0.504762 0.100719 0.530159 0.086331 0.523810 0.064748 0.514286 0.057554 0.476190 0.057554 0.460317 0.064748
0 0.977778 0.068345 0.965079 0.068345 0.961905 0.093525 0.949206 0.104317 0.942857 0.115108 0.942857 0.133094 0.952381 0.143885 0.980952 0.140288 0.993651 0.133094 0.993651 0.086331 0.990476 0.079137
0 0.606349 0.089928 0.609524 0.093525 0.615873 0.093525 0.619048 0.097122 0.647619 0.097122 0.653968 0.089928 0.653968 0.082734 0.647619 0.075540 0.625397 0.075540 0.622222 0.079137 0.612698 0.082734
0 0.752381 0.086331 0.752381 0.100719 0.755556 0.100719 0.758730 0.104317 0.765079 0.104317 0.768254 0.107914 0.780952 0.107914 0.784127 0.104317 0.790476 0.104317 0.790476 0.100719 0.793651 0.097122 0.793651 0.089928 0.787302 0.082734 0.777778 0.082734 0.774603 0.079137 0.765079 0.079137 0.761905 0.082734 0.755556 0.082734
0 0.673016 0.093525 0.666667 0.100719 0.669841 0.111511 0.676190 0.118705 0.676190 0.122302 0.685714 0.136691 0.698413 0.136691 0.711111 0.122302 0.711111 0.115108 0.714286 0.111511 0.714286 0.100719 0.707937 0.093525 0.701587 0.093525 0.698413 0.089928 0.682540 0.089928 0.679365 0.093525
0 0.231746 0.122302 0.238095 0.140288 0.276190 0.172662 0.292063 0.179856 0.317460 0.176259 0.320635 0.161871 0.304762 0.143885 0.253968 0.115108 0.238095 0.115108
0 0.600000 0.115108 0.590476 0.115108 0.584127 0.122302 0.584127 0.147482 0.587302 0.147482 0.590476 0.151079 0.593651 0.147482 0.600000 0.147482 0.606349 0.136691 0.606349 0.125899
0 0.634921 0.122302 0.634921 0.129496 0.638095 0.133094 0.638095 0.136691 0.647619 0.143885 0.660317 0.143885 0.666667 0.136691 0.666667 0.129496 0.660317 0.122302 0.660317 0.118705 0.653968 0.118705 0.650794 0.115108 0.644444 0.115108
0 0.546032 0.154676 0.542857 0.161871 0.542857 0.172662 0.552381 0.183453 0.580952 0.197842 0.593651 0.194245 0.596825 0.187050 0.596825 0.176259 0.590476 0.165468 0.561905 0.147482 0.555556 0.147482
0 0.219048 0.161871 0.219048 0.176259 0.228571 0.187050 0.231746 0.187050 0.234921 0.190647 0.244444 0.190647 0.247619 0.194245 0.250794 0.190647 0.253968 0.190647 0.260317 0.183453 0.257143 0.172662 0.253968 0.172662 0.250794 0.169065 0.244444 0.169065 0.238095 0.161871 0.231746 0.161871 0.228571 0.158273 0.222222 0.158273
0 0.460317 0.190647 0.460317 0.197842 0.466667 0.205036 0.485714 0.219424 0.498413 0.223022 0.501587 0.226619 0.511111 0.226619 0.526984 0.205036 0.526984 0.197842 0.517460 0.187050 0.498413 0.183453 0.495238 0.179856 0.479365 0.179856
0 0.809524 0.183453 0.793651 0.183453 0.787302 0.190647 0.784127 0.201439 0.777778 0.208633 0.771429 0.223022 0.771429 0.233813 0.777778 0.241007 0.787302 0.241007 0.793651 0.237410 0.800000 0.226619 0.815873 0.219424 0.819048 0.205036 0.815873 0.201439 0.815873 0.190647
0 0.266667 0.205036 0.263492 0.215827 0.276190 0.233813 0.285714 0.237410 0.295238 0.248201 0.295238 0.284173 0.301587 0.287770 0.307937 0.280576 0.307937 0.266187 0.311111 0.262590 0.304762 0.244604 0.304762 0.223022 0.301587 0.215827 0.292063 0.208633
0 0.993651 0.208633 0.987302 0.215827 0.987302 0.226619 0.990476 0.230216 0.990476 0.233813 0.996825 0.233813 0.996825 0.212230
0 0.657143 0.219424 0.657143 0.233813 0.666667 0.241007 0.673016 0.241007 0.676190 0.244604 0.679365 0.244604 0.682540 0.241007 0.685714 0.241007 0.692063 0.233813 0.692063 0.215827 0.688889 0.215827 0.685714 0.212230 0.666667 0.212230
0 0.095238 0.215827 0.095238 0.230216 0.098413 0.233813 0.098413 0.241007 0.123810 0.241007 0.126984 0.237410 0.126984 0.226619 0.117460 0.215827
0 0.815873 0.223022 0.815873 0.244604 0.822222 0.251799 0.834921 0.251799 0.838095 0.248201 0.838095 0.244604 0.844444 0.233813 0.844444 0.230216 0.841270 0.226619 0.841270 0.223022 0.838095 0.223022 0.834921 0.219424 0.825397 0.219424 0.822222 0.223022
0 0.873016 0.226619 0.873016 0.233813 0.876190 0.241007 0.895238 0.266187 0.901587 0.269784 0.920635 0.269784 0.923810 0.266187 0.926984 0.255396 0.907937 0.233813 0.895238 0.226619 0.888889 0.226619 0.885714 0.223022 0.876190 0.223022
0 0.158730 0.226619 0.152381 0.237410 0.152381 0.258993 0.155556 0.262590 0.155556 0.266187 0.158730 0.266187 0.161905 0.269784 0.174603 0.269784 0.180952 0.262590 0.180952 0.255396 0.184127 0.251799 0.184127 0.244604 0.180952 0.241007 0.177778 0.230216 0.174603 0.230216 0.171429 0.226619
0 0.720635 0.237410 0.714286 0.244604 0.714286 0.255396 0.717460 0.258993 0.717460 0.262590 0.720635 0.262590 0.730159 0.269784 0.733333 0.269784 0.736508 0.266187 0.739683 0.266187 0.742857 0.262590 0.742857 0.248201 0.736508 0.241007 0.730159 0.241007 0.726984 0.237410
0 0.533333 0.241007 0.523810 0.248201 0.517460 0.276978 0.520635 0.280576 0.523810 0.294964 0.536508 0.309353 0.542857 0.312950 0.552381 0.312950 0.555556 0.309353 0.555556 0.266187 0.552381 0.262590 0.549206 0.248201 0.542857 0.241007
0 0.590476 0.248201 0.580952 0.248201 0.574603 0.258993 0.574603 0.291367 0.580952 0.298561 0.596825 0.291367 0.596825 0.287770 0.600000 0.284173 0.600000 0.262590 0.596825 0.258993 0.596825 0.255396
0 0.231746 0.262590 0.228571 0.269784 0.228571 0.298561 0.231746 0.302158 0.231746 0.316547 0.241270 0.338129 0.241270 0.356115 0.269841 0.356115 0.269841 0.312950 0.253968 0.273381 0.244444 0.262590
0 0.438095 0.266187 0.434921 0.280576 0.444444 0.305755 0.453968 0.320144 0.469841 0.330935 0.492063 0.330935 0.501587 0.316547 0.498413 0.302158 0.469841 0.269784 0.453968 0.262590
0 0.685714 0.266187 0.682540 0.262590 0.669841 0.262590 0.666667 0.266187 0.663492 0.266187 0.650794 0.280576 0.650794 0.294964 0.653968 0.298561 0.666667 0.298561 0.669841 0.294964 0.673016 0.294964 0.685714 0.280576
0 0.104762 0.280576 0.104762 0.284173 0.107937 0.287770 0.107937 0.291367 0.114286 0.298561 0.117460 0.298561 0.120635 0.302158 0.126984 0.302158 0.136508 0.294964 0.136508 0.287770 0.130159 0.287770 0.123810 0.280576 0.117460 0.280576 0.114286 0.276978 0.111111 0.276978 0.107937 0.280576
0 0.933333 0.276978 0.926984 0.284173 0.926984 0.287770 0.923810 0.291367 0.923810 0.309353 0.930159 0.316547 0.930159 0.320144 0.933333 0.323741 0.946032 0.323741 0.949206 0.320144 0.949206 0.298561 0.946032 0.294964 0.946032 0.287770 0.942857 0.284173 0.942857 0.280576 0.936508 0.280576
0 0.847619 0.309353 0.838095 0.298561 0.828571 0.294964 0.809524 0.298561 0.796825 0.305755 0.777778 0.330935 0.777778 0.345324 0.774603 0.348921 0.777778 0.366906 0.780952 0.370504 0.800000 0.370504 0.822222 0.359712 0.844444 0.334532 0.850794 0.320144
0 0.126984 0.316547 0.123810 0.323741 0.123810 0.338129 0.130159 0.352518 0.146032 0.374101 0.146032 0.377698 0.158730 0.377698 0.168254 0.363309 0.168254 0.352518 0.161905 0.338129 0.146032 0.316547 0.139683 0.312950
0 0.377778 0.320144 0.380952 0.334532 0.393651 0.348921 0.409524 0.359712 0.434921 0.363309 0.447619 0.356115 0.444444 0.338129 0.425397 0.323741 0.419048 0.323741 0.400000 0.312950 0.384127 0.312950
0 0.726984 0.323741 0.723810 0.320144 0.714286 0.320144 0.711111 0.323741 0.707937 0.323741 0.701587 0.330935 0.698413 0.330935 0.698413 0.334532 0.695238 0.338129 0.695238 0.345324 0.698413 0.348921 0.698413 0.352518 0.711111 0.352518 0.714286 0.348921 0.717460 0.348921 0.726984 0.338129
0 0.603175 0.345324 0.600000 0.334532 0.593651 0.327338 0.571429 0.327338 0.533333 0.341727 0.526984 0.348921 0.526984 0.363309 0.536508 0.370504 0.555556 0.370504 0.571429 0.359712 0.580952 0.359712 0.587302 0.366906 0.593651 0.366906 0.600000 0.359712
0 0.326984 0.334532 0.317460 0.334532 0.307937 0.345324 0.307937 0.374101 0.311111 0.377698 0.311111 0.384892 0.317460 0.392086 0.323810 0.388489 0.336508 0.370504 0.349206 0.366906 0.349206 0.352518 0.346032 0.345324
0 0.688889 0.345324 0.676190 0.334532 0.657143 0.341727 0.631746 0.366906 0.628571 0.381295 0.634921 0.388489 0.650794 0.388489 0.657143 0.381295 0.679365 0.366906 0.685714 0.359712
0 0.517460 0.374101 0.504762 0.359712 0.498413 0.356115 0.485714 0.356115 0.463492 0.377698 0.460317 0.384892 0.460317 0.395683 0.466667 0.402878 0.492063 0.399281 0.495238 0.395683 0.501587 0.395683 0.504762 0.392086 0.517460 0.388489
0 0.126984 0.370504 0.123810 0.370504 0.120635 0.366906 0.107937 0.366906 0.098413 0.377698 0.098413 0.384892 0.101587 0.388489 0.101587 0.392086 0.111111 0.392086 0.114286 0.388489 0.117460 0.388489 0.120635 0.384892 0.123810 0.384892 0.126984 0.381295
0 0.904762 0.384892 0.876190 0.381295 0.857143 0.410072 0.850794 0.438849 0.850794 0.467626 0.863492 0.496403 0.885714 0.496403 0.898413 0.489209 0.920635 0.456835 0.923810 0.410072 0.917460 0.395683
0 0.390476 0.392086 0.374603 0.406475 0.374603 0.424460 0.380952 0.435252 0.380952 0.442446 0.393651 0.453237 0.396825 0.453237 0.409524 0.438849 0.412698 0.431655 0.412698 0.413669 0.403175 0.399281 0.403175 0.395683 0.396825 0.392086
0 0.136508 0.413669 0.136508 0.424460 0.142857 0.431655 0.146032 0.431655 0.152381 0.438849 0.158730 0.438849 0.161905 0.442446 0.174603 0.442446 0.174603 0.424460 0.165079 0.413669 0.158730 0.413669 0.155556 0.410072 0.149206 0.410072 0.146032 0.406475 0.142857 0.406475
0 0.247619 0.413669 0.253968 0.442446 0.263492 0.464029 0.269841 0.471223 0.279365 0.471223 0.279365 0.467626 0.285714 0.460432 0.285714 0.438849 0.276190 0.417266 0.276190 0.410072 0.269841 0.406475 0.266667 0.410072 0.253968 0.410072
0 0.676190 0.406475 0.673016 0.406475 0.669841 0.410072 0.666667 0.410072 0.666667 0.413669 0.663492 0.417266 0.663492 0.428058 0.666667 0.431655 0.666667 0.435252 0.669841 0.435252 0.673016 0.438849 0.676190 0.435252 0.679365 0.435252 0.679365 0.431655 0.685714 0.424460 0.685714 0.417266 0.682540 0.413669 0.682540 0.410072 0.679365 0.410072
0 0.219048 0.428058 0.212698 0.435252 0.212698 0.446043 0.215873 0.449640 0.215873 0.453237 0.225397 0.460432 0.234921 0.460432 0.238095 0.456835 0.238095 0.442446 0.234921 0.438849 0.234921 0.435252 0.228571 0.428058
0 0.593651 0.431655 0.593651 0.435252 0.590476 0.438849 0.590476 0.446043 0.596825 0.453237 0.615873 0.453237 0.622222 0.442446 0.622222 0.431655 0.619048 0.428058 0.600000 0.428058 0.596825 0.431655
0 0.450794 0.438849 0.450794 0.456835 0.460317 0.467626 0.473016 0.467626 0.476190 0.464029 0.479365 0.464029 0.485714 0.456835 0.485714 0.442446 0.473016 0.442446 0.463492 0.435252 0.457143 0.435252 0.453968 0.438849
0 0.307937 0.442446 0.307937 0.449640 0.304762 0.453237 0.307937 0.456835 0.307937 0.474820 0.311111 0.478417 0.311111 0.485612 0.314286 0.489209 0.314286 0.492806 0.320635 0.500000 0.323810 0.500000 0.326984 0.496403 0.330159 0.496403 0.330159 0.492806 0.333333 0.489209 0.333333 0.460432 0.330159 0.456835 0.330159 0.453237 0.320635 0.442446
0 0.358730 0.449640 0.352381 0.460432 0.352381 0.471223 0.358730 0.485612 0.396825 0.521583 0.412698 0.528777 0.425397 0.521583 0.425397 0.507194 0.415873 0.485612 0.400000 0.467626 0.396825 0.456835 0.377778 0.442446
0 0.511111 0.453237 0.511111 0.467626 0.517460 0.474820 0.523810 0.474820 0.533333 0.482014 0.549206 0.482014 0.552381 0.478417 0.552381 0.467626 0.546032 0.460432 0.546032 0.456835 0.542857 0.456835 0.536508 0.449640 0.533333 0.449640 0.530159 0.446043 0.517460 0.446043
0 0.098413 0.464029 0.098413 0.478417 0.107937 0.485612 0.114286 0.482014 0.133333 0.482014 0.136508 0.485612 0.149206 0.489209 0.152381 0.485612 0.158730 0.485612 0.161905 0.478417 0.158730 0.464029 0.152381 0.456835 0.139683 0.453237 0.136508 0.449640 0.130159 0.449640 0.126984 0.453237 0.111111 0.453237
0 0.641270 0.456835 0.638095 0.460432 0.634921 0.460432 0.625397 0.471223 0.625397 0.474820 0.622222 0.478417 0.622222 0.485612 0.631746 0.503597 0.634921 0.503597 0.638095 0.507194 0.647619 0.507194 0.653968 0.500000 0.660317 0.478417 0.657143 0.474820 0.657143 0.467626
0 0.247619 0.489209 0.244444 0.492806 0.244444 0.496403 0.250794 0.503597 0.250794 0.507194 0.253968 0.507194 0.260317 0.514388 0.260317 0.517986 0.269841 0.525180 0.273016 0.521583 0.273016 0.517986 0.269841 0.514388 0.269841 0.510791 0.263492 0.503597 0.263492 0.500000 0.253968 0.489209
0 0.317460 0.510791 0.317460 0.517986 0.323810 0.532374 0.346032 0.546763 0.358730 0.546763 0.371429 0.535971 0.371429 0.525180 0.358730 0.510791 0.352381 0.510791 0.342857 0.503597 0.326984 0.503597
0 0.584127 0.510791 0.600000 0.535971 0.631746 0.557554 0.685714 0.579137 0.707937 0.575540 0.707937 0.568345 0.692063 0.553957 0.603175 0.507194
0 0.114286 0.528777 0.114286 0.532374 0.111111 0.535971 0.111111 0.543165 0.114286 0.546763 0.114286 0.550360 0.120635 0.557554 0.123810 0.557554 0.126984 0.561151 0.139683 0.561151 0.149206 0.553957 0.149206 0.539568 0.142857 0.528777 0.139683 0.528777 0.136508 0.525180 0.120635 0.525180 0.117460 0.528777
0 0.209524 0.550360 0.203175 0.543165 0.193651 0.543165 0.190476 0.546763 0.187302 0.546763 0.180952 0.553957 0.180952 0.557554 0.177778 0.561151 0.177778 0.568345 0.180952 0.568345 0.184127 0.571942 0.187302 0.568345 0.193651 0.568345 0.196825 0.564748 0.203175 0.564748 0.209524 0.557554
0 0.949206 0.550360 0.939683 0.543165 0.923810 0.546763 0.911111 0.557554 0.901587 0.579137 0.901587 0.586331 0.904762 0.589928 0.923810 0.589928 0.926984 0.593525 0.939683 0.593525 0.949206 0.582734 0.949206 0.575540 0.952381 0.571942 0.952381 0.557554
0 0.993651 0.561151 0.990476 0.557554 0.980952 0.557554 0.974603 0.564748 0.974603 0.568345 0.971429 0.571942 0.971429 0.575540 0.974603 0.579137 0.987302 0.579137 0.993651 0.571942
0 0.469841 0.568345 0.469841 0.586331 0.473016 0.589928 0.476190 0.589928 0.476190 0.586331 0.479365 0.582734 0.479365 0.571942 0.476190 0.568345
0 0.498413 0.575540 0.498413 0.579137 0.495238 0.582734 0.495238 0.604317 0.501587 0.611511 0.507937 0.611511 0.511111 0.607914 0.514286 0.607914 0.514286 0.582734 0.507937 0.575540
0 0.619048 0.582734 0.619048 0.593525 0.625397 0.600719 0.634921 0.604317 0.641270 0.611511 0.644444 0.611511 0.647619 0.615108 0.660317 0.615108 0.660317 0.604317 0.647619 0.589928 0.644444 0.589928 0.628571 0.579137 0.622222 0.579137
0 0.203175 0.589928 0.190476 0.589928 0.180952 0.600719 0.180952 0.604317 0.177778 0.607914 0.177778 0.629496 0.190476 0.640288 0.196825 0.640288 0.200000 0.636691 0.209524 0.633094 0.209524 0.629496 0.219048 0.618705 0.215873 0.600719
0 0.885714 0.600719 0.885714 0.615108 0.895238 0.625899 0.901587 0.625899 0.904762 0.629496 0.914286 0.629496 0.917460 0.625899 0.923810 0.625899 0.933333 0.615108 0.936508 0.607914 0.936508 0.597122 0.926984 0.597122 0.923810 0.593525 0.904762 0.593525 0.901587 0.589928 0.898413 0.589928
0 0.784127 0.593525 0.780952 0.597122 0.780952 0.600719 0.784127 0.604317 0.784127 0.607914 0.787302 0.611511 0.790476 0.622302 0.793651 0.625899 0.806349 0.625899 0.812698 0.618705 0.812698 0.604317 0.806349 0.597122 0.800000 0.597122 0.796825 0.593525
0 0.587302 0.600719 0.577778 0.600719 0.574603 0.604317 0.574603 0.607914 0.571429 0.611511 0.571429 0.625899 0.577778 0.633094 0.580952 0.633094 0.584127 0.629496 0.587302 0.629496 0.593651 0.622302 0.593651 0.611511 0.590476 0.607914 0.590476 0.604317
0 0.993651 0.600719 0.987302 0.600719 0.984127 0.604317 0.984127 0.607914 0.980952 0.611511 0.980952 0.629496 0.984127 0.629496 0.987302 0.633094 0.990476 0.633094 0.993651 0.629496
0 0.314286 0.618705 0.311111 0.622302 0.311111 0.625899 0.307937 0.629496 0.307937 0.643885 0.311111 0.647482 0.314286 0.647482 0.317460 0.651079 0.323810 0.651079 0.326984 0.647482 0.326984 0.643885 0.330159 0.640288 0.330159 0.625899 0.323810 0.618705
0 0.346032 0.622302 0.346032 0.633094 0.349206 0.636691 0.355556 0.636691 0.358730 0.633094 0.368254 0.633094 0.371429 0.629496 0.371429 0.618705 0.349206 0.618705
0 0.695238 0.625899 0.688889 0.633094 0.688889 0.651079 0.698413 0.669065 0.736508 0.705036 0.755556 0.708633 0.768254 0.694245 0.758730 0.676259 0.723810 0.636691 0.714286 0.629496
0 0.263492 0.629496 0.257143 0.636691 0.257143 0.643885 0.253968 0.647482 0.253968 0.654676 0.257143 0.658273 0.257143 0.665468 0.266667 0.676259 0.276190 0.679856 0.285714 0.672662 0.285714 0.651079 0.273016 0.633094
0 0.634921 0.629496 0.631746 0.633094 0.631746 0.647482 0.634921 0.651079 0.634921 0.654676 0.644444 0.665468 0.647619 0.665468 0.650794 0.669065 0.666667 0.669065 0.666667 0.665468 0.669841 0.661871 0.666667 0.658273 0.666667 0.647482 0.657143 0.636691 0.653968 0.636691 0.644444 0.629496
0 0.346032 0.636691 0.339683 0.643885 0.339683 0.647482 0.336508 0.651079 0.339683 0.654676 0.339683 0.658273 0.342857 0.661871 0.342857 0.665468 0.346032 0.665468 0.352381 0.672662 0.361905 0.672662 0.365079 0.669065 0.365079 0.654676 0.355556 0.643885 0.355556 0.640288 0.349206 0.640288
0 0.142857 0.658273 0.146032 0.672662 0.171429 0.690647 0.184127 0.690647 0.187302 0.694245 0.203175 0.694245 0.206349 0.690647 0.222222 0.694245 0.225397 0.690647 0.222222 0.679856 0.212698 0.669065 0.165079 0.640288 0.149206 0.647482
0 0.549206 0.643885 0.549206 0.647482 0.546032 0.651079 0.546032 0.669065 0.549206 0.672662 0.549206 0.676259 0.558730 0.676259 0.561905 0.672662 0.561905 0.651079 0.555556 0.643885
0 0.892063 0.654676 0.888889 0.661871 0.892063 0.679856 0.907937 0.705036 0.926984 0.715827 0.949206 0.715827 0.955556 0.708633 0.955556 0.690647 0.942857 0.669065 0.920635 0.654676 0.911111 0.654676 0.907937 0.651079
0 0.590476 0.676259 0.590476 0.690647 0.609524 0.715827 0.615873 0.715827 0.628571 0.723022 0.641270 0.719424 0.641270 0.708633 0.628571 0.687050 0.600000 0.669065 0.596825 0.669065
0 0.273016 0.705036 0.269841 0.708633 0.269841 0.723022 0.282540 0.737410 0.285714 0.737410 0.295238 0.744604 0.304762 0.744604 0.304762 0.726619 0.301587 0.723022 0.301587 0.719424 0.292063 0.708633 0.285714 0.708633 0.282540 0.705036
0 0.812698 0.705036 0.812698 0.708633 0.809524 0.712230 0.812698 0.715827 0.812698 0.723022 0.828571 0.741007 0.838095 0.741007 0.838095 0.730216 0.828571 0.719424 0.828571 0.715827 0.819048 0.705036
0 0.507937 0.708633 0.495238 0.708633 0.485714 0.715827 0.476190 0.733813 0.473016 0.766187 0.476190 0.769784 0.476190 0.776978 0.485714 0.784173 0.498413 0.780576 0.514286 0.769784 0.526984 0.751799 0.526984 0.737410 0.517460 0.715827
0 0.184127 0.715827 0.184127 0.726619 0.193651 0.733813 0.219048 0.733813 0.212698 0.726619 0.209524 0.726619 0.206349 0.723022 0.203175 0.723022 0.193651 0.715827
0 0.758730 0.723022 0.749206 0.737410 0.755556 0.758993 0.758730 0.758993 0.761905 0.762590 0.768254 0.762590 0.771429 0.766187 0.774603 0.762590 0.784127 0.762590 0.790476 0.755396 0.790476 0.733813 0.777778 0.719424 0.765079 0.719424 0.761905 0.723022
0 0.387302 0.741007 0.374603 0.741007 0.365079 0.748201 0.349206 0.769784 0.352381 0.802158 0.365079 0.812950 0.380952 0.812950 0.406349 0.780576 0.406349 0.766187 0.400000 0.751799
0 0.603175 0.748201 0.600000 0.751799 0.600000 0.769784 0.609524 0.794964 0.634921 0.827338 0.647619 0.830935 0.653968 0.823741 0.653968 0.805755 0.644444 0.784173 0.619048 0.751799
0 0.892063 0.762590 0.892063 0.776978 0.914286 0.802158 0.936508 0.805755 0.952381 0.816547 0.971429 0.816547 0.974603 0.812950 0.968254 0.794964 0.955556 0.780576 0.926984 0.758993 0.907937 0.751799
0 0.158730 0.766187 0.142857 0.762590 0.095238 0.816547 0.085714 0.838129 0.085714 0.848921 0.095238 0.866906 0.120635 0.856115 0.136508 0.827338 0.168254 0.798561 0.168254 0.780576
0 0.542857 0.766187 0.536508 0.773381 0.536508 0.787770 0.539683 0.791367 0.542857 0.791367 0.546032 0.794964 0.549206 0.794964 0.552381 0.791367 0.552381 0.787770 0.555556 0.784173 0.555556 0.773381 0.552381 0.769784 0.552381 0.766187
0 0.241270 0.773381 0.234921 0.780576 0.234921 0.791367 0.238095 0.794964 0.238095 0.798561 0.241270 0.802158 0.241270 0.805755 0.247619 0.812950 0.253968 0.812950 0.257143 0.809353 0.257143 0.802158 0.253968 0.798561 0.253968 0.794964 0.247619 0.787770 0.247619 0.780576
0 0.285714 0.798561 0.282540 0.802158 0.282540 0.805755 0.298413 0.823741 0.304762 0.823741 0.311111 0.816547 0.311111 0.802158 0.304762 0.794964 0.292063 0.794964 0.288889 0.798561
0 0.180952 0.805755 0.168254 0.802158 0.139683 0.827338 0.114286 0.881295 0.120635 0.895683 0.136508 0.895683 0.161905 0.877698 0.171429 0.852518 0.190476 0.827338
0 0.482540 0.827338 0.476190 0.834532 0.476190 0.838129 0.473016 0.841727 0.473016 0.848921 0.482540 0.859712 0.485714 0.859712 0.495238 0.866906 0.504762 0.866906 0.507937 0.863309 0.507937 0.848921 0.504762 0.845324 0.501587 0.845324 0.488889 0.827338
0 0.574603 0.827338 0.571429 0.830935 0.561905 0.834532 0.552381 0.848921 0.552381 0.859712 0.555556 0.863309 0.555556 0.866906 0.565079 0.874101 0.574603 0.874101 0.590476 0.859712 0.587302 0.856115 0.587302 0.841727 0.584127 0.838129 0.584127 0.834532
0 0.206349 0.830935 0.190476 0.830935 0.184127 0.838129 0.184127 0.841727 0.174603 0.852518 0.165079 0.874101 0.168254 0.881295 0.174603 0.884892 0.184127 0.884892 0.193651 0.877698 0.200000 0.877698 0.215873 0.859712 0.219048 0.852518 0.215873 0.848921 0.215873 0.841727
0 0.758730 0.834532 0.758730 0.845324 0.771429 0.845324 0.774603 0.841727 0.771429 0.838129 0.771429 0.834532
0 0.698413 0.848921 0.695238 0.856115 0.695238 0.863309 0.698413 0.866906 0.698413 0.874101 0.704762 0.881295 0.711111 0.884892 0.730159 0.884892 0.736508 0.881295 0.739683 0.874101 0.739683 0.859712 0.736508 0.856115 0.736508 0.848921 0.730159 0.841727 0.723810 0.838129 0.711111 0.838129
0 0.333333 0.856115 0.333333 0.859712 0.330159 0.863309 0.330159 0.874101 0.333333 0.877698 0.333333 0.881295 0.342857 0.892086 0.352381 0.892086 0.358730 0.884892 0.358730 0.874101 0.355556 0.870504 0.355556 0.866906 0.346032 0.856115
0 0.774603 0.859712 0.768254 0.866906 0.768254 0.881295 0.780952 0.895683 0.784127 0.895683 0.787302 0.899281 0.796825 0.899281 0.800000 0.895683 0.800000 0.877698 0.787302 0.863309 0.784127 0.863309 0.780952 0.859712
