0 0.412698 0.096774 0.412698 0.111111 0.425397 0.143369 0.425397 0.179211 0.428571 0.186380 0.438095 0.193548 0.444444 0.179211 0.441270 0.175627 0.438095 0.136201 0.425397 0.100358 0.422222 0.096774
0 0.247619 0.111111 0.238095 0.100358 0.222222 0.100358 0.196825 0.111111 0.193651 0.118280 0.171429 0.136201 0.174603 0.161290 0.187302 0.168459 0.200000 0.168459 0.215873 0.161290 0.247619 0.129032 0.250794 0.121864
0 0.838095 0.125448 0.844444 0.139785 0.857143 0.139785 0.866667 0.132616 0.873016 0.132616 0.876190 0.136201 0.895238 0.136201 0.904762 0.129032 0.904762 0.114695 0.888889 0.100358 0.863492 0.100358 0.850794 0.107527
0 0.396825 0.114695 0.390476 0.121864 0.390476 0.143369 0.393651 0.146953 0.396825 0.157706 0.406349 0.168459 0.409524 0.164875 0.412698 0.164875 0.412698 0.161290 0.415873 0.157706 0.415873 0.136201 0.412698 0.132616 0.409524 0.121864 0.403175 0.114695
0 0.485714 0.146953 0.482540 0.154122 0.482540 0.175627 0.488889 0.182796 0.501587 0.189964 0.523810 0.189964 0.533333 0.182796 0.536508 0.175627 0.533333 0.164875 0.504762 0.132616 0.501587 0.132616 0.488889 0.146953
0 0.952381 0.139785 0.952381 0.150538 0.955556 0.154122 0.977778 0.154122 0.980952 0.150538 0.980952 0.146953 0.984127 0.143369 0.977778 0.136201 0.974603 0.136201 0.971429 0.132616 0.961905 0.132616 0.955556 0.139785
0 0.768254 0.157706 0.765079 0.161290 0.765079 0.179211 0.774603 0.197133 0.780952 0.222222 0.800000 0.247312 0.819048 0.250896 0.822222 0.247312 0.822222 0.229391 0.803175 0.204301 0.803175 0.175627 0.796825 0.164875 0.784127 0.157706
0 0.250794 0.172043 0.247619 0.168459 0.222222 0.168459 0.190476 0.186380 0.174603 0.204301 0.171429 0.222222 0.177778 0.229391 0.193651 0.229391 0.238095 0.207885 0.253968 0.186380
0 0.155556 0.186380 0.149206 0.182796 0.136508 0.182796 0.117460 0.193548 0.104762 0.207885 0.104762 0.215054 0.101587 0.218638 0.104762 0.232975 0.111111 0.240143 0.133333 0.240143 0.139683 0.236559 0.155556 0.218638 0.155556 0.207885 0.158730 0.204301
0 0.806349 0.186380 0.806349 0.204301 0.809524 0.207885 0.809524 0.211470 0.822222 0.225806 0.838095 0.225806 0.844444 0.218638 0.841270 0.215054 0.841270 0.211470 0.838095 0.207885 0.834921 0.207885 0.819048 0.189964 0.812698 0.189964 0.809524 0.186380
0 0.238095 0.211470 0.231746 0.225806 0.231746 0.243728 0.241270 0.254480 0.250794 0.258065 0.282540 0.258065 0.292063 0.250896 0.298413 0.240143 0.298413 0.225806 0.288889 0.207885 0.276190 0.197133 0.250794 0.197133
0 0.596825 0.197133 0.593651 0.200717 0.593651 0.225806 0.600000 0.232975 0.609524 0.232975 0.609524 0.229391 0.615873 0.218638 0.615873 0.207885 0.609524 0.197133
0 0.488889 0.207885 0.488889 0.240143 0.495238 0.247312 0.495238 0.250896 0.504762 0.258065 0.520635 0.258065 0.526984 0.254480 0.520635 0.243728 0.514286 0.211470 0.511111 0.211470 0.504762 0.204301 0.495238 0.204301
0 0.523810 0.207885 0.517460 0.215054 0.517460 0.218638 0.520635 0.222222 0.520635 0.232975 0.523810 0.236559 0.526984 0.250896 0.542857 0.265233 0.555556 0.265233 0.558730 0.261649 0.558730 0.232975 0.555556 0.229391 0.555556 0.218638 0.552381 0.211470 0.546032 0.204301 0.530159 0.204301
0 0.222222 0.243728 0.206349 0.232975 0.193651 0.232975 0.174603 0.243728 0.139683 0.279570 0.142857 0.293907 0.149206 0.297491 0.180952 0.297491 0.209524 0.283154 0.219048 0.268817
0 0.615873 0.247312 0.612698 0.247312 0.609524 0.250896 0.603175 0.250896 0.600000 0.254480 0.603175 0.258065 0.603175 0.261649 0.609524 0.261649 0.615873 0.254480
0 0.688889 0.250896 0.685714 0.254480 0.685714 0.286738 0.692063 0.297491 0.695238 0.297491 0.698413 0.301075 0.704762 0.301075 0.707937 0.297491 0.711111 0.297491 0.711111 0.290323 0.714286 0.286738 0.711111 0.283154 0.711111 0.272401 0.707937 0.268817 0.707937 0.261649 0.698413 0.250896
0 0.571429 0.258065 0.568254 0.261649 0.568254 0.293907 0.577778 0.304659 0.587302 0.297491 0.587302 0.283154 0.584127 0.283154 0.577778 0.272401 0.577778 0.258065
0 0.815873 0.258065 0.809524 0.272401 0.822222 0.297491 0.828571 0.301075 0.838095 0.301075 0.847619 0.293907 0.860317 0.293907 0.860317 0.290323 0.853968 0.290323 0.841270 0.279570 0.838095 0.279570 0.825397 0.265233 0.825397 0.261649
0 0.638095 0.261649 0.628571 0.268817 0.628571 0.283154 0.631746 0.286738 0.631746 0.290323 0.641270 0.297491 0.650794 0.290323 0.650794 0.275986 0.647619 0.272401 0.647619 0.268817 0.641270 0.261649
0 0.269841 0.283154 0.260317 0.268817 0.238095 0.265233 0.215873 0.283154 0.174603 0.301075 0.168254 0.318996 0.177778 0.326165 0.171429 0.333333 0.212698 0.318996 0.219048 0.322581 0.250794 0.308244 0.266667 0.293907
0 0.498413 0.265233 0.492063 0.275986 0.492063 0.286738 0.495238 0.290323 0.495238 0.297491 0.498413 0.301075 0.507937 0.304659 0.517460 0.297491 0.517460 0.293907 0.520635 0.290323 0.520635 0.279570 0.507937 0.265233
0 0.301587 0.272401 0.282540 0.279570 0.279365 0.286738 0.279365 0.301075 0.273016 0.304659 0.282540 0.318996 0.282540 0.333333 0.288889 0.336918 0.311111 0.333333 0.320635 0.322581 0.320635 0.315412 0.323810 0.311828 0.323810 0.293907 0.320635 0.290323 0.320635 0.283154
0 0.752381 0.272401 0.755556 0.286738 0.793651 0.333333 0.825397 0.351254 0.841270 0.344086 0.831746 0.318996 0.819048 0.311828 0.787302 0.279570 0.774603 0.272401
0 0.971429 0.283154 0.968254 0.286738 0.968254 0.301075 0.971429 0.304659 0.971429 0.308244 0.984127 0.322581 0.990476 0.322581 0.993651 0.326165 0.993651 0.322581 0.996825 0.318996 0.993651 0.315412 0.993651 0.301075 0.990476 0.297491 0.990476 0.290323 0.980952 0.283154
0 0.365079 0.286738 0.352381 0.286738 0.349206 0.290323 0.346032 0.290323 0.346032 0.293907 0.342857 0.297491 0.342857 0.311828 0.346032 0.315412 0.349206 0.326165 0.352381 0.326165 0.355556 0.329749 0.365079 0.326165 0.371429 0.315412 0.371429 0.293907
0 0.949206 0.293907 0.936508 0.293907 0.923810 0.308244 0.923810 0.311828 0.920635 0.315412 0.920635 0.333333 0.923810 0.336918 0.933333 0.340502 0.936508 0.336918 0.946032 0.333333 0.955556 0.322581 0.955556 0.308244 0.952381 0.304659 0.952381 0.297491
0 0.422222 0.301075 0.412698 0.301075 0.409524 0.304659 0.409524 0.311828 0.406349 0.315412 0.406349 0.333333 0.409524 0.336918 0.415873 0.336918 0.419048 0.333333 0.422222 0.333333 0.428571 0.322581 0.428571 0.315412 0.425397 0.311828 0.425397 0.304659
0 0.269841 0.304659 0.260317 0.304659 0.250794 0.311828 0.222222 0.322581 0.206349 0.344086 0.209524 0.362007 0.231746 0.369176 0.263492 0.358423 0.279365 0.336918 0.279365 0.318996
0 0.488889 0.315412 0.485714 0.318996 0.485714 0.354839 0.492063 0.365591 0.504762 0.362007 0.507937 0.365591 0.514286 0.365591 0.526984 0.376344 0.536508 0.372760 0.536508 0.351254 0.526984 0.333333 0.514286 0.318996 0.507937 0.318996 0.504762 0.315412
0 0.368254 0.326165 0.365079 0.329749 0.361905 0.329749 0.361905 0.333333 0.358730 0.336918 0.358730 0.369176 0.361905 0.372760 0.371429 0.372760 0.377778 0.365591 0.377778 0.336918
0 0.663492 0.340502 0.657143 0.354839 0.660317 0.358423 0.660317 0.369176 0.666667 0.376344 0.666667 0.379928 0.669841 0.379928 0.679365 0.390681 0.688889 0.390681 0.692063 0.394265 0.701587 0.390681 0.704762 0.383513 0.704762 0.369176 0.701587 0.362007 0.682540 0.344086 0.676190 0.340502
0 0.323810 0.369176 0.307937 0.354839 0.257143 0.362007 0.241270 0.376344 0.234921 0.376344 0.225397 0.390681 0.238095 0.405018 0.285714 0.401434 0.301587 0.390681 0.307937 0.390681
0 0.822222 0.372760 0.812698 0.372760 0.809524 0.369176 0.806349 0.372760 0.803175 0.372760 0.803175 0.376344 0.800000 0.379928 0.800000 0.397849 0.803175 0.401434 0.815873 0.401434 0.825397 0.390681 0.825397 0.387097 0.828571 0.383513
0 0.438095 0.376344 0.434921 0.379928 0.434921 0.390681 0.444444 0.401434 0.457143 0.401434 0.460317 0.397849 0.460317 0.394265 0.463492 0.390681 0.463492 0.387097 0.460317 0.383513 0.460317 0.379928 0.457143 0.376344
0 0.723810 0.379928 0.720635 0.383513 0.720635 0.405018 0.726984 0.412186 0.736508 0.412186 0.736508 0.397849 0.733333 0.394265 0.733333 0.390681 0.730159 0.387097 0.730159 0.383513 0.726984 0.379928
0 0.333333 0.401434 0.311111 0.390681 0.285714 0.405018 0.279365 0.405018 0.279365 0.412186 0.269841 0.426523 0.269841 0.437276 0.285714 0.451613 0.304762 0.451613 0.317460 0.444444 0.330159 0.430108 0.333333 0.422939
0 0.952381 0.390681 0.949206 0.397849 0.949206 0.415771 0.955556 0.430108 0.968254 0.437276 0.974603 0.433692 0.984127 0.433692 0.993651 0.440860 0.993651 0.408602 0.987302 0.408602 0.974603 0.394265 0.968254 0.390681
0 0.231746 0.430108 0.212698 0.419355 0.180952 0.415771 0.165079 0.422939 0.149206 0.440860 0.146032 0.458781 0.158730 0.473118 0.193651 0.473118 0.219048 0.458781 0.228571 0.444444
0 0.444444 0.419355 0.434921 0.419355 0.415873 0.433692 0.403175 0.451613 0.403175 0.465950 0.422222 0.483871 0.438095 0.483871 0.450794 0.476703 0.460317 0.462366 0.460317 0.437276 0.453968 0.426523
0 0.580952 0.448029 0.568254 0.448029 0.565079 0.451613 0.565079 0.455197 0.561905 0.458781 0.561905 0.469534 0.565079 0.473118 0.574603 0.473118 0.580952 0.465950
0 0.584127 0.451613 0.584127 0.465950 0.593651 0.476703 0.596825 0.476703 0.603175 0.469534 0.600000 0.465950 0.600000 0.462366 0.590476 0.451613
0 0.739683 0.458781 0.736508 0.462366 0.730159 0.462366 0.730159 0.465950 0.726984 0.469534 0.726984 0.483871 0.730159 0.487455 0.733333 0.487455 0.736508 0.491039 0.742857 0.483871 0.746032 0.483871 0.749206 0.480287 0.749206 0.465950 0.746032 0.462366 0.742857 0.462366
0 0.317460 0.469534 0.314286 0.465950 0.292063 0.465950 0.266667 0.476703 0.250794 0.487455 0.241270 0.505376 0.244444 0.516129 0.260317 0.523297 0.276190 0.523297 0.307937 0.508961 0.314286 0.501792 0.320635 0.483871
0 0.622222 0.465950 0.619048 0.465950 0.615873 0.469534 0.615873 0.473118 0.606349 0.483871 0.606349 0.487455 0.600000 0.498208 0.600000 0.505376 0.606349 0.516129 0.612698 0.516129 0.615873 0.512545 0.619048 0.512545 0.625397 0.501792 0.625397 0.480287 0.622222 0.476703
0 0.936508 0.469534 0.933333 0.473118 0.933333 0.480287 0.942857 0.505376 0.942857 0.526882 0.939683 0.530466 0.939683 0.537634 0.949206 0.541219 0.949206 0.534050 0.955556 0.530466 0.955556 0.516129 0.958730 0.512545 0.961905 0.494624 0.952381 0.473118 0.946032 0.473118 0.942857 0.469534 0.939683 0.473118
0 0.130159 0.480287 0.130159 0.483871 0.126984 0.487455 0.130159 0.491039 0.130159 0.498208 0.133333 0.501792 0.133333 0.505376 0.139683 0.512545 0.139683 0.516129 0.142857 0.519713 0.165079 0.519713 0.168254 0.508961 0.161905 0.501792 0.161905 0.498208 0.152381 0.487455 0.149206 0.487455 0.139683 0.480287
0 0.904762 0.483871 0.895238 0.494624 0.895238 0.498208 0.898413 0.501792 0.898413 0.512545 0.901587 0.516129 0.901587 0.523297 0.904762 0.526882 0.904762 0.530466 0.907937 0.530466 0.911111 0.534050 0.917460 0.534050 0.920635 0.530466 0.923810 0.530466 0.923810 0.519713 0.920635 0.516129 0.920635 0.498208 0.917460 0.494624 0.917460 0.491039 0.911111 0.483871
0 0.761905 0.498208 0.755556 0.498208 0.752381 0.501792 0.749206 0.501792 0.742857 0.508961 0.742857 0.512545 0.739683 0.516129 0.739683 0.526882 0.736508 0.530466 0.736508 0.537634 0.739683 0.541219 0.746032 0.541219 0.749206 0.537634 0.752381 0.537634 0.761905 0.526882 0.761905 0.523297 0.768254 0.512545 0.768254 0.505376
0 0.968254 0.498208 0.961905 0.505376 0.961905 0.512545 0.958730 0.516129 0.958730 0.530466 0.961905 0.534050 0.977778 0.534050 0.984127 0.523297 0.980952 0.519713 0.980952 0.501792 0.977778 0.498208
0 0.711111 0.508961 0.711111 0.512545 0.707937 0.516129 0.707937 0.519713 0.711111 0.523297 0.711111 0.526882 0.714286 0.523297 0.717460 0.526882 0.720635 0.526882 0.726984 0.519713 0.726984 0.512545 0.723810 0.508961
0 0.142857 0.523297 0.142857 0.530466 0.165079 0.555556 0.177778 0.555556 0.180952 0.544803 0.177778 0.541219 0.177778 0.537634 0.171429 0.530466 0.168254 0.530466 0.165079 0.526882 0.165079 0.523297
0 0.288889 0.523297 0.279365 0.523297 0.273016 0.526882 0.260317 0.544803 0.260317 0.551971 0.257143 0.555556 0.257143 0.569892 0.260317 0.573477 0.260317 0.580645 0.269841 0.587814 0.282540 0.587814 0.288889 0.580645 0.292063 0.580645 0.292063 0.577061 0.298413 0.569892 0.301587 0.548387 0.304762 0.544803 0.301587 0.541219 0.301587 0.534050
0 0.669841 0.534050 0.660317 0.526882 0.638095 0.526882 0.625397 0.534050 0.619048 0.541219 0.615873 0.559140 0.619048 0.562724 0.641270 0.562724 0.644444 0.559140 0.650794 0.559140 0.663492 0.551971 0.669841 0.544803
0 0.558730 0.551971 0.552381 0.562724 0.555556 0.594982 0.558730 0.598566 0.558730 0.605735 0.565079 0.612903 0.571429 0.612903 0.571429 0.609319 0.577778 0.602151 0.577778 0.594982 0.580952 0.591398 0.580952 0.577061 0.577778 0.573477 0.577778 0.562724 0.568254 0.551971
0 0.758730 0.551971 0.749206 0.551971 0.749206 0.555556 0.746032 0.559140 0.746032 0.562724 0.749206 0.566308 0.749206 0.569892 0.752381 0.569892 0.755556 0.566308 0.758730 0.566308 0.761905 0.562724 0.761905 0.555556
0 0.123810 0.559140 0.117460 0.569892 0.114286 0.587814 0.123810 0.602151 0.126984 0.602151 0.130159 0.605735 0.136508 0.605735 0.139683 0.602151 0.142857 0.602151 0.142857 0.598566 0.146032 0.594982 0.146032 0.587814 0.149206 0.584229 0.149206 0.577061 0.139683 0.559140
0 0.358730 0.566308 0.339683 0.584229 0.336508 0.605735 0.342857 0.612903 0.361905 0.623656 0.371429 0.634409 0.380952 0.620072 0.380952 0.584229 0.368254 0.566308
0 0.860317 0.566308 0.857143 0.569892 0.853968 0.569892 0.844444 0.580645 0.844444 0.584229 0.847619 0.587814 0.847619 0.591398 0.853968 0.598566 0.863492 0.598566 0.863492 0.594982 0.866667 0.591398 0.866667 0.573477
0 0.511111 0.577061 0.498413 0.577061 0.492063 0.580645 0.479365 0.598566 0.479365 0.627240 0.485714 0.634409 0.492063 0.634409 0.514286 0.616487 0.514286 0.609319 0.517460 0.605735 0.517460 0.587814
0 0.987302 0.577061 0.977778 0.587814 0.977778 0.598566 0.974603 0.602151 0.974603 0.627240 0.984127 0.645161 0.993651 0.645161 0.993651 0.577061 0.990476 0.580645
0 0.403175 0.584229 0.396825 0.591398 0.396825 0.598566 0.393651 0.602151 0.393651 0.630824 0.400000 0.637993 0.409524 0.637993 0.415873 0.630824 0.415873 0.627240 0.419048 0.623656 0.419048 0.612903 0.415873 0.609319 0.415873 0.598566 0.412698 0.594982 0.412698 0.591398 0.406349 0.584229
0 0.923810 0.591398 0.914286 0.591398 0.911111 0.594982 0.907937 0.594982 0.901587 0.605735 0.901587 0.612903 0.898413 0.616487 0.898413 0.620072 0.907937 0.630824 0.914286 0.630824 0.917460 0.627240 0.917460 0.623656 0.920635 0.620072 0.920635 0.616487 0.926984 0.605735 0.926984 0.594982
0 0.222222 0.598566 0.209524 0.612903 0.209524 0.634409 0.212698 0.641577 0.228571 0.655914 0.253968 0.655914 0.260317 0.652330 0.273016 0.634409 0.273016 0.616487 0.269841 0.609319 0.257143 0.598566 0.244444 0.598566 0.241270 0.594982
0 0.311111 0.655914 0.317460 0.663082 0.333333 0.663082 0.355556 0.652330 0.368254 0.637993 0.368254 0.634409 0.336508 0.609319 0.320635 0.609319 0.314286 0.620072
0 0.673016 0.612903 0.682540 0.627240 0.679365 0.634409 0.679365 0.670251 0.688889 0.681004 0.701587 0.684588 0.711111 0.670251 0.707937 0.648746 0.698413 0.627240 0.692063 0.620072 0.679365 0.612903
0 0.111111 0.655914 0.117460 0.670251 0.126984 0.677419 0.142857 0.681004 0.158730 0.666667 0.168254 0.663082 0.177778 0.648746 0.171429 0.630824 0.165079 0.627240 0.155556 0.627240 0.152381 0.630824 0.130159 0.627240 0.117460 0.634409 0.111111 0.648746
0 0.819048 0.637993 0.809524 0.648746 0.809524 0.670251 0.819048 0.677419 0.838095 0.677419 0.844444 0.670251 0.844444 0.663082 0.841270 0.659498 0.841270 0.652330 0.834921 0.645161 0.834921 0.641577 0.831746 0.637993
0 0.587302 0.641577 0.584127 0.641577 0.577778 0.648746 0.577778 0.655914 0.574603 0.659498 0.574603 0.670251 0.571429 0.673835 0.571429 0.684588 0.574603 0.688172 0.574603 0.695341 0.577778 0.695341 0.580952 0.698925 0.584127 0.698925 0.596825 0.684588 0.596825 0.681004 0.600000 0.677419 0.600000 0.666667 0.593651 0.655914 0.593651 0.648746
0 0.774603 0.645161 0.771429 0.648746 0.765079 0.648746 0.758730 0.655914 0.755556 0.663082 0.755556 0.673835 0.758730 0.677419 0.758730 0.684588 0.765079 0.698925 0.774603 0.709677 0.787302 0.709677 0.793651 0.695341 0.793651 0.673835 0.790476 0.670251 0.787302 0.655914 0.777778 0.645161
0 0.231746 0.670251 0.231746 0.695341 0.238095 0.695341 0.241270 0.698925 0.244444 0.698925 0.247619 0.702509 0.253968 0.702509 0.257143 0.706093 0.263492 0.706093 0.273016 0.695341 0.273016 0.684588 0.260317 0.670251 0.250794 0.670251 0.247619 0.666667 0.238095 0.666667 0.234921 0.670251
0 0.158730 0.670251 0.142857 0.684588 0.146032 0.688172 0.146032 0.698925 0.142857 0.702509 0.158730 0.720430 0.158730 0.724014 0.171429 0.724014 0.177778 0.720430 0.177778 0.706093 0.180952 0.702509 0.180952 0.691756 0.177778 0.684588 0.168254 0.673835
0 0.952381 0.677419 0.949206 0.677419 0.946032 0.673835 0.942857 0.677419 0.939683 0.677419 0.936508 0.681004 0.936508 0.698925 0.952381 0.698925 0.952381 0.695341 0.955556 0.691756 0.955556 0.684588 0.952381 0.681004
0 0.200000 0.677419 0.187302 0.691756 0.184127 0.691756 0.180952 0.724014 0.196825 0.741935 0.212698 0.741935 0.228571 0.731183 0.228571 0.695341 0.222222 0.688172
0 0.714286 0.695341 0.707937 0.706093 0.707937 0.727599 0.726984 0.745520 0.746032 0.745520 0.752381 0.734767 0.752381 0.709677 0.746032 0.702509 0.746032 0.698925 0.739683 0.695341 0.726984 0.695341 0.723810 0.691756
0 0.419048 0.695341 0.412698 0.695341 0.406349 0.702509 0.406349 0.738351 0.415873 0.749104 0.415873 0.734767 0.422222 0.724014 0.422222 0.702509 0.419048 0.698925
0 0.133333 0.706093 0.126984 0.713262 0.123810 0.731183 0.126984 0.734767 0.133333 0.752688 0.139683 0.759857 0.139683 0.763441 0.146032 0.763441 0.149206 0.759857 0.152381 0.759857 0.152381 0.756272 0.155556 0.752688 0.155556 0.745520 0.158730 0.741935 0.158730 0.727599 0.155556 0.724014 0.155556 0.720430 0.142857 0.706093
0 0.942857 0.720430 0.939683 0.724014 0.936508 0.724014 0.926984 0.734767 0.926984 0.752688 0.930159 0.756272 0.930159 0.759857 0.936508 0.767025 0.952381 0.767025 0.958730 0.759857 0.958730 0.749104 0.961905 0.745520 0.961905 0.741935 0.958730 0.738351 0.955556 0.727599 0.952381 0.724014
0 0.101587 0.724014 0.082540 0.741935 0.082540 0.759857 0.085714 0.763441 0.085714 0.770609 0.095238 0.784946 0.107937 0.792115 0.123810 0.792115 0.130159 0.788530 0.136508 0.777778 0.136508 0.759857 0.117460 0.727599
0 0.873016 0.727599 0.863492 0.734767 0.860317 0.741935 0.860317 0.756272 0.873016 0.784946 0.876190 0.784946 0.888889 0.774194 0.898413 0.770609 0.898413 0.752688 0.895238 0.745520 0.882540 0.731183
0 0.587302 0.731183 0.571429 0.731183 0.555556 0.749104 0.549206 0.763441 0.549206 0.781362 0.552381 0.784946 0.558730 0.784946 0.577778 0.774194 0.590476 0.759857 0.593651 0.741935
0 0.371429 0.741935 0.361905 0.741935 0.358730 0.745520 0.358730 0.749104 0.352381 0.756272 0.352381 0.770609 0.358730 0.777778 0.361905 0.777778 0.365079 0.774194 0.368254 0.774194 0.374603 0.763441 0.374603 0.745520
0 0.631746 0.745520 0.628571 0.745520 0.625397 0.749104 0.619048 0.749104 0.615873 0.752688 0.615873 0.756272 0.612698 0.759857 0.612698 0.774194 0.625397 0.774194 0.628571 0.770609 0.628571 0.767025 0.631746 0.763441 0.631746 0.759857 0.634921 0.756272 0.634921 0.752688 0.631746 0.749104
0 0.669841 0.763441 0.666667 0.759857 0.663492 0.759857 0.660317 0.756272 0.657143 0.756272 0.644444 0.770609 0.644444 0.781362 0.647619 0.784946 0.657143 0.784946 0.660317 0.781362 0.663492 0.781362 0.666667 0.777778 0.666667 0.774194 0.669841 0.770609
0 0.330159 0.767025 0.323810 0.767025 0.320635 0.770609 0.320635 0.781362 0.317460 0.784946 0.317460 0.799283 0.323810 0.806452 0.326984 0.806452 0.330159 0.802867 0.333333 0.802867 0.339683 0.795699 0.339683 0.781362 0.336508 0.777778 0.336508 0.774194
0 0.815873 0.781362 0.815873 0.795699 0.819048 0.799283 0.822222 0.799283 0.825397 0.802867 0.834921 0.802867 0.834921 0.792115 0.831746 0.788530 0.831746 0.784946 0.828571 0.781362
0 0.580952 0.788530 0.571429 0.788530 0.568254 0.792115 0.565079 0.792115 0.558730 0.802867 0.558730 0.824373 0.565079 0.831541 0.571429 0.831541 0.574603 0.827957 0.577778 0.827957 0.577778 0.824373 0.584127 0.817204 0.584127 0.810036 0.587302 0.806452 0.587302 0.795699
0 0.765079 0.831541 0.765079 0.842294 0.768254 0.845878 0.771429 0.845878 0.780952 0.853047 0.784127 0.853047 0.793651 0.845878 0.793651 0.838710 0.790476 0.835125 0.790476 0.831541 0.784127 0.824373 0.774603 0.824373
0 0.600000 0.835125 0.596825 0.838710 0.593651 0.838710 0.593651 0.842294 0.590476 0.845878 0.590476 0.860215 0.593651 0.863799 0.593651 0.867384 0.600000 0.874552 0.612698 0.874552 0.619048 0.867384 0.619048 0.860215 0.622222 0.856631 0.622222 0.853047 0.619048 0.849462 0.619048 0.842294 0.612698 0.835125
0 0.453968 0.849462 0.441270 0.838710 0.428571 0.838710 0.425397 0.842294 0.419048 0.842294 0.406349 0.856631 0.403175 0.874552 0.409524 0.881720 0.428571 0.881720 0.431746 0.878136 0.438095 0.878136 0.453968 0.867384 0.457143 0.860215
0 0.669841 0.845878 0.666667 0.845878 0.650794 0.863799 0.647619 0.863799 0.644444 0.867384 0.638095 0.867384 0.628571 0.878136 0.628571 0.888889 0.631746 0.888889 0.634921 0.892473 0.641270 0.892473 0.644444 0.888889 0.647619 0.888889 0.666667 0.860215 0.666667 0.856631 0.669841 0.853047
0 0.330159 0.863799 0.320635 0.867384 0.311111 0.878136 0.311111 0.881720 0.307937 0.885305 0.307937 0.906810 0.320635 0.906810 0.330159 0.899642 0.330159 0.896057 0.333333 0.892473 0.333333 0.881720 0.336508 0.878136 0.336508 0.870968
0 0.679365 0.863799 0.676190 0.867384 0.676190 0.899642 0.679365 0.903226 0.679365 0.913978 0.682540 0.917563 0.685714 0.928315 0.692063 0.921147 0.692063 0.910394 0.695238 0.906810 0.695238 0.878136 0.692063 0.874552 0.692063 0.867384 0.688889 0.863799
0 0.838095 0.870968 0.841270 0.870968 0.844444 0.874552 0.844444 0.881720 0.850794 0.888889 0.850794 0.892473 0.857143 0.899642 0.860317 0.899642 0.869841 0.906810 0.873016 0.906810 0.876190 0.903226 0.876190 0.899642 0.888889 0.888889 0.876190 0.878136 0.873016 0.878136 0.869841 0.874552 0.863492 0.874552 0.860317 0.870968 0.847619 0.870968 0.844444 0.867384 0.841270 0.867384
0 0.558730 0.896057 0.558730 0.899642 0.555556 0.903226 0.555556 0.910394 0.558730 0.913978 0.558730 0.921147 0.561905 0.921147 0.565079 0.924731 0.571429 0.924731 0.574603 0.921147 0.577778 0.921147 0.580952 0.917563 0.584127 0.917563 0.584127 0.903226 0.574603 0.892473 0.561905 0.892473
0 0.793651 0.896057 0.787302 0.903226 0.787302 0.921147 0.790476 0.928315 0.809524 0.949821 0.825397 0.949821 0.834921 0.942652 0.834921 0.928315 0.831746 0.924731 0.828571 0.910394 0.815873 0.899642 0.809524 0.899642 0.806349 0.896057
0 0.434921 0.899642 0.434921 0.917563 0.438095 0.921147 0.438095 0.924731 0.444444 0.924731 0.450794 0.917563 0.450794 0.913978 0.453968 0.910394 0.453968 0.906810 0.447619 0.899642
0 0.917460 0.906810 0.914286 0.903226 0.904762 0.903226 0.901587 0.906810 0.895238 0.906810 0.888889 0.913978 0.888889 0.924731 0.892063 0.928315 0.892063 0.931900 0.907937 0.931900 0.911111 0.928315 0.914286 0.928315 0.920635 0.921147 0.920635 0.913978 0.917460 0.910394
0 0.257143 0.924731 0.253968 0.924731 0.244444 0.913978 0.238095 0.913978 0.231746 0.921147 0.231746 0.924731 0.228571 0.928315 0.228571 0.935484 0.219048 0.946237 0.219048 0.956989 0.222222 0.953405 0.225397 0.953405 0.231746 0.960573 0.234921 0.956989 0.244444 0.956989 0.247619 0.953405 0.250794 0.953405 0.250794 0.949821 0.257143 0.939068
0 0.380952 0.942652 0.377778 0.942652 0.374603 0.939068 0.368254 0.939068 0.358730 0.949821 0.358730 0.971326 0.361905 0.974910 0.374603 0.974910 0.380952 0.967742 0.380952 0.960573 0.384127 0.956989 0.384127 0.953405 0.380952 0.949821
0 0.498413 0.939068 0.492063 0.939068 0.485714 0.946237 0.482540 0.946237 0.482540 0.960573 0.485714 0.964158 0.485714 0.967742 0.492063 0.960573 0.492063 0.956989 0.495238 0.953405 0.495238 0.949821 0.498413 0.946237
0 0.431746 0.967742 0.422222 0.960573 0.419048 0.960573 0.415873 0.964158 0.409524 0.964158 0.406349 0.967742 0.390476 0.974910 0.380952 0.985663 0.380952 0.992832 0.384127 0.992832 0.387302 0.996416 0.406349 0.996416 0.409524 0.992832 0.422222 0.992832 0.431746 0.982079
0 0.533333 0.992832 0.552381 0.992832 0.555556 0.989247 0.555556 0.985663 0.552381 0.982079 0.539683 0.982079 0.533333 0.989247
