0 0.409524 0.007194 0.406349 0.003597 0.393651 0.003597 0.390476 0.000000 0.384127 0.003597 0.377778 0.000000 0.374603 0.003597 0.352381 0.003597 0.346032 0.010791 0.352381 0.017986 0.352381 0.021583 0.361905 0.028777 0.390476 0.028777 0.396825 0.025180 0.409524 0.010791
0 0.263492 0.007194 0.253968 0.010791 0.253968 0.014388 0.250794 0.017986 0.250794 0.025180 0.247619 0.028777 0.247619 0.046763 0.250794 0.050360 0.250794 0.053957 0.257143 0.061151 0.263492 0.061151 0.269841 0.053957 0.269841 0.050360 0.273016 0.046763 0.273016 0.039568 0.276190 0.035971 0.273016 0.017986
0 0.380952 0.053957 0.371429 0.053957 0.368254 0.057554 0.358730 0.057554 0.355556 0.061151 0.352381 0.061151 0.346032 0.068345 0.342857 0.068345 0.339683 0.071942 0.339683 0.079137 0.349206 0.079137 0.352381 0.075540 0.358730 0.075540 0.361905 0.071942 0.368254 0.071942 0.371429 0.068345 0.374603 0.068345 0.380952 0.061151
0 0.400000 0.082734 0.396825 0.079137 0.390476 0.079137 0.387302 0.082734 0.377778 0.082734 0.374603 0.086331 0.368254 0.086331 0.365079 0.089928 0.361905 0.089928 0.361905 0.093525 0.374603 0.093525 0.377778 0.089928 0.396825 0.089928 0.400000 0.086331
0 0.222222 0.097122 0.212698 0.097122 0.206349 0.104317 0.206349 0.129496 0.212698 0.136691 0.215873 0.136691 0.219048 0.133094 0.222222 0.133094 0.228571 0.125899 0.228571 0.104317
0 0.396825 0.125899 0.387302 0.107914 0.358730 0.107914 0.346032 0.118705 0.333333 0.122302 0.323810 0.133094 0.323810 0.140288 0.326984 0.147482 0.365079 0.147482 0.368254 0.143885 0.384127 0.143885 0.393651 0.136691
0 0.187302 0.118705 0.177778 0.118705 0.174603 0.122302 0.171429 0.122302 0.171429 0.125899 0.165079 0.133094 0.165079 0.143885 0.161905 0.147482 0.161905 0.151079 0.165079 0.151079 0.174603 0.161871 0.180952 0.161871 0.196825 0.147482 0.196825 0.129496
0 0.393651 0.151079 0.387302 0.147482 0.368254 0.147482 0.365079 0.151079 0.317460 0.151079 0.314286 0.158273 0.333333 0.169065 0.349206 0.169065 0.355556 0.176259 0.358730 0.172662 0.371429 0.172662 0.393651 0.158273
0 0.174603 0.165468 0.165079 0.154676 0.155556 0.154676 0.146032 0.165468 0.146032 0.169065 0.142857 0.172662 0.142857 0.183453 0.146032 0.187050 0.152381 0.187050 0.155556 0.183453 0.158730 0.183453
0 0.412698 0.183453 0.393651 0.172662 0.358730 0.176259 0.333333 0.190647 0.333333 0.205036 0.358730 0.205036 0.374603 0.212230 0.387302 0.212230 0.396825 0.205036 0.403175 0.205036 0.412698 0.194245
0 0.993651 0.187050 0.987302 0.194245 0.984127 0.194245 0.980952 0.197842 0.980952 0.212230 0.987302 0.219424 0.993651 0.219424 0.996825 0.215827 0.996825 0.208633 0.993651 0.205036
0 0.266667 0.208633 0.253968 0.208633 0.244444 0.219424 0.228571 0.255396 0.228571 0.266187 0.231746 0.269784 0.238095 0.269784 0.260317 0.244604 0.260317 0.237410 0.266667 0.223022
0 0.317460 0.226619 0.326984 0.241007 0.346032 0.241007 0.355556 0.233813 0.365079 0.233813 0.380952 0.223022 0.380952 0.215827 0.361905 0.212230 0.358730 0.208633 0.333333 0.208633 0.326984 0.215827 0.323810 0.215827
0 0.123810 0.230216 0.123810 0.237410 0.126984 0.241007 0.142857 0.241007 0.146032 0.244604 0.152381 0.244604 0.158730 0.237410 0.152381 0.226619 0.146032 0.226619 0.142857 0.230216 0.139683 0.226619 0.133333 0.226619 0.130159 0.223022
0 0.107937 0.248201 0.104762 0.251799 0.104762 0.258993 0.101587 0.262590 0.104762 0.266187 0.104762 0.269784 0.107937 0.273381 0.114286 0.273381 0.120635 0.266187 0.120635 0.255396 0.114286 0.248201
0 0.336508 0.269784 0.339683 0.276978 0.352381 0.284173 0.355556 0.291367 0.358730 0.287770 0.371429 0.287770 0.374603 0.284173 0.380952 0.284173 0.393651 0.276978 0.400000 0.269784 0.400000 0.262590 0.387302 0.251799 0.361905 0.251799 0.358730 0.255396 0.349206 0.255396
0 0.269841 0.269784 0.260317 0.273381 0.250794 0.291367 0.250794 0.298561 0.253968 0.302158 0.253968 0.309353 0.257143 0.312950 0.257143 0.316547 0.260317 0.316547 0.263492 0.320144 0.266667 0.320144 0.273016 0.312950 0.273016 0.302158 0.276190 0.298561 0.276190 0.287770 0.273016 0.284173 0.273016 0.273381
0 0.168254 0.287770 0.165079 0.287770 0.152381 0.302158 0.152381 0.305755 0.149206 0.309353 0.149206 0.330935 0.152381 0.334532 0.152381 0.341727 0.155556 0.345324 0.168254 0.345324 0.171429 0.341727 0.171429 0.334532 0.174603 0.330935 0.174603 0.323741 0.177778 0.320144 0.177778 0.302158
0 0.304762 0.298561 0.304762 0.305755 0.307937 0.309353 0.317460 0.309353 0.320635 0.312950 0.349206 0.312950 0.361905 0.305755 0.361905 0.294964 0.355556 0.294964 0.352381 0.291367 0.346032 0.294964 0.339683 0.294964 0.336508 0.291367 0.333333 0.294964 0.330159 0.291367 0.323810 0.291367 0.320635 0.294964 0.307937 0.294964
0 0.219048 0.302158 0.212698 0.302158 0.203175 0.312950 0.203175 0.323741 0.206349 0.327338 0.212698 0.327338 0.219048 0.320144
0 0.279365 0.356115 0.288889 0.366906 0.295238 0.366906 0.298413 0.363309 0.307937 0.363309 0.311111 0.359712 0.330159 0.356115 0.349206 0.345324 0.333333 0.330935 0.323810 0.330935 0.320635 0.327338 0.298413 0.327338 0.295238 0.330935 0.288889 0.330935 0.279365 0.341727
0 0.365079 0.356115 0.358730 0.348921 0.346032 0.348921 0.330159 0.359712 0.298413 0.366906 0.292063 0.370504 0.295238 0.381295 0.307937 0.388489 0.330159 0.392086 0.352381 0.381295 0.365079 0.366906
0 0.993651 0.352518 0.990476 0.352518 0.987302 0.356115 0.984127 0.356115 0.977778 0.363309 0.974603 0.363309 0.971429 0.366906 0.971429 0.374101 0.974603 0.377698 0.980952 0.377698 0.984127 0.381295 0.993651 0.381295 0.996825 0.377698 0.996825 0.374101 0.993651 0.370504 0.993651 0.366906 0.996825 0.363309 0.993651 0.359712
0 0.092063 0.384892 0.092063 0.388489 0.101587 0.399281 0.104762 0.399281 0.107937 0.402878 0.114286 0.402878 0.114286 0.399281 0.111111 0.395683 0.111111 0.392086 0.107937 0.388489 0.104762 0.388489 0.101587 0.384892
0 0.346032 0.395683 0.342857 0.395683 0.339683 0.392086 0.333333 0.392086 0.330159 0.395683 0.314286 0.395683 0.311111 0.399281 0.304762 0.399281 0.301587 0.402878 0.295238 0.402878 0.292063 0.406475 0.288889 0.406475 0.285714 0.410072 0.285714 0.413669 0.320635 0.413669 0.323810 0.410072 0.333333 0.410072 0.336508 0.406475 0.339683 0.406475 0.346032 0.399281
0 0.365079 0.435252 0.358730 0.424460 0.333333 0.420863 0.330159 0.424460 0.317460 0.424460 0.301587 0.435252 0.301587 0.446043 0.323810 0.460432 0.326984 0.456835 0.346032 0.456835 0.352381 0.453237
0 0.177778 0.431655 0.174603 0.428058 0.168254 0.428058 0.165079 0.424460 0.161905 0.424460 0.152381 0.435252 0.152381 0.438849 0.149206 0.442446 0.149206 0.449640 0.152381 0.453237 0.158730 0.453237 0.161905 0.449640 0.165079 0.449640 0.177778 0.435252
0 0.120635 0.442446 0.117460 0.442446 0.111111 0.449640 0.111111 0.456835 0.104762 0.464029 0.107937 0.467626 0.114286 0.467626 0.117460 0.464029 0.117460 0.460432 0.120635 0.456835 0.120635 0.453237 0.123810 0.449640 0.123810 0.446043
0 0.219048 0.446043 0.215873 0.449640 0.215873 0.464029 0.219048 0.464029 0.222222 0.460432 0.222222 0.449640
0 0.273016 0.460432 0.276190 0.464029 0.276190 0.467626 0.288889 0.478417 0.317460 0.478417 0.323810 0.471223 0.323810 0.464029 0.320635 0.460432 0.317460 0.460432 0.301587 0.449640 0.292063 0.449640 0.288889 0.453237 0.279365 0.453237
0 0.266667 0.510791 0.269841 0.510791 0.276190 0.517986 0.276190 0.521583 0.288889 0.521583 0.292063 0.517986 0.314286 0.517986 0.317460 0.514388 0.317460 0.507194 0.314286 0.503597 0.276190 0.503597
0 0.190476 0.507194 0.180952 0.507194 0.177778 0.510791 0.174603 0.510791 0.168254 0.517986 0.168254 0.521583 0.165079 0.525180 0.165079 0.535971 0.171429 0.543165 0.171429 0.546763 0.180952 0.546763 0.184127 0.543165 0.193651 0.539568 0.193651 0.535971 0.196825 0.532374 0.196825 0.514388
0 0.238095 0.535971 0.238095 0.546763 0.257143 0.561151 0.292063 0.564748 0.307937 0.550360 0.307937 0.539568 0.295238 0.528777 0.288889 0.528777 0.285714 0.525180 0.250794 0.525180
0 0.101587 0.550360 0.098413 0.553957 0.098413 0.568345 0.104762 0.575540 0.107937 0.575540 0.117460 0.582734 0.126984 0.582734 0.133333 0.575540 0.136508 0.575540 0.136508 0.571942 0.142857 0.564748 0.142857 0.557554 0.139683 0.553957 0.139683 0.550360 0.130159 0.543165 0.114286 0.543165 0.111111 0.546763
0 0.244444 0.575540 0.244444 0.586331 0.253968 0.586331 0.257143 0.589928 0.260317 0.589928 0.263492 0.593525 0.269841 0.593525 0.279365 0.600719 0.298413 0.582734 0.298413 0.579137 0.292063 0.571942 0.288889 0.571942 0.285714 0.568345 0.279365 0.568345 0.276190 0.564748 0.253968 0.564748
0 0.219048 0.611511 0.225397 0.618705 0.234921 0.618705 0.238095 0.622302 0.250794 0.622302 0.269841 0.611511 0.276190 0.604317 0.276190 0.600719 0.269841 0.597122 0.263492 0.597122 0.253968 0.589928 0.241270 0.589928 0.238095 0.593525 0.231746 0.593525 0.225397 0.597122 0.219048 0.604317
0 0.142857 0.615108 0.136508 0.615108 0.133333 0.618705 0.133333 0.622302 0.126984 0.629496 0.126984 0.633094 0.123810 0.636691 0.123810 0.640288 0.120635 0.643885 0.120635 0.647482 0.126984 0.647482 0.142857 0.629496 0.142857 0.622302 0.146032 0.618705
0 0.298413 0.615108 0.279365 0.615108 0.276190 0.618705 0.269841 0.618705 0.266667 0.615108 0.253968 0.622302 0.244444 0.633094 0.244444 0.640288 0.250794 0.647482 0.260317 0.647482 0.263492 0.643885 0.269841 0.643885 0.288889 0.633094 0.292063 0.625899 0.298413 0.622302
0 0.155556 0.643885 0.152381 0.647482 0.149206 0.647482 0.149206 0.651079 0.146032 0.654676 0.146032 0.665468 0.149206 0.669065 0.158730 0.669065 0.161905 0.665468 0.161905 0.647482 0.158730 0.647482
0 0.292063 0.669065 0.282540 0.661871 0.266667 0.661871 0.263492 0.665468 0.257143 0.665468 0.250794 0.672662 0.241270 0.676259 0.225397 0.694245 0.225397 0.697842 0.228571 0.701439 0.247619 0.701439 0.257143 0.694245 0.273016 0.690647 0.279365 0.683453 0.288889 0.679856 0.292063 0.676259
0 0.993651 0.676259 0.984127 0.683453 0.984127 0.708633 0.990476 0.719424 0.993651 0.719424 0.993651 0.687050 0.996825 0.683453 0.993651 0.679856
0 0.336508 0.697842 0.326984 0.690647 0.311111 0.690647 0.307937 0.694245 0.282540 0.701439 0.276190 0.708633 0.273016 0.708633 0.269841 0.712230 0.269841 0.723022 0.304762 0.723022 0.323810 0.712230 0.330159 0.712230 0.336508 0.705036
0 0.234921 0.755396 0.238095 0.758993 0.269841 0.758993 0.304762 0.744604 0.314286 0.744604 0.314286 0.737410 0.307937 0.733813 0.304762 0.726619 0.269841 0.726619 0.250794 0.737410 0.241270 0.737410 0.234921 0.744604
0 0.326984 0.751799 0.317460 0.744604 0.314286 0.748201 0.304762 0.748201 0.282540 0.758993 0.263492 0.762590 0.253968 0.773381 0.253968 0.780576 0.266667 0.791367 0.273016 0.791367 0.285714 0.784173 0.295238 0.784173 0.298413 0.780576 0.307937 0.780576 0.323810 0.762590
0 0.111111 0.755396 0.104762 0.755396 0.098413 0.762590 0.098413 0.773381 0.095238 0.776978 0.095238 0.780576 0.101587 0.787770 0.104762 0.784173 0.107937 0.784173 0.111111 0.780576 0.111111 0.776978 0.114286 0.773381 0.114286 0.758993
0 0.980952 0.762590 0.977778 0.766187 0.977778 0.769784 0.974603 0.773381 0.974603 0.776978 0.977778 0.780576 0.977778 0.784173 0.987302 0.794964 0.990476 0.794964 0.993651 0.798561 0.993651 0.791367 0.996825 0.787770 0.993651 0.784173 0.993651 0.762590
0 0.136508 0.784173 0.126984 0.791367 0.126984 0.805755 0.133333 0.816547 0.142857 0.816547 0.149206 0.805755 0.149206 0.787770 0.146032 0.784173
0 0.234921 0.820144 0.238095 0.827338 0.244444 0.827338 0.257143 0.834532 0.292063 0.834532 0.307937 0.827338 0.307937 0.812950 0.301587 0.805755 0.285714 0.805755 0.282540 0.802158 0.269841 0.802158 0.250794 0.812950 0.238095 0.812950
0 0.104762 0.809353 0.101587 0.812950 0.101587 0.834532 0.107937 0.841727 0.117460 0.841727 0.117460 0.830935 0.120635 0.827338 0.120635 0.823741 0.117460 0.820144 0.117460 0.816547 0.111111 0.809353
0 0.984127 0.809353 0.974603 0.820144 0.974603 0.823741 0.977778 0.827338 0.977778 0.834532 0.990476 0.848921 0.993651 0.848921 0.996825 0.845324 0.996825 0.834532 0.993651 0.830935 0.993651 0.809353
0 0.165079 0.820144 0.165079 0.834532 0.168254 0.838129 0.171429 0.863309 0.180952 0.877698 0.180952 0.881295 0.187302 0.881295 0.190476 0.877698 0.190476 0.841727 0.187302 0.838129 0.187302 0.830935 0.174603 0.820144
0 0.298413 0.852518 0.295238 0.848921 0.282540 0.848921 0.279365 0.845324 0.276190 0.848921 0.266667 0.848921 0.257143 0.856115 0.250794 0.856115 0.241270 0.866906 0.241270 0.877698 0.247619 0.877698 0.250794 0.874101 0.263492 0.874101 0.266667 0.870504 0.279365 0.870504 0.282540 0.866906 0.292063 0.866906
0 0.149206 0.859712 0.142857 0.859712 0.136508 0.866906 0.136508 0.881295 0.139683 0.884892 0.149206 0.874101 0.149206 0.870504 0.152381 0.866906 0.152381 0.863309
