0 0.514286 0.100358 0.511111 0.103943 0.511111 0.111111 0.504762 0.118280 0.504762 0.125448 0.507937 0.129032 0.507937 0.136201 0.514286 0.146953 0.539683 0.146953 0.549206 0.139785 0.549206 0.125448 0.542857 0.111111 0.533333 0.100358
0 0.393651 0.107527 0.390476 0.107527 0.387302 0.103943 0.377778 0.103943 0.365079 0.114695 0.365079 0.118280 0.361905 0.121864 0.361905 0.136201 0.365079 0.139785 0.365079 0.143369 0.368254 0.143369 0.371429 0.146953 0.377778 0.146953 0.390476 0.136201 0.400000 0.132616 0.403175 0.121864
0 0.749206 0.118280 0.742857 0.114695 0.717460 0.114695 0.698413 0.121864 0.682540 0.136201 0.682540 0.150538 0.685714 0.157706 0.698413 0.168459 0.723810 0.168459 0.739683 0.161290 0.752381 0.143369 0.752381 0.125448
0 0.104762 0.161290 0.111111 0.168459 0.120635 0.172043 0.139683 0.164875 0.149206 0.164875 0.152381 0.161290 0.161905 0.161290 0.177778 0.150538 0.180952 0.136201 0.168254 0.125448 0.126984 0.125448 0.111111 0.136201 0.104762 0.146953
0 0.460317 0.132616 0.447619 0.132616 0.425397 0.161290 0.422222 0.172043 0.431746 0.179211 0.434921 0.175627 0.438095 0.179211 0.441270 0.175627 0.450794 0.175627 0.460317 0.164875 0.460317 0.161290 0.463492 0.157706 0.463492 0.136201
0 0.628571 0.132616 0.625397 0.132616 0.625397 0.139785 0.612698 0.157706 0.612698 0.182796 0.619048 0.189964 0.625397 0.189964 0.631746 0.182796 0.631746 0.168459 0.628571 0.164875
0 0.206349 0.146953 0.193651 0.146953 0.187302 0.150538 0.180952 0.157706 0.180952 0.164875 0.174603 0.172043 0.174603 0.189964 0.184127 0.200717 0.193651 0.200717 0.206349 0.193548 0.215873 0.179211 0.215873 0.157706
0 0.809524 0.154122 0.803175 0.146953 0.800000 0.146953 0.790476 0.154122 0.777778 0.154122 0.774603 0.157706 0.771429 0.157706 0.765079 0.164875 0.765079 0.172043 0.768254 0.172043 0.771429 0.175627 0.800000 0.175627 0.803175 0.172043 0.806349 0.172043 0.806349 0.161290 0.809524 0.157706
0 0.911111 0.172043 0.907937 0.172043 0.907937 0.175627 0.904762 0.179211 0.904762 0.186380 0.901587 0.189964 0.904762 0.193548 0.907937 0.193548 0.907937 0.189964 0.911111 0.186380 0.911111 0.179211 0.914286 0.175627
0 0.580952 0.179211 0.577778 0.179211 0.574603 0.182796 0.571429 0.182796 0.565079 0.189964 0.565079 0.211470 0.571429 0.218638 0.574603 0.218638 0.584127 0.211470 0.584127 0.182796
0 0.365079 0.182796 0.361905 0.182796 0.358730 0.186380 0.355556 0.182796 0.349206 0.182796 0.349206 0.204301 0.352381 0.207885 0.352381 0.211470 0.355556 0.211470 0.361905 0.204301 0.361905 0.200717 0.365079 0.197133 0.365079 0.193548 0.368254 0.189964 0.368254 0.186380
0 0.492063 0.186380 0.479365 0.186380 0.469841 0.197133 0.469841 0.200717 0.476190 0.200717 0.479365 0.197133 0.482540 0.197133 0.485714 0.193548 0.488889 0.193548 0.488889 0.189964
0 0.676190 0.193548 0.673016 0.197133 0.673016 0.204301 0.679365 0.211470 0.685714 0.211470 0.692063 0.204301 0.692063 0.197133 0.688889 0.193548
0 0.282540 0.215054 0.276190 0.211470 0.260317 0.211470 0.253968 0.215054 0.241270 0.229391 0.234921 0.243728 0.234921 0.254480 0.238095 0.261649 0.253968 0.261649 0.257143 0.258065 0.263492 0.258065 0.276190 0.250896 0.285714 0.240143 0.285714 0.222222
0 0.396825 0.232975 0.396825 0.247312 0.409524 0.261649 0.431746 0.272401 0.457143 0.268817 0.482540 0.243728 0.482540 0.229391 0.479365 0.225806 0.460317 0.222222 0.441270 0.211470 0.422222 0.211470 0.409524 0.218638
0 0.714286 0.250896 0.698413 0.250896 0.692063 0.258065 0.688889 0.258065 0.688889 0.272401 0.698413 0.279570 0.701587 0.279570 0.704762 0.275986 0.707937 0.275986 0.717460 0.265233 0.717460 0.258065 0.714286 0.254480
0 0.161905 0.258065 0.158730 0.258065 0.155556 0.254480 0.142857 0.254480 0.139683 0.258065 0.136508 0.258065 0.123810 0.272401 0.123810 0.290323 0.133333 0.297491 0.142857 0.297491 0.146032 0.293907 0.155556 0.290323 0.165079 0.279570 0.165079 0.275986 0.168254 0.272401 0.168254 0.268817
0 0.907937 0.261649 0.904762 0.265233 0.904762 0.272401 0.907937 0.275986 0.907937 0.279570 0.911111 0.283154 0.914286 0.283154 0.914286 0.279570 0.917460 0.275986 0.917460 0.272401
0 0.666667 0.290323 0.663492 0.286738 0.647619 0.286738 0.644444 0.290323 0.634921 0.290323 0.612698 0.311828 0.609524 0.318996 0.612698 0.333333 0.615873 0.336918 0.638095 0.336918 0.650794 0.329749 0.660317 0.318996 0.666667 0.304659
0 0.346032 0.308244 0.342857 0.308244 0.339683 0.304659 0.336508 0.308244 0.333333 0.308244 0.330159 0.311828 0.326984 0.311828 0.320635 0.318996 0.320635 0.322581 0.323810 0.326165 0.326984 0.326165 0.330159 0.329749 0.339683 0.329749 0.346032 0.322581
0 0.523810 0.315412 0.520635 0.315412 0.517460 0.318996 0.511111 0.318996 0.511111 0.322581 0.504762 0.329749 0.504762 0.340502 0.507937 0.344086 0.507937 0.351254 0.514286 0.358423 0.526984 0.358423 0.533333 0.351254 0.533333 0.326165
0 0.419048 0.340502 0.419048 0.347670 0.422222 0.351254 0.422222 0.354839 0.425397 0.354839 0.434921 0.362007 0.450794 0.362007 0.457143 0.351254 0.457143 0.340502 0.453968 0.336918 0.453968 0.333333 0.444444 0.326165 0.434921 0.326165 0.431746 0.329749 0.428571 0.329749
0 0.822222 0.326165 0.812698 0.333333 0.812698 0.347670 0.819048 0.354839 0.822222 0.354839 0.825397 0.358423 0.828571 0.358423 0.838095 0.351254 0.838095 0.333333 0.834921 0.333333 0.831746 0.329749 0.828571 0.329749 0.825397 0.326165
0 0.460317 0.344086 0.460317 0.351254 0.453968 0.362007 0.466667 0.379928 0.479365 0.387097 0.485714 0.383513 0.492063 0.387097 0.504762 0.376344 0.504762 0.358423 0.488889 0.340502 0.482540 0.344086 0.469841 0.344086 0.466667 0.347670
0 0.304762 0.365591 0.301587 0.362007 0.295238 0.362007 0.292063 0.365591 0.288889 0.365591 0.282540 0.372760 0.282540 0.376344 0.276190 0.383513 0.276190 0.387097 0.279365 0.390681 0.288889 0.390681 0.304762 0.372760
0 0.092063 0.383513 0.092063 0.397849 0.104762 0.408602 0.139683 0.408602 0.152381 0.397849 0.152381 0.383513 0.149206 0.376344 0.146032 0.376344 0.136508 0.365591 0.114286 0.365591 0.101587 0.372760
0 0.441270 0.383513 0.434921 0.376344 0.428571 0.376344 0.425397 0.379928 0.422222 0.379928 0.419048 0.383513 0.415873 0.383513 0.406349 0.394265 0.406349 0.401434 0.409524 0.405018 0.422222 0.405018 0.425397 0.401434 0.431746 0.401434 0.441270 0.390681
0 0.907937 0.390681 0.907937 0.401434 0.911111 0.405018 0.917460 0.405018 0.920635 0.408602 0.930159 0.408602 0.933333 0.405018 0.936508 0.405018 0.939683 0.401434 0.939683 0.397849 0.933333 0.390681 0.930159 0.390681 0.926984 0.387097 0.914286 0.387097 0.911111 0.390681
0 0.238095 0.405018 0.225397 0.415771 0.225397 0.419355 0.222222 0.422939 0.222222 0.433692 0.225397 0.437276 0.225397 0.440860 0.228571 0.440860 0.231746 0.444444 0.250794 0.444444 0.253968 0.440860 0.257143 0.440860 0.266667 0.430108 0.266667 0.419355 0.263492 0.415771 0.263492 0.412186 0.253968 0.405018
0 0.279365 0.408602 0.279365 0.419355 0.295238 0.419355 0.298413 0.415771 0.298413 0.412186 0.295238 0.408602
0 0.984127 0.408602 0.980952 0.412186 0.980952 0.422939 0.987302 0.430108 0.990476 0.430108 0.993651 0.426523 0.993651 0.412186 0.990476 0.412186 0.987302 0.408602
0 0.453968 0.419355 0.453968 0.430108 0.457143 0.433692 0.463492 0.433692 0.466667 0.437276 0.469841 0.437276 0.473016 0.433692 0.479365 0.433692 0.482540 0.430108 0.482540 0.419355 0.476190 0.412186 0.460317 0.412186
0 0.812698 0.419355 0.800000 0.419355 0.800000 0.433692 0.803175 0.437276 0.806349 0.433692 0.809524 0.433692 0.809524 0.430108 0.815873 0.422939
0 0.714286 0.433692 0.714286 0.448029 0.717460 0.451613 0.720635 0.451613 0.723810 0.455197 0.730159 0.455197 0.733333 0.451613 0.736508 0.451613 0.736508 0.437276 0.733333 0.437276 0.730159 0.433692 0.726984 0.433692 0.723810 0.430108 0.720635 0.433692
0 0.926984 0.437276 0.920635 0.444444 0.920635 0.451613 0.926984 0.458781 0.939683 0.458781 0.942857 0.455197 0.942857 0.440860 0.939683 0.437276
0 0.682540 0.455197 0.676190 0.462366 0.676190 0.473118 0.682540 0.480287 0.698413 0.480287 0.701587 0.476703 0.701587 0.462366 0.698413 0.458781 0.698413 0.455197 0.695238 0.455197 0.692063 0.451613 0.688889 0.451613 0.685714 0.455197
0 0.403175 0.458781 0.390476 0.458781 0.387302 0.462366 0.384127 0.462366 0.374603 0.473118 0.374603 0.476703 0.380952 0.483871 0.390476 0.483871 0.396825 0.476703 0.396825 0.473118 0.403175 0.465950
0 0.406349 0.491039 0.400000 0.491039 0.396825 0.494624 0.393651 0.494624 0.390476 0.498208 0.390476 0.505376 0.393651 0.508961 0.400000 0.508961 0.400000 0.505376 0.406349 0.498208
0 0.476190 0.505376 0.479365 0.508961 0.479365 0.512545 0.485714 0.519713 0.488889 0.519713 0.492063 0.523297 0.501587 0.523297 0.504762 0.526882 0.507937 0.523297 0.520635 0.523297 0.523810 0.519713 0.523810 0.516129 0.514286 0.505376 0.507937 0.505376 0.504762 0.501792 0.498413 0.501792 0.495238 0.498208 0.479365 0.498208 0.479365 0.501792
0 0.673016 0.505376 0.673016 0.508961 0.676190 0.512545 0.688889 0.512545 0.692063 0.516129 0.698413 0.516129 0.701587 0.512545 0.701587 0.508961 0.698413 0.505376 0.695238 0.505376 0.692063 0.501792 0.676190 0.501792
0 0.174603 0.530466 0.171429 0.526882 0.161905 0.526882 0.152381 0.537634 0.152381 0.544803 0.149206 0.548387 0.152381 0.551971 0.161905 0.551971 0.174603 0.537634
0 0.758730 0.541219 0.758730 0.548387 0.761905 0.551971 0.780952 0.551971 0.784127 0.555556 0.787302 0.555556 0.790476 0.551971 0.796825 0.551971 0.793651 0.548387 0.793651 0.544803 0.774603 0.544803 0.771429 0.541219
0 0.857143 0.541219 0.853968 0.544803 0.853968 0.551971 0.857143 0.555556 0.866667 0.555556 0.869841 0.551971 0.869841 0.544803 0.866667 0.541219
0 0.838095 0.555556 0.831746 0.555556 0.825397 0.562724 0.825397 0.566308 0.822222 0.569892 0.825397 0.573477 0.825397 0.577061 0.828571 0.580645 0.831746 0.580645 0.834921 0.584229 0.838095 0.580645 0.841270 0.580645 0.841270 0.562724 0.838095 0.559140
0 0.161905 0.577061 0.161905 0.580645 0.168254 0.587814 0.180952 0.587814 0.184127 0.591398 0.193651 0.584229 0.193651 0.573477 0.190476 0.569892 0.190476 0.566308 0.187302 0.566308 0.184127 0.562724 0.174603 0.562724 0.171429 0.566308 0.168254 0.566308
0 0.625397 0.573477 0.625397 0.587814 0.641270 0.587814 0.644444 0.591398 0.653968 0.591398 0.657143 0.587814 0.657143 0.577061 0.647619 0.566308 0.644444 0.566308 0.641270 0.562724 0.638095 0.562724 0.634921 0.566308 0.631746 0.566308
0 0.676190 0.620072 0.676190 0.630824 0.688889 0.641577 0.707937 0.641577 0.720635 0.630824 0.726984 0.630824 0.726984 0.609319 0.720635 0.605735 0.698413 0.605735 0.695238 0.609319 0.688889 0.609319 0.682540 0.612903
0 0.193651 0.620072 0.190476 0.623656 0.190476 0.630824 0.193651 0.634409 0.193651 0.637993 0.196825 0.641577 0.206349 0.641577 0.209524 0.637993 0.209524 0.623656 0.206349 0.620072
0 0.552381 0.641577 0.552381 0.648746 0.555556 0.652330 0.558730 0.652330 0.561905 0.655914 0.561905 0.659498 0.568254 0.659498 0.571429 0.663082 0.584127 0.663082 0.587302 0.659498 0.587302 0.655914 0.593651 0.648746 0.590476 0.645161 0.587302 0.645161 0.584127 0.641577 0.584127 0.637993 0.574603 0.637993 0.571429 0.634409 0.558730 0.634409
0 0.946032 0.648746 0.946032 0.666667 0.949206 0.670251 0.949206 0.673835 0.958730 0.677419 0.968254 0.670251 0.974603 0.670251 0.974603 0.666667 0.977778 0.663082 0.977778 0.655914 0.968254 0.645161 0.965079 0.645161 0.961905 0.641577 0.952381 0.641577
0 0.853968 0.645161 0.847619 0.655914 0.847619 0.659498 0.850794 0.663082 0.850794 0.666667 0.857143 0.673835 0.860317 0.673835 0.863492 0.677419 0.869841 0.677419 0.869841 0.663082 0.873016 0.659498 0.873016 0.648746 0.869841 0.648746 0.866667 0.645161
0 0.901587 0.655914 0.892063 0.648746 0.885714 0.648746 0.882540 0.652330 0.876190 0.652330 0.876190 0.659498 0.873016 0.663082 0.873016 0.681004 0.892063 0.681004 0.895238 0.677419 0.898413 0.677419 0.898413 0.673835 0.901587 0.670251
0 0.095238 0.659498 0.095238 0.670251 0.111111 0.688172 0.114286 0.688172 0.117460 0.691756 0.123810 0.691756 0.126984 0.688172 0.130159 0.688172 0.130159 0.677419 0.123810 0.670251 0.120635 0.670251 0.114286 0.663082 0.111111 0.663082 0.107937 0.659498
0 0.609524 0.666667 0.609524 0.673835 0.612698 0.677419 0.638095 0.677419 0.641270 0.673835 0.641270 0.670251 0.634921 0.663082 0.628571 0.663082 0.625397 0.659498 0.622222 0.659498 0.619048 0.663082 0.612698 0.663082
0 0.257143 0.670251 0.257143 0.677419 0.260317 0.681004 0.263492 0.681004 0.266667 0.684588 0.279365 0.684588 0.282540 0.681004 0.282540 0.670251 0.276190 0.663082 0.263492 0.663082
0 0.168254 0.673835 0.174603 0.684588 0.193651 0.695341 0.200000 0.702509 0.222222 0.702509 0.228571 0.698925 0.228571 0.684588 0.203175 0.670251 0.196825 0.670251 0.193651 0.666667 0.177778 0.666667
0 0.406349 0.666667 0.396825 0.666667 0.393651 0.670251 0.387302 0.670251 0.384127 0.673835 0.380952 0.673835 0.371429 0.681004 0.374603 0.684588 0.400000 0.684588 0.403175 0.681004 0.406349 0.681004
0 0.419048 0.677419 0.419048 0.681004 0.425397 0.688172 0.447619 0.688172 0.447619 0.677419 0.441270 0.670251 0.425397 0.670251
0 0.768254 0.677419 0.765079 0.681004 0.765079 0.688172 0.768254 0.691756 0.768254 0.695341 0.774603 0.702509 0.787302 0.702509 0.793651 0.695341 0.793651 0.677419 0.790476 0.677419 0.787302 0.673835 0.774603 0.673835 0.771429 0.677419
0 0.828571 0.684588 0.828571 0.698925 0.838095 0.716846 0.841270 0.716846 0.844444 0.720430 0.866667 0.720430 0.869841 0.716846 0.869841 0.695341 0.866667 0.691756 0.860317 0.691756 0.857143 0.688172 0.850794 0.688172 0.847619 0.684588 0.841270 0.684588 0.838095 0.681004 0.831746 0.681004
0 0.142857 0.702509 0.142857 0.706093 0.146032 0.709677 0.155556 0.709677 0.158730 0.713262 0.165079 0.713262 0.168254 0.716846 0.193651 0.716846 0.193651 0.713262 0.200000 0.706093 0.193651 0.698925 0.184127 0.695341 0.177778 0.688172 0.155556 0.691756
0 0.695238 0.691756 0.695238 0.695341 0.698413 0.698925 0.701587 0.698925 0.704762 0.702509 0.714286 0.702509 0.717460 0.706093 0.739683 0.706093 0.739683 0.702509 0.742857 0.698925 0.742857 0.695341 0.736508 0.688172 0.698413 0.688172
0 0.390476 0.724014 0.390476 0.731183 0.393651 0.734767 0.409524 0.734767 0.412698 0.731183 0.406349 0.724014 0.403175 0.724014 0.400000 0.720430 0.396825 0.720430 0.393651 0.724014
0 0.314286 0.731183 0.314286 0.741935 0.317460 0.745520 0.346032 0.745520 0.352381 0.738351 0.352381 0.731183 0.346032 0.724014 0.320635 0.724014
0 0.488889 0.727599 0.485714 0.731183 0.485714 0.741935 0.488889 0.741935 0.492063 0.745520 0.492063 0.752688 0.498413 0.759857 0.507937 0.759857 0.507937 0.749104 0.504762 0.745520 0.504762 0.734767 0.495238 0.727599
0 0.441270 0.741935 0.441270 0.745520 0.450794 0.756272 0.453968 0.756272 0.457143 0.759857 0.460317 0.756272 0.460317 0.745520 0.457143 0.745520 0.453968 0.741935
0 0.536508 0.749104 0.536508 0.756272 0.542857 0.763441 0.549206 0.767025 0.558730 0.767025 0.561905 0.770609 0.577778 0.770609 0.580952 0.767025 0.609524 0.767025 0.612698 0.763441 0.612698 0.756272 0.609524 0.752688 0.590476 0.749104 0.587302 0.745520 0.542857 0.745520
0 0.234921 0.752688 0.241270 0.759857 0.244444 0.759857 0.247619 0.763441 0.253968 0.763441 0.257143 0.767025 0.273016 0.767025 0.276190 0.763441 0.269841 0.756272 0.263492 0.756272 0.260317 0.752688 0.250794 0.752688 0.247619 0.749104 0.238095 0.749104
0 0.977778 0.749104 0.974603 0.752688 0.974603 0.763441 0.977778 0.763441 0.984127 0.770609 0.993651 0.770609 0.993651 0.767025 0.996825 0.763441 0.996825 0.759857 0.993651 0.756272 0.993651 0.749104
0 0.907937 0.770609 0.911111 0.774194 0.911111 0.777778 0.914286 0.777778 0.923810 0.784946 0.930159 0.784946 0.933333 0.788530 0.961905 0.788530 0.958730 0.777778 0.952381 0.770609 0.949206 0.770609 0.946032 0.767025 0.939683 0.767025 0.936508 0.763441 0.917460 0.763441
0 0.815873 0.781362 0.815873 0.792115 0.844444 0.802867 0.860317 0.802867 0.863492 0.806452 0.907937 0.806452 0.914286 0.802867 0.901587 0.788530 0.866667 0.777778 0.822222 0.777778
0 0.577778 0.792115 0.580952 0.799283 0.606349 0.810036 0.634921 0.810036 0.682540 0.820789 0.714286 0.820789 0.720635 0.813620 0.720635 0.802867 0.685714 0.792115 0.628571 0.784946 0.590476 0.784946
0 0.460317 0.802867 0.460317 0.810036 0.466667 0.817204 0.476190 0.817204 0.479365 0.820789 0.520635 0.820789 0.533333 0.813620 0.533333 0.806452 0.530159 0.802867 0.520635 0.802867 0.517460 0.799283 0.501587 0.799283 0.498413 0.795699 0.485714 0.795699 0.482540 0.799283 0.469841 0.799283 0.466667 0.802867
0 0.142857 0.817204 0.142857 0.820789 0.146032 0.824373 0.146032 0.827957 0.149206 0.827957 0.152381 0.831541 0.158730 0.831541 0.168254 0.838710 0.171429 0.838710 0.174603 0.835125 0.177778 0.835125 0.177778 0.824373 0.174603 0.820789 0.171429 0.820789 0.161905 0.813620 0.146032 0.813620
0 0.514286 0.835125 0.517460 0.838710 0.517460 0.842294 0.526984 0.853047 0.530159 0.853047 0.533333 0.849462 0.536508 0.849462 0.539683 0.845878 0.539683 0.831541 0.517460 0.831541
0 0.755556 0.842294 0.755556 0.845878 0.765079 0.853047 0.800000 0.856631 0.803175 0.860215 0.806349 0.856631 0.834921 0.853047 0.844444 0.845878 0.838095 0.835125 0.825397 0.835125 0.822222 0.831541 0.780952 0.831541 0.777778 0.835125 0.765079 0.835125
0 0.949206 0.835125 0.949206 0.842294 0.958730 0.853047 0.987302 0.853047 0.990476 0.849462 0.993651 0.849462 0.993651 0.835125 0.984127 0.835125 0.980952 0.831541 0.952381 0.831541
0 0.273016 0.856631 0.273016 0.863799 0.279365 0.870968 0.295238 0.870968 0.298413 0.874552 0.301587 0.870968 0.314286 0.870968 0.320635 0.863799 0.320635 0.860215 0.311111 0.853047 0.301587 0.853047 0.298413 0.849462 0.288889 0.849462 0.285714 0.845878 0.276190 0.849462 0.276190 0.853047
0 0.882540 0.867384 0.876190 0.867384 0.866667 0.878136 0.866667 0.881720 0.863492 0.885305 0.863492 0.892473 0.860317 0.896057 0.863492 0.899642 0.863492 0.903226 0.873016 0.903226 0.876190 0.899642 0.879365 0.899642 0.882540 0.896057 0.882540 0.892473 0.888889 0.885305 0.888889 0.874552
0 0.895238 0.870968 0.895238 0.874552 0.898413 0.874552 0.901587 0.878136 0.917460 0.878136 0.920635 0.874552 0.920635 0.870968 0.911111 0.870968 0.907937 0.867384 0.898413 0.867384
0 0.968254 0.885305 0.965079 0.888889 0.965079 0.899642 0.968254 0.899642 0.971429 0.903226 0.980952 0.903226 0.987302 0.896057 0.987302 0.885305 0.984127 0.885305 0.980952 0.881720 0.974603 0.881720 0.971429 0.885305
0 0.406349 0.892473 0.406349 0.899642 0.412698 0.906810 0.422222 0.906810 0.425397 0.910394 0.428571 0.910394 0.431746 0.906810 0.438095 0.906810 0.441270 0.903226 0.441270 0.899642 0.431746 0.888889 0.412698 0.888889 0.409524 0.892473
0 0.473016 0.903226 0.473016 0.906810 0.476190 0.906810 0.479365 0.910394 0.492063 0.910394 0.495238 0.913978 0.501587 0.913978 0.504762 0.910394 0.492063 0.896057 0.479365 0.896057
0 0.326984 0.906810 0.320635 0.899642 0.307937 0.899642 0.304762 0.903226 0.301587 0.903226 0.292063 0.913978 0.292063 0.924731 0.295238 0.924731 0.298413 0.928315 0.317460 0.928315 0.320635 0.924731 0.323810 0.924731 0.323810 0.921147 0.326984 0.917563
0 0.555556 0.910394 0.555556 0.913978 0.561905 0.921147 0.577778 0.921147 0.587302 0.913978 0.590476 0.917563 0.600000 0.917563 0.596825 0.906810 0.593651 0.906810 0.590476 0.903226 0.561905 0.903226
0 0.622222 0.931900 0.638095 0.946237 0.663492 0.946237 0.679365 0.939068 0.698413 0.921147 0.688889 0.921147 0.685714 0.913978 0.679365 0.917563 0.673016 0.917563 0.669841 0.913978 0.657143 0.913978 0.653968 0.917563 0.628571 0.917563 0.622222 0.924731
0 0.860317 0.928315 0.860317 0.942652 0.866667 0.949821 0.882540 0.949821 0.885714 0.946237 0.888889 0.946237 0.888889 0.942652 0.892063 0.939068 0.892063 0.924731 0.882540 0.917563 0.869841 0.917563
0 0.444444 0.935484 0.444444 0.942652 0.450794 0.949821 0.453968 0.949821 0.457143 0.953405 0.479365 0.953405 0.485714 0.946237 0.485714 0.942652 0.479365 0.935484 0.476190 0.935484 0.473016 0.931900 0.466667 0.931900 0.463492 0.928315 0.460317 0.928315 0.457143 0.931900 0.447619 0.931900
0 0.361905 0.960573 0.361905 0.967742 0.365079 0.971326 0.365079 0.974910 0.368254 0.974910 0.371429 0.978495 0.377778 0.978495 0.380952 0.974910 0.387302 0.974910 0.390476 0.971326 0.393651 0.971326 0.396825 0.967742 0.400000 0.956989 0.390476 0.946237 0.374603 0.946237 0.371429 0.949821 0.368254 0.949821 0.368254 0.953405
0 0.619048 0.967742 0.615873 0.960573 0.600000 0.946237 0.593651 0.946237 0.590476 0.949821 0.580952 0.949821 0.577778 0.953405 0.571429 0.953405 0.568254 0.956989 0.555556 0.960573 0.558730 0.971326 0.571429 0.978495 0.603175 0.978495 0.606349 0.974910 0.612698 0.974910
0 0.276190 0.985663 0.279365 0.989247 0.279365 0.992832 0.304762 0.992832 0.307937 0.989247 0.311111 0.989247 0.317460 0.982079 0.317460 0.978495 0.311111 0.971326 0.285714 0.971326 0.282540 0.974910 0.279365 0.974910
0 0.771429 0.974910 0.771429 0.985663 0.774603 0.989247 0.780952 0.989247 0.784127 0.992832 0.796825 0.992832 0.800000 0.989247 0.803175 0.989247 0.803175 0.982079 0.800000 0.982079 0.793651 0.974910 0.787302 0.974910 0.784127 0.971326 0.774603 0.971326
0 0.511111 0.978495 0.507937 0.974910 0.495238 0.974910 0.492063 0.978495 0.488889 0.978495 0.482540 0.985663 0.482540 0.989247 0.485714 0.992832 0.495238 0.992832 0.501587 0.985663 0.504762 0.985663 0.507937 0.982079 0.511111 0.982079
