0 0.302548 0.017986 0.308917 0.025180 0.318471 0.025180 0.321656 0.021583 0.331210 0.021583 0.340764 0.010791 0.340764 0.003597 0.334395 0.003597 0.331210 0.000000 0.315287 0.000000 0.312102 0.003597 0.305732 0.003597 0.302548 0.007194
0 0.554140 0.003597 0.544586 0.003597 0.541401 0.000000 0.538217 0.000000 0.535032 0.003597 0.522293 0.003597 0.519108 0.007194 0.519108 0.010791 0.522293 0.014388 0.522293 0.017986 0.528662 0.025180 0.538217 0.025180 0.541401 0.021583 0.544586 0.021583 0.554140 0.010791
0 0.802548 0.000000 0.789809 0.000000 0.786624 0.003597 0.783439 0.003597 0.780255 0.007194 0.780255 0.014388 0.783439 0.017986 0.783439 0.021583 0.786624 0.025180 0.796178 0.025180 0.799363 0.021583 0.802548 0.021583 0.802548 0.017986 0.805732 0.014388 0.805732 0.010791 0.808917 0.007194
0 0.878981 0.003597 0.875796 0.000000 0.872611 0.003597 0.856688 0.003597 0.856688 0.007194 0.859873 0.010791 0.863057 0.010791 0.866242 0.014388 0.872611 0.014388 0.878981 0.007194
0 0.808917 0.039568 0.808917 0.050360 0.815287 0.057554 0.815287 0.061151 0.818471 0.064748 0.821656 0.064748 0.828025 0.071942 0.840764 0.071942 0.843949 0.068345 0.843949 0.064748 0.847134 0.061151 0.847134 0.053957 0.840764 0.046763 0.837580 0.046763 0.834395 0.043165 0.828025 0.043165 0.824841 0.039568 0.818471 0.039568 0.815287 0.035971 0.812102 0.039568
0 0.420382 0.053957 0.420382 0.061151 0.423567 0.064748 0.423567 0.068345 0.433121 0.079137 0.442675 0.079137 0.445860 0.075540 0.461783 0.071942 0.468153 0.064748 0.468153 0.057554 0.458599 0.046763 0.455414 0.046763 0.452229 0.043165 0.445860 0.043165 0.442675 0.039568 0.436306 0.039568 0.433121 0.043165 0.423567 0.046763 0.423567 0.050360
0 0.595541 0.057554 0.595541 0.064748 0.601911 0.071942 0.640127 0.093525 0.646497 0.093525 0.659236 0.100719 0.671975 0.100719 0.671975 0.097122 0.643312 0.068345 0.614650 0.053957 0.598726 0.053957
0 0.216561 0.082734 0.222930 0.089928 0.226115 0.089928 0.229299 0.093525 0.245223 0.093525 0.248408 0.097122 0.251592 0.093525 0.257962 0.093525 0.261146 0.089928 0.261146 0.075540 0.251592 0.068345 0.238854 0.068345 0.235669 0.071942 0.229299 0.071942 0.226115 0.075540 0.222930 0.075540
0 0.742038 0.068345 0.738854 0.071942 0.738854 0.079137 0.761146 0.104317 0.767516 0.104317 0.770701 0.107914 0.777070 0.100719 0.777070 0.089928 0.773885 0.086331 0.773885 0.082734 0.767516 0.075540 0.764331 0.075540 0.754777 0.068345
0 0.410828 0.097122 0.407643 0.093525 0.404459 0.097122 0.398089 0.097122 0.394904 0.100719 0.388535 0.100719 0.382166 0.107914 0.382166 0.118705 0.385350 0.122302 0.394904 0.122302 0.401274 0.115108 0.404459 0.115108 0.407643 0.111511 0.407643 0.107914 0.410828 0.104317
0 0.490446 0.115108 0.484076 0.111511 0.464968 0.115108 0.449045 0.125899 0.439490 0.125899 0.429936 0.133094 0.429936 0.140288 0.433121 0.147482 0.439490 0.151079 0.449045 0.151079 0.461783 0.143885 0.468153 0.136691 0.480892 0.133094 0.490446 0.122302
0 0.060510 0.118705 0.057325 0.115108 0.044586 0.115108 0.028662 0.133094 0.028662 0.143885 0.044586 0.143885 0.047771 0.140288 0.050955 0.140288 0.060510 0.129496
0 0.659236 0.118705 0.656051 0.122302 0.656051 0.136691 0.659236 0.140288 0.659236 0.143885 0.662420 0.143885 0.671975 0.151079 0.678344 0.151079 0.678344 0.136691 0.675159 0.133094 0.675159 0.129496 0.668790 0.122302 0.668790 0.118705
0 0.124204 0.133094 0.124204 0.140288 0.127389 0.143885 0.127389 0.147482 0.130573 0.147482 0.133758 0.151079 0.149682 0.151079 0.159236 0.140288 0.159236 0.136691 0.156051 0.133094 0.143312 0.133094 0.140127 0.129496 0.127389 0.129496
0 0.277070 0.147482 0.283439 0.147482 0.286624 0.143885 0.292994 0.143885 0.296178 0.140288 0.296178 0.133094 0.280255 0.133094 0.277070 0.136691
0 0.098726 0.161871 0.085987 0.151079 0.066879 0.154676 0.044586 0.169065 0.041401 0.176259 0.041401 0.187050 0.044586 0.190647 0.073248 0.190647 0.076433 0.187050 0.082803 0.187050 0.098726 0.176259
0 0.407643 0.176259 0.388535 0.165468 0.369427 0.165468 0.366242 0.169065 0.353503 0.169065 0.350318 0.172662 0.324841 0.172662 0.318471 0.176259 0.318471 0.183453 0.324841 0.187050 0.378981 0.187050 0.382166 0.183453 0.398089 0.183453 0.401274 0.179856 0.407643 0.179856
0 0.681529 0.176259 0.675159 0.194245 0.684713 0.205036 0.687898 0.205036 0.697452 0.212230 0.713376 0.212230 0.716561 0.201439 0.710191 0.194245 0.710191 0.190647 0.694268 0.176259
0 0.859873 0.187050 0.859873 0.194245 0.866242 0.201439 0.869427 0.201439 0.872611 0.205036 0.875796 0.205036 0.875796 0.190647 0.869427 0.190647 0.866242 0.187050
0 0.378981 0.208633 0.378981 0.219424 0.385350 0.230216 0.388535 0.230216 0.404459 0.241007 0.423567 0.241007 0.423567 0.226619 0.407643 0.212230 0.404459 0.212230 0.401274 0.208633 0.394904 0.208633 0.391720 0.205036 0.382166 0.205036
0 0.442675 0.212230 0.442675 0.215827 0.449045 0.223022 0.474522 0.237410 0.480892 0.237410 0.484076 0.241007 0.503185 0.241007 0.506369 0.237410 0.490446 0.219424 0.484076 0.215827 0.477707 0.215827 0.474522 0.212230
0 0.550955 0.223022 0.560510 0.226619 0.573248 0.241007 0.576433 0.241007 0.579618 0.244604 0.585987 0.244604 0.595541 0.251799 0.605096 0.251799 0.605096 0.244604 0.595541 0.233813 0.589172 0.233813 0.585987 0.230216 0.582803 0.230216 0.579618 0.226619 0.573248 0.226619 0.570064 0.223022
0 0.347134 0.237410 0.343949 0.241007 0.343949 0.251799 0.356688 0.266187 0.363057 0.266187 0.366242 0.262590 0.366242 0.255396 0.363057 0.251799 0.363057 0.244604 0.356688 0.237410
0 0.792994 0.241007 0.786624 0.241007 0.780255 0.248201 0.780255 0.255396 0.777070 0.258993 0.783439 0.266187 0.786624 0.266187 0.789809 0.269784 0.792994 0.266187 0.796178 0.266187 0.802548 0.258993 0.802548 0.251799 0.799363 0.248201 0.799363 0.244604 0.796178 0.244604
0 0.054140 0.266187 0.054140 0.276978 0.060510 0.284173 0.063694 0.280576 0.076433 0.280576 0.073248 0.276978 0.073248 0.266187 0.070064 0.262590 0.057325 0.262590
0 0.388535 0.262590 0.388535 0.266187 0.385350 0.269784 0.388535 0.273381 0.388535 0.280576 0.391720 0.284173 0.391720 0.287770 0.394904 0.287770 0.398089 0.291367 0.407643 0.291367 0.410828 0.287770 0.410828 0.273381 0.401274 0.262590
0 0.640127 0.280576 0.640127 0.294964 0.649682 0.302158 0.662420 0.302158 0.671975 0.294964 0.671975 0.287770 0.662420 0.276978 0.659236 0.276978 0.656051 0.273381 0.646497 0.273381
0 0.079618 0.280576 0.079618 0.291367 0.082803 0.294964 0.082803 0.298561 0.092357 0.298561 0.095541 0.294964 0.095541 0.291367 0.098726 0.287770 0.092357 0.280576
0 0.184713 0.287770 0.181529 0.291367 0.181529 0.298561 0.187898 0.305755 0.191083 0.305755 0.194268 0.309353 0.200637 0.309353 0.203822 0.305755 0.203822 0.298561 0.194268 0.287770
0 0.003185 0.294964 0.003185 0.309353 0.006369 0.312950 0.019108 0.312950 0.022293 0.316547 0.028662 0.316547 0.031847 0.312950 0.031847 0.309353 0.028662 0.305755 0.019108 0.305755 0.015924 0.302158 0.012739 0.302158 0.006369 0.294964
0 0.388535 0.316547 0.388535 0.320144 0.391720 0.323741 0.394904 0.323741 0.398089 0.327338 0.410828 0.327338 0.414013 0.323741 0.414013 0.316547 0.407643 0.316547 0.404459 0.312950 0.404459 0.309353 0.391720 0.309353 0.391720 0.312950
0 0.490446 0.312950 0.490446 0.323741 0.493631 0.327338 0.496815 0.327338 0.500000 0.330935 0.506369 0.330935 0.509554 0.327338 0.512739 0.327338 0.515924 0.323741 0.515924 0.316547 0.509554 0.309353 0.493631 0.309353
0 0.267516 0.312950 0.261146 0.320144 0.261146 0.323741 0.264331 0.327338 0.273885 0.327338 0.277070 0.323741 0.277070 0.316547 0.273885 0.312950
0 0.299363 0.316547 0.299363 0.320144 0.302548 0.323741 0.302548 0.327338 0.312102 0.327338 0.315287 0.330935 0.321656 0.323741 0.318471 0.320144 0.318471 0.316547 0.315287 0.312950 0.302548 0.312950
0 0.560510 0.320144 0.560510 0.323741 0.557325 0.327338 0.557325 0.341727 0.560510 0.345324 0.576433 0.345324 0.579618 0.341727 0.582803 0.341727 0.589172 0.330935 0.589172 0.323741 0.585987 0.323741 0.576433 0.316547 0.566879 0.316547 0.563694 0.320144
0 0.837580 0.320144 0.831210 0.320144 0.828025 0.323741 0.821656 0.323741 0.812102 0.334532 0.812102 0.341727 0.815287 0.345324 0.821656 0.345324 0.824841 0.341727 0.828025 0.341727 0.828025 0.338129 0.834395 0.330935 0.834395 0.327338 0.837580 0.323741
0 0.474522 0.338129 0.471338 0.334532 0.458599 0.334532 0.452229 0.341727 0.452229 0.359712 0.464968 0.359712 0.468153 0.356115 0.471338 0.356115 0.474522 0.352518
0 0.767516 0.345324 0.767516 0.370504 0.770701 0.374101 0.770701 0.377698 0.773885 0.381295 0.786624 0.381295 0.789809 0.377698 0.789809 0.366906 0.786624 0.363309 0.786624 0.359712 0.777070 0.348921 0.773885 0.348921 0.770701 0.345324
0 0.012739 0.352518 0.003185 0.352518 0.003185 0.356115 0.000000 0.359712 0.000000 0.388489 0.003185 0.392086 0.006369 0.392086 0.009554 0.388489 0.019108 0.384892 0.025478 0.374101 0.025478 0.363309 0.019108 0.356115 0.015924 0.356115
0 0.388535 0.359712 0.385350 0.363309 0.385350 0.377698 0.391720 0.384892 0.394904 0.384892 0.398089 0.388489 0.401274 0.388489 0.401274 0.377698 0.394904 0.370504 0.394904 0.366906
0 0.668790 0.359712 0.665605 0.363309 0.665605 0.377698 0.671975 0.377698 0.675159 0.381295 0.681529 0.374101 0.678344 0.370504 0.678344 0.363309 0.675159 0.359712
0 0.531847 0.366906 0.519108 0.366906 0.515924 0.370504 0.512739 0.370504 0.509554 0.374101 0.509554 0.384892 0.512739 0.388489 0.512739 0.392086 0.515924 0.395683 0.525478 0.395683 0.535032 0.384892 0.535032 0.370504
0 0.592357 0.374101 0.592357 0.377698 0.601911 0.388489 0.608280 0.388489 0.611465 0.392086 0.614650 0.388489 0.617834 0.388489 0.617834 0.370504 0.614650 0.370504 0.611465 0.366906 0.601911 0.366906 0.598726 0.370504 0.595541 0.370504
0 0.232484 0.384892 0.226115 0.392086 0.226115 0.402878 0.232484 0.410072 0.248408 0.410072 0.248408 0.388489 0.245223 0.384892
0 0.729299 0.388489 0.729299 0.399281 0.732484 0.399281 0.735669 0.402878 0.764331 0.402878 0.767516 0.399281 0.767516 0.395683 0.761146 0.388489 0.754777 0.388489 0.751592 0.384892 0.732484 0.384892
0 0.203822 0.388489 0.200637 0.388489 0.197452 0.392086 0.194268 0.392086 0.184713 0.402878 0.184713 0.406475 0.181529 0.410072 0.191083 0.420863 0.203822 0.420863 0.210191 0.413669 0.210191 0.395683
0 0.557325 0.388489 0.554140 0.388489 0.554140 0.392086 0.550955 0.395683 0.547771 0.395683 0.541401 0.402878 0.538217 0.402878 0.531847 0.410072 0.528662 0.410072 0.528662 0.420863 0.531847 0.424460 0.535032 0.424460 0.538217 0.428058 0.547771 0.428058 0.550955 0.424460 0.557325 0.424460 0.560510 0.420863 0.563694 0.420863 0.563694 0.417266 0.566879 0.413669 0.566879 0.402878 0.560510 0.395683 0.560510 0.392086
0 0.060510 0.399281 0.060510 0.402878 0.057325 0.406475 0.057325 0.410072 0.060510 0.413669 0.060510 0.420863 0.063694 0.420863 0.066879 0.424460 0.073248 0.424460 0.076433 0.420863 0.085987 0.420863 0.085987 0.417266 0.089172 0.413669 0.085987 0.410072 0.085987 0.406475 0.082803 0.402878 0.082803 0.399281 0.079618 0.399281 0.076433 0.395683 0.063694 0.395683
0 0.461783 0.395683 0.455414 0.395683 0.452229 0.399281 0.449045 0.399281 0.442675 0.406475 0.442675 0.417266 0.449045 0.424460 0.458599 0.424460 0.461783 0.420863 0.464968 0.420863 0.464968 0.417266 0.468153 0.413669 0.468153 0.406475 0.464968 0.402878 0.464968 0.399281
0 0.503185 0.399281 0.500000 0.399281 0.496815 0.395683 0.487261 0.395683 0.477707 0.406475 0.477707 0.413669 0.480892 0.417266 0.490446 0.417266 0.493631 0.413669 0.496815 0.413669 0.503185 0.406475
0 0.388535 0.410072 0.375796 0.410072 0.372611 0.413669 0.366242 0.413669 0.363057 0.417266 0.359873 0.417266 0.353503 0.424460 0.353503 0.435252 0.363057 0.446043 0.382166 0.446043 0.388535 0.438849 0.388535 0.435252 0.394904 0.424460 0.394904 0.420863
0 0.640127 0.413669 0.640127 0.424460 0.649682 0.435252 0.668790 0.435252 0.671975 0.431655 0.675159 0.431655 0.681529 0.424460 0.681529 0.417266 0.678344 0.417266 0.668790 0.410072 0.643312 0.410072
0 0.863057 0.420863 0.859873 0.424460 0.859873 0.428058 0.856688 0.431655 0.856688 0.435252 0.859873 0.438849 0.869427 0.438849 0.872611 0.435252 0.872611 0.431655 0.869427 0.428058 0.872611 0.424460 0.869427 0.420863
0 0.417197 0.431655 0.410828 0.431655 0.407643 0.435252 0.404459 0.435252 0.404459 0.449640 0.407643 0.449640 0.410828 0.453237 0.414013 0.449640 0.420382 0.449640 0.423567 0.446043 0.423567 0.438849
0 0.554140 0.435252 0.554140 0.446043 0.566879 0.460432 0.579618 0.460432 0.585987 0.453237 0.585987 0.438849 0.582803 0.438849 0.579618 0.435252 0.573248 0.435252 0.570064 0.431655 0.557325 0.431655
0 0.238854 0.442446 0.232484 0.435252 0.222930 0.435252 0.216561 0.442446 0.213376 0.442446 0.210191 0.446043 0.210191 0.456835 0.213376 0.456835 0.216561 0.460432 0.219745 0.460432 0.222930 0.456835 0.219745 0.453237 0.222930 0.449640 0.229299 0.449640 0.232484 0.453237 0.235669 0.453237 0.238854 0.449640
0 0.834395 0.438849 0.831210 0.442446 0.831210 0.449640 0.828025 0.453237 0.828025 0.471223 0.834395 0.478417 0.847134 0.478417 0.850318 0.474820 0.853503 0.474820 0.859873 0.467626 0.859873 0.460432 0.847134 0.442446 0.843949 0.442446 0.840764 0.438849
0 0.146497 0.456835 0.140127 0.449640 0.136943 0.449640 0.133758 0.453237 0.124204 0.453237 0.111465 0.464029 0.108280 0.464029 0.098726 0.478417 0.095541 0.496403 0.098726 0.500000 0.111465 0.500000 0.114650 0.503597 0.127389 0.492806 0.133758 0.492806 0.136943 0.482014 0.146497 0.471223
0 0.305732 0.456835 0.302548 0.456835 0.299363 0.453237 0.286624 0.453237 0.283439 0.456835 0.280255 0.456835 0.273885 0.464029 0.273885 0.478417 0.277070 0.482014 0.277070 0.485612 0.280255 0.489209 0.292994 0.489209 0.296178 0.485612 0.305732 0.482014 0.305732 0.478417 0.308917 0.474820 0.308917 0.464029 0.305732 0.460432
0 0.171975 0.456835 0.165605 0.456835 0.165605 0.460432 0.159236 0.467626 0.149682 0.471223 0.140127 0.482014 0.140127 0.485612 0.136943 0.489209 0.136943 0.496403 0.140127 0.500000 0.149682 0.500000 0.152866 0.496403 0.159236 0.496403 0.168790 0.485612 0.168790 0.478417 0.171975 0.474820
0 0.378981 0.456835 0.372611 0.456835 0.366242 0.464029 0.363057 0.464029 0.359873 0.467626 0.359873 0.474820 0.363057 0.478417 0.369427 0.478417 0.378981 0.467626
0 0.082803 0.464029 0.070064 0.464029 0.050955 0.478417 0.050955 0.489209 0.057325 0.500000 0.066879 0.500000 0.070064 0.496403 0.073248 0.496403 0.085987 0.482014 0.085987 0.471223 0.082803 0.467626
0 0.742038 0.478417 0.742038 0.485612 0.748408 0.492806 0.751592 0.492806 0.754777 0.496403 0.764331 0.496403 0.764331 0.482014 0.757962 0.474820 0.745223 0.474820
0 0.878981 0.478417 0.872611 0.485612 0.872611 0.492806 0.878981 0.500000 0.882166 0.500000 0.885350 0.503597 0.888535 0.503597 0.898089 0.492806 0.898089 0.485612 0.891720 0.478417
0 0.197452 0.496403 0.197452 0.507194 0.203822 0.514388 0.207006 0.514388 0.210191 0.517986 0.222930 0.517986 0.226115 0.514388 0.229299 0.514388 0.229299 0.503597 0.219745 0.492806 0.216561 0.492806 0.213376 0.489209 0.207006 0.489209
0 0.328025 0.500000 0.321656 0.492806 0.318471 0.492806 0.315287 0.496403 0.308917 0.496403 0.305732 0.500000 0.302548 0.500000 0.289809 0.514388 0.289809 0.521583 0.296178 0.528777 0.305732 0.528777 0.308917 0.525180 0.315287 0.525180 0.318471 0.521583 0.321656 0.521583 0.328025 0.514388
0 0.570064 0.503597 0.560510 0.496403 0.557325 0.496403 0.554140 0.500000 0.544586 0.500000 0.538217 0.507194 0.538217 0.517986 0.557325 0.517986 0.560510 0.514388 0.563694 0.514388 0.566879 0.510791 0.570064 0.510791
0 0.401274 0.507194 0.398089 0.503597 0.394904 0.503597 0.391720 0.507194 0.385350 0.507194 0.382166 0.510791 0.382166 0.517986 0.385350 0.521583 0.398089 0.521583 0.401274 0.517986
0 0.617834 0.514388 0.627389 0.525180 0.646497 0.525180 0.656051 0.514388 0.656051 0.510791 0.649682 0.503597 0.627389 0.503597
0 0.891720 0.510791 0.888535 0.510791 0.882166 0.517986 0.882166 0.525180 0.885350 0.528777 0.891720 0.528777 0.898089 0.521583 0.898089 0.517986
0 0.070064 0.514388 0.066879 0.514388 0.054140 0.528777 0.054140 0.535971 0.057325 0.539568 0.060510 0.539568 0.073248 0.525180 0.073248 0.517986
0 0.117834 0.521583 0.108280 0.514388 0.105096 0.517986 0.101911 0.517986 0.098726 0.514388 0.095541 0.517986 0.092357 0.517986 0.085987 0.525180 0.085987 0.535971 0.098726 0.535971 0.101911 0.532374 0.111465 0.532374 0.114650 0.528777 0.117834 0.528777
0 0.691083 0.521583 0.694268 0.525180 0.697452 0.525180 0.713376 0.543165 0.735669 0.543165 0.735669 0.535971 0.732484 0.532374 0.726115 0.532374 0.722930 0.528777 0.716561 0.528777 0.707006 0.521583 0.697452 0.521583 0.694268 0.517986
0 0.184713 0.546763 0.197452 0.546763 0.200637 0.543165 0.203822 0.543165 0.207006 0.539568 0.213376 0.539568 0.216561 0.535971 0.216561 0.532374 0.213376 0.528777 0.194268 0.528777 0.191083 0.532374 0.187898 0.532374 0.184713 0.535971
0 0.305732 0.539568 0.302548 0.535971 0.292994 0.535971 0.289809 0.539568 0.286624 0.539568 0.289809 0.543165 0.286624 0.546763 0.283439 0.546763 0.280255 0.550360 0.299363 0.550360 0.302548 0.546763 0.302548 0.543165
0 0.321656 0.553957 0.328025 0.561151 0.340764 0.561151 0.353503 0.546763 0.353503 0.543165 0.356688 0.539568 0.353503 0.535971 0.331210 0.535971 0.321656 0.546763
0 0.783439 0.543165 0.783439 0.550360 0.789809 0.557554 0.805732 0.557554 0.805732 0.539568 0.799363 0.539568 0.796178 0.535971 0.789809 0.535971
0 0.487261 0.539568 0.484076 0.543165 0.484076 0.546763 0.480892 0.550360 0.480892 0.557554 0.484076 0.561151 0.496815 0.561151 0.503185 0.553957 0.503185 0.543165 0.500000 0.539568
0 0.808917 0.539568 0.808917 0.557554 0.818471 0.568345 0.831210 0.568345 0.834395 0.564748 0.834395 0.553957 0.831210 0.550360 0.828025 0.550360 0.821656 0.543165 0.812102 0.543165
0 0.630573 0.553957 0.627389 0.550360 0.624204 0.550360 0.621019 0.546763 0.617834 0.546763 0.614650 0.543165 0.611465 0.543165 0.608280 0.546763 0.605096 0.546763 0.595541 0.557554 0.595541 0.564748 0.601911 0.571942 0.611465 0.571942 0.614650 0.568345 0.617834 0.568345 0.617834 0.564748 0.621019 0.561151 0.624204 0.561151 0.627389 0.557554 0.630573 0.557554
0 0.563694 0.553957 0.560510 0.550360 0.557325 0.550360 0.554140 0.553957 0.550955 0.553957 0.547771 0.557554 0.544586 0.557554 0.541401 0.561151 0.541401 0.564748 0.538217 0.568345 0.538217 0.571942 0.541401 0.575540 0.557325 0.575540 0.566879 0.564748 0.563694 0.561151
0 0.082803 0.568345 0.082803 0.579137 0.089172 0.586331 0.095541 0.586331 0.098726 0.589928 0.101911 0.589928 0.105096 0.586331 0.114650 0.586331 0.117834 0.582734 0.121019 0.582734 0.121019 0.579137 0.124204 0.575540 0.121019 0.564748 0.114650 0.557554 0.111465 0.557554 0.108280 0.553957 0.098726 0.553957 0.095541 0.557554 0.085987 0.561151 0.085987 0.564748
0 0.687898 0.564748 0.687898 0.568345 0.691083 0.571942 0.691083 0.575540 0.697452 0.582734 0.700637 0.582734 0.703822 0.586331 0.713376 0.586331 0.716561 0.582734 0.716561 0.568345 0.710191 0.561151 0.707006 0.561151 0.703822 0.557554 0.697452 0.557554
0 0.742038 0.564748 0.738854 0.568345 0.735669 0.568345 0.735669 0.586331 0.738854 0.589928 0.738854 0.593525 0.742038 0.597122 0.751592 0.597122 0.754777 0.593525 0.754777 0.575540 0.745223 0.564748
0 0.458599 0.571942 0.452229 0.579137 0.452229 0.582734 0.445860 0.593525 0.445860 0.607914 0.455414 0.615108 0.464968 0.615108 0.471338 0.607914 0.471338 0.604317 0.474522 0.600719 0.474522 0.589928 0.477707 0.586331 0.477707 0.579137 0.474522 0.575540 0.468153 0.575540 0.464968 0.571942
0 0.506369 0.571942 0.503185 0.575540 0.503185 0.579137 0.500000 0.582734 0.500000 0.597122 0.515924 0.597122 0.522293 0.589928 0.522293 0.575540 0.519108 0.571942
0 0.417197 0.582734 0.410828 0.575540 0.401274 0.575540 0.398089 0.579137 0.391720 0.579137 0.388535 0.582734 0.382166 0.582734 0.375796 0.589928 0.372611 0.589928 0.372611 0.593525 0.369427 0.597122 0.375796 0.604317 0.378981 0.604317 0.382166 0.600719 0.401274 0.600719 0.404459 0.597122 0.407643 0.597122 0.417197 0.586331
0 0.200637 0.600719 0.207006 0.607914 0.216561 0.607914 0.219745 0.611511 0.226115 0.611511 0.232484 0.604317 0.232484 0.589928 0.229299 0.586331 0.216561 0.586331 0.213376 0.589928 0.210191 0.589928
0 0.668790 0.586331 0.662420 0.593525 0.662420 0.607914 0.681529 0.607914 0.684713 0.604317 0.684713 0.600719 0.687898 0.597122 0.678344 0.586331
0 0.831210 0.586331 0.831210 0.589928 0.828025 0.593525 0.828025 0.611511 0.837580 0.622302 0.840764 0.622302 0.847134 0.615108 0.847134 0.607914 0.850318 0.604317 0.847134 0.600719 0.847134 0.589928 0.843949 0.586331
0 0.598726 0.589928 0.595541 0.589928 0.592357 0.593525 0.589172 0.593525 0.582803 0.600719 0.582803 0.607914 0.585987 0.611511 0.585987 0.615108 0.589172 0.618705 0.592357 0.618705 0.595541 0.615108 0.598726 0.615108 0.601911 0.611511 0.601911 0.607914 0.605096 0.604317 0.605096 0.597122
0 0.267516 0.607914 0.267516 0.618705 0.270701 0.622302 0.280255 0.622302 0.283439 0.618705 0.286624 0.618705 0.286624 0.615108 0.289809 0.611511 0.286624 0.607914 0.286624 0.604317 0.270701 0.604317
0 0.493631 0.604317 0.484076 0.604317 0.480892 0.607914 0.474522 0.607914 0.464968 0.618705 0.464968 0.629496 0.468153 0.629496 0.471338 0.633094 0.474522 0.633094 0.477707 0.629496 0.484076 0.629496 0.487261 0.625899 0.490446 0.625899 0.496815 0.615108 0.496815 0.611511 0.493631 0.607914
0 0.506369 0.615108 0.506369 0.622302 0.512739 0.629496 0.519108 0.629496 0.522293 0.633094 0.531847 0.633094 0.541401 0.625899 0.535032 0.615108 0.528662 0.615108 0.525478 0.611511 0.512739 0.611511 0.509554 0.615108
0 0.799363 0.615108 0.796178 0.618705 0.796178 0.622302 0.792994 0.625899 0.796178 0.629496 0.796178 0.633094 0.802548 0.640288 0.802548 0.643885 0.805732 0.647482 0.815287 0.647482 0.815287 0.643885 0.818471 0.640288 0.818471 0.636691 0.815287 0.633094 0.815287 0.625899 0.805732 0.615108
0 0.707006 0.618705 0.697452 0.625899 0.697452 0.629496 0.694268 0.633094 0.694268 0.643885 0.703822 0.654676 0.713376 0.654676 0.716561 0.651079 0.716561 0.629496 0.713376 0.625899 0.713376 0.622302 0.710191 0.618705
0 0.117834 0.643885 0.121019 0.647482 0.136943 0.647482 0.140127 0.643885 0.152866 0.643885 0.156051 0.640288 0.156051 0.633094 0.159236 0.629496 0.156051 0.629496 0.152866 0.625899 0.130573 0.625899 0.127389 0.629496 0.124204 0.629496 0.117834 0.636691
0 0.175159 0.625899 0.165605 0.625899 0.159236 0.633094 0.159236 0.640288 0.152866 0.647482 0.152866 0.661871 0.156051 0.665468 0.171975 0.665468 0.175159 0.661871 0.178344 0.661871 0.178344 0.658273 0.181529 0.654676 0.184713 0.643885 0.181529 0.640288 0.181529 0.633094
0 0.343949 0.636691 0.343949 0.640288 0.347134 0.643885 0.347134 0.647482 0.350318 0.647482 0.353503 0.651079 0.366242 0.651079 0.375796 0.643885 0.375796 0.636691 0.369427 0.629496 0.359873 0.629496 0.356688 0.625899 0.353503 0.625899 0.350318 0.629496 0.347134 0.629496 0.347134 0.633094
0 0.229299 0.629496 0.219745 0.629496 0.216561 0.633094 0.213376 0.633094 0.210191 0.636691 0.207006 0.636691 0.203822 0.640288 0.200637 0.640288 0.200637 0.643885 0.197452 0.647482 0.197452 0.651079 0.200637 0.654676 0.213376 0.654676 0.216561 0.651079 0.219745 0.651079 0.222930 0.647482 0.226115 0.647482 0.229299 0.643885
0 0.394904 0.651079 0.398089 0.651079 0.401274 0.654676 0.404459 0.651079 0.436306 0.651079 0.436306 0.647482 0.439490 0.643885 0.433121 0.636691 0.417197 0.636691 0.414013 0.633094 0.404459 0.633094 0.394904 0.640288
0 0.038217 0.643885 0.028662 0.643885 0.025478 0.640288 0.022293 0.640288 0.019108 0.643885 0.012739 0.643885 0.009554 0.647482 0.006369 0.647482 0.003185 0.651079 0.003185 0.658273 0.000000 0.661871 0.000000 0.676259 0.003185 0.679856 0.009554 0.679856 0.012739 0.676259 0.028662 0.669065 0.038217 0.658273 0.041401 0.658273 0.041401 0.651079 0.038217 0.647482
0 0.659236 0.654676 0.659236 0.661871 0.662420 0.665468 0.675159 0.665468 0.678344 0.661871 0.678344 0.654676 0.675159 0.651079 0.662420 0.651079
0 0.289809 0.658273 0.289809 0.661871 0.296178 0.669065 0.302548 0.669065 0.305732 0.672662 0.318471 0.672662 0.324841 0.665468 0.324841 0.661871 0.321656 0.658273 0.318471 0.658273 0.315287 0.654676 0.296178 0.654676 0.292994 0.658273
0 0.512739 0.658273 0.512739 0.669065 0.515924 0.672662 0.519108 0.672662 0.522293 0.676259 0.538217 0.676259 0.538217 0.661871 0.535032 0.658273 0.531847 0.658273 0.528662 0.654676 0.515924 0.654676
0 0.101911 0.661871 0.089172 0.661871 0.082803 0.672662 0.082803 0.679856 0.089172 0.687050 0.089172 0.690647 0.092357 0.690647 0.095541 0.694245 0.098726 0.690647 0.101911 0.690647 0.108280 0.683453 0.108280 0.669065
0 0.471338 0.665468 0.468153 0.669065 0.468153 0.676259 0.471338 0.679856 0.471338 0.683453 0.474522 0.687050 0.477707 0.687050 0.480892 0.690647 0.484076 0.687050 0.487261 0.687050 0.490446 0.683453 0.490446 0.672662 0.484076 0.665468
0 0.073248 0.679856 0.066879 0.672662 0.060510 0.672662 0.057325 0.669065 0.054140 0.669065 0.050955 0.672662 0.044586 0.672662 0.038217 0.679856 0.035032 0.679856 0.031847 0.690647 0.038217 0.697842 0.044586 0.697842 0.047771 0.701439 0.050955 0.697842 0.063694 0.697842 0.073248 0.690647
0 0.203822 0.679856 0.207006 0.683453 0.210191 0.683453 0.213376 0.679856 0.219745 0.679856 0.222930 0.676259 0.222930 0.672662 0.210191 0.672662 0.207006 0.676259 0.203822 0.676259
0 0.143312 0.679856 0.140127 0.679856 0.136943 0.676259 0.133758 0.679856 0.127389 0.679856 0.121019 0.687050 0.117834 0.687050 0.111465 0.694245 0.111465 0.701439 0.108280 0.705036 0.108280 0.712230 0.117834 0.712230 0.121019 0.708633 0.124204 0.708633 0.130573 0.701439 0.133758 0.701439 0.143312 0.690647
0 0.872611 0.683453 0.872611 0.687050 0.875796 0.690647 0.875796 0.694245 0.878981 0.694245 0.882166 0.697842 0.891720 0.697842 0.894904 0.694245 0.898089 0.694245 0.904459 0.687050 0.904459 0.679856 0.901274 0.676259 0.878981 0.676259
0 0.780255 0.679856 0.770701 0.679856 0.767516 0.683453 0.764331 0.683453 0.754777 0.694245 0.754777 0.697842 0.757962 0.701439 0.757962 0.708633 0.761146 0.712230 0.761146 0.733813 0.770701 0.733813 0.777070 0.726619 0.777070 0.723022 0.786624 0.705036 0.786624 0.687050
0 0.417197 0.687050 0.417197 0.701439 0.420382 0.705036 0.433121 0.705036 0.439490 0.697842 0.439490 0.690647 0.436306 0.687050 0.429936 0.687050 0.426752 0.683453 0.423567 0.683453 0.420382 0.687050
0 0.703822 0.690647 0.700637 0.694245 0.700637 0.705036 0.707006 0.712230 0.719745 0.712230 0.722930 0.708633 0.722930 0.705036 0.726115 0.701439 0.726115 0.697842 0.719745 0.690647
0 0.006369 0.694245 0.003185 0.697842 0.003185 0.715827 0.006369 0.719424 0.009554 0.715827 0.019108 0.715827 0.022293 0.712230 0.022293 0.705036 0.012739 0.694245
0 0.640127 0.694245 0.636943 0.697842 0.636943 0.705036 0.633758 0.708633 0.633758 0.719424 0.636943 0.723022 0.636943 0.726619 0.640127 0.726619 0.649682 0.733813 0.652866 0.730216 0.659236 0.730216 0.662420 0.726619 0.662420 0.715827 0.665605 0.712230 0.662420 0.708633 0.662420 0.705036 0.652866 0.697842 0.646497 0.697842 0.643312 0.694245
0 0.203822 0.697842 0.197452 0.705036 0.197452 0.708633 0.203822 0.719424 0.203822 0.726619 0.210191 0.741007 0.210191 0.762590 0.213376 0.769784 0.219745 0.769784 0.229299 0.755396 0.229299 0.744604 0.222930 0.733813 0.222930 0.726619 0.219745 0.723022 0.219745 0.708633 0.213376 0.697842
0 0.751592 0.697842 0.742038 0.701439 0.729299 0.715827 0.729299 0.719424 0.726115 0.723022 0.729299 0.733813 0.748408 0.733813 0.751592 0.737410 0.754777 0.737410 0.757962 0.733813 0.757962 0.712230 0.754777 0.708633 0.754777 0.701439
0 0.856688 0.705036 0.847134 0.705036 0.843949 0.708633 0.840764 0.708633 0.837580 0.712230 0.837580 0.715827 0.834395 0.719424 0.834395 0.730216 0.837580 0.733813 0.847134 0.733813 0.856688 0.723022 0.856688 0.715827 0.859873 0.712230 0.859873 0.708633
0 0.162420 0.715827 0.162420 0.726619 0.168790 0.733813 0.175159 0.751799 0.181529 0.758993 0.187898 0.762590 0.200637 0.762590 0.207006 0.758993 0.207006 0.741007 0.203822 0.737410 0.203822 0.730216 0.200637 0.726619 0.197452 0.712230 0.191083 0.708633 0.171975 0.708633
0 0.254777 0.712230 0.242038 0.719424 0.232484 0.741007 0.232484 0.762590 0.245223 0.780576 0.257962 0.776978 0.270701 0.762590 0.270701 0.748201 0.273885 0.744604 0.267516 0.723022
0 0.140127 0.723022 0.133758 0.730216 0.133758 0.748201 0.159236 0.784173 0.171975 0.784173 0.175159 0.773381 0.171975 0.769784 0.171975 0.748201 0.165605 0.733813 0.149682 0.719424
0 0.544586 0.719424 0.538217 0.719424 0.535032 0.723022 0.531847 0.723022 0.531847 0.726619 0.525478 0.733813 0.525478 0.751799 0.535032 0.758993 0.538217 0.755396 0.541401 0.755396 0.547771 0.744604 0.547771 0.723022
0 0.375796 0.733813 0.366242 0.741007 0.366242 0.769784 0.369427 0.773381 0.369427 0.784173 0.378981 0.794964 0.385350 0.794964 0.398089 0.787770 0.401274 0.780576 0.401274 0.773381 0.404459 0.769784 0.404459 0.762590 0.401274 0.755396 0.388535 0.741007
0 0.324841 0.741007 0.318471 0.748201 0.318471 0.751799 0.315287 0.755396 0.315287 0.766187 0.331210 0.773381 0.337580 0.780576 0.343949 0.780576 0.350318 0.769784 0.350318 0.751799 0.347134 0.748201 0.347134 0.744604 0.337580 0.737410 0.334395 0.737410 0.331210 0.741007
0 0.729299 0.737410 0.729299 0.741007 0.732484 0.744604 0.732484 0.751799 0.735669 0.755396 0.735669 0.758993 0.738854 0.762590 0.742038 0.762590 0.745223 0.766187 0.748408 0.766187 0.754777 0.758993 0.754777 0.748201 0.751592 0.744604 0.751592 0.741007 0.748408 0.737410
0 0.121019 0.748201 0.114650 0.758993 0.117834 0.762590 0.117834 0.773381 0.127389 0.787770 0.127389 0.791367 0.146497 0.802158 0.156051 0.794964 0.156051 0.784173 0.152866 0.776978 0.140127 0.762590 0.140127 0.758993 0.130573 0.748201 0.130573 0.744604 0.127389 0.748201
0 0.566879 0.744604 0.563694 0.744604 0.560510 0.748201 0.557325 0.748201 0.557325 0.751799 0.554140 0.755396 0.554140 0.766187 0.560510 0.773381 0.566879 0.773381 0.573248 0.766187 0.573248 0.748201 0.570064 0.748201
0 0.611465 0.755396 0.611465 0.769784 0.614650 0.769784 0.617834 0.773381 0.633758 0.773381 0.640127 0.766187 0.640127 0.762590 0.636943 0.758993 0.636943 0.755396 0.633758 0.755396 0.630573 0.751799 0.614650 0.751799
0 0.662420 0.758993 0.662420 0.766187 0.665605 0.766187 0.668790 0.769784 0.668790 0.773381 0.671975 0.773381 0.675159 0.776978 0.684713 0.776978 0.684713 0.769784 0.681529 0.766187 0.681529 0.762590 0.678344 0.758993 0.671975 0.758993 0.668790 0.755396 0.665605 0.755396
0 0.802548 0.787770 0.818471 0.798561 0.840764 0.798561 0.856688 0.787770 0.863057 0.787770 0.863057 0.776978 0.859873 0.769784 0.847134 0.762590 0.831210 0.762590 0.824841 0.766187 0.812102 0.780576 0.805732 0.780576
0 0.073248 0.769784 0.057325 0.784173 0.057325 0.805755 0.070064 0.823741 0.082803 0.830935 0.089172 0.830935 0.095541 0.823741 0.095541 0.816547 0.092357 0.812950 0.092357 0.798561
0 0.312102 0.769784 0.312102 0.773381 0.305732 0.784173 0.305732 0.791367 0.308917 0.794964 0.308917 0.802158 0.315287 0.809353 0.324841 0.809353 0.328025 0.805755 0.331210 0.805755 0.337580 0.798561 0.337580 0.794964 0.340764 0.791367 0.340764 0.784173 0.337580 0.784173 0.331210 0.776978 0.328025 0.776978 0.318471 0.769784
0 0.496815 0.773381 0.490446 0.780576 0.490446 0.805755 0.493631 0.805755 0.496815 0.809353 0.506369 0.809353 0.512739 0.802158 0.512739 0.794964 0.515924 0.791367 0.515924 0.784173 0.509554 0.773381
0 0.105096 0.776978 0.092357 0.791367 0.092357 0.794964 0.095541 0.798561 0.095541 0.812950 0.098726 0.816547 0.098726 0.823741 0.101911 0.823741 0.105096 0.827338 0.117834 0.827338 0.124204 0.820144 0.124204 0.802158 0.117834 0.794964 0.117834 0.791367
0 0.404459 0.794964 0.398089 0.791367 0.394904 0.794964 0.378981 0.798561 0.372611 0.805755 0.372611 0.809353 0.366242 0.816547 0.366242 0.827338 0.363057 0.830935 0.369427 0.845324 0.382166 0.845324 0.404459 0.827338 0.410828 0.812950 0.410828 0.805755
0 0.640127 0.794964 0.633758 0.802158 0.633758 0.816547 0.636943 0.820144 0.643312 0.820144 0.646497 0.823741 0.649682 0.820144 0.652866 0.820144 0.659236 0.812950 0.643312 0.794964
0 0.550955 0.805755 0.544586 0.812950 0.544586 0.830935 0.541401 0.834532 0.541401 0.841727 0.547771 0.848921 0.560510 0.848921 0.566879 0.841727 0.566879 0.816547 0.557325 0.805755
0 0.019108 0.834532 0.019108 0.841727 0.015924 0.845324 0.019108 0.848921 0.019108 0.856115 0.031847 0.870504 0.041401 0.870504 0.044586 0.874101 0.076433 0.874101 0.082803 0.870504 0.085987 0.863309 0.082803 0.848921 0.066879 0.830935 0.060510 0.830935 0.050955 0.823741 0.031847 0.823741
0 0.423567 0.830935 0.417197 0.827338 0.414013 0.830935 0.404459 0.830935 0.388535 0.845324 0.385350 0.845324 0.378981 0.856115 0.378981 0.870504 0.385350 0.877698 0.398089 0.877698 0.410828 0.870504 0.426752 0.848921 0.423567 0.845324
0 0.442675 0.827338 0.433121 0.838129 0.433121 0.841727 0.426752 0.852518 0.426752 0.856115 0.429936 0.859712 0.429936 0.866906 0.433121 0.866906 0.436306 0.870504 0.449045 0.870504 0.452229 0.874101 0.458599 0.874101 0.458599 0.870504 0.464968 0.859712 0.464968 0.841727 0.455414 0.827338
0 0.675159 0.841727 0.668790 0.852518 0.668790 0.866906 0.678344 0.877698 0.681529 0.877698 0.684713 0.881295 0.694268 0.874101 0.694268 0.859712 0.687898 0.852518 0.687898 0.848921 0.681529 0.841727
0 0.818471 0.863309 0.818471 0.866906 0.815287 0.870504 0.815287 0.874101 0.821656 0.884892 0.824841 0.884892 0.834395 0.892086 0.843949 0.892086 0.847134 0.888489 0.847134 0.877698 0.840764 0.870504 0.837580 0.870504 0.831210 0.863309
