0 0.117460 0.100358 0.114286 0.103943 0.114286 0.121864 0.123810 0.132616 0.136508 0.132616 0.136508 0.129032 0.139683 0.125448 0.139683 0.121864 0.136508 0.118280 0.136508 0.114695 0.123810 0.100358
0 0.507937 0.118280 0.514286 0.125448 0.536508 0.125448 0.539683 0.121864 0.539683 0.111111 0.536508 0.107527 0.536508 0.103943 0.517460 0.103943 0.514286 0.107527 0.511111 0.107527 0.511111 0.114695
0 0.174603 0.107527 0.165079 0.107527 0.161905 0.111111 0.161905 0.114695 0.158730 0.118280 0.158730 0.125448 0.155556 0.129032 0.155556 0.136201 0.158730 0.139785 0.168254 0.139785 0.177778 0.129032 0.177778 0.111111
0 0.904762 0.107527 0.885714 0.107527 0.882540 0.111111 0.879365 0.111111 0.879365 0.114695 0.876190 0.118280 0.876190 0.121864 0.879365 0.125448 0.879365 0.132616 0.888889 0.139785 0.895238 0.139785 0.898413 0.136201 0.901587 0.136201 0.907937 0.125448 0.907937 0.111111
0 0.387302 0.111111 0.384127 0.114695 0.380952 0.114695 0.380952 0.118280 0.377778 0.121864 0.377778 0.125448 0.380952 0.129032 0.384127 0.129032 0.387302 0.125448
0 0.473016 0.111111 0.469841 0.114695 0.469841 0.118280 0.466667 0.121864 0.469841 0.125448 0.469841 0.129032 0.476190 0.136201 0.482540 0.136201 0.485714 0.132616 0.485714 0.114695 0.482540 0.111111
0 0.641270 0.118280 0.641270 0.129032 0.644444 0.129032 0.647619 0.132616 0.663492 0.132616 0.666667 0.129032 0.666667 0.118280 0.663492 0.118280 0.660317 0.114695 0.660317 0.111111 0.650794 0.111111 0.647619 0.114695 0.644444 0.114695
0 0.552381 0.121864 0.552381 0.129032 0.555556 0.132616 0.571429 0.132616 0.574603 0.129032 0.577778 0.129032 0.577778 0.118280 0.571429 0.118280 0.568254 0.114695 0.561905 0.114695 0.558730 0.118280 0.555556 0.118280
0 0.711111 0.114695 0.711111 0.121864 0.714286 0.121864 0.717460 0.125448 0.723810 0.125448 0.723810 0.118280 0.720635 0.114695
0 0.939683 0.118280 0.936508 0.118280 0.933333 0.114695 0.930159 0.114695 0.926984 0.118280 0.920635 0.118280 0.917460 0.121864 0.917460 0.132616 0.920635 0.136201 0.936508 0.136201 0.939683 0.132616
0 0.965079 0.114695 0.961905 0.114695 0.955556 0.121864 0.955556 0.136201 0.958730 0.139785 0.965079 0.139785 0.968254 0.136201 0.971429 0.136201 0.977778 0.129032 0.974603 0.125448 0.974603 0.121864 0.971429 0.118280 0.968254 0.118280
0 0.247619 0.121864 0.238095 0.121864 0.234921 0.125448 0.231746 0.125448 0.228571 0.129032 0.228571 0.132616 0.225397 0.136201 0.228571 0.139785 0.228571 0.143369 0.234921 0.150538 0.241270 0.150538 0.247619 0.143369 0.247619 0.139785 0.250794 0.136201 0.250794 0.125448
0 0.796825 0.125448 0.796825 0.129032 0.793651 0.132616 0.796825 0.136201 0.796825 0.139785 0.800000 0.143369 0.800000 0.146953 0.812698 0.146953 0.815873 0.143369 0.815873 0.139785 0.812698 0.136201 0.812698 0.129032 0.809524 0.125448
0 0.285714 0.136201 0.276190 0.129032 0.273016 0.129032 0.269841 0.132616 0.266667 0.132616 0.260317 0.139785 0.260317 0.143369 0.257143 0.146953 0.257143 0.154122 0.260317 0.157706 0.266667 0.157706 0.269841 0.154122 0.273016 0.154122 0.276190 0.150538 0.279365 0.150538 0.279365 0.146953 0.282540 0.143369 0.285714 0.143369
0 0.984127 0.129032 0.980952 0.132616 0.980952 0.150538 0.984127 0.154122 0.993651 0.154122 0.993651 0.150538 0.996825 0.146953 0.993651 0.143369 0.996825 0.139785 0.996825 0.132616 0.993651 0.129032
0 0.330159 0.154122 0.333333 0.157706 0.339683 0.157706 0.342857 0.154122 0.349206 0.154122 0.352381 0.150538 0.355556 0.150538 0.358730 0.146953 0.361905 0.146953 0.365079 0.143369 0.365079 0.136201 0.361905 0.136201 0.358730 0.132616 0.339683 0.132616 0.336508 0.136201 0.333333 0.136201 0.333333 0.139785 0.330159 0.143369
0 0.688889 0.136201 0.685714 0.139785 0.685714 0.146953 0.688889 0.150538 0.692063 0.150538 0.695238 0.154122 0.701587 0.154122 0.704762 0.150538 0.704762 0.146953 0.707937 0.143369 0.711111 0.143369 0.711111 0.139785 0.707937 0.136201 0.707937 0.132616 0.695238 0.132616 0.692063 0.136201
0 0.733333 0.139785 0.733333 0.146953 0.736508 0.150538 0.739683 0.150538 0.742857 0.154122 0.755556 0.154122 0.761905 0.146953 0.761905 0.136201 0.749206 0.136201 0.746032 0.132616 0.739683 0.132616
0 0.092063 0.143369 0.092063 0.154122 0.095238 0.157706 0.101587 0.157706 0.104762 0.161290 0.123810 0.161290 0.126984 0.157706 0.130159 0.157706 0.130159 0.150538 0.126984 0.146953 0.117460 0.146953 0.114286 0.143369 0.111111 0.143369 0.101587 0.136201
0 0.441270 0.136201 0.434921 0.143369 0.434921 0.157706 0.438095 0.161290 0.438095 0.164875 0.450794 0.164875 0.457143 0.157706 0.457143 0.154122 0.460317 0.150538 0.460317 0.146953 0.457143 0.143369 0.457143 0.139785 0.453968 0.136201
0 0.568254 0.146953 0.568254 0.150538 0.571429 0.154122 0.574603 0.154122 0.577778 0.157706 0.584127 0.157706 0.590476 0.164875 0.593651 0.164875 0.596825 0.168459 0.600000 0.168459 0.606349 0.161290 0.606349 0.146953 0.600000 0.139785 0.596825 0.139785 0.593651 0.136201 0.587302 0.136201 0.584127 0.139785 0.577778 0.139785 0.571429 0.146953
0 0.504762 0.139785 0.501587 0.143369 0.501587 0.146953 0.498413 0.150538 0.498413 0.154122 0.511111 0.168459 0.514286 0.168459 0.517460 0.172043 0.520635 0.172043 0.523810 0.168459 0.526984 0.168459 0.526984 0.164875 0.530159 0.161290 0.530159 0.150538 0.523810 0.143369 0.517460 0.143369 0.514286 0.139785
0 0.209524 0.146953 0.206349 0.150538 0.206349 0.157706 0.209524 0.161290 0.209524 0.168459 0.219048 0.179211 0.222222 0.175627 0.228571 0.175627 0.231746 0.172043 0.231746 0.164875 0.228571 0.161290 0.228571 0.154122 0.225397 0.154122 0.219048 0.146953
0 0.634921 0.146953 0.631746 0.150538 0.631746 0.161290 0.641270 0.172043 0.647619 0.172043 0.653968 0.164875 0.653968 0.161290 0.657143 0.157706 0.657143 0.154122 0.653968 0.150538 0.653968 0.146953
0 0.866667 0.150538 0.866667 0.154122 0.863492 0.157706 0.863492 0.168459 0.866667 0.172043 0.866667 0.175627 0.869841 0.175627 0.873016 0.179211 0.879365 0.179211 0.882540 0.175627 0.885714 0.175627 0.885714 0.172043 0.888889 0.168459 0.888889 0.164875 0.885714 0.161290 0.885714 0.157706 0.879365 0.150538
0 0.949206 0.154122 0.949206 0.157706 0.946032 0.161290 0.949206 0.164875 0.949206 0.168459 0.955556 0.175627 0.965079 0.175627 0.968254 0.172043 0.968254 0.168459 0.971429 0.164875 0.968254 0.161290 0.968254 0.157706 0.965079 0.157706 0.961905 0.154122
0 0.295238 0.157706 0.282540 0.157706 0.276190 0.164875 0.276190 0.168459 0.273016 0.172043 0.273016 0.179211 0.279365 0.186380 0.288889 0.186380 0.295238 0.179211 0.295238 0.168459 0.298413 0.164875 0.298413 0.161290
0 0.676190 0.157706 0.669841 0.157706 0.666667 0.161290 0.666667 0.164875 0.663492 0.168459 0.663492 0.175627 0.660317 0.179211 0.657143 0.179211 0.657143 0.182796 0.653968 0.186380 0.653968 0.189964 0.657143 0.193548 0.666667 0.193548 0.669841 0.189964 0.673016 0.189964 0.673016 0.186380 0.676190 0.182796 0.676190 0.175627 0.679365 0.172043 0.679365 0.164875 0.676190 0.161290
0 0.701587 0.157706 0.698413 0.157706 0.698413 0.161290 0.688889 0.172043 0.688889 0.175627 0.692063 0.179211 0.692063 0.182796 0.704762 0.182796 0.707937 0.179211 0.707937 0.164875
0 0.926984 0.161290 0.923810 0.157706 0.911111 0.157706 0.907937 0.161290 0.904762 0.161290 0.904762 0.164875 0.901587 0.168459 0.901587 0.175627 0.904762 0.179211 0.904762 0.182796 0.914286 0.182796 0.917460 0.179211 0.920635 0.179211 0.926984 0.172043
0 0.761905 0.172043 0.761905 0.175627 0.768254 0.182796 0.787302 0.182796 0.793651 0.175627 0.793651 0.168459 0.787302 0.161290 0.771429 0.161290 0.768254 0.164875 0.765079 0.164875 0.765079 0.168459
0 0.374603 0.164875 0.371429 0.168459 0.371429 0.182796 0.380952 0.182796 0.380952 0.179211 0.384127 0.175627 0.384127 0.168459 0.380952 0.164875
0 0.549206 0.164875 0.546032 0.164875 0.539683 0.175627 0.536508 0.175627 0.533333 0.179211 0.526984 0.179211 0.520635 0.186380 0.517460 0.186380 0.514286 0.189964 0.514286 0.200717 0.517460 0.204301 0.526984 0.204301 0.530159 0.200717 0.533333 0.200717 0.546032 0.186380 0.546032 0.172043 0.549206 0.168459
0 0.473016 0.168459 0.463492 0.168459 0.453968 0.179211 0.453968 0.182796 0.460317 0.189964 0.463492 0.189964 0.466667 0.186380 0.469841 0.186380 0.473016 0.182796 0.473016 0.179211 0.476190 0.175627 0.476190 0.172043
0 0.822222 0.172043 0.822222 0.182796 0.828571 0.189964 0.838095 0.189964 0.841270 0.186380 0.844444 0.186380 0.844444 0.175627 0.838095 0.168459 0.825397 0.168459
0 0.415873 0.172043 0.415873 0.175627 0.412698 0.179211 0.412698 0.186380 0.415873 0.189964 0.425397 0.189964 0.428571 0.186380 0.428571 0.179211 0.425397 0.175627 0.425397 0.172043
0 0.568254 0.172043 0.565079 0.175627 0.565079 0.193548 0.568254 0.197133 0.580952 0.197133 0.590476 0.186380 0.587302 0.182796 0.587302 0.179211 0.584127 0.175627 0.580952 0.175627 0.577778 0.172043
0 0.993651 0.172043 0.987302 0.179211 0.987302 0.189964 0.993651 0.197133 0.996825 0.193548 0.996825 0.179211 0.993651 0.175627
0 0.123810 0.175627 0.120635 0.179211 0.120635 0.182796 0.117460 0.186380 0.117460 0.189964 0.120635 0.193548 0.123810 0.193548 0.126984 0.197133 0.130159 0.193548 0.136508 0.193548 0.139683 0.189964 0.139683 0.182796 0.142857 0.179211 0.139683 0.175627
0 0.241270 0.179211 0.238095 0.182796 0.238095 0.204301 0.250794 0.204301 0.253968 0.200717 0.253968 0.197133 0.257143 0.193548 0.253968 0.189964 0.253968 0.182796 0.250794 0.179211
0 0.358730 0.182796 0.355556 0.179211 0.349206 0.179211 0.342857 0.186380 0.342857 0.189964 0.346032 0.193548 0.352381 0.193548 0.358730 0.186380
0 0.501587 0.182796 0.498413 0.182796 0.495238 0.179211 0.492063 0.179211 0.488889 0.182796 0.485714 0.182796 0.485714 0.200717 0.498413 0.200717 0.501587 0.197133 0.501587 0.193548 0.504762 0.189964 0.501587 0.186380
0 0.720635 0.179211 0.714286 0.186380 0.714286 0.197133 0.717460 0.200717 0.717460 0.204301 0.720635 0.207885 0.726984 0.207885 0.730159 0.204301 0.730159 0.182796 0.726984 0.179211
0 0.196825 0.182796 0.196825 0.193548 0.203175 0.200717 0.206349 0.197133 0.215873 0.197133 0.219048 0.193548 0.219048 0.189964 0.215873 0.186380 0.212698 0.186380 0.209524 0.182796
0 0.631746 0.186380 0.628571 0.186380 0.625397 0.182796 0.622222 0.182796 0.615873 0.189964 0.615873 0.197133 0.612698 0.200717 0.612698 0.204301 0.615873 0.207885 0.615873 0.211470 0.625397 0.211470 0.634921 0.200717 0.634921 0.189964
0 0.317460 0.186380 0.304762 0.186380 0.301587 0.189964 0.301587 0.193548 0.298413 0.197133 0.298413 0.207885 0.301587 0.211470 0.301587 0.215054 0.311111 0.215054 0.323810 0.200717 0.323810 0.193548
0 0.920635 0.200717 0.920635 0.204301 0.926984 0.211470 0.949206 0.211470 0.949206 0.207885 0.952381 0.204301 0.952381 0.193548 0.946032 0.186380 0.933333 0.186380 0.926984 0.193548 0.923810 0.193548 0.923810 0.197133
0 0.168254 0.193548 0.161905 0.193548 0.158730 0.197133 0.155556 0.197133 0.152381 0.200717 0.152381 0.204301 0.149206 0.207885 0.149206 0.218638 0.152381 0.222222 0.161905 0.222222 0.165079 0.218638 0.168254 0.218638 0.168254 0.215054 0.171429 0.211470 0.171429 0.197133
0 0.260317 0.197133 0.260317 0.215054 0.263492 0.218638 0.273016 0.218638 0.276190 0.215054 0.276190 0.204301 0.273016 0.200717 0.273016 0.197133
0 0.682540 0.197133 0.676190 0.204301 0.676190 0.211470 0.682540 0.218638 0.695238 0.218638 0.698413 0.215054 0.698413 0.200717 0.695238 0.200717 0.692063 0.197133
0 0.885714 0.197133 0.876190 0.197133 0.869841 0.204301 0.869841 0.222222 0.879365 0.229391 0.882540 0.225806 0.888889 0.225806 0.895238 0.218638 0.895238 0.207885
0 0.209524 0.204301 0.203175 0.204301 0.200000 0.200717 0.196825 0.204301 0.193651 0.204301 0.190476 0.207885 0.187302 0.207885 0.184127 0.211470 0.184127 0.218638 0.187302 0.222222 0.190476 0.222222 0.193651 0.218638 0.203175 0.218638 0.206349 0.215054 0.206349 0.207885
0 0.390476 0.200717 0.374603 0.200717 0.368254 0.207885 0.368254 0.222222 0.377778 0.229391 0.380952 0.225806 0.384127 0.225806 0.387302 0.222222 0.390476 0.222222 0.396825 0.211470
0 0.761905 0.200717 0.752381 0.200717 0.746032 0.207885 0.746032 0.211470 0.742857 0.215054 0.742857 0.225806 0.746032 0.225806 0.749206 0.229391 0.755556 0.229391 0.761905 0.222222 0.761905 0.215054 0.765079 0.211470 0.765079 0.204301
0 0.453968 0.204301 0.447619 0.211470 0.447619 0.225806 0.450794 0.229391 0.450794 0.236559 0.453968 0.240143 0.460317 0.240143 0.466667 0.232975 0.466667 0.211470 0.460317 0.204301
0 0.841270 0.207885 0.831746 0.204301 0.828571 0.207885 0.825397 0.207885 0.815873 0.218638 0.815873 0.229391 0.812698 0.232975 0.815873 0.236559 0.815873 0.240143 0.822222 0.240143 0.825397 0.243728 0.828571 0.240143 0.838095 0.236559 0.838095 0.232975 0.844444 0.222222 0.844444 0.215054 0.841270 0.211470
0 0.419048 0.207885 0.419048 0.218638 0.422222 0.222222 0.422222 0.225806 0.428571 0.232975 0.428571 0.236559 0.434921 0.243728 0.438095 0.240143 0.438095 0.218638 0.434921 0.215054 0.434921 0.211470 0.431746 0.207885
0 0.777778 0.211470 0.777778 0.229391 0.784127 0.236559 0.793651 0.236559 0.796825 0.232975 0.796825 0.229391 0.800000 0.225806 0.800000 0.215054 0.793651 0.207885 0.784127 0.207885 0.780952 0.211470
0 0.339683 0.211470 0.330159 0.211470 0.326984 0.215054 0.323810 0.215054 0.320635 0.218638 0.320635 0.222222 0.317460 0.225806 0.317460 0.232975 0.320635 0.232975 0.323810 0.236559 0.333333 0.236559 0.339683 0.229391 0.339683 0.225806 0.342857 0.222222 0.342857 0.215054
0 0.482540 0.211470 0.479365 0.215054 0.479365 0.232975 0.482540 0.236559 0.492063 0.236559 0.495238 0.232975 0.495238 0.229391 0.498413 0.225806 0.498413 0.222222 0.495238 0.218638 0.495238 0.215054 0.492063 0.211470
0 0.653968 0.211470 0.644444 0.211470 0.641270 0.215054 0.638095 0.215054 0.628571 0.225806 0.628571 0.229391 0.634921 0.236559 0.647619 0.236559 0.653968 0.229391
0 0.107937 0.222222 0.104762 0.225806 0.104762 0.247312 0.114286 0.258065 0.120635 0.258065 0.126984 0.250896 0.126984 0.232975 0.120635 0.222222
0 0.203175 0.225806 0.203175 0.232975 0.206349 0.232975 0.209524 0.236559 0.231746 0.236559 0.234921 0.232975 0.234921 0.229391 0.231746 0.225806 0.228571 0.225806 0.225397 0.222222 0.209524 0.222222 0.206349 0.225806
0 0.682540 0.236559 0.679365 0.232975 0.673016 0.232975 0.669841 0.236559 0.666667 0.236559 0.663492 0.240143 0.660317 0.240143 0.657143 0.243728 0.657143 0.250896 0.673016 0.250896 0.676190 0.247312 0.679365 0.247312 0.682540 0.243728
0 0.926984 0.232975 0.917460 0.232975 0.914286 0.236559 0.911111 0.236559 0.907937 0.240143 0.907937 0.243728 0.904762 0.247312 0.904762 0.258065 0.923810 0.258065 0.926984 0.254480 0.926984 0.247312 0.930159 0.243728 0.926984 0.240143
0 0.968254 0.232975 0.965079 0.232975 0.958730 0.240143 0.958730 0.243728 0.955556 0.247312 0.955556 0.254480 0.952381 0.258065 0.958730 0.268817 0.965079 0.268817 0.974603 0.258065 0.974603 0.254480 0.977778 0.250896 0.977778 0.240143
0 0.152381 0.243728 0.152381 0.250896 0.158730 0.258065 0.174603 0.258065 0.180952 0.250896 0.180952 0.247312 0.177778 0.243728 0.177778 0.240143 0.174603 0.240143 0.171429 0.236559 0.158730 0.236559
0 0.406349 0.236559 0.396825 0.236559 0.393651 0.240143 0.390476 0.240143 0.387302 0.243728 0.387302 0.250896 0.393651 0.258065 0.396825 0.258065 0.400000 0.254480 0.403175 0.254480 0.406349 0.250896 0.409524 0.250896 0.409524 0.240143
0 0.590476 0.240143 0.587302 0.240143 0.580952 0.247312 0.577778 0.247312 0.577778 0.250896 0.574603 0.254480 0.574603 0.261649 0.577778 0.265233 0.584127 0.265233 0.587302 0.261649 0.587302 0.258065 0.590476 0.254480
0 0.704762 0.250896 0.704762 0.258065 0.711111 0.265233 0.717460 0.265233 0.720635 0.268817 0.723810 0.268817 0.726984 0.265233 0.730159 0.265233 0.730159 0.261649 0.733333 0.258065 0.733333 0.250896 0.730159 0.247312 0.730159 0.243728 0.726984 0.243728 0.723810 0.240143 0.714286 0.240143
0 0.768254 0.247312 0.761905 0.247312 0.758730 0.250896 0.755556 0.250896 0.755556 0.254480 0.752381 0.258065 0.752381 0.261649 0.749206 0.265233 0.749206 0.272401 0.752381 0.275986 0.765079 0.275986 0.771429 0.268817 0.771429 0.261649 0.774603 0.258065 0.774603 0.254480
0 0.479365 0.258065 0.479365 0.265233 0.485714 0.272401 0.498413 0.272401 0.507937 0.261649 0.507937 0.258065 0.501587 0.250896 0.485714 0.250896
0 0.609524 0.250896 0.606349 0.254480 0.606349 0.265233 0.615873 0.275986 0.619048 0.275986 0.622222 0.279570 0.625397 0.279570 0.631746 0.272401 0.631746 0.261649 0.628571 0.258065 0.628571 0.254480 0.625397 0.250896
0 0.288889 0.261649 0.288889 0.265233 0.292063 0.268817 0.292063 0.272401 0.295238 0.275986 0.301587 0.275986 0.304762 0.272401 0.311111 0.272401 0.311111 0.258065 0.307937 0.254480 0.295238 0.254480
0 0.349206 0.254480 0.346032 0.258065 0.346032 0.268817 0.352381 0.275986 0.355556 0.275986 0.358730 0.279570 0.361905 0.279570 0.368254 0.272401 0.368254 0.261649 0.361905 0.254480
0 0.879365 0.254480 0.869841 0.254480 0.863492 0.261649 0.863492 0.283154 0.866667 0.286738 0.873016 0.286738 0.876190 0.283154 0.879365 0.283154 0.885714 0.275986 0.885714 0.261649
0 0.250794 0.258065 0.247619 0.261649 0.244444 0.261649 0.241270 0.265233 0.241270 0.290323 0.244444 0.290323 0.247619 0.293907 0.250794 0.293907 0.260317 0.283154 0.260317 0.265233 0.257143 0.261649 0.253968 0.261649
0 0.790476 0.261649 0.790476 0.279570 0.793651 0.283154 0.809524 0.283154 0.812698 0.279570 0.812698 0.272401 0.809524 0.268817 0.809524 0.265233 0.806349 0.261649 0.803175 0.261649 0.800000 0.258065 0.796825 0.258065 0.793651 0.261649
0 0.831746 0.258065 0.828571 0.261649 0.828571 0.272401 0.831746 0.275986 0.841270 0.275986 0.841270 0.272401 0.844444 0.268817 0.841270 0.265233 0.841270 0.261649 0.838095 0.261649 0.834921 0.258065
0 0.530159 0.261649 0.530159 0.268817 0.533333 0.272401 0.533333 0.275986 0.539683 0.283154 0.552381 0.283154 0.558730 0.275986 0.558730 0.268817 0.552381 0.261649
0 0.123810 0.268817 0.120635 0.268817 0.117460 0.272401 0.114286 0.272401 0.107937 0.279570 0.104762 0.279570 0.101587 0.283154 0.101587 0.293907 0.107937 0.301075 0.117460 0.301075 0.123810 0.293907 0.126984 0.293907 0.126984 0.290323 0.130159 0.286738 0.130159 0.275986
0 0.168254 0.268817 0.168254 0.279570 0.174603 0.286738 0.184127 0.286738 0.190476 0.279570 0.190476 0.275986 0.184127 0.268817
0 0.390476 0.283154 0.390476 0.290323 0.396825 0.297491 0.415873 0.297491 0.422222 0.290323 0.419048 0.286738 0.419048 0.279570 0.409524 0.272401 0.400000 0.272401
0 0.311111 0.275986 0.304762 0.275986 0.301587 0.279570 0.295238 0.279570 0.292063 0.283154 0.292063 0.297491 0.295238 0.301075 0.307937 0.301075 0.314286 0.293907 0.314286 0.279570
0 0.653968 0.275986 0.653968 0.293907 0.660317 0.293907 0.663492 0.297491 0.666667 0.293907 0.666667 0.275986
0 0.504762 0.283154 0.504762 0.301075 0.507937 0.304659 0.511111 0.304659 0.514286 0.308244 0.523810 0.308244 0.530159 0.301075 0.530159 0.293907 0.523810 0.286738 0.523810 0.283154 0.520635 0.283154 0.517460 0.279570 0.511111 0.279570 0.507937 0.283154
0 0.577778 0.293907 0.580952 0.297491 0.580952 0.301075 0.584127 0.304659 0.590476 0.304659 0.593651 0.301075 0.600000 0.301075 0.603175 0.297491 0.603175 0.283154 0.600000 0.283154 0.596825 0.279570 0.587302 0.279570 0.580952 0.286738 0.580952 0.290323
0 0.904762 0.279570 0.901587 0.283154 0.901587 0.286738 0.898413 0.290323 0.898413 0.304659 0.901587 0.304659 0.904762 0.308244 0.914286 0.308244 0.920635 0.301075 0.920635 0.286738 0.914286 0.279570
0 0.717460 0.283154 0.711111 0.290323 0.711111 0.301075 0.714286 0.304659 0.723810 0.304659 0.730159 0.297491 0.730159 0.286738 0.726984 0.283154
0 0.469841 0.286738 0.473016 0.290323 0.473016 0.293907 0.469841 0.297491 0.469841 0.304659 0.473016 0.308244 0.473016 0.311828 0.479365 0.318996 0.488889 0.318996 0.492063 0.315412 0.492063 0.301075 0.488889 0.297491 0.488889 0.293907 0.485714 0.290323 0.476190 0.290323 0.473016 0.286738
0 0.695238 0.286738 0.692063 0.286738 0.688889 0.290323 0.685714 0.290323 0.685714 0.293907 0.682540 0.297491 0.682540 0.304659 0.688889 0.311828 0.695238 0.311828 0.698413 0.308244 0.698413 0.290323
0 0.784127 0.290323 0.777778 0.290323 0.774603 0.293907 0.771429 0.293907 0.771429 0.297491 0.768254 0.301075 0.768254 0.315412 0.774603 0.322581 0.780952 0.322581 0.784127 0.318996 0.787302 0.318996 0.793651 0.308244 0.793651 0.301075
0 0.895238 0.293907 0.892063 0.293907 0.888889 0.290323 0.885714 0.290323 0.876190 0.301075 0.876190 0.311828 0.885714 0.311828 0.895238 0.301075
0 0.200000 0.293907 0.196825 0.297491 0.190476 0.297491 0.180952 0.308244 0.180952 0.315412 0.184127 0.318996 0.184127 0.322581 0.187302 0.322581 0.190476 0.326165 0.196825 0.326165 0.206349 0.315412 0.206349 0.301075
0 0.349206 0.297491 0.349206 0.308244 0.352381 0.311828 0.352381 0.315412 0.355556 0.315412 0.358730 0.318996 0.365079 0.318996 0.368254 0.315412 0.368254 0.297491 0.365079 0.293907 0.355556 0.293907 0.352381 0.297491
0 0.146032 0.301075 0.146032 0.308244 0.152381 0.315412 0.152381 0.318996 0.155556 0.322581 0.161905 0.322581 0.161905 0.308244 0.155556 0.301075
0 0.946032 0.301075 0.936508 0.301075 0.933333 0.304659 0.933333 0.308244 0.930159 0.311828 0.930159 0.322581 0.933333 0.326165 0.939683 0.326165 0.946032 0.318996 0.946032 0.311828 0.949206 0.308244 0.949206 0.304659
0 0.117460 0.304659 0.107937 0.304659 0.098413 0.315412 0.098413 0.326165 0.101587 0.329749 0.111111 0.329749 0.117460 0.322581 0.117460 0.318996 0.120635 0.315412 0.120635 0.311828 0.117460 0.308244
0 0.257143 0.304659 0.257143 0.311828 0.276190 0.333333 0.279365 0.333333 0.282540 0.336918 0.285714 0.333333 0.285714 0.318996 0.279365 0.311828 0.276190 0.311828 0.269841 0.304659
0 0.628571 0.308244 0.612698 0.308244 0.612698 0.311828 0.609524 0.315412 0.606349 0.315412 0.606349 0.322581 0.609524 0.326165 0.609524 0.329749 0.612698 0.333333 0.615873 0.333333 0.619048 0.329749 0.622222 0.329749 0.628571 0.322581
0 0.234921 0.311828 0.225397 0.311828 0.222222 0.315412 0.222222 0.318996 0.219048 0.322581 0.219048 0.336918 0.231746 0.336918 0.238095 0.329749 0.238095 0.315412
0 0.377778 0.311828 0.374603 0.315412 0.371429 0.315412 0.368254 0.318996 0.368254 0.322581 0.371429 0.326165 0.371429 0.333333 0.374603 0.336918 0.380952 0.336918 0.384127 0.340502 0.384127 0.336918 0.387302 0.333333 0.387302 0.318996 0.390476 0.315412 0.387302 0.311828
0 0.434921 0.311828 0.419048 0.311828 0.415873 0.315412 0.406349 0.318996 0.406349 0.326165 0.403175 0.329749 0.403175 0.351254 0.412698 0.362007 0.425397 0.362007 0.434921 0.347670 0.434921 0.344086 0.441270 0.333333 0.441270 0.322581
0 0.584127 0.315412 0.580952 0.318996 0.580952 0.326165 0.584127 0.329749 0.593651 0.329749 0.596825 0.326165 0.596825 0.315412
0 0.828571 0.318996 0.815873 0.318996 0.812698 0.322581 0.809524 0.322581 0.806349 0.326165 0.803175 0.326165 0.803175 0.336918 0.806349 0.340502 0.806349 0.344086 0.809524 0.344086 0.812698 0.347670 0.815873 0.347670 0.819048 0.344086 0.822222 0.344086 0.831746 0.333333 0.831746 0.322581
0 0.136508 0.322581 0.130159 0.322581 0.120635 0.333333 0.120635 0.340502 0.117460 0.344086 0.123810 0.351254 0.133333 0.351254 0.136508 0.347670 0.136508 0.344086 0.139683 0.340502 0.139683 0.326165
0 0.523810 0.322581 0.511111 0.322581 0.504762 0.329749 0.504762 0.344086 0.507937 0.347670 0.511111 0.344086 0.517460 0.344086 0.520635 0.340502 0.523810 0.340502 0.526984 0.336918 0.526984 0.326165
0 0.552381 0.322581 0.542857 0.333333 0.542857 0.347670 0.549206 0.354839 0.558730 0.354839 0.561905 0.351254 0.561905 0.347670 0.565079 0.344086 0.565079 0.326165 0.561905 0.322581
0 0.326984 0.326165 0.317460 0.326165 0.314286 0.329749 0.311111 0.329749 0.307937 0.333333 0.307937 0.347670 0.311111 0.347670 0.314286 0.351254 0.317460 0.351254 0.320635 0.354839 0.323810 0.351254 0.326984 0.351254 0.330159 0.347670 0.330159 0.344086 0.333333 0.340502 0.333333 0.333333
0 0.253968 0.333333 0.250794 0.336918 0.244444 0.336918 0.241270 0.340502 0.241270 0.344086 0.238095 0.347670 0.238095 0.351254 0.244444 0.358423 0.260317 0.358423 0.263492 0.354839 0.263492 0.344086
0 0.650794 0.333333 0.641270 0.333333 0.638095 0.336918 0.634921 0.336918 0.634921 0.340502 0.631746 0.344086 0.631746 0.354839 0.634921 0.358423 0.638095 0.358423 0.641270 0.354839 0.644444 0.354839 0.650794 0.347670 0.650794 0.344086 0.653968 0.340502 0.650794 0.336918
0 0.685714 0.333333 0.676190 0.333333 0.669841 0.340502 0.669841 0.358423 0.676190 0.365591 0.679365 0.365591 0.682540 0.362007 0.682540 0.358423 0.685714 0.354839 0.685714 0.347670 0.688889 0.344086 0.685714 0.340502
0 0.720635 0.333333 0.714286 0.333333 0.711111 0.336918 0.707937 0.336918 0.704762 0.340502 0.704762 0.344086 0.701587 0.347670 0.701587 0.354839 0.707937 0.362007 0.717460 0.362007 0.720635 0.358423 0.723810 0.358423 0.726984 0.354839 0.726984 0.340502
0 0.904762 0.333333 0.898413 0.333333 0.892063 0.340502 0.892063 0.344086 0.888889 0.347670 0.888889 0.362007 0.892063 0.365591 0.895238 0.365591 0.901587 0.358423 0.901587 0.344086 0.904762 0.340502
0 0.457143 0.340502 0.453968 0.344086 0.453968 0.354839 0.457143 0.358423 0.457143 0.362007 0.460317 0.362007 0.463492 0.365591 0.469841 0.365591 0.476190 0.358423 0.476190 0.354839 0.473016 0.351254 0.473016 0.347670 0.466667 0.340502
0 0.568254 0.340502 0.568254 0.344086 0.565079 0.347670 0.565079 0.354839 0.568254 0.358423 0.577778 0.358423 0.577778 0.354839 0.580952 0.351254 0.577778 0.347670 0.577778 0.344086 0.574603 0.340502
0 0.158730 0.344086 0.155556 0.344086 0.152381 0.347670 0.149206 0.347670 0.142857 0.354839 0.142857 0.358423 0.139683 0.362007 0.139683 0.369176 0.142857 0.372760 0.158730 0.372760 0.161905 0.369176 0.161905 0.365591 0.165079 0.362007 0.165079 0.351254
0 0.203175 0.344086 0.193651 0.344086 0.190476 0.347670 0.187302 0.347670 0.180952 0.354839 0.180952 0.369176 0.184127 0.372760 0.196825 0.372760 0.206349 0.362007 0.206349 0.347670
0 0.780952 0.344086 0.774603 0.351254 0.774603 0.372760 0.780952 0.379928 0.787302 0.379928 0.796825 0.369176 0.796825 0.358423 0.793651 0.354839 0.793651 0.351254 0.787302 0.344086
0 0.917460 0.344086 0.911111 0.351254 0.911111 0.362007 0.914286 0.365591 0.914286 0.369176 0.917460 0.372760 0.933333 0.372760 0.936508 0.369176 0.936508 0.358423 0.933333 0.354839 0.933333 0.351254 0.930159 0.347670 0.930159 0.344086
0 0.374603 0.347670 0.358730 0.347670 0.355556 0.351254 0.355556 0.387097 0.358730 0.390681 0.358730 0.394265 0.365079 0.394265 0.374603 0.383513 0.374603 0.379928 0.380952 0.369176 0.380952 0.351254 0.377778 0.351254
0 0.758730 0.347670 0.755556 0.347670 0.739683 0.365591 0.739683 0.372760 0.742857 0.376344 0.742857 0.379928 0.752381 0.379928 0.758730 0.372760 0.758730 0.369176 0.761905 0.365591 0.761905 0.351254
0 0.977778 0.347670 0.974603 0.347670 0.971429 0.351254 0.971429 0.354839 0.965079 0.362007 0.965079 0.365591 0.968254 0.369176 0.968254 0.372760 0.974603 0.372760 0.977778 0.369176 0.977778 0.365591 0.980952 0.362007 0.980952 0.351254
0 0.104762 0.354839 0.098413 0.362007 0.098413 0.379928 0.101587 0.383513 0.114286 0.383513 0.117460 0.379928 0.117460 0.365591 0.107937 0.354839
0 0.323810 0.354839 0.323810 0.369176 0.326984 0.372760 0.333333 0.372760 0.339683 0.365591 0.339683 0.358423 0.336508 0.354839 0.333333 0.354839 0.330159 0.358423 0.326984 0.358423
0 0.444444 0.365591 0.441270 0.369176 0.441270 0.379928 0.453968 0.394265 0.453968 0.397849 0.460317 0.405018 0.463492 0.401434 0.466667 0.401434 0.469841 0.397849 0.469841 0.387097 0.450794 0.365591
0 0.523810 0.365591 0.523810 0.376344 0.526984 0.376344 0.530159 0.379928 0.536508 0.379928 0.539683 0.376344 0.539683 0.372760 0.536508 0.369176 0.536508 0.365591
0 0.660317 0.365591 0.653968 0.372760 0.650794 0.372760 0.644444 0.383513 0.644444 0.390681 0.650794 0.397849 0.653968 0.397849 0.657143 0.394265 0.660317 0.394265 0.669841 0.383513 0.669841 0.379928 0.673016 0.376344 0.666667 0.369176 0.663492 0.369176
0 0.298413 0.369176 0.285714 0.369176 0.282540 0.372760 0.279365 0.372760 0.279365 0.387097 0.282540 0.390681 0.285714 0.390681 0.288889 0.394265 0.292063 0.394265 0.295238 0.390681 0.298413 0.390681 0.298413 0.387097 0.301587 0.383513 0.301587 0.372760
0 0.495238 0.369176 0.488889 0.376344 0.488889 0.387097 0.492063 0.390681 0.492063 0.394265 0.501587 0.394265 0.504762 0.390681 0.504762 0.379928 0.501587 0.376344 0.501587 0.372760 0.498413 0.369176
0 0.844444 0.369176 0.838095 0.369176 0.831746 0.376344 0.831746 0.379928 0.828571 0.383513 0.828571 0.394265 0.831746 0.397849 0.831746 0.401434 0.841270 0.401434 0.847619 0.394265 0.847619 0.387097 0.850794 0.383513 0.850794 0.379928 0.847619 0.376344 0.847619 0.372760
0 0.876190 0.369176 0.869841 0.376344 0.869841 0.379928 0.866667 0.383513 0.866667 0.390681 0.869841 0.394265 0.869841 0.397849 0.873016 0.401434 0.882540 0.401434 0.885714 0.397849 0.885714 0.394265 0.888889 0.390681 0.888889 0.376344 0.885714 0.376344 0.882540 0.372760 0.879365 0.372760
0 0.253968 0.379928 0.244444 0.372760 0.231746 0.372760 0.225397 0.379928 0.225397 0.383513 0.222222 0.387097 0.222222 0.401434 0.225397 0.401434 0.228571 0.405018 0.231746 0.401434 0.238095 0.401434 0.241270 0.397849 0.244444 0.397849 0.253968 0.387097
0 0.555556 0.376344 0.549206 0.387097 0.549206 0.401434 0.555556 0.408602 0.568254 0.408602 0.574603 0.397849 0.574603 0.390681 0.571429 0.387097 0.571429 0.379928 0.568254 0.376344
0 0.692063 0.383513 0.692063 0.397849 0.695238 0.401434 0.698413 0.401434 0.701587 0.405018 0.707937 0.405018 0.711111 0.401434 0.714286 0.401434 0.714286 0.397849 0.717460 0.394265 0.717460 0.387097 0.711111 0.379928 0.695238 0.379928
0 0.904762 0.379928 0.901587 0.383513 0.901587 0.390681 0.904762 0.394265 0.907937 0.394265 0.911111 0.390681 0.911111 0.383513 0.907937 0.379928
0 0.142857 0.383513 0.130159 0.383513 0.117460 0.394265 0.117460 0.397849 0.111111 0.405018 0.111111 0.419355 0.117460 0.426523 0.126984 0.430108 0.130159 0.426523 0.136508 0.426523 0.146032 0.415771 0.146032 0.405018 0.149206 0.401434 0.149206 0.390681
0 0.600000 0.387097 0.600000 0.401434 0.603175 0.405018 0.606349 0.405018 0.609524 0.408602 0.615873 0.408602 0.619048 0.405018 0.622222 0.405018 0.625397 0.401434 0.625397 0.390681 0.619048 0.383513 0.603175 0.383513
0 0.184127 0.387097 0.184127 0.397849 0.187302 0.401434 0.187302 0.405018 0.196825 0.405018 0.196825 0.394265 0.190476 0.387097
0 0.317460 0.387097 0.311111 0.397849 0.311111 0.405018 0.314286 0.408602 0.314286 0.412186 0.323810 0.422939 0.330159 0.422939 0.336508 0.415771 0.336508 0.408602 0.333333 0.405018 0.333333 0.394265 0.323810 0.387097
0 0.977778 0.390681 0.977778 0.394265 0.974603 0.397849 0.974603 0.405018 0.977778 0.408602 0.977778 0.412186 0.980952 0.415771 0.993651 0.415771 0.993651 0.412186 0.996825 0.408602 0.996825 0.405018 0.993651 0.401434 0.996825 0.397849 0.996825 0.394265 0.993651 0.390681 0.993651 0.387097 0.984127 0.387097 0.980952 0.390681
0 0.174603 0.394265 0.168254 0.394265 0.158730 0.405018 0.158730 0.412186 0.155556 0.415771 0.155556 0.419355 0.161905 0.430108 0.174603 0.430108 0.177778 0.426523 0.177778 0.397849
0 0.269841 0.401434 0.263492 0.394265 0.257143 0.394265 0.250794 0.401434 0.250794 0.405018 0.247619 0.408602 0.247619 0.419355 0.257143 0.419355 0.260317 0.415771 0.263492 0.415771 0.266667 0.412186 0.269841 0.412186
0 0.419048 0.394265 0.409524 0.394265 0.406349 0.397849 0.403175 0.397849 0.400000 0.401434 0.400000 0.415771 0.403175 0.419355 0.412698 0.419355 0.422222 0.408602 0.422222 0.397849
0 0.755556 0.397849 0.749206 0.405018 0.749206 0.422939 0.752381 0.426523 0.765079 0.426523 0.771429 0.419355 0.771429 0.401434 0.768254 0.397849
0 0.812698 0.408602 0.809524 0.408602 0.806349 0.405018 0.803175 0.405018 0.800000 0.408602 0.796825 0.408602 0.790476 0.415771 0.790476 0.419355 0.787302 0.422939 0.787302 0.426523 0.784127 0.430108 0.784127 0.433692 0.787302 0.437276 0.796825 0.437276 0.800000 0.433692 0.803175 0.433692 0.806349 0.430108 0.806349 0.426523 0.812698 0.419355
0 0.904762 0.408602 0.901587 0.412186 0.898413 0.412186 0.898413 0.415771 0.895238 0.419355 0.898413 0.422939 0.898413 0.426523 0.901587 0.430108 0.901587 0.433692 0.904762 0.437276 0.911111 0.437276 0.914286 0.433692 0.914286 0.430108 0.917460 0.426523 0.917460 0.412186 0.914286 0.408602
0 0.495238 0.415771 0.492063 0.415771 0.488889 0.412186 0.482540 0.412186 0.479365 0.415771 0.476190 0.415771 0.469841 0.422939 0.469841 0.437276 0.473016 0.440860 0.482540 0.440860 0.485714 0.437276 0.488889 0.437276 0.495238 0.430108
0 0.511111 0.430108 0.511111 0.433692 0.514286 0.437276 0.514286 0.440860 0.523810 0.448029 0.533333 0.448029 0.542857 0.440860 0.542857 0.430108 0.533333 0.419355 0.520635 0.419355
0 0.666667 0.419355 0.663492 0.422939 0.663492 0.437276 0.666667 0.440860 0.669841 0.440860 0.673016 0.444444 0.676190 0.444444 0.679365 0.440860 0.682540 0.440860 0.685714 0.437276 0.685714 0.426523 0.679365 0.419355
0 0.949206 0.419355 0.942857 0.426523 0.942857 0.440860 0.946032 0.444444 0.955556 0.444444 0.961905 0.437276 0.961905 0.426523 0.955556 0.419355
0 0.368254 0.422939 0.361905 0.422939 0.358730 0.426523 0.355556 0.426523 0.352381 0.430108 0.352381 0.433692 0.349206 0.437276 0.349206 0.440860 0.352381 0.444444 0.352381 0.448029 0.355556 0.448029 0.358730 0.451613 0.361905 0.448029 0.368254 0.448029 0.374603 0.440860 0.374603 0.430108
0 0.441270 0.422939 0.438095 0.422939 0.434921 0.426523 0.428571 0.426523 0.428571 0.430108 0.425397 0.433692 0.425397 0.444444 0.428571 0.444444 0.431746 0.448029 0.441270 0.448029 0.444444 0.444444 0.447619 0.444444 0.447619 0.430108
0 0.596825 0.433692 0.596825 0.437276 0.603175 0.444444 0.619048 0.444444 0.622222 0.440860 0.625397 0.440860 0.628571 0.437276 0.628571 0.426523 0.625397 0.422939 0.606349 0.422939
0 0.574603 0.430108 0.568254 0.430108 0.561905 0.437276 0.561905 0.444444 0.558730 0.448029 0.561905 0.451613 0.561905 0.455197 0.574603 0.455197 0.580952 0.448029 0.580952 0.440860 0.577778 0.437276 0.577778 0.433692
0 0.819048 0.433692 0.819048 0.437276 0.815873 0.440860 0.815873 0.444444 0.822222 0.451613 0.825397 0.451613 0.828571 0.455197 0.838095 0.455197 0.841270 0.451613 0.841270 0.440860 0.838095 0.437276 0.838095 0.433692 0.831746 0.433692 0.828571 0.430108 0.825397 0.433692
0 0.260317 0.437276 0.260317 0.451613 0.263492 0.455197 0.273016 0.455197 0.276190 0.451613 0.279365 0.451613 0.279365 0.437276 0.276190 0.433692 0.263492 0.433692
0 0.320635 0.437276 0.317460 0.437276 0.314286 0.433692 0.311111 0.433692 0.307937 0.437276 0.304762 0.437276 0.298413 0.444444 0.298413 0.448029 0.295238 0.451613 0.295238 0.458781 0.298413 0.462366 0.307937 0.462366 0.311111 0.458781 0.314286 0.458781 0.320635 0.451613
0 0.117460 0.444444 0.117460 0.451613 0.123810 0.458781 0.130159 0.458781 0.133333 0.455197 0.136508 0.455197 0.136508 0.444444 0.130159 0.437276 0.123810 0.437276
0 0.215873 0.437276 0.212698 0.440860 0.212698 0.444444 0.209524 0.448029 0.209524 0.455197 0.215873 0.462366 0.219048 0.462366 0.222222 0.465950 0.225397 0.462366 0.231746 0.462366 0.231746 0.440860 0.228571 0.437276
0 0.701587 0.444444 0.695238 0.444444 0.676190 0.458781 0.676190 0.462366 0.682540 0.473118 0.695238 0.473118 0.698413 0.469534 0.698413 0.465950 0.704762 0.455197 0.704762 0.448029
0 0.155556 0.451613 0.152381 0.455197 0.152381 0.469534 0.155556 0.473118 0.171429 0.473118 0.177778 0.465950 0.177778 0.455197 0.171429 0.448029 0.161905 0.448029 0.158730 0.451613
0 0.812698 0.451613 0.809524 0.451613 0.806349 0.448029 0.803175 0.451613 0.796825 0.451613 0.796825 0.455197 0.793651 0.458781 0.793651 0.462366 0.796825 0.465950 0.806349 0.465950 0.809524 0.462366 0.809524 0.458781 0.812698 0.455197
0 0.488889 0.455197 0.488889 0.465950 0.495238 0.473118 0.511111 0.473118 0.517460 0.465950 0.514286 0.462366 0.514286 0.458781 0.507937 0.451613 0.492063 0.451613
0 0.885714 0.451613 0.879365 0.458781 0.879365 0.469534 0.882540 0.473118 0.882540 0.476703 0.885714 0.480287 0.895238 0.480287 0.898413 0.476703 0.898413 0.473118 0.901587 0.469534 0.901587 0.458781 0.895238 0.451613
0 0.612698 0.455197 0.600000 0.455197 0.593651 0.462366 0.593651 0.476703 0.596825 0.476703 0.600000 0.480287 0.603175 0.476703 0.606349 0.476703 0.615873 0.465950 0.615873 0.458781
0 0.958730 0.455197 0.955556 0.458781 0.955556 0.462366 0.952381 0.465950 0.952381 0.469534 0.955556 0.473118 0.955556 0.476703 0.958730 0.476703 0.961905 0.480287 0.968254 0.480287 0.971429 0.476703 0.971429 0.473118 0.974603 0.469534 0.974603 0.455197
0 0.323810 0.462366 0.323810 0.476703 0.326984 0.480287 0.342857 0.480287 0.346032 0.476703 0.346032 0.469534 0.336508 0.458781 0.330159 0.458781 0.326984 0.462366
0 0.450794 0.458781 0.444444 0.458781 0.441270 0.462366 0.438095 0.462366 0.431746 0.469534 0.431746 0.487455 0.434921 0.491039 0.441270 0.491039 0.447619 0.483871 0.447619 0.480287 0.453968 0.473118 0.453968 0.462366
0 0.253968 0.462366 0.238095 0.462366 0.234921 0.465950 0.231746 0.465950 0.231746 0.473118 0.228571 0.476703 0.231746 0.480287 0.231746 0.483871 0.241270 0.483871 0.244444 0.480287 0.247619 0.480287 0.253968 0.473118
0 0.546032 0.469534 0.542857 0.465950 0.539683 0.465950 0.536508 0.462366 0.533333 0.462366 0.526984 0.469534 0.526984 0.480287 0.530159 0.483871 0.536508 0.483871 0.539683 0.480287 0.542857 0.480287 0.546032 0.476703
0 0.752381 0.462366 0.736508 0.462366 0.733333 0.465950 0.730159 0.465950 0.723810 0.473118 0.723810 0.483871 0.733333 0.483871 0.736508 0.480287 0.749206 0.480287 0.755556 0.469534 0.752381 0.465950
0 0.419048 0.469534 0.415873 0.469534 0.412698 0.465950 0.409524 0.469534 0.403175 0.469534 0.396825 0.476703 0.396825 0.494624 0.406349 0.494624 0.409524 0.491039 0.412698 0.491039 0.415873 0.487455 0.415873 0.483871 0.419048 0.480287
0 0.634921 0.465950 0.631746 0.469534 0.628571 0.469534 0.615873 0.483871 0.615873 0.491039 0.622222 0.498208 0.634921 0.498208 0.641270 0.491039 0.641270 0.487455 0.644444 0.483871 0.644444 0.476703
0 0.660317 0.476703 0.657143 0.480287 0.653968 0.480287 0.653968 0.483871 0.650794 0.487455 0.650794 0.494624 0.653968 0.498208 0.660317 0.498208 0.666667 0.491039 0.666667 0.483871
0 0.936508 0.480287 0.926984 0.480287 0.923810 0.483871 0.923810 0.487455 0.920635 0.491039 0.920635 0.501792 0.926984 0.508961 0.930159 0.508961 0.933333 0.505376 0.936508 0.505376 0.939683 0.501792 0.939683 0.494624 0.942857 0.491039 0.942857 0.487455
0 0.507937 0.491039 0.504762 0.491039 0.495238 0.483871 0.492063 0.483871 0.488889 0.487455 0.482540 0.487455 0.479365 0.491039 0.479365 0.508961 0.482540 0.512545 0.498413 0.512545 0.501587 0.508961 0.504762 0.508961 0.507937 0.505376
0 0.784127 0.483871 0.777778 0.491039 0.777778 0.494624 0.774603 0.498208 0.774603 0.501792 0.780952 0.512545 0.796825 0.512545 0.800000 0.508961 0.800000 0.505376 0.803175 0.501792 0.803175 0.498208 0.800000 0.494624 0.800000 0.491039 0.793651 0.483871
0 0.819048 0.483871 0.815873 0.487455 0.815873 0.505376 0.822222 0.512545 0.825397 0.512545 0.828571 0.516129 0.831746 0.512545 0.834921 0.512545 0.838095 0.508961 0.838095 0.494624 0.828571 0.483871
0 0.863492 0.487455 0.860317 0.487455 0.857143 0.491039 0.853968 0.491039 0.850794 0.494624 0.850794 0.501792 0.847619 0.505376 0.847619 0.508961 0.850794 0.512545 0.850794 0.516129 0.863492 0.516129 0.869841 0.508961 0.869841 0.505376 0.873016 0.501792 0.869841 0.498208 0.869841 0.494624
0 0.165079 0.491039 0.161905 0.494624 0.161905 0.519713 0.165079 0.523297 0.174603 0.523297 0.187302 0.508961 0.187302 0.505376 0.184127 0.501792 0.184127 0.498208 0.177778 0.491039
0 0.298413 0.491039 0.288889 0.491039 0.285714 0.494624 0.282540 0.494624 0.279365 0.498208 0.279365 0.505376 0.282540 0.508961 0.285714 0.505376 0.295238 0.505376 0.298413 0.501792
0 0.352381 0.491039 0.352381 0.494624 0.349206 0.498208 0.349206 0.501792 0.352381 0.505376 0.352381 0.508961 0.358730 0.516129 0.368254 0.516129 0.374603 0.508961 0.374603 0.501792 0.371429 0.498208 0.371429 0.494624 0.368254 0.491039
0 0.320635 0.494624 0.317460 0.498208 0.317460 0.501792 0.323810 0.508961 0.330159 0.508961 0.333333 0.505376 0.333333 0.498208 0.330159 0.494624
0 0.596825 0.494624 0.593651 0.498208 0.593651 0.519713 0.596825 0.519713 0.600000 0.523297 0.603175 0.523297 0.606349 0.519713 0.609524 0.519713 0.612698 0.516129 0.612698 0.512545 0.609524 0.508961 0.609524 0.505376 0.600000 0.494624
0 0.530159 0.498208 0.523810 0.505376 0.523810 0.516129 0.530159 0.523297 0.536508 0.523297 0.536508 0.519713 0.539683 0.516129 0.539683 0.501792 0.536508 0.498208
0 0.565079 0.498208 0.558730 0.505376 0.558730 0.530466 0.561905 0.530466 0.565079 0.534050 0.571429 0.534050 0.580952 0.526882 0.580952 0.519713 0.584127 0.516129 0.584127 0.512545 0.580952 0.508961 0.580952 0.505376 0.574603 0.498208
0 0.730159 0.498208 0.726984 0.501792 0.726984 0.519713 0.733333 0.526882 0.746032 0.526882 0.752381 0.519713 0.752381 0.516129 0.755556 0.512545 0.752381 0.508961 0.752381 0.505376 0.742857 0.498208
0 0.222222 0.505376 0.219048 0.508961 0.215873 0.508961 0.209524 0.516129 0.209524 0.526882 0.219048 0.537634 0.231746 0.537634 0.241270 0.526882 0.241270 0.512545 0.238095 0.508961 0.231746 0.508961 0.228571 0.505376
0 0.444444 0.505376 0.438095 0.512545 0.438095 0.530466 0.441270 0.534050 0.441270 0.537634 0.444444 0.537634 0.447619 0.541219 0.453968 0.541219 0.460317 0.534050 0.460317 0.523297 0.457143 0.519713 0.457143 0.508961 0.453968 0.505376
0 0.111111 0.508961 0.104762 0.516129 0.104762 0.530466 0.107937 0.534050 0.107937 0.541219 0.111111 0.544803 0.120635 0.544803 0.123810 0.541219 0.126984 0.541219 0.126984 0.530466 0.130159 0.526882 0.130159 0.519713 0.123810 0.508961
0 0.415873 0.508961 0.412698 0.512545 0.412698 0.526882 0.415873 0.530466 0.422222 0.530466 0.428571 0.523297 0.428571 0.512545 0.425397 0.508961
0 0.282540 0.519713 0.279365 0.516129 0.273016 0.516129 0.269841 0.512545 0.266667 0.512545 0.263492 0.516129 0.260317 0.516129 0.257143 0.519713 0.257143 0.544803 0.269841 0.544803 0.282540 0.530466
0 0.644444 0.516129 0.644444 0.526882 0.650794 0.534050 0.663492 0.534050 0.669841 0.526882 0.669841 0.516129 0.666667 0.512545 0.650794 0.512545 0.647619 0.516129
0 0.323810 0.519713 0.320635 0.519713 0.317460 0.516129 0.314286 0.516129 0.311111 0.519713 0.304762 0.519713 0.301587 0.523297 0.301587 0.537634 0.304762 0.541219 0.311111 0.541219 0.314286 0.537634 0.317460 0.537634 0.323810 0.530466
0 0.879365 0.523297 0.879365 0.526882 0.882540 0.530466 0.882540 0.534050 0.885714 0.537634 0.901587 0.537634 0.901587 0.523297 0.898413 0.519713 0.895238 0.519713 0.892063 0.516129 0.885714 0.516129
0 0.492063 0.530466 0.492063 0.534050 0.498413 0.541219 0.501587 0.541219 0.504762 0.544803 0.511111 0.544803 0.514286 0.541219 0.517460 0.541219 0.517460 0.537634 0.520635 0.534050 0.517460 0.530466 0.517460 0.526882 0.514286 0.523297 0.498413 0.523297
0 0.701587 0.523297 0.688889 0.523297 0.682540 0.530466 0.682540 0.534050 0.679365 0.537634 0.679365 0.544803 0.676190 0.548387 0.682540 0.559140 0.692063 0.559140 0.701587 0.548387 0.704762 0.548387 0.711111 0.541219 0.711111 0.534050
0 0.339683 0.530466 0.330159 0.541219 0.330159 0.544803 0.326984 0.548387 0.330159 0.551971 0.333333 0.551971 0.336508 0.555556 0.346032 0.555556 0.349206 0.551971 0.352381 0.551971 0.358730 0.544803 0.358730 0.541219 0.355556 0.537634 0.355556 0.534050 0.352381 0.534050 0.349206 0.530466
0 0.612698 0.534050 0.603175 0.534050 0.596825 0.541219 0.596825 0.544803 0.593651 0.548387 0.593651 0.559140 0.603175 0.559140 0.609524 0.551971 0.609524 0.544803 0.612698 0.541219
