0 0.304762 0.118280 0.292063 0.100358 0.282540 0.100358 0.279365 0.103943 0.266667 0.103943 0.263492 0.107527 0.250794 0.107527 0.247619 0.111111 0.241270 0.111111 0.238095 0.129032 0.241270 0.132616 0.260317 0.132616 0.273016 0.139785 0.282540 0.132616 0.288889 0.132616 0.301587 0.125448
0 0.946032 0.118280 0.942857 0.121864 0.942857 0.132616 0.958730 0.150538 0.961905 0.161290 0.993651 0.186380 0.996825 0.179211 0.993651 0.168459 0.993651 0.121864 0.984127 0.125448 0.980952 0.132616 0.971429 0.132616 0.965079 0.125448
0 0.219048 0.143369 0.219048 0.157706 0.222222 0.164875 0.228571 0.168459 0.234921 0.168459 0.238095 0.172043 0.247619 0.164875 0.253968 0.164875 0.266667 0.157706 0.269841 0.150538 0.269841 0.139785 0.263492 0.139785 0.260317 0.136201 0.241270 0.136201 0.238095 0.132616
0 0.146032 0.146953 0.133333 0.146953 0.126984 0.157706 0.126984 0.168459 0.130159 0.172043 0.130159 0.175627 0.136508 0.182796 0.139683 0.182796 0.146032 0.175627 0.146032 0.168459 0.149206 0.164875 0.149206 0.157706 0.146032 0.154122
0 0.292063 0.179211 0.288889 0.175627 0.279365 0.175627 0.276190 0.172043 0.257143 0.182796 0.241270 0.182796 0.231746 0.189964 0.231746 0.197133 0.238095 0.204301 0.253968 0.204301 0.257143 0.207885 0.260317 0.204301 0.273016 0.204301 0.279365 0.200717 0.292063 0.186380
0 0.955556 0.179211 0.952381 0.182796 0.952381 0.197133 0.958730 0.204301 0.958730 0.207885 0.974603 0.225806 0.984127 0.225806 0.987302 0.229391 0.990476 0.225806 0.993651 0.225806 0.993651 0.200717 0.984127 0.189964 0.980952 0.189964 0.965079 0.179211
0 0.107937 0.182796 0.104762 0.186380 0.104762 0.193548 0.101587 0.197133 0.101587 0.200717 0.104762 0.204301 0.104762 0.211470 0.111111 0.218638 0.114286 0.218638 0.117460 0.222222 0.130159 0.222222 0.133333 0.218638 0.136508 0.218638 0.136508 0.215054 0.139683 0.211470 0.139683 0.207885 0.136508 0.204301 0.136508 0.197133 0.133333 0.193548 0.130159 0.193548 0.126984 0.189964 0.126984 0.186380 0.123810 0.186380 0.120635 0.182796
0 0.279365 0.204301 0.276190 0.204301 0.273016 0.207885 0.266667 0.207885 0.266667 0.211470 0.260317 0.218638 0.257143 0.218638 0.244444 0.236559 0.244444 0.247312 0.250794 0.254480 0.253968 0.250896 0.260317 0.250896 0.269841 0.240143 0.273016 0.240143 0.273016 0.236559 0.279365 0.229391 0.279365 0.225806 0.282540 0.222222 0.282540 0.211470 0.279365 0.207885
0 0.330159 0.211470 0.326984 0.207885 0.307937 0.207885 0.288889 0.218638 0.276190 0.236559 0.276190 0.243728 0.279365 0.243728 0.285714 0.250896 0.295238 0.243728 0.311111 0.240143 0.320635 0.229391 0.323810 0.229391 0.323810 0.225806 0.330159 0.218638
0 0.206349 0.225806 0.206349 0.229391 0.203175 0.232975 0.203175 0.265233 0.200000 0.268817 0.200000 0.272401 0.203175 0.275986 0.203175 0.279570 0.212698 0.279570 0.215873 0.275986 0.215873 0.268817 0.219048 0.265233 0.219048 0.250896 0.215873 0.247312 0.215873 0.236559
0 0.314286 0.250896 0.307937 0.243728 0.304762 0.243728 0.301587 0.247312 0.295238 0.247312 0.292063 0.250896 0.288889 0.250896 0.285714 0.254480 0.285714 0.272401 0.295238 0.272401 0.298413 0.268817 0.301587 0.268817 0.304762 0.265233 0.307937 0.265233 0.314286 0.258065 0.317460 0.258065 0.314286 0.254480
0 0.342857 0.265233 0.333333 0.258065 0.320635 0.258065 0.314286 0.261649 0.307937 0.268817 0.288889 0.279570 0.282540 0.293907 0.282540 0.301075 0.288889 0.301075 0.301587 0.311828 0.307937 0.308244 0.317460 0.308244 0.339683 0.286738 0.342857 0.279570
0 0.130159 0.272401 0.130159 0.275986 0.123810 0.286738 0.123810 0.293907 0.126984 0.297491 0.126984 0.301075 0.133333 0.308244 0.136508 0.308244 0.139683 0.311828 0.142857 0.308244 0.146032 0.308244 0.146032 0.286738 0.142857 0.283154 0.142857 0.275986 0.139683 0.272401
0 0.949206 0.304659 0.949206 0.311828 0.955556 0.318996 0.955556 0.322581 0.958730 0.326165 0.961905 0.326165 0.971429 0.333333 0.984127 0.333333 0.987302 0.329749 0.987302 0.315412 0.984127 0.311828 0.984127 0.308244 0.980952 0.308244 0.971429 0.297491 0.955556 0.297491
0 0.336508 0.318996 0.333333 0.315412 0.326984 0.315412 0.320635 0.308244 0.295238 0.322581 0.288889 0.322581 0.282540 0.336918 0.288889 0.347670 0.298413 0.347670 0.301587 0.351254 0.307937 0.351254 0.326984 0.340502 0.333333 0.333333 0.336508 0.333333
0 0.101587 0.315412 0.101587 0.322581 0.098413 0.326165 0.098413 0.333333 0.101587 0.336918 0.101587 0.340502 0.111111 0.351254 0.120635 0.351254 0.123810 0.347670 0.133333 0.344086 0.133333 0.340502 0.136508 0.336918 0.136508 0.329749 0.133333 0.326165 0.133333 0.322581 0.126984 0.315412 0.120635 0.315412 0.117460 0.311828 0.107937 0.311828 0.104762 0.315412
0 0.219048 0.322581 0.219048 0.326165 0.222222 0.329749 0.222222 0.333333 0.225397 0.336918 0.225397 0.344086 0.228571 0.347670 0.231746 0.344086 0.231746 0.329749 0.228571 0.329749 0.225397 0.326165 0.225397 0.322581
0 0.365079 0.340502 0.358730 0.333333 0.339683 0.333333 0.326984 0.344086 0.304762 0.354839 0.301587 0.365591 0.311111 0.372760 0.326984 0.372760 0.330159 0.369176 0.349206 0.365591 0.361905 0.354839
0 0.257143 0.354839 0.250794 0.362007 0.250794 0.365591 0.253968 0.369176 0.253968 0.383513 0.263492 0.394265 0.273016 0.394265 0.273016 0.372760 0.269841 0.369176 0.269841 0.365591 0.260317 0.354839
0 0.361905 0.369176 0.358730 0.365591 0.352381 0.365591 0.339683 0.372760 0.314286 0.376344 0.301587 0.390681 0.301587 0.401434 0.304762 0.405018 0.317460 0.405018 0.320635 0.408602 0.333333 0.401434 0.339683 0.401434 0.361905 0.379928
0 0.965079 0.401434 0.965079 0.405018 0.958730 0.412186 0.961905 0.422939 0.971429 0.433692 0.971429 0.437276 0.974603 0.437276 0.980952 0.444444 0.993651 0.444444 0.993651 0.419355 0.990476 0.415771 0.990476 0.412186 0.984127 0.405018 0.980952 0.405018 0.971429 0.397849 0.968254 0.401434
0 0.314286 0.433692 0.317460 0.437276 0.326984 0.437276 0.330159 0.440860 0.333333 0.437276 0.349206 0.433692 0.365079 0.419355 0.365079 0.408602 0.361905 0.408602 0.358730 0.405018 0.333333 0.405018 0.314286 0.419355
0 0.203175 0.448029 0.203175 0.451613 0.200000 0.455197 0.200000 0.462366 0.203175 0.465950 0.203175 0.469534 0.206349 0.473118 0.219048 0.473118 0.219048 0.469534 0.222222 0.465950 0.219048 0.462366 0.219048 0.455197 0.212698 0.448029
0 0.400000 0.458781 0.396825 0.458781 0.393651 0.455197 0.390476 0.458781 0.368254 0.458781 0.365079 0.462366 0.361905 0.462366 0.349206 0.476703 0.349206 0.487455 0.352381 0.487455 0.355556 0.491039 0.368254 0.491039 0.371429 0.487455 0.377778 0.487455 0.380952 0.483871 0.384127 0.483871 0.393651 0.473118 0.396825 0.473118 0.396825 0.469534 0.400000 0.465950
0 0.260317 0.480287 0.257143 0.483871 0.253968 0.483871 0.250794 0.487455 0.250794 0.498208 0.253968 0.501792 0.257143 0.501792 0.260317 0.505376 0.266667 0.505376 0.269841 0.501792 0.269841 0.491039 0.266667 0.487455 0.266667 0.483871 0.263492 0.483871
0 0.393651 0.516129 0.387302 0.512545 0.374603 0.512545 0.358730 0.523297 0.355556 0.530466 0.355556 0.541219 0.352381 0.544803 0.352381 0.573477 0.355556 0.577061 0.365079 0.577061 0.377778 0.566308 0.380952 0.555556 0.390476 0.544803 0.396825 0.530466
0 0.200000 0.519713 0.196825 0.519713 0.190476 0.526882 0.190476 0.530466 0.187302 0.534050 0.187302 0.548387 0.190476 0.551971 0.200000 0.551971 0.200000 0.548387 0.206349 0.541219 0.206349 0.526882
0 0.984127 0.519713 0.984127 0.523297 0.980952 0.526882 0.980952 0.541219 0.984127 0.544803 0.984127 0.548387 0.987302 0.548387 0.990476 0.551971 0.993651 0.551971 0.993651 0.544803 0.996825 0.541219 0.996825 0.534050 0.993651 0.530466 0.993651 0.519713
0 0.126984 0.534050 0.126984 0.544803 0.136508 0.555556 0.136508 0.559140 0.142857 0.566308 0.146032 0.566308 0.149206 0.562724 0.149206 0.544803 0.146032 0.541219 0.146032 0.537634 0.136508 0.530466 0.133333 0.530466 0.130159 0.534050
0 0.244444 0.534050 0.241270 0.534050 0.241270 0.537634 0.234921 0.544803 0.234921 0.548387 0.219048 0.566308 0.225397 0.573477 0.222222 0.577061 0.231746 0.577061 0.244444 0.559140 0.244444 0.555556 0.247619 0.551971 0.247619 0.548387 0.244444 0.544803 0.247619 0.541219 0.247619 0.537634
0 0.174603 0.559140 0.171429 0.559140 0.171429 0.562724 0.168254 0.566308 0.168254 0.573477 0.165079 0.577061 0.165079 0.587814 0.168254 0.587814 0.168254 0.584229 0.171429 0.580645 0.171429 0.577061 0.174603 0.573477
0 0.409524 0.562724 0.406349 0.562724 0.403175 0.559140 0.400000 0.562724 0.393651 0.562724 0.387302 0.569892 0.384127 0.569892 0.384127 0.573477 0.374603 0.587814 0.374603 0.605735 0.377778 0.609319 0.393651 0.609319 0.406349 0.594982 0.406349 0.591398 0.412698 0.580645 0.412698 0.566308
0 0.130159 0.594982 0.126984 0.598566 0.120635 0.598566 0.114286 0.605735 0.114286 0.612903 0.120635 0.620072 0.130159 0.620072 0.136508 0.612903 0.136508 0.602151
0 0.190476 0.594982 0.187302 0.598566 0.187302 0.602151 0.184127 0.605735 0.184127 0.612903 0.187302 0.616487 0.203175 0.616487 0.209524 0.609319 0.206349 0.605735 0.209524 0.602151 0.203175 0.594982
0 0.282540 0.623656 0.276190 0.630824 0.276190 0.645161 0.282540 0.652330 0.282540 0.655914 0.285714 0.655914 0.288889 0.659498 0.298413 0.659498 0.301587 0.655914 0.304762 0.655914 0.311111 0.648746 0.311111 0.630824 0.304762 0.623656
0 0.466667 0.637993 0.453968 0.637993 0.444444 0.648746 0.434921 0.670251 0.434921 0.691756 0.438095 0.698925 0.450794 0.709677 0.460317 0.706093 0.469841 0.695341 0.476190 0.681004 0.476190 0.663082 0.479365 0.655914 0.476190 0.652330 0.476190 0.645161
0 0.212698 0.652330 0.209524 0.655914 0.206349 0.655914 0.206349 0.659498 0.203175 0.663082 0.203175 0.673835 0.206349 0.677419 0.206349 0.681004 0.209524 0.681004 0.219048 0.688172 0.222222 0.684588 0.225397 0.684588 0.225397 0.681004 0.228571 0.677419 0.228571 0.663082 0.219048 0.652330
0 0.285714 0.666667 0.273016 0.666667 0.266667 0.673835 0.266667 0.681004 0.263492 0.684588 0.263492 0.688172 0.273016 0.698925 0.276190 0.698925 0.279365 0.695341 0.282540 0.695341 0.288889 0.688172 0.288889 0.684588 0.292063 0.681004 0.292063 0.670251 0.288889 0.670251
0 0.358730 0.688172 0.352381 0.698925 0.352381 0.720430 0.368254 0.720430 0.374603 0.713262 0.374603 0.698925 0.368254 0.691756 0.365079 0.691756 0.361905 0.688172
0 0.479365 0.709677 0.479365 0.724014 0.495238 0.734767 0.504762 0.734767 0.507937 0.731183 0.523810 0.731183 0.526984 0.727599 0.536508 0.727599 0.539683 0.724014 0.539683 0.716846 0.533333 0.709677 0.530159 0.695341 0.520635 0.688172 0.498413 0.688172 0.492063 0.691756
0 0.552381 0.749104 0.539683 0.731183 0.507937 0.734767 0.495238 0.741935 0.488889 0.756272 0.488889 0.763441 0.492063 0.767025 0.526984 0.767025 0.530159 0.763441 0.536508 0.763441 0.539683 0.767025 0.552381 0.756272
0 0.536508 0.767025 0.530159 0.767025 0.526984 0.770609 0.517460 0.770609 0.514286 0.777778 0.514286 0.799283 0.511111 0.802867 0.511111 0.813620 0.517460 0.824373 0.526984 0.824373 0.546032 0.802867 0.549206 0.802867 0.552381 0.795699 0.552381 0.788530 0.539683 0.774194
0 0.276190 0.795699 0.269841 0.792115 0.260317 0.792115 0.247619 0.799283 0.238095 0.813620 0.238095 0.820789 0.234921 0.824373 0.234921 0.838710 0.244444 0.845878 0.250794 0.842294 0.257143 0.842294 0.282540 0.806452 0.282540 0.802867
0 0.457143 0.799283 0.457143 0.817204 0.466667 0.827957 0.476190 0.827957 0.479365 0.824373 0.482540 0.824373 0.488889 0.817204 0.488889 0.810036 0.485714 0.806452 0.485714 0.802867 0.482540 0.802867 0.479365 0.799283
0 0.206349 0.820789 0.200000 0.817204 0.180952 0.820789 0.168254 0.835125 0.165079 0.849462 0.158730 0.856631 0.158730 0.860215 0.152381 0.863799 0.152381 0.867384 0.158730 0.870968 0.165079 0.867384 0.171429 0.856631 0.187302 0.856631 0.190476 0.853047 0.196825 0.853047 0.206349 0.835125
0 0.298413 0.881720 0.301587 0.885305 0.301587 0.892473 0.320635 0.892473 0.323810 0.888889 0.326984 0.888889 0.323810 0.885305 0.323810 0.881720 0.320635 0.881720 0.317460 0.878136 0.301587 0.878136
0 0.244444 0.888889 0.241270 0.888889 0.238095 0.885305 0.231746 0.885305 0.228571 0.888889 0.225397 0.888889 0.225397 0.896057 0.222222 0.899642 0.222222 0.903226 0.219048 0.906810 0.215873 0.917563 0.219048 0.921147 0.225397 0.921147 0.228571 0.917563 0.234921 0.917563 0.244444 0.906810
0 0.285714 0.903226 0.285714 0.910394 0.288889 0.913978 0.288889 0.917563 0.292063 0.917563 0.295238 0.921147 0.301587 0.921147 0.304762 0.924731 0.317460 0.924731 0.317460 0.917563 0.314286 0.913978 0.314286 0.910394 0.304762 0.899642 0.304762 0.896057 0.292063 0.896057
0 0.330159 0.903226 0.333333 0.906810 0.333333 0.910394 0.358730 0.910394 0.361905 0.906810 0.371429 0.906810 0.374603 0.903226 0.374603 0.899642 0.371429 0.899642 0.368254 0.896057 0.336508 0.896057
0 0.104762 0.913978 0.101587 0.931900 0.114286 0.942652 0.139683 0.946237 0.142857 0.942652 0.149206 0.942652 0.155556 0.935484 0.155556 0.913978 0.139683 0.899642 0.117460 0.899642
0 0.479365 0.903226 0.476190 0.906810 0.476190 0.928315 0.479365 0.931900 0.479365 0.935484 0.485714 0.942652 0.485714 0.946237 0.488889 0.946237 0.498413 0.956989 0.504762 0.956989 0.504762 0.953405 0.507937 0.949821 0.504762 0.946237 0.504762 0.931900 0.501587 0.928315 0.501587 0.921147 0.488889 0.903226
0 0.552381 0.921147 0.552381 0.935484 0.571429 0.946237 0.580952 0.956989 0.593651 0.964158 0.619048 0.967742 0.628571 0.964158 0.631746 0.956989 0.628571 0.946237 0.615873 0.931900 0.587302 0.910394 0.571429 0.910394
0 0.333333 0.928315 0.333333 0.935484 0.336508 0.939068 0.336508 0.942652 0.339683 0.946237 0.342857 0.946237 0.349206 0.953405 0.358730 0.953405 0.361905 0.956989 0.368254 0.956989 0.374603 0.949821 0.374603 0.939068 0.368254 0.931900 0.365079 0.931900 0.355556 0.921147 0.342857 0.921147
0 0.387302 0.935484 0.387302 0.942652 0.390476 0.946237 0.390476 0.949821 0.393651 0.949821 0.396825 0.953405 0.406349 0.953405 0.409524 0.956989 0.415873 0.956989 0.419048 0.953405 0.419048 0.942652 0.409524 0.931900 0.403175 0.931900 0.400000 0.928315 0.396825 0.928315
0 0.279365 0.946237 0.279365 0.953405 0.282540 0.956989 0.282540 0.960573 0.285714 0.960573 0.298413 0.971326 0.304762 0.971326 0.307937 0.974910 0.311111 0.974910 0.314286 0.971326 0.320635 0.971326 0.326984 0.964158 0.326984 0.953405 0.317460 0.942652 0.314286 0.942652 0.304762 0.935484 0.292063 0.935484 0.288889 0.939068 0.282540 0.939068 0.282540 0.942652
0 0.349206 0.960573 0.346032 0.971326 0.349206 0.974910 0.349206 0.978495 0.352381 0.982079 0.352381 0.989247 0.355556 0.992832 0.365079 0.992832 0.368254 0.996416 0.380952 0.996416 0.384127 0.992832 0.387302 0.992832 0.387302 0.982079 0.377778 0.967742 0.374603 0.967742 0.368254 0.960573 0.361905 0.960573 0.358730 0.956989 0.352381 0.956989
0 0.209524 0.964158 0.203175 0.964158 0.193651 0.971326 0.193651 0.974910 0.190476 0.978495 0.190476 0.992832 0.193651 0.992832 0.196825 0.996416 0.203175 0.996416 0.206349 0.992832 0.215873 0.992832 0.215873 0.971326
0 0.961905 0.974910 0.961905 0.978495 0.971429 0.989247 0.974603 0.989247 0.977778 0.992832 0.984127 0.992832 0.987302 0.996416 0.993651 0.996416 0.993651 0.992832 0.996825 0.989247 0.996825 0.982079 0.993651 0.978495 0.996825 0.974910 0.996825 0.971326 0.993651 0.967742 0.993651 0.964158 0.977778 0.964158 0.974603 0.967742 0.968254 0.967742
0 0.403175 0.971326 0.403175 0.985663 0.409524 0.992832 0.415873 0.992832 0.419048 0.996416 0.425397 0.996416 0.434921 0.989247 0.431746 0.985663 0.431746 0.978495 0.428571 0.974910 0.425397 0.974910 0.415873 0.967742 0.406349 0.967742
0 0.631746 0.989247 0.634921 0.992832 0.679365 0.992832 0.682540 0.989247 0.682540 0.985663 0.669841 0.971326 0.660317 0.971326 0.657143 0.967742 0.650794 0.967742 0.647619 0.971326 0.641270 0.971326
0 0.447619 0.974910 0.447619 0.985663 0.450794 0.989247 0.466667 0.989247 0.469841 0.992832 0.476190 0.992832 0.479365 0.989247 0.479365 0.985663 0.476190 0.982079 0.473016 0.982079 0.463492 0.971326 0.453968 0.971326 0.450794 0.974910
0 0.260317 0.985663 0.260317 0.992832 0.263492 0.992832 0.266667 0.996416 0.279365 0.996416 0.282540 0.992832 0.285714 0.996416 0.292063 0.996416 0.295238 0.992832 0.298413 0.992832 0.298413 0.989247 0.292063 0.982079 0.288889 0.982079 0.285714 0.978495 0.279365 0.978495 0.276190 0.974910 0.269841 0.974910 0.266667 0.978495 0.263492 0.978495 0.263492 0.982079
0 0.317460 0.982079 0.317460 0.992832 0.323810 0.992832 0.326984 0.996416 0.346032 0.996416 0.349206 0.992832 0.346032 0.989247 0.342857 0.989247 0.339683 0.985663 0.336508 0.985663 0.333333 0.982079
