0 0.012739 0.000000 0.003185 0.000000 0.000000 0.003597 0.000000 0.017986 0.003185 0.021583 0.003185 0.028777 0.000000 0.032374 0.000000 0.039568 0.003185 0.043165 0.006369 0.043165 0.019108 0.028777 0.019108 0.014388 0.022293 0.010791 0.022293 0.007194
0 0.194268 0.007194 0.194268 0.010791 0.197452 0.014388 0.197452 0.021583 0.200637 0.021583 0.203822 0.025180 0.226115 0.025180 0.229299 0.021583 0.232484 0.021583 0.238854 0.010791 0.238854 0.007194 0.229299 0.000000 0.203822 0.000000
0 0.414013 0.017986 0.417197 0.025180 0.423567 0.025180 0.433121 0.032374 0.439490 0.032374 0.442675 0.028777 0.455414 0.028777 0.461783 0.021583 0.464968 0.021583 0.471338 0.007194 0.468153 0.003597 0.423567 0.003597 0.414013 0.010791
0 0.732484 0.025180 0.732484 0.039568 0.742038 0.050360 0.764331 0.050360 0.767516 0.046763 0.773885 0.046763 0.786624 0.032374 0.786624 0.025180 0.783439 0.017986 0.777070 0.014388 0.770701 0.014388 0.767516 0.010791 0.751592 0.010791 0.748408 0.014388 0.742038 0.014388
0 0.299363 0.043165 0.302548 0.050360 0.308917 0.053957 0.337580 0.053957 0.350318 0.046763 0.356688 0.039568 0.359873 0.032374 0.359873 0.021583 0.350318 0.014388 0.315287 0.014388 0.312102 0.017986 0.305732 0.017986 0.299363 0.025180
0 0.226115 0.057554 0.226115 0.064748 0.242038 0.079137 0.257962 0.079137 0.267516 0.068345 0.267516 0.064748 0.264331 0.061151 0.264331 0.053957 0.257962 0.046763 0.251592 0.046763 0.248408 0.043165 0.245223 0.046763 0.235669 0.046763
0 0.391720 0.046763 0.385350 0.046763 0.382166 0.050360 0.372611 0.053957 0.366242 0.061151 0.366242 0.064748 0.363057 0.068345 0.366242 0.079137 0.372611 0.079137 0.375796 0.082734 0.375796 0.086331 0.382166 0.086331 0.398089 0.071942 0.398089 0.053957
0 0.818471 0.053957 0.812102 0.057554 0.799363 0.075540 0.799363 0.111511 0.808917 0.136691 0.815287 0.143885 0.834395 0.143885 0.843949 0.125899 0.843949 0.071942 0.837580 0.061151
0 0.015924 0.075540 0.019108 0.086331 0.025478 0.093525 0.028662 0.093525 0.038217 0.100719 0.057325 0.100719 0.060510 0.097122 0.063694 0.097122 0.063694 0.079137 0.057325 0.071942 0.054140 0.071942 0.044586 0.064748 0.022293 0.064748
0 0.726115 0.064748 0.700637 0.068345 0.694268 0.075540 0.687898 0.075540 0.662420 0.100719 0.659236 0.129496 0.671975 0.143885 0.694268 0.136691 0.713376 0.115108 0.729299 0.086331 0.729299 0.068345
0 0.757962 0.068345 0.738854 0.082734 0.732484 0.097122 0.729299 0.122302 0.732484 0.133094 0.745223 0.147482 0.757962 0.154676 0.770701 0.154676 0.783439 0.140288 0.783439 0.129496 0.786624 0.125899 0.786624 0.082734 0.780255 0.071942
0 0.859873 0.068345 0.847134 0.079137 0.847134 0.125899 0.853503 0.136691 0.863057 0.143885 0.885350 0.140288 0.894904 0.125899 0.894904 0.111511 0.898089 0.104317 0.878981 0.079137
0 0.089172 0.086331 0.082803 0.097122 0.082803 0.107914 0.085987 0.111511 0.089172 0.122302 0.095541 0.129496 0.098726 0.129496 0.101911 0.133094 0.105096 0.133094 0.108280 0.129496 0.114650 0.129496 0.114650 0.107914 0.111465 0.104317 0.111465 0.100719 0.101911 0.089928 0.098726 0.089928 0.095541 0.086331
0 0.394904 0.100719 0.385350 0.089928 0.366242 0.086331 0.363057 0.089928 0.347134 0.089928 0.331210 0.097122 0.324841 0.111511 0.328025 0.118705 0.340764 0.129496 0.359873 0.129496 0.363057 0.125899 0.372611 0.125899 0.385350 0.118705 0.394904 0.107914
0 0.643312 0.093525 0.636943 0.089928 0.611465 0.089928 0.592357 0.097122 0.573248 0.111511 0.573248 0.129496 0.582803 0.143885 0.598726 0.154676 0.614650 0.154676 0.640127 0.136691 0.649682 0.111511 0.649682 0.104317
0 0.305732 0.097122 0.299363 0.097122 0.296178 0.093525 0.280255 0.097122 0.270701 0.111511 0.270701 0.133094 0.286624 0.143885 0.302548 0.140288 0.312102 0.125899 0.312102 0.104317
0 0.452229 0.122302 0.439490 0.140288 0.442675 0.158273 0.449045 0.169065 0.471338 0.190647 0.490446 0.190647 0.500000 0.183453 0.509554 0.165468 0.509554 0.143885 0.506369 0.136691 0.487261 0.118705 0.458599 0.118705
0 0.547771 0.125899 0.538217 0.133094 0.538217 0.140288 0.535032 0.143885 0.535032 0.158273 0.538217 0.165468 0.547771 0.176259 0.554140 0.176259 0.557325 0.179856 0.566879 0.179856 0.573248 0.172662 0.573248 0.154676 0.563694 0.133094 0.554140 0.125899
0 0.149682 0.140288 0.146497 0.143885 0.146497 0.183453 0.152866 0.194245 0.159236 0.197842 0.168790 0.197842 0.178344 0.190647 0.178344 0.183453 0.181529 0.179856 0.178344 0.172662 0.178344 0.165468 0.165605 0.151079 0.162420 0.143885 0.156051 0.140288
0 0.738854 0.169065 0.729299 0.151079 0.719745 0.143885 0.691083 0.140288 0.636943 0.169065 0.627389 0.179856 0.627389 0.194245 0.640127 0.212230 0.649682 0.215827 0.681529 0.212230 0.729299 0.197842 0.738854 0.187050
0 0.057325 0.165468 0.047771 0.165468 0.044586 0.169065 0.041401 0.169065 0.041401 0.172662 0.038217 0.176259 0.038217 0.183453 0.035032 0.187050 0.035032 0.201439 0.041401 0.208633 0.047771 0.208633 0.057325 0.197842 0.057325 0.187050 0.060510 0.183453 0.060510 0.172662 0.057325 0.169065
0 0.006369 0.176259 0.003185 0.179856 0.003185 0.219424 0.006369 0.223022 0.019108 0.223022 0.019108 0.219424 0.022293 0.215827 0.022293 0.208633 0.019108 0.205036 0.019108 0.190647 0.015924 0.187050 0.015924 0.183453
0 0.098726 0.179856 0.089172 0.179856 0.085987 0.183453 0.082803 0.183453 0.079618 0.187050 0.079618 0.201439 0.085987 0.208633 0.089172 0.208633 0.092357 0.205036 0.095541 0.205036 0.098726 0.201439 0.098726 0.197842 0.101911 0.194245 0.101911 0.183453
0 0.261146 0.190647 0.251592 0.183453 0.232484 0.183453 0.213376 0.194245 0.191083 0.226619 0.187898 0.237410 0.191083 0.258993 0.207006 0.262590 0.238854 0.244604 0.261146 0.215827 0.264331 0.205036
0 0.856688 0.183453 0.843949 0.183453 0.834395 0.190647 0.834395 0.194245 0.831210 0.197842 0.831210 0.205036 0.834395 0.208633 0.834395 0.212230 0.840764 0.219424 0.847134 0.219424 0.850318 0.223022 0.859873 0.215827 0.859873 0.212230 0.866242 0.201439 0.866242 0.194245 0.863057 0.190647 0.863057 0.187050 0.859873 0.187050
0 0.171975 0.223022 0.156051 0.223022 0.152866 0.226619 0.140127 0.230216 0.133758 0.237410 0.124204 0.262590 0.124204 0.276978 0.133758 0.284173 0.146497 0.280576 0.168790 0.258993 0.178344 0.241007 0.178344 0.233813
0 0.114650 0.226619 0.105096 0.226619 0.095541 0.237410 0.095541 0.241007 0.092357 0.244604 0.092357 0.251799 0.098726 0.262590 0.111465 0.262590 0.121019 0.251799 0.121019 0.233813
0 0.566879 0.241007 0.560510 0.230216 0.550955 0.226619 0.528662 0.230216 0.503185 0.248201 0.493631 0.266187 0.493631 0.273381 0.500000 0.280576 0.509554 0.284173 0.538217 0.284173 0.541401 0.280576 0.550955 0.280576 0.566879 0.251799
0 0.828025 0.233813 0.815287 0.233813 0.808917 0.237410 0.799363 0.248201 0.796178 0.255396 0.796178 0.266187 0.805732 0.276978 0.812102 0.276978 0.818471 0.280576 0.821656 0.276978 0.831210 0.276978 0.843949 0.266187 0.843949 0.251799 0.840764 0.244604
0 0.843949 0.269784 0.847134 0.287770 0.869427 0.302158 0.898089 0.302158 0.904459 0.298561 0.914013 0.284173 0.914013 0.269784 0.910828 0.262590 0.891720 0.251799 0.863057 0.255396
0 0.722930 0.266187 0.722930 0.273381 0.719745 0.276978 0.726115 0.287770 0.742038 0.287770 0.745223 0.284173 0.751592 0.284173 0.757962 0.276978 0.757962 0.273381 0.761146 0.269784 0.761146 0.262590 0.754777 0.255396 0.732484 0.255396
0 0.003185 0.269784 0.003185 0.273381 0.000000 0.276978 0.000000 0.309353 0.003185 0.312950 0.009554 0.312950 0.012739 0.309353 0.015924 0.309353 0.022293 0.302158 0.025478 0.302158 0.031847 0.294964 0.028662 0.291367 0.028662 0.284173 0.022293 0.276978 0.019108 0.276978 0.009554 0.269784
0 0.455414 0.291367 0.445860 0.280576 0.410828 0.280576 0.382166 0.294964 0.359873 0.320144 0.356688 0.334532 0.363057 0.341727 0.382166 0.341727 0.401274 0.334532 0.439490 0.312950
0 0.589172 0.284173 0.585987 0.287770 0.579618 0.287770 0.573248 0.294964 0.570064 0.294964 0.570064 0.298561 0.566879 0.302158 0.566879 0.312950 0.576433 0.323741 0.579618 0.323741 0.582803 0.327338 0.592357 0.327338 0.595541 0.323741 0.598726 0.323741 0.605096 0.312950 0.605096 0.294964 0.598726 0.287770 0.592357 0.287770
0 0.047771 0.298561 0.035032 0.294964 0.015924 0.312950 0.003185 0.316547 0.000000 0.323741 0.003185 0.348921 0.015924 0.348921 0.028662 0.338129 0.038217 0.334532 0.050955 0.316547 0.050955 0.305755
0 0.283439 0.316547 0.280255 0.309353 0.270701 0.302158 0.254777 0.312950 0.248408 0.312950 0.238854 0.323741 0.238854 0.327338 0.226115 0.338129 0.226115 0.341727 0.229299 0.345324 0.235669 0.345324 0.238854 0.341727 0.251592 0.341727 0.264331 0.334532 0.273885 0.334532 0.283439 0.327338
0 0.843949 0.309353 0.840764 0.305755 0.828025 0.305755 0.824841 0.309353 0.808917 0.309353 0.805732 0.312950 0.799363 0.312950 0.792994 0.320144 0.792994 0.323741 0.796178 0.327338 0.815287 0.327338 0.818471 0.323741 0.824841 0.323741 0.828025 0.320144 0.837580 0.320144 0.840764 0.316547 0.843949 0.316547
0 0.544586 0.320144 0.541401 0.320144 0.538217 0.316547 0.535032 0.316547 0.528662 0.323741 0.525478 0.323741 0.522293 0.327338 0.519108 0.327338 0.515924 0.330935 0.515924 0.334532 0.522293 0.341727 0.538217 0.341727 0.541401 0.338129 0.541401 0.334532 0.547771 0.327338 0.544586 0.323741
0 0.070064 0.341727 0.066879 0.338129 0.063694 0.338129 0.054140 0.345324 0.047771 0.345324 0.038217 0.356115 0.038217 0.366906 0.041401 0.370504 0.047771 0.370504 0.050955 0.366906 0.057325 0.366906 0.066879 0.356115 0.070064 0.356115
0 0.267516 0.366906 0.267516 0.370504 0.270701 0.374101 0.273885 0.374101 0.277070 0.377698 0.280255 0.374101 0.283439 0.374101 0.286624 0.370504 0.292994 0.370504 0.292994 0.366906 0.296178 0.363309 0.292994 0.359712 0.286624 0.359712 0.283439 0.356115 0.277070 0.356115 0.273885 0.359712 0.270701 0.359712 0.270701 0.363309
0 0.834395 0.381295 0.837580 0.395683 0.843949 0.402878 0.856688 0.406475 0.859873 0.410072 0.878981 0.406475 0.888535 0.395683 0.888535 0.377698 0.872611 0.363309 0.856688 0.363309 0.843949 0.370504
0 0.331210 0.381295 0.328025 0.384892 0.324841 0.384892 0.318471 0.392086 0.318471 0.410072 0.328025 0.420863 0.331210 0.420863 0.334395 0.424460 0.343949 0.424460 0.347134 0.420863 0.350318 0.420863 0.356688 0.402878 0.353503 0.399281 0.353503 0.392086 0.343949 0.381295
0 0.770701 0.388489 0.767516 0.384892 0.735669 0.384892 0.700637 0.395683 0.678344 0.410072 0.668790 0.420863 0.668790 0.431655 0.675159 0.438849 0.684713 0.438849 0.713376 0.428058 0.767516 0.395683
0 0.512739 0.406475 0.500000 0.395683 0.471338 0.395683 0.452229 0.406475 0.414013 0.413669 0.404459 0.420863 0.407643 0.424460 0.404459 0.428058 0.391720 0.428058 0.391720 0.431655 0.407643 0.438849 0.477707 0.442446 0.503185 0.431655 0.512739 0.420863
0 0.092357 0.446043 0.092357 0.460432 0.095541 0.464029 0.124204 0.464029 0.127389 0.460432 0.130573 0.464029 0.140127 0.464029 0.143312 0.460432 0.143312 0.456835 0.140127 0.453237 0.133758 0.453237 0.121019 0.438849 0.117834 0.438849 0.114650 0.435252 0.111465 0.435252 0.108280 0.438849 0.098726 0.438849
0 0.780255 0.442446 0.777070 0.438849 0.751592 0.438849 0.748408 0.442446 0.738854 0.442446 0.722930 0.453237 0.707006 0.456835 0.700637 0.464029 0.700637 0.474820 0.703822 0.478417 0.719745 0.482014 0.722930 0.478417 0.748408 0.471223 0.767516 0.460432 0.780255 0.446043
0 0.184713 0.456835 0.171975 0.474820 0.171975 0.500000 0.178344 0.514388 0.197452 0.528777 0.235669 0.525180 0.248408 0.500000 0.242038 0.467626 0.219745 0.449640 0.200637 0.449640
0 0.098726 0.467626 0.085987 0.467626 0.082803 0.464029 0.076433 0.467626 0.066879 0.478417 0.066879 0.485612 0.063694 0.489209 0.063694 0.503597 0.070064 0.514388 0.076433 0.517986 0.085987 0.517986 0.095541 0.510791 0.095541 0.507194 0.101911 0.500000 0.101911 0.478417 0.098726 0.474820
0 0.675159 0.474820 0.659236 0.474820 0.643312 0.485612 0.636943 0.485612 0.601911 0.507194 0.601911 0.517986 0.614650 0.517986 0.617834 0.514388 0.640127 0.510791 0.671975 0.489209
0 0.442675 0.485612 0.436306 0.482014 0.401274 0.482014 0.388535 0.489209 0.378981 0.489209 0.356688 0.500000 0.347134 0.517986 0.359873 0.525180 0.378981 0.525180 0.442675 0.496403
0 0.853503 0.489209 0.850318 0.489209 0.843949 0.482014 0.837580 0.482014 0.834395 0.485612 0.831210 0.485612 0.828025 0.489209 0.824841 0.489209 0.821656 0.492806 0.821656 0.496403 0.828025 0.503597 0.843949 0.503597 0.847134 0.500000 0.850318 0.500000 0.853503 0.496403
0 0.133758 0.517986 0.130573 0.517986 0.127389 0.521583 0.124204 0.521583 0.121019 0.525180 0.121019 0.539568 0.124204 0.543165 0.136943 0.543165 0.133758 0.539568 0.136943 0.535971 0.136943 0.521583
0 0.474522 0.525180 0.464968 0.517986 0.439490 0.517986 0.426752 0.532374 0.414013 0.539568 0.407643 0.546763 0.407643 0.553957 0.414013 0.561151 0.433121 0.557554 0.439490 0.550360 0.464968 0.539568 0.474522 0.528777
0 0.732484 0.535971 0.716561 0.535971 0.713376 0.539568 0.710191 0.539568 0.703822 0.546763 0.703822 0.561151 0.710191 0.568345 0.716561 0.568345 0.722930 0.561151 0.726115 0.561151 0.735669 0.550360 0.735669 0.543165 0.732484 0.539568
0 0.859873 0.546763 0.856688 0.543165 0.843949 0.543165 0.840764 0.546763 0.837580 0.546763 0.831210 0.553957 0.828025 0.553957 0.821656 0.561151 0.821656 0.564748 0.818471 0.568345 0.824841 0.575540 0.834395 0.575540 0.843949 0.568345 0.850318 0.568345 0.859873 0.557554
0 0.799363 0.553957 0.789809 0.546763 0.777070 0.546763 0.773885 0.550360 0.770701 0.550360 0.757962 0.564748 0.757962 0.582734 0.764331 0.589928 0.780255 0.589928 0.796178 0.575540 0.796178 0.571942 0.799363 0.568345
0 0.464968 0.561151 0.458599 0.557554 0.455414 0.561151 0.442675 0.561151 0.423567 0.571942 0.417197 0.571942 0.404459 0.582734 0.404459 0.589928 0.407643 0.593525 0.429936 0.593525 0.455414 0.579137 0.464968 0.568345
0 0.468153 0.611511 0.477707 0.615108 0.522293 0.611511 0.550955 0.589928 0.525478 0.571942 0.500000 0.571942 0.477707 0.582734 0.468153 0.597122
0 0.640127 0.571942 0.633758 0.571942 0.633758 0.579137 0.630573 0.582734 0.630573 0.586331 0.627389 0.589928 0.627389 0.593525 0.630573 0.597122 0.633758 0.597122 0.636943 0.593525 0.643312 0.593525 0.649682 0.586331 0.640127 0.575540
0 0.111465 0.589928 0.105096 0.582734 0.095541 0.579137 0.057325 0.582734 0.038217 0.589928 0.028662 0.600719 0.028662 0.607914 0.035032 0.615108 0.041401 0.615108 0.050955 0.622302 0.073248 0.622302 0.076433 0.618705 0.089172 0.618705 0.105096 0.611511 0.111465 0.604317
0 0.748408 0.589928 0.732484 0.589928 0.726115 0.597122 0.726115 0.600719 0.722930 0.604317 0.722930 0.615108 0.729299 0.625899 0.738854 0.625899 0.742038 0.622302 0.745223 0.622302 0.754777 0.611511 0.754777 0.597122
0 0.242038 0.607914 0.257962 0.618705 0.283439 0.618705 0.286624 0.615108 0.308917 0.615108 0.312102 0.611511 0.321656 0.611511 0.328025 0.607914 0.331210 0.600719 0.292994 0.604317 0.280255 0.597122 0.257962 0.597122 0.254777 0.600719 0.248408 0.600719
0 0.687898 0.611511 0.681529 0.604317 0.665605 0.604317 0.652866 0.611511 0.636943 0.629496 0.636943 0.647482 0.643312 0.654676 0.659236 0.654676 0.665605 0.651079 0.681529 0.633094 0.687898 0.618705
0 0.334395 0.658273 0.337580 0.658273 0.340764 0.654676 0.343949 0.658273 0.347134 0.658273 0.350318 0.654676 0.353503 0.654676 0.356688 0.651079 0.356688 0.643885 0.353503 0.640288 0.340764 0.640288 0.334395 0.647482
0 0.554140 0.658273 0.541401 0.647482 0.500000 0.651079 0.496815 0.654676 0.471338 0.658273 0.458599 0.665468 0.458599 0.676259 0.477707 0.687050 0.512739 0.687050 0.547771 0.676259 0.554140 0.669065
0 0.098726 0.658273 0.101911 0.669065 0.108280 0.676259 0.121019 0.676259 0.127389 0.669065 0.136943 0.665468 0.136943 0.658273 0.133758 0.654676 0.130573 0.654676 0.124204 0.661871 0.121019 0.661871 0.117834 0.658273 0.121019 0.654676 0.101911 0.654676
0 0.235669 0.679856 0.235669 0.672662 0.226115 0.661871 0.219745 0.661871 0.216561 0.665468 0.203822 0.665468 0.200637 0.669065 0.197452 0.669065 0.197452 0.676259 0.203822 0.683453 0.232484 0.683453
0 0.843949 0.676259 0.843949 0.690647 0.853503 0.697842 0.872611 0.697842 0.882166 0.690647 0.882166 0.683453 0.878981 0.679856 0.878981 0.676259 0.875796 0.676259 0.872611 0.672662 0.863057 0.672662 0.859873 0.669065 0.853503 0.669065
0 0.003185 0.672662 0.003185 0.683453 0.006369 0.687050 0.012739 0.687050 0.015924 0.690647 0.047771 0.690647 0.050955 0.687050 0.050955 0.679856 0.047771 0.676259 0.041401 0.676259 0.038217 0.672662
0 0.178344 0.694245 0.168790 0.683453 0.124204 0.687050 0.111465 0.694245 0.101911 0.708633 0.111465 0.715827 0.149682 0.723022 0.152866 0.719424 0.165605 0.719424 0.171975 0.715827 0.178344 0.705036
0 0.449045 0.701439 0.449045 0.715827 0.455414 0.723022 0.455414 0.726619 0.458599 0.726619 0.464968 0.733813 0.468153 0.730216 0.471338 0.730216 0.477707 0.723022 0.477707 0.712230 0.480892 0.708633 0.480892 0.705036 0.477707 0.701439
0 0.722930 0.708633 0.713376 0.719424 0.713376 0.730216 0.722930 0.741007 0.738854 0.741007 0.748408 0.730216 0.748408 0.726619 0.751592 0.723022 0.751592 0.715827 0.748408 0.712230 0.748408 0.708633
0 0.407643 0.733813 0.407643 0.741007 0.414013 0.748201 0.442675 0.748201 0.445860 0.744604 0.442675 0.733813 0.433121 0.723022 0.417197 0.723022
0 0.121019 0.741007 0.121019 0.748201 0.130573 0.755396 0.159236 0.755396 0.165605 0.748201 0.168790 0.748201 0.168790 0.741007 0.162420 0.733813 0.156051 0.733813 0.152866 0.730216 0.136943 0.730216 0.133758 0.733813 0.127389 0.733813
0 0.006369 0.755396 0.006369 0.766187 0.015924 0.776978 0.035032 0.776978 0.041401 0.769784 0.041401 0.755396 0.038217 0.751799 0.028662 0.751799 0.025478 0.748201 0.012739 0.748201
0 0.557325 0.755396 0.557325 0.758993 0.554140 0.762590 0.557325 0.766187 0.557325 0.769784 0.563694 0.776978 0.566879 0.776978 0.570064 0.780576 0.579618 0.780576 0.582803 0.784173 0.585987 0.780576 0.589172 0.780576 0.595541 0.773381 0.595541 0.758993 0.592357 0.755396 0.585987 0.755396 0.582803 0.751799 0.573248 0.751799 0.570064 0.755396
0 0.531847 0.762590 0.522293 0.762590 0.519108 0.766187 0.506369 0.766187 0.503185 0.769784 0.506369 0.769784 0.509554 0.773381 0.525478 0.773381 0.528662 0.769784 0.531847 0.769784
0 0.382166 0.784173 0.382166 0.794964 0.401274 0.820144 0.429936 0.823741 0.433121 0.827338 0.455414 0.827338 0.471338 0.812950 0.471338 0.802158 0.455414 0.791367 0.439490 0.791367 0.407643 0.780576 0.388535 0.780576
0 0.401274 0.823741 0.378981 0.794964 0.375796 0.798561 0.353503 0.802158 0.334395 0.812950 0.328025 0.820144 0.328025 0.830935 0.347134 0.841727 0.372611 0.841727 0.388535 0.834532 0.398089 0.823741
0 0.257962 0.809353 0.257962 0.816547 0.261146 0.820144 0.261146 0.823741 0.264331 0.823741 0.267516 0.827338 0.273885 0.827338 0.277070 0.823741 0.280255 0.823741 0.289809 0.816547 0.289809 0.812950 0.286624 0.809353 0.286624 0.805755 0.283439 0.805755 0.280255 0.802158 0.264331 0.802158
0 0.496815 0.812950 0.496815 0.834532 0.512739 0.848921 0.531847 0.848921 0.544586 0.834532 0.547771 0.827338 0.547771 0.809353 0.544586 0.805755 0.515924 0.805755 0.512739 0.809353
0 0.573248 0.834532 0.573248 0.848921 0.576433 0.856115 0.579618 0.856115 0.585987 0.866906 0.592357 0.870504 0.605096 0.870504 0.611465 0.866906 0.614650 0.859712 0.614650 0.838129 0.605096 0.823741 0.585987 0.823741
0 0.194268 0.863309 0.187898 0.863309 0.184713 0.859712 0.178344 0.859712 0.175159 0.863309 0.168790 0.863309 0.162420 0.870504 0.162420 0.877698 0.165605 0.881295 0.165605 0.884892 0.168790 0.888489 0.181529 0.888489 0.184713 0.884892 0.187898 0.884892 0.194268 0.877698
0 0.566879 0.859712 0.554140 0.859712 0.550955 0.863309 0.550955 0.866906 0.547771 0.870504 0.547771 0.881295 0.550955 0.884892 0.560510 0.884892 0.563694 0.881295 0.566879 0.881295 0.566879 0.877698 0.570064 0.874101 0.570064 0.866906 0.566879 0.863309
0 0.232484 0.863309 0.226115 0.870504 0.226115 0.877698 0.242038 0.895683 0.254777 0.895683 0.261146 0.884892 0.257962 0.881295 0.257962 0.877698 0.242038 0.863309
0 0.369427 0.863309 0.363057 0.870504 0.363057 0.881295 0.372611 0.892086 0.375796 0.892086 0.378981 0.895683 0.391720 0.895683 0.394904 0.892086 0.394904 0.881295 0.382166 0.866906 0.378981 0.866906 0.375796 0.863309
0 0.869427 0.863309 0.866242 0.866906 0.866242 0.874101 0.872611 0.881295 0.878981 0.881295 0.882166 0.877698 0.882166 0.870504 0.878981 0.866906 0.875796 0.866906 0.872611 0.863309
