0 0.806349 0.103943 0.806349 0.111111 0.812698 0.118280 0.812698 0.121864 0.815873 0.121864 0.822222 0.129032 0.825397 0.129032 0.838095 0.139785 0.853968 0.129032 0.844444 0.118280 0.841270 0.118280 0.834921 0.111111 0.831746 0.111111 0.819048 0.100358 0.809524 0.100358
0 0.190476 0.111111 0.193651 0.129032 0.206349 0.143369 0.209524 0.143369 0.212698 0.146953 0.225397 0.146953 0.231746 0.139785 0.231746 0.129032 0.215873 0.107527 0.193651 0.107527
0 0.958730 0.107527 0.949206 0.118280 0.949206 0.125448 0.946032 0.129032 0.952381 0.157706 0.958730 0.164875 0.965079 0.164875 0.980952 0.175627 0.990476 0.175627 0.993651 0.179211 0.993651 0.118280 0.987302 0.118280 0.971429 0.107527
0 0.771429 0.114695 0.768254 0.129032 0.780952 0.146953 0.784127 0.146953 0.796825 0.157706 0.806349 0.157706 0.809524 0.161290 0.815873 0.161290 0.822222 0.154122 0.825397 0.146953 0.822222 0.139785 0.809524 0.125448 0.796825 0.121864 0.793651 0.118280 0.787302 0.118280 0.784127 0.114695
0 0.320635 0.125448 0.314286 0.132616 0.314286 0.136201 0.311111 0.139785 0.311111 0.143369 0.320635 0.154122 0.326984 0.154122 0.330159 0.150538 0.333333 0.150538 0.333333 0.146953 0.336508 0.143369 0.336508 0.136201 0.326984 0.125448
0 0.130159 0.129032 0.126984 0.129032 0.123810 0.132616 0.120635 0.132616 0.114286 0.139785 0.114286 0.150538 0.117460 0.154122 0.117460 0.157706 0.123810 0.164875 0.130159 0.164875 0.142857 0.150538 0.139683 0.146953 0.139683 0.139785 0.136508 0.136201 0.136508 0.132616 0.133333 0.132616
0 0.758730 0.146953 0.755556 0.150538 0.755556 0.168459 0.761905 0.179211 0.765079 0.179211 0.768254 0.182796 0.774603 0.182796 0.777778 0.186380 0.787302 0.186380 0.790476 0.182796 0.793651 0.182796 0.793651 0.157706 0.790476 0.157706 0.774603 0.143369 0.771429 0.146953
0 0.285714 0.150538 0.273016 0.150538 0.257143 0.168459 0.257143 0.179211 0.253968 0.182796 0.253968 0.197133 0.257143 0.200717 0.273016 0.193548 0.285714 0.175627 0.285714 0.168459 0.288889 0.164875 0.288889 0.154122
0 0.815873 0.164875 0.825397 0.175627 0.834921 0.175627 0.838095 0.179211 0.853968 0.179211 0.857143 0.182796 0.869841 0.182796 0.869841 0.168459 0.866667 0.168459 0.853968 0.157706 0.847619 0.157706 0.844444 0.154122 0.838095 0.154122 0.834921 0.150538 0.825397 0.150538 0.825397 0.154122
0 0.352381 0.154122 0.352381 0.161290 0.355556 0.164875 0.361905 0.164875 0.365079 0.161290 0.361905 0.157706 0.361905 0.154122
0 0.311111 0.172043 0.307937 0.175627 0.311111 0.179211 0.311111 0.182796 0.323810 0.197133 0.326984 0.197133 0.330159 0.200717 0.333333 0.200717 0.336508 0.197133 0.336508 0.182796 0.326984 0.172043 0.323810 0.172043 0.320635 0.168459 0.317460 0.168459 0.314286 0.172043
0 0.485714 0.175627 0.473016 0.168459 0.463492 0.168459 0.453968 0.179211 0.447619 0.179211 0.438095 0.186380 0.422222 0.204301 0.419048 0.204301 0.415873 0.211470 0.419048 0.215054 0.431746 0.215054 0.434921 0.218638 0.457143 0.218638 0.460317 0.215054 0.466667 0.215054 0.476190 0.207885 0.485714 0.186380
0 0.920635 0.207885 0.926984 0.236559 0.939683 0.250896 0.965079 0.250896 0.993651 0.236559 0.993651 0.200717 0.965079 0.186380 0.939683 0.186380
0 0.323810 0.211470 0.314286 0.218638 0.314286 0.229391 0.317460 0.232975 0.317460 0.240143 0.320635 0.243728 0.330159 0.243728 0.333333 0.240143 0.336508 0.240143 0.336508 0.236559 0.339683 0.232975 0.339683 0.218638 0.333333 0.211470
0 0.831746 0.211470 0.828571 0.215054 0.828571 0.232975 0.831746 0.236559 0.831746 0.240143 0.841270 0.250896 0.857143 0.250896 0.863492 0.243728 0.863492 0.240143 0.866667 0.236559 0.866667 0.229391 0.863492 0.225806 0.863492 0.222222 0.853968 0.211470
0 0.758730 0.218638 0.752381 0.229391 0.752381 0.236559 0.758730 0.250896 0.765079 0.258065 0.777778 0.265233 0.793651 0.268817 0.800000 0.261649 0.800000 0.243728 0.793651 0.236559 0.793651 0.232975 0.777778 0.218638
0 0.428571 0.225806 0.412698 0.229391 0.403175 0.243728 0.403175 0.268817 0.409524 0.279570 0.425397 0.279570 0.431746 0.272401 0.434921 0.272401 0.444444 0.258065 0.444444 0.240143
0 0.234921 0.247312 0.225397 0.258065 0.225397 0.261649 0.222222 0.265233 0.222222 0.279570 0.231746 0.279570 0.234921 0.283154 0.244444 0.283154 0.247619 0.279570 0.253968 0.279570 0.260317 0.268817 0.260317 0.258065 0.257143 0.254480 0.257143 0.250896 0.253968 0.250896 0.250794 0.247312
0 0.282540 0.261649 0.282540 0.275986 0.285714 0.279570 0.285714 0.283154 0.292063 0.290323 0.301587 0.290323 0.307937 0.283154 0.307937 0.279570 0.311111 0.275986 0.311111 0.272401 0.307937 0.268817 0.307937 0.265233 0.298413 0.258065 0.288889 0.258065 0.285714 0.261649
0 0.187302 0.261649 0.184127 0.265233 0.180952 0.265233 0.180952 0.268817 0.174603 0.275986 0.174603 0.283154 0.177778 0.286738 0.180952 0.286738 0.187302 0.293907 0.193651 0.293907 0.203175 0.286738 0.203175 0.268817 0.196825 0.261649
0 0.460317 0.265233 0.444444 0.265233 0.434921 0.275986 0.431746 0.275986 0.419048 0.293907 0.415873 0.308244 0.425397 0.329749 0.447619 0.322581 0.457143 0.315412 0.463492 0.304659 0.469841 0.279570
0 0.993651 0.272401 0.984127 0.265233 0.965079 0.265233 0.961905 0.268817 0.955556 0.268817 0.942857 0.275986 0.933333 0.286738 0.930159 0.297491 0.949206 0.308244 0.955556 0.304659 0.977778 0.304659 0.993651 0.286738
0 0.777778 0.286738 0.777778 0.304659 0.784127 0.315412 0.787302 0.315412 0.790476 0.318996 0.796825 0.318996 0.800000 0.322581 0.803175 0.322581 0.806349 0.318996 0.819048 0.318996 0.819048 0.315412 0.800000 0.275986 0.784127 0.279570
0 0.269841 0.297491 0.260317 0.297491 0.253968 0.304659 0.253968 0.315412 0.250794 0.318996 0.250794 0.333333 0.257143 0.340502 0.266667 0.336918 0.266667 0.333333 0.269841 0.329749 0.269841 0.318996 0.273016 0.315412 0.273016 0.304659 0.269841 0.301075
0 0.215873 0.304659 0.212698 0.308244 0.212698 0.315412 0.209524 0.318996 0.212698 0.322581 0.212698 0.329749 0.222222 0.340502 0.228571 0.340502 0.234921 0.333333 0.234921 0.315412 0.228571 0.304659
0 0.355556 0.304659 0.352381 0.308244 0.352381 0.326165 0.355556 0.326165 0.358730 0.329749 0.368254 0.329749 0.371429 0.326165 0.371429 0.318996 0.374603 0.315412 0.374603 0.311828 0.368254 0.304659
0 0.974603 0.308244 0.955556 0.308244 0.952381 0.311828 0.946032 0.311828 0.926984 0.333333 0.923810 0.340502 0.923810 0.351254 0.936508 0.358423 0.952381 0.344086 0.971429 0.333333 0.974603 0.329749
0 0.482540 0.322581 0.469841 0.315412 0.460317 0.315412 0.441270 0.329749 0.434921 0.344086 0.434921 0.358423 0.441270 0.365591 0.463492 0.365591 0.485714 0.344086 0.485714 0.329749
0 0.203175 0.318996 0.187302 0.318996 0.180952 0.326165 0.180952 0.333333 0.184127 0.336918 0.184127 0.340502 0.193651 0.351254 0.196825 0.347670 0.200000 0.347670 0.203175 0.344086
0 0.993651 0.322581 0.984127 0.329749 0.977778 0.329749 0.961905 0.344086 0.942857 0.354839 0.933333 0.376344 0.933333 0.387097 0.936508 0.390681 0.942857 0.390681 0.952381 0.379928 0.987302 0.354839 0.987302 0.347670 0.993651 0.340502
0 0.612698 0.326165 0.609524 0.326165 0.600000 0.336918 0.600000 0.344086 0.596825 0.347670 0.596825 0.365591 0.600000 0.369176 0.603175 0.379928 0.606349 0.376344 0.619048 0.376344 0.619048 0.372760 0.622222 0.369176 0.622222 0.347670 0.619048 0.344086 0.619048 0.333333
0 0.523810 0.340502 0.507937 0.340502 0.488889 0.354839 0.476190 0.383513 0.476190 0.394265 0.482540 0.401434 0.488889 0.401434 0.492063 0.405018 0.507937 0.405018 0.526984 0.387097 0.533333 0.369176 0.533333 0.358423 0.530159 0.354839 0.530159 0.347670
0 0.777778 0.344086 0.768254 0.354839 0.768254 0.358423 0.765079 0.362007 0.765079 0.376344 0.777778 0.390681 0.796825 0.390681 0.796825 0.387097 0.806349 0.369176 0.806349 0.365591 0.803175 0.362007 0.803175 0.354839 0.793651 0.344086
0 0.568254 0.347670 0.555556 0.347670 0.539683 0.365591 0.539683 0.369176 0.533333 0.372760 0.530159 0.387097 0.536508 0.401434 0.542857 0.405018 0.552381 0.405018 0.561905 0.397849 0.574603 0.369176 0.574603 0.354839
0 0.158730 0.358423 0.155556 0.354839 0.152381 0.354839 0.142857 0.365591 0.139683 0.365591 0.136508 0.369176 0.126984 0.369176 0.123810 0.379928 0.126984 0.383513 0.133333 0.383513 0.136508 0.387097 0.139683 0.383513 0.142857 0.383513 0.146032 0.379928 0.146032 0.372760 0.149206 0.369176 0.152381 0.369176 0.158730 0.362007
0 0.285714 0.354839 0.279365 0.362007 0.279365 0.369176 0.285714 0.376344 0.292063 0.376344 0.292063 0.365591 0.295238 0.362007 0.295238 0.354839
0 0.247619 0.362007 0.244444 0.362007 0.241270 0.358423 0.231746 0.358423 0.228571 0.362007 0.222222 0.362007 0.215873 0.369176 0.215873 0.387097 0.225397 0.394265 0.234921 0.390681 0.244444 0.379928 0.244444 0.372760 0.247619 0.369176
0 0.993651 0.358423 0.984127 0.358423 0.968254 0.372760 0.965079 0.383513 0.952381 0.401434 0.952381 0.415771 0.955556 0.422939 0.961905 0.426523 0.971429 0.426523 0.984127 0.419355 0.987302 0.412186 0.993651 0.408602
0 0.593651 0.365591 0.590476 0.369176 0.577778 0.369176 0.561905 0.401434 0.561905 0.415771 0.568254 0.430108 0.580952 0.430108 0.590476 0.419355 0.600000 0.397849 0.600000 0.376344
0 0.371429 0.372760 0.371429 0.383513 0.374603 0.383513 0.377778 0.387097 0.380952 0.383513 0.387302 0.383513 0.387302 0.372760 0.384127 0.369176 0.374603 0.369176
0 0.809524 0.369176 0.800000 0.387097 0.803175 0.394265 0.803175 0.419355 0.812698 0.437276 0.815873 0.437276 0.834921 0.462366 0.834921 0.469534 0.841270 0.469534 0.841270 0.440860 0.844444 0.433692 0.838095 0.422939 0.838095 0.415771 0.819048 0.394265 0.819048 0.376344
0 0.841270 0.369176 0.841270 0.372760 0.834921 0.379928 0.834921 0.390681 0.838095 0.394265 0.838095 0.401434 0.853968 0.419355 0.857143 0.419355 0.860317 0.415771 0.863492 0.415771 0.863492 0.412186 0.866667 0.408602 0.866667 0.394265 0.863492 0.390681 0.863492 0.387097 0.850794 0.372760 0.844444 0.372760
0 0.730159 0.372760 0.723810 0.383513 0.723810 0.387097 0.726984 0.390681 0.726984 0.397849 0.733333 0.405018 0.746032 0.405018 0.752381 0.397849 0.752381 0.383513 0.742857 0.372760
0 0.095238 0.387097 0.092063 0.390681 0.092063 0.397849 0.095238 0.401434 0.095238 0.405018 0.098413 0.408602 0.101587 0.408602 0.104762 0.412186 0.107937 0.412186 0.114286 0.405018 0.114286 0.401434 0.111111 0.397849 0.111111 0.394265 0.104762 0.387097
0 0.346032 0.390681 0.342857 0.394265 0.339683 0.394265 0.336508 0.397849 0.336508 0.412186 0.349206 0.426523 0.352381 0.426523 0.358730 0.419355 0.358730 0.401434 0.352381 0.394265 0.349206 0.394265
0 0.619048 0.397849 0.600000 0.401434 0.593651 0.415771 0.593651 0.437276 0.596825 0.440860 0.596825 0.451613 0.606349 0.469534 0.612698 0.469534 0.619048 0.462366 0.622222 0.462366 0.631746 0.448029 0.631746 0.430108 0.628571 0.426523 0.628571 0.415771
0 0.253968 0.401434 0.247619 0.408602 0.247619 0.412186 0.244444 0.415771 0.244444 0.419355 0.247619 0.422939 0.247619 0.426523 0.253968 0.433692 0.253968 0.437276 0.263492 0.437276 0.269841 0.430108 0.269841 0.408602 0.260317 0.401434
0 0.314286 0.419355 0.314286 0.426523 0.317460 0.426523 0.320635 0.430108 0.320635 0.433692 0.330159 0.444444 0.339683 0.448029 0.346032 0.455197 0.355556 0.451613 0.355556 0.444444 0.342857 0.444444 0.339683 0.440860 0.336508 0.440860 0.326984 0.430108 0.326984 0.426523 0.323810 0.422939
0 0.993651 0.419355 0.980952 0.433692 0.980952 0.437276 0.974603 0.448029 0.974603 0.458781 0.980952 0.469534 0.990476 0.469534 0.993651 0.465950 0.993651 0.440860 0.996825 0.437276 0.996825 0.430108 0.993651 0.426523
0 0.228571 0.444444 0.228571 0.455197 0.234921 0.462366 0.238095 0.462366 0.241270 0.465950 0.253968 0.465950 0.260317 0.458781 0.260317 0.444444 0.257143 0.440860 0.247619 0.440860 0.244444 0.437276 0.238095 0.437276
0 0.780952 0.440860 0.777778 0.444444 0.777778 0.451613 0.780952 0.455197 0.780952 0.476703 0.784127 0.480287 0.780952 0.483871 0.803175 0.508961 0.819048 0.508961 0.825397 0.498208 0.825397 0.476703 0.819048 0.462366 0.812698 0.458781 0.809524 0.437276
0 0.638095 0.444444 0.638095 0.448029 0.628571 0.458781 0.631746 0.462366 0.628571 0.469534 0.628571 0.487455 0.638095 0.501792 0.647619 0.505376 0.660317 0.494624 0.660317 0.462366 0.650794 0.444444
0 0.682540 0.448029 0.676190 0.451613 0.663492 0.465950 0.663492 0.494624 0.673016 0.508961 0.682540 0.508961 0.692063 0.498208 0.692063 0.491039 0.695238 0.487455 0.695238 0.462366 0.692063 0.455197
0 0.749206 0.448029 0.714286 0.451613 0.707937 0.458781 0.707937 0.487455 0.714286 0.505376 0.723810 0.516129 0.736508 0.516129 0.742857 0.512545 0.755556 0.491039 0.755556 0.458781
0 0.200000 0.458781 0.193651 0.465950 0.193651 0.473118 0.190476 0.476703 0.193651 0.480287 0.193651 0.487455 0.203175 0.501792 0.215873 0.501792 0.219048 0.498208 0.222222 0.498208 0.228571 0.487455 0.228571 0.473118 0.225397 0.469534 0.225397 0.465950 0.215873 0.458781
0 0.409524 0.473118 0.409524 0.480287 0.412698 0.483871 0.412698 0.487455 0.422222 0.494624 0.434921 0.494624 0.444444 0.487455 0.444444 0.473118 0.438095 0.465950 0.434921 0.465950 0.431746 0.462366 0.419048 0.462366
0 0.161905 0.469534 0.146032 0.487455 0.146032 0.505376 0.158730 0.516129 0.171429 0.516129 0.174603 0.512545 0.177778 0.512545 0.187302 0.501792 0.187302 0.498208 0.190476 0.494624 0.190476 0.480287 0.177778 0.469534
0 0.333333 0.480287 0.326984 0.487455 0.326984 0.512545 0.336508 0.534050 0.342857 0.541219 0.352381 0.541219 0.358730 0.534050 0.358730 0.505376 0.355556 0.501792 0.355556 0.494624 0.346032 0.480287
0 0.263492 0.483871 0.260317 0.487455 0.253968 0.487455 0.253968 0.501792 0.257143 0.501792 0.260317 0.505376 0.263492 0.505376 0.266667 0.501792 0.266667 0.487455
0 0.765079 0.483871 0.758730 0.487455 0.752381 0.501792 0.755556 0.505376 0.755556 0.523297 0.761905 0.534050 0.761905 0.544803 0.765079 0.544803 0.768254 0.551971 0.774603 0.555556 0.784127 0.555556 0.793651 0.544803 0.800000 0.530466 0.800000 0.508961 0.777778 0.483871
0 0.453968 0.508961 0.453968 0.526882 0.463492 0.537634 0.466667 0.537634 0.469841 0.534050 0.469841 0.526882 0.466667 0.523297 0.466667 0.516129 0.460317 0.508961
0 0.380952 0.512545 0.380952 0.530466 0.393651 0.544803 0.400000 0.544803 0.409524 0.537634 0.409524 0.534050 0.412698 0.530466 0.409524 0.519713 0.406349 0.519713 0.396825 0.512545
0 0.739683 0.516129 0.736508 0.519713 0.733333 0.519713 0.733333 0.526882 0.730159 0.530466 0.730159 0.551971 0.733333 0.555556 0.733333 0.559140 0.739683 0.566308 0.749206 0.566308 0.758730 0.555556 0.758730 0.534050 0.755556 0.530466 0.752381 0.519713 0.749206 0.519713 0.746032 0.516129
0 0.520635 0.519713 0.520635 0.537634 0.526984 0.544803 0.533333 0.544803 0.536508 0.541219 0.536508 0.537634 0.539683 0.534050 0.539683 0.530466 0.533333 0.523297 0.533333 0.519713
0 0.841270 0.537634 0.838095 0.541219 0.834921 0.541219 0.831746 0.544803 0.831746 0.566308 0.838095 0.573477 0.841270 0.573477 0.847619 0.566308 0.847619 0.544803
0 0.177778 0.544803 0.174603 0.548387 0.174603 0.555556 0.177778 0.559140 0.184127 0.559140 0.184127 0.555556 0.187302 0.551971 0.184127 0.548387 0.184127 0.544803
0 0.228571 0.548387 0.222222 0.548387 0.219048 0.544803 0.215873 0.548387 0.206349 0.551971 0.200000 0.559140 0.200000 0.562724 0.196825 0.566308 0.196825 0.584229 0.200000 0.587814 0.203175 0.587814 0.206349 0.591398 0.212698 0.591398 0.225397 0.580645 0.228571 0.580645 0.228571 0.577061 0.234921 0.569892 0.234921 0.555556
0 0.146032 0.551971 0.142857 0.555556 0.139683 0.555556 0.139683 0.569892 0.146032 0.577061 0.152381 0.577061 0.155556 0.573477 0.155556 0.569892 0.158730 0.566308 0.158730 0.559140 0.152381 0.551971
0 0.473016 0.555556 0.469841 0.559140 0.466667 0.559140 0.463492 0.562724 0.463492 0.573477 0.469841 0.580645 0.479365 0.580645 0.482540 0.577061 0.482540 0.559140 0.479365 0.559140 0.476190 0.555556
0 0.984127 0.559140 0.971429 0.559140 0.965079 0.566308 0.965079 0.569892 0.961905 0.573477 0.965079 0.577061 0.965079 0.580645 0.968254 0.580645 0.971429 0.584229 0.977778 0.584229 0.984127 0.577061
0 0.101587 0.573477 0.104762 0.577061 0.104762 0.587814 0.107937 0.591398 0.111111 0.591398 0.117460 0.598566 0.130159 0.598566 0.130159 0.587814 0.126984 0.584229 0.126984 0.577061 0.123810 0.577061 0.117460 0.569892 0.114286 0.569892 0.111111 0.566308
0 0.587302 0.577061 0.580952 0.577061 0.574603 0.584229 0.571429 0.584229 0.568254 0.587814 0.568254 0.591398 0.574603 0.598566 0.577778 0.598566 0.580952 0.594982 0.584127 0.594982 0.587302 0.591398
0 0.923810 0.580645 0.917460 0.587814 0.917460 0.594982 0.920635 0.598566 0.920635 0.602151 0.923810 0.605735 0.923810 0.609319 0.933333 0.609319 0.936508 0.605735 0.936508 0.584229 0.933333 0.580645
0 0.606349 0.591398 0.603175 0.594982 0.603175 0.609319 0.609524 0.616487 0.619048 0.616487 0.622222 0.612903 0.622222 0.598566 0.615873 0.591398
0 0.952381 0.602151 0.952381 0.612903 0.955556 0.612903 0.958730 0.616487 0.961905 0.616487 0.965079 0.612903 0.971429 0.612903 0.971429 0.609319 0.974603 0.605735 0.974603 0.602151 0.968254 0.594982 0.958730 0.594982
0 0.377778 0.598566 0.371429 0.598566 0.358730 0.612903 0.358730 0.623656 0.352381 0.630824 0.355556 0.637993 0.355556 0.666667 0.365079 0.666667 0.368254 0.663082 0.368254 0.659498 0.377778 0.648746 0.387302 0.627240 0.387302 0.612903
0 0.501587 0.602151 0.501587 0.612903 0.507937 0.620072 0.511111 0.620072 0.514286 0.623656 0.520635 0.623656 0.523810 0.620072 0.523810 0.616487 0.511111 0.602151
0 0.717460 0.609319 0.711111 0.602151 0.698413 0.602151 0.695238 0.605735 0.692063 0.605735 0.688889 0.609319 0.685714 0.609319 0.682540 0.612903 0.682540 0.620072 0.685714 0.620072 0.692063 0.627240 0.701587 0.627240 0.704762 0.623656 0.707937 0.623656 0.714286 0.616487 0.714286 0.612903
0 0.828571 0.612903 0.822222 0.605735 0.819048 0.605735 0.815873 0.602151 0.812698 0.605735 0.809524 0.602151 0.806349 0.605735 0.800000 0.605735 0.800000 0.609319 0.796825 0.612903 0.796825 0.623656 0.800000 0.627240 0.812698 0.627240 0.815873 0.623656 0.822222 0.623656 0.828571 0.616487
0 0.911111 0.612903 0.904762 0.605735 0.901587 0.605735 0.898413 0.602151 0.895238 0.605735 0.892063 0.605735 0.885714 0.612903 0.882540 0.612903 0.873016 0.623656 0.873016 0.637993 0.876190 0.641577 0.885714 0.641577 0.888889 0.637993 0.895238 0.637993 0.898413 0.634409 0.904762 0.634409 0.911111 0.623656
0 0.292063 0.612903 0.288889 0.616487 0.285714 0.616487 0.285714 0.620072 0.282540 0.623656 0.282540 0.637993 0.288889 0.645161 0.292063 0.645161 0.295238 0.648746 0.301587 0.648746 0.314286 0.634409 0.314286 0.620072 0.307937 0.612903
0 0.339683 0.620072 0.333333 0.623656 0.317460 0.645161 0.317460 0.673835 0.323810 0.688172 0.330159 0.691756 0.339683 0.688172 0.352381 0.670251 0.352381 0.637993 0.349206 0.634409 0.349206 0.627240
0 0.260317 0.634409 0.257143 0.637993 0.257143 0.659498 0.260317 0.663082 0.266667 0.681004 0.269841 0.681004 0.273016 0.684588 0.282540 0.684588 0.282540 0.681004 0.285714 0.677419 0.285714 0.663082 0.288889 0.659498 0.288889 0.652330 0.285714 0.648746 0.285714 0.645161 0.273016 0.634409
0 0.761905 0.637993 0.752381 0.637993 0.742857 0.648746 0.742857 0.652330 0.739683 0.655914 0.739683 0.666667 0.742857 0.670251 0.746032 0.670251 0.749206 0.673835 0.752381 0.673835 0.755556 0.670251 0.758730 0.670251 0.765079 0.663082 0.765079 0.659498 0.768254 0.655914 0.768254 0.645161
0 0.917460 0.645161 0.907937 0.637993 0.898413 0.637993 0.895238 0.641577 0.888889 0.641577 0.885714 0.645161 0.882540 0.645161 0.882540 0.659498 0.888889 0.670251 0.901587 0.670251 0.904762 0.666667 0.907937 0.666667 0.914286 0.659498 0.914286 0.655914 0.917460 0.652330
0 0.558730 0.641577 0.552381 0.648746 0.555556 0.652330 0.555556 0.655914 0.558730 0.655914 0.561905 0.659498 0.565079 0.659498 0.571429 0.652330 0.571429 0.648746 0.568254 0.645161 0.565079 0.645161 0.561905 0.641577
0 0.120635 0.645161 0.114286 0.652330 0.114286 0.666667 0.117460 0.670251 0.117460 0.673835 0.123810 0.681004 0.130159 0.681004 0.136508 0.673835 0.136508 0.655914 0.133333 0.652330 0.133333 0.648746 0.130159 0.648746 0.126984 0.645161
0 0.374603 0.655914 0.368254 0.666667 0.368254 0.688172 0.371429 0.695341 0.380952 0.702509 0.396825 0.702509 0.400000 0.706093 0.409524 0.706093 0.415873 0.691756 0.419048 0.666667 0.400000 0.648746 0.387302 0.648746 0.380952 0.655914
0 0.688889 0.652330 0.688889 0.663082 0.692063 0.666667 0.695238 0.666667 0.698413 0.670251 0.714286 0.670251 0.717460 0.666667 0.717460 0.655914 0.714286 0.652330 0.711111 0.652330 0.707937 0.648746 0.692063 0.648746
0 0.952381 0.648746 0.942857 0.648746 0.939683 0.652330 0.936508 0.652330 0.936508 0.655914 0.930159 0.663082 0.930159 0.673835 0.933333 0.677419 0.936508 0.677419 0.939683 0.681004 0.942857 0.677419 0.946032 0.677419 0.955556 0.666667 0.955556 0.659498 0.958730 0.655914
0 0.292063 0.652330 0.292063 0.659498 0.288889 0.663082 0.288889 0.677419 0.285714 0.681004 0.285714 0.684588 0.288889 0.688172 0.292063 0.698925 0.301587 0.709677 0.307937 0.709677 0.307937 0.706093 0.311111 0.702509 0.311111 0.695341 0.307937 0.691756 0.307937 0.677419 0.304762 0.673835 0.304762 0.666667 0.301587 0.663082 0.298413 0.652330
0 0.231746 0.659498 0.225397 0.666667 0.225397 0.677419 0.228571 0.681004 0.228571 0.695341 0.231746 0.698925 0.241270 0.698925 0.244444 0.695341 0.244444 0.677419 0.241270 0.673835 0.241270 0.663082 0.238095 0.659498
0 0.444444 0.659498 0.438095 0.659498 0.434921 0.663082 0.431746 0.659498 0.425397 0.666667 0.422222 0.666667 0.419048 0.691756 0.412698 0.706093 0.422222 0.720430 0.425397 0.716846 0.438095 0.713262 0.450794 0.698925 0.453968 0.670251
0 0.853968 0.659498 0.841270 0.659498 0.831746 0.666667 0.831746 0.670251 0.828571 0.673835 0.828571 0.681004 0.831746 0.684588 0.831746 0.688172 0.834921 0.688172 0.838095 0.691756 0.847619 0.691756 0.850794 0.688172 0.853968 0.688172 0.860317 0.681004 0.860317 0.666667
0 0.980952 0.677419 0.974603 0.670251 0.968254 0.670251 0.965079 0.673835 0.961905 0.673835 0.958730 0.677419 0.958730 0.681004 0.955556 0.684588 0.955556 0.691756 0.958730 0.695341 0.974603 0.695341 0.977778 0.691756 0.977778 0.684588 0.980952 0.681004
0 0.209524 0.681004 0.193651 0.681004 0.190476 0.684588 0.187302 0.684588 0.187302 0.688172 0.180952 0.698925 0.180952 0.713262 0.184127 0.716846 0.203175 0.716846 0.212698 0.706093 0.212698 0.688172 0.209524 0.684588
0 0.266667 0.684588 0.266667 0.688172 0.263492 0.691756 0.260317 0.691756 0.260317 0.695341 0.257143 0.698925 0.257143 0.720430 0.260317 0.724014 0.263492 0.734767 0.266667 0.734767 0.273016 0.741935 0.276190 0.741935 0.288889 0.731183 0.288889 0.706093 0.279365 0.688172 0.273016 0.688172 0.269841 0.684588
0 0.723810 0.688172 0.720635 0.691756 0.714286 0.691756 0.707937 0.698925 0.707937 0.713262 0.711111 0.716846 0.711111 0.720430 0.717460 0.720430 0.720635 0.724014 0.726984 0.724014 0.736508 0.716846 0.736508 0.698925 0.733333 0.695341 0.733333 0.691756 0.726984 0.691756
0 0.485714 0.691756 0.466667 0.691756 0.460317 0.698925 0.457143 0.698925 0.447619 0.713262 0.447619 0.727599 0.463492 0.738351 0.473016 0.738351 0.479365 0.731183 0.482540 0.731183 0.482540 0.727599 0.488889 0.724014 0.492063 0.716846 0.492063 0.702509
0 0.584127 0.698925 0.580952 0.702509 0.580952 0.716846 0.584127 0.720430 0.584127 0.724014 0.593651 0.731183 0.600000 0.731183 0.603175 0.734767 0.606349 0.734767 0.612698 0.741935 0.612698 0.745520 0.615873 0.741935 0.615873 0.731183 0.612698 0.727599 0.606349 0.709677 0.600000 0.702509 0.596825 0.702509 0.593651 0.698925
0 0.993651 0.698925 0.990476 0.702509 0.987302 0.702509 0.987302 0.706093 0.984127 0.709677 0.984127 0.716846 0.987302 0.720430 0.984127 0.724014 0.987302 0.727599 0.990476 0.727599 0.993651 0.731183
0 0.876190 0.702509 0.873016 0.702509 0.869841 0.706093 0.866667 0.706093 0.860317 0.716846 0.860317 0.727599 0.863492 0.731183 0.863492 0.734767 0.869841 0.741935 0.873016 0.741935 0.879365 0.734767 0.879365 0.731183 0.882540 0.727599 0.882540 0.709677
0 0.809524 0.713262 0.806349 0.716846 0.806349 0.720430 0.803175 0.724014 0.803175 0.727599 0.809524 0.734767 0.825397 0.734767 0.831746 0.727599 0.831746 0.713262 0.828571 0.709677 0.815873 0.709677 0.812698 0.713262
0 0.936508 0.709677 0.936508 0.734767 0.939683 0.738351 0.939683 0.741935 0.946032 0.741935 0.949206 0.738351 0.952381 0.738351 0.955556 0.734767 0.958730 0.734767 0.958730 0.731183 0.961905 0.727599 0.961905 0.720430 0.955556 0.713262 0.952381 0.713262 0.949206 0.709677
0 0.917460 0.713262 0.904762 0.724014 0.904762 0.727599 0.898413 0.738351 0.898413 0.749104 0.895238 0.752688 0.898413 0.756272 0.898413 0.759857 0.907937 0.767025 0.914286 0.767025 0.923810 0.756272 0.923810 0.752688 0.926984 0.749104 0.926984 0.741935 0.930159 0.738351 0.930159 0.727599 0.926984 0.724014 0.926984 0.720430
0 0.095238 0.716846 0.092063 0.720430 0.092063 0.731183 0.088889 0.734767 0.088889 0.745520 0.092063 0.749104 0.092063 0.756272 0.095238 0.759857 0.107937 0.759857 0.114286 0.752688 0.114286 0.745520 0.117460 0.741935 0.117460 0.738351 0.114286 0.734767 0.111111 0.724014 0.104762 0.716846
0 0.206349 0.727599 0.206349 0.734767 0.209524 0.741935 0.234921 0.763441 0.244444 0.763441 0.250794 0.759857 0.253968 0.752688 0.253968 0.731183 0.244444 0.720430 0.231746 0.720430 0.228571 0.716846 0.222222 0.716846 0.219048 0.720430 0.212698 0.720430
0 0.511111 0.720430 0.504762 0.720430 0.501587 0.724014 0.498413 0.724014 0.492063 0.731183 0.492063 0.738351 0.488889 0.741935 0.488889 0.745520 0.504762 0.763441 0.507937 0.763441 0.517460 0.752688 0.517460 0.749104 0.520635 0.745520 0.520635 0.731183
0 0.447619 0.731183 0.431746 0.745520 0.431746 0.763441 0.441270 0.774194 0.457143 0.774194 0.463492 0.763441 0.463492 0.756272 0.466667 0.752688 0.466667 0.741935 0.463492 0.741935
0 0.634921 0.734767 0.634921 0.759857 0.641270 0.767025 0.647619 0.767025 0.647619 0.763441 0.650794 0.759857 0.650794 0.749104 0.647619 0.745520 0.647619 0.741935 0.644444 0.738351 0.644444 0.734767
0 0.168254 0.752688 0.168254 0.770609 0.180952 0.784946 0.187302 0.788530 0.203175 0.788530 0.206349 0.784946 0.212698 0.784946 0.219048 0.774194 0.215873 0.752688 0.212698 0.749104 0.206349 0.749104 0.200000 0.741935 0.184127 0.738351
0 0.485714 0.745520 0.482540 0.749104 0.469841 0.749104 0.469841 0.752688 0.466667 0.756272 0.466667 0.763441 0.460317 0.774194 0.463492 0.777778 0.463492 0.781362 0.473016 0.788530 0.495238 0.777778 0.504762 0.767025
0 0.714286 0.752688 0.714286 0.763441 0.717460 0.767025 0.720635 0.767025 0.730159 0.777778 0.742857 0.777778 0.742857 0.767025 0.739683 0.763441 0.733333 0.763441 0.726984 0.756272 0.726984 0.752688 0.723810 0.749104 0.717460 0.749104
0 0.965079 0.749104 0.961905 0.752688 0.961905 0.770609 0.965079 0.774194 0.977778 0.774194 0.977778 0.770609 0.980952 0.767025 0.980952 0.756272 0.977778 0.752688 0.977778 0.749104
0 0.596825 0.752688 0.593651 0.756272 0.593651 0.763441 0.596825 0.767025 0.596825 0.774194 0.600000 0.777778 0.600000 0.781362 0.603175 0.781362 0.606349 0.784946 0.612698 0.784946 0.615873 0.781362 0.615873 0.770609 0.612698 0.767025 0.612698 0.763441 0.609524 0.759857 0.609524 0.756272 0.606349 0.752688
0 0.673016 0.756272 0.669841 0.759857 0.669841 0.774194 0.673016 0.777778 0.673016 0.784946 0.679365 0.792115 0.685714 0.792115 0.688889 0.788530 0.688889 0.770609 0.685714 0.767025 0.685714 0.763441 0.679365 0.756272
0 0.946032 0.756272 0.939683 0.756272 0.933333 0.763441 0.933333 0.767025 0.930159 0.770609 0.930159 0.777778 0.936508 0.777778 0.936508 0.774194 0.946032 0.763441
0 0.555556 0.777778 0.549206 0.770609 0.530159 0.770609 0.526984 0.774194 0.517460 0.777778 0.514286 0.781362 0.514286 0.784946 0.517460 0.788530 0.517460 0.806452 0.526984 0.806452 0.530159 0.802867 0.533333 0.802867 0.536508 0.806452 0.542857 0.806452 0.555556 0.795699
0 0.479365 0.788530 0.479365 0.799283 0.476190 0.802867 0.482540 0.813620 0.498413 0.813620 0.501587 0.810036 0.511111 0.810036 0.514286 0.806452 0.514286 0.788530 0.511111 0.784946 0.511111 0.781362 0.492063 0.781362 0.488889 0.784946
0 0.965079 0.792115 0.961905 0.792115 0.958730 0.788530 0.955556 0.792115 0.949206 0.792115 0.942857 0.799283 0.942857 0.806452 0.939683 0.810036 0.939683 0.817204 0.942857 0.820789 0.955556 0.820789 0.965079 0.810036
0 0.453968 0.792115 0.450794 0.792115 0.447619 0.795699 0.441270 0.795699 0.431746 0.806452 0.431746 0.810036 0.428571 0.813620 0.428571 0.820789 0.434921 0.827957 0.438095 0.827957 0.441270 0.831541 0.457143 0.831541 0.466667 0.824373 0.466667 0.802867 0.460317 0.795699 0.457143 0.795699
0 0.644444 0.792115 0.641270 0.795699 0.641270 0.802867 0.644444 0.806452 0.644444 0.810036 0.647619 0.810036 0.650794 0.813620 0.657143 0.813620 0.660317 0.810036 0.660317 0.799283 0.653968 0.792115
0 0.149206 0.806452 0.152381 0.810036 0.155556 0.827957 0.174603 0.845878 0.180952 0.845878 0.187302 0.838710 0.196825 0.835125 0.196825 0.831541 0.206349 0.820789 0.206349 0.810036 0.193651 0.799283 0.161905 0.795699
0 0.723810 0.802867 0.714286 0.813620 0.714286 0.824373 0.720635 0.831541 0.723810 0.831541 0.726984 0.835125 0.736508 0.835125 0.739683 0.831541 0.739683 0.813620 0.736508 0.810036 0.736508 0.806452 0.733333 0.806452 0.730159 0.802867
0 0.542857 0.810036 0.536508 0.810036 0.533333 0.806452 0.530159 0.806452 0.526984 0.810036 0.517460 0.810036 0.517460 0.813620 0.511111 0.820789 0.511111 0.827957 0.507937 0.831541 0.507937 0.845878 0.514286 0.853047 0.520635 0.853047 0.539683 0.838710 0.542857 0.827957 0.549206 0.820789 0.542857 0.813620
0 0.574603 0.824373 0.568254 0.817204 0.552381 0.820789 0.536508 0.845878 0.517460 0.856631 0.520635 0.860215 0.520635 0.867384 0.523810 0.870968 0.539683 0.867384 0.546032 0.863799 0.549206 0.856631 0.565079 0.849462 0.574603 0.835125
0 0.673016 0.820789 0.673016 0.827957 0.669841 0.831541 0.669841 0.838710 0.673016 0.842294 0.679365 0.842294 0.682540 0.838710 0.682540 0.835125 0.685714 0.831541 0.688889 0.835125 0.688889 0.827957 0.685714 0.827957 0.682540 0.824373 0.682540 0.820789
0 0.133333 0.824373 0.130159 0.827957 0.130159 0.838710 0.126984 0.842294 0.130159 0.845878 0.130159 0.853047 0.136508 0.860215 0.158730 0.860215 0.161905 0.856631 0.161905 0.845878 0.158730 0.842294 0.155556 0.831541 0.152381 0.831541 0.142857 0.824373
0 0.641270 0.827957 0.638095 0.831541 0.641270 0.835125 0.641270 0.842294 0.644444 0.845878 0.644444 0.849462 0.647619 0.853047 0.647619 0.856631 0.657143 0.867384 0.663492 0.867384 0.663492 0.860215 0.660317 0.856631 0.660317 0.845878 0.644444 0.827957
0 0.920635 0.835125 0.920635 0.838710 0.917460 0.842294 0.917460 0.845878 0.920635 0.849462 0.920635 0.853047 0.923810 0.856631 0.930159 0.856631 0.930159 0.853047 0.933333 0.849462 0.933333 0.838710 0.930159 0.835125
0 0.609524 0.845878 0.600000 0.838710 0.590476 0.838710 0.587302 0.842294 0.584127 0.842294 0.571429 0.856631 0.571429 0.863799 0.574603 0.867384 0.590476 0.867384 0.593651 0.870968 0.596825 0.870968 0.609524 0.856631
0 0.993651 0.849462 0.993651 0.856631 0.990476 0.860215 0.990476 0.874552 0.993651 0.878136 0.993651 0.888889 0.993651 0.881720 0.996825 0.878136 0.996825 0.853047
0 0.609524 0.860215 0.600000 0.870968 0.600000 0.885305 0.596825 0.888889 0.603175 0.896057 0.603175 0.899642 0.612698 0.906810 0.628571 0.906810 0.631746 0.903226 0.634921 0.903226 0.634921 0.881720 0.631746 0.878136 0.631746 0.874552 0.625397 0.867384 0.622222 0.867384 0.619048 0.863799 0.612698 0.863799
0 0.158730 0.863799 0.142857 0.863799 0.130159 0.878136 0.130159 0.881720 0.123810 0.892473 0.133333 0.903226 0.136508 0.903226 0.139683 0.906810 0.149206 0.906810 0.152381 0.903226 0.158730 0.903226 0.168254 0.888889 0.168254 0.878136
0 0.596825 0.874552 0.590476 0.870968 0.574603 0.870968 0.571429 0.867384 0.549206 0.885305 0.549206 0.899642 0.558730 0.910394 0.574603 0.913978 0.593651 0.899642
0 0.946032 0.881720 0.942857 0.885305 0.939683 0.885305 0.939683 0.892473 0.936508 0.896057 0.939683 0.899642 0.939683 0.903226 0.942857 0.906810 0.949206 0.906810 0.952381 0.903226 0.952381 0.885305 0.949206 0.885305
0 0.914286 0.896057 0.911111 0.899642 0.911111 0.913978 0.914286 0.917563 0.914286 0.924731 0.920635 0.931900 0.923810 0.931900 0.923810 0.928315 0.926984 0.924731 0.926984 0.906810 0.923810 0.903226 0.923810 0.899642 0.920635 0.896057
0 0.774603 0.899642 0.765079 0.899642 0.761905 0.903226 0.758730 0.903226 0.746032 0.917563 0.746032 0.931900 0.758730 0.946237 0.771429 0.946237 0.774603 0.942652 0.777778 0.942652 0.784127 0.931900 0.784127 0.921147 0.780952 0.917563 0.780952 0.910394
0 0.107937 0.921147 0.107937 0.924731 0.123810 0.939068 0.139683 0.939068 0.149206 0.931900 0.149206 0.921147 0.136508 0.906810 0.133333 0.906810 0.130159 0.903226 0.126984 0.903226 0.111111 0.921147
0 0.974603 0.906810 0.971429 0.910394 0.971429 0.913978 0.965079 0.924731 0.965079 0.939068 0.968254 0.942652 0.968254 0.946237 0.971429 0.946237 0.974603 0.949821 0.984127 0.949821 0.987302 0.946237 0.987302 0.931900 0.984127 0.928315 0.984127 0.924731 0.977778 0.917563 0.980952 0.913978 0.980952 0.906810
0 0.644444 0.928315 0.634921 0.917563 0.628571 0.917563 0.625397 0.913978 0.612698 0.921147 0.603175 0.921147 0.590476 0.931900 0.590476 0.946237 0.600000 0.956989 0.625397 0.956989 0.628571 0.953405 0.634921 0.953405 0.644444 0.942652
0 0.692063 0.939068 0.692063 0.942652 0.695238 0.946237 0.695238 0.953405 0.698413 0.956989 0.707937 0.956989 0.711111 0.960573 0.717460 0.960573 0.720635 0.956989 0.726984 0.956989 0.733333 0.949821 0.733333 0.939068 0.720635 0.924731 0.701587 0.924731 0.695238 0.931900 0.695238 0.935484
0 0.104762 0.939068 0.098413 0.939068 0.092063 0.946237 0.092063 0.971326 0.098413 0.982079 0.107937 0.971326 0.107937 0.967742 0.114286 0.960573 0.114286 0.956989 0.117460 0.953405 0.117460 0.949821 0.111111 0.942652 0.107937 0.942652
0 0.812698 0.946237 0.812698 0.949821 0.809524 0.953405 0.809524 0.960573 0.812698 0.964158 0.825397 0.964158 0.825397 0.960573 0.828571 0.956989 0.828571 0.953405 0.825397 0.949821 0.825397 0.946237
0 0.098413 0.985663 0.104762 0.992832 0.133333 0.992832 0.136508 0.989247 0.149206 0.985663 0.152381 0.978495 0.152381 0.967742 0.146032 0.956989 0.120635 0.949821 0.111111 0.971326
0 0.603175 0.989247 0.606349 0.992832 0.619048 0.992832 0.622222 0.996416 0.647619 0.996416 0.650794 0.992832 0.657143 0.992832 0.657143 0.985663 0.653968 0.982079 0.653968 0.978495 0.644444 0.967742 0.625397 0.967742 0.622222 0.971326 0.612698 0.974910
0 0.784127 0.989247 0.784127 0.992832 0.787302 0.996416 0.790476 0.992832 0.800000 0.992832 0.800000 0.989247 0.796825 0.989247 0.793651 0.985663 0.787302 0.985663
