0 0.377778 0.000000 0.358730 0.000000 0.355556 0.003597 0.355556 0.017986 0.361905 0.025180 0.365079 0.025180 0.368254 0.021583 0.371429 0.021583 0.377778 0.014388 0.377778 0.010791 0.380952 0.007194 0.380952 0.003597
0 0.276190 0.007194 0.279365 0.017986 0.285714 0.025180 0.288889 0.025180 0.292063 0.028777 0.298413 0.028777 0.301587 0.032374 0.320635 0.032374 0.317460 0.021583 0.314286 0.017986 0.311111 0.017986 0.304762 0.010791 0.301587 0.010791 0.298413 0.007194 0.288889 0.007194 0.285714 0.003597 0.282540 0.007194
0 0.517460 0.007194 0.520635 0.010791 0.520635 0.014388 0.523810 0.014388 0.526984 0.017986 0.536508 0.017986 0.536508 0.007194 0.533333 0.007194 0.530159 0.003597 0.520635 0.003597
0 0.539683 0.014388 0.542857 0.017986 0.542857 0.025180 0.546032 0.028777 0.549206 0.028777 0.561905 0.043165 0.568254 0.043165 0.571429 0.046763 0.580952 0.043165 0.580952 0.035971 0.574603 0.025180 0.571429 0.025180 0.561905 0.017986 0.542857 0.017986
0 0.942857 0.025180 0.942857 0.032374 0.946032 0.035971 0.946032 0.039568 0.949206 0.043165 0.952381 0.043165 0.958730 0.050360 0.968254 0.050360 0.971429 0.046763 0.980952 0.043165 0.980952 0.028777 0.971429 0.021583 0.958730 0.021583 0.955556 0.017986 0.952381 0.021583 0.946032 0.021583
0 0.485714 0.039568 0.485714 0.053957 0.492063 0.061151 0.514286 0.061151 0.517460 0.057554 0.520635 0.057554 0.526984 0.050360 0.526984 0.046763 0.517460 0.035971 0.514286 0.035971 0.511111 0.032374 0.492063 0.032374
0 0.844444 0.035971 0.844444 0.043165 0.850794 0.050360 0.863492 0.050360 0.866667 0.053957 0.869841 0.053957 0.873016 0.050360 0.876190 0.050360 0.876190 0.046763 0.869841 0.039568 0.866667 0.039568 0.863492 0.035971 0.857143 0.035971 0.853968 0.032374 0.850794 0.032374 0.847619 0.035971
0 0.288889 0.043165 0.288889 0.046763 0.285714 0.050360 0.288889 0.053957 0.288889 0.061151 0.292063 0.064748 0.295238 0.064748 0.301587 0.071942 0.304762 0.071942 0.307937 0.075540 0.307937 0.079137 0.317460 0.079137 0.323810 0.068345 0.320635 0.064748 0.317460 0.053957 0.314286 0.053957 0.304762 0.043165
0 0.682540 0.057554 0.676190 0.064748 0.676190 0.068345 0.679365 0.071942 0.679365 0.089928 0.682540 0.093525 0.682540 0.097122 0.688889 0.104317 0.698413 0.104317 0.701587 0.100719 0.704762 0.100719 0.704762 0.097122 0.707937 0.093525 0.707937 0.082734 0.698413 0.071942 0.698413 0.068345 0.692063 0.061151
0 0.717460 0.057554 0.714286 0.061151 0.714286 0.075540 0.717460 0.075540 0.720635 0.079137 0.730159 0.079137 0.730159 0.075540 0.733333 0.071942 0.733333 0.064748 0.726984 0.057554
0 0.993651 0.068345 0.987302 0.068345 0.984127 0.071942 0.980952 0.071942 0.977778 0.075540 0.974603 0.075540 0.974603 0.079137 0.971429 0.082734 0.971429 0.086331 0.974603 0.089928 0.984127 0.089928 0.990476 0.082734 0.993651 0.082734
0 0.260317 0.075540 0.257143 0.079137 0.253968 0.079137 0.253968 0.082734 0.250794 0.086331 0.250794 0.097122 0.257143 0.104317 0.260317 0.104317 0.263492 0.107914 0.269841 0.107914 0.269841 0.082734 0.263492 0.075540
0 0.463492 0.089928 0.453968 0.100719 0.453968 0.104317 0.457143 0.107914 0.457143 0.111511 0.460317 0.115108 0.469841 0.115108 0.469841 0.111511 0.473016 0.107914 0.473016 0.097122 0.466667 0.089928
0 0.641270 0.104317 0.628571 0.104317 0.628571 0.107914 0.625397 0.111511 0.625397 0.118705 0.631746 0.125899 0.634921 0.125899 0.641270 0.118705
0 0.800000 0.107914 0.790476 0.115108 0.790476 0.133094 0.793651 0.136691 0.793651 0.140288 0.796825 0.140288 0.800000 0.143885 0.803175 0.140288 0.806349 0.140288 0.812698 0.133094 0.812698 0.115108 0.809524 0.111511 0.803175 0.111511
0 0.980952 0.107914 0.977778 0.111511 0.977778 0.118705 0.980952 0.122302 0.980952 0.125899 0.984127 0.129496 0.990476 0.129496 0.993651 0.125899 0.993651 0.115108 0.990476 0.115108 0.984127 0.107914
0 0.907937 0.111511 0.904762 0.115108 0.904762 0.122302 0.907937 0.125899 0.907937 0.129496 0.911111 0.133094 0.914286 0.133094 0.920635 0.125899 0.920635 0.118705 0.914286 0.111511
0 0.688889 0.125899 0.679365 0.125899 0.676190 0.129496 0.676190 0.136691 0.679365 0.140288 0.682540 0.140288 0.688889 0.133094
0 0.498413 0.129496 0.492063 0.136691 0.492063 0.140288 0.495238 0.143885 0.495238 0.147482 0.498413 0.151079 0.498413 0.154676 0.507937 0.161871 0.520635 0.161871 0.523810 0.158273 0.523810 0.147482 0.520635 0.143885 0.520635 0.140288 0.511111 0.133094 0.504762 0.133094 0.501587 0.129496
0 0.768254 0.136691 0.761905 0.143885 0.761905 0.147482 0.765079 0.151079 0.765079 0.154676 0.774603 0.165468 0.784127 0.165468 0.784127 0.151079 0.774603 0.140288 0.771429 0.140288
0 0.965079 0.147482 0.965079 0.151079 0.971429 0.158273 0.971429 0.169065 0.980952 0.179856 0.993651 0.179856 0.993651 0.165468 0.990476 0.161871 0.987302 0.161871 0.984127 0.158273 0.980952 0.158273 0.971429 0.147482
0 0.812698 0.158273 0.812698 0.169065 0.819048 0.176259 0.822222 0.176259 0.831746 0.183453 0.844444 0.183453 0.847619 0.179856 0.847619 0.172662 0.841270 0.165468 0.841270 0.161871 0.838095 0.158273 0.834921 0.158273 0.831746 0.154676 0.815873 0.154676
0 0.619048 0.165468 0.619048 0.176259 0.625397 0.183453 0.631746 0.183453 0.634921 0.187050 0.638095 0.183453 0.641270 0.183453 0.641270 0.172662 0.638095 0.169065 0.638095 0.165468 0.631746 0.165468 0.628571 0.161871 0.625397 0.161871 0.622222 0.165468
0 0.473016 0.183453 0.473016 0.201439 0.476190 0.205036 0.488889 0.205036 0.488889 0.187050 0.485714 0.183453
0 0.530159 0.190647 0.530159 0.194245 0.526984 0.197842 0.526984 0.201439 0.530159 0.205036 0.530159 0.208633 0.533333 0.208633 0.536508 0.212230 0.539683 0.212230 0.546032 0.205036 0.546032 0.197842 0.539683 0.190647
0 0.857143 0.197842 0.857143 0.205036 0.860317 0.208633 0.873016 0.208633 0.876190 0.212230 0.879365 0.208633 0.879365 0.201439 0.876190 0.201439 0.873016 0.197842
0 0.285714 0.215827 0.285714 0.226619 0.292063 0.233813 0.295238 0.233813 0.298413 0.237410 0.307937 0.237410 0.314286 0.230216 0.314286 0.226619 0.311111 0.223022 0.311111 0.219424 0.307937 0.215827 0.304762 0.215827 0.301587 0.212230 0.288889 0.212230
0 0.965079 0.212230 0.965079 0.230216 0.968254 0.230216 0.971429 0.233813 0.974603 0.233813 0.984127 0.223022 0.984127 0.219424 0.977778 0.212230
0 0.450794 0.215827 0.450794 0.223022 0.457143 0.230216 0.460317 0.230216 0.463492 0.233813 0.466667 0.233813 0.469841 0.230216 0.469841 0.223022 0.463492 0.215827
0 0.231746 0.223022 0.231746 0.248201 0.234921 0.248201 0.238095 0.251799 0.241270 0.248201 0.244444 0.248201 0.247619 0.244604 0.253968 0.244604 0.263492 0.237410 0.263492 0.230216 0.253968 0.219424 0.234921 0.219424
0 0.558730 0.230216 0.558730 0.237410 0.568254 0.244604 0.571429 0.244604 0.574603 0.241007 0.577778 0.241007 0.580952 0.244604 0.584127 0.241007 0.600000 0.241007 0.600000 0.237410 0.596825 0.233813 0.590476 0.233813 0.587302 0.230216 0.584127 0.230216 0.577778 0.223022 0.565079 0.223022
0 0.847619 0.233813 0.841270 0.233813 0.838095 0.230216 0.834921 0.233813 0.828571 0.233813 0.822222 0.241007 0.822222 0.251799 0.825397 0.255396 0.838095 0.255396 0.841270 0.251799 0.844444 0.251799 0.847619 0.248201
0 0.450794 0.244604 0.438095 0.244604 0.428571 0.251799 0.428571 0.255396 0.425397 0.258993 0.428571 0.262590 0.428571 0.266187 0.434921 0.273381 0.444444 0.273381 0.447619 0.269784 0.450794 0.269784 0.457143 0.262590 0.457143 0.248201 0.453968 0.248201
0 0.968254 0.244604 0.961905 0.244604 0.958730 0.248201 0.955556 0.248201 0.955556 0.251799 0.952381 0.255396 0.952381 0.258993 0.949206 0.262590 0.949206 0.269784 0.952381 0.273381 0.958730 0.273381 0.961905 0.269784 0.965079 0.269784 0.968254 0.266187 0.971429 0.266187 0.977778 0.258993 0.974603 0.255396 0.974603 0.251799
0 0.380952 0.248201 0.380952 0.258993 0.384127 0.262590 0.393651 0.262590 0.396825 0.258993 0.396825 0.248201
0 0.879365 0.255396 0.879365 0.262590 0.885714 0.269784 0.895238 0.269784 0.898413 0.266187 0.901587 0.266187 0.901587 0.262590 0.904762 0.258993 0.901587 0.255396 0.901587 0.251799 0.898413 0.248201 0.885714 0.248201
0 0.923810 0.251799 0.914286 0.262590 0.917460 0.266187 0.926984 0.266187 0.930159 0.269784 0.936508 0.262590 0.936508 0.258993 0.933333 0.255396 0.933333 0.251799
0 0.574603 0.266187 0.574603 0.273381 0.580952 0.280576 0.584127 0.280576 0.587302 0.284173 0.600000 0.284173 0.603175 0.287770 0.612698 0.284173 0.612698 0.273381 0.609524 0.269784 0.609524 0.266187 0.600000 0.258993 0.580952 0.258993
0 0.771429 0.269784 0.765079 0.262590 0.761905 0.262590 0.758730 0.258993 0.755556 0.262590 0.752381 0.262590 0.746032 0.269784 0.742857 0.269784 0.739683 0.273381 0.739683 0.280576 0.742857 0.284173 0.749206 0.284173 0.752381 0.287770 0.761905 0.287770 0.771429 0.280576
0 0.704762 0.273381 0.701587 0.269784 0.695238 0.269784 0.692063 0.273381 0.688889 0.273381 0.682540 0.280576 0.682540 0.287770 0.685714 0.291367 0.688889 0.291367 0.692063 0.287770 0.695238 0.287770 0.704762 0.276978
0 0.219048 0.291367 0.219048 0.276978 0.215873 0.276978 0.212698 0.273381 0.209524 0.273381 0.206349 0.276978 0.193651 0.276978 0.190476 0.280576 0.190476 0.284173 0.196825 0.291367 0.203175 0.291367 0.206349 0.294964 0.209524 0.294964 0.212698 0.291367
0 0.352381 0.284173 0.346032 0.284173 0.342857 0.287770 0.339683 0.287770 0.336508 0.291367 0.336508 0.294964 0.333333 0.298561 0.339683 0.305755 0.342857 0.305755 0.352381 0.294964
0 0.876190 0.287770 0.866667 0.287770 0.863492 0.284173 0.860317 0.284173 0.857143 0.287770 0.847619 0.287770 0.844444 0.291367 0.844444 0.294964 0.847619 0.298561 0.863492 0.298561 0.866667 0.294964 0.873016 0.294964 0.876190 0.291367
0 0.282540 0.298561 0.276190 0.291367 0.273016 0.291367 0.269841 0.294964 0.260317 0.298561 0.247619 0.312950 0.247619 0.320144 0.250794 0.323741 0.266667 0.323741 0.269841 0.320144 0.273016 0.320144 0.282540 0.309353
0 0.996825 0.298561 0.993651 0.294964 0.993651 0.291367 0.990476 0.294964 0.977778 0.294964 0.974603 0.298561 0.968254 0.298561 0.965079 0.302158 0.961905 0.302158 0.955556 0.309353 0.955556 0.316547 0.958730 0.320144 0.980952 0.320144 0.984127 0.316547 0.990476 0.316547 0.996825 0.305755
0 0.168254 0.298561 0.165079 0.298561 0.161905 0.294964 0.158730 0.298561 0.155556 0.298561 0.152381 0.302158 0.149206 0.302158 0.142857 0.309353 0.142857 0.312950 0.136508 0.320144 0.136508 0.323741 0.155556 0.323741 0.158730 0.320144 0.161905 0.320144 0.168254 0.309353
0 0.742857 0.316547 0.742857 0.323741 0.758730 0.341727 0.774603 0.341727 0.784127 0.334532 0.784127 0.323741 0.774603 0.316547 0.768254 0.316547 0.765079 0.312950 0.746032 0.312950
0 0.888889 0.320144 0.885714 0.320144 0.882540 0.316547 0.876190 0.316547 0.873016 0.320144 0.869841 0.320144 0.863492 0.327338 0.863492 0.334532 0.869841 0.341727 0.879365 0.341727 0.882540 0.338129 0.888889 0.338129 0.888889 0.334532 0.892063 0.330935 0.892063 0.327338 0.888889 0.323741
0 0.412698 0.338129 0.412698 0.345324 0.419048 0.352518 0.422222 0.352518 0.425397 0.356115 0.431746 0.356115 0.434921 0.359712 0.438095 0.359712 0.441270 0.356115 0.447619 0.356115 0.457143 0.348921 0.453968 0.345324 0.453968 0.338129 0.444444 0.330935 0.425397 0.330935 0.422222 0.334532 0.415873 0.334532
0 0.203175 0.338129 0.200000 0.338129 0.196825 0.334532 0.193651 0.334532 0.190476 0.338129 0.187302 0.338129 0.184127 0.341727 0.184127 0.345324 0.180952 0.348921 0.180952 0.352518 0.184127 0.356115 0.184127 0.359712 0.187302 0.363309 0.200000 0.363309 0.206349 0.356115 0.206349 0.341727
0 0.263492 0.345324 0.263492 0.348921 0.269841 0.356115 0.273016 0.356115 0.276190 0.359712 0.288889 0.359712 0.292063 0.356115 0.292063 0.348921 0.288889 0.345324 0.288889 0.341727 0.285714 0.341727 0.282540 0.338129 0.273016 0.338129 0.269841 0.341727 0.266667 0.341727
0 0.333333 0.341727 0.330159 0.345324 0.330159 0.359712 0.336508 0.366906 0.346032 0.366906 0.349206 0.370504 0.352381 0.370504 0.361905 0.359712 0.361905 0.352518 0.355556 0.341727 0.352381 0.341727 0.349206 0.338129 0.339683 0.338129 0.336508 0.341727
0 0.647619 0.348921 0.647619 0.356115 0.657143 0.366906 0.660317 0.366906 0.663492 0.363309 0.669841 0.363309 0.673016 0.359712 0.673016 0.356115 0.669841 0.352518 0.669841 0.348921 0.666667 0.345324 0.653968 0.345324 0.650794 0.348921
0 0.460317 0.352518 0.460317 0.356115 0.473016 0.370504 0.476190 0.370504 0.479365 0.374101 0.488889 0.374101 0.492063 0.377698 0.495238 0.377698 0.501587 0.370504 0.492063 0.359712 0.485714 0.359712 0.482540 0.356115 0.476190 0.356115 0.473016 0.352518
0 0.815873 0.356115 0.815873 0.359712 0.812698 0.363309 0.812698 0.366906 0.822222 0.377698 0.828571 0.377698 0.828571 0.374101 0.831746 0.370504 0.828571 0.366906 0.828571 0.359712 0.825397 0.356115
0 0.212698 0.370504 0.212698 0.374101 0.219048 0.381295 0.241270 0.381295 0.244444 0.377698 0.250794 0.377698 0.253968 0.374101 0.253968 0.366906 0.247619 0.359712 0.222222 0.359712
0 0.679365 0.370504 0.679365 0.377698 0.688889 0.388489 0.692063 0.388489 0.701587 0.395683 0.714286 0.395683 0.714286 0.388489 0.698413 0.370504 0.695238 0.370504 0.692063 0.366906 0.682540 0.366906
0 0.523810 0.377698 0.523810 0.384892 0.530159 0.392086 0.542857 0.392086 0.542857 0.381295 0.539683 0.377698 0.533333 0.377698 0.530159 0.374101 0.526984 0.374101
0 0.787302 0.377698 0.784127 0.381295 0.784127 0.384892 0.796825 0.399281 0.803175 0.399281 0.806349 0.395683 0.806349 0.388489 0.800000 0.381295 0.796825 0.381295 0.793651 0.377698
0 0.571429 0.392086 0.571429 0.399281 0.577778 0.406475 0.596825 0.406475 0.600000 0.402878 0.603175 0.402878 0.603175 0.399281 0.606349 0.395683 0.600000 0.388489 0.596825 0.388489 0.593651 0.384892 0.577778 0.384892
0 0.400000 0.395683 0.400000 0.399281 0.403175 0.402878 0.403175 0.406475 0.409524 0.413669 0.412698 0.413669 0.415873 0.417266 0.422222 0.417266 0.425397 0.413669 0.428571 0.413669 0.434921 0.406475 0.434921 0.399281 0.428571 0.392086 0.425397 0.392086 0.422222 0.388489 0.406349 0.388489
0 0.853968 0.395683 0.853968 0.402878 0.857143 0.406475 0.860317 0.406475 0.863492 0.410072 0.876190 0.410072 0.876190 0.399281 0.873016 0.399281 0.869841 0.395683
0 0.288889 0.410072 0.288889 0.424460 0.295238 0.431655 0.298413 0.428058 0.301587 0.428058 0.301587 0.413669 0.298413 0.410072
0 0.466667 0.420863 0.466667 0.428058 0.485714 0.428058 0.488889 0.424460 0.488889 0.420863 0.485714 0.417266 0.469841 0.417266
0 0.942857 0.417266 0.942857 0.424460 0.949206 0.431655 0.952381 0.431655 0.955556 0.435252 0.968254 0.435252 0.968254 0.428058 0.961905 0.420863 0.955556 0.420863 0.952381 0.417266
0 0.863492 0.428058 0.863492 0.435252 0.866667 0.438849 0.866667 0.442446 0.892063 0.467626 0.895238 0.467626 0.898413 0.471223 0.904762 0.471223 0.907937 0.467626 0.904762 0.464029 0.904762 0.460432 0.901587 0.460432 0.898413 0.456835 0.898413 0.453237 0.882540 0.435252 0.879365 0.435252 0.869841 0.428058
0 0.171429 0.438849 0.174603 0.442446 0.174603 0.446043 0.177778 0.446043 0.180952 0.449640 0.196825 0.449640 0.200000 0.453237 0.203175 0.453237 0.206349 0.449640 0.206349 0.442446 0.200000 0.442446 0.190476 0.435252 0.180952 0.435252 0.177778 0.431655
0 0.339683 0.442446 0.339683 0.456835 0.346032 0.464029 0.355556 0.464029 0.361905 0.456835 0.361905 0.449640 0.355556 0.442446 0.352381 0.442446 0.349206 0.438849 0.346032 0.438849 0.342857 0.442446
0 0.517460 0.446043 0.517460 0.453237 0.520635 0.456835 0.526984 0.456835 0.530159 0.460432 0.536508 0.460432 0.549206 0.467626 0.571429 0.467626 0.574603 0.471223 0.584127 0.471223 0.587302 0.467626 0.587302 0.460432 0.574603 0.453237 0.539683 0.453237 0.526984 0.446043
0 0.711111 0.453237 0.711111 0.460432 0.714286 0.464029 0.717460 0.464029 0.720635 0.467626 0.730159 0.467626 0.733333 0.464029 0.733333 0.460432 0.730159 0.456835 0.730159 0.453237 0.726984 0.453237 0.723810 0.449640 0.714286 0.449640
0 0.930159 0.456835 0.930159 0.467626 0.933333 0.471223 0.933333 0.474820 0.936508 0.474820 0.942857 0.482014 0.968254 0.482014 0.968254 0.478417 0.971429 0.474820 0.965079 0.464029 0.961905 0.464029 0.955556 0.456835 0.952381 0.456835 0.949206 0.453237 0.933333 0.453237
0 0.987302 0.453237 0.984127 0.456835 0.984127 0.464029 0.987302 0.467626 0.987302 0.471223 0.990476 0.471223 0.993651 0.474820 0.996825 0.471223 0.993651 0.467626 0.993651 0.456835 0.990476 0.456835
0 0.152381 0.485612 0.155556 0.496403 0.158730 0.496403 0.168254 0.503597 0.180952 0.503597 0.184127 0.500000 0.187302 0.500000 0.193651 0.489209 0.190476 0.485612 0.190476 0.482014 0.187302 0.482014 0.184127 0.478417 0.171429 0.478417 0.168254 0.482014 0.161905 0.482014 0.158730 0.485612
0 0.495238 0.485612 0.495238 0.492806 0.501587 0.500000 0.504762 0.500000 0.507937 0.503597 0.517460 0.503597 0.520635 0.507194 0.533333 0.507194 0.536508 0.503597 0.536508 0.492806 0.533333 0.489209 0.533333 0.485612 0.530159 0.485612 0.520635 0.478417 0.501587 0.478417
0 0.330159 0.485612 0.330159 0.496403 0.339683 0.496403 0.342857 0.500000 0.355556 0.500000 0.358730 0.496403 0.371429 0.496403 0.374603 0.492806 0.374603 0.489209 0.371429 0.485612 0.355556 0.485612 0.352381 0.482014 0.333333 0.482014
0 0.374603 0.482014 0.374603 0.485612 0.377778 0.489209 0.377778 0.492806 0.387302 0.492806 0.390476 0.496403 0.396825 0.496403 0.400000 0.500000 0.403175 0.496403 0.409524 0.496403 0.409524 0.492806 0.412698 0.489209 0.409524 0.485612 0.409524 0.482014
0 0.704762 0.485612 0.701587 0.485612 0.698413 0.482014 0.688889 0.492806 0.682540 0.492806 0.679365 0.496403 0.698413 0.496403 0.701587 0.492806 0.704762 0.492806
0 0.571429 0.507194 0.574603 0.517986 0.580952 0.525180 0.584127 0.525180 0.587302 0.528777 0.596825 0.528777 0.600000 0.532374 0.603175 0.528777 0.609524 0.528777 0.615873 0.521583 0.615873 0.517986 0.609524 0.510791 0.603175 0.510791 0.600000 0.507194 0.593651 0.507194 0.590476 0.503597 0.574603 0.503597
0 0.428571 0.510791 0.428571 0.517986 0.431746 0.517986 0.434921 0.521583 0.447619 0.521583 0.450794 0.525180 0.457143 0.525180 0.460317 0.521583 0.463492 0.525180 0.466667 0.521583 0.473016 0.521583 0.473016 0.510791 0.469841 0.507194 0.434921 0.507194 0.431746 0.510791
0 0.107937 0.517986 0.107937 0.521583 0.111111 0.525180 0.111111 0.532374 0.114286 0.535971 0.136508 0.535971 0.139683 0.532374 0.142857 0.532374 0.142857 0.517986 0.133333 0.510791 0.114286 0.510791
0 0.733333 0.514388 0.730159 0.510791 0.707937 0.510791 0.701587 0.517986 0.685714 0.517986 0.682540 0.521583 0.682540 0.525180 0.695238 0.525180 0.698413 0.521583 0.733333 0.521583
0 0.809524 0.514388 0.809524 0.517986 0.812698 0.521583 0.812698 0.525180 0.815873 0.525180 0.819048 0.528777 0.822222 0.528777 0.825397 0.532374 0.831746 0.532374 0.831746 0.525180 0.828571 0.521583 0.828571 0.517986 0.825397 0.514388 0.822222 0.514388 0.819048 0.510791 0.812698 0.510791
0 0.492063 0.521583 0.498413 0.528777 0.504762 0.528777 0.514286 0.535971 0.536508 0.535971 0.539683 0.532374 0.542857 0.532374 0.542857 0.528777 0.539683 0.525180 0.536508 0.525180 0.533333 0.521583 0.523810 0.521583 0.520635 0.517986 0.495238 0.517986
0 0.333333 0.525180 0.333333 0.535971 0.355556 0.535971 0.358730 0.532374 0.358730 0.525180 0.355556 0.521583 0.336508 0.521583
0 0.485714 0.553957 0.479365 0.546763 0.476190 0.546763 0.473016 0.543165 0.466667 0.543165 0.450794 0.553957 0.444444 0.553957 0.441270 0.557554 0.441270 0.564748 0.447619 0.571942 0.450794 0.571942 0.453968 0.575540 0.469841 0.575540 0.473016 0.571942 0.482540 0.568345 0.482540 0.564748 0.485714 0.561151
0 0.844444 0.543165 0.847619 0.543165 0.857143 0.553957 0.857143 0.557554 0.863492 0.557554 0.866667 0.561151 0.888889 0.561151 0.892063 0.557554 0.892063 0.546763 0.888889 0.543165
0 0.155556 0.553957 0.155556 0.568345 0.177778 0.568345 0.177778 0.550360 0.174603 0.546763 0.161905 0.546763
0 0.368254 0.553957 0.368254 0.561151 0.374603 0.568345 0.380952 0.568345 0.384127 0.564748 0.390476 0.564748 0.396825 0.557554 0.393651 0.553957 0.393651 0.550360 0.390476 0.550360 0.387302 0.546763 0.377778 0.546763 0.374603 0.550360 0.371429 0.550360
0 0.504762 0.550360 0.501587 0.553957 0.501587 0.564748 0.511111 0.575540 0.514286 0.575540 0.517460 0.579137 0.526984 0.579137 0.533333 0.571942 0.533333 0.553957 0.530159 0.550360 0.523810 0.550360 0.520635 0.546763 0.511111 0.546763 0.507937 0.550360
0 0.307937 0.561151 0.307937 0.571942 0.314286 0.579137 0.330159 0.579137 0.333333 0.575540 0.336508 0.575540 0.346032 0.568345 0.346032 0.557554 0.339683 0.550360 0.320635 0.550360 0.317460 0.553957 0.314286 0.553957
0 0.726984 0.557554 0.726984 0.564748 0.730159 0.568345 0.733333 0.568345 0.736508 0.571942 0.749206 0.571942 0.752381 0.568345 0.755556 0.568345 0.755556 0.553957 0.752381 0.550360 0.736508 0.550360 0.733333 0.553957 0.730159 0.553957
0 0.209524 0.571942 0.206349 0.568345 0.200000 0.568345 0.200000 0.571942 0.196825 0.575540 0.193651 0.575540 0.190476 0.579137 0.190476 0.582734 0.193651 0.586331 0.196825 0.586331 0.203175 0.579137 0.206349 0.579137 0.209524 0.575540
0 0.285714 0.571942 0.279365 0.579137 0.279365 0.593525 0.282540 0.597122 0.292063 0.597122 0.295238 0.593525 0.295238 0.579137 0.288889 0.571942
0 0.634921 0.575540 0.631746 0.571942 0.619048 0.571942 0.615873 0.575540 0.606349 0.575540 0.603175 0.579137 0.600000 0.579137 0.600000 0.586331 0.603175 0.589928 0.619048 0.589928 0.622222 0.586331 0.628571 0.586331 0.631746 0.582734 0.634921 0.582734
0 0.358730 0.586331 0.358730 0.589928 0.365079 0.597122 0.371429 0.597122 0.374603 0.593525 0.377778 0.593525 0.380952 0.589928 0.380952 0.582734 0.377778 0.579137 0.365079 0.579137
0 0.317460 0.582734 0.317460 0.600719 0.320635 0.600719 0.323810 0.604317 0.326984 0.604317 0.330159 0.600719 0.333333 0.600719 0.336508 0.597122 0.336508 0.589928 0.330159 0.582734
0 0.460317 0.600719 0.453968 0.607914 0.453968 0.622302 0.457143 0.625899 0.473016 0.625899 0.476190 0.622302 0.476190 0.618705 0.479365 0.615108 0.479365 0.611511 0.476190 0.607914 0.476190 0.604317 0.473016 0.600719
0 0.644444 0.600719 0.638095 0.607914 0.641270 0.636691 0.644444 0.640288 0.644444 0.654676 0.657143 0.672662 0.669841 0.676259 0.676190 0.669065 0.676190 0.654676 0.669841 0.643885 0.666667 0.625899 0.653968 0.600719
0 0.673016 0.600719 0.666667 0.611511 0.666667 0.622302 0.669841 0.625899 0.673016 0.643885 0.685714 0.658273 0.688889 0.658273 0.692063 0.654676 0.692063 0.615108 0.688889 0.615108 0.682540 0.604317
0 0.615873 0.604317 0.603175 0.615108 0.603175 0.622302 0.612698 0.640288 0.612698 0.651079 0.619048 0.654676 0.628571 0.669065 0.631746 0.669065 0.641270 0.661871 0.641270 0.640288 0.638095 0.636691 0.638095 0.622302 0.631746 0.611511
0 0.812698 0.607914 0.812698 0.615108 0.822222 0.625899 0.825397 0.625899 0.828571 0.629496 0.838095 0.629496 0.841270 0.625899 0.841270 0.622302 0.831746 0.611511 0.828571 0.611511 0.825397 0.607914 0.822222 0.607914 0.819048 0.604317 0.815873 0.604317
0 0.200000 0.607914 0.187302 0.607914 0.184127 0.611511 0.177778 0.611511 0.174603 0.615108 0.174603 0.625899 0.180952 0.633094 0.190476 0.633094 0.200000 0.622302
0 0.501587 0.607914 0.495238 0.607914 0.492063 0.611511 0.488889 0.611511 0.488889 0.618705 0.485714 0.622302 0.485714 0.625899 0.488889 0.629496 0.488889 0.636691 0.492063 0.636691 0.495238 0.640288 0.501587 0.633094 0.501587 0.629496 0.504762 0.625899 0.504762 0.611511
0 0.387302 0.618705 0.384127 0.615108 0.377778 0.615108 0.374603 0.611511 0.371429 0.611511 0.368254 0.615108 0.361905 0.615108 0.358730 0.618705 0.355556 0.618705 0.352381 0.629496 0.358730 0.636691 0.361905 0.636691 0.365079 0.640288 0.377778 0.640288 0.380952 0.636691 0.384127 0.636691 0.384127 0.633094 0.387302 0.629496
0 0.695238 0.615108 0.695238 0.658273 0.704762 0.669065 0.707937 0.669065 0.714286 0.661871 0.714286 0.625899 0.707937 0.615108
0 0.231746 0.625899 0.231746 0.629496 0.228571 0.633094 0.231746 0.636691 0.231746 0.643885 0.238095 0.651079 0.244444 0.651079 0.247619 0.654676 0.253968 0.654676 0.257143 0.651079 0.260317 0.651079 0.266667 0.643885 0.266667 0.640288 0.257143 0.629496 0.253968 0.629496 0.244444 0.622302 0.241270 0.622302 0.238095 0.625899
0 0.114286 0.629496 0.107937 0.636691 0.107937 0.640288 0.117460 0.651079 0.126984 0.651079 0.130159 0.647482 0.130159 0.643885 0.133333 0.640288 0.130159 0.636691 0.130159 0.633094 0.126984 0.629496
0 0.415873 0.633094 0.406349 0.633094 0.400000 0.640288 0.400000 0.643885 0.406349 0.651079 0.409524 0.647482 0.412698 0.647482 0.415873 0.643885 0.415873 0.640288 0.419048 0.636691
0 0.571429 0.640288 0.571429 0.654676 0.584127 0.661871 0.600000 0.679856 0.612698 0.683453 0.622222 0.694245 0.631746 0.694245 0.631746 0.676259 0.622222 0.669065 0.600000 0.640288 0.593651 0.636691 0.574603 0.636691
0 0.803175 0.643885 0.800000 0.640288 0.784127 0.640288 0.777778 0.643885 0.755556 0.672662 0.752381 0.679856 0.752381 0.690647 0.768254 0.690647 0.768254 0.687050 0.780952 0.672662 0.780952 0.669065 0.796825 0.651079 0.800000 0.651079
0 0.812698 0.651079 0.806349 0.647482 0.800000 0.654676 0.796825 0.654676 0.771429 0.687050 0.771429 0.694245 0.777778 0.701439 0.790476 0.701439 0.803175 0.694245 0.809524 0.679856 0.819048 0.669065 0.819048 0.658273
0 0.965079 0.658273 0.965079 0.665468 0.971429 0.672662 0.977778 0.672662 0.980952 0.669065 0.990476 0.669065 0.993651 0.665468 0.993651 0.654676 0.990476 0.654676 0.987302 0.651079 0.971429 0.651079
0 0.555556 0.661871 0.555556 0.669065 0.571429 0.683453 0.574603 0.683453 0.584127 0.690647 0.593651 0.690647 0.596825 0.687050 0.596825 0.679856 0.584127 0.665468 0.580952 0.665468 0.574603 0.658273 0.571429 0.658273 0.568254 0.654676 0.565079 0.658273 0.558730 0.658273
0 0.152381 0.669065 0.152381 0.672662 0.155556 0.676259 0.158730 0.676259 0.161905 0.679856 0.171429 0.679856 0.174603 0.676259 0.177778 0.676259 0.177778 0.665468 0.171429 0.658273 0.161905 0.658273 0.158730 0.661871 0.155556 0.661871 0.155556 0.665468
0 0.196825 0.665468 0.200000 0.669065 0.200000 0.672662 0.203175 0.672662 0.206349 0.669065 0.209524 0.672662 0.219048 0.672662 0.219048 0.669065 0.215873 0.665468 0.209524 0.665468 0.206349 0.661871 0.200000 0.661871
0 0.466667 0.661871 0.460317 0.661871 0.457143 0.665468 0.453968 0.665468 0.450794 0.669065 0.450794 0.687050 0.457143 0.694245 0.466667 0.683453 0.466667 0.676259 0.469841 0.672662 0.469841 0.665468
0 0.536508 0.672662 0.533333 0.672662 0.530159 0.669065 0.526984 0.672662 0.523810 0.672662 0.520635 0.676259 0.520635 0.687050 0.530159 0.687050 0.533333 0.683453 0.536508 0.683453
0 0.330159 0.672662 0.323810 0.679856 0.323810 0.694245 0.326984 0.697842 0.330159 0.697842 0.333333 0.701439 0.336508 0.701439 0.339683 0.697842 0.339683 0.672662
0 0.819048 0.672662 0.806349 0.690647 0.806349 0.715827 0.815873 0.726619 0.838095 0.733813 0.841270 0.737410 0.838095 0.730216 0.847619 0.712230 0.857143 0.705036 0.857143 0.694245 0.850794 0.683453 0.844444 0.683453 0.834921 0.672662
0 0.876190 0.672662 0.873016 0.676259 0.873016 0.683453 0.876190 0.687050 0.876190 0.694245 0.882540 0.701439 0.895238 0.701439 0.895238 0.690647 0.892063 0.687050 0.892063 0.683453 0.882540 0.672662
0 0.387302 0.676259 0.387302 0.679856 0.384127 0.683453 0.380952 0.679856 0.377778 0.683453 0.377778 0.687050 0.374603 0.690647 0.374603 0.694245 0.377778 0.697842 0.384127 0.697842 0.387302 0.701439 0.393651 0.694245 0.393651 0.690647 0.390476 0.687050 0.390476 0.679856
0 0.412698 0.676259 0.409524 0.679856 0.409524 0.694245 0.412698 0.697842 0.415873 0.708633 0.419048 0.712230 0.428571 0.715827 0.434921 0.708633 0.434921 0.687050 0.425397 0.676259
0 0.244444 0.679856 0.241270 0.679856 0.241270 0.683453 0.238095 0.687050 0.238095 0.694245 0.234921 0.697842 0.234921 0.701439 0.238095 0.705036 0.238095 0.708633 0.244444 0.708633 0.247619 0.705036 0.247619 0.683453
0 0.552381 0.687050 0.549206 0.690647 0.549206 0.694245 0.542857 0.705036 0.542857 0.719424 0.546032 0.719424 0.549206 0.723022 0.565079 0.723022 0.574603 0.712230 0.574603 0.701439 0.568254 0.690647 0.565079 0.690647 0.561905 0.687050
0 0.520635 0.730216 0.511111 0.715827 0.495238 0.705036 0.488889 0.705036 0.485714 0.708633 0.479365 0.708633 0.469841 0.719424 0.466667 0.719424 0.460317 0.726619 0.460317 0.737410 0.457143 0.741007 0.504762 0.748201 0.511111 0.741007 0.514286 0.741007 0.520635 0.733813
0 0.120635 0.715827 0.117460 0.712230 0.114286 0.712230 0.111111 0.715827 0.104762 0.715827 0.098413 0.723022 0.095238 0.723022 0.088889 0.730216 0.088889 0.741007 0.092063 0.744604 0.104762 0.744604 0.107937 0.741007 0.111111 0.741007 0.111111 0.737410 0.120635 0.726619
0 0.317460 0.715827 0.304762 0.715827 0.301587 0.719424 0.298413 0.719424 0.288889 0.730216 0.288889 0.737410 0.295238 0.748201 0.307937 0.748201 0.311111 0.744604 0.320635 0.741007 0.320635 0.737410 0.323810 0.733813 0.323810 0.726619
0 0.377778 0.744604 0.377778 0.758993 0.380952 0.762590 0.384127 0.762590 0.387302 0.766187 0.390476 0.766187 0.393651 0.762590 0.393651 0.755396 0.384127 0.744604
0 0.444444 0.776978 0.447619 0.780576 0.495238 0.776978 0.507937 0.769784 0.511111 0.755396 0.507937 0.751799 0.492063 0.751799 0.488889 0.748201 0.457143 0.744604 0.447619 0.758993 0.447619 0.769784
0 0.987302 0.755396 0.984127 0.758993 0.984127 0.766187 0.987302 0.769784 0.984127 0.773381 0.993651 0.773381 0.993651 0.755396
0 0.841270 0.769784 0.844444 0.773381 0.847619 0.784173 0.853968 0.784173 0.857143 0.787770 0.882540 0.787770 0.892063 0.780576 0.892063 0.769784 0.879365 0.758993 0.860317 0.758993 0.857143 0.762590
0 0.355556 0.766187 0.352381 0.769784 0.352381 0.787770 0.358730 0.794964 0.368254 0.794964 0.374603 0.787770 0.374603 0.784173 0.371429 0.780576 0.371429 0.773381 0.368254 0.769784 0.365079 0.769784 0.361905 0.766187
0 0.415873 0.769784 0.412698 0.773381 0.409524 0.773381 0.400000 0.784173 0.400000 0.791367 0.396825 0.794964 0.396825 0.798561 0.403175 0.809353 0.406349 0.809353 0.415873 0.798561 0.415873 0.794964 0.419048 0.791367 0.419048 0.784173 0.422222 0.780576 0.422222 0.773381 0.419048 0.773381
0 0.838095 0.794964 0.841270 0.812950 0.853968 0.830935 0.860317 0.830935 0.863492 0.834532 0.879365 0.834532 0.885714 0.827338 0.892063 0.827338 0.904762 0.816547 0.904762 0.802158 0.888889 0.798561 0.882540 0.791367 0.857143 0.791367 0.853968 0.787770 0.844444 0.787770
0 0.952381 0.787770 0.949206 0.787770 0.946032 0.791367 0.939683 0.791367 0.936508 0.794964 0.933333 0.794964 0.930159 0.798561 0.930159 0.809353 0.933333 0.812950 0.936508 0.812950 0.939683 0.809353 0.942857 0.809353 0.942857 0.805755 0.946032 0.802158 0.946032 0.794964
0 0.149206 0.794964 0.149206 0.802158 0.165079 0.820144 0.184127 0.834532 0.190476 0.834532 0.200000 0.841727 0.212698 0.841727 0.215873 0.845324 0.225397 0.845324 0.228571 0.841727 0.228571 0.830935 0.203175 0.805755 0.171429 0.791367 0.152381 0.791367
0 0.441270 0.809353 0.450794 0.820144 0.457143 0.820144 0.460317 0.823741 0.463492 0.823741 0.469841 0.816547 0.473016 0.816547 0.479365 0.809353 0.482540 0.809353 0.492063 0.798561 0.482540 0.791367 0.457143 0.791367 0.453968 0.794964 0.444444 0.794964 0.441270 0.798561
0 0.307937 0.805755 0.304762 0.805755 0.301587 0.802158 0.298413 0.802158 0.295238 0.805755 0.292063 0.805755 0.282540 0.816547 0.282540 0.820144 0.279365 0.823741 0.279365 0.830935 0.282540 0.834532 0.292063 0.834532 0.298413 0.827338 0.301587 0.827338 0.307937 0.820144
0 0.511111 0.820144 0.498413 0.805755 0.495238 0.805755 0.492063 0.802158 0.482540 0.812950 0.479365 0.812950 0.473016 0.820144 0.469841 0.820144 0.466667 0.823741 0.466667 0.827338 0.476190 0.838129 0.476190 0.841727 0.485714 0.841727 0.495238 0.834532 0.501587 0.834532 0.504762 0.830935 0.507937 0.830935 0.511111 0.827338
0 0.444444 0.830935 0.438095 0.838129 0.438095 0.848921 0.444444 0.859712 0.447619 0.859712 0.450794 0.863309 0.453968 0.863309 0.457143 0.859712 0.460317 0.859712 0.460317 0.856115 0.463492 0.852518 0.463492 0.845324 0.460317 0.841727 0.460317 0.838129 0.457143 0.834532 0.457143 0.830935
0 0.930159 0.834532 0.930159 0.845324 0.936508 0.845324 0.939683 0.841727 0.942857 0.841727 0.942857 0.830935 0.933333 0.830935
0 0.365079 0.838129 0.355556 0.848921 0.355556 0.852518 0.352381 0.856115 0.352381 0.863309 0.358730 0.870504 0.371429 0.870504 0.371429 0.866906 0.374603 0.863309 0.374603 0.845324 0.371429 0.841727 0.368254 0.841727
0 0.841270 0.848921 0.838095 0.856115 0.838095 0.866906 0.841270 0.870504 0.841270 0.877698 0.844444 0.884892 0.853968 0.895683 0.873016 0.895683 0.879365 0.892086 0.882540 0.884892 0.882540 0.874101 0.879365 0.866906 0.866667 0.852518 0.860317 0.848921
0 0.549206 0.866906 0.539683 0.859712 0.533333 0.863309 0.523810 0.863309 0.517460 0.859712 0.501587 0.877698 0.498413 0.877698 0.501587 0.884892 0.498413 0.888489 0.498413 0.895683 0.514286 0.899281 0.526984 0.892086 0.536508 0.892086 0.549206 0.874101
0 0.250794 0.863309 0.238095 0.863309 0.234921 0.866906 0.225397 0.870504 0.219048 0.877698 0.228571 0.888489 0.228571 0.892086 0.234921 0.899281 0.244444 0.895683 0.253968 0.884892 0.253968 0.877698 0.257143 0.874101 0.257143 0.870504
