0 0.582803 0.025180 0.582803 0.007194 0.566879 0.000000 0.547771 0.000000 0.544586 0.003597 0.506369 0.003597 0.503185 0.007194 0.512739 0.021583 0.528662 0.021583 0.554140 0.032374 0.566879 0.032374
0 0.796178 0.021583 0.799363 0.021583 0.805732 0.028777 0.812102 0.028777 0.815287 0.025180 0.824841 0.021583 0.824841 0.017986 0.828025 0.014388 0.831210 0.014388 0.837580 0.007194 0.834395 0.007194 0.831210 0.003597 0.802548 0.003597 0.799363 0.007194 0.796178 0.007194
0 0.840764 0.003597 0.840764 0.007194 0.837580 0.010791 0.837580 0.014388 0.840764 0.017986 0.840764 0.028777 0.847134 0.035971 0.859873 0.035971 0.869427 0.025180 0.869427 0.007194 0.866242 0.003597
0 0.691083 0.025180 0.694268 0.028777 0.694268 0.032374 0.697452 0.032374 0.700637 0.035971 0.707006 0.035971 0.710191 0.039568 0.722930 0.039568 0.726115 0.035971 0.735669 0.035971 0.738854 0.032374 0.742038 0.032374 0.742038 0.028777 0.735669 0.021583 0.694268 0.021583
0 0.888535 0.043165 0.882166 0.043165 0.878981 0.046763 0.872611 0.046763 0.869427 0.050360 0.869427 0.053957 0.882166 0.053957 0.888535 0.046763
0 0.519108 0.086331 0.535032 0.107914 0.544586 0.107914 0.557325 0.115108 0.598726 0.118705 0.605096 0.111511 0.601911 0.093525 0.547771 0.071942 0.528662 0.075540 0.522293 0.079137
0 0.522293 0.115108 0.522293 0.122302 0.531847 0.136691 0.547771 0.140288 0.566879 0.151079 0.608280 0.154676 0.621019 0.143885 0.617834 0.133094 0.598726 0.122302 0.573248 0.122302 0.531847 0.107914
0 0.767516 0.140288 0.764331 0.140288 0.761146 0.136691 0.754777 0.136691 0.751592 0.140288 0.748408 0.140288 0.738854 0.151079 0.738854 0.161871 0.735669 0.165468 0.735669 0.172662 0.738854 0.176259 0.738854 0.179856 0.751592 0.179856 0.767516 0.161871 0.767516 0.158273 0.770701 0.154676 0.770701 0.143885
0 0.675159 0.143885 0.675159 0.147482 0.671975 0.151079 0.671975 0.154676 0.681529 0.165468 0.691083 0.165468 0.694268 0.161871 0.694268 0.151079 0.687898 0.143885 0.684713 0.143885 0.681529 0.140288 0.678344 0.143885
0 0.544586 0.169065 0.544586 0.176259 0.566879 0.201439 0.579618 0.208633 0.608280 0.212230 0.611465 0.205036 0.611465 0.194245 0.608280 0.187050 0.592357 0.172662 0.570064 0.165468 0.566879 0.161871 0.557325 0.161871
0 0.531847 0.258993 0.531847 0.266187 0.541401 0.276978 0.544586 0.276978 0.554140 0.287770 0.566879 0.291367 0.576433 0.298561 0.579618 0.298561 0.598726 0.273381 0.598726 0.269784 0.579618 0.251799 0.541401 0.251799
0 0.691083 0.269784 0.684713 0.280576 0.684713 0.287770 0.687898 0.291367 0.687898 0.302158 0.694268 0.309353 0.700637 0.309353 0.707006 0.302158 0.707006 0.284173 0.700637 0.273381 0.697452 0.273381 0.694268 0.269784
0 0.582803 0.298561 0.582803 0.302158 0.589172 0.305755 0.595541 0.305755 0.605096 0.312950 0.627389 0.312950 0.630573 0.309353 0.633758 0.291367 0.627389 0.280576 0.621019 0.280576 0.617834 0.276978 0.608280 0.276978 0.601911 0.273381
0 0.554140 0.320144 0.554140 0.323741 0.563694 0.330935 0.570064 0.330935 0.573248 0.334532 0.579618 0.334532 0.582803 0.338129 0.589172 0.338129 0.592357 0.341727 0.598726 0.341727 0.611465 0.348921 0.617834 0.345324 0.614650 0.345324 0.611465 0.338129 0.608280 0.338129 0.601911 0.330935 0.601911 0.327338 0.585987 0.312950 0.570064 0.312950 0.566879 0.316547 0.557325 0.316547
0 0.547771 0.352518 0.547771 0.363309 0.550955 0.370504 0.560510 0.374101 0.566879 0.381295 0.579618 0.381295 0.582803 0.384892 0.589172 0.384892 0.598726 0.377698 0.598726 0.366906 0.589172 0.356115 0.570064 0.345324 0.557325 0.345324
0 0.691083 0.359712 0.684713 0.359712 0.681529 0.363309 0.684713 0.366906 0.684713 0.370504 0.681529 0.374101 0.681529 0.384892 0.684713 0.388489 0.687898 0.384892 0.691083 0.384892 0.691083 0.377698 0.694268 0.374101 0.694268 0.366906 0.691083 0.363309
0 0.547771 0.388489 0.547771 0.392086 0.550955 0.395683 0.557325 0.395683 0.563694 0.402878 0.585987 0.402878 0.589172 0.399281 0.592357 0.399281 0.592357 0.392086 0.589172 0.388489 0.582803 0.388489 0.579618 0.384892 0.566879 0.384892 0.563694 0.381295 0.560510 0.384892 0.550955 0.384892
0 0.624204 0.381295 0.614650 0.381295 0.611465 0.384892 0.611465 0.392086 0.608280 0.395683 0.608280 0.402878 0.605096 0.406475 0.605096 0.413669 0.608280 0.417266 0.614650 0.417266 0.621019 0.410072 0.621019 0.406475 0.627389 0.395683 0.627389 0.384892
0 0.840764 0.406475 0.840764 0.431655 0.850318 0.446043 0.866242 0.449640 0.875796 0.442446 0.882166 0.442446 0.888535 0.435252 0.888535 0.428058 0.882166 0.420863 0.869427 0.413669 0.856688 0.399281 0.847134 0.399281
0 0.557325 0.442446 0.563694 0.449640 0.566879 0.449640 0.570064 0.453237 0.582803 0.453237 0.585987 0.456835 0.608280 0.456835 0.611465 0.453237 0.611465 0.449640 0.601911 0.438849 0.595541 0.438849 0.592357 0.435252 0.563694 0.435252
0 0.815287 0.446043 0.796178 0.446043 0.792994 0.449640 0.789809 0.449640 0.783439 0.456835 0.783439 0.474820 0.789809 0.482014 0.792994 0.482014 0.796178 0.485612 0.802548 0.485612 0.805732 0.482014 0.812102 0.482014 0.821656 0.471223 0.821656 0.453237
0 0.538217 0.471223 0.538217 0.485612 0.554140 0.503597 0.560510 0.507194 0.582803 0.507194 0.592357 0.496403 0.592357 0.485612 0.589172 0.478417 0.566879 0.460432 0.547771 0.460432
0 0.722930 0.471223 0.713376 0.492806 0.713376 0.521583 0.716561 0.525180 0.716561 0.532374 0.722930 0.543165 0.729299 0.543165 0.732484 0.535971 0.732484 0.528777 0.735669 0.525180 0.735669 0.489209 0.729299 0.474820
0 0.675159 0.510791 0.671975 0.510791 0.668790 0.507194 0.662420 0.507194 0.659236 0.510791 0.656051 0.510791 0.656051 0.514388 0.649682 0.521583 0.649682 0.543165 0.652866 0.546763 0.659236 0.546763 0.662420 0.543165 0.665605 0.543165 0.675159 0.535971 0.675159 0.532374 0.678344 0.528777 0.678344 0.517986 0.675159 0.514388
0 0.519108 0.517986 0.519108 0.528777 0.544586 0.561151 0.573248 0.575540 0.585987 0.568345 0.589172 0.550360 0.579618 0.525180 0.557325 0.514388 0.538217 0.514388 0.535032 0.510791 0.528662 0.510791
0 0.621019 0.517986 0.611465 0.517986 0.605096 0.525180 0.605096 0.532374 0.601911 0.535971 0.601911 0.557554 0.605096 0.561151 0.608280 0.561151 0.614650 0.553957 0.614650 0.550360 0.617834 0.546763 0.617834 0.539568 0.624204 0.528777 0.624204 0.521583
0 0.869427 0.557554 0.859873 0.557554 0.856688 0.561151 0.853503 0.561151 0.847134 0.571942 0.847134 0.589928 0.853503 0.597122 0.863057 0.597122 0.872611 0.586331 0.872611 0.575540 0.875796 0.571942 0.875796 0.568345
0 0.777070 0.564748 0.777070 0.568345 0.773885 0.571942 0.777070 0.575540 0.777070 0.579137 0.783439 0.586331 0.786624 0.586331 0.792994 0.593525 0.799363 0.593525 0.802548 0.589928 0.805732 0.589928 0.805732 0.571942 0.802548 0.568345 0.802548 0.564748 0.799363 0.564748 0.796178 0.561151 0.783439 0.561151 0.780255 0.564748
0 0.500000 0.568345 0.493631 0.575540 0.496815 0.611511 0.515924 0.629496 0.522293 0.629496 0.525478 0.633094 0.538217 0.633094 0.544586 0.615108 0.538217 0.607914 0.531847 0.586331 0.519108 0.571942 0.512739 0.568345
0 0.738854 0.575540 0.732484 0.582734 0.732484 0.593525 0.735669 0.597122 0.735669 0.600719 0.738854 0.604317 0.748408 0.604317 0.751592 0.607914 0.754777 0.604317 0.754777 0.589928 0.751592 0.586331 0.751592 0.582734 0.745223 0.575540
0 0.535032 0.586331 0.535032 0.589928 0.538217 0.593525 0.538217 0.600719 0.544586 0.611511 0.550955 0.611511 0.554140 0.615108 0.570064 0.615108 0.570064 0.611511 0.573248 0.607914 0.573248 0.600719 0.563694 0.589928 0.560510 0.589928 0.557325 0.586331 0.550955 0.586331 0.547771 0.582734 0.538217 0.582734
0 0.601911 0.586331 0.595541 0.586331 0.592357 0.589928 0.589172 0.589928 0.582803 0.597122 0.582803 0.604317 0.589172 0.611511 0.598726 0.611511 0.608280 0.600719 0.608280 0.593525
0 0.828025 0.593525 0.828025 0.597122 0.821656 0.607914 0.821656 0.615108 0.824841 0.618705 0.824841 0.625899 0.834395 0.636691 0.850318 0.636691 0.850318 0.633094 0.853503 0.629496 0.853503 0.611511 0.850318 0.607914 0.850318 0.600719 0.843949 0.593525
0 0.757962 0.604317 0.751592 0.611511 0.751592 0.622302 0.745223 0.636691 0.745223 0.658273 0.748408 0.665468 0.754777 0.669065 0.767516 0.661871 0.770701 0.654676 0.770701 0.647482 0.773885 0.643885 0.773885 0.622302 0.770701 0.615108
0 0.547771 0.615108 0.544586 0.618705 0.544586 0.625899 0.541401 0.629496 0.541401 0.636691 0.544586 0.640288 0.544586 0.643885 0.550955 0.651079 0.554140 0.651079 0.557325 0.654676 0.566879 0.654676 0.573248 0.647482 0.573248 0.625899 0.570064 0.622302 0.570064 0.618705 0.554140 0.618705 0.550955 0.615108
0 0.627389 0.618705 0.624204 0.618705 0.624204 0.622302 0.614650 0.633094 0.614650 0.636691 0.608280 0.647482 0.608280 0.654676 0.611465 0.658273 0.611465 0.661871 0.617834 0.654676 0.617834 0.651079 0.621019 0.647482 0.621019 0.643885 0.627389 0.633094
0 0.506369 0.640288 0.506369 0.651079 0.509554 0.654676 0.512739 0.665468 0.519108 0.672662 0.519108 0.676259 0.522293 0.672662 0.528662 0.672662 0.531847 0.669065 0.547771 0.669065 0.550955 0.665468 0.550955 0.654676 0.535032 0.636691 0.512739 0.633094
0 0.815287 0.665468 0.808917 0.665468 0.799363 0.676259 0.799363 0.679856 0.796178 0.683453 0.796178 0.715827 0.799363 0.719424 0.799363 0.723022 0.802548 0.723022 0.805732 0.726619 0.815287 0.723022 0.818471 0.719424 0.818471 0.712230 0.821656 0.708633 0.821656 0.679856 0.818471 0.676259 0.818471 0.669065
0 0.554140 0.669065 0.547771 0.672662 0.531847 0.672662 0.519108 0.679856 0.531847 0.708633 0.535032 0.708633 0.541401 0.715827 0.544586 0.712230 0.547771 0.715827 0.557325 0.715827 0.566879 0.701439
0 0.474522 0.687050 0.474522 0.697842 0.477707 0.705036 0.487261 0.715827 0.493631 0.715827 0.500000 0.719424 0.509554 0.708633 0.515924 0.705036 0.522293 0.705036 0.519108 0.701439 0.515924 0.683453 0.503185 0.676259 0.484076 0.676259 0.477707 0.679856
0 0.904459 0.694245 0.882166 0.719424 0.882166 0.723022 0.875796 0.730216 0.869427 0.744604 0.869427 0.755396 0.872611 0.758993 0.882166 0.755396 0.894904 0.737410 0.898089 0.730216 0.898089 0.723022 0.907643 0.705036 0.907643 0.697842
0 0.738854 0.712230 0.732484 0.719424 0.732484 0.741007 0.735669 0.744604 0.735669 0.748201 0.738854 0.748201 0.742038 0.751799 0.748408 0.751799 0.754777 0.744604 0.754777 0.726619 0.751592 0.723022 0.751592 0.715827 0.748408 0.712230
0 0.500000 0.737410 0.496815 0.741007 0.496815 0.751799 0.509554 0.769784 0.512739 0.780576 0.515924 0.780576 0.531847 0.798561 0.547771 0.802158 0.557325 0.791367 0.557325 0.773381 0.554140 0.766187 0.538217 0.748201 0.528662 0.744604 0.525478 0.737410 0.512739 0.737410 0.509554 0.733813
0 0.656051 0.762590 0.649682 0.769784 0.649682 0.784173 0.652866 0.784173 0.656051 0.787770 0.668790 0.787770 0.675159 0.780576 0.675159 0.776978 0.671975 0.773381 0.671975 0.769784 0.665605 0.762590
0 0.617834 0.766187 0.611465 0.766187 0.611465 0.769784 0.608280 0.773381 0.608280 0.784173 0.605096 0.787770 0.605096 0.798561 0.608280 0.802158 0.608280 0.805755 0.614650 0.805755 0.617834 0.802158 0.617834 0.798561 0.624204 0.787770 0.624204 0.773381
0 0.474522 0.773381 0.471338 0.791367 0.480892 0.816547 0.506369 0.845324 0.528662 0.848921 0.538217 0.834532 0.535032 0.802158 0.515924 0.784173 0.509554 0.784173 0.496815 0.773381 0.487261 0.769784
0 0.729299 0.798561 0.726115 0.802158 0.726115 0.816547 0.729299 0.820144 0.729299 0.823741 0.738854 0.830935 0.742038 0.830935 0.745223 0.827338 0.751592 0.827338 0.751592 0.823741 0.754777 0.820144 0.754777 0.802158 0.748408 0.794964 0.735669 0.794964 0.732484 0.798561
0 0.716561 0.845324 0.716561 0.852518 0.722930 0.859712 0.726115 0.859712 0.729299 0.863309 0.735669 0.863309 0.738854 0.859712 0.742038 0.859712 0.745223 0.856115 0.745223 0.845324 0.738854 0.838129 0.722930 0.838129
0 0.484076 0.848921 0.480892 0.852518 0.474522 0.852518 0.468153 0.859712 0.468153 0.881295 0.474522 0.892086 0.474522 0.899281 0.480892 0.913669 0.490446 0.920863 0.496815 0.920863 0.509554 0.910072 0.519108 0.888489 0.519108 0.877698 0.509554 0.859712 0.500000 0.852518
0 0.598726 0.848921 0.592357 0.856115 0.592357 0.881295 0.595541 0.884892 0.595541 0.892086 0.598726 0.895683 0.611465 0.895683 0.617834 0.884892 0.617834 0.866906 0.614650 0.863309 0.614650 0.859712 0.605096 0.848921
0 0.649682 0.852518 0.643312 0.859712 0.643312 0.881295 0.646497 0.884892 0.659236 0.884892 0.662420 0.881295 0.665605 0.881295 0.675159 0.870504 0.675159 0.859712 0.671975 0.856115 0.665605 0.856115 0.662420 0.852518
