0 0.433121 0.150538 0.433121 0.154122 0.449045 0.168459 0.452229 0.182796 0.464968 0.197133 0.477707 0.200717 0.480892 0.197133 0.487261 0.197133 0.496815 0.182796 0.496815 0.172043 0.487261 0.157706 0.461783 0.143369 0.439490 0.143369
0 0.812102 0.143369 0.808917 0.143369 0.805732 0.146953 0.805732 0.150538 0.802548 0.154122 0.802548 0.157706 0.805732 0.161290 0.808917 0.161290 0.815287 0.154122 0.815287 0.146953
0 0.722930 0.168459 0.722930 0.172043 0.719745 0.175627 0.719745 0.189964 0.722930 0.193548 0.722930 0.200717 0.726115 0.204301 0.726115 0.211470 0.729299 0.215054 0.732484 0.225806 0.735669 0.229391 0.738854 0.229391 0.745223 0.222222 0.745223 0.189964 0.742038 0.186380 0.738854 0.175627 0.732484 0.168459
0 0.391720 0.189964 0.391720 0.204301 0.394904 0.204301 0.410828 0.215054 0.417197 0.215054 0.420382 0.218638 0.426752 0.218638 0.423567 0.215054 0.423567 0.207885 0.420382 0.204301 0.420382 0.197133 0.417197 0.193548 0.417197 0.189964 0.410828 0.182796 0.398089 0.182796
0 0.436306 0.186380 0.433121 0.189964 0.433121 0.204301 0.436306 0.207885 0.439490 0.232975 0.442675 0.236559 0.442675 0.240143 0.452229 0.240143 0.461783 0.229391 0.461783 0.222222 0.464968 0.218638 0.464968 0.200717 0.452229 0.186380
0 0.391720 0.207885 0.388535 0.215054 0.391720 0.250896 0.404459 0.279570 0.410828 0.286738 0.417197 0.286738 0.420382 0.297491 0.426752 0.297491 0.426752 0.286738 0.429936 0.283154 0.429936 0.250896 0.423567 0.236559 0.423567 0.225806 0.426752 0.222222 0.410828 0.218638
0 0.528662 0.211470 0.525478 0.215054 0.522293 0.215054 0.500000 0.243728 0.500000 0.247312 0.496815 0.250896 0.496815 0.261649 0.503185 0.261649 0.506369 0.258065 0.506369 0.254480 0.519108 0.240143 0.519108 0.236559 0.525478 0.229391 0.525478 0.225806 0.528662 0.222222
0 0.710191 0.236559 0.707006 0.240143 0.707006 0.258065 0.710191 0.261649 0.710191 0.275986 0.713376 0.279570 0.713376 0.290323 0.719745 0.301075 0.726115 0.301075 0.732484 0.286738 0.732484 0.272401 0.729299 0.268817 0.729299 0.261649 0.719745 0.240143 0.716561 0.236559
0 0.366242 0.250896 0.356688 0.265233 0.356688 0.279570 0.369427 0.290323 0.372611 0.290323 0.378981 0.297491 0.398089 0.297491 0.404459 0.286738 0.401274 0.283154 0.401274 0.275986 0.398089 0.268817 0.391720 0.265233 0.378981 0.250896
0 0.831210 0.258065 0.824841 0.265233 0.824841 0.272401 0.821656 0.275986 0.824841 0.279570 0.824841 0.286738 0.828025 0.286738 0.831210 0.290323 0.840764 0.290323 0.843949 0.286738 0.847134 0.286738 0.847134 0.265233 0.840764 0.258065
0 0.350318 0.283154 0.340764 0.297491 0.347134 0.326165 0.356688 0.347670 0.369427 0.362007 0.385350 0.362007 0.391720 0.351254 0.391720 0.329749 0.388535 0.326165 0.388535 0.318996 0.382166 0.304659 0.372611 0.293907 0.356688 0.283154
0 0.283439 0.301075 0.273885 0.311828 0.286624 0.326165 0.289809 0.326165 0.296178 0.333333 0.299363 0.333333 0.312102 0.347670 0.312102 0.344086 0.321656 0.326165 0.318471 0.315412 0.308917 0.304659 0.305732 0.304659 0.302548 0.301075
0 0.668790 0.301075 0.668790 0.315412 0.665605 0.318996 0.665605 0.322581 0.662420 0.326165 0.662420 0.329749 0.665605 0.333333 0.678344 0.333333 0.681529 0.329749 0.684713 0.329749 0.684713 0.315412 0.681529 0.311828 0.681529 0.308244 0.675159 0.301075
0 0.859873 0.315412 0.856688 0.318996 0.853503 0.318996 0.847134 0.326165 0.847134 0.347670 0.853503 0.358423 0.863057 0.362007 0.872611 0.351254 0.872611 0.347670 0.875796 0.344086 0.875796 0.329749 0.869427 0.318996
0 0.248408 0.326165 0.254777 0.344086 0.257962 0.344086 0.280255 0.365591 0.286624 0.365591 0.289809 0.369176 0.292994 0.365591 0.302548 0.365591 0.308917 0.362007 0.308917 0.354839 0.312102 0.351254 0.299363 0.336918 0.286624 0.329749 0.277070 0.318996 0.257962 0.318996
0 0.324841 0.326165 0.321656 0.329749 0.315287 0.347670 0.334395 0.365591 0.340764 0.365591 0.343949 0.369176 0.347134 0.365591 0.350318 0.365591 0.350318 0.362007 0.353503 0.358423 0.353503 0.354839 0.350318 0.351254 0.350318 0.347670 0.353503 0.344086 0.350318 0.340502 0.350318 0.336918 0.347134 0.336918 0.337580 0.326165
0 0.203822 0.347670 0.203822 0.362007 0.213376 0.369176 0.226115 0.369176 0.235669 0.358423 0.238854 0.358423 0.238854 0.347670 0.229299 0.336918 0.213376 0.336918 0.210191 0.340502 0.207006 0.340502 0.207006 0.344086
0 0.484076 0.344086 0.477707 0.351254 0.474522 0.362007 0.468153 0.369176 0.468153 0.372760 0.464968 0.376344 0.464968 0.387097 0.468153 0.390681 0.474522 0.390681 0.477707 0.387097 0.480892 0.387097 0.480892 0.383513 0.484076 0.379928 0.484076 0.372760 0.487261 0.369176 0.487261 0.351254 0.484076 0.347670
0 0.226115 0.372760 0.229299 0.387097 0.264331 0.419355 0.312102 0.415771 0.312102 0.397849 0.286624 0.376344 0.270701 0.376344 0.257962 0.362007 0.248408 0.358423 0.235669 0.362007
0 0.175159 0.362007 0.175159 0.379928 0.187898 0.405018 0.187898 0.415771 0.191083 0.422939 0.210191 0.440860 0.226115 0.405018 0.222930 0.405018 0.216561 0.390681 0.207006 0.379928 0.197452 0.376344 0.187898 0.362007
0 0.802548 0.379928 0.802548 0.390681 0.805732 0.394265 0.805732 0.397849 0.812102 0.405018 0.815287 0.405018 0.818471 0.408602 0.828025 0.408602 0.834395 0.401434 0.834395 0.387097 0.828025 0.379928 0.824841 0.379928 0.821656 0.376344 0.808917 0.376344 0.805732 0.379928
0 0.038217 0.379928 0.035032 0.383513 0.028662 0.383513 0.025478 0.387097 0.022293 0.387097 0.022293 0.390681 0.015924 0.401434 0.022293 0.412186 0.022293 0.419355 0.035032 0.430108 0.038217 0.426523 0.047771 0.422939 0.054140 0.415771 0.057325 0.415771 0.054140 0.412186 0.054140 0.394265 0.050955 0.390681 0.050955 0.387097 0.047771 0.387097
0 0.130573 0.394265 0.130573 0.401434 0.140127 0.412186 0.143312 0.412186 0.146497 0.408602 0.149682 0.408602 0.159236 0.401434 0.165605 0.401434 0.165605 0.394265 0.162420 0.390681 0.162420 0.387097 0.156051 0.379928 0.140127 0.379928 0.133758 0.387097 0.133758 0.390681
0 0.490446 0.401434 0.487261 0.405018 0.484076 0.405018 0.484076 0.408602 0.480892 0.412186 0.480892 0.415771 0.477707 0.419355 0.480892 0.422939 0.480892 0.430108 0.487261 0.437276 0.490446 0.433692 0.490446 0.426523 0.493631 0.422939 0.493631 0.405018
0 0.015924 0.405018 0.012739 0.405018 0.006369 0.412186 0.006369 0.415771 0.003185 0.419355 0.003185 0.440860 0.006369 0.444444 0.012739 0.437276 0.012739 0.433692 0.015924 0.430108 0.015924 0.422939 0.019108 0.419355 0.019108 0.412186 0.015924 0.408602
0 0.111465 0.405018 0.095541 0.408602 0.089172 0.415771 0.089172 0.440860 0.092357 0.448029 0.101911 0.458781 0.117834 0.455197 0.117834 0.451613 0.127389 0.440860 0.130573 0.433692 0.130573 0.426523 0.124204 0.412186
0 0.143312 0.415771 0.143312 0.422939 0.149682 0.430108 0.156051 0.430108 0.159236 0.433692 0.175159 0.433692 0.178344 0.430108 0.178344 0.415771 0.168790 0.405018 0.159236 0.405018 0.156051 0.408602 0.152866 0.408602
0 0.229299 0.408602 0.213376 0.440860 0.213376 0.451613 0.222930 0.465950 0.235669 0.473118 0.257962 0.473118 0.264331 0.465950 0.264331 0.451613 0.254777 0.440860 0.254777 0.433692 0.245223 0.422939 0.245223 0.415771 0.235669 0.408602
0 0.850318 0.408602 0.843949 0.415771 0.843949 0.426523 0.853503 0.437276 0.863057 0.437276 0.872611 0.426523 0.872611 0.422939 0.875796 0.419355 0.875796 0.415771 0.869427 0.408602
0 0.659236 0.415771 0.656051 0.412186 0.649682 0.412186 0.646497 0.415771 0.640127 0.415771 0.636943 0.419355 0.636943 0.422939 0.633758 0.426523 0.633758 0.433692 0.636943 0.433692 0.640127 0.437276 0.643312 0.433692 0.649682 0.433692 0.659236 0.422939
0 0.038217 0.430108 0.038217 0.440860 0.054140 0.458781 0.060510 0.458781 0.063694 0.455197 0.073248 0.455197 0.073248 0.444444 0.070064 0.440860 0.070064 0.437276 0.066879 0.433692 0.063694 0.422939 0.054140 0.419355 0.047771 0.426523
0 0.277070 0.422939 0.270701 0.422939 0.264331 0.430108 0.261146 0.430108 0.257962 0.433692 0.257962 0.440860 0.267516 0.451613 0.270701 0.451613 0.273885 0.448029 0.280255 0.448029 0.286624 0.440860 0.286624 0.433692
0 0.595541 0.430108 0.589172 0.430108 0.573248 0.448029 0.573248 0.451613 0.566879 0.458781 0.566879 0.473118 0.576433 0.483871 0.585987 0.483871 0.598726 0.469534 0.598726 0.462366 0.601911 0.458781 0.601911 0.437276
0 0.133758 0.433692 0.130573 0.437276 0.130573 0.440860 0.121019 0.451613 0.121019 0.458781 0.124204 0.462366 0.124204 0.469534 0.149682 0.469534 0.152866 0.465950 0.152866 0.448029 0.146497 0.440860 0.143312 0.440860
0 0.445860 0.448029 0.452229 0.455197 0.458599 0.455197 0.461783 0.458781 0.464968 0.455197 0.464968 0.448029 0.461783 0.448029 0.458599 0.444444 0.449045 0.444444
0 0.165605 0.458781 0.168790 0.473118 0.175159 0.476703 0.187898 0.494624 0.194268 0.498208 0.203822 0.498208 0.207006 0.501792 0.219745 0.494624 0.219745 0.483871 0.216561 0.476703 0.197452 0.451613 0.191083 0.448029 0.175159 0.448029
0 0.337580 0.455197 0.334395 0.455197 0.331210 0.451613 0.328025 0.451613 0.324841 0.455197 0.318471 0.455197 0.315287 0.458781 0.305732 0.462366 0.302548 0.465950 0.299363 0.476703 0.308917 0.483871 0.312102 0.483871 0.315287 0.480287 0.321656 0.480287 0.337580 0.462366
0 0.417197 0.455197 0.410828 0.451613 0.401274 0.451613 0.388535 0.458781 0.375796 0.473118 0.375796 0.483871 0.378981 0.491039 0.388535 0.501792 0.404459 0.501792 0.417197 0.487455 0.420382 0.480287 0.420382 0.462366
0 0.649682 0.469534 0.636943 0.483871 0.636943 0.498208 0.640127 0.501792 0.640127 0.508961 0.649682 0.519713 0.652866 0.519713 0.656051 0.523297 0.662420 0.516129 0.662420 0.508961 0.665605 0.505376 0.665605 0.501792 0.662420 0.498208 0.662420 0.491039 0.659236 0.487455 0.659236 0.480287
0 0.477707 0.487455 0.471338 0.487455 0.452229 0.498208 0.442675 0.508961 0.439490 0.519713 0.433121 0.523297 0.433121 0.534050 0.436306 0.541219 0.442675 0.544803 0.442675 0.541219 0.449045 0.534050 0.455414 0.519713 0.477707 0.494624
0 0.754777 0.508961 0.751592 0.512545 0.751592 0.516129 0.748408 0.519713 0.748408 0.523297 0.751592 0.526882 0.757962 0.526882 0.761146 0.530466 0.770701 0.530466 0.773885 0.526882 0.773885 0.512545 0.770701 0.508961
0 0.124204 0.541219 0.124204 0.544803 0.127389 0.548387 0.127389 0.555556 0.130573 0.559140 0.130573 0.562724 0.136943 0.569892 0.136943 0.573477 0.140127 0.573477 0.143312 0.577061 0.149682 0.577061 0.152866 0.573477 0.156051 0.562724 0.143312 0.548387 0.140127 0.548387 0.130573 0.541219
0 0.853503 0.541219 0.850318 0.544803 0.847134 0.544803 0.847134 0.548387 0.843949 0.551971 0.843949 0.559140 0.850318 0.566308 0.850318 0.569892 0.853503 0.569892 0.856688 0.573477 0.863057 0.573477 0.869427 0.566308 0.869427 0.544803 0.866242 0.544803 0.863057 0.541219
0 0.363057 0.548387 0.353503 0.559140 0.353503 0.566308 0.356688 0.569892 0.356688 0.573477 0.359873 0.577061 0.363057 0.577061 0.369427 0.584229 0.382166 0.584229 0.388535 0.577061 0.388535 0.562724 0.385350 0.559140 0.385350 0.555556 0.378981 0.548387
0 0.904459 0.562724 0.891720 0.562724 0.885350 0.573477 0.885350 0.587814 0.894904 0.594982 0.898089 0.594982 0.901274 0.591398 0.904459 0.591398 0.910828 0.584229 0.910828 0.569892
0 0.248408 0.566308 0.242038 0.566308 0.238854 0.569892 0.232484 0.569892 0.232484 0.573477 0.229299 0.577061 0.229299 0.580645 0.232484 0.584229 0.235669 0.584229 0.238854 0.587814 0.242038 0.587814 0.248408 0.580645
0 0.060510 0.573477 0.057325 0.573477 0.050955 0.580645 0.050955 0.584229 0.054140 0.587814 0.060510 0.587814 0.063694 0.584229 0.063694 0.577061
0 0.098726 0.577061 0.095541 0.580645 0.095541 0.587814 0.098726 0.591398 0.098726 0.594982 0.105096 0.602151 0.117834 0.602151 0.121019 0.598566 0.121019 0.591398 0.111465 0.580645 0.108280 0.580645 0.105096 0.577061
0 0.025478 0.580645 0.022293 0.584229 0.022293 0.591398 0.019108 0.594982 0.019108 0.602151 0.022293 0.605735 0.022293 0.609319 0.028662 0.616487 0.035032 0.616487 0.038217 0.612903 0.038217 0.591398 0.035032 0.587814 0.035032 0.584229 0.031847 0.580645
0 0.156051 0.598566 0.156051 0.609319 0.162420 0.616487 0.178344 0.616487 0.181529 0.612903 0.181529 0.609319 0.184713 0.605735 0.184713 0.598566 0.178344 0.591398 0.168790 0.591398 0.165605 0.594982 0.162420 0.594982 0.159236 0.598566
0 0.503185 0.605735 0.503185 0.616487 0.509554 0.623656 0.515924 0.623656 0.519108 0.627240 0.531847 0.627240 0.535032 0.623656 0.544586 0.620072 0.544586 0.616487 0.547771 0.612903 0.547771 0.602151 0.535032 0.591398 0.519108 0.591398 0.515924 0.594982 0.512739 0.594982
0 0.847134 0.594982 0.843949 0.598566 0.843949 0.616487 0.847134 0.620072 0.847134 0.623656 0.856688 0.630824 0.869427 0.630824 0.878981 0.620072 0.878981 0.609319 0.866242 0.594982 0.863057 0.594982 0.859873 0.591398 0.853503 0.591398 0.850318 0.594982
0 0.328025 0.605735 0.328025 0.609319 0.337580 0.620072 0.343949 0.620072 0.347134 0.623656 0.353503 0.623656 0.356688 0.620072 0.359873 0.620072 0.366242 0.609319 0.363057 0.605735 0.363057 0.598566 0.359873 0.598566 0.356688 0.594982 0.337580 0.594982 0.334395 0.598566 0.331210 0.598566 0.331210 0.602151
0 0.471338 0.602151 0.449045 0.602151 0.429936 0.623656 0.429936 0.630824 0.426752 0.634409 0.426752 0.648746 0.433121 0.655914 0.468153 0.652330 0.468153 0.648746 0.474522 0.641577 0.474522 0.623656 0.477707 0.620072 0.477707 0.609319
0 0.579618 0.612903 0.573248 0.605735 0.557325 0.605735 0.554140 0.609319 0.550955 0.609319 0.550955 0.612903 0.544586 0.623656 0.544586 0.627240 0.547771 0.630824 0.547771 0.637993 0.563694 0.637993 0.576433 0.623656
0 0.525478 0.630824 0.519108 0.630824 0.515924 0.627240 0.509554 0.627240 0.506369 0.623656 0.500000 0.630824 0.490446 0.634409 0.484076 0.641577 0.484076 0.652330 0.493631 0.663082 0.506369 0.663082 0.509554 0.659498 0.512739 0.659498 0.525478 0.645161
0 0.917197 0.637993 0.907643 0.627240 0.894904 0.627240 0.888535 0.634409 0.885350 0.634409 0.885350 0.637993 0.872611 0.652330 0.866242 0.655914 0.866242 0.663082 0.872611 0.670251 0.878981 0.670251 0.882166 0.673835 0.894904 0.673835 0.901274 0.670251 0.901274 0.663082 0.917197 0.648746
0 0.671975 0.634409 0.671975 0.641577 0.681529 0.652330 0.681529 0.655914 0.691083 0.666667 0.697452 0.666667 0.700637 0.670251 0.703822 0.666667 0.703822 0.659498 0.700637 0.655914 0.700637 0.648746 0.694268 0.641577 0.694268 0.637993 0.687898 0.637993 0.681529 0.630824
0 0.573248 0.645161 0.566879 0.637993 0.563694 0.641577 0.550955 0.641577 0.522293 0.670251 0.522293 0.681004 0.525478 0.684588 0.544586 0.684588 0.550955 0.681004 0.566879 0.666667 0.573248 0.652330
0 0.640127 0.652330 0.627389 0.641577 0.621019 0.641577 0.601911 0.652330 0.595541 0.652330 0.585987 0.659498 0.576433 0.673835 0.576433 0.681004 0.582803 0.695341 0.585987 0.691756 0.601911 0.691756 0.617834 0.681004 0.624204 0.670251 0.633758 0.666667 0.640127 0.659498
0 0.063694 0.655914 0.063694 0.670251 0.066879 0.673835 0.066879 0.681004 0.070064 0.684588 0.070064 0.688172 0.073248 0.691756 0.076433 0.702509 0.079618 0.702509 0.082803 0.706093 0.085987 0.702509 0.085987 0.681004 0.082803 0.677419 0.082803 0.670251 0.079618 0.666667 0.079618 0.663082 0.073248 0.655914
0 0.127389 0.655914 0.117834 0.663082 0.117834 0.666667 0.114650 0.670251 0.114650 0.677419 0.117834 0.681004 0.117834 0.684588 0.124204 0.691756 0.133758 0.691756 0.143312 0.684588 0.143312 0.681004 0.146497 0.677419 0.146497 0.666667 0.143312 0.663082 0.143312 0.659498 0.140127 0.659498 0.136943 0.655914
0 0.480892 0.666667 0.468153 0.655914 0.436306 0.659498 0.423567 0.673835 0.423567 0.691756 0.433121 0.698925 0.445860 0.698925 0.449045 0.695341 0.468153 0.691756 0.480892 0.677419
0 0.382166 0.659498 0.369427 0.666667 0.359873 0.677419 0.359873 0.695341 0.366242 0.706093 0.378981 0.706093 0.382166 0.709677 0.391720 0.709677 0.404459 0.695341 0.404459 0.673835 0.398089 0.663082
0 0.722930 0.677419 0.722930 0.688172 0.729299 0.695341 0.745223 0.695341 0.748408 0.691756 0.748408 0.684588 0.745223 0.681004 0.735669 0.681004 0.729299 0.673835 0.726115 0.673835
0 0.579618 0.691756 0.573248 0.681004 0.570064 0.684588 0.557325 0.684588 0.554140 0.688172 0.544586 0.691756 0.544586 0.695341 0.538217 0.702509 0.538217 0.706093 0.535032 0.709677 0.544586 0.716846 0.563694 0.716846 0.566879 0.713262 0.570064 0.713262 0.576433 0.706093 0.576433 0.702509 0.579618 0.698925
0 0.605096 0.706093 0.611465 0.716846 0.617834 0.716846 0.624204 0.709677 0.630573 0.709677 0.633758 0.706093 0.649682 0.698925 0.652866 0.695341 0.652866 0.684588 0.649682 0.684588 0.646497 0.681004 0.621019 0.681004 0.611465 0.688172
0 0.324841 0.688172 0.312102 0.702509 0.308917 0.709677 0.308917 0.731183 0.321656 0.741935 0.334395 0.741935 0.350318 0.731183 0.353503 0.724014 0.353503 0.702509 0.340764 0.688172
0 0.047771 0.691756 0.035032 0.691756 0.035032 0.695341 0.031847 0.698925 0.031847 0.709677 0.035032 0.713262 0.035032 0.716846 0.041401 0.716846 0.044586 0.713262 0.047771 0.713262 0.050955 0.709677 0.050955 0.695341
0 0.662420 0.702509 0.656051 0.695341 0.649682 0.702509 0.646497 0.702509 0.630573 0.713262 0.624204 0.713262 0.617834 0.720430 0.614650 0.720430 0.617834 0.724014 0.646497 0.724014 0.649682 0.720430 0.652866 0.720430 0.659236 0.713262
0 0.187898 0.702509 0.184713 0.702509 0.181529 0.706093 0.181529 0.724014 0.184713 0.724014 0.187898 0.720430 0.187898 0.716846 0.191083 0.713262 0.191083 0.706093
0 0.369427 0.709677 0.359873 0.720430 0.356688 0.720430 0.350318 0.734767 0.350318 0.752688 0.353503 0.759857 0.359873 0.763441 0.382166 0.763441 0.398089 0.749104 0.401274 0.731183 0.388535 0.713262
0 0.726115 0.709677 0.722930 0.713262 0.722930 0.738351 0.726115 0.738351 0.729299 0.741935 0.735669 0.741935 0.738854 0.738351 0.738854 0.727599 0.742038 0.724014 0.742038 0.716846 0.735669 0.709677
0 0.136943 0.716846 0.124204 0.716846 0.124204 0.720430 0.108280 0.738351 0.108280 0.745520 0.101911 0.756272 0.101911 0.763441 0.108280 0.763441 0.124204 0.745520 0.124204 0.741935 0.136943 0.724014
0 0.757962 0.720430 0.754777 0.724014 0.754777 0.734767 0.751592 0.738351 0.751592 0.756272 0.754777 0.759857 0.754777 0.763441 0.767516 0.763441 0.773885 0.752688 0.773885 0.731183 0.764331 0.720430
0 0.156051 0.724014 0.152866 0.724014 0.146497 0.731183 0.146497 0.734767 0.140127 0.745520 0.140127 0.763441 0.143312 0.763441 0.146497 0.759857 0.149682 0.759857 0.156051 0.749104 0.156051 0.734767 0.159236 0.731183 0.156051 0.727599
0 0.054140 0.727599 0.050955 0.731183 0.044586 0.731183 0.041401 0.734767 0.041401 0.759857 0.044586 0.763441 0.044586 0.774194 0.047771 0.777778 0.050955 0.777778 0.063694 0.763441 0.063694 0.759857 0.066879 0.756272 0.066879 0.738351 0.060510 0.731183 0.057325 0.731183
0 0.824841 0.731183 0.824841 0.738351 0.831210 0.745520 0.840764 0.745520 0.840764 0.738351 0.837580 0.738351 0.831210 0.731183
0 0.273885 0.745520 0.270701 0.741935 0.264331 0.741935 0.261146 0.745520 0.254777 0.745520 0.251592 0.749104 0.248408 0.749104 0.242038 0.756272 0.242038 0.759857 0.238854 0.763441 0.245223 0.770609 0.248408 0.770609 0.251592 0.767025 0.254777 0.767025 0.257962 0.763441 0.261146 0.763441 0.264331 0.759857 0.267516 0.759857 0.270701 0.756272 0.273885 0.756272
0 0.665605 0.752688 0.656051 0.741935 0.636943 0.741935 0.633758 0.745520 0.627389 0.745520 0.617834 0.756272 0.617834 0.759857 0.614650 0.763441 0.614650 0.774194 0.617834 0.777778 0.643312 0.777778 0.646497 0.774194 0.662420 0.767025 0.665605 0.763441
0 0.184713 0.756272 0.178344 0.756272 0.175159 0.759857 0.175159 0.767025 0.171975 0.770609 0.175159 0.774194 0.175159 0.777778 0.178344 0.777778 0.184713 0.770609
0 0.292994 0.767025 0.289809 0.767025 0.286624 0.763441 0.280255 0.763441 0.277070 0.759857 0.270701 0.759857 0.267516 0.763441 0.251592 0.770609 0.251592 0.781362 0.261146 0.799283 0.280255 0.799283 0.283439 0.795699 0.286624 0.795699 0.296178 0.781362 0.296178 0.774194 0.292994 0.770609
0 0.003185 0.763441 0.000000 0.767025 0.000000 0.774194 0.003185 0.777778 0.003185 0.802867 0.006369 0.802867 0.009554 0.799283 0.012739 0.799283 0.015924 0.795699 0.015924 0.781362 0.012739 0.777778 0.012739 0.774194
0 0.843949 0.767025 0.840764 0.770609 0.834395 0.770609 0.834395 0.774194 0.831210 0.777778 0.831210 0.788530 0.837580 0.795699 0.840764 0.795699 0.843949 0.799283 0.847134 0.799283 0.850318 0.795699 0.853503 0.795699 0.859873 0.788530 0.859873 0.777778 0.853503 0.770609 0.850318 0.770609 0.847134 0.767025
0 0.687898 0.781362 0.681529 0.774194 0.662420 0.774194 0.659236 0.770609 0.643312 0.781362 0.643312 0.784946 0.633758 0.795699 0.633758 0.806452 0.646497 0.817204 0.656051 0.817204 0.662420 0.810036 0.681529 0.799283 0.687898 0.792115
0 0.203822 0.795699 0.203822 0.810036 0.210191 0.817204 0.226115 0.817204 0.238854 0.810036 0.248408 0.810036 0.254777 0.802867 0.257962 0.802867 0.251592 0.784946 0.242038 0.777778 0.226115 0.777778 0.213376 0.784946
0 0.070064 0.799283 0.063694 0.806452 0.063694 0.831541 0.066879 0.835125 0.066879 0.842294 0.076433 0.853047 0.082803 0.853047 0.082803 0.849462 0.085987 0.845878 0.085987 0.824373 0.082803 0.820789 0.082803 0.813620
0 0.703822 0.810036 0.697452 0.802867 0.687898 0.802867 0.684713 0.799283 0.671975 0.810036 0.668790 0.810036 0.656051 0.820789 0.652866 0.820789 0.656051 0.824373 0.656051 0.831541 0.687898 0.831541 0.691083 0.827957 0.697452 0.827957 0.703822 0.820789
0 0.277070 0.802867 0.261146 0.802867 0.251592 0.810036 0.251592 0.817204 0.248408 0.820789 0.251592 0.827957 0.248408 0.853047 0.254777 0.853047 0.264331 0.860215 0.280255 0.853047 0.286624 0.835125 0.292994 0.827957 0.292994 0.820789 0.289809 0.813620
0 0.124204 0.820789 0.127389 0.824373 0.127389 0.827957 0.130573 0.831541 0.136943 0.831541 0.140127 0.827957 0.146497 0.827957 0.149682 0.824373 0.149682 0.820789 0.152866 0.817204 0.146497 0.810036 0.133758 0.810036 0.130573 0.813620 0.127389 0.813620 0.127389 0.817204
0 0.031847 0.817204 0.031847 0.831541 0.035032 0.835125 0.035032 0.838710 0.038217 0.838710 0.038217 0.817204
0 0.694268 0.835125 0.691083 0.831541 0.687898 0.835125 0.656051 0.835125 0.646497 0.845878 0.646497 0.849462 0.649682 0.853047 0.671975 0.853047 0.675159 0.849462 0.684713 0.849462 0.687898 0.845878 0.691083 0.845878
0 0.133758 0.838710 0.124204 0.838710 0.121019 0.842294 0.121019 0.845878 0.117834 0.849462 0.117834 0.863799 0.121019 0.867384 0.121019 0.870968 0.124204 0.870968 0.127389 0.867384 0.130573 0.867384 0.130573 0.863799 0.136943 0.856631 0.136943 0.842294
0 0.738854 0.838710 0.738854 0.842294 0.735669 0.845878 0.735669 0.860215 0.748408 0.860215 0.748408 0.856631 0.751592 0.853047 0.751592 0.845878 0.745223 0.838710
0 0.207006 0.860215 0.200637 0.860215 0.197452 0.863799 0.197452 0.867384 0.194268 0.870968 0.194268 0.874552 0.197452 0.878136 0.197452 0.881720 0.200637 0.881720 0.203822 0.885305 0.207006 0.881720 0.210191 0.881720 0.216561 0.874552 0.216561 0.870968 0.213376 0.867384 0.213376 0.863799 0.210191 0.863799
0 0.719745 0.867384 0.713376 0.860215 0.703822 0.860215 0.700637 0.863799 0.691083 0.863799 0.687898 0.867384 0.681529 0.867384 0.678344 0.870968 0.668790 0.874552 0.665605 0.878136 0.665605 0.881720 0.668790 0.885305 0.668790 0.888889 0.671975 0.888889 0.675159 0.892473 0.678344 0.892473 0.681529 0.888889 0.694268 0.888889 0.697452 0.885305 0.713376 0.878136
0 0.035032 0.892473 0.025478 0.885305 0.019108 0.885305 0.015924 0.888889 0.006369 0.888889 0.003185 0.892473 0.003185 0.899642 0.000000 0.903226 0.000000 0.917563 0.003185 0.921147 0.003185 0.924731 0.022293 0.924731 0.035032 0.910394
0 0.761146 0.885305 0.754777 0.892473 0.754777 0.903226 0.757962 0.906810 0.757962 0.913978 0.767516 0.921147 0.773885 0.921147 0.777070 0.917563 0.777070 0.903226 0.770701 0.896057 0.770701 0.892473 0.764331 0.885305
0 0.837580 0.885305 0.834395 0.888889 0.834395 0.899642 0.837580 0.903226 0.837580 0.906810 0.840764 0.910394 0.847134 0.910394 0.850318 0.906810 0.850318 0.903226 0.847134 0.899642 0.847134 0.888889 0.843949 0.885305
0 0.719745 0.913978 0.713376 0.906810 0.707006 0.906810 0.703822 0.903226 0.694268 0.903226 0.691083 0.906810 0.684713 0.906810 0.681529 0.910394 0.678344 0.910394 0.671975 0.917563 0.671975 0.928315 0.684713 0.939068 0.697452 0.939068 0.707006 0.931900 0.713376 0.931900 0.719745 0.921147
0 0.085987 0.910394 0.073248 0.910394 0.066879 0.917563 0.066879 0.939068 0.073248 0.949821 0.079618 0.949821 0.085987 0.942652 0.085987 0.939068 0.092357 0.928315 0.092357 0.921147
0 0.251592 0.910394 0.238854 0.910394 0.235669 0.913978 0.226115 0.917563 0.213376 0.931900 0.213376 0.949821 0.222930 0.956989 0.229299 0.956989 0.232484 0.960573 0.235669 0.960573 0.248408 0.946237 0.248408 0.942652 0.254777 0.931900 0.254777 0.917563 0.251592 0.913978
0 0.009554 0.928315 0.003185 0.928315 0.003185 0.939068 0.000000 0.942652 0.000000 0.949821 0.003185 0.953405 0.003185 0.956989 0.006369 0.953405 0.009554 0.953405 0.019108 0.942652 0.019108 0.939068 0.015924 0.935484 0.012739 0.935484 0.009554 0.931900
0 0.200637 0.935484 0.191083 0.931900 0.187898 0.935484 0.175159 0.935484 0.168790 0.939068 0.159236 0.953405 0.159236 0.974910 0.165605 0.982079 0.171975 0.982079 0.175159 0.985663 0.200637 0.956989 0.200637 0.946237 0.203822 0.942652
0 0.789809 0.939068 0.789809 0.967742 0.792994 0.971326 0.792994 0.974910 0.799363 0.982079 0.808917 0.982079 0.812102 0.978495 0.812102 0.964158 0.808917 0.960573 0.805732 0.949821 0.799363 0.942652
0 0.232484 0.964158 0.213376 0.953405 0.210191 0.960573 0.200637 0.960573 0.178344 0.985663 0.178344 0.989247 0.181529 0.992832 0.207006 0.992832 0.210191 0.989247 0.216561 0.989247 0.229299 0.978495 0.232484 0.971326
0 0.047771 0.964158 0.044586 0.960573 0.031847 0.960573 0.028662 0.964158 0.019108 0.964158 0.015924 0.967742 0.009554 0.967742 0.006369 0.971326 0.003185 0.971326 0.003185 0.982079 0.000000 0.985663 0.003185 0.996416 0.012739 0.996416 0.015924 0.992832 0.022293 0.992832 0.025478 0.989247 0.035032 0.985663 0.047771 0.971326
0 0.738854 0.967742 0.729299 0.960573 0.716561 0.960573 0.713376 0.964158 0.703822 0.964158 0.687898 0.978495 0.684713 0.978495 0.678344 0.989247 0.681529 0.992832 0.707006 0.992832 0.710191 0.989247 0.716561 0.989247 0.719745 0.985663 0.726115 0.985663 0.732484 0.982079
0 0.773885 0.989247 0.773885 0.996416 0.792994 0.996416 0.792994 0.992832 0.789809 0.989247 0.786624 0.989247 0.783439 0.985663 0.780255 0.985663 0.777070 0.989247
