0 0.713376 0.132616 0.707006 0.132616 0.697452 0.143369 0.697452 0.146953 0.691083 0.154122 0.691083 0.157706 0.697452 0.157706 0.700637 0.154122 0.703822 0.154122 0.703822 0.150538 0.707006 0.146953 0.707006 0.143369 0.713376 0.136201
0 0.277070 0.143369 0.267516 0.143369 0.264331 0.146953 0.261146 0.146953 0.254777 0.154122 0.251592 0.154122 0.248408 0.157706 0.248408 0.172043 0.251592 0.172043 0.254777 0.175627 0.264331 0.175627 0.270701 0.168459 0.270701 0.164875 0.277070 0.157706
0 0.398089 0.161290 0.388535 0.154122 0.350318 0.150538 0.299363 0.172043 0.273885 0.193548 0.277070 0.197133 0.283439 0.193548 0.308917 0.211470 0.350318 0.215054 0.366242 0.207885 0.375796 0.193548 0.372611 0.179211 0.378981 0.172043 0.394904 0.168459
0 0.152866 0.157706 0.152866 0.168459 0.159236 0.175627 0.162420 0.175627 0.165605 0.179211 0.181529 0.179211 0.187898 0.172043 0.187898 0.164875 0.181529 0.157706 0.178344 0.157706 0.175159 0.154122 0.156051 0.154122
0 0.226115 0.161290 0.216561 0.161290 0.203822 0.175627 0.203822 0.179211 0.197452 0.186380 0.197452 0.197133 0.200637 0.200717 0.203822 0.200717 0.207006 0.204301 0.226115 0.204301 0.238854 0.189964 0.238854 0.182796 0.235669 0.179211 0.232484 0.168459
0 0.684713 0.193548 0.687898 0.197133 0.687898 0.204301 0.716561 0.204301 0.719745 0.200717 0.722930 0.200717 0.722930 0.193548 0.713376 0.182796 0.710191 0.182796 0.707006 0.179211 0.700637 0.179211 0.697452 0.182796 0.691083 0.182796
0 0.802548 0.182796 0.796178 0.193548 0.796178 0.197133 0.799363 0.200717 0.799363 0.207885 0.802548 0.211470 0.805732 0.222222 0.812102 0.229391 0.821656 0.229391 0.824841 0.225806 0.824841 0.218638 0.821656 0.215054 0.821656 0.204301 0.818471 0.200717 0.818471 0.193548 0.812102 0.182796
0 0.041401 0.197133 0.038217 0.193548 0.035032 0.193548 0.031847 0.197133 0.022293 0.197133 0.019108 0.200717 0.009554 0.204301 0.003185 0.211470 0.003185 0.218638 0.000000 0.222222 0.000000 0.225806 0.003185 0.229391 0.003185 0.236559 0.009554 0.236559 0.012739 0.232975 0.015924 0.232975 0.015924 0.225806 0.022293 0.218638 0.038217 0.211470 0.038217 0.207885 0.041401 0.204301
0 0.509554 0.207885 0.512739 0.211470 0.512739 0.215054 0.525478 0.229391 0.528662 0.229391 0.538217 0.236559 0.557325 0.236559 0.563694 0.229391 0.563694 0.222222 0.554140 0.211470 0.550955 0.211470 0.541401 0.204301 0.528662 0.204301 0.525478 0.200717 0.519108 0.200717
0 0.856688 0.204301 0.847134 0.218638 0.847134 0.240143 0.863057 0.258065 0.882166 0.258065 0.891720 0.247312 0.891720 0.236559 0.888535 0.229391 0.872611 0.207885 0.866242 0.204301
0 0.703822 0.222222 0.697452 0.222222 0.691083 0.229391 0.687898 0.229391 0.687898 0.236559 0.681529 0.243728 0.681529 0.254480 0.684713 0.258065 0.691083 0.258065 0.697452 0.250896 0.700637 0.250896 0.707006 0.243728 0.707006 0.240143 0.710191 0.236559 0.710191 0.232975
0 0.213376 0.243728 0.222930 0.250896 0.261146 0.250896 0.273885 0.243728 0.277070 0.236559 0.273885 0.232975 0.267516 0.236559 0.254777 0.236559 0.245223 0.229391 0.229299 0.229391 0.216561 0.240143 0.213376 0.240143
0 0.095541 0.240143 0.095541 0.250896 0.101911 0.258065 0.105096 0.258065 0.108280 0.261649 0.114650 0.261649 0.117834 0.265233 0.124204 0.265233 0.127389 0.268817 0.133758 0.268817 0.136943 0.265233 0.136943 0.247312 0.127389 0.236559 0.111465 0.236559 0.108280 0.240143 0.105096 0.236559 0.098726 0.236559
0 0.796178 0.236559 0.780255 0.236559 0.767516 0.250896 0.764331 0.261649 0.770701 0.268817 0.780255 0.268817 0.783439 0.265233 0.786624 0.265233 0.792994 0.258065 0.796178 0.258065 0.796178 0.254480 0.799363 0.250896 0.799363 0.243728 0.796178 0.240143
0 0.318471 0.258065 0.318471 0.272401 0.324841 0.286738 0.337580 0.301075 0.343949 0.304659 0.366242 0.304659 0.375796 0.297491 0.378981 0.290323 0.375796 0.272401 0.363057 0.250896 0.356688 0.247312 0.331210 0.247312
0 0.038217 0.261649 0.031847 0.254480 0.015924 0.254480 0.006369 0.265233 0.006369 0.268817 0.003185 0.272401 0.003185 0.279570 0.006369 0.283154 0.006369 0.286738 0.019108 0.286738 0.022293 0.283154 0.031847 0.279570 0.031847 0.275986 0.038217 0.268817
0 0.417197 0.261649 0.414013 0.261649 0.410828 0.258065 0.391720 0.258065 0.382166 0.265233 0.375796 0.265233 0.375796 0.268817 0.378981 0.272401 0.378981 0.283154 0.382166 0.286738 0.382166 0.290323 0.398089 0.290323 0.401274 0.286738 0.404459 0.286738 0.407643 0.283154 0.407643 0.279570 0.417197 0.268817
0 0.617834 0.272401 0.614650 0.272401 0.611465 0.268817 0.605096 0.268817 0.592357 0.283154 0.592357 0.286738 0.589172 0.290323 0.589172 0.301075 0.592357 0.304659 0.605096 0.304659 0.614650 0.293907 0.617834 0.293907 0.617834 0.290323 0.621019 0.286738 0.621019 0.279570 0.617834 0.275986
0 0.165605 0.275986 0.159236 0.283154 0.159236 0.301075 0.162420 0.304659 0.178344 0.304659 0.187898 0.293907 0.187898 0.279570 0.184713 0.275986
0 0.471338 0.297491 0.471338 0.315412 0.490446 0.333333 0.496815 0.336918 0.509554 0.336918 0.515924 0.329749 0.515924 0.318996 0.519108 0.315412 0.515924 0.311828 0.515924 0.304659 0.509554 0.297491 0.503185 0.293907 0.493631 0.293907 0.490446 0.290323 0.487261 0.293907 0.477707 0.293907
0 0.019108 0.301075 0.009554 0.301075 0.006369 0.304659 0.003185 0.304659 0.003185 0.318996 0.000000 0.322581 0.000000 0.329749 0.003185 0.333333 0.003185 0.336918 0.009554 0.336918 0.022293 0.322581 0.022293 0.315412 0.025478 0.311828 0.025478 0.308244
0 0.286624 0.304659 0.286624 0.315412 0.289809 0.315412 0.292994 0.318996 0.305732 0.318996 0.308917 0.322581 0.318471 0.322581 0.318471 0.318996 0.321656 0.315412 0.321656 0.311828 0.315287 0.301075 0.292994 0.301075 0.289809 0.304659
0 0.792994 0.326165 0.792994 0.336918 0.805732 0.351254 0.821656 0.358423 0.834395 0.358423 0.837580 0.362007 0.856688 0.358423 0.866242 0.344086 0.863057 0.329749 0.843949 0.315412 0.828025 0.315412 0.824841 0.311828 0.821656 0.315412 0.805732 0.315412
0 0.050955 0.322581 0.038217 0.322581 0.035032 0.326165 0.035032 0.329749 0.019108 0.347670 0.019108 0.362007 0.022293 0.362007 0.025478 0.365591 0.028662 0.365591 0.031847 0.362007 0.041401 0.362007 0.054140 0.351254 0.054140 0.347670 0.060510 0.340502 0.060510 0.333333
0 0.251592 0.326165 0.245223 0.333333 0.245223 0.344086 0.242038 0.347670 0.242038 0.354839 0.245223 0.358423 0.245223 0.365591 0.248408 0.369176 0.261146 0.369176 0.261146 0.365591 0.267516 0.358423 0.267516 0.336918 0.257962 0.326165
0 0.124204 0.362007 0.143312 0.372760 0.162420 0.369176 0.184713 0.358423 0.187898 0.354839 0.187898 0.340502 0.175159 0.333333 0.152866 0.333333 0.130573 0.344086 0.124204 0.351254
0 0.598726 0.336918 0.598726 0.344086 0.608280 0.354839 0.621019 0.362007 0.636943 0.365591 0.646497 0.372760 0.659236 0.372760 0.665605 0.362007 0.656051 0.347670 0.643312 0.340502 0.636943 0.340502 0.624204 0.333333 0.601911 0.333333
0 0.576433 0.362007 0.579618 0.365591 0.579618 0.369176 0.601911 0.390681 0.611465 0.390681 0.614650 0.387097 0.614650 0.379928 0.601911 0.365591 0.598726 0.365591 0.592357 0.358423 0.579618 0.358423
0 0.426752 0.362007 0.417197 0.372760 0.414013 0.390681 0.420382 0.397849 0.426752 0.397849 0.429936 0.401434 0.439490 0.401434 0.442675 0.397849 0.445860 0.397849 0.452229 0.390681 0.452229 0.387097 0.455414 0.383513 0.455414 0.372760 0.445860 0.362007
0 0.085987 0.369176 0.079618 0.365591 0.063694 0.365591 0.047771 0.383513 0.044586 0.390681 0.044586 0.401434 0.057325 0.415771 0.066879 0.415771 0.070064 0.412186 0.076433 0.412186 0.085987 0.401434 0.089172 0.401434 0.089172 0.390681 0.092357 0.387097 0.092357 0.379928
0 0.719745 0.365591 0.716561 0.369176 0.716561 0.372760 0.713376 0.376344 0.713376 0.383513 0.716561 0.387097 0.735669 0.387097 0.738854 0.383513 0.738854 0.379928 0.735669 0.376344 0.735669 0.369176 0.732484 0.365591
0 0.143312 0.390681 0.143312 0.397849 0.149682 0.412186 0.159236 0.419355 0.171975 0.419355 0.175159 0.415771 0.181529 0.415771 0.187898 0.412186 0.197452 0.397849 0.197452 0.387097 0.187898 0.376344 0.165605 0.376344 0.156051 0.383513 0.149682 0.383513
0 0.092357 0.401434 0.092357 0.422939 0.098726 0.430108 0.105096 0.433692 0.114650 0.433692 0.117834 0.437276 0.124204 0.437276 0.127389 0.433692 0.140127 0.430108 0.146497 0.415771 0.146497 0.408602 0.140127 0.394265 0.130573 0.394265 0.127389 0.390681 0.105096 0.390681
0 0.585987 0.401434 0.576433 0.394265 0.573248 0.397849 0.566879 0.397849 0.563694 0.401434 0.560510 0.401434 0.554140 0.412186 0.557325 0.422939 0.560510 0.422939 0.563694 0.426523 0.570064 0.426523 0.573248 0.422939 0.579618 0.422939 0.589172 0.412186
0 0.343949 0.405018 0.340764 0.405018 0.337580 0.401434 0.331210 0.401434 0.328025 0.405018 0.324841 0.405018 0.308917 0.419355 0.305732 0.430108 0.308917 0.433692 0.315287 0.433692 0.318471 0.430108 0.321656 0.430108 0.328025 0.422939 0.337580 0.419355 0.340764 0.415771
0 0.184713 0.433692 0.171975 0.422939 0.162420 0.422939 0.152866 0.430108 0.143312 0.430108 0.133758 0.437276 0.127389 0.437276 0.130573 0.440860 0.121019 0.448029 0.127389 0.455197 0.136943 0.455197 0.140127 0.458781 0.159236 0.458781 0.178344 0.448029
0 0.837580 0.433692 0.831210 0.426523 0.818471 0.426523 0.815287 0.430108 0.792994 0.433692 0.770701 0.448029 0.751592 0.455197 0.751592 0.458781 0.757962 0.462366 0.805732 0.458781 0.834395 0.444444
0 0.382166 0.444444 0.369427 0.462366 0.369427 0.469534 0.366242 0.473118 0.369427 0.476703 0.369427 0.483871 0.385350 0.505376 0.404459 0.505376 0.414013 0.491039 0.414013 0.469534 0.404459 0.451613 0.401274 0.451613 0.394904 0.444444
0 0.525478 0.444444 0.522293 0.448029 0.522293 0.455197 0.525478 0.458781 0.525478 0.465950 0.531847 0.473118 0.531847 0.476703 0.535032 0.476703 0.538217 0.480287 0.544586 0.480287 0.544586 0.476703 0.547771 0.473118 0.544586 0.469534 0.544586 0.458781 0.531847 0.444444
0 0.566879 0.458781 0.563694 0.462366 0.563694 0.476703 0.570064 0.483871 0.585987 0.483871 0.589172 0.480287 0.589172 0.469534 0.585987 0.465950 0.585987 0.462366 0.582803 0.462366 0.579618 0.458781
0 0.035032 0.480287 0.025478 0.473118 0.019108 0.473118 0.015924 0.476703 0.009554 0.476703 0.006369 0.480287 0.003185 0.480287 0.003185 0.498208 0.000000 0.501792 0.000000 0.508961 0.003185 0.512545 0.009554 0.512545 0.019108 0.501792 0.019108 0.498208 0.022293 0.494624 0.028662 0.494624 0.028662 0.491039
0 0.458599 0.483871 0.458599 0.491039 0.461783 0.494624 0.461783 0.498208 0.468153 0.498208 0.471338 0.501792 0.474522 0.498208 0.480892 0.498208 0.484076 0.494624 0.484076 0.491039 0.487261 0.487455 0.484076 0.483871 0.484076 0.480287 0.480892 0.476703 0.464968 0.476703
0 0.028662 0.508961 0.031847 0.516129 0.057325 0.516129 0.060510 0.512545 0.066879 0.512545 0.076433 0.505376 0.089172 0.501792 0.089172 0.494624 0.076433 0.487455 0.057325 0.483871 0.054140 0.480287 0.038217 0.480287 0.028662 0.498208
0 0.121019 0.508961 0.121019 0.512545 0.124204 0.516129 0.124204 0.523297 0.127389 0.526882 0.130573 0.526882 0.140127 0.534050 0.156051 0.534050 0.156051 0.526882 0.149682 0.519713 0.149682 0.516129 0.140127 0.505376 0.133758 0.505376 0.130573 0.501792
0 0.515924 0.508961 0.512739 0.512545 0.512739 0.519713 0.509554 0.523297 0.509554 0.534050 0.515924 0.541219 0.515924 0.544803 0.519108 0.548387 0.528662 0.548387 0.535032 0.541219 0.535032 0.526882 0.528662 0.519713 0.528662 0.508961
0 0.031847 0.537634 0.028662 0.541219 0.028662 0.555556 0.041401 0.555556 0.044586 0.551971 0.044586 0.541219 0.041401 0.537634
0 0.375796 0.551971 0.375796 0.559140 0.382166 0.566308 0.394904 0.566308 0.398089 0.562724 0.398089 0.559140 0.391720 0.551971
0 0.652866 0.559140 0.652866 0.566308 0.656051 0.573477 0.649682 0.580645 0.643312 0.602151 0.649682 0.612903 0.665605 0.612903 0.671975 0.609319 0.681529 0.598566 0.681529 0.584229 0.678344 0.577061 0.675159 0.577061 0.665605 0.566308
0 0.716561 0.559140 0.710191 0.566308 0.710191 0.577061 0.716561 0.584229 0.732484 0.584229 0.732484 0.580645 0.735669 0.577061 0.735669 0.573477 0.732484 0.569892 0.732484 0.562724 0.729299 0.559140
0 0.257962 0.562724 0.251592 0.562724 0.245223 0.569892 0.245223 0.573477 0.242038 0.577061 0.242038 0.584229 0.248408 0.591398 0.251592 0.591398 0.254777 0.587814 0.257962 0.587814 0.257962 0.584229 0.261146 0.580645 0.261146 0.577061 0.257962 0.573477 0.261146 0.569892 0.257962 0.566308
0 0.006369 0.566308 0.003185 0.569892 0.003185 0.577061 0.000000 0.580645 0.000000 0.602151 0.003185 0.605735 0.003185 0.612903 0.006369 0.616487 0.012739 0.616487 0.019108 0.609319 0.019108 0.602151 0.022293 0.598566 0.022293 0.577061
0 0.079618 0.577061 0.070064 0.577061 0.063694 0.584229 0.060510 0.584229 0.044586 0.602151 0.044586 0.605735 0.050955 0.616487 0.057325 0.616487 0.060510 0.620072 0.073248 0.620072 0.082803 0.609319 0.082803 0.598566 0.085987 0.594982 0.085987 0.587814
0 0.324841 0.580645 0.321656 0.584229 0.324841 0.587814 0.324841 0.591398 0.328025 0.594982 0.331210 0.605735 0.343949 0.623656 0.350318 0.623656 0.356688 0.612903 0.356688 0.605735 0.353503 0.602151 0.353503 0.598566 0.340764 0.584229 0.337580 0.584229 0.334395 0.580645
0 0.375796 0.584229 0.375796 0.598566 0.385350 0.605735 0.404459 0.605735 0.407643 0.609319 0.420382 0.609319 0.423567 0.605735 0.423567 0.591398 0.420382 0.587814 0.404459 0.587814 0.401274 0.584229 0.394904 0.584229 0.391720 0.580645 0.378981 0.580645
0 0.560510 0.598566 0.560510 0.609319 0.576433 0.620072 0.608280 0.620072 0.621019 0.627240 0.633758 0.627240 0.640127 0.623656 0.646497 0.612903 0.643312 0.605735 0.601911 0.584229 0.589172 0.584229
0 0.738854 0.609319 0.738854 0.623656 0.757962 0.634409 0.767516 0.634409 0.770701 0.630824 0.780255 0.630824 0.783439 0.627240 0.792994 0.627240 0.802548 0.620072 0.808917 0.620072 0.808917 0.612903 0.805732 0.609319 0.796178 0.609319 0.792994 0.605735 0.773885 0.602151 0.770701 0.598566 0.745223 0.598566
0 0.101911 0.612903 0.098726 0.616487 0.098726 0.630824 0.101911 0.634409 0.114650 0.634409 0.114650 0.630824 0.117834 0.627240 0.117834 0.620072 0.114650 0.616487 0.114650 0.612903
0 0.242038 0.612903 0.238854 0.616487 0.238854 0.623656 0.235669 0.627240 0.235669 0.630824 0.238854 0.634409 0.235669 0.637993 0.235669 0.641577 0.238854 0.645161 0.238854 0.648746 0.251592 0.648746 0.254777 0.645161 0.254777 0.641577 0.261146 0.634409 0.261146 0.630824 0.257962 0.627240 0.257962 0.623656 0.248408 0.612903
0 0.713376 0.616487 0.707006 0.623656 0.707006 0.637993 0.710191 0.641577 0.716561 0.641577 0.719745 0.645161 0.732484 0.645161 0.735669 0.641577 0.735669 0.630824 0.732484 0.627240 0.732484 0.623656 0.722930 0.616487
0 0.461783 0.623656 0.461783 0.630824 0.468153 0.630824 0.471338 0.634409 0.484076 0.634409 0.487261 0.630824 0.487261 0.627240 0.484076 0.623656 0.477707 0.623656 0.474522 0.620072 0.464968 0.620072
0 0.382166 0.630824 0.382166 0.634409 0.378981 0.637993 0.378981 0.652330 0.382166 0.652330 0.385350 0.655914 0.388535 0.652330 0.410828 0.652330 0.417197 0.641577 0.414013 0.637993 0.414013 0.630824 0.410828 0.630824 0.404459 0.623656 0.388535 0.623656
0 0.808917 0.634409 0.805732 0.637993 0.805732 0.652330 0.815287 0.663082 0.818471 0.663082 0.821656 0.666667 0.834395 0.666667 0.840764 0.659498 0.843949 0.659498 0.850318 0.648746 0.850318 0.641577 0.843949 0.634409 0.840764 0.634409 0.837580 0.630824 0.831210 0.630824 0.828025 0.627240
0 0.273885 0.641577 0.261146 0.655914 0.264331 0.659498 0.264331 0.663082 0.267516 0.663082 0.270701 0.666667 0.277070 0.666667 0.280255 0.663082 0.280255 0.648746
0 0.531847 0.645161 0.528662 0.648746 0.525478 0.648746 0.515924 0.659498 0.515924 0.673835 0.528662 0.688172 0.531847 0.688172 0.535032 0.691756 0.547771 0.691756 0.550955 0.688172 0.554140 0.688172 0.560510 0.677419 0.560510 0.659498 0.550955 0.648746 0.544586 0.648746 0.541401 0.645161
0 0.757962 0.663082 0.757962 0.673835 0.761146 0.677419 0.770701 0.677419 0.773885 0.681004 0.789809 0.681004 0.789809 0.673835 0.786624 0.670251 0.783439 0.670251 0.780255 0.666667 0.777070 0.666667 0.770701 0.659498 0.764331 0.659498 0.761146 0.663082
0 0.308917 0.677419 0.312102 0.688172 0.318471 0.695341 0.331210 0.702509 0.347134 0.706093 0.350318 0.709677 0.369427 0.709677 0.375796 0.698925 0.366242 0.684588 0.359873 0.684588 0.347134 0.677419 0.337580 0.677419 0.334395 0.673835 0.312102 0.673835
0 0.398089 0.698925 0.394904 0.702509 0.394904 0.713262 0.404459 0.724014 0.414013 0.724014 0.417197 0.720430 0.417197 0.716846 0.420382 0.713262 0.420382 0.706093 0.410828 0.695341 0.404459 0.695341 0.401274 0.698925
0 0.815287 0.698925 0.815287 0.702509 0.818471 0.706093 0.824841 0.706093 0.828025 0.709677 0.847134 0.709677 0.850318 0.706093 0.850318 0.702509 0.843949 0.695341 0.818471 0.695341
0 0.006369 0.702509 0.009554 0.709677 0.035032 0.724014 0.044586 0.724014 0.047771 0.727599 0.079618 0.727599 0.079618 0.720430 0.060510 0.702509 0.050955 0.702509 0.047771 0.698925 0.009554 0.698925
0 0.296178 0.702509 0.289809 0.709677 0.289809 0.716846 0.292994 0.720430 0.292994 0.724014 0.296178 0.727599 0.302548 0.727599 0.302548 0.716846 0.305732 0.713262 0.305732 0.702509
0 0.745223 0.713262 0.745223 0.720430 0.751592 0.720430 0.754777 0.724014 0.764331 0.724014 0.767516 0.727599 0.780255 0.727599 0.783439 0.731183 0.789809 0.731183 0.792994 0.727599 0.796178 0.727599 0.796178 0.720430 0.789809 0.713262 0.780255 0.713262 0.777070 0.709677 0.748408 0.709677
0 0.181529 0.716846 0.181529 0.720430 0.187898 0.727599 0.200637 0.734767 0.216561 0.738351 0.219745 0.741935 0.235669 0.741935 0.242038 0.734767 0.245223 0.734767 0.245223 0.727599 0.229299 0.716846 0.219745 0.716846 0.216561 0.713262 0.184713 0.713262
0 0.178344 0.749104 0.178344 0.763441 0.184713 0.770609 0.184713 0.774194 0.197452 0.774194 0.207006 0.763441 0.210191 0.763441 0.210191 0.756272 0.203822 0.749104 0.197452 0.749104 0.194268 0.745520 0.181529 0.745520
0 0.464968 0.756272 0.461783 0.759857 0.461783 0.777778 0.464968 0.781362 0.474522 0.781362 0.480892 0.774194 0.480892 0.763441 0.474522 0.756272
0 0.312102 0.759857 0.308917 0.763441 0.308917 0.767025 0.312102 0.770609 0.318471 0.770609 0.321656 0.767025 0.321656 0.763441 0.318471 0.759857
0 0.003185 0.767025 0.003185 0.795699 0.006369 0.799283 0.015924 0.799283 0.022293 0.792115 0.022293 0.788530 0.019108 0.784946 0.015924 0.784946 0.012739 0.781362 0.012739 0.774194 0.006369 0.767025
0 0.818471 0.774194 0.818471 0.784946 0.821656 0.788530 0.837580 0.788530 0.840764 0.784946 0.840764 0.777778 0.834395 0.770609 0.821656 0.770609
0 0.242038 0.774194 0.232484 0.774194 0.226115 0.781362 0.226115 0.784946 0.222930 0.788530 0.222930 0.792115 0.226115 0.795699 0.226115 0.802867 0.235669 0.810036 0.238854 0.806452 0.242038 0.806452 0.245223 0.802867 0.248408 0.802867 0.248408 0.799283 0.251592 0.795699 0.251592 0.784946
0 0.570064 0.774194 0.570064 0.781362 0.573248 0.784946 0.579618 0.784946 0.582803 0.788530 0.592357 0.788530 0.595541 0.792115 0.598726 0.788530 0.601911 0.788530 0.601911 0.777778 0.598726 0.777778 0.595541 0.774194
0 0.703822 0.784946 0.703822 0.792115 0.716561 0.802867 0.732484 0.802867 0.738854 0.806452 0.742038 0.802867 0.757962 0.802867 0.764331 0.799283 0.764331 0.795699 0.757962 0.788530 0.745223 0.781362 0.735669 0.781362 0.732484 0.777778 0.710191 0.777778
0 0.372611 0.784946 0.369427 0.788530 0.369427 0.792115 0.372611 0.795699 0.372611 0.799283 0.375796 0.802867 0.375796 0.806452 0.378981 0.810036 0.391720 0.810036 0.394904 0.806452 0.394904 0.799283 0.391720 0.795699 0.391720 0.792115 0.385350 0.792115 0.378981 0.784946
0 0.869427 0.792115 0.869427 0.802867 0.872611 0.806452 0.875796 0.806452 0.878981 0.810036 0.885350 0.810036 0.891720 0.817204 0.894904 0.817204 0.898089 0.820789 0.907643 0.820789 0.910828 0.817204 0.910828 0.806452 0.907643 0.802867 0.904459 0.802867 0.901274 0.799283 0.894904 0.799283 0.878981 0.788530
0 0.471338 0.792115 0.468153 0.795699 0.468153 0.806452 0.474522 0.813620 0.484076 0.813620 0.484076 0.806452 0.487261 0.802867 0.487261 0.799283 0.480892 0.792115
0 0.213376 0.810036 0.210191 0.813620 0.210191 0.817204 0.216561 0.824373 0.219745 0.824373 0.222930 0.820789 0.222930 0.813620 0.219745 0.810036
0 0.426752 0.810036 0.420382 0.817204 0.420382 0.824373 0.423567 0.827957 0.426752 0.838710 0.439490 0.853047 0.442675 0.853047 0.445860 0.856631 0.458599 0.856631 0.464968 0.849462 0.464968 0.831541 0.452229 0.817204 0.449045 0.817204 0.445860 0.813620 0.439490 0.813620 0.436306 0.810036
0 0.194268 0.824373 0.184713 0.824373 0.175159 0.835125 0.175159 0.842294 0.171975 0.845878 0.171975 0.853047 0.178344 0.860215 0.181529 0.860215 0.197452 0.842294 0.197452 0.831541 0.194268 0.827957
0 0.515924 0.824373 0.512739 0.827957 0.512739 0.838710 0.525478 0.853047 0.535032 0.853047 0.538217 0.849462 0.538217 0.845878 0.541401 0.842294 0.541401 0.838710 0.538217 0.835125 0.535032 0.835125 0.525478 0.824373
0 0.853503 0.824373 0.853503 0.835125 0.859873 0.842294 0.866242 0.842294 0.869427 0.845878 0.875796 0.845878 0.878981 0.849462 0.901274 0.849462 0.901274 0.842294 0.898089 0.842294 0.875796 0.827957 0.863057 0.827957 0.859873 0.824373
0 0.328025 0.831541 0.324841 0.831541 0.321656 0.827957 0.318471 0.827957 0.315287 0.831541 0.299363 0.831541 0.289809 0.842294 0.289809 0.849462 0.296178 0.856631 0.312102 0.856631 0.315287 0.853047 0.318471 0.853047 0.324841 0.845878 0.324841 0.842294 0.328025 0.838710
0 0.824841 0.838710 0.818471 0.831541 0.815287 0.831541 0.808917 0.842294 0.808917 0.849462 0.805732 0.853047 0.805732 0.856631 0.799363 0.863799 0.796178 0.863799 0.808917 0.863799 0.815287 0.856631 0.815287 0.853047 0.818471 0.849462 0.818471 0.845878
0 0.006369 0.842294 0.003185 0.845878 0.003185 0.870968 0.012739 0.870968 0.019108 0.863799 0.019108 0.853047 0.015924 0.849462 0.015924 0.845878 0.012739 0.845878 0.009554 0.842294
0 0.031847 0.842294 0.025478 0.849462 0.025478 0.853047 0.022293 0.856631 0.022293 0.860215 0.025478 0.863799 0.025478 0.867384 0.028662 0.870968 0.028662 0.874552 0.031847 0.874552 0.035032 0.878136 0.041401 0.878136 0.044586 0.874552 0.044586 0.863799 0.041401 0.860215 0.041401 0.853047 0.038217 0.849462 0.038217 0.845878 0.035032 0.842294
0 0.197452 0.853047 0.197452 0.870968 0.207006 0.878136 0.216561 0.878136 0.219745 0.874552 0.226115 0.874552 0.232484 0.867384 0.232484 0.856631 0.222930 0.845878 0.207006 0.845878
0 0.621019 0.845878 0.611465 0.845878 0.608280 0.849462 0.608280 0.860215 0.611465 0.863799 0.611465 0.870968 0.614650 0.870968 0.614650 0.860215 0.617834 0.856631 0.621019 0.856631
0 0.388535 0.860215 0.388535 0.867384 0.391720 0.870968 0.404459 0.870968 0.407643 0.867384 0.410828 0.867384 0.410828 0.863799 0.414013 0.860215 0.414013 0.853047 0.410828 0.849462 0.398089 0.849462 0.394904 0.853047 0.391720 0.853047 0.391720 0.856631
0 0.133758 0.881720 0.130573 0.885305 0.130573 0.899642 0.136943 0.899642 0.140127 0.903226 0.143312 0.903226 0.146497 0.899642 0.146497 0.885305 0.143312 0.881720
0 0.257962 0.899642 0.257962 0.896057 0.251592 0.885305 0.242038 0.885305 0.238854 0.881720 0.235669 0.885305 0.219745 0.885305 0.216561 0.888889 0.216561 0.896057 0.219745 0.899642 0.242038 0.899642 0.245223 0.903226 0.254777 0.903226
0 0.668790 0.888889 0.668790 0.903226 0.671975 0.906810 0.675159 0.906810 0.684713 0.913978 0.694268 0.913978 0.697452 0.910394 0.700637 0.910394 0.700637 0.906810 0.703822 0.903226 0.703822 0.896057 0.700637 0.892473 0.700637 0.888889 0.691083 0.881720 0.681529 0.881720 0.678344 0.885305 0.671975 0.885305
0 0.802548 0.903226 0.802548 0.906810 0.799363 0.910394 0.799363 0.913978 0.805732 0.921147 0.824841 0.921147 0.824841 0.906810 0.818471 0.899642 0.808917 0.899642 0.805732 0.903226
0 0.261146 0.924731 0.261146 0.935484 0.264331 0.939068 0.289809 0.939068 0.296178 0.931900 0.296178 0.921147 0.289809 0.913978 0.283439 0.913978 0.280255 0.910394 0.273885 0.910394
0 0.321656 0.917563 0.315287 0.924731 0.315287 0.931900 0.312102 0.935484 0.312102 0.939068 0.315287 0.942652 0.315287 0.946237 0.321656 0.953405 0.324841 0.953405 0.328025 0.956989 0.334395 0.956989 0.340764 0.949821 0.340764 0.928315 0.337580 0.924731 0.337580 0.921147 0.334395 0.921147 0.331210 0.917563
0 0.213376 0.935484 0.210191 0.939068 0.210191 0.956989 0.213376 0.960573 0.213376 0.964158 0.222930 0.971326 0.229299 0.971326 0.232484 0.967742 0.235669 0.967742 0.235669 0.964158 0.238854 0.960573 0.238854 0.949821 0.235669 0.946237 0.235669 0.942652 0.226115 0.935484
0 0.828025 0.935484 0.821656 0.935484 0.818471 0.939068 0.812102 0.939068 0.802548 0.949821 0.802548 0.960573 0.808917 0.967742 0.818471 0.967742 0.824841 0.960573 0.828025 0.960573 0.828025 0.956989 0.834395 0.946237 0.834395 0.942652
0 0.735669 0.949821 0.735669 0.953405 0.742038 0.960573 0.751592 0.960573 0.754777 0.956989 0.757962 0.956989 0.761146 0.953405 0.761146 0.942652 0.757962 0.939068 0.745223 0.939068 0.742038 0.942652 0.738854 0.942652 0.738854 0.946237
0 0.563694 0.974910 0.563694 0.978495 0.566879 0.982079 0.582803 0.982079 0.585987 0.985663 0.601911 0.985663 0.608280 0.978495 0.608280 0.967742 0.601911 0.960573 0.598726 0.960573 0.589172 0.953405 0.582803 0.953405 0.570064 0.967742 0.566879 0.967742 0.566879 0.971326
0 0.843949 0.964158 0.843949 0.967742 0.850318 0.974910 0.856688 0.974910 0.859873 0.971326 0.866242 0.971326 0.869427 0.974910 0.869427 0.978495 0.875796 0.978495 0.878981 0.974910 0.878981 0.971326 0.875796 0.967742 0.872611 0.967742 0.869427 0.964158 0.866242 0.964158 0.856688 0.953405 0.850318 0.953405
0 0.066879 0.985663 0.066879 0.992832 0.076433 0.992832 0.079618 0.996416 0.111465 0.996416 0.114650 0.992832 0.098726 0.974910 0.095541 0.974910 0.092357 0.971326 0.076433 0.971326 0.076433 0.974910
0 0.646497 0.985663 0.646497 0.992832 0.649682 0.992832 0.652866 0.996416 0.675159 0.996416 0.684713 0.989247 0.681529 0.985663 0.678344 0.985663 0.671975 0.978495 0.665605 0.978495 0.662420 0.974910 0.659236 0.974910 0.656051 0.978495 0.652866 0.978495
