0 0.289809 0.093190 0.280255 0.093190 0.273885 0.100358 0.270701 0.100358 0.267516 0.103943 0.267516 0.107527 0.257962 0.125448 0.257962 0.132616 0.261146 0.136201 0.267516 0.136201 0.270701 0.132616 0.277070 0.132616 0.286624 0.121864 0.286624 0.111111 0.292994 0.100358 0.292994 0.096774
0 0.353503 0.103943 0.353503 0.125448 0.366242 0.143369 0.388535 0.157706 0.391720 0.154122 0.407643 0.150538 0.407643 0.125448 0.401274 0.114695 0.401274 0.107527 0.394904 0.100358 0.388535 0.100358 0.378981 0.093190 0.366242 0.093190
0 0.203822 0.111111 0.194268 0.111111 0.184713 0.121864 0.184713 0.125448 0.181529 0.129032 0.181529 0.132616 0.187898 0.139785 0.197452 0.139785 0.203822 0.132616 0.203822 0.129032 0.207006 0.125448 0.207006 0.114695
0 0.334395 0.143369 0.331210 0.150538 0.331210 0.168459 0.359873 0.197133 0.378981 0.204301 0.391720 0.204301 0.401274 0.193548 0.401274 0.175627 0.385350 0.157706 0.375796 0.154122 0.359873 0.139785 0.340764 0.139785
0 0.019108 0.143369 0.015924 0.146953 0.015924 0.168459 0.019108 0.172043 0.019108 0.175627 0.025478 0.182796 0.028662 0.182796 0.031847 0.179211 0.038217 0.179211 0.038217 0.175627 0.044586 0.164875 0.044586 0.150538 0.041401 0.146953 0.035032 0.146953 0.031847 0.143369
0 0.127389 0.157706 0.114650 0.157706 0.111465 0.161290 0.108280 0.161290 0.105096 0.164875 0.105096 0.172043 0.108280 0.175627 0.108280 0.179211 0.111465 0.179211 0.114650 0.182796 0.121019 0.182796 0.124204 0.179211 0.127389 0.179211 0.127389 0.175627 0.130573 0.172043 0.130573 0.161290
0 0.194268 0.157706 0.184713 0.157706 0.181529 0.161290 0.178344 0.161290 0.171975 0.168459 0.171975 0.172043 0.165605 0.182796 0.165605 0.197133 0.175159 0.211470 0.187898 0.211470 0.194268 0.200717 0.194268 0.193548 0.197452 0.189964 0.197452 0.161290
0 0.315287 0.172043 0.299363 0.186380 0.292994 0.200717 0.292994 0.222222 0.296178 0.229391 0.305732 0.236559 0.334395 0.236559 0.347134 0.229391 0.356688 0.215054 0.356688 0.197133 0.331210 0.172043
0 0.152866 0.211470 0.140127 0.211470 0.130573 0.222222 0.130573 0.240143 0.133758 0.243728 0.146497 0.243728 0.149682 0.240143 0.149682 0.236559 0.156051 0.225806 0.156051 0.218638 0.152866 0.215054
0 0.480892 0.218638 0.471338 0.218638 0.464968 0.225806 0.464968 0.236559 0.468153 0.236559 0.471338 0.240143 0.474522 0.236559 0.477707 0.236559 0.480892 0.232975 0.480892 0.229391 0.484076 0.225806 0.484076 0.222222
0 0.585987 0.222222 0.579618 0.229391 0.579618 0.240143 0.582803 0.243728 0.592357 0.243728 0.598726 0.236559 0.598726 0.225806 0.595541 0.222222
0 0.792994 0.225806 0.786624 0.236559 0.786624 0.243728 0.780255 0.258065 0.780255 0.268817 0.789809 0.283154 0.802548 0.283154 0.812102 0.265233 0.812102 0.258065 0.815287 0.254480 0.815287 0.243728 0.812102 0.236559 0.802548 0.225806
0 0.050955 0.229391 0.041401 0.229391 0.038217 0.232975 0.035032 0.232975 0.028662 0.240143 0.028662 0.254480 0.031847 0.258065 0.041401 0.258065 0.047771 0.250896 0.047771 0.247312 0.050955 0.243728
0 0.277070 0.258065 0.277070 0.275986 0.280255 0.283154 0.299363 0.290323 0.302548 0.286738 0.331210 0.283154 0.350318 0.268817 0.350318 0.265233 0.347134 0.265233 0.343949 0.258065 0.328025 0.243728 0.328025 0.240143 0.305732 0.240143 0.302548 0.236559 0.283439 0.247312
0 0.210191 0.243728 0.207006 0.247312 0.207006 0.254480 0.210191 0.258065 0.213376 0.258065 0.216561 0.261649 0.216561 0.265233 0.222930 0.265233 0.226115 0.261649 0.226115 0.254480 0.219745 0.247312 0.216561 0.247312 0.213376 0.243728
0 0.248408 0.272401 0.245223 0.272401 0.238854 0.279570 0.238854 0.283154 0.235669 0.286738 0.235669 0.290323 0.232484 0.293907 0.232484 0.304659 0.235669 0.308244 0.242038 0.308244 0.248408 0.301075 0.248408 0.297491 0.251592 0.293907 0.251592 0.286738 0.254777 0.283154 0.254777 0.279570
0 0.162420 0.279570 0.156051 0.286738 0.156051 0.293907 0.159236 0.297491 0.159236 0.301075 0.168790 0.311828 0.168790 0.315412 0.171975 0.315412 0.175159 0.318996 0.184713 0.318996 0.187898 0.315412 0.187898 0.304659 0.184713 0.301075 0.184713 0.297491 0.168790 0.279570
0 0.006369 0.283154 0.003185 0.286738 0.003185 0.301075 0.009554 0.308244 0.015924 0.308244 0.019108 0.304659 0.019108 0.297491 0.015924 0.293907 0.015924 0.286738 0.012739 0.283154
0 0.101911 0.290323 0.095541 0.286738 0.082803 0.286738 0.079618 0.283154 0.066879 0.286738 0.057325 0.297491 0.054140 0.297491 0.050955 0.304659 0.050955 0.318996 0.054140 0.326165 0.070064 0.336918 0.079618 0.336918 0.082803 0.333333 0.095541 0.329749 0.108280 0.315412 0.108280 0.308244 0.111465 0.304659
0 0.410828 0.293907 0.401274 0.286738 0.394904 0.286738 0.391720 0.290323 0.388535 0.286738 0.378981 0.286738 0.375796 0.290323 0.337580 0.290323 0.328025 0.297491 0.328025 0.308244 0.337580 0.318996 0.356688 0.318996 0.359873 0.315412 0.375796 0.315412 0.385350 0.308244 0.407643 0.301075
0 0.267516 0.308244 0.264331 0.311828 0.264331 0.322581 0.261146 0.326165 0.261146 0.333333 0.257962 0.336918 0.257962 0.344086 0.264331 0.354839 0.273885 0.354839 0.277070 0.351254 0.277070 0.326165 0.273885 0.322581 0.273885 0.311828 0.270701 0.308244
0 0.136943 0.326165 0.133758 0.322581 0.127389 0.322581 0.121019 0.329749 0.121019 0.340502 0.127389 0.340502 0.136943 0.329749
0 0.681529 0.329749 0.665605 0.336918 0.656051 0.351254 0.656051 0.383513 0.659236 0.390681 0.675159 0.405018 0.687898 0.405018 0.694268 0.401434 0.707006 0.376344 0.707006 0.358423 0.700637 0.340502
0 0.181529 0.336918 0.175159 0.336918 0.171975 0.340502 0.171975 0.344086 0.168790 0.347670 0.168790 0.354839 0.171975 0.358423 0.178344 0.358423 0.181529 0.354839 0.181529 0.351254 0.184713 0.347670 0.184713 0.340502
0 0.799363 0.365591 0.796178 0.369176 0.796178 0.387097 0.812102 0.405018 0.824841 0.405018 0.824841 0.397849 0.828025 0.394265 0.828025 0.390681 0.824841 0.387097 0.824841 0.372760 0.815287 0.365591
0 0.404459 0.383513 0.388535 0.372760 0.356688 0.376344 0.334395 0.394265 0.331210 0.401434 0.331210 0.419355 0.334395 0.426523 0.347134 0.437276 0.366242 0.437276 0.385350 0.430108 0.394904 0.422939 0.404459 0.408602 0.407643 0.397849
0 0.156051 0.390681 0.149682 0.390681 0.146497 0.387097 0.143312 0.387097 0.140127 0.383513 0.133758 0.383513 0.130573 0.379928 0.130573 0.383513 0.127389 0.387097 0.124204 0.387097 0.117834 0.394265 0.114650 0.405018 0.121019 0.412186 0.130573 0.415771 0.133758 0.412186 0.140127 0.412186 0.143312 0.408602 0.146497 0.408602 0.146497 0.405018 0.149682 0.401434 0.152866 0.401434 0.152866 0.394265
0 0.191083 0.387097 0.181529 0.387097 0.175159 0.390681 0.165605 0.408602 0.165605 0.422939 0.162420 0.426523 0.162420 0.451613 0.168790 0.455197 0.178344 0.455197 0.184713 0.448029 0.187898 0.448029 0.191083 0.419355 0.194268 0.415771 0.194268 0.390681
0 0.019108 0.394265 0.012739 0.394265 0.009554 0.397849 0.003185 0.397849 0.003185 0.405018 0.000000 0.408602 0.000000 0.422939 0.003185 0.426523 0.003185 0.430108 0.015924 0.430108 0.025478 0.419355 0.025478 0.401434
0 0.213376 0.401434 0.203822 0.415771 0.203822 0.426523 0.207006 0.433692 0.219745 0.444444 0.222930 0.455197 0.232484 0.465950 0.242038 0.465950 0.251592 0.451613 0.251592 0.422939 0.238854 0.405018 0.232484 0.405018 0.229299 0.401434
0 0.458599 0.419355 0.449045 0.422939 0.442675 0.430108 0.439490 0.440860 0.429936 0.451613 0.426752 0.451613 0.426752 0.480287 0.436306 0.487455 0.442675 0.483871 0.461783 0.458781 0.461783 0.422939
0 0.872611 0.433692 0.866242 0.433692 0.850318 0.451613 0.850318 0.476703 0.856688 0.487455 0.869427 0.487455 0.885350 0.469534 0.885350 0.451613 0.882166 0.448029 0.882166 0.444444
0 0.423567 0.451613 0.410828 0.440860 0.385350 0.444444 0.363057 0.458781 0.359873 0.476703 0.369427 0.491039 0.385350 0.498208 0.398089 0.498208 0.423567 0.476703
0 0.047771 0.444444 0.041401 0.444444 0.038217 0.448029 0.038217 0.451613 0.035032 0.455197 0.035032 0.458781 0.031847 0.462366 0.031847 0.465950 0.035032 0.469534 0.041401 0.469534 0.044586 0.465950 0.047771 0.465950 0.047771 0.462366 0.050955 0.458781 0.050955 0.448029
0 0.264331 0.451613 0.264331 0.455197 0.261146 0.458781 0.261146 0.487455 0.270701 0.501792 0.273885 0.501792 0.277070 0.505376 0.286624 0.505376 0.286624 0.501792 0.289809 0.498208 0.289809 0.491039 0.292994 0.487455 0.289809 0.483871 0.289809 0.469534 0.280255 0.455197 0.277070 0.455197 0.273885 0.451613
0 0.490446 0.451613 0.477707 0.451613 0.464968 0.462366 0.464968 0.476703 0.461783 0.480287 0.461783 0.498208 0.468153 0.508961 0.474522 0.508961 0.480892 0.505376 0.496815 0.487455 0.500000 0.480287 0.500000 0.473118 0.503185 0.465950
0 0.703822 0.462366 0.700637 0.465950 0.697452 0.465950 0.697452 0.469534 0.694268 0.473118 0.694268 0.487455 0.697452 0.491039 0.697452 0.498208 0.710191 0.512545 0.719745 0.512545 0.729299 0.505376 0.729299 0.494624 0.726115 0.491039 0.722930 0.480287 0.716561 0.473118 0.716561 0.469534 0.710191 0.462366
0 0.111465 0.480287 0.101911 0.480287 0.095541 0.487455 0.089172 0.487455 0.089172 0.491039 0.085987 0.494624 0.089172 0.498208 0.089172 0.501792 0.098726 0.501792 0.108280 0.491039 0.111465 0.491039
0 0.127389 0.494624 0.127389 0.498208 0.124204 0.501792 0.124204 0.508961 0.127389 0.512545 0.130573 0.512545 0.136943 0.519713 0.140127 0.516129 0.146497 0.516129 0.146497 0.512545 0.149682 0.508961 0.149682 0.505376 0.146497 0.501792 0.146497 0.498208 0.143312 0.498208 0.140127 0.494624
0 0.391720 0.501792 0.382166 0.516129 0.382166 0.534050 0.385350 0.541219 0.404459 0.559140 0.417197 0.559140 0.429936 0.551971 0.436306 0.541219 0.436306 0.526882 0.433121 0.519713 0.423567 0.508961 0.410828 0.501792 0.404459 0.501792 0.401274 0.498208 0.398089 0.501792
0 0.165605 0.505376 0.159236 0.512545 0.159236 0.516129 0.156051 0.519713 0.162420 0.526882 0.171975 0.530466 0.181529 0.541219 0.187898 0.541219 0.194268 0.530466 0.191083 0.526882 0.191083 0.523297 0.184713 0.516129 0.184713 0.512545 0.175159 0.505376
0 0.070064 0.516129 0.070064 0.519713 0.063694 0.523297 0.044586 0.544803 0.035032 0.566308 0.035032 0.577061 0.044586 0.591398 0.060510 0.591398 0.073248 0.573477 0.073248 0.544803 0.076433 0.541219 0.076433 0.534050
0 0.484076 0.519713 0.471338 0.519713 0.458599 0.526882 0.436306 0.551971 0.426752 0.573477 0.426752 0.591398 0.433121 0.602151 0.439490 0.605735 0.455414 0.602151 0.477707 0.573477 0.490446 0.541219 0.490446 0.530466
0 0.535032 0.537634 0.512739 0.537634 0.493631 0.559140 0.493631 0.566308 0.484076 0.577061 0.477707 0.591398 0.477707 0.612903 0.490446 0.630824 0.500000 0.634409 0.512739 0.630824 0.538217 0.605735 0.544586 0.573477 0.544586 0.548387
0 0.292994 0.544803 0.292994 0.551971 0.302548 0.562724 0.312102 0.562724 0.321656 0.555556 0.324841 0.555556 0.334395 0.566308 0.340764 0.566308 0.343949 0.562724 0.340764 0.551971 0.337580 0.551971 0.331210 0.544803 0.324841 0.544803 0.321656 0.541219 0.315287 0.541219 0.312102 0.544803 0.302548 0.544803 0.299363 0.541219 0.296178 0.541219
0 0.582803 0.541219 0.573248 0.541219 0.563694 0.551971 0.541401 0.602151 0.544586 0.616487 0.557325 0.620072 0.585987 0.594982 0.592357 0.577061 0.592357 0.555556
0 0.621019 0.544803 0.611465 0.555556 0.611465 0.566308 0.608280 0.569892 0.608280 0.598566 0.611465 0.602151 0.611465 0.612903 0.636943 0.612903 0.646497 0.594982 0.646497 0.559140 0.633758 0.544803
0 0.226115 0.555556 0.222930 0.559140 0.222930 0.566308 0.226115 0.569892 0.226115 0.573477 0.229299 0.573477 0.242038 0.587814 0.245223 0.587814 0.248408 0.591398 0.254777 0.591398 0.257962 0.587814 0.257962 0.573477 0.245223 0.559140 0.242038 0.559140 0.238854 0.555556
0 0.111465 0.566308 0.108280 0.569892 0.108280 0.584229 0.111465 0.587814 0.111465 0.594982 0.114650 0.598566 0.114650 0.602151 0.127389 0.616487 0.133758 0.616487 0.136943 0.612903 0.133758 0.609319 0.133758 0.605735 0.136943 0.602151 0.136943 0.584229 0.133758 0.580645 0.133758 0.573477 0.127389 0.566308
0 0.089172 0.587814 0.082803 0.598566 0.082803 0.620072 0.085987 0.623656 0.089172 0.634409 0.095541 0.641577 0.105096 0.641577 0.111465 0.630824 0.111465 0.623656 0.108280 0.620072 0.108280 0.612903 0.105096 0.609319 0.105096 0.605735 0.095541 0.594982 0.095541 0.591398 0.092357 0.587814
0 0.194268 0.609319 0.194268 0.612903 0.203822 0.620072 0.229299 0.620072 0.232484 0.616487 0.242038 0.612903 0.242038 0.602151 0.232484 0.591398 0.216561 0.587814 0.213376 0.591398 0.210191 0.591398
0 0.136943 0.616487 0.133758 0.620072 0.136943 0.623656 0.136943 0.630824 0.140127 0.634409 0.140127 0.637993 0.146497 0.645161 0.149682 0.645161 0.156051 0.637993 0.156051 0.623656 0.149682 0.616487
0 0.576433 0.620072 0.566879 0.616487 0.535032 0.645161 0.531847 0.645161 0.535032 0.652330 0.535032 0.663082 0.541401 0.677419 0.563694 0.673835 0.573248 0.663082 0.573248 0.659498 0.585987 0.641577 0.582803 0.637993 0.582803 0.627240
0 0.636943 0.616487 0.611465 0.616487 0.608280 0.620072 0.608280 0.630824 0.601911 0.641577 0.605096 0.645161 0.605096 0.652330 0.608280 0.655914 0.608280 0.663082 0.611465 0.670251 0.617834 0.673835 0.630573 0.666667 0.640127 0.645161 0.636943 0.641577
0 0.261146 0.634409 0.280255 0.648746 0.315287 0.648746 0.318471 0.645161 0.334395 0.641577 0.347134 0.630824 0.343949 0.623656 0.337580 0.623656 0.334395 0.620072 0.273885 0.620072 0.267516 0.623656
0 0.191083 0.627240 0.187898 0.630824 0.184713 0.630824 0.178344 0.637993 0.178344 0.648746 0.191083 0.663082 0.200637 0.663082 0.207006 0.655914 0.210191 0.655914 0.213376 0.652330 0.213376 0.637993 0.203822 0.630824 0.197452 0.630824 0.194268 0.627240
0 0.375796 0.652330 0.366242 0.641577 0.356688 0.641577 0.347134 0.634409 0.340764 0.641577 0.328025 0.645161 0.324841 0.648746 0.318471 0.648746 0.315287 0.652330 0.318471 0.655914 0.318471 0.663082 0.328025 0.663082 0.331210 0.666667 0.347134 0.666667 0.350318 0.670251 0.363057 0.670251 0.366242 0.666667 0.372611 0.666667 0.375796 0.663082
0 0.652866 0.641577 0.640127 0.648746 0.630573 0.670251 0.630573 0.684588 0.633758 0.688172 0.636943 0.720430 0.646497 0.738351 0.656051 0.745520 0.668790 0.745520 0.675159 0.738351 0.678344 0.673835 0.671975 0.655914 0.662420 0.645161
0 0.792994 0.641577 0.780255 0.659498 0.780255 0.691756 0.783439 0.695341 0.783439 0.706093 0.824841 0.706093 0.828025 0.702509 0.824841 0.666667 0.808917 0.645161 0.802548 0.641577
0 0.601911 0.645161 0.585987 0.645161 0.576433 0.663082 0.563694 0.677419 0.563694 0.688172 0.560510 0.695341 0.576433 0.716846 0.589172 0.716846 0.605096 0.702509 0.605096 0.695341 0.608280 0.691756 0.608280 0.666667 0.605096 0.663082
0 0.840764 0.648746 0.828025 0.663082 0.828025 0.684588 0.831210 0.688172 0.831210 0.698925 0.834395 0.698925 0.843949 0.709677 0.850318 0.709677 0.863057 0.698925 0.866242 0.691756 0.866242 0.673835 0.863057 0.670251 0.863057 0.663082 0.853503 0.648746
0 0.082803 0.655914 0.076433 0.663082 0.076433 0.691756 0.085987 0.702509 0.092357 0.695341 0.092357 0.691756 0.095541 0.688172 0.095541 0.673835 0.092357 0.670251 0.092357 0.666667 0.089172 0.663082 0.089172 0.659498 0.085987 0.659498
0 0.694268 0.659498 0.681529 0.677419 0.681529 0.706093 0.694268 0.734767 0.713376 0.745520 0.722930 0.738351 0.726115 0.727599 0.722930 0.688172 0.719745 0.684588 0.719745 0.673835 0.710191 0.659498
0 0.047771 0.673835 0.028662 0.681004 0.025478 0.688172 0.025478 0.709677 0.035032 0.724014 0.035032 0.741935 0.044586 0.741935 0.054140 0.731183 0.066879 0.706093 0.063694 0.684588 0.057325 0.677419 0.050955 0.677419
0 0.617834 0.688172 0.608280 0.695341 0.608280 0.716846 0.614650 0.727599 0.617834 0.727599 0.621019 0.731183 0.627389 0.731183 0.633758 0.724014 0.636943 0.724014 0.633758 0.720430 0.633758 0.706093 0.630573 0.702509 0.630573 0.688172
0 0.264331 0.695341 0.257962 0.706093 0.257962 0.720430 0.261146 0.727599 0.270701 0.738351 0.277070 0.741935 0.286624 0.741935 0.292994 0.738351 0.302548 0.724014 0.302548 0.709677 0.292994 0.698925 0.286624 0.695341 0.277070 0.695341 0.273885 0.691756 0.270701 0.695341
0 0.738854 0.702509 0.738854 0.706093 0.732484 0.713262 0.732484 0.724014 0.735669 0.727599 0.738854 0.741935 0.754777 0.756272 0.761146 0.756272 0.764331 0.759857 0.777070 0.756272 0.780255 0.749104 0.780255 0.731183 0.783439 0.727599 0.773885 0.716846 0.773885 0.713262 0.767516 0.706093 0.754777 0.698925 0.745223 0.698925
0 0.181529 0.706093 0.175159 0.713262 0.175159 0.731183 0.181529 0.741935 0.194268 0.741935 0.200637 0.734767 0.200637 0.727599 0.197452 0.724014 0.197452 0.716846 0.191083 0.706093
0 0.828025 0.706093 0.824841 0.709677 0.786624 0.709677 0.783439 0.724014 0.799363 0.756272 0.805732 0.759857 0.818471 0.759857 0.828025 0.749104 0.831210 0.741935 0.831210 0.720430 0.828025 0.716846
0 0.340764 0.709677 0.328025 0.720430 0.328025 0.724014 0.324841 0.727599 0.324841 0.741935 0.337580 0.756272 0.353503 0.756272 0.363057 0.738351 0.363057 0.731183 0.359873 0.727599 0.359873 0.720430 0.353503 0.713262 0.350318 0.713262 0.347134 0.709677
0 0.480892 0.716846 0.474522 0.724014 0.474522 0.734767 0.487261 0.763441 0.487261 0.770609 0.496815 0.781362 0.506369 0.781362 0.512739 0.774194 0.512739 0.763441 0.503185 0.749104 0.503185 0.741935 0.500000 0.738351 0.496815 0.724014 0.490446 0.716846
0 0.423567 0.734767 0.417197 0.738351 0.410828 0.749104 0.410828 0.770609 0.420382 0.784946 0.426752 0.788530 0.433121 0.788530 0.439490 0.784946 0.449045 0.770609 0.449045 0.745520 0.439490 0.734767
0 0.089172 0.752688 0.076433 0.752688 0.066879 0.770609 0.063694 0.799283 0.060510 0.802867 0.073248 0.817204 0.085987 0.810036 0.085987 0.806452 0.101911 0.781362 0.101911 0.767025
0 0.566879 0.759857 0.573248 0.774194 0.582803 0.784946 0.592357 0.788530 0.598726 0.795699 0.611465 0.802867 0.630573 0.802867 0.633758 0.799283 0.630573 0.784946 0.614650 0.767025 0.608280 0.767025 0.589172 0.756272 0.570064 0.756272
0 0.207006 0.759857 0.207006 0.784946 0.210191 0.788530 0.210191 0.802867 0.213376 0.806452 0.213376 0.813620 0.216561 0.820789 0.226115 0.831541 0.229299 0.831541 0.232484 0.827957 0.232484 0.802867 0.229299 0.799283 0.229299 0.784946 0.222930 0.770609 0.213376 0.759857
0 0.254777 0.806452 0.254777 0.817204 0.267516 0.838710 0.273885 0.842294 0.280255 0.842294 0.283439 0.845878 0.292994 0.845878 0.302548 0.838710 0.302548 0.824373 0.299363 0.817204 0.289809 0.806452 0.277070 0.799283 0.261146 0.799283
0 0.582803 0.802867 0.570064 0.802867 0.560510 0.813620 0.550955 0.835125 0.550955 0.849462 0.547771 0.853047 0.550955 0.860215 0.557325 0.860215 0.570064 0.853047 0.595541 0.827957 0.595541 0.817204
0 0.388535 0.827957 0.378981 0.827957 0.369427 0.835125 0.369427 0.842294 0.366242 0.845878 0.366242 0.853047 0.369427 0.856631 0.369427 0.860215 0.375796 0.867384 0.378981 0.867384 0.385350 0.860215 0.388535 0.860215 0.388535 0.856631 0.391720 0.853047 0.391720 0.831541
0 0.452229 0.835125 0.452229 0.838710 0.449045 0.842294 0.449045 0.853047 0.452229 0.856631 0.455414 0.856631 0.458599 0.860215 0.461783 0.860215 0.464968 0.856631 0.468153 0.856631 0.471338 0.853047 0.474522 0.853047 0.474522 0.849462 0.477707 0.845878 0.474522 0.842294 0.474522 0.838710 0.468153 0.831541 0.455414 0.831541
0 0.726115 0.831541 0.716561 0.838710 0.710191 0.856631 0.713376 0.860215 0.713376 0.896057 0.722930 0.921147 0.726115 0.942652 0.735669 0.942652 0.751592 0.917563 0.757962 0.878136 0.751592 0.863799 0.748408 0.838710 0.742038 0.831541 0.732484 0.835125
0 0.003185 0.835125 0.000000 0.838710 0.000000 0.853047 0.003185 0.856631 0.003185 0.881720 0.006369 0.881720 0.009554 0.878136 0.015924 0.878136 0.015924 0.853047 0.012739 0.849462 0.012739 0.842294 0.006369 0.835125
0 0.805732 0.867384 0.799363 0.878136 0.799363 0.906810 0.805732 0.913978 0.805732 0.917563 0.821656 0.924731 0.831210 0.917563 0.834395 0.910394 0.834395 0.896057 0.831210 0.892473 0.831210 0.885305 0.828025 0.878136 0.818471 0.867384
0 0.149682 0.870968 0.146497 0.874552 0.146497 0.881720 0.149682 0.885305 0.149682 0.888889 0.152866 0.892473 0.152866 0.896057 0.162420 0.903226 0.168790 0.903226 0.171975 0.899642 0.171975 0.885305 0.168790 0.881720 0.168790 0.878136 0.159236 0.870968
0 0.117834 0.892473 0.114650 0.896057 0.114650 0.906810 0.117834 0.910394 0.117834 0.913978 0.124204 0.921147 0.124204 0.924731 0.127389 0.928315 0.140127 0.928315 0.140127 0.917563 0.136943 0.913978 0.136943 0.910394 0.133758 0.906810 0.133758 0.903226 0.124204 0.892473
0 0.296178 0.896057 0.296178 0.903226 0.299363 0.906810 0.305732 0.906810 0.308917 0.910394 0.312102 0.928315 0.321656 0.928315 0.334395 0.906810 0.334395 0.896057 0.324841 0.896057 0.318471 0.903226 0.315287 0.903226 0.312102 0.899642 0.305732 0.899642 0.302548 0.896057
0 0.356688 0.913978 0.350318 0.913978 0.331210 0.939068 0.328025 0.949821 0.334395 0.960573 0.347134 0.960573 0.359873 0.942652 0.359873 0.917563
0 0.092357 0.928315 0.082803 0.939068 0.082803 0.960573 0.085987 0.964158 0.089172 0.982079 0.095541 0.989247 0.108280 0.989247 0.114650 0.978495 0.114650 0.946237 0.111465 0.939068 0.101911 0.928315
0 0.130573 0.931900 0.127389 0.939068 0.127389 0.964158 0.130573 0.967742 0.130573 0.978495 0.140127 0.992832 0.149682 0.992832 0.159236 0.978495 0.159236 0.953405 0.149682 0.939068 0.146497 0.939068 0.140127 0.931900
0 0.222930 0.931900 0.219745 0.935484 0.219745 0.949821 0.232484 0.967742 0.242038 0.971326 0.245223 0.974910 0.245223 0.978495 0.248408 0.978495 0.257962 0.967742 0.254777 0.956989 0.248408 0.949821 0.248408 0.946237 0.235669 0.931900
0 0.608280 0.953405 0.598726 0.953405 0.595541 0.956989 0.592357 0.956989 0.582803 0.967742 0.582803 0.982079 0.589172 0.989247 0.601911 0.989247 0.605096 0.985663 0.605096 0.978495 0.611465 0.967742 0.611465 0.956989
0 0.175159 0.956989 0.171975 0.960573 0.171975 0.967742 0.168790 0.971326 0.168790 0.989247 0.171975 0.992832 0.200637 0.992832 0.203822 0.989247 0.203822 0.985663 0.200637 0.982079 0.200637 0.974910 0.187898 0.960573 0.184713 0.960573 0.181529 0.956989
0 0.503185 0.960573 0.496815 0.967742 0.496815 0.978495 0.503185 0.985663 0.519108 0.985663 0.525478 0.974910 0.525478 0.960573 0.522293 0.956989 0.509554 0.956989 0.506369 0.960573
