0 0.136943 0.086022 0.133758 0.089606 0.133758 0.107527 0.136943 0.111111 0.136943 0.129032 0.146497 0.143369 0.156051 0.143369 0.156051 0.111111 0.152866 0.107527 0.152866 0.100358 0.146497 0.089606
0 0.757962 0.093190 0.754777 0.093190 0.748408 0.103943 0.745223 0.103943 0.742038 0.107527 0.738854 0.107527 0.732484 0.114695 0.732484 0.125448 0.738854 0.132616 0.745223 0.132616 0.748408 0.129032 0.748408 0.125448 0.751592 0.121864 0.751592 0.107527 0.757962 0.100358
0 0.178344 0.096774 0.171975 0.107527 0.171975 0.125448 0.178344 0.132616 0.184713 0.150538 0.187898 0.150538 0.191083 0.154122 0.197452 0.154122 0.200637 0.150538 0.200637 0.132616 0.197452 0.129032 0.187898 0.103943 0.181529 0.096774
0 0.012739 0.114695 0.006369 0.114695 0.003185 0.118280 0.003185 0.132616 0.009554 0.132616 0.015924 0.125448 0.015924 0.118280
0 0.547771 0.125448 0.544586 0.121864 0.541401 0.121864 0.538217 0.118280 0.535032 0.121864 0.531847 0.121864 0.531847 0.129032 0.535032 0.132616 0.538217 0.132616 0.541401 0.129032 0.544586 0.129032
0 0.726115 0.146953 0.722930 0.143369 0.719745 0.143369 0.713376 0.150538 0.700637 0.150538 0.697452 0.154122 0.697452 0.161290 0.713376 0.161290 0.716561 0.164875 0.719745 0.164875 0.726115 0.157706
0 0.662420 0.154122 0.656051 0.164875 0.656051 0.172043 0.659236 0.175627 0.659236 0.179211 0.662420 0.182796 0.662420 0.186380 0.665605 0.186380 0.668790 0.189964 0.671975 0.189964 0.675159 0.186380 0.675159 0.175627 0.671975 0.172043 0.671975 0.154122
0 0.041401 0.157706 0.038217 0.161290 0.038217 0.172043 0.041401 0.175627 0.041401 0.179211 0.047771 0.179211 0.050955 0.175627 0.050955 0.161290 0.047771 0.157706
0 0.299363 0.164875 0.292994 0.164875 0.289809 0.168459 0.283439 0.168459 0.273885 0.179211 0.273885 0.189964 0.283439 0.200717 0.286624 0.200717 0.289809 0.197133 0.292994 0.197133 0.299363 0.189964 0.299363 0.186380 0.302548 0.182796 0.302548 0.168459
0 0.394904 0.182796 0.394904 0.193548 0.398089 0.197133 0.398089 0.200717 0.417197 0.200717 0.420382 0.197133 0.423567 0.197133 0.423567 0.179211 0.417197 0.172043 0.407643 0.172043 0.404459 0.175627 0.401274 0.175627
0 0.130573 0.182796 0.127389 0.182796 0.117834 0.189964 0.117834 0.200717 0.114650 0.204301 0.114650 0.218638 0.117834 0.222222 0.117834 0.229391 0.121019 0.232975 0.133758 0.232975 0.136943 0.229391 0.140127 0.229391 0.140127 0.225806 0.143312 0.222222 0.143312 0.204301 0.140127 0.200717 0.140127 0.189964
0 0.175159 0.193548 0.168790 0.197133 0.162420 0.211470 0.162420 0.258065 0.168790 0.272401 0.168790 0.297491 0.175159 0.297491 0.184713 0.283154 0.184713 0.265233 0.181529 0.261649 0.181529 0.211470
0 0.057325 0.215054 0.054140 0.218638 0.054140 0.229391 0.057325 0.232975 0.060510 0.232975 0.063694 0.236559 0.073248 0.236559 0.076433 0.232975 0.076433 0.229391 0.073248 0.225806 0.073248 0.222222 0.070064 0.218638 0.066879 0.218638 0.063694 0.215054
0 0.659236 0.218638 0.656051 0.222222 0.656051 0.225806 0.659236 0.229391 0.659236 0.232975 0.662420 0.236559 0.662420 0.243728 0.671975 0.243728 0.678344 0.236559 0.675159 0.232975 0.675159 0.229391 0.668790 0.222222 0.665605 0.222222 0.662420 0.218638
0 0.576433 0.225806 0.570064 0.236559 0.573248 0.240143 0.573248 0.247312 0.576433 0.250896 0.576433 0.258065 0.582803 0.265233 0.592357 0.265233 0.592357 0.261649 0.595541 0.258065 0.595541 0.232975 0.585987 0.225806
0 0.490446 0.232975 0.477707 0.232975 0.468153 0.243728 0.468153 0.247312 0.461783 0.258065 0.461783 0.265233 0.464968 0.268817 0.474522 0.268817 0.474522 0.265233 0.487261 0.250896 0.490446 0.250896 0.493631 0.247312 0.493631 0.236559
0 0.273885 0.247312 0.254777 0.247312 0.251592 0.250896 0.248408 0.250896 0.238854 0.261649 0.238854 0.279570 0.242038 0.283154 0.242038 0.286738 0.245223 0.286738 0.248408 0.290323 0.257962 0.290323 0.270701 0.275986 0.277070 0.275986 0.283439 0.268817 0.283439 0.261649
0 0.770701 0.250896 0.764331 0.258065 0.764331 0.265233 0.767516 0.268817 0.767516 0.272401 0.770701 0.272401 0.773885 0.275986 0.786624 0.275986 0.789809 0.272401 0.789809 0.254480 0.783439 0.247312 0.777070 0.247312 0.773885 0.250896
0 0.382166 0.261649 0.382166 0.275986 0.385350 0.279570 0.388535 0.279570 0.394904 0.286738 0.404459 0.286738 0.407643 0.283154 0.407643 0.275986 0.394904 0.261649
0 0.538217 0.261649 0.531847 0.268817 0.531847 0.272401 0.528662 0.275986 0.528662 0.279570 0.531847 0.283154 0.535032 0.283154 0.538217 0.286738 0.541401 0.286738 0.544586 0.290323 0.550955 0.290323 0.557325 0.283154 0.557325 0.275986 0.554140 0.272401 0.554140 0.268817 0.547771 0.261649
0 0.369427 0.304659 0.369427 0.308244 0.372611 0.311828 0.372611 0.315412 0.366242 0.322581 0.363057 0.322581 0.356688 0.329749 0.356688 0.340502 0.359873 0.344086 0.366242 0.344086 0.369427 0.340502 0.372611 0.340502 0.378981 0.329749 0.378981 0.318996 0.375796 0.315412 0.375796 0.311828
0 0.821656 0.311828 0.821656 0.318996 0.818471 0.322581 0.821656 0.326165 0.821656 0.329749 0.824841 0.333333 0.837580 0.333333 0.837580 0.329749 0.840764 0.326165 0.837580 0.322581 0.837580 0.308244 0.828025 0.308244 0.824841 0.311828
0 0.582803 0.311828 0.576433 0.311828 0.573248 0.315412 0.570064 0.315412 0.570064 0.322581 0.566879 0.326165 0.566879 0.340502 0.576433 0.351254 0.579618 0.351254 0.585987 0.344086 0.585987 0.336918 0.589172 0.333333 0.589172 0.318996
0 0.124204 0.326165 0.111465 0.326165 0.105096 0.333333 0.105096 0.340502 0.101911 0.344086 0.101911 0.358423 0.105096 0.362007 0.105096 0.365591 0.108280 0.365591 0.117834 0.372760 0.121019 0.369176 0.124204 0.369176 0.130573 0.362007 0.130573 0.358423 0.133758 0.354839 0.133758 0.336918 0.130573 0.333333 0.130573 0.329749 0.127389 0.329749
0 0.843949 0.326165 0.840764 0.329749 0.840764 0.333333 0.837580 0.336918 0.840764 0.340502 0.843949 0.340502 0.847134 0.344086 0.850318 0.344086 0.856688 0.336918 0.856688 0.333333 0.853503 0.329749 0.853503 0.326165
0 0.156051 0.329749 0.156051 0.333333 0.152866 0.336918 0.152866 0.344086 0.156051 0.347670 0.156051 0.372760 0.162420 0.379928 0.168790 0.379928 0.171975 0.376344 0.168790 0.372760 0.168790 0.362007 0.171975 0.358423 0.175159 0.347670 0.171975 0.344086 0.171975 0.340502 0.162420 0.329749
0 0.283439 0.333333 0.277070 0.333333 0.270701 0.340502 0.270701 0.344086 0.264331 0.354839 0.264331 0.362007 0.261146 0.365591 0.264331 0.369176 0.264331 0.372760 0.270701 0.379928 0.280255 0.379928 0.286624 0.372760 0.286624 0.369176 0.289809 0.365591 0.289809 0.347670 0.286624 0.344086
0 0.009554 0.340502 0.009554 0.351254 0.012739 0.354839 0.025478 0.354839 0.028662 0.358423 0.038217 0.358423 0.038217 0.351254 0.035032 0.347670 0.035032 0.344086 0.031847 0.340502 0.028662 0.340502 0.025478 0.336918 0.012739 0.336918
0 0.649682 0.344086 0.646497 0.347670 0.646497 0.358423 0.649682 0.362007 0.652866 0.379928 0.662420 0.401434 0.671975 0.405018 0.681529 0.394265 0.681529 0.379928 0.678344 0.376344 0.678344 0.369176 0.671975 0.354839 0.665605 0.347670 0.659236 0.344086
0 0.041401 0.362007 0.038217 0.362007 0.038217 0.365591 0.022293 0.383513 0.022293 0.390681 0.025478 0.394265 0.038217 0.379928 0.038217 0.376344 0.041401 0.372760 0.041401 0.369176 0.044586 0.365591
0 0.353503 0.369176 0.353503 0.379928 0.359873 0.387097 0.363057 0.387097 0.366242 0.390681 0.369427 0.387097 0.375796 0.387097 0.375796 0.376344 0.366242 0.365591 0.356688 0.365591
0 0.449045 0.372760 0.449045 0.383513 0.455414 0.390681 0.455414 0.397849 0.458599 0.401434 0.461783 0.412186 0.464968 0.412186 0.474522 0.419355 0.477707 0.415771 0.480892 0.415771 0.480892 0.412186 0.484076 0.408602 0.484076 0.397849 0.480892 0.394265 0.477707 0.383513 0.468153 0.372760 0.458599 0.372760 0.455414 0.369176 0.452229 0.372760
0 0.213376 0.372760 0.210191 0.376344 0.210191 0.387097 0.216561 0.394265 0.229299 0.394265 0.232484 0.390681 0.232484 0.376344 0.229299 0.376344 0.226115 0.372760
0 0.595541 0.387097 0.585987 0.394265 0.585987 0.419355 0.595541 0.430108 0.608280 0.430108 0.608280 0.426523 0.611465 0.422939 0.611465 0.397849 0.605096 0.387097
0 0.101911 0.397849 0.085987 0.397849 0.079618 0.405018 0.079618 0.408602 0.076433 0.412186 0.076433 0.422939 0.073248 0.426523 0.073248 0.437276 0.079618 0.448029 0.082803 0.448029 0.085987 0.444444 0.092357 0.444444 0.105096 0.430108 0.105096 0.426523 0.111465 0.415771 0.108280 0.412186 0.108280 0.405018
0 0.738854 0.401434 0.738854 0.415771 0.742038 0.419355 0.745223 0.419355 0.751592 0.426523 0.757962 0.426523 0.761146 0.422939 0.767516 0.422939 0.777070 0.415771 0.777070 0.405018 0.767516 0.397849 0.742038 0.397849
0 0.210191 0.415771 0.203822 0.415771 0.203822 0.419355 0.200637 0.422939 0.200637 0.433692 0.203822 0.437276 0.213376 0.426523 0.213376 0.419355
0 0.238854 0.426523 0.235669 0.430108 0.235669 0.440860 0.238854 0.440860 0.242038 0.444444 0.245223 0.444444 0.248408 0.440860 0.245223 0.437276 0.245223 0.430108 0.242038 0.426523
0 0.175159 0.433692 0.168790 0.433692 0.168790 0.437276 0.156051 0.451613 0.156051 0.455197 0.149682 0.465950 0.149682 0.476703 0.152866 0.476703 0.156051 0.473118 0.156051 0.469534 0.165605 0.458781 0.168790 0.448029 0.175159 0.440860
0 0.474522 0.465950 0.471338 0.462366 0.468153 0.462366 0.464968 0.465950 0.461783 0.462366 0.458599 0.465950 0.455414 0.465950 0.452229 0.469534 0.452229 0.473118 0.455414 0.476703 0.464968 0.476703 0.468153 0.473118 0.471338 0.473118 0.474522 0.469534
0 0.684713 0.462366 0.675159 0.473118 0.668790 0.487455 0.668790 0.498208 0.678344 0.516129 0.684713 0.537634 0.700637 0.551971 0.707006 0.548387 0.716561 0.516129 0.694268 0.487455 0.684713 0.483871 0.687898 0.476703 0.687898 0.465950
0 0.410828 0.498208 0.414013 0.501792 0.423567 0.501792 0.426752 0.505376 0.436306 0.505376 0.439490 0.501792 0.439490 0.494624 0.429936 0.483871 0.423567 0.483871
0 0.891720 0.483871 0.885350 0.491039 0.885350 0.501792 0.888535 0.505376 0.888535 0.508961 0.901274 0.508961 0.901274 0.505376 0.904459 0.501792 0.904459 0.498208 0.901274 0.494624 0.901274 0.491039 0.898089 0.487455 0.894904 0.487455
0 0.831210 0.491039 0.828025 0.494624 0.828025 0.501792 0.834395 0.508961 0.834395 0.516129 0.837580 0.519713 0.837580 0.523297 0.840764 0.526882 0.847134 0.526882 0.847134 0.516129 0.840764 0.508961 0.840764 0.505376 0.837580 0.501792 0.837580 0.494624 0.834395 0.494624
0 0.092357 0.516129 0.092357 0.526882 0.095541 0.530466 0.101911 0.530466 0.105096 0.526882 0.108280 0.526882 0.108280 0.516129 0.105096 0.512545 0.095541 0.512545
0 0.187898 0.519713 0.181529 0.526882 0.181529 0.534050 0.178344 0.537634 0.178344 0.551971 0.184713 0.562724 0.194268 0.562724 0.200637 0.555556 0.200637 0.534050 0.197452 0.530466 0.197452 0.526882 0.191083 0.519713
0 0.433121 0.519713 0.429936 0.519713 0.426752 0.523297 0.423567 0.523297 0.417197 0.530466 0.414013 0.530466 0.410828 0.534050 0.410828 0.537634 0.414013 0.541219 0.420382 0.541219 0.429936 0.530466 0.429936 0.526882 0.433121 0.523297
0 0.353503 0.523297 0.347134 0.523297 0.340764 0.530466 0.340764 0.537634 0.350318 0.537634 0.353503 0.534050
0 0.777070 0.534050 0.770701 0.541219 0.770701 0.555556 0.773885 0.559140 0.773885 0.562724 0.780255 0.569892 0.789809 0.569892 0.796178 0.562724 0.796178 0.548387 0.792994 0.544803 0.792994 0.541219 0.786624 0.534050
0 0.363057 0.537634 0.359873 0.541219 0.359873 0.548387 0.363057 0.551971 0.369427 0.551971 0.372611 0.548387 0.372611 0.544803 0.369427 0.541219 0.369427 0.537634
0 0.162420 0.544803 0.159236 0.548387 0.159236 0.587814 0.162420 0.591398 0.162420 0.594982 0.165605 0.594982 0.168790 0.591398 0.168790 0.559140 0.165605 0.555556 0.165605 0.548387
0 0.286624 0.562724 0.277070 0.562724 0.267516 0.569892 0.267516 0.573477 0.261146 0.584229 0.261146 0.591398 0.264331 0.594982 0.277070 0.594982 0.280255 0.591398 0.280255 0.587814 0.283439 0.584229 0.283439 0.580645 0.289809 0.569892 0.286624 0.566308
0 0.417197 0.569892 0.414013 0.569892 0.410828 0.573477 0.410828 0.577061 0.404459 0.584229 0.404459 0.587814 0.401274 0.591398 0.401274 0.602151 0.404459 0.605735 0.404459 0.609319 0.410828 0.616487 0.417197 0.616487 0.420382 0.612903 0.420382 0.598566 0.417197 0.594982 0.417197 0.587814 0.420382 0.584229 0.420382 0.573477
0 0.369427 0.573477 0.359873 0.573477 0.356688 0.577061 0.356688 0.580645 0.353503 0.584229 0.353503 0.587814 0.350318 0.591398 0.350318 0.594982 0.356688 0.594982 0.359873 0.591398 0.363057 0.591398 0.369427 0.584229
0 0.875796 0.577061 0.866242 0.584229 0.866242 0.602151 0.869427 0.605735 0.869427 0.612903 0.888535 0.637993 0.894904 0.637993 0.901274 0.630824 0.901274 0.587814 0.891720 0.577061
0 0.299363 0.594982 0.296178 0.594982 0.289809 0.602151 0.289809 0.605735 0.292994 0.609319 0.296178 0.609319 0.302548 0.602151 0.302548 0.598566
0 0.757962 0.594982 0.754777 0.598566 0.754777 0.612903 0.757962 0.616487 0.757962 0.620072 0.764331 0.620072 0.764331 0.609319 0.761146 0.605735 0.761146 0.598566
0 0.719745 0.605735 0.716561 0.612903 0.716561 0.630824 0.719745 0.634409 0.719745 0.673835 0.726115 0.677419 0.732484 0.666667 0.732484 0.659498 0.735669 0.655914 0.735669 0.645161 0.738854 0.637993 0.735669 0.634409 0.735669 0.623656 0.732484 0.616487 0.722930 0.605735
0 0.585987 0.612903 0.576433 0.620072 0.566879 0.620072 0.563694 0.623656 0.563694 0.627240 0.566879 0.630824 0.563694 0.634409 0.563694 0.637993 0.570064 0.648746 0.582803 0.648746 0.585987 0.645161 0.585987 0.623656 0.589172 0.620072 0.589172 0.616487
0 0.366242 0.627240 0.363057 0.630824 0.363057 0.641577 0.366242 0.645161 0.375796 0.645161 0.375796 0.630824 0.372611 0.627240
0 0.391720 0.634409 0.388535 0.637993 0.388535 0.655914 0.394904 0.655914 0.398089 0.659498 0.401274 0.659498 0.404459 0.655914 0.404459 0.648746
0 0.761146 0.637993 0.757962 0.641577 0.754777 0.641577 0.754777 0.648746 0.757962 0.652330 0.764331 0.652330 0.764331 0.641577
0 0.089172 0.648746 0.089172 0.652330 0.092357 0.655914 0.092357 0.659498 0.095541 0.659498 0.098726 0.663082 0.108280 0.663082 0.111465 0.666667 0.114650 0.663082 0.117834 0.663082 0.117834 0.659498 0.121019 0.655914 0.121019 0.652330 0.117834 0.648746 0.108280 0.648746 0.105096 0.645161 0.092357 0.645161
0 0.662420 0.652330 0.656051 0.652330 0.652866 0.655914 0.652866 0.659498 0.646497 0.666667 0.646497 0.673835 0.649682 0.677419 0.652866 0.677419 0.656051 0.673835 0.659236 0.673835 0.665605 0.666667 0.665605 0.655914
0 0.445860 0.666667 0.436306 0.666667 0.429936 0.673835 0.429936 0.688172 0.433121 0.691756 0.439490 0.691756 0.442675 0.688172 0.445860 0.688172 0.445860 0.684588 0.449045 0.681004 0.449045 0.670251
0 0.356688 0.670251 0.350318 0.670251 0.343949 0.677419 0.343949 0.691756 0.350318 0.698925 0.359873 0.688172 0.359873 0.684588 0.363057 0.681004 0.363057 0.677419
0 0.633758 0.698925 0.630573 0.702509 0.630573 0.713262 0.633758 0.716846 0.633758 0.720430 0.636943 0.724014 0.640127 0.724014 0.646497 0.731183 0.646497 0.734767 0.652866 0.734767 0.652866 0.720430 0.649682 0.716846 0.649682 0.713262 0.643312 0.706093 0.643312 0.702509 0.640127 0.698925
0 0.401274 0.709677 0.394904 0.716846 0.398089 0.720430 0.398089 0.727599 0.401274 0.731183 0.407643 0.731183 0.407643 0.727599 0.410828 0.724014 0.410828 0.713262 0.407643 0.709677
0 0.464968 0.716846 0.464968 0.727599 0.468153 0.731183 0.477707 0.731183 0.477707 0.720430 0.474522 0.716846
0 0.175159 0.724014 0.171975 0.727599 0.171975 0.741935 0.175159 0.745520 0.175159 0.752688 0.178344 0.752688 0.181529 0.756272 0.184713 0.756272 0.187898 0.752688 0.191083 0.752688 0.191083 0.738351 0.184713 0.731183 0.184713 0.727599 0.181529 0.724014
0 0.404459 0.734767 0.401274 0.734767 0.398089 0.731183 0.394904 0.731183 0.382166 0.745520 0.382166 0.756272 0.385350 0.759857 0.391720 0.759857 0.398089 0.752688 0.398089 0.741935
0 0.589172 0.731183 0.579618 0.731183 0.576433 0.734767 0.570064 0.734767 0.566879 0.738351 0.563694 0.738351 0.563694 0.741935 0.560510 0.745520 0.560510 0.756272 0.566879 0.763441 0.573248 0.763441 0.576433 0.759857 0.589172 0.759857 0.595541 0.749104 0.595541 0.745520 0.592357 0.741935 0.592357 0.734767
0 0.767516 0.741935 0.761146 0.734767 0.757962 0.738351 0.754777 0.738351 0.748408 0.745520 0.745223 0.745520 0.738854 0.752688 0.738854 0.759857 0.742038 0.763441 0.745223 0.759857 0.748408 0.759857 0.751592 0.756272 0.754777 0.756272
0 0.047771 0.767025 0.044586 0.770609 0.044586 0.784946 0.047771 0.788530 0.054140 0.788530 0.054140 0.784946 0.057325 0.781362 0.057325 0.770609 0.054140 0.767025
0 0.168790 0.774194 0.168790 0.784946 0.171975 0.784946 0.175159 0.788530 0.187898 0.788530 0.191083 0.784946 0.191083 0.777778 0.184713 0.770609 0.171975 0.770609
0 0.296178 0.777778 0.296178 0.792115 0.299363 0.795699 0.305732 0.795699 0.308917 0.799283 0.315287 0.799283 0.318471 0.802867 0.321656 0.802867 0.324841 0.799283 0.321656 0.795699 0.321656 0.792115 0.318471 0.792115 0.308917 0.781362 0.305732 0.781362 0.302548 0.777778
0 0.117834 0.781362 0.101911 0.795699 0.101911 0.813620 0.111465 0.827957 0.114650 0.827957 0.121019 0.835125 0.127389 0.835125 0.136943 0.820789 0.136943 0.795699 0.133758 0.792115 0.133758 0.788530 0.130573 0.788530 0.124204 0.781362
0 0.738854 0.813620 0.742038 0.817204 0.754777 0.817204 0.757962 0.813620 0.770701 0.813620 0.773885 0.810036 0.773885 0.802867 0.770701 0.799283 0.751592 0.799283 0.748408 0.802867 0.745223 0.802867 0.738854 0.810036
0 0.238854 0.820789 0.235669 0.824373 0.235669 0.831541 0.245223 0.842294 0.254777 0.842294 0.257962 0.838710 0.257962 0.831541 0.248408 0.820789
0 0.773885 0.838710 0.767516 0.831541 0.757962 0.831541 0.754777 0.835125 0.748408 0.835125 0.745223 0.838710 0.742038 0.838710 0.738854 0.842294 0.738854 0.849462 0.773885 0.849462
0 0.805732 0.835125 0.796178 0.835125 0.789809 0.845878 0.789809 0.856631 0.786624 0.860215 0.786624 0.867384 0.783439 0.870968 0.783439 0.888889 0.786624 0.888889 0.799363 0.870968 0.799363 0.856631 0.805732 0.845878
0 0.356688 0.845878 0.359873 0.849462 0.363057 0.849462 0.366242 0.853047 0.369427 0.853047 0.375796 0.860215 0.385350 0.860215 0.391720 0.853047 0.391720 0.845878 0.388535 0.842294 0.382166 0.842294 0.378981 0.838710 0.375796 0.838710 0.372611 0.842294 0.359873 0.842294
0 0.687898 0.838710 0.681529 0.838710 0.671975 0.845878 0.671975 0.849462 0.668790 0.853047 0.668790 0.874552 0.675159 0.874552 0.684713 0.867384 0.684713 0.863799 0.687898 0.860215 0.687898 0.849462 0.691083 0.845878 0.687898 0.842294
0 0.538217 0.845878 0.535032 0.845878 0.531847 0.842294 0.525478 0.842294 0.522293 0.845878 0.512739 0.845878 0.509554 0.849462 0.509554 0.853047 0.506369 0.856631 0.512739 0.863799 0.515924 0.863799 0.522293 0.856631 0.528662 0.856631 0.531847 0.853047 0.535032 0.853047 0.538217 0.849462
0 0.611465 0.845878 0.611465 0.849462 0.608280 0.853047 0.614650 0.860215 0.617834 0.860215 0.624204 0.853047 0.621019 0.849462 0.621019 0.845878
0 0.280255 0.867384 0.277070 0.870968 0.277070 0.881720 0.280255 0.881720 0.283439 0.885305 0.286624 0.885305 0.292994 0.878136 0.292994 0.874552 0.289809 0.870968 0.286624 0.870968 0.283439 0.867384
0 0.299363 0.867384 0.296178 0.870968 0.296178 0.878136 0.299363 0.881720 0.299363 0.885305 0.308917 0.885305 0.308917 0.874552 0.302548 0.867384
0 0.538217 0.888889 0.525478 0.906810 0.525478 0.917563 0.528662 0.921147 0.528662 0.924731 0.531847 0.924731 0.535032 0.928315 0.544586 0.928315 0.550955 0.917563 0.550955 0.899642 0.547771 0.896057 0.547771 0.892473
0 0.471338 0.896057 0.461783 0.896057 0.449045 0.910394 0.449045 0.917563 0.436306 0.942652 0.436306 0.949821 0.442675 0.949821 0.452229 0.939068 0.458599 0.939068 0.468153 0.924731 0.474522 0.924731 0.471338 0.921147 0.474522 0.917563 0.474522 0.899642
0 0.576433 0.928315 0.570064 0.953405 0.579618 0.967742 0.595541 0.978495 0.605096 0.978495 0.608280 0.982079 0.624204 0.982079 0.630573 0.978495 0.633758 0.967742 0.611465 0.935484 0.592357 0.924731 0.579618 0.924731
0 0.480892 0.928315 0.471338 0.928315 0.471338 0.931900 0.468153 0.935484 0.464968 0.935484 0.458599 0.942652 0.458599 0.949821 0.461783 0.953405 0.461783 0.956989 0.464968 0.956989 0.468153 0.960573 0.468153 0.964158 0.471338 0.964158 0.471338 0.946237 0.480892 0.935484
0 0.410828 0.935484 0.404459 0.935484 0.391720 0.949821 0.391720 0.956989 0.388535 0.960573 0.388535 0.978495 0.391720 0.982079 0.398089 0.982079 0.404459 0.974910 0.407643 0.974910 0.417197 0.956989 0.417197 0.942652
0 0.789809 0.956989 0.783439 0.964158 0.783439 0.971326 0.780255 0.974910 0.780255 0.989247 0.783439 0.992832 0.789809 0.992832 0.792994 0.996416 0.796178 0.992832 0.815287 0.992832 0.818471 0.989247 0.818471 0.974910 0.815287 0.971326 0.815287 0.967742 0.805732 0.956989
