0 0.735669 0.100358 0.735669 0.103943 0.732484 0.107527 0.732484 0.114695 0.735669 0.118280 0.735669 0.125448 0.742038 0.132616 0.754777 0.132616 0.761146 0.121864 0.761146 0.107527 0.754777 0.100358 0.748408 0.100358 0.745223 0.096774 0.742038 0.100358
0 0.665605 0.100358 0.652866 0.100358 0.633758 0.114695 0.633758 0.118280 0.627389 0.125448 0.627389 0.143369 0.633758 0.154122 0.640127 0.157706 0.652866 0.157706 0.656051 0.154122 0.662420 0.136201 0.668790 0.129032 0.665605 0.125448 0.665605 0.118280 0.668790 0.114695
0 0.041401 0.118280 0.041401 0.129032 0.057325 0.139785 0.079618 0.139785 0.098726 0.129032 0.092357 0.118280 0.079618 0.111111 0.073248 0.111111 0.070064 0.107527 0.057325 0.107527 0.054140 0.111111 0.047771 0.111111
0 0.449045 0.114695 0.442675 0.114695 0.439490 0.118280 0.433121 0.118280 0.426752 0.125448 0.426752 0.136201 0.433121 0.146953 0.452229 0.146953 0.455414 0.143369 0.455414 0.121864
0 0.490446 0.114695 0.484076 0.121864 0.484076 0.129032 0.480892 0.132616 0.484076 0.136201 0.484076 0.143369 0.487261 0.146953 0.496815 0.146953 0.500000 0.143369 0.503185 0.143369 0.503185 0.139785 0.506369 0.136201 0.506369 0.132616 0.509554 0.129032 0.509554 0.125448 0.500000 0.114695
0 0.401274 0.121864 0.394904 0.121864 0.378981 0.132616 0.369427 0.132616 0.366242 0.136201 0.347134 0.139785 0.347134 0.157706 0.356688 0.168459 0.363057 0.168459 0.366242 0.172043 0.375796 0.172043 0.378981 0.175627 0.388535 0.172043 0.398089 0.161290 0.404459 0.143369
0 0.799363 0.125448 0.792994 0.132616 0.792994 0.146953 0.796178 0.150538 0.799363 0.150538 0.808917 0.157706 0.821656 0.157706 0.821656 0.154122 0.824841 0.150538 0.824841 0.132616 0.818471 0.125448 0.815287 0.125448 0.812102 0.121864 0.805732 0.121864 0.802548 0.125448
0 0.334395 0.125448 0.324841 0.132616 0.324841 0.136201 0.318471 0.146953 0.318471 0.157706 0.324841 0.164875 0.334395 0.164875 0.340764 0.157706 0.343949 0.157706 0.343949 0.139785 0.340764 0.136201 0.340764 0.132616
0 0.671975 0.129032 0.665605 0.136201 0.656051 0.157706 0.656051 0.168459 0.659236 0.172043 0.659236 0.179211 0.662420 0.186380 0.668790 0.189964 0.678344 0.189964 0.684713 0.182796 0.691083 0.168459 0.691083 0.161290 0.694268 0.157706 0.694268 0.143369 0.681529 0.129032
0 0.098726 0.132616 0.095541 0.136201 0.089172 0.136201 0.085987 0.139785 0.076433 0.143369 0.076433 0.146953 0.073248 0.150538 0.073248 0.172043 0.085987 0.182796 0.092357 0.182796 0.095541 0.179211 0.098726 0.179211 0.108280 0.168459 0.108280 0.164875 0.114650 0.154122 0.111465 0.143369
0 0.184713 0.150538 0.187898 0.154122 0.187898 0.157706 0.197452 0.164875 0.213376 0.164875 0.222930 0.157706 0.222930 0.150538 0.226115 0.146953 0.222930 0.143369 0.222930 0.136201 0.219745 0.136201 0.216561 0.132616 0.200637 0.132616 0.194268 0.139785 0.191083 0.139785
0 0.713376 0.132616 0.710191 0.136201 0.707006 0.146953 0.710191 0.150538 0.713376 0.161290 0.729299 0.179211 0.732484 0.179211 0.738854 0.172043 0.738854 0.157706 0.735669 0.154122 0.735669 0.150538 0.719745 0.132616
0 0.764331 0.139785 0.757962 0.139785 0.748408 0.150538 0.748408 0.172043 0.757962 0.179211 0.767516 0.175627 0.773885 0.164875 0.773885 0.146953
0 0.592357 0.143369 0.585987 0.143369 0.582803 0.146953 0.579618 0.146953 0.570064 0.164875 0.570064 0.179211 0.582803 0.189964 0.598726 0.186380 0.608280 0.172043 0.605096 0.154122
0 0.060510 0.146953 0.050955 0.157706 0.050955 0.161290 0.054140 0.164875 0.057325 0.164875 0.060510 0.168459 0.063694 0.164875 0.070064 0.164875 0.070064 0.154122 0.066879 0.150538 0.063694 0.150538
0 0.875796 0.150538 0.863057 0.150538 0.853503 0.161290 0.850318 0.161290 0.840764 0.175627 0.840764 0.193548 0.847134 0.200717 0.856688 0.200717 0.872611 0.179211 0.872611 0.172043 0.878981 0.164875 0.878981 0.154122
0 0.353503 0.182796 0.347134 0.189964 0.347134 0.197133 0.343949 0.200717 0.343949 0.207885 0.350318 0.218638 0.356688 0.218638 0.359873 0.222222 0.366242 0.222222 0.375796 0.215054 0.375796 0.197133 0.363057 0.182796
0 0.636943 0.186380 0.627389 0.197133 0.627389 0.207885 0.636943 0.218638 0.656051 0.218638 0.662420 0.211470 0.662420 0.207885 0.659236 0.204301 0.659236 0.197133 0.652866 0.189964 0.649682 0.189964 0.646497 0.186380
0 0.713376 0.186380 0.703822 0.186380 0.700637 0.189964 0.697452 0.189964 0.697452 0.193548 0.691083 0.200717 0.691083 0.215054 0.694268 0.218638 0.694268 0.222222 0.703822 0.229391 0.713376 0.225806 0.719745 0.215054 0.719745 0.193548
0 0.175159 0.189964 0.168790 0.189964 0.162420 0.193548 0.162420 0.197133 0.156051 0.204301 0.149682 0.218638 0.149682 0.225806 0.143312 0.236559 0.143312 0.247312 0.156051 0.247312 0.178344 0.225806 0.184713 0.211470 0.184713 0.200717
0 0.433121 0.197133 0.433121 0.200717 0.436306 0.204301 0.436306 0.207885 0.445860 0.207885 0.449045 0.204301 0.452229 0.204301 0.452229 0.200717 0.455414 0.197133 0.455414 0.193548 0.452229 0.189964 0.439490 0.189964
0 0.585987 0.200717 0.570064 0.200717 0.570064 0.207885 0.563694 0.215054 0.563694 0.218638 0.566879 0.215054 0.570064 0.218638 0.570064 0.229391 0.573248 0.229391 0.576433 0.225806 0.579618 0.225806 0.592357 0.211470 0.592357 0.207885
0 0.761146 0.200717 0.751592 0.215054 0.751592 0.229391 0.748408 0.232975 0.751592 0.236559 0.751592 0.247312 0.761146 0.254480 0.767516 0.254480 0.770701 0.250896 0.773885 0.250896 0.780255 0.229391 0.777070 0.225806 0.777070 0.215054 0.773885 0.211470 0.773885 0.207885 0.767516 0.200717
0 0.254777 0.218638 0.238854 0.207885 0.213376 0.207885 0.203822 0.211470 0.181529 0.236559 0.175159 0.250896 0.178344 0.268817 0.187898 0.275986 0.207006 0.272401 0.235669 0.243728 0.248408 0.236559 0.254777 0.229391
0 0.792994 0.222222 0.792994 0.232975 0.799363 0.240143 0.802548 0.240143 0.812102 0.247312 0.828025 0.247312 0.834395 0.240143 0.834395 0.229391 0.831210 0.225806 0.831210 0.222222 0.821656 0.215054 0.799363 0.215054
0 0.863057 0.232975 0.863057 0.243728 0.872611 0.254480 0.878981 0.254480 0.882166 0.250896 0.891720 0.250896 0.894904 0.247312 0.894904 0.240143 0.891720 0.236559 0.891720 0.232975 0.882166 0.225806 0.869427 0.225806
0 0.050955 0.240143 0.041401 0.240143 0.038217 0.236559 0.028662 0.236559 0.019108 0.247312 0.009554 0.268817 0.009554 0.275986 0.006369 0.279570 0.009554 0.290323 0.019108 0.297491 0.022293 0.293907 0.035032 0.290323 0.044586 0.279570 0.054140 0.275986 0.060510 0.268817 0.060510 0.247312
0 0.493631 0.243728 0.487261 0.236559 0.480892 0.236559 0.474522 0.243728 0.458599 0.250896 0.452229 0.258065 0.452229 0.268817 0.455414 0.272401 0.455414 0.275986 0.458599 0.275986 0.461783 0.279570 0.477707 0.279570 0.490446 0.265233 0.490446 0.261649 0.493631 0.258065
0 0.121019 0.243728 0.117834 0.243728 0.114650 0.240143 0.108280 0.240143 0.105096 0.243728 0.101911 0.243728 0.092357 0.254480 0.092357 0.258065 0.089172 0.261649 0.089172 0.279570 0.095541 0.286738 0.111465 0.286738 0.117834 0.279570 0.121019 0.279570 0.121019 0.275986 0.127389 0.265233 0.127389 0.254480
0 0.347134 0.250896 0.347134 0.265233 0.356688 0.275986 0.375796 0.286738 0.391720 0.286738 0.398089 0.279570 0.398089 0.268817 0.394904 0.261649 0.385350 0.250896 0.378981 0.247312 0.372611 0.247312 0.369427 0.243728 0.356688 0.243728
0 0.742038 0.250896 0.735669 0.250896 0.732484 0.254480 0.732484 0.258065 0.729299 0.261649 0.729299 0.268817 0.719745 0.279570 0.719745 0.290323 0.722930 0.293907 0.732484 0.290323 0.735669 0.286738 0.738854 0.275986 0.745223 0.268817 0.745223 0.261649 0.742038 0.258065
0 0.843949 0.279570 0.837580 0.290323 0.837580 0.293907 0.840764 0.297491 0.840764 0.304659 0.843949 0.308244 0.843949 0.311828 0.853503 0.322581 0.863057 0.326165 0.872611 0.315412 0.872611 0.301075 0.859873 0.286738 0.856688 0.286738 0.850318 0.279570
0 0.315287 0.283154 0.308917 0.293907 0.308917 0.301075 0.315287 0.311828 0.318471 0.311828 0.321656 0.315412 0.324841 0.315412 0.328025 0.311828 0.331210 0.311828 0.337580 0.304659 0.337580 0.301075 0.334395 0.297491 0.334395 0.293907 0.324841 0.283154
0 0.777070 0.286738 0.761146 0.286738 0.751592 0.293907 0.738854 0.311828 0.738854 0.318996 0.735669 0.322581 0.742038 0.340502 0.742038 0.358423 0.748408 0.365591 0.761146 0.365591 0.767516 0.362007 0.780255 0.344086 0.780255 0.336918 0.783439 0.333333 0.783439 0.297491
0 0.531847 0.293907 0.528662 0.293907 0.525478 0.290323 0.519108 0.290323 0.509554 0.297491 0.509554 0.301075 0.503185 0.311828 0.503185 0.329749 0.506369 0.333333 0.512739 0.333333 0.528662 0.318996 0.528662 0.315412 0.531847 0.311828
0 0.232484 0.297491 0.226115 0.304659 0.226115 0.315412 0.229299 0.318996 0.232484 0.329749 0.235669 0.329749 0.238854 0.333333 0.254777 0.333333 0.257962 0.329749 0.261146 0.329749 0.261146 0.311828 0.254777 0.304659 0.254777 0.301075 0.245223 0.293907 0.242038 0.293907 0.238854 0.297491
0 0.175159 0.333333 0.178344 0.333333 0.181529 0.336918 0.184713 0.333333 0.187898 0.336918 0.191083 0.333333 0.200637 0.333333 0.210191 0.322581 0.210191 0.315412 0.203822 0.308244 0.184713 0.308244 0.175159 0.315412
0 0.019108 0.311828 0.012739 0.311828 0.009554 0.315412 0.006369 0.311828 0.006369 0.315412 0.003185 0.318996 0.003185 0.358423 0.006369 0.362007 0.009554 0.358423 0.015924 0.358423 0.019108 0.354839 0.022293 0.354839 0.031847 0.344086 0.031847 0.333333 0.028662 0.329749 0.028662 0.322581
0 0.617834 0.318996 0.608280 0.329749 0.605096 0.340502 0.614650 0.365591 0.643312 0.387097 0.659236 0.387097 0.665605 0.383513 0.675159 0.362007 0.671975 0.344086 0.665605 0.336918 0.646497 0.329749 0.643312 0.322581 0.636943 0.318996
0 0.445860 0.336918 0.439490 0.344086 0.439490 0.358423 0.442675 0.362007 0.442675 0.365591 0.449045 0.365591 0.452229 0.369176 0.464968 0.369176 0.471338 0.362007 0.471338 0.354839 0.474522 0.351254 0.474522 0.340502 0.471338 0.336918 0.471338 0.333333 0.452229 0.333333 0.449045 0.336918
0 0.719745 0.333333 0.707006 0.333333 0.700637 0.340502 0.697452 0.354839 0.694268 0.358423 0.694268 0.383513 0.697452 0.390681 0.710191 0.401434 0.719745 0.397849 0.726115 0.390681 0.726115 0.383513 0.729299 0.379928 0.729299 0.354839
0 0.519108 0.344086 0.509554 0.354839 0.509554 0.369176 0.506369 0.372760 0.509554 0.376344 0.509554 0.379928 0.515924 0.387097 0.528662 0.387097 0.535032 0.379928 0.535032 0.376344 0.538217 0.372760 0.538217 0.354839 0.531847 0.347670 0.528662 0.347670 0.525478 0.344086
0 0.592357 0.347670 0.576433 0.347670 0.573248 0.351254 0.570064 0.351254 0.570064 0.354839 0.566879 0.358423 0.566879 0.372760 0.573248 0.379928 0.579618 0.379928 0.582803 0.376344 0.585987 0.376344 0.595541 0.365591 0.595541 0.351254
0 0.098726 0.354839 0.098726 0.372760 0.101911 0.376344 0.101911 0.379928 0.108280 0.387097 0.117834 0.387097 0.117834 0.383513 0.121019 0.379928 0.117834 0.376344 0.117834 0.369176 0.114650 0.365591 0.114650 0.362007 0.111465 0.362007 0.108280 0.358423 0.108280 0.354839
0 0.273885 0.362007 0.270701 0.369176 0.270701 0.390681 0.283439 0.401434 0.299363 0.401434 0.312102 0.394265 0.321656 0.376344 0.321656 0.365591 0.305732 0.354839 0.283439 0.354839
0 0.487261 0.358423 0.480892 0.365591 0.480892 0.372760 0.477707 0.376344 0.477707 0.379928 0.480892 0.383513 0.480892 0.387097 0.487261 0.397849 0.496815 0.397849 0.503185 0.387097 0.503185 0.376344 0.500000 0.372760 0.500000 0.369176 0.490446 0.358423
0 0.808917 0.362007 0.799363 0.369176 0.799363 0.390681 0.805732 0.397849 0.805732 0.401434 0.808917 0.401434 0.812102 0.405018 0.821656 0.405018 0.824841 0.401434 0.828025 0.401434 0.828025 0.397849 0.831210 0.394265 0.831210 0.379928 0.828025 0.376344 0.828025 0.372760 0.821656 0.365591 0.818471 0.365591 0.815287 0.362007
0 0.006369 0.401434 0.009554 0.405018 0.009554 0.408602 0.022293 0.419355 0.044586 0.419355 0.047771 0.415771 0.054140 0.415771 0.057325 0.412186 0.060510 0.412186 0.060510 0.397849 0.057325 0.397849 0.047771 0.390681 0.022293 0.390681 0.019108 0.394265 0.012739 0.394265
0 0.461783 0.390681 0.458599 0.390681 0.455414 0.394265 0.449045 0.394265 0.442675 0.405018 0.442675 0.426523 0.452229 0.437276 0.464968 0.437276 0.471338 0.430108 0.471338 0.426523 0.474522 0.422939 0.474522 0.405018 0.471338 0.401434 0.471338 0.397849
0 0.671975 0.390681 0.662420 0.401434 0.662420 0.415771 0.668790 0.422939 0.681529 0.422939 0.684713 0.419355 0.684713 0.397849 0.678344 0.390681
0 0.531847 0.397849 0.522293 0.408602 0.522293 0.412186 0.519108 0.415771 0.519108 0.437276 0.525478 0.444444 0.528662 0.444444 0.531847 0.448029 0.538217 0.448029 0.541401 0.444444 0.547771 0.444444 0.550955 0.440860 0.550955 0.437276 0.554140 0.433692 0.554140 0.422939 0.557325 0.419355 0.554140 0.415771 0.554140 0.408602 0.547771 0.401434 0.544586 0.401434 0.541401 0.397849
0 0.382166 0.401434 0.359873 0.437276 0.356688 0.458781 0.369427 0.483871 0.375796 0.487455 0.391720 0.487455 0.407643 0.455197 0.414013 0.426523 0.410828 0.415771 0.401274 0.405018
0 0.636943 0.408602 0.630573 0.419355 0.630573 0.426523 0.627389 0.430108 0.627389 0.440860 0.633758 0.451613 0.643312 0.451613 0.652866 0.440860 0.652866 0.437276 0.656051 0.433692 0.656051 0.419355 0.652866 0.415771 0.652866 0.412186 0.649682 0.412186 0.646497 0.408602
0 0.232484 0.422939 0.222930 0.437276 0.222930 0.458781 0.226115 0.462366 0.226115 0.465950 0.245223 0.465950 0.261146 0.448029 0.261146 0.430108 0.251592 0.422939
0 0.197452 0.426523 0.187898 0.426523 0.184713 0.430108 0.181529 0.430108 0.171975 0.440860 0.168790 0.440860 0.165605 0.444444 0.165605 0.448029 0.168790 0.451613 0.171975 0.448029 0.178344 0.448029 0.181529 0.444444 0.184713 0.444444 0.187898 0.440860 0.191083 0.440860 0.197452 0.433692
0 0.092357 0.430108 0.079618 0.430108 0.076433 0.433692 0.073248 0.433692 0.073248 0.437276 0.070064 0.440860 0.070064 0.455197 0.073248 0.458781 0.079618 0.458781 0.082803 0.462366 0.085987 0.462366 0.095541 0.455197 0.095541 0.451613 0.101911 0.440860 0.098726 0.437276 0.098726 0.433692 0.095541 0.433692
0 0.700637 0.437276 0.697452 0.440860 0.694268 0.440860 0.694268 0.451613 0.691083 0.455197 0.691083 0.458781 0.694268 0.462366 0.691083 0.465950 0.694268 0.469534 0.694268 0.480287 0.697452 0.483871 0.707006 0.483871 0.713376 0.476703 0.713376 0.455197 0.710191 0.451613 0.707006 0.440860 0.703822 0.440860
0 0.671975 0.444444 0.665605 0.444444 0.659236 0.451613 0.659236 0.455197 0.652866 0.465950 0.652866 0.480287 0.656051 0.483871 0.668790 0.483871 0.671975 0.480287 0.675159 0.480287 0.681529 0.469534 0.681529 0.462366 0.678344 0.458781 0.678344 0.451613
0 0.315287 0.458781 0.305732 0.448029 0.299363 0.448029 0.296178 0.451613 0.292994 0.451613 0.289809 0.462366 0.283439 0.469534 0.283439 0.473118 0.273885 0.480287 0.270701 0.491039 0.273885 0.494624 0.283439 0.494624 0.292994 0.483871 0.296178 0.473118 0.302548 0.465950 0.315287 0.465950
0 0.178344 0.469534 0.175159 0.473118 0.171975 0.473118 0.168790 0.476703 0.165605 0.476703 0.159236 0.483871 0.171975 0.505376 0.175159 0.501792 0.181529 0.501792 0.187898 0.494624 0.187898 0.491039 0.191083 0.487455 0.191083 0.483871 0.187898 0.480287 0.187898 0.476703
0 0.490446 0.469534 0.480892 0.469534 0.477707 0.473118 0.474522 0.473118 0.471338 0.476703 0.461783 0.480287 0.464968 0.483871 0.464968 0.487455 0.468153 0.491039 0.471338 0.501792 0.477707 0.508961 0.480892 0.505376 0.490446 0.501792 0.496815 0.494624 0.496815 0.480287 0.490446 0.473118
0 0.461783 0.483871 0.455414 0.483871 0.449045 0.494624 0.449045 0.501792 0.445860 0.505376 0.445860 0.516129 0.442675 0.519713 0.442675 0.534050 0.449045 0.544803 0.455414 0.544803 0.464968 0.537634 0.464968 0.530466 0.468153 0.526882 0.468153 0.516129 0.474522 0.508961 0.468153 0.501792
0 0.159236 0.487455 0.152866 0.487455 0.149682 0.491039 0.146497 0.491039 0.140127 0.498208 0.140127 0.501792 0.136943 0.505376 0.136943 0.512545 0.143312 0.519713 0.152866 0.519713 0.156051 0.516129 0.159236 0.516129 0.168790 0.505376 0.165605 0.501792 0.165605 0.498208 0.159236 0.491039
0 0.738854 0.494624 0.732484 0.505376 0.732484 0.512545 0.735669 0.516129 0.735669 0.523297 0.738854 0.526882 0.738854 0.530466 0.745223 0.537634 0.748408 0.537634 0.751592 0.534050 0.754777 0.534050 0.754777 0.530466 0.757962 0.526882 0.757962 0.505376 0.748408 0.494624
0 0.219745 0.498208 0.200637 0.498208 0.194268 0.505376 0.194268 0.508961 0.191083 0.512545 0.191083 0.519713 0.200637 0.530466 0.200637 0.534050 0.203822 0.537634 0.210191 0.537634 0.213376 0.534050 0.216561 0.534050 0.222930 0.526882 0.226115 0.526882 0.226115 0.523297 0.229299 0.519713 0.229299 0.508961 0.226115 0.505376 0.226115 0.501792 0.222930 0.501792
0 0.675159 0.498208 0.668790 0.519713 0.671975 0.523297 0.671975 0.526882 0.678344 0.537634 0.691083 0.537634 0.697452 0.526882 0.697452 0.512545 0.691083 0.501792 0.687898 0.501792 0.684713 0.498208
0 0.869427 0.505376 0.859873 0.505376 0.856688 0.508961 0.856688 0.516129 0.853503 0.519713 0.853503 0.526882 0.850318 0.530466 0.850318 0.555556 0.856688 0.566308 0.863057 0.566308 0.872611 0.559140 0.872611 0.523297 0.869427 0.519713
0 0.404459 0.516129 0.378981 0.530466 0.366242 0.544803 0.359873 0.559140 0.363057 0.584229 0.372611 0.598566 0.388535 0.598566 0.407643 0.573477 0.407643 0.548387 0.417197 0.537634 0.417197 0.526882
0 0.512739 0.519713 0.509554 0.516129 0.500000 0.516129 0.493631 0.523297 0.490446 0.523297 0.480892 0.534050 0.480892 0.541219 0.484076 0.544803 0.487261 0.541219 0.490446 0.541219 0.493631 0.537634 0.496815 0.537634 0.500000 0.534050 0.503185 0.534050 0.512739 0.523297
0 0.184713 0.519713 0.181529 0.523297 0.181529 0.526882 0.178344 0.530466 0.178344 0.541219 0.184713 0.548387 0.191083 0.548387 0.200637 0.537634 0.197452 0.534050 0.197452 0.530466 0.187898 0.519713
0 0.665605 0.519713 0.659236 0.519713 0.652866 0.526882 0.652866 0.530466 0.649682 0.534050 0.649682 0.541219 0.646497 0.544803 0.646497 0.569892 0.652866 0.577061 0.665605 0.577061 0.675159 0.559140 0.675159 0.537634
0 0.831210 0.519713 0.824841 0.519713 0.821656 0.523297 0.821656 0.526882 0.818471 0.530466 0.818471 0.534050 0.821656 0.537634 0.824841 0.537634 0.828025 0.541219 0.831210 0.537634 0.831210 0.534050 0.834395 0.530466 0.834395 0.526882 0.831210 0.523297
0 0.627389 0.523297 0.624204 0.523297 0.621019 0.526882 0.614650 0.526882 0.605096 0.537634 0.605096 0.544803 0.601911 0.548387 0.601911 0.566308 0.608280 0.573477 0.614650 0.573477 0.630573 0.555556 0.630573 0.548387 0.633758 0.544803 0.636943 0.534050
0 0.248408 0.534050 0.235669 0.534050 0.232484 0.537634 0.229299 0.537634 0.222930 0.548387 0.219745 0.548387 0.219745 0.562724 0.226115 0.569892 0.238854 0.569892 0.248408 0.562724 0.248408 0.559140 0.251592 0.555556 0.251592 0.537634
0 0.707006 0.544803 0.700637 0.551971 0.700637 0.555556 0.697452 0.559140 0.697452 0.577061 0.707006 0.587814 0.716561 0.587814 0.726115 0.580645 0.726115 0.562724 0.713376 0.544803
0 0.796178 0.548387 0.786624 0.555556 0.786624 0.577061 0.789809 0.580645 0.789809 0.584229 0.792994 0.584229 0.796178 0.587814 0.805732 0.587814 0.808917 0.584229 0.812102 0.584229 0.812102 0.580645 0.815287 0.577061 0.815287 0.562724 0.805732 0.551971
0 0.025478 0.562724 0.022293 0.566308 0.022293 0.577061 0.019108 0.580645 0.019108 0.584229 0.025478 0.591398 0.038217 0.591398 0.041401 0.587814 0.041401 0.569892 0.035032 0.562724
0 0.589172 0.566308 0.579618 0.566308 0.566879 0.580645 0.566879 0.584229 0.563694 0.587814 0.563694 0.598566 0.560510 0.602151 0.566879 0.609319 0.576433 0.609319 0.589172 0.594982 0.589172 0.591398 0.592357 0.587814 0.592357 0.569892
0 0.691083 0.573477 0.681529 0.573477 0.678344 0.577061 0.675159 0.577061 0.675159 0.584229 0.671975 0.587814 0.671975 0.594982 0.675159 0.598566 0.675159 0.602151 0.681529 0.609319 0.684713 0.605735 0.687898 0.605735 0.694268 0.594982 0.694268 0.584229 0.697452 0.580645
0 0.455414 0.577061 0.452229 0.580645 0.449045 0.580645 0.439490 0.591398 0.439490 0.594982 0.436306 0.598566 0.436306 0.616487 0.439490 0.616487 0.449045 0.605735 0.449045 0.602151 0.455414 0.591398
0 0.101911 0.584229 0.098726 0.594982 0.101911 0.598566 0.101911 0.612903 0.108280 0.627240 0.133758 0.627240 0.136943 0.623656 0.146497 0.623656 0.143312 0.620072 0.143312 0.602151 0.133758 0.587814 0.121019 0.580645 0.105096 0.580645
0 0.312102 0.580645 0.299363 0.580645 0.292994 0.587814 0.289809 0.587814 0.286624 0.591398 0.286624 0.594982 0.283439 0.598566 0.283439 0.602151 0.292994 0.609319 0.296178 0.605735 0.302548 0.605735 0.312102 0.594982
0 0.073248 0.598566 0.066879 0.605735 0.060510 0.620072 0.060510 0.645161 0.070064 0.659498 0.076433 0.659498 0.079618 0.663082 0.092357 0.663082 0.095541 0.648746 0.101911 0.637993 0.098726 0.634409 0.098726 0.616487 0.085987 0.598566
0 0.219745 0.616487 0.219745 0.637993 0.229299 0.648746 0.235669 0.652330 0.248408 0.652330 0.261146 0.645161 0.267516 0.637993 0.267516 0.627240 0.264331 0.620072 0.254777 0.609319 0.248408 0.605735 0.232484 0.605735
0 0.398089 0.605735 0.388535 0.616487 0.388535 0.623656 0.385350 0.627240 0.385350 0.652330 0.388535 0.655914 0.391720 0.670251 0.401274 0.681004 0.404459 0.681004 0.410828 0.670251 0.410828 0.634409 0.407643 0.630824 0.407643 0.609319 0.404459 0.605735
0 0.560510 0.605735 0.547771 0.605735 0.528662 0.627240 0.525478 0.637993 0.531847 0.648746 0.541401 0.648746 0.544586 0.645161 0.547771 0.645161 0.560510 0.630824 0.560510 0.623656 0.563694 0.620072 0.563694 0.609319
0 0.624204 0.605735 0.621019 0.605735 0.611465 0.616487 0.611465 0.620072 0.608280 0.623656 0.608280 0.627240 0.605096 0.630824 0.605096 0.634409 0.601911 0.637993 0.598726 0.648746 0.608280 0.648746 0.611465 0.645161 0.617834 0.645161 0.624204 0.637993 0.627389 0.637993 0.627389 0.634409 0.630573 0.630824 0.630573 0.612903
0 0.506369 0.612903 0.500000 0.612903 0.496815 0.616487 0.493631 0.616487 0.487261 0.623656 0.484076 0.623656 0.468153 0.641577 0.468153 0.648746 0.471338 0.648746 0.474522 0.645161 0.477707 0.645161 0.484076 0.637993 0.487261 0.637993 0.506369 0.616487
0 0.308917 0.623656 0.296178 0.634409 0.289809 0.648746 0.289809 0.666667 0.296178 0.681004 0.302548 0.688172 0.308917 0.688172 0.312102 0.691756 0.324841 0.681004 0.328025 0.666667 0.331210 0.663082 0.331210 0.648746 0.328025 0.645161 0.324841 0.630824 0.321656 0.627240
0 0.748408 0.623656 0.738854 0.623656 0.735669 0.627240 0.732484 0.627240 0.732484 0.630824 0.726115 0.637993 0.726115 0.641577 0.722930 0.645161 0.722930 0.666667 0.726115 0.670251 0.742038 0.670251 0.754777 0.655914 0.757962 0.637993
0 0.146497 0.627240 0.136943 0.627240 0.133758 0.630824 0.108280 0.630824 0.098726 0.648746 0.095541 0.663082 0.121019 0.677419 0.133758 0.673835 0.140127 0.666667 0.140127 0.659498 0.146497 0.645161
0 0.515924 0.655914 0.512739 0.659498 0.509554 0.659498 0.500000 0.670251 0.500000 0.688172 0.506369 0.695341 0.515924 0.695341 0.519108 0.691756 0.522293 0.691756 0.528662 0.684588 0.528662 0.666667 0.522293 0.659498 0.519108 0.659498
0 0.560510 0.655914 0.554140 0.655914 0.550955 0.659498 0.547771 0.659498 0.547771 0.663082 0.541401 0.673835 0.541401 0.698925 0.544586 0.698925 0.547771 0.702509 0.557325 0.702509 0.563694 0.695341 0.563694 0.691756 0.570064 0.681004 0.570064 0.673835
0 0.850318 0.663082 0.834395 0.663082 0.824841 0.677419 0.824841 0.706093 0.828025 0.709677 0.831210 0.720430 0.837580 0.720430 0.850318 0.702509 0.850318 0.695341 0.853503 0.691756 0.853503 0.684588 0.856688 0.681004 0.856688 0.673835
0 0.245223 0.666667 0.232484 0.681004 0.229299 0.698925 0.238854 0.713262 0.238854 0.716846 0.254777 0.716846 0.261146 0.713262 0.273885 0.698925 0.273885 0.681004 0.270701 0.673835 0.261146 0.666667
0 0.617834 0.666667 0.611465 0.666667 0.608280 0.670251 0.605096 0.670251 0.598726 0.677419 0.595541 0.688172 0.589172 0.695341 0.589172 0.709677 0.592357 0.713262 0.592357 0.716846 0.595541 0.716846 0.598726 0.720430 0.608280 0.716846 0.617834 0.706093 0.617834 0.702509 0.621019 0.698925 0.621019 0.691756 0.624204 0.688172 0.624204 0.673835
0 0.085987 0.691756 0.076433 0.702509 0.076433 0.713262 0.079618 0.716846 0.082803 0.727599 0.089172 0.734767 0.105096 0.734767 0.114650 0.724014 0.114650 0.706093 0.105096 0.691756
0 0.792994 0.691756 0.792994 0.727599 0.799363 0.734767 0.802548 0.734767 0.808917 0.727599 0.808917 0.695341 0.805732 0.691756
0 0.722930 0.695341 0.716561 0.702509 0.716561 0.713262 0.719745 0.716846 0.719745 0.724014 0.722930 0.727599 0.732484 0.727599 0.738854 0.720430 0.738854 0.702509 0.732484 0.695341
0 0.203822 0.702509 0.200637 0.706093 0.197452 0.706093 0.197452 0.709677 0.194268 0.713262 0.194268 0.738351 0.200637 0.745520 0.210191 0.745520 0.219745 0.738351 0.219745 0.734767 0.222930 0.731183 0.222930 0.724014 0.219745 0.720430 0.219745 0.713262 0.210191 0.702509
0 0.544586 0.702509 0.538217 0.702509 0.535032 0.706093 0.525478 0.706093 0.512739 0.720430 0.512739 0.731183 0.519108 0.738351 0.535032 0.738351 0.538217 0.734767 0.541401 0.734767 0.547771 0.724014 0.547771 0.713262 0.544586 0.709677
0 0.006369 0.709677 0.003185 0.709677 0.000000 0.713262 0.000000 0.738351 0.003185 0.738351 0.009554 0.731183 0.009554 0.727599 0.012739 0.724014 0.012739 0.720430 0.009554 0.716846 0.009554 0.713262
0 0.044586 0.716846 0.038217 0.724014 0.038217 0.756272 0.041401 0.763441 0.047771 0.770609 0.066879 0.770609 0.079618 0.763441 0.082803 0.756272 0.079618 0.738351 0.063694 0.720430 0.057325 0.716846
0 0.493631 0.731183 0.487261 0.724014 0.480892 0.724014 0.477707 0.720430 0.471338 0.724014 0.458599 0.724014 0.445860 0.731183 0.436306 0.745520 0.436306 0.759857 0.439490 0.767025 0.449045 0.774194 0.461783 0.770609 0.490446 0.745520 0.496815 0.745520
0 0.691083 0.720430 0.691083 0.724014 0.687898 0.727599 0.687898 0.749104 0.691083 0.752688 0.694268 0.752688 0.697452 0.756272 0.700637 0.756272 0.703822 0.752688 0.703822 0.738351 0.700637 0.734767 0.700637 0.731183 0.697452 0.727599 0.697452 0.724014 0.694268 0.720430
0 0.735669 0.734767 0.732484 0.734767 0.726115 0.741935 0.722930 0.741935 0.722930 0.745520 0.716561 0.756272 0.716561 0.774194 0.722930 0.784946 0.732484 0.784946 0.735669 0.781362 0.738854 0.781362 0.738854 0.777778 0.745223 0.770609 0.745223 0.741935
0 0.515924 0.749104 0.515924 0.752688 0.512739 0.756272 0.515924 0.767025 0.522293 0.774194 0.525478 0.774194 0.528662 0.777778 0.541401 0.777778 0.541401 0.774194 0.544586 0.770609 0.544586 0.752688 0.541401 0.749104 0.535032 0.749104 0.531847 0.745520 0.531847 0.741935 0.525478 0.741935 0.519108 0.749104
0 0.267516 0.752688 0.254777 0.745520 0.232484 0.752688 0.216561 0.767025 0.207006 0.795699 0.210191 0.799283 0.219745 0.799283 0.235669 0.788530 0.251592 0.788530 0.254777 0.784946 0.261146 0.784946 0.270701 0.774194 0.270701 0.759857
0 0.337580 0.774194 0.334395 0.774194 0.328025 0.781362 0.328025 0.784946 0.312102 0.817204 0.312102 0.831541 0.321656 0.824373 0.324841 0.813620 0.331210 0.806452 0.331210 0.799283 0.340764 0.784946 0.340764 0.777778
0 0.598726 0.792115 0.592357 0.784946 0.582803 0.784946 0.579618 0.788530 0.576433 0.788530 0.573248 0.792115 0.563694 0.795699 0.560510 0.799283 0.560510 0.810036 0.566879 0.810036 0.570064 0.813620 0.592357 0.813620 0.598726 0.806452
0 0.754777 0.788530 0.751592 0.792115 0.748408 0.792115 0.742038 0.799283 0.742038 0.820789 0.751592 0.827957 0.767516 0.827957 0.773885 0.820789 0.773885 0.795699 0.767516 0.788530
0 0.792994 0.806452 0.786624 0.813620 0.786624 0.831541 0.792994 0.842294 0.796178 0.842294 0.799363 0.845878 0.805732 0.845878 0.815287 0.835125 0.815287 0.813620 0.808917 0.806452
0 0.124204 0.813620 0.121019 0.817204 0.117834 0.817204 0.111465 0.824373 0.111465 0.831541 0.108280 0.835125 0.111465 0.838710 0.111465 0.842294 0.117834 0.849462 0.133758 0.849462 0.143312 0.838710 0.143312 0.824373 0.136943 0.817204 0.133758 0.817204 0.130573 0.813620
0 0.541401 0.824373 0.535032 0.817204 0.528662 0.824373 0.525478 0.824373 0.522293 0.827957 0.519108 0.827957 0.515924 0.831541 0.515924 0.835125 0.519108 0.838710 0.535032 0.838710 0.541401 0.831541
0 0.073248 0.845878 0.066879 0.842294 0.047771 0.842294 0.044586 0.845878 0.038217 0.845878 0.025478 0.860215 0.025478 0.867384 0.022293 0.870968 0.025478 0.885305 0.038217 0.896057 0.047771 0.896057 0.054140 0.888889 0.057325 0.888889 0.073248 0.870968 0.073248 0.863799 0.076433 0.860215
0 0.242038 0.842294 0.238854 0.842294 0.226115 0.856631 0.226115 0.860215 0.222930 0.863799 0.222930 0.874552 0.229299 0.874552 0.235669 0.867384 0.235669 0.863799 0.242038 0.856631 0.242038 0.853047 0.245223 0.849462 0.245223 0.845878
0 0.006369 0.845878 0.000000 0.845878 0.000000 0.856631 0.003185 0.860215 0.000000 0.863799 0.000000 0.881720 0.003185 0.881720 0.006369 0.878136 0.006369 0.874552 0.009554 0.870968 0.009554 0.849462
0 0.668790 0.878136 0.659236 0.878136 0.646497 0.892473 0.643312 0.892473 0.643312 0.896057 0.640127 0.899642 0.643312 0.903226 0.643312 0.906810 0.646497 0.906810 0.649682 0.910394 0.659236 0.910394 0.668790 0.899642 0.668790 0.892473 0.671975 0.888889 0.671975 0.881720
0 0.452229 0.892473 0.452229 0.903226 0.455414 0.906810 0.455414 0.913978 0.468153 0.913978 0.471338 0.910394 0.484076 0.910394 0.487261 0.906810 0.496815 0.903226 0.496815 0.888889 0.490446 0.881720 0.464968 0.881720
0 0.694268 0.881720 0.684713 0.892473 0.684713 0.896057 0.681529 0.899642 0.681529 0.903226 0.684713 0.906810 0.684713 0.913978 0.687898 0.917563 0.710191 0.917563 0.716561 0.906810 0.716561 0.892473 0.713376 0.888889 0.713376 0.885305 0.710191 0.885305 0.707006 0.881720
0 0.608280 0.885305 0.608280 0.896057 0.611465 0.899642 0.624204 0.899642 0.627389 0.896057 0.627389 0.888889 0.624204 0.885305
0 0.175159 0.906810 0.171975 0.910394 0.171975 0.913978 0.184713 0.928315 0.184713 0.931900 0.187898 0.935484 0.191083 0.931900 0.191083 0.928315 0.194268 0.924731 0.191083 0.921147 0.191083 0.913978 0.187898 0.910394 0.184713 0.910394 0.181529 0.906810
0 0.060510 0.935484 0.050955 0.956989 0.050955 0.974910 0.057325 0.989247 0.073248 0.989247 0.079618 0.982079 0.082803 0.982079 0.085987 0.974910 0.085987 0.949821 0.079618 0.939068 0.073248 0.935484
0 0.700637 0.935484 0.684713 0.939068 0.671975 0.956989 0.671975 0.978495 0.678344 0.985663 0.691083 0.985663 0.697452 0.978495 0.697452 0.971326 0.700637 0.967742 0.700637 0.949821 0.703822 0.946237 0.703822 0.939068
0 0.885350 0.939068 0.875796 0.949821 0.878981 0.960573 0.891720 0.974910 0.894904 0.974910 0.898089 0.978495 0.904459 0.978495 0.910828 0.971326 0.910828 0.967742 0.914013 0.964158 0.914013 0.956989 0.910828 0.953405 0.910828 0.949821 0.904459 0.942652 0.901274 0.942652 0.898089 0.939068
0 0.621019 0.949821 0.621019 0.953405 0.614650 0.960573 0.614650 0.964158 0.611465 0.967742 0.611465 0.989247 0.614650 0.992832 0.630573 0.992832 0.633758 0.989247 0.633758 0.982079 0.636943 0.978495 0.636943 0.956989 0.630573 0.949821
0 0.582803 0.953405 0.579618 0.956989 0.576433 0.956989 0.570064 0.964158 0.570064 0.967742 0.566879 0.971326 0.566879 0.978495 0.570064 0.982079 0.570064 0.985663 0.576433 0.992832 0.595541 0.992832 0.598726 0.989247 0.598726 0.960573 0.595541 0.956989 0.589172 0.956989 0.585987 0.953405
0 0.264331 0.985663 0.257962 0.978495 0.254777 0.978495 0.251592 0.974910 0.248408 0.978495 0.245223 0.978495 0.238854 0.985663 0.238854 0.992832 0.264331 0.992832
0 0.487261 0.989247 0.490446 0.992832 0.525478 0.992832 0.528662 0.996416 0.535032 0.996416 0.538217 0.992832 0.538217 0.989247 0.535032 0.989247 0.531847 0.985663 0.522293 0.985663 0.519108 0.982079 0.503185 0.982079 0.500000 0.985663 0.490446 0.985663
