0 0.263492 0.093190 0.257143 0.103943 0.260317 0.107527 0.260317 0.118280 0.279365 0.161290 0.285714 0.168459 0.301587 0.164875 0.307937 0.150538 0.307937 0.132616 0.301587 0.118280 0.288889 0.100358 0.273016 0.093190
0 0.358730 0.103943 0.355556 0.107527 0.355556 0.132616 0.358730 0.136201 0.358730 0.139785 0.361905 0.139785 0.365079 0.143369 0.368254 0.143369 0.371429 0.139785 0.371429 0.132616 0.377778 0.125448 0.377778 0.111111 0.368254 0.103943
0 0.669841 0.107527 0.669841 0.114695 0.673016 0.118280 0.673016 0.121864 0.682540 0.132616 0.685714 0.132616 0.695238 0.143369 0.698413 0.143369 0.701587 0.139785 0.701587 0.125448 0.698413 0.121864 0.698413 0.118280 0.692063 0.111111 0.688889 0.111111 0.685714 0.107527 0.679365 0.107527 0.676190 0.103943 0.673016 0.107527
0 0.622222 0.111111 0.619048 0.114695 0.619048 0.121864 0.631746 0.139785 0.634921 0.150538 0.650794 0.172043 0.650794 0.175627 0.657143 0.182796 0.663492 0.182796 0.663492 0.172043 0.666667 0.164875 0.663492 0.161290 0.663492 0.150538 0.660317 0.143369 0.641270 0.125448 0.634921 0.125448 0.631746 0.118280
0 0.428571 0.121864 0.425397 0.125448 0.425397 0.132616 0.431746 0.139785 0.431746 0.146953 0.438095 0.154122 0.438095 0.157706 0.450794 0.168459 0.463492 0.168459 0.463492 0.164875 0.466667 0.161290 0.463492 0.143369 0.457143 0.136201 0.450794 0.136201 0.438095 0.125448
0 0.965079 0.129032 0.965079 0.143369 0.968254 0.143369 0.984127 0.161290 0.984127 0.164875 0.993651 0.175627 0.993651 0.172043 0.996825 0.168459 0.996825 0.154122 0.993651 0.150538 0.993651 0.139785 0.990476 0.139785 0.980952 0.132616 0.974603 0.132616 0.971429 0.129032
0 0.488889 0.136201 0.485714 0.139785 0.488889 0.146953 0.485714 0.168459 0.492063 0.182796 0.520635 0.211470 0.546032 0.211470 0.549206 0.207885 0.549206 0.193548 0.533333 0.154122 0.520635 0.139785 0.507937 0.132616
0 0.117460 0.136201 0.111111 0.146953 0.111111 0.168459 0.114286 0.172043 0.117460 0.182796 0.123810 0.189964 0.126984 0.189964 0.130159 0.193548 0.136508 0.193548 0.142857 0.182796 0.142857 0.179211 0.139683 0.175627 0.139683 0.168459 0.130159 0.154122 0.126984 0.143369 0.120635 0.136201
0 0.146032 0.143369 0.146032 0.146953 0.149206 0.150538 0.149206 0.157706 0.158730 0.168459 0.158730 0.172043 0.168254 0.182796 0.174603 0.182796 0.174603 0.175627 0.158730 0.157706 0.158730 0.154122 0.152381 0.146953 0.152381 0.143369
0 0.765079 0.164875 0.765079 0.172043 0.768254 0.172043 0.777778 0.186380 0.780952 0.186380 0.787302 0.193548 0.790476 0.193548 0.803175 0.204301 0.809524 0.204301 0.812698 0.200717 0.809524 0.189964 0.796825 0.172043 0.787302 0.172043 0.784127 0.168459 0.777778 0.168459 0.774603 0.164875
0 0.888889 0.168459 0.882540 0.175627 0.882540 0.182796 0.907937 0.229391 0.926984 0.247312 0.946032 0.254480 0.946032 0.243728 0.933333 0.225806 0.926984 0.207885 0.895238 0.168459
0 0.841270 0.186380 0.841270 0.197133 0.853968 0.211470 0.857143 0.211470 0.879365 0.240143 0.885714 0.240143 0.885714 0.236559 0.879365 0.229391 0.879365 0.222222 0.876190 0.218638 0.876190 0.211470 0.869841 0.197133 0.857143 0.186380
0 0.698413 0.200717 0.688889 0.204301 0.682540 0.218638 0.682540 0.232975 0.679365 0.236559 0.679365 0.250896 0.682540 0.254480 0.682540 0.261649 0.688889 0.268817 0.695238 0.268817 0.701587 0.258065 0.701587 0.243728 0.704762 0.240143 0.704762 0.229391 0.707937 0.225806 0.707937 0.211470
0 0.288889 0.215054 0.288889 0.229391 0.295238 0.236559 0.298413 0.236559 0.301587 0.240143 0.326984 0.240143 0.326984 0.229391 0.323810 0.225806 0.323810 0.222222 0.311111 0.207885 0.307937 0.207885 0.304762 0.204301 0.298413 0.204301
0 0.793651 0.229391 0.790476 0.232975 0.790476 0.236559 0.793651 0.240143 0.796825 0.240143 0.803175 0.247312 0.806349 0.247312 0.815873 0.258065 0.812698 0.254480 0.812698 0.247312 0.803175 0.236559 0.803175 0.232975 0.800000 0.232975 0.796825 0.229391
0 0.847619 0.229391 0.847619 0.243728 0.850794 0.247312 0.850794 0.250896 0.857143 0.258065 0.857143 0.261649 0.866667 0.272401 0.873016 0.272401 0.873016 0.258065 0.869841 0.254480 0.869841 0.247312 0.866667 0.243728 0.866667 0.240143 0.857143 0.229391
0 0.726984 0.232975 0.723810 0.236559 0.723810 0.258065 0.726984 0.261649 0.726984 0.268817 0.730159 0.272401 0.739683 0.272401 0.749206 0.265233 0.749206 0.254480 0.742857 0.247312 0.742857 0.243728 0.739683 0.243728 0.730159 0.232975
0 0.387302 0.243728 0.384127 0.247312 0.384127 0.254480 0.393651 0.265233 0.393651 0.268817 0.403175 0.279570 0.406349 0.279570 0.406349 0.268817 0.400000 0.261649 0.400000 0.258065 0.396825 0.254480 0.396825 0.250896 0.393651 0.247312 0.390476 0.247312
0 0.269841 0.254480 0.266667 0.258065 0.266667 0.268817 0.273016 0.275986 0.276190 0.275986 0.307937 0.311828 0.314286 0.311828 0.317460 0.304659 0.311111 0.290323 0.304762 0.286738 0.304762 0.283154 0.288889 0.265233 0.288889 0.261649
0 0.117460 0.258065 0.117460 0.268817 0.123810 0.275986 0.133333 0.275986 0.136508 0.272401 0.136508 0.265233 0.133333 0.261649 0.130159 0.261649 0.126984 0.258065
0 0.165079 0.258065 0.168254 0.261649 0.168254 0.265233 0.177778 0.275986 0.180952 0.275986 0.184127 0.279570 0.184127 0.283154 0.193651 0.293907 0.196825 0.293907 0.200000 0.290323 0.193651 0.283154 0.193651 0.275986 0.187302 0.268817 0.187302 0.265233 0.184127 0.261649 0.180952 0.261649 0.177778 0.258065
0 0.247619 0.275986 0.247619 0.279570 0.250794 0.283154 0.253968 0.283154 0.257143 0.286738 0.260317 0.286738 0.263492 0.290323 0.273016 0.290323 0.273016 0.279570 0.269841 0.279570 0.266667 0.275986 0.263492 0.275986 0.260317 0.272401 0.250794 0.272401
0 0.593651 0.272401 0.590476 0.275986 0.590476 0.318996 0.603175 0.336918 0.615873 0.336918 0.619048 0.333333 0.619048 0.308244 0.612698 0.297491 0.612698 0.290323 0.609524 0.283154 0.603175 0.275986
0 0.796825 0.279570 0.796825 0.286738 0.806349 0.297491 0.812698 0.297491 0.815873 0.301075 0.841270 0.301075 0.841270 0.290323 0.834921 0.290323 0.831746 0.286738 0.815873 0.279570 0.809524 0.272401 0.803175 0.272401
0 0.317460 0.275986 0.314286 0.279570 0.314286 0.286738 0.323810 0.297491 0.323810 0.301075 0.330159 0.308244 0.330159 0.311828 0.333333 0.315412 0.349206 0.315412 0.349206 0.304659 0.323810 0.275986
0 0.501587 0.279570 0.501587 0.290323 0.504762 0.293907 0.507937 0.293907 0.511111 0.297491 0.514286 0.297491 0.517460 0.301075 0.520635 0.297491 0.523810 0.297491 0.526984 0.293907 0.523810 0.290323 0.523810 0.286738 0.517460 0.279570 0.511111 0.279570 0.507937 0.275986 0.504762 0.275986
0 0.542857 0.275986 0.539683 0.279570 0.539683 0.290323 0.536508 0.293907 0.536508 0.297491 0.539683 0.301075 0.539683 0.304659 0.552381 0.304659 0.552381 0.286738 0.549206 0.283154 0.549206 0.279570 0.546032 0.279570
0 0.634921 0.275986 0.631746 0.279570 0.631746 0.301075 0.638095 0.308244 0.644444 0.308244 0.650794 0.301075 0.650794 0.283154 0.644444 0.275986
0 0.114286 0.283154 0.111111 0.286738 0.111111 0.290323 0.114286 0.293907 0.114286 0.297491 0.120635 0.304659 0.130159 0.304659 0.133333 0.301075 0.133333 0.290323 0.130159 0.290323 0.126984 0.286738 0.123810 0.286738 0.120635 0.283154
0 0.898413 0.293907 0.895238 0.297491 0.895238 0.304659 0.901587 0.311828 0.907937 0.329749 0.920635 0.344086 0.936508 0.344086 0.936508 0.333333 0.920635 0.315412 0.920635 0.311828 0.904762 0.293907
0 0.368254 0.297491 0.365079 0.304659 0.365079 0.326165 0.374603 0.340502 0.377778 0.351254 0.390476 0.362007 0.412698 0.365591 0.412698 0.344086 0.400000 0.333333 0.393651 0.315412 0.380952 0.301075 0.380952 0.297491
0 0.177778 0.301075 0.177778 0.311828 0.190476 0.326165 0.190476 0.329749 0.206349 0.347670 0.212698 0.347670 0.212698 0.336918 0.209524 0.333333 0.203175 0.315412 0.200000 0.311828 0.196825 0.311828 0.187302 0.304659 0.180952 0.304659
0 0.457143 0.308244 0.450794 0.315412 0.450794 0.326165 0.453968 0.333333 0.473016 0.354839 0.479365 0.358423 0.488889 0.358423 0.492063 0.354839 0.492063 0.347670 0.482540 0.329749 0.482540 0.322581 0.479365 0.318996 0.479365 0.304659 0.476190 0.301075 0.469841 0.301075 0.463492 0.308244
0 0.726984 0.301075 0.726984 0.304659 0.723810 0.308244 0.730159 0.318996 0.730159 0.326165 0.736508 0.333333 0.739683 0.344086 0.749206 0.354839 0.755556 0.354839 0.758730 0.351254 0.758730 0.344086 0.755556 0.340502 0.749206 0.322581 0.730159 0.301075
0 0.492063 0.311828 0.492063 0.322581 0.498413 0.333333 0.498413 0.340502 0.501587 0.344086 0.501587 0.354839 0.504762 0.358423 0.517460 0.358423 0.520635 0.354839 0.523810 0.354839 0.530159 0.344086 0.530159 0.326165 0.517460 0.311828 0.514286 0.311828 0.511111 0.308244 0.498413 0.308244 0.495238 0.311828
0 0.244444 0.318996 0.244444 0.329749 0.257143 0.340502 0.260317 0.340502 0.269841 0.351254 0.276190 0.354839 0.282540 0.354839 0.285714 0.358423 0.292063 0.358423 0.298413 0.351254 0.292063 0.340502 0.260317 0.322581
0 0.638095 0.344086 0.638095 0.351254 0.644444 0.362007 0.644444 0.369176 0.657143 0.387097 0.660317 0.387097 0.666667 0.394265 0.679365 0.394265 0.688889 0.387097 0.688889 0.376344 0.679365 0.362007 0.666667 0.362007 0.644444 0.344086
0 0.552381 0.354839 0.546032 0.365591 0.546032 0.372760 0.549206 0.376344 0.549206 0.412186 0.552381 0.415771 0.561905 0.415771 0.565079 0.412186 0.571429 0.412186 0.580952 0.401434 0.580952 0.387097 0.584127 0.383513 0.580952 0.379928 0.580952 0.372760 0.571429 0.358423 0.565079 0.354839
0 0.726984 0.362007 0.726984 0.369176 0.736508 0.379928 0.739683 0.379928 0.752381 0.390681 0.768254 0.390681 0.777778 0.383513 0.777778 0.376344 0.774603 0.372760 0.765079 0.372760 0.761905 0.369176 0.755556 0.369176 0.752381 0.365591 0.749206 0.365591 0.746032 0.362007 0.739683 0.362007 0.736508 0.358423 0.730159 0.358423
0 0.815873 0.362007 0.815873 0.369176 0.819048 0.372760 0.822222 0.372760 0.831746 0.379928 0.853968 0.379928 0.857143 0.376344 0.857143 0.369176 0.853968 0.365591 0.847619 0.365591 0.844444 0.362007 0.838095 0.362007 0.834921 0.358423 0.822222 0.358423 0.819048 0.362007
0 0.098413 0.376344 0.104762 0.383513 0.107937 0.383513 0.130159 0.397849 0.136508 0.397849 0.139683 0.401434 0.149206 0.401434 0.152381 0.397849 0.152381 0.390681 0.146032 0.383513 0.142857 0.383513 0.133333 0.376344 0.123810 0.376344 0.120635 0.372760 0.101587 0.372760
0 0.241270 0.376344 0.241270 0.379928 0.247619 0.387097 0.253968 0.387097 0.257143 0.390681 0.263492 0.390681 0.266667 0.394265 0.266667 0.390681 0.260317 0.383513 0.257143 0.383513 0.253968 0.379928 0.250794 0.379928 0.244444 0.372760
0 0.349206 0.372760 0.352381 0.376344 0.352381 0.387097 0.355556 0.390681 0.355556 0.397849 0.365079 0.408602 0.365079 0.412186 0.371429 0.412186 0.371429 0.397849 0.368254 0.394265 0.368254 0.390681 0.365079 0.387097 0.365079 0.383513 0.361905 0.379928 0.358730 0.379928 0.352381 0.372760
0 0.368254 0.383513 0.368254 0.387097 0.371429 0.390681 0.374603 0.401434 0.380952 0.401434 0.387302 0.408602 0.396825 0.408602 0.400000 0.405018 0.400000 0.397849 0.403175 0.394265 0.396825 0.383513 0.380952 0.383513 0.377778 0.379928
0 0.101587 0.405018 0.101587 0.408602 0.111111 0.419355 0.114286 0.419355 0.117460 0.422939 0.126984 0.422939 0.130159 0.419355 0.126984 0.415771 0.126984 0.412186 0.123810 0.412186 0.120635 0.408602 0.117460 0.408602 0.114286 0.405018
0 0.850794 0.415771 0.853968 0.422939 0.876190 0.444444 0.895238 0.455197 0.904762 0.455197 0.907937 0.451613 0.904762 0.437276 0.885714 0.415771 0.879365 0.415771 0.876190 0.412186 0.866667 0.412186 0.863492 0.408602
0 0.447619 0.412186 0.450794 0.430108 0.463492 0.448029 0.463492 0.451613 0.482540 0.469534 0.492063 0.469534 0.492063 0.451613 0.482540 0.440860 0.482540 0.437276 0.473016 0.433692 0.463492 0.422939 0.463492 0.419355 0.460317 0.419355 0.453968 0.412186
0 0.177778 0.415771 0.174603 0.426523 0.190476 0.444444 0.196825 0.444444 0.200000 0.448029 0.209524 0.448029 0.209524 0.440860 0.196825 0.426523 0.196825 0.422939 0.190476 0.415771
0 0.149206 0.444444 0.152381 0.448029 0.152381 0.451613 0.155556 0.451613 0.158730 0.455197 0.174603 0.455197 0.174603 0.451613 0.177778 0.448029 0.168254 0.437276 0.158730 0.437276 0.155556 0.440860 0.152381 0.440860
0 0.212698 0.444444 0.212698 0.451613 0.222222 0.455197 0.225397 0.458781 0.225397 0.465950 0.238095 0.480287 0.253968 0.487455 0.263492 0.498208 0.269841 0.498208 0.273016 0.494624 0.263492 0.480287 0.250794 0.473118 0.228571 0.448029 0.222222 0.444444
0 0.098413 0.455197 0.098413 0.458781 0.107937 0.469534 0.111111 0.469534 0.120635 0.476703 0.126984 0.476703 0.130159 0.480287 0.139683 0.480287 0.142857 0.476703 0.142857 0.473118 0.133333 0.462366 0.130159 0.462366 0.123810 0.455197 0.117460 0.455197 0.114286 0.451613 0.104762 0.451613 0.101587 0.455197
0 0.177778 0.451613 0.177778 0.458781 0.180952 0.462366 0.184127 0.462366 0.187302 0.465950 0.190476 0.462366 0.193651 0.462366 0.193651 0.451613
0 0.904762 0.473118 0.904762 0.476703 0.917460 0.487455 0.920635 0.487455 0.936508 0.508961 0.949206 0.508961 0.961905 0.494624 0.965079 0.487455 0.965079 0.480287 0.949206 0.465950 0.930159 0.465950 0.926984 0.469534 0.907937 0.469534
0 0.806349 0.469534 0.787302 0.487455 0.787302 0.505376 0.790476 0.508961 0.790476 0.516129 0.787302 0.519713 0.806349 0.530466 0.822222 0.530466 0.831746 0.523297 0.838095 0.508961 0.838095 0.491039 0.822222 0.473118 0.815873 0.469534
0 0.295238 0.480287 0.295238 0.487455 0.307937 0.501792 0.311111 0.501792 0.317460 0.508961 0.326984 0.508961 0.339683 0.498208 0.339683 0.476703 0.336508 0.476703 0.333333 0.473118 0.320635 0.473118 0.317460 0.476703 0.307937 0.476703 0.304762 0.480287 0.301587 0.476703 0.298413 0.476703
0 0.171429 0.483871 0.184127 0.498208 0.187302 0.498208 0.196825 0.508961 0.200000 0.508961 0.203175 0.512545 0.209524 0.512545 0.212698 0.508961 0.212698 0.498208 0.193651 0.491039 0.184127 0.480287 0.174603 0.480287
0 0.444444 0.501792 0.444444 0.508961 0.447619 0.508961 0.450794 0.512545 0.457143 0.512545 0.460317 0.516129 0.476190 0.516129 0.476190 0.512545 0.473016 0.508961 0.466667 0.508961 0.463492 0.505376 0.453968 0.505376 0.450794 0.501792
0 0.860317 0.512545 0.860317 0.519713 0.857143 0.523297 0.857143 0.544803 0.860317 0.551971 0.879365 0.562724 0.888889 0.555556 0.892063 0.559140 0.907937 0.559140 0.914286 0.551971 0.914286 0.523297 0.888889 0.501792 0.873016 0.501792
0 0.993651 0.508961 0.987302 0.516129 0.987302 0.537634 0.990476 0.541219 0.990476 0.559140 0.993651 0.559140 0.996825 0.555556 0.996825 0.537634 0.993651 0.534050 0.993651 0.519713 0.996825 0.516129 0.996825 0.512545
0 0.533333 0.519713 0.533333 0.530466 0.536508 0.530466 0.539683 0.534050 0.571429 0.534050 0.571429 0.526882 0.568254 0.526882 0.565079 0.523297 0.558730 0.523297 0.555556 0.519713 0.549206 0.519713 0.546032 0.516129 0.536508 0.516129
0 0.771429 0.516129 0.771429 0.526882 0.774603 0.530466 0.774603 0.534050 0.777778 0.537634 0.777778 0.541219 0.784127 0.548387 0.790476 0.548387 0.790476 0.534050 0.787302 0.530466 0.787302 0.526882 0.784127 0.523297 0.784127 0.519713 0.780952 0.516129
0 0.231746 0.534050 0.228571 0.537634 0.228571 0.555556 0.231746 0.559140 0.231746 0.562724 0.244444 0.577061 0.253968 0.577061 0.257143 0.573477 0.253968 0.562724 0.247619 0.555556 0.247619 0.551971 0.238095 0.541219 0.238095 0.537634 0.234921 0.537634
0 0.704762 0.537634 0.704762 0.548387 0.707937 0.551971 0.707937 0.559140 0.711111 0.562724 0.714286 0.573477 0.717460 0.573477 0.723810 0.580645 0.733333 0.577061 0.733333 0.566308 0.730159 0.562724 0.730159 0.559140 0.717460 0.544803 0.714286 0.544803
0 0.346032 0.548387 0.342857 0.548387 0.336508 0.541219 0.330159 0.544803 0.298413 0.544803 0.285714 0.551971 0.279365 0.559140 0.279365 0.562724 0.285714 0.569892 0.298413 0.569892 0.301587 0.566308 0.326984 0.566308 0.333333 0.559140 0.339683 0.559140 0.346032 0.551971
0 0.155556 0.548387 0.149206 0.555556 0.149206 0.566308 0.155556 0.573477 0.158730 0.573477 0.168254 0.580645 0.177778 0.580645 0.177778 0.573477 0.174603 0.569892 0.174603 0.566308 0.171429 0.562724 0.171429 0.559140 0.168254 0.555556 0.165079 0.555556
0 0.203175 0.548387 0.203175 0.555556 0.215873 0.569892 0.219048 0.580645 0.228571 0.591398 0.231746 0.591398 0.234921 0.594982 0.241270 0.594982 0.244444 0.591398 0.244444 0.587814 0.234921 0.577061 0.231746 0.577061 0.225397 0.569892 0.222222 0.569892 0.219048 0.566308 0.219048 0.562724 0.206349 0.548387
0 0.968254 0.548387 0.965079 0.551971 0.961905 0.551971 0.955556 0.559140 0.952381 0.559140 0.939683 0.573477 0.939683 0.587814 0.942857 0.591398 0.946032 0.591398 0.952381 0.598566 0.958730 0.598566 0.961905 0.594982 0.961905 0.591398 0.965079 0.587814 0.965079 0.580645 0.971429 0.573477 0.971429 0.551971
0 0.409524 0.580645 0.396825 0.559140 0.390476 0.566308 0.387302 0.566308 0.384127 0.562724 0.380952 0.566308 0.371429 0.566308 0.368254 0.569892 0.371429 0.573477 0.371429 0.577061 0.374603 0.577061 0.377778 0.580645 0.390476 0.580645 0.393651 0.584229 0.406349 0.584229
0 0.485714 0.559140 0.482540 0.562724 0.482540 0.569892 0.492063 0.580645 0.498413 0.580645 0.498413 0.566308 0.495238 0.562724 0.492063 0.562724 0.488889 0.559140
0 0.749206 0.566308 0.749206 0.573477 0.752381 0.573477 0.755556 0.577061 0.761905 0.577061 0.765079 0.580645 0.774603 0.580645 0.777778 0.584229 0.796825 0.584229 0.796825 0.577061 0.793651 0.573477 0.790476 0.573477 0.774603 0.562724 0.752381 0.562724
0 0.561905 0.605735 0.558730 0.609319 0.558730 0.616487 0.561905 0.620072 0.565079 0.630824 0.571429 0.637993 0.571429 0.641577 0.584127 0.655914 0.590476 0.655914 0.593651 0.652330 0.593651 0.645161 0.584127 0.627240 0.584127 0.620072 0.580952 0.616487 0.580952 0.612903 0.574603 0.605735
0 0.720635 0.616487 0.720635 0.634409 0.733333 0.648746 0.742857 0.652330 0.755556 0.663082 0.765079 0.663082 0.771429 0.659498 0.780952 0.641577 0.780952 0.630824 0.765079 0.612903 0.755556 0.612903 0.752381 0.609319 0.730159 0.609319
0 0.444444 0.616487 0.444444 0.623656 0.447619 0.627240 0.447619 0.630824 0.463492 0.648746 0.463492 0.652330 0.466667 0.655914 0.469841 0.655914 0.473016 0.652330 0.473016 0.648746 0.463492 0.637993 0.463492 0.634409 0.460317 0.630824 0.460317 0.623656 0.450794 0.612903 0.447619 0.616487
0 0.866667 0.620072 0.866667 0.623656 0.863492 0.627240 0.863492 0.634409 0.860317 0.637993 0.863492 0.648746 0.869841 0.655914 0.888889 0.655914 0.898413 0.645161 0.898413 0.641577 0.901587 0.637993 0.901587 0.623656 0.895238 0.616487 0.873016 0.616487 0.869841 0.620072
0 0.479365 0.627240 0.479365 0.634409 0.495238 0.648746 0.498413 0.648746 0.501587 0.652330 0.514286 0.652330 0.514286 0.641577 0.511111 0.637993 0.507937 0.637993 0.492063 0.620072 0.485714 0.620072
0 0.238095 0.623656 0.238095 0.630824 0.244444 0.637993 0.257143 0.641577 0.269841 0.652330 0.276190 0.652330 0.279365 0.655914 0.304762 0.655914 0.304762 0.648746 0.288889 0.630824 0.282540 0.630824 0.279365 0.627240 0.260317 0.627240 0.257143 0.623656
0 0.317460 0.630824 0.317460 0.641577 0.320635 0.641577 0.323810 0.645161 0.339683 0.645161 0.339683 0.630824 0.336508 0.627240 0.320635 0.627240
0 0.536508 0.630824 0.533333 0.634409 0.533333 0.641577 0.536508 0.645161 0.536508 0.648746 0.546032 0.659498 0.558730 0.659498 0.558730 0.655914 0.555556 0.652330 0.555556 0.645161 0.542857 0.630824
0 0.253968 0.666667 0.253968 0.673835 0.257143 0.677419 0.257143 0.681004 0.260317 0.681004 0.266667 0.688172 0.282540 0.688172 0.285714 0.684588 0.295238 0.681004 0.295238 0.673835 0.282540 0.659498 0.279365 0.659498 0.276190 0.655914 0.269841 0.655914 0.266667 0.652330
0 0.676190 0.663082 0.676190 0.673835 0.688889 0.684588 0.707937 0.684588 0.726984 0.702509 0.733333 0.702509 0.739683 0.695341 0.739683 0.684588 0.726984 0.670251 0.707937 0.659498 0.679365 0.659498
0 0.377778 0.684588 0.374603 0.681004 0.371429 0.666667 0.365079 0.663082 0.355556 0.663082 0.346032 0.670251 0.320635 0.670251 0.317460 0.673835 0.317460 0.681004 0.326984 0.691756 0.358730 0.691756 0.361905 0.695341 0.371429 0.695341
0 0.447619 0.670251 0.444444 0.673835 0.444444 0.684588 0.447619 0.688172 0.453968 0.706093 0.460317 0.713262 0.473016 0.713262 0.476190 0.716846 0.485714 0.716846 0.488889 0.713262 0.488889 0.698925 0.463492 0.670251
0 0.206349 0.677419 0.203175 0.688172 0.212698 0.702509 0.228571 0.709677 0.231746 0.713262 0.231746 0.716846 0.234921 0.716846 0.238095 0.720430 0.244444 0.720430 0.247619 0.716846 0.247619 0.706093 0.244444 0.702509 0.244444 0.698925 0.228571 0.681004 0.225397 0.681004 0.222222 0.677419
0 0.495238 0.684588 0.495238 0.695341 0.504762 0.706093 0.507937 0.702509 0.514286 0.702509 0.517460 0.698925 0.520635 0.698925 0.520635 0.684588 0.514286 0.677419 0.501587 0.677419
0 0.384127 0.695341 0.377778 0.702509 0.377778 0.709677 0.380952 0.716846 0.384127 0.716846 0.396825 0.731183 0.403175 0.734767 0.412698 0.734767 0.419048 0.727599 0.419048 0.724014 0.425397 0.716846 0.428571 0.716846 0.428571 0.706093 0.412698 0.688172 0.396825 0.688172
0 0.517460 0.702509 0.514286 0.706093 0.507937 0.706093 0.504762 0.709677 0.507937 0.713262 0.507937 0.716846 0.504762 0.720430 0.507937 0.724014 0.507937 0.731183 0.511111 0.734767 0.511111 0.741935 0.514286 0.745520 0.523810 0.745520 0.523810 0.741935 0.526984 0.738351 0.526984 0.720430 0.520635 0.709677 0.520635 0.702509
0 0.980952 0.702509 0.980952 0.709677 0.987302 0.716846 0.987302 0.720430 0.990476 0.724014 0.993651 0.724014 0.996825 0.720430 0.996825 0.709677 0.993651 0.706093 0.993651 0.702509
0 0.546032 0.716846 0.546032 0.720430 0.555556 0.731183 0.558730 0.738351 0.558730 0.749104 0.561905 0.752688 0.561905 0.763441 0.568254 0.774194 0.574603 0.774194 0.584127 0.763441 0.574603 0.749104 0.568254 0.727599 0.555556 0.716846
0 0.434921 0.727599 0.434921 0.734767 0.441270 0.741935 0.441270 0.745520 0.453968 0.745520 0.453968 0.734767 0.447619 0.727599 0.444444 0.727599 0.441270 0.724014 0.438095 0.727599
0 0.723810 0.727599 0.723810 0.749104 0.726984 0.752688 0.733333 0.752688 0.736508 0.756272 0.749206 0.756272 0.752381 0.759857 0.755556 0.756272 0.761905 0.756272 0.761905 0.749104 0.758730 0.745520 0.758730 0.741935 0.749206 0.731183 0.746032 0.731183 0.739683 0.724014 0.726984 0.724014
0 0.273016 0.734767 0.273016 0.741935 0.279365 0.749104 0.285714 0.749104 0.288889 0.752688 0.295238 0.752688 0.298413 0.756272 0.304762 0.756272 0.307937 0.752688 0.307937 0.741935 0.304762 0.738351 0.301587 0.738351 0.292063 0.727599 0.279365 0.727599
0 0.657143 0.741935 0.660317 0.745520 0.660317 0.752688 0.666667 0.767025 0.676190 0.777778 0.679365 0.788530 0.688889 0.799283 0.688889 0.802867 0.695238 0.802867 0.698413 0.799283 0.698413 0.792115 0.695238 0.788530 0.695238 0.774194 0.692063 0.770609 0.688889 0.756272 0.676190 0.745520 0.663492 0.745520
0 0.600000 0.745520 0.596825 0.749104 0.596825 0.770609 0.600000 0.774194 0.600000 0.777778 0.609524 0.781362 0.615873 0.788530 0.625397 0.788530 0.628571 0.784946 0.628571 0.781362 0.622222 0.774194 0.615873 0.752688 0.606349 0.745520
0 0.634921 0.749104 0.638095 0.774194 0.647619 0.795699 0.669841 0.827957 0.663492 0.799283 0.653968 0.784946 0.653968 0.777778 0.644444 0.756272
0 0.142857 0.770609 0.146032 0.774194 0.165079 0.774194 0.174603 0.767025 0.184127 0.767025 0.187302 0.763441 0.190476 0.763441 0.193651 0.759857 0.193651 0.756272 0.190476 0.752688 0.158730 0.752688 0.155556 0.756272 0.146032 0.759857 0.142857 0.763441
0 0.352381 0.767025 0.352381 0.781362 0.355556 0.784946 0.355556 0.788530 0.365079 0.799283 0.377778 0.799283 0.390476 0.784946 0.387302 0.774194 0.380952 0.767025 0.374603 0.767025 0.371429 0.763441 0.355556 0.763441
0 0.898413 0.767025 0.898413 0.770609 0.901587 0.770609 0.904762 0.774194 0.907937 0.774194 0.911111 0.777778 0.914286 0.777778 0.917460 0.774194 0.911111 0.767025 0.907937 0.767025 0.904762 0.763441 0.901587 0.763441
0 0.860317 0.767025 0.860317 0.781362 0.850794 0.792115 0.850794 0.802867 0.857143 0.810036 0.860317 0.810036 0.863492 0.813620 0.876190 0.813620 0.882540 0.802867 0.882540 0.795699 0.879365 0.792115 0.879365 0.784946 0.876190 0.781362 0.873016 0.770609 0.869841 0.770609 0.866667 0.767025
0 0.450794 0.777778 0.444444 0.784946 0.444444 0.795699 0.447619 0.799283 0.447619 0.802867 0.460317 0.817204 0.463492 0.817204 0.473016 0.824373 0.479365 0.824373 0.482540 0.827957 0.485714 0.827957 0.488889 0.824373 0.488889 0.813620 0.485714 0.810036 0.485714 0.806452 0.469841 0.788530 0.466667 0.788530 0.460317 0.781362
0 0.723810 0.788530 0.726984 0.799283 0.730159 0.799283 0.746032 0.813620 0.755556 0.813620 0.758730 0.810036 0.761905 0.810036 0.761905 0.806452 0.768254 0.795699 0.768254 0.781362 0.765079 0.781362 0.761905 0.777778 0.736508 0.777778
0 0.326984 0.792115 0.326984 0.802867 0.333333 0.810036 0.333333 0.813620 0.342857 0.824373 0.342857 0.831541 0.346032 0.835125 0.358730 0.835125 0.361905 0.831541 0.361905 0.817204 0.358730 0.813620 0.358730 0.810036 0.349206 0.799283 0.346032 0.799283 0.339683 0.792115
0 0.587302 0.802867 0.587302 0.817204 0.603175 0.835125 0.609524 0.835125 0.612698 0.838710 0.631746 0.838710 0.638095 0.831541 0.638095 0.820789 0.634921 0.813620 0.625397 0.802867 0.615873 0.799283 0.609524 0.792115 0.600000 0.792115
0 0.085714 0.806452 0.088889 0.813620 0.095238 0.813620 0.098413 0.817204 0.111111 0.817204 0.114286 0.820789 0.123810 0.820789 0.126984 0.824373 0.136508 0.824373 0.139683 0.827957 0.146032 0.827957 0.149206 0.824373 0.149206 0.817204 0.133333 0.799283 0.126984 0.799283 0.123810 0.795699 0.101587 0.795699 0.098413 0.799283 0.092063 0.799283
0 0.520635 0.799283 0.511111 0.810036 0.511111 0.813620 0.507937 0.817204 0.504762 0.827957 0.511111 0.838710 0.514286 0.838710 0.517460 0.842294 0.530159 0.842294 0.536508 0.831541 0.536508 0.810036 0.530159 0.799283
0 0.285714 0.813620 0.285714 0.817204 0.304762 0.838710 0.311111 0.838710 0.314286 0.842294 0.330159 0.842294 0.330159 0.838710 0.333333 0.835125 0.326984 0.824373 0.320635 0.824373 0.298413 0.810036 0.288889 0.810036
0 0.780952 0.813620 0.780952 0.831541 0.784127 0.838710 0.787302 0.838710 0.803175 0.860215 0.809524 0.860215 0.828571 0.870968 0.831746 0.867384 0.831746 0.842294 0.828571 0.835125 0.822222 0.827957 0.815873 0.827957 0.793651 0.813620
0 0.993651 0.813620 0.993651 0.817204 0.990476 0.820789 0.990476 0.824373 0.984127 0.831541 0.984127 0.838710 0.977778 0.845878 0.977778 0.849462 0.984127 0.849462 0.990476 0.842294 0.993651 0.842294 0.993651 0.831541 0.996825 0.827957 0.996825 0.824373 0.993651 0.820789
0 0.746032 0.817204 0.742857 0.827957 0.758730 0.849462 0.758730 0.853047 0.761905 0.853047 0.765079 0.856631 0.774603 0.856631 0.777778 0.853047 0.780952 0.853047 0.784127 0.842294 0.777778 0.831541 0.774603 0.831541 0.758730 0.817204
0 0.400000 0.820789 0.396825 0.824373 0.396825 0.845878 0.409524 0.860215 0.419048 0.860215 0.422222 0.863799 0.425397 0.860215 0.428571 0.860215 0.428571 0.849462 0.425397 0.845878 0.422222 0.835125 0.415873 0.827957 0.415873 0.824373 0.403175 0.824373
0 0.171429 0.827957 0.171429 0.838710 0.174603 0.842294 0.177778 0.842294 0.212698 0.863799 0.219048 0.863799 0.219048 0.856631 0.215873 0.853047 0.215873 0.849462 0.203175 0.835125 0.200000 0.835125 0.187302 0.824373 0.174603 0.824373
0 0.101587 0.853047 0.098413 0.856631 0.098413 0.867384 0.111111 0.881720 0.111111 0.885305 0.120635 0.896057 0.120635 0.899642 0.130159 0.906810 0.133333 0.903226 0.133333 0.888889 0.130159 0.885305 0.126984 0.867384 0.120635 0.860215 0.120635 0.856631 0.117460 0.856631 0.114286 0.853047
0 0.342857 0.856631 0.342857 0.860215 0.355556 0.867384 0.358730 0.874552 0.387302 0.903226 0.393651 0.903226 0.396825 0.899642 0.396825 0.888889 0.390476 0.874552 0.387302 0.874552 0.380952 0.867384
0 0.901587 0.860215 0.895238 0.870968 0.895238 0.878136 0.892063 0.881720 0.888889 0.899642 0.892063 0.903226 0.892063 0.906810 0.895238 0.910394 0.898413 0.910394 0.904762 0.921147 0.911111 0.921147 0.911111 0.910394 0.914286 0.906810 0.914286 0.888889 0.911111 0.885305 0.911111 0.878136 0.907937 0.874552 0.907937 0.860215
0 0.949206 0.878136 0.952381 0.881720 0.952381 0.885305 0.955556 0.885305 0.958730 0.888889 0.965079 0.888889 0.968254 0.885305 0.971429 0.885305 0.974603 0.881720 0.974603 0.874552 0.968254 0.867384 0.958730 0.867384 0.955556 0.870968 0.952381 0.870968 0.952381 0.874552
0 0.333333 0.878136 0.333333 0.892473 0.339683 0.899642 0.342857 0.899642 0.352381 0.910394 0.355556 0.910394 0.358730 0.913978 0.361905 0.910394 0.361905 0.906810 0.358730 0.903226 0.358730 0.899642 0.342857 0.881720 0.339683 0.881720 0.336508 0.878136
0 0.593651 0.892473 0.596825 0.906810 0.603175 0.910394 0.609524 0.917563 0.609524 0.921147 0.615873 0.924731 0.634921 0.924731 0.641270 0.921147 0.650794 0.906810 0.647619 0.896057 0.641270 0.888889 0.631746 0.888889 0.628571 0.885305 0.600000 0.885305
0 0.673016 0.899642 0.663492 0.899642 0.663492 0.906810 0.650794 0.928315 0.650794 0.942652 0.657143 0.953405 0.666667 0.953405 0.673016 0.946237 0.679365 0.946237 0.682540 0.942652 0.685714 0.942652 0.685714 0.924731 0.682540 0.921147 0.679365 0.910394 0.673016 0.903226
0 0.850794 0.899642 0.844444 0.910394 0.844444 0.935484 0.853968 0.956989 0.863492 0.964158 0.869841 0.964158 0.879365 0.953405 0.876190 0.928315 0.866667 0.906810 0.860317 0.899642
0 0.380952 0.913978 0.377778 0.917563 0.377778 0.924731 0.387302 0.935484 0.390476 0.935484 0.390476 0.928315 0.384127 0.921147 0.384127 0.917563
0 0.774603 0.921147 0.774603 0.939068 0.780952 0.946237 0.787302 0.946237 0.790476 0.949821 0.800000 0.949821 0.803175 0.946237 0.806349 0.946237 0.806349 0.939068 0.809524 0.935484 0.803175 0.924731 0.800000 0.924731 0.796825 0.921147 0.787302 0.921147 0.784127 0.917563 0.777778 0.917563
0 0.739683 0.921147 0.736508 0.924731 0.739683 0.928315 0.746032 0.928315 0.749206 0.931900 0.749206 0.935484 0.752381 0.939068 0.752381 0.946237 0.758730 0.953405 0.761905 0.949821 0.761905 0.939068 0.755556 0.931900 0.755556 0.924731 0.752381 0.921147 0.749206 0.924731 0.746032 0.924731 0.742857 0.921147
0 0.949206 0.921147 0.949206 0.924731 0.946032 0.928315 0.942857 0.939068 0.952381 0.956989 0.952381 0.964158 0.961905 0.964158 0.961905 0.960573 0.971429 0.949821 0.971429 0.939068 0.968254 0.935484 0.965079 0.924731 0.961905 0.924731 0.958730 0.921147
0 0.282540 0.928315 0.282540 0.942652 0.285714 0.946237 0.285714 0.949821 0.295238 0.960573 0.298413 0.960573 0.301587 0.956989 0.304762 0.956989 0.304762 0.953405 0.307937 0.949821 0.307937 0.939068 0.304762 0.935484 0.304762 0.931900 0.298413 0.931900 0.295238 0.928315
0 0.514286 0.928315 0.511111 0.931900 0.511111 0.946237 0.514286 0.949821 0.514286 0.953405 0.520635 0.960573 0.523810 0.960573 0.526984 0.964158 0.530159 0.964158 0.536508 0.956989 0.533333 0.953405 0.533333 0.949821 0.526984 0.942652 0.526984 0.939068 0.523810 0.935484 0.523810 0.931900 0.520635 0.931900 0.517460 0.928315
0 0.317460 0.939068 0.320635 0.949821 0.333333 0.964158 0.358730 0.978495 0.368254 0.989247 0.368254 0.992832 0.374603 0.992832 0.365079 0.971326 0.346032 0.949821 0.330159 0.939068
0 0.920635 0.946237 0.920635 0.960573 0.926984 0.967742 0.936508 0.967742 0.939683 0.964158 0.949206 0.964158 0.949206 0.956989 0.946032 0.953405 0.946032 0.949821 0.939683 0.939068 0.930159 0.939068
0 0.565079 0.942652 0.558730 0.942652 0.555556 0.946237 0.555556 0.956989 0.549206 0.964158 0.549206 0.971326 0.555556 0.971326 0.558730 0.967742 0.561905 0.967742 0.565079 0.964158 0.565079 0.956989 0.568254 0.953405 0.568254 0.946237
0 0.374603 0.946237 0.374603 0.956989 0.384127 0.967742 0.384127 0.974910 0.387302 0.978495 0.387302 0.982079 0.396825 0.992832 0.406349 0.992832 0.409524 0.996416 0.412698 0.996416 0.415873 0.992832 0.415873 0.989247 0.406349 0.978495 0.406349 0.971326 0.403175 0.967742 0.400000 0.967742 0.387302 0.953405 0.387302 0.949821 0.384127 0.949821 0.380952 0.946237
0 0.809524 0.964158 0.809524 0.974910 0.815873 0.982079 0.822222 0.982079 0.825397 0.985663 0.828571 0.985663 0.834921 0.978495 0.834921 0.971326 0.828571 0.964158 0.825397 0.964158 0.822222 0.960573 0.815873 0.960573 0.812698 0.964158
