0 0.579618 0.003597 0.582803 0.014388 0.589172 0.021583 0.592357 0.021583 0.595541 0.025180 0.601911 0.025180 0.605096 0.028777 0.608280 0.028777 0.611465 0.025180 0.617834 0.025180 0.617834 0.021583 0.624204 0.014388 0.624204 0.003597 0.621019 0.000000 0.595541 0.000000 0.592357 0.003597 0.589172 0.000000 0.585987 0.000000 0.582803 0.003597
0 0.117834 0.003597 0.117834 0.010791 0.121019 0.010791 0.124204 0.014388 0.133758 0.014388 0.136943 0.010791 0.136943 0.003597
0 0.796178 0.007194 0.796178 0.028777 0.799363 0.032374 0.802548 0.032374 0.812102 0.039568 0.828025 0.039568 0.834395 0.032374 0.831210 0.021583 0.818471 0.007194 0.815287 0.007194 0.812102 0.003597 0.802548 0.003597 0.799363 0.007194
0 0.423567 0.014388 0.420382 0.010791 0.414013 0.010791 0.410828 0.007194 0.407643 0.007194 0.404459 0.010791 0.388535 0.010791 0.388535 0.021583 0.394904 0.032374 0.420382 0.032374 0.423567 0.028777
0 0.464968 0.021583 0.468153 0.021583 0.471338 0.025180 0.477707 0.025180 0.480892 0.028777 0.484076 0.025180 0.487261 0.025180 0.487261 0.021583 0.484076 0.017986 0.484076 0.014388 0.480892 0.010791 0.477707 0.010791 0.471338 0.017986 0.468153 0.017986
0 0.662420 0.021583 0.652866 0.014388 0.646497 0.014388 0.643312 0.017986 0.640127 0.017986 0.640127 0.021583 0.633758 0.028777 0.633758 0.035971 0.630573 0.039568 0.636943 0.046763 0.649682 0.046763 0.652866 0.043165 0.656051 0.043165 0.656051 0.039568 0.662420 0.032374
0 0.353503 0.028777 0.350318 0.028777 0.347134 0.025180 0.340764 0.025180 0.337580 0.021583 0.334395 0.025180 0.331210 0.025180 0.321656 0.035971 0.321656 0.039568 0.318471 0.043165 0.318471 0.046763 0.321656 0.050360 0.321656 0.057554 0.328025 0.064748 0.340764 0.064748 0.343949 0.061151 0.350318 0.061151 0.359873 0.050360 0.359873 0.039568
0 0.121019 0.050360 0.114650 0.057554 0.114650 0.068345 0.124204 0.079137 0.127389 0.079137 0.130573 0.075540 0.133758 0.075540 0.133758 0.061151 0.127389 0.053957 0.127389 0.050360
0 0.449045 0.053957 0.442675 0.061151 0.442675 0.068345 0.449045 0.075540 0.461783 0.075540 0.461783 0.071942 0.464968 0.068345 0.464968 0.064748 0.461783 0.061151 0.461783 0.057554 0.458599 0.053957
0 0.831210 0.064748 0.831210 0.079137 0.834395 0.082734 0.837580 0.079137 0.856688 0.079137 0.863057 0.071942 0.863057 0.057554 0.859873 0.057554 0.856688 0.053957 0.837580 0.053957
0 0.636943 0.071942 0.621019 0.057554 0.608280 0.057554 0.595541 0.064748 0.582803 0.079137 0.579618 0.093525 0.585987 0.104317 0.592357 0.107914 0.605096 0.107914 0.614650 0.100719 0.621019 0.100719 0.633758 0.093525 0.636943 0.086331
0 0.713376 0.057554 0.703822 0.068345 0.703822 0.071942 0.700637 0.075540 0.700637 0.086331 0.703822 0.089928 0.703822 0.097122 0.707006 0.100719 0.707006 0.104317 0.710191 0.107914 0.719745 0.107914 0.726115 0.097122 0.726115 0.082734 0.729299 0.079137 0.729299 0.068345 0.722930 0.057554
0 0.242038 0.064748 0.229299 0.064748 0.226115 0.068345 0.222930 0.068345 0.216561 0.075540 0.216561 0.086331 0.219745 0.089928 0.219745 0.093525 0.222930 0.093525 0.226115 0.097122 0.232484 0.097122 0.242038 0.086331 0.242038 0.082734 0.245223 0.079137 0.245223 0.068345
0 0.522293 0.064748 0.515924 0.064748 0.509554 0.071942 0.509554 0.075540 0.506369 0.079137 0.506369 0.097122 0.512739 0.104317 0.519108 0.104317 0.528662 0.093525 0.528662 0.089928 0.531847 0.086331 0.531847 0.075540
0 0.006369 0.071942 0.003185 0.071942 0.003185 0.097122 0.000000 0.100719 0.000000 0.107914 0.003185 0.111511 0.003185 0.115108 0.009554 0.107914 0.012739 0.107914 0.012739 0.104317 0.015924 0.100719 0.015924 0.089928 0.012739 0.086331 0.012739 0.079137
0 0.363057 0.071942 0.347134 0.071942 0.343949 0.075540 0.340764 0.075540 0.340764 0.079137 0.334395 0.089928 0.334395 0.093525 0.340764 0.104317 0.347134 0.104317 0.350318 0.107914 0.353503 0.107914 0.356688 0.104317 0.359873 0.104317 0.369427 0.093525 0.372611 0.082734 0.369427 0.079137 0.369427 0.075540 0.366242 0.075540
0 0.687898 0.079137 0.681529 0.086331 0.681529 0.089928 0.678344 0.093525 0.678344 0.107914 0.681529 0.111511 0.681529 0.115108 0.687898 0.122302 0.700637 0.122302 0.703822 0.118705 0.707006 0.107914 0.700637 0.097122 0.700637 0.089928 0.697452 0.086331 0.697452 0.079137
0 0.834395 0.086331 0.828025 0.079137 0.824841 0.082734 0.821656 0.079137 0.818471 0.082734 0.805732 0.082734 0.796178 0.093525 0.792994 0.100719 0.796178 0.107914 0.796178 0.115108 0.805732 0.122302 0.831210 0.122302 0.837580 0.107914 0.837580 0.093525
0 0.098726 0.097122 0.095541 0.100719 0.092357 0.100719 0.082803 0.111511 0.082803 0.129496 0.085987 0.133094 0.085987 0.136691 0.089172 0.136691 0.092357 0.140288 0.098726 0.140288 0.101911 0.136691 0.105096 0.136691 0.111465 0.125899 0.111465 0.104317 0.108280 0.100719 0.101911 0.100719
0 0.407643 0.104317 0.404459 0.104317 0.401274 0.100719 0.388535 0.100719 0.385350 0.104317 0.382166 0.104317 0.375796 0.111511 0.375796 0.115108 0.372611 0.118705 0.372611 0.129496 0.375796 0.133094 0.375796 0.136691 0.378981 0.140288 0.398089 0.140288 0.401274 0.136691 0.404459 0.136691 0.410828 0.125899 0.410828 0.111511 0.407643 0.107914
0 0.550955 0.107914 0.547771 0.111511 0.544586 0.111511 0.538217 0.118705 0.538217 0.133094 0.547771 0.143885 0.557325 0.143885 0.566879 0.136691 0.570064 0.125899 0.566879 0.122302 0.566879 0.118705 0.560510 0.111511
0 0.133758 0.111511 0.130573 0.115108 0.127389 0.115108 0.121019 0.122302 0.121019 0.133094 0.127389 0.140288 0.127389 0.143885 0.140127 0.143885 0.143312 0.147482 0.146497 0.143885 0.149682 0.143885 0.156051 0.136691 0.156051 0.129496 0.149682 0.118705 0.146497 0.118705 0.143312 0.115108
0 0.585987 0.118705 0.585987 0.136691 0.592357 0.143885 0.608280 0.143885 0.614650 0.136691 0.617834 0.136691 0.617834 0.133094 0.621019 0.129496 0.621019 0.122302 0.611465 0.111511 0.592357 0.111511
0 0.025478 0.115108 0.022293 0.118705 0.019108 0.118705 0.019108 0.122302 0.012739 0.129496 0.012739 0.151079 0.015924 0.154676 0.015924 0.158273 0.019108 0.158273 0.022293 0.161871 0.038217 0.161871 0.050955 0.147482 0.050955 0.125899 0.041401 0.115108
0 0.283439 0.115108 0.267516 0.115108 0.264331 0.118705 0.257962 0.118705 0.254777 0.122302 0.254777 0.129496 0.251592 0.133094 0.251592 0.140288 0.254777 0.143885 0.254777 0.151079 0.257962 0.154676 0.270701 0.154676 0.277070 0.147482 0.280255 0.147482 0.280255 0.143885 0.286624 0.136691 0.286624 0.118705
0 0.799363 0.122302 0.792994 0.133094 0.792994 0.151079 0.796178 0.154676 0.796178 0.161871 0.802548 0.172662 0.812102 0.172662 0.818471 0.165468 0.818471 0.161871 0.828025 0.147482 0.828025 0.136691 0.831210 0.133094 0.831210 0.125899 0.805732 0.125899
0 0.187898 0.125899 0.184713 0.129496 0.184713 0.133094 0.181529 0.136691 0.181529 0.140288 0.184713 0.143885 0.184713 0.147482 0.187898 0.147482 0.191083 0.151079 0.197452 0.151079 0.200637 0.147482 0.203822 0.147482 0.207006 0.143885 0.207006 0.129496 0.203822 0.125899
0 0.503185 0.136691 0.490446 0.151079 0.490446 0.161871 0.496815 0.169065 0.512739 0.169065 0.519108 0.161871 0.519108 0.158273 0.522293 0.154676 0.522293 0.143885 0.519108 0.140288 0.519108 0.136691
0 0.907643 0.140288 0.888535 0.161871 0.875796 0.190647 0.875796 0.205036 0.878981 0.208633 0.888535 0.205036 0.888535 0.201439 0.898089 0.190647 0.898089 0.183453 0.907643 0.165468
0 0.732484 0.151079 0.726115 0.158273 0.722930 0.158273 0.722930 0.165468 0.719745 0.169065 0.719745 0.194245 0.729299 0.205036 0.745223 0.205036 0.754777 0.194245 0.754777 0.187050 0.757962 0.183453 0.757962 0.165468 0.751592 0.154676 0.745223 0.151079
0 0.047771 0.169065 0.047771 0.183453 0.057325 0.190647 0.073248 0.190647 0.079618 0.183453 0.079618 0.169065 0.070064 0.158273 0.063694 0.158273 0.060510 0.161871 0.057325 0.161871 0.050955 0.169065
0 0.143312 0.165468 0.136943 0.176259 0.136943 0.183453 0.140127 0.187050 0.143312 0.187050 0.152866 0.197842 0.162420 0.197842 0.168790 0.190647 0.168790 0.176259 0.165605 0.172662 0.165605 0.169065 0.156051 0.161871 0.149682 0.161871 0.146497 0.165468
0 0.000000 0.176259 0.000000 0.205036 0.003185 0.205036 0.006369 0.201439 0.006369 0.187050 0.003185 0.183453 0.003185 0.176259
0 0.305732 0.187050 0.286624 0.187050 0.283439 0.190647 0.280255 0.190647 0.280255 0.194245 0.273885 0.201439 0.273885 0.219424 0.277070 0.223022 0.286624 0.223022 0.289809 0.226619 0.292994 0.223022 0.299363 0.223022 0.302548 0.219424 0.305732 0.219424 0.312102 0.208633 0.312102 0.197842 0.305732 0.190647
0 0.350318 0.194245 0.337580 0.194245 0.334395 0.197842 0.331210 0.197842 0.321656 0.208633 0.321656 0.223022 0.331210 0.233813 0.340764 0.233813 0.343949 0.230216 0.347134 0.230216 0.353503 0.223022 0.353503 0.219424 0.356688 0.215827 0.356688 0.201439
0 0.207006 0.241007 0.197452 0.251799 0.197452 0.258993 0.194268 0.262590 0.197452 0.266187 0.197452 0.273381 0.210191 0.287770 0.222930 0.287770 0.232484 0.273381 0.232484 0.255396 0.226115 0.244604 0.222930 0.244604 0.219745 0.241007
0 0.111465 0.244604 0.105096 0.244604 0.101911 0.248201 0.101911 0.255396 0.098726 0.258993 0.098726 0.262590 0.095541 0.266187 0.095541 0.276978 0.098726 0.280576 0.105096 0.280576 0.111465 0.273381 0.111465 0.269784 0.114650 0.266187 0.114650 0.248201
0 0.643312 0.248201 0.633758 0.248201 0.630573 0.251799 0.627389 0.251799 0.621019 0.258993 0.621019 0.262590 0.617834 0.266187 0.617834 0.280576 0.624204 0.287770 0.627389 0.287770 0.630573 0.291367 0.640127 0.287770 0.649682 0.276978 0.649682 0.273381 0.652866 0.269784 0.652866 0.262590 0.649682 0.258993 0.649682 0.255396
0 0.277070 0.251799 0.267516 0.262590 0.267516 0.284173 0.273885 0.291367 0.286624 0.291367 0.292994 0.280576 0.292994 0.255396 0.289809 0.251799
0 0.512739 0.262590 0.512739 0.276978 0.515924 0.276978 0.522293 0.284173 0.535032 0.284173 0.535032 0.266187 0.528662 0.258993 0.519108 0.258993 0.515924 0.262590
0 0.812102 0.258993 0.802548 0.262590 0.792994 0.273381 0.792994 0.280576 0.789809 0.284173 0.789809 0.294964 0.792994 0.298561 0.802548 0.298561 0.805732 0.294964 0.808917 0.294964 0.808917 0.291367 0.815287 0.280576 0.815287 0.273381 0.818471 0.269784 0.818471 0.266187
0 0.054140 0.269784 0.054140 0.273381 0.060510 0.280576 0.063694 0.280576 0.073248 0.291367 0.079618 0.291367 0.082803 0.287770 0.082803 0.276978 0.073248 0.266187 0.057325 0.266187
0 0.681529 0.266187 0.675159 0.273381 0.675159 0.298561 0.681529 0.305755 0.681529 0.309353 0.697452 0.316547 0.710191 0.305755 0.710191 0.302158 0.713376 0.298561 0.713376 0.284173 0.700637 0.269784 0.697452 0.269784 0.694268 0.266187
0 0.296178 0.291367 0.286624 0.298561 0.286624 0.302158 0.283439 0.305755 0.283439 0.316547 0.289809 0.323741 0.305732 0.323741 0.312102 0.312950 0.312102 0.302158 0.308917 0.298561 0.308917 0.294964 0.305732 0.294964 0.302548 0.291367
0 0.315287 0.309353 0.315287 0.312950 0.308917 0.323741 0.308917 0.327338 0.312102 0.330935 0.315287 0.341727 0.324841 0.348921 0.331210 0.348921 0.334395 0.345324 0.337580 0.345324 0.343949 0.338129 0.343949 0.330935 0.340764 0.327338 0.337580 0.316547 0.334395 0.316547 0.328025 0.309353
0 0.566879 0.309353 0.547771 0.330935 0.547771 0.356115 0.570064 0.388489 0.582803 0.399281 0.598726 0.399281 0.617834 0.384892 0.624204 0.370504 0.624204 0.345324 0.605096 0.323741 0.585987 0.312950
0 0.108280 0.312950 0.105096 0.316547 0.105096 0.327338 0.111465 0.334532 0.114650 0.334532 0.117834 0.330935 0.121019 0.330935 0.124204 0.327338 0.124204 0.323741 0.114650 0.312950
0 0.391720 0.327338 0.388535 0.327338 0.382166 0.334532 0.382166 0.348921 0.385350 0.352518 0.385350 0.366906 0.388535 0.370504 0.391720 0.366906 0.394904 0.366906 0.401274 0.359712 0.401274 0.356115 0.404459 0.352518 0.398089 0.341727 0.398089 0.330935 0.394904 0.330935
0 0.356688 0.352518 0.350318 0.356115 0.343949 0.370504 0.343949 0.384892 0.347134 0.388489 0.347134 0.395683 0.359873 0.406475 0.375796 0.406475 0.385350 0.392086 0.385350 0.370504 0.382166 0.363309 0.369427 0.352518
0 0.181529 0.363309 0.181529 0.366906 0.178344 0.370504 0.178344 0.388489 0.184713 0.395683 0.200637 0.395683 0.207006 0.384892 0.207006 0.370504 0.200637 0.363309 0.197452 0.363309 0.194268 0.359712 0.187898 0.359712 0.184713 0.363309
0 0.063694 0.363309 0.057325 0.363309 0.050955 0.370504 0.050955 0.377698 0.054140 0.381295 0.060510 0.381295 0.063694 0.377698 0.066879 0.377698 0.066879 0.366906
0 0.656051 0.377698 0.656051 0.392086 0.659236 0.395683 0.671975 0.395683 0.671975 0.392086 0.675159 0.388489 0.675159 0.384892 0.665605 0.374101 0.662420 0.374101 0.659236 0.377698
0 0.305732 0.381295 0.302548 0.384892 0.299363 0.384892 0.299363 0.388489 0.296178 0.392086 0.296178 0.413669 0.308917 0.428058 0.321656 0.428058 0.331210 0.410072 0.331210 0.402878 0.328025 0.399281 0.328025 0.395683 0.318471 0.384892 0.315287 0.384892 0.312102 0.381295
0 0.496815 0.381295 0.490446 0.381295 0.487261 0.384892 0.484076 0.384892 0.477707 0.392086 0.477707 0.395683 0.474522 0.399281 0.474522 0.417266 0.480892 0.424460 0.493631 0.424460 0.496815 0.420863 0.500000 0.420863 0.506369 0.410072 0.506369 0.392086
0 0.824841 0.381295 0.818471 0.388489 0.818471 0.406475 0.821656 0.410072 0.821656 0.417266 0.824841 0.420863 0.831210 0.420863 0.834395 0.424460 0.840764 0.424460 0.843949 0.420863 0.847134 0.424460 0.859873 0.410072 0.859873 0.395683 0.856688 0.392086 0.856688 0.388489 0.847134 0.381295
0 0.152866 0.392086 0.149682 0.395683 0.146497 0.395683 0.140127 0.402878 0.140127 0.417266 0.143312 0.420863 0.143312 0.424460 0.146497 0.424460 0.156051 0.435252 0.162420 0.435252 0.171975 0.424460 0.178344 0.406475 0.175159 0.402878 0.175159 0.399281 0.171975 0.399281 0.162420 0.392086
0 0.859873 0.413669 0.850318 0.424460 0.850318 0.435252 0.853503 0.438849 0.853503 0.442446 0.859873 0.449640 0.863057 0.449640 0.866242 0.453237 0.875796 0.453237 0.882166 0.442446 0.882166 0.438849 0.878981 0.435252 0.878981 0.428058 0.872611 0.417266 0.869427 0.417266 0.866242 0.413669
0 0.550955 0.420863 0.535032 0.420863 0.531847 0.424460 0.519108 0.424460 0.512739 0.428058 0.503185 0.442446 0.506369 0.453237 0.512739 0.456835 0.522293 0.456835 0.531847 0.474820 0.547771 0.471223 0.554140 0.460432 0.554140 0.428058
0 0.585987 0.424460 0.589172 0.428058 0.585987 0.431655 0.585987 0.442446 0.582803 0.446043 0.582803 0.449640 0.585987 0.453237 0.585987 0.464029 0.589172 0.467626 0.595541 0.467626 0.601911 0.460432 0.598726 0.456835 0.601911 0.453237 0.601911 0.438849 0.589172 0.424460
0 0.133758 0.442446 0.130573 0.446043 0.127389 0.446043 0.127389 0.449640 0.124204 0.453237 0.124204 0.464029 0.121019 0.467626 0.121019 0.471223 0.124204 0.474820 0.124204 0.489209 0.127389 0.492806 0.143312 0.492806 0.152866 0.478417 0.152866 0.456835 0.146497 0.446043 0.143312 0.446043 0.140127 0.442446
0 0.063694 0.446043 0.047771 0.446043 0.044586 0.449640 0.041401 0.449640 0.035032 0.456835 0.035032 0.471223 0.038217 0.471223 0.047771 0.478417 0.054140 0.478417 0.063694 0.467626 0.063694 0.464029 0.066879 0.460432 0.066879 0.453237 0.063694 0.449640
0 0.095541 0.446043 0.085987 0.453237 0.085987 0.456835 0.082803 0.460432 0.082803 0.471223 0.089172 0.478417 0.105096 0.478417 0.114650 0.467626 0.114650 0.456835 0.108280 0.446043
0 0.675159 0.456835 0.662420 0.446043 0.633758 0.449640 0.614650 0.467626 0.611465 0.474820 0.611465 0.485612 0.614650 0.489209 0.630573 0.489209 0.633758 0.485612 0.659236 0.485612 0.671975 0.471223
0 0.840764 0.460432 0.831210 0.471223 0.828025 0.482014 0.831210 0.485612 0.831210 0.489209 0.843949 0.503597 0.847134 0.503597 0.850318 0.507194 0.856688 0.507194 0.859873 0.503597 0.863057 0.503597 0.869427 0.492806 0.866242 0.474820 0.859873 0.467626 0.856688 0.467626 0.847134 0.460432
0 0.337580 0.467626 0.328025 0.474820 0.328025 0.482014 0.324841 0.485612 0.324841 0.492806 0.328025 0.496403 0.328025 0.503597 0.334395 0.510791 0.343949 0.507194 0.350318 0.496403 0.350318 0.478417 0.343949 0.471223 0.340764 0.471223
0 0.480892 0.467626 0.468153 0.467626 0.461783 0.474820 0.461783 0.492806 0.468153 0.500000 0.474522 0.500000 0.477707 0.496403 0.480892 0.496403 0.487261 0.489209 0.487261 0.474820
0 0.426752 0.471223 0.417197 0.478417 0.417197 0.482014 0.414013 0.485612 0.414013 0.500000 0.417197 0.503597 0.417197 0.507194 0.423567 0.514388 0.433121 0.517986 0.442675 0.510791 0.442675 0.503597 0.445860 0.500000 0.445860 0.496403 0.442675 0.492806 0.442675 0.482014 0.439490 0.478417 0.439490 0.474820 0.436306 0.474820 0.433121 0.471223
0 0.035032 0.474820 0.031847 0.478417 0.028662 0.478417 0.025478 0.482014 0.025478 0.492806 0.028662 0.496403 0.035032 0.496403 0.038217 0.500000 0.041401 0.500000 0.047771 0.492806 0.047771 0.485612 0.044586 0.482014 0.044586 0.478417 0.041401 0.478417 0.038217 0.474820
0 0.732484 0.478417 0.732484 0.482014 0.729299 0.485612 0.729299 0.492806 0.732484 0.496403 0.732484 0.500000 0.748408 0.500000 0.751592 0.496403 0.751592 0.489209 0.748408 0.485612 0.748408 0.482014 0.745223 0.478417 0.742038 0.478417 0.738854 0.474820 0.735669 0.478417
0 0.636943 0.500000 0.636943 0.503597 0.633758 0.507194 0.633758 0.521583 0.643312 0.532374 0.646497 0.532374 0.656051 0.539568 0.662420 0.539568 0.665605 0.535971 0.668790 0.535971 0.668790 0.532374 0.675159 0.525180 0.675159 0.510791 0.668790 0.503597 0.665605 0.503597 0.662420 0.500000 0.656051 0.500000 0.652866 0.496403 0.643312 0.496403 0.640127 0.500000
0 0.108280 0.500000 0.092357 0.500000 0.079618 0.517986 0.079618 0.550360 0.092357 0.561151 0.098726 0.561151 0.111465 0.553957 0.121019 0.539568 0.121019 0.521583 0.117834 0.517986 0.117834 0.510791
0 0.783439 0.507194 0.780255 0.503597 0.773885 0.503597 0.767516 0.510791 0.767516 0.514388 0.764331 0.517986 0.767516 0.521583 0.773885 0.521583 0.780255 0.514388 0.780255 0.510791
0 0.401274 0.514388 0.394904 0.521583 0.394904 0.528777 0.391720 0.532374 0.391720 0.543165 0.394904 0.546763 0.394904 0.557554 0.398089 0.561151 0.398089 0.568345 0.401274 0.571942 0.410828 0.571942 0.420382 0.561151 0.420382 0.546763 0.417197 0.543165 0.417197 0.535971 0.410828 0.528777 0.407643 0.517986 0.404459 0.514388
0 0.487261 0.514388 0.477707 0.514388 0.468153 0.525180 0.468153 0.546763 0.471338 0.550360 0.474522 0.546763 0.477707 0.546763 0.484076 0.539568 0.484076 0.535971 0.487261 0.532374 0.487261 0.525180 0.490446 0.521583 0.487261 0.517986
0 0.003185 0.517986 0.000000 0.521583 0.000000 0.561151 0.003185 0.564748 0.006369 0.564748 0.006369 0.557554 0.009554 0.553957 0.009554 0.532374 0.006369 0.528777 0.006369 0.521583
0 0.372611 0.517986 0.356688 0.517986 0.350318 0.525180 0.350318 0.528777 0.347134 0.532374 0.347134 0.535971 0.353503 0.543165 0.359873 0.543165 0.366242 0.535971 0.369427 0.535971 0.375796 0.528777 0.375796 0.525180 0.372611 0.521583
0 0.570064 0.543165 0.566879 0.539568 0.554140 0.539568 0.547771 0.546763 0.547771 0.557554 0.550955 0.561151 0.557325 0.561151 0.560510 0.557554 0.563694 0.557554 0.570064 0.550360
0 0.022293 0.543165 0.015924 0.550360 0.015924 0.564748 0.019108 0.568345 0.019108 0.571942 0.028662 0.582734 0.035032 0.582734 0.044586 0.575540 0.044586 0.553957 0.035032 0.543165
0 0.509554 0.543165 0.500000 0.543165 0.496815 0.546763 0.493631 0.546763 0.493631 0.550360 0.490446 0.553957 0.490446 0.568345 0.493631 0.571942 0.506369 0.571942 0.509554 0.568345 0.512739 0.568345 0.512739 0.564748 0.515924 0.561151 0.515924 0.550360
0 0.646497 0.557554 0.643312 0.561151 0.643312 0.575540 0.646497 0.579137 0.646497 0.582734 0.662420 0.582734 0.665605 0.579137 0.665605 0.564748 0.659236 0.557554
0 0.292994 0.564748 0.286624 0.571942 0.286624 0.579137 0.283439 0.582734 0.286624 0.586331 0.286624 0.593525 0.299363 0.607914 0.308917 0.607914 0.312102 0.604317 0.315287 0.604317 0.321656 0.593525 0.321656 0.579137 0.318471 0.575540 0.318471 0.571942 0.312102 0.564748
0 0.824841 0.568345 0.815287 0.564748 0.792994 0.589928 0.789809 0.589928 0.786624 0.593525 0.786624 0.611511 0.792994 0.618705 0.802548 0.618705 0.815287 0.604317 0.815287 0.597122 0.824841 0.579137
0 0.372611 0.575540 0.372611 0.579137 0.369427 0.582734 0.369427 0.604317 0.382166 0.618705 0.385350 0.618705 0.388535 0.622302 0.394904 0.622302 0.401274 0.615108 0.401274 0.604317 0.398089 0.600719 0.394904 0.589928 0.382166 0.575540
0 0.550955 0.589928 0.550955 0.593525 0.547771 0.597122 0.547771 0.615108 0.554140 0.622302 0.557325 0.622302 0.560510 0.625899 0.576433 0.625899 0.582803 0.615108 0.576433 0.593525 0.570064 0.586331 0.557325 0.586331 0.554140 0.589928
0 0.608280 0.586331 0.605096 0.589928 0.601911 0.589928 0.595541 0.597122 0.595541 0.611511 0.598726 0.615108 0.598726 0.618705 0.605096 0.625899 0.611465 0.625899 0.614650 0.629496 0.621019 0.629496 0.630573 0.622302 0.630573 0.600719 0.621019 0.589928 0.614650 0.589928 0.611465 0.586331
0 0.818471 0.611511 0.812102 0.622302 0.812102 0.651079 0.818471 0.658273 0.828025 0.658273 0.834395 0.647482 0.834395 0.625899 0.831210 0.622302 0.831210 0.618705 0.824841 0.611511
0 0.031847 0.618705 0.019108 0.640288 0.019108 0.651079 0.028662 0.669065 0.057325 0.697842 0.066879 0.697842 0.082803 0.690647 0.085987 0.683453 0.070064 0.636691 0.054140 0.622302
0 0.579618 0.633094 0.579618 0.647482 0.592357 0.661871 0.598726 0.661871 0.601911 0.665468 0.624204 0.665468 0.630573 0.654676 0.630573 0.647482 0.621019 0.633094 0.614650 0.633094 0.611465 0.629496 0.582803 0.629496
0 0.277070 0.647482 0.270701 0.640288 0.264331 0.640288 0.261146 0.636691 0.257962 0.640288 0.251592 0.640288 0.248408 0.643885 0.245223 0.643885 0.235669 0.654676 0.232484 0.654676 0.232484 0.658273 0.245223 0.672662 0.267516 0.672662 0.277070 0.661871
0 0.197452 0.651079 0.184713 0.651079 0.175159 0.661871 0.175159 0.669065 0.171975 0.672662 0.175159 0.676259 0.175159 0.687050 0.181529 0.694245 0.191083 0.694245 0.194268 0.690647 0.197452 0.690647 0.203822 0.683453 0.203822 0.679856 0.207006 0.676259 0.207006 0.665468 0.203822 0.661871 0.203822 0.658273
0 0.436306 0.654676 0.433121 0.658273 0.433121 0.679856 0.442675 0.687050 0.449045 0.687050 0.452229 0.683453 0.455414 0.683453 0.461783 0.676259 0.461783 0.665468 0.455414 0.658273 0.452229 0.658273 0.449045 0.654676
0 0.538217 0.679856 0.525478 0.661871 0.519108 0.658273 0.506369 0.661871 0.484076 0.679856 0.484076 0.683453 0.468153 0.701439 0.468153 0.712230 0.474522 0.715827 0.506369 0.715827 0.531847 0.701439 0.538217 0.694245
0 0.770701 0.665468 0.764331 0.669065 0.757962 0.679856 0.757962 0.708633 0.767516 0.723022 0.773885 0.726619 0.780255 0.726619 0.783439 0.723022 0.783439 0.715827 0.789809 0.701439 0.789809 0.683453 0.786624 0.676259 0.777070 0.665468
0 0.111465 0.676259 0.111465 0.683453 0.114650 0.683453 0.117834 0.687050 0.130573 0.687050 0.133758 0.683453 0.140127 0.683453 0.136943 0.679856 0.136943 0.676259 0.130573 0.676259 0.127389 0.672662 0.117834 0.672662 0.114650 0.676259
0 0.697452 0.676259 0.697452 0.683453 0.694268 0.687050 0.694268 0.697842 0.697452 0.705036 0.710191 0.705036 0.713376 0.708633 0.719745 0.708633 0.732484 0.715827 0.742038 0.708633 0.742038 0.697842 0.738854 0.690647 0.729299 0.679856 0.722930 0.676259 0.716561 0.676259 0.713376 0.672662 0.703822 0.672662
0 0.308917 0.683453 0.308917 0.687050 0.312102 0.690647 0.321656 0.690647 0.324841 0.694245 0.328025 0.694245 0.328025 0.679856 0.324841 0.676259 0.318471 0.676259 0.315287 0.679856 0.312102 0.679856
0 0.280255 0.679856 0.273885 0.679856 0.270701 0.683453 0.261146 0.687050 0.254777 0.697842 0.254777 0.712230 0.257962 0.715827 0.257962 0.719424 0.264331 0.726619 0.273885 0.726619 0.283439 0.715827 0.283439 0.712230 0.286624 0.708633 0.286624 0.683453 0.283439 0.683453
0 0.414013 0.679856 0.407643 0.687050 0.407643 0.694245 0.404459 0.697842 0.404459 0.701439 0.407643 0.705036 0.407643 0.712230 0.410828 0.715827 0.426752 0.715827 0.429936 0.712230 0.429936 0.694245 0.423567 0.683453 0.420382 0.683453 0.417197 0.679856
0 0.885350 0.701439 0.885350 0.705036 0.888535 0.708633 0.891720 0.708633 0.894904 0.712230 0.901274 0.712230 0.901274 0.701439 0.898089 0.697842 0.888535 0.697842
0 0.531847 0.730216 0.538217 0.741007 0.554140 0.741007 0.557325 0.737410 0.563694 0.737410 0.566879 0.733813 0.570064 0.733813 0.579618 0.723022 0.579618 0.715827 0.573248 0.708633 0.566879 0.708633 0.563694 0.705036 0.547771 0.705036 0.535032 0.715827 0.535032 0.723022 0.531847 0.726619
0 0.216561 0.708633 0.210191 0.719424 0.210191 0.733813 0.213376 0.737410 0.213376 0.744604 0.216561 0.748201 0.219745 0.748201 0.222930 0.744604 0.222930 0.741007 0.229299 0.730216 0.229299 0.719424 0.226115 0.715827 0.226115 0.712230 0.222930 0.712230 0.219745 0.708633
0 0.697452 0.708633 0.697452 0.712230 0.694268 0.715827 0.694268 0.723022 0.697452 0.726619 0.697452 0.730216 0.707006 0.741007 0.722930 0.741007 0.729299 0.733813 0.729299 0.730216 0.732484 0.726619 0.732484 0.719424 0.729299 0.715827 0.722930 0.715827 0.719745 0.712230 0.713376 0.712230 0.710191 0.708633
0 0.847134 0.723022 0.834395 0.733813 0.831210 0.741007 0.831210 0.751799 0.834395 0.755396 0.834395 0.762590 0.837580 0.766187 0.837580 0.780576 0.843949 0.794964 0.853503 0.798561 0.863057 0.791367 0.863057 0.776978 0.859873 0.773381 0.863057 0.737410 0.856688 0.726619
0 0.232484 0.726619 0.232484 0.730216 0.222930 0.748201 0.222930 0.755396 0.226115 0.758993 0.226115 0.762590 0.232484 0.769784 0.242038 0.769784 0.251592 0.758993 0.251592 0.755396 0.254777 0.751799 0.254777 0.733813 0.248408 0.726619
0 0.114650 0.741007 0.111465 0.744604 0.108280 0.744604 0.098726 0.755396 0.098726 0.773381 0.101911 0.776978 0.105096 0.776978 0.111465 0.784173 0.124204 0.784173 0.130573 0.776978 0.130573 0.773381 0.133758 0.769784 0.133758 0.751799 0.130573 0.748201 0.130573 0.744604 0.127389 0.744604 0.124204 0.741007
0 0.337580 0.744604 0.334395 0.744604 0.331210 0.741007 0.324841 0.741007 0.321656 0.744604 0.318471 0.744604 0.312102 0.751799 0.312102 0.755396 0.308917 0.758993 0.308917 0.769784 0.315287 0.776978 0.324841 0.776978 0.331210 0.769784 0.334395 0.769784 0.334395 0.766187 0.337580 0.762590 0.337580 0.755396 0.340764 0.751799 0.337580 0.748201
0 0.398089 0.748201 0.385350 0.758993 0.382166 0.766187 0.382166 0.784173 0.394904 0.802158 0.410828 0.802158 0.429936 0.784173 0.429936 0.762590 0.420382 0.748201
0 0.707006 0.751799 0.703822 0.751799 0.700637 0.748201 0.691083 0.748201 0.687898 0.751799 0.678344 0.755396 0.678344 0.758993 0.671975 0.766187 0.671975 0.787770 0.681529 0.798561 0.687898 0.798561 0.707006 0.780576 0.707006 0.769784 0.710191 0.766187 0.710191 0.758993 0.707006 0.755396
0 0.012739 0.762590 0.009554 0.766187 0.006369 0.766187 0.006369 0.769784 0.003185 0.773381 0.003185 0.787770 0.006369 0.791367 0.006369 0.794964 0.015924 0.805755 0.025478 0.805755 0.031847 0.798561 0.031847 0.787770 0.025478 0.776978 0.025478 0.769784 0.019108 0.762590
0 0.213376 0.776978 0.207006 0.784173 0.207006 0.794964 0.219745 0.809353 0.226115 0.809353 0.229299 0.812950 0.232484 0.809353 0.235669 0.809353 0.235669 0.794964 0.232484 0.791367 0.232484 0.787770 0.226115 0.780576 0.222930 0.780576 0.219745 0.776978
0 0.729299 0.776978 0.719745 0.776978 0.716561 0.780576 0.710191 0.780576 0.700637 0.794964 0.700637 0.809353 0.703822 0.812950 0.703822 0.816547 0.716561 0.827338 0.719745 0.827338 0.729299 0.816547 0.729299 0.812950 0.735669 0.802158 0.735669 0.784173
0 0.818471 0.776978 0.812102 0.784173 0.812102 0.794964 0.815287 0.798561 0.815287 0.802158 0.821656 0.809353 0.824841 0.805755 0.824841 0.784173
0 0.343949 0.780576 0.337580 0.787770 0.337580 0.812950 0.343949 0.823741 0.353503 0.827338 0.356688 0.823741 0.359873 0.823741 0.366242 0.816547 0.366242 0.812950 0.369427 0.809353 0.369427 0.798561 0.366242 0.794964 0.366242 0.791367 0.356688 0.780576
0 0.299363 0.791367 0.292994 0.802158 0.292994 0.809353 0.299363 0.820144 0.302548 0.820144 0.305732 0.823741 0.312102 0.823741 0.315287 0.820144 0.321656 0.820144 0.328025 0.812950 0.328025 0.805755 0.324841 0.802158 0.324841 0.798561 0.318471 0.791367 0.315287 0.791367 0.312102 0.787770 0.305732 0.787770 0.302548 0.791367
0 0.464968 0.787770 0.445860 0.787770 0.439490 0.794964 0.439490 0.798561 0.436306 0.802158 0.436306 0.816547 0.439490 0.816547 0.449045 0.823741 0.455414 0.823741 0.468153 0.802158 0.468153 0.791367
0 0.082803 0.794964 0.073248 0.809353 0.073248 0.820144 0.076433 0.827338 0.092357 0.845324 0.098726 0.848921 0.111465 0.848921 0.117834 0.834532 0.117834 0.812950 0.114650 0.805755 0.095541 0.794964
0 0.882166 0.805755 0.875796 0.805755 0.869427 0.812950 0.869427 0.816547 0.866242 0.820144 0.866242 0.834532 0.872611 0.841727 0.878981 0.841727 0.885350 0.834532 0.885350 0.809353
0 0.636943 0.812950 0.627389 0.823741 0.627389 0.827338 0.624204 0.830935 0.624204 0.838129 0.630573 0.848921 0.633758 0.848921 0.636943 0.852518 0.643312 0.852518 0.646497 0.848921 0.649682 0.848921 0.656051 0.841727 0.656051 0.827338 0.652866 0.823741 0.652866 0.820144 0.646497 0.812950
0 0.582803 0.820144 0.573248 0.830935 0.576433 0.834532 0.576433 0.838129 0.579618 0.841727 0.579618 0.845324 0.582803 0.845324 0.585987 0.848921 0.589172 0.845324 0.589172 0.834532 0.585987 0.830935 0.589172 0.827338 0.585987 0.823741 0.585987 0.820144
0 0.742038 0.820144 0.738854 0.823741 0.738854 0.841727 0.745223 0.848921 0.757962 0.848921 0.764331 0.841727 0.764331 0.838129 0.770701 0.827338 0.767516 0.823741 0.757962 0.823741 0.754777 0.820144
0 0.162420 0.827338 0.162420 0.856115 0.171975 0.870504 0.184713 0.870504 0.187898 0.874101 0.207006 0.874101 0.207006 0.866906 0.200637 0.852518 0.184713 0.834532 0.181529 0.827338 0.175159 0.823741 0.168790 0.823741
0 0.458599 0.823741 0.455414 0.827338 0.455414 0.834532 0.461783 0.841727 0.471338 0.841727 0.471338 0.827338 0.464968 0.827338 0.461783 0.823741
0 0.528662 0.834532 0.522293 0.834532 0.519108 0.838129 0.512739 0.838129 0.500000 0.852518 0.500000 0.856115 0.496815 0.859712 0.496815 0.866906 0.503185 0.874101 0.512739 0.874101 0.515924 0.870504 0.522293 0.870504 0.525478 0.866906 0.525478 0.863309 0.531847 0.856115 0.531847 0.838129
0 0.426752 0.841727 0.417197 0.841727 0.410828 0.852518 0.410828 0.866906 0.414013 0.870504 0.414013 0.874101 0.417197 0.874101 0.420382 0.877698 0.423567 0.874101 0.426752 0.874101 0.433121 0.866906 0.433121 0.859712 0.436306 0.856115 0.433121 0.852518 0.433121 0.848921
0 0.550955 0.848921 0.535032 0.852518 0.535032 0.856115 0.522293 0.874101 0.522293 0.895683 0.525478 0.899281 0.535032 0.899281 0.538217 0.895683 0.541401 0.895683 0.554140 0.881295 0.554140 0.877698 0.560510 0.870504 0.560510 0.859712
0 0.280255 0.863309 0.273885 0.870504 0.270701 0.870504 0.270701 0.874101 0.267516 0.877698 0.267516 0.884892 0.273885 0.892086 0.277070 0.892086 0.280255 0.895683 0.286624 0.895683 0.289809 0.892086 0.292994 0.892086 0.299363 0.884892 0.299363 0.870504 0.289809 0.863309
