0 0.568254 0.111111 0.568254 0.114695 0.571429 0.118280 0.571429 0.129032 0.577778 0.129032 0.577778 0.111111
0 0.955556 0.111111 0.946032 0.125448 0.946032 0.136201 0.958730 0.150538 0.968254 0.172043 0.974603 0.175627 0.984127 0.175627 0.990476 0.172043 0.993651 0.164875 0.993651 0.146953 0.977778 0.129032 0.974603 0.118280 0.968254 0.111111
0 0.149206 0.136201 0.152381 0.143369 0.158730 0.146953 0.209524 0.146953 0.222222 0.136201 0.225397 0.125448 0.219048 0.118280 0.193651 0.118280 0.190476 0.121864 0.187302 0.118280 0.171429 0.114695 0.155556 0.121864
0 0.647619 0.118280 0.647619 0.132616 0.644444 0.136201 0.644444 0.139785 0.650794 0.146953 0.657143 0.146953 0.660317 0.143369 0.663492 0.143369 0.669841 0.136201 0.666667 0.132616 0.666667 0.129032 0.663492 0.129032 0.653968 0.118280
0 0.104762 0.139785 0.104762 0.143369 0.107937 0.146953 0.111111 0.146953 0.114286 0.150538 0.117460 0.150538 0.120635 0.154122 0.123810 0.154122 0.126984 0.157706 0.130159 0.157706 0.130159 0.150538 0.126984 0.146953 0.123810 0.146953 0.120635 0.143369 0.117460 0.143369 0.114286 0.139785
0 0.726984 0.139785 0.711111 0.139785 0.701587 0.146953 0.688889 0.172043 0.692063 0.225806 0.704762 0.250896 0.717460 0.240143 0.720635 0.229391 0.717460 0.175627 0.730159 0.146953
0 0.393651 0.150538 0.384127 0.150538 0.380952 0.154122 0.377778 0.154122 0.377778 0.157706 0.380952 0.161290 0.384127 0.161290 0.387302 0.157706 0.390476 0.157706 0.390476 0.154122
0 0.469841 0.157706 0.469841 0.161290 0.473016 0.164875 0.473016 0.168459 0.485714 0.168459 0.488889 0.164875 0.488889 0.161290 0.485714 0.157706 0.485714 0.154122 0.473016 0.154122
0 0.876190 0.161290 0.857143 0.161290 0.853968 0.164875 0.850794 0.164875 0.841270 0.175627 0.838095 0.186380 0.841270 0.189964 0.853968 0.189964 0.857143 0.186380 0.866667 0.186380 0.869841 0.182796 0.873016 0.182796 0.876190 0.179211
0 0.644444 0.168459 0.644444 0.179211 0.647619 0.182796 0.663492 0.182796 0.666667 0.179211 0.666667 0.168459 0.663492 0.164875 0.647619 0.164875
0 0.815873 0.172043 0.812698 0.175627 0.812698 0.189964 0.822222 0.189964 0.822222 0.186380 0.825397 0.182796 0.825397 0.179211 0.819048 0.172043
0 0.374603 0.175627 0.371429 0.179211 0.371429 0.182796 0.374603 0.186380 0.374603 0.189964 0.384127 0.189964 0.387302 0.186380 0.387302 0.182796 0.384127 0.179211 0.384127 0.175627
0 0.917460 0.179211 0.911111 0.186380 0.911111 0.189964 0.907937 0.193548 0.907937 0.204301 0.911111 0.207885 0.911111 0.211470 0.917460 0.218638 0.923810 0.218638 0.933333 0.211470 0.933333 0.204301 0.936508 0.200717 0.936508 0.189964 0.930159 0.182796 0.926984 0.182796 0.923810 0.179211
0 0.092063 0.189964 0.092063 0.200717 0.104762 0.218638 0.117460 0.225806 0.136508 0.229391 0.139683 0.232975 0.146032 0.229391 0.142857 0.222222 0.142857 0.204301 0.123810 0.186380 0.117460 0.182796 0.101587 0.182796
0 0.400000 0.193548 0.396825 0.197133 0.396825 0.200717 0.393651 0.204301 0.396825 0.207885 0.396825 0.211470 0.403175 0.218638 0.409524 0.218638 0.415873 0.211470 0.415873 0.197133 0.412698 0.193548
0 0.822222 0.193548 0.812698 0.193548 0.806349 0.200717 0.806349 0.204301 0.800000 0.211470 0.800000 0.215054 0.806349 0.215054 0.812698 0.207885 0.815873 0.207885 0.819048 0.204301 0.822222 0.204301
0 0.895238 0.211470 0.895238 0.215054 0.892063 0.218638 0.892063 0.225806 0.895238 0.229391 0.898413 0.229391 0.898413 0.225806 0.901587 0.222222 0.901587 0.218638 0.898413 0.215054 0.898413 0.211470
0 0.352381 0.232975 0.342857 0.232975 0.333333 0.243728 0.304762 0.254480 0.301587 0.258065 0.301587 0.268817 0.311111 0.275986 0.330159 0.275986 0.336508 0.268817 0.336508 0.261649 0.342857 0.247312 0.352381 0.236559
0 0.815873 0.254480 0.803175 0.254480 0.800000 0.258065 0.790476 0.261649 0.790476 0.268817 0.787302 0.272401 0.787302 0.279570 0.784127 0.283154 0.784127 0.293907 0.787302 0.297491 0.790476 0.297491 0.793651 0.301075 0.796825 0.301075 0.800000 0.297491 0.800000 0.290323 0.815873 0.272401 0.815873 0.268817 0.819048 0.265233 0.819048 0.258065
0 0.596825 0.265233 0.593651 0.268817 0.593651 0.279570 0.596825 0.283154 0.603175 0.283154 0.606349 0.279570 0.606349 0.268817 0.603175 0.265233
0 0.539683 0.272401 0.536508 0.268817 0.530159 0.272401 0.526984 0.279570 0.514286 0.293907 0.504762 0.293907 0.501587 0.290323 0.495238 0.293907 0.492063 0.301075 0.492063 0.315412 0.504762 0.326165 0.507937 0.326165 0.517460 0.315412 0.520635 0.315412 0.533333 0.301075 0.539683 0.286738
0 0.158730 0.279570 0.158730 0.290323 0.168254 0.301075 0.171429 0.301075 0.174603 0.304659 0.180952 0.304659 0.180952 0.293907 0.174603 0.286738 0.174603 0.283154 0.171429 0.283154 0.168254 0.279570
0 0.580952 0.297491 0.580952 0.301075 0.584127 0.304659 0.587302 0.301075 0.590476 0.304659 0.593651 0.304659 0.596825 0.301075 0.590476 0.293907 0.584127 0.293907
0 0.447619 0.308244 0.444444 0.311828 0.444444 0.322581 0.447619 0.326165 0.447619 0.333333 0.450794 0.336918 0.450794 0.344086 0.457143 0.344086 0.460317 0.340502 0.460317 0.322581 0.457143 0.318996 0.457143 0.311828 0.453968 0.311828 0.450794 0.308244
0 0.492063 0.318996 0.488889 0.318996 0.488889 0.322581 0.482540 0.329749 0.482540 0.347670 0.485714 0.351254 0.485714 0.365591 0.479365 0.376344 0.479365 0.387097 0.488889 0.387097 0.492063 0.383513 0.504762 0.354839 0.504762 0.329749
0 0.895238 0.318996 0.892063 0.322581 0.892063 0.336918 0.895238 0.336918 0.898413 0.340502 0.904762 0.340502 0.907937 0.336918 0.907937 0.322581 0.904762 0.318996
0 0.638095 0.326165 0.641270 0.333333 0.641270 0.344086 0.644444 0.347670 0.644444 0.354839 0.657143 0.369176 0.663492 0.369176 0.676190 0.358423 0.682540 0.344086 0.682540 0.336918 0.676190 0.329749 0.663492 0.322581 0.650794 0.329749 0.647619 0.326165
0 0.314286 0.351254 0.307937 0.351254 0.298413 0.362007 0.298413 0.372760 0.301587 0.372760 0.304762 0.376344 0.307937 0.376344 0.311111 0.372760 0.314286 0.372760 0.317460 0.369176 0.317460 0.358423 0.314286 0.354839
0 0.453968 0.358423 0.450794 0.362007 0.447619 0.362007 0.447619 0.365591 0.444444 0.369176 0.444444 0.379928 0.453968 0.390681 0.457143 0.390681 0.460317 0.387097 0.460317 0.369176 0.457143 0.365591 0.457143 0.362007
0 0.380952 0.383513 0.377778 0.379928 0.371429 0.379928 0.368254 0.383513 0.365079 0.383513 0.358730 0.390681 0.358730 0.397849 0.361905 0.401434 0.365079 0.401434 0.368254 0.397849 0.374603 0.397849 0.377778 0.394265 0.377778 0.390681 0.380952 0.387097
0 0.161905 0.394265 0.161905 0.405018 0.165079 0.408602 0.171429 0.408602 0.177778 0.401434 0.177778 0.397849 0.174603 0.394265
0 0.866667 0.412186 0.863492 0.408602 0.847619 0.408602 0.844444 0.412186 0.838095 0.412186 0.834921 0.415771 0.825397 0.419355 0.822222 0.422939 0.822222 0.430108 0.825397 0.430108 0.831746 0.437276 0.850794 0.437276 0.853968 0.433692 0.857143 0.433692 0.866667 0.422939
0 0.584127 0.419355 0.580952 0.419355 0.577778 0.415771 0.574603 0.419355 0.571429 0.419355 0.571429 0.437276 0.577778 0.437276 0.584127 0.430108
0 0.898413 0.422939 0.895238 0.422939 0.885714 0.415771 0.879365 0.415771 0.876190 0.419355 0.873016 0.419355 0.863492 0.430108 0.860317 0.448029 0.866667 0.455197 0.888889 0.455197 0.892063 0.451613 0.895238 0.451613 0.901587 0.444444 0.901587 0.430108 0.898413 0.426523
0 0.666667 0.444444 0.663492 0.448029 0.663492 0.458781 0.673016 0.469534 0.676190 0.469534 0.679365 0.473118 0.685714 0.473118 0.688889 0.469534 0.688889 0.465950 0.676190 0.451613 0.676190 0.448029 0.673016 0.444444
0 0.539683 0.451613 0.536508 0.455197 0.536508 0.465950 0.542857 0.473118 0.552381 0.473118 0.555556 0.476703 0.558730 0.473118 0.549206 0.462366 0.549206 0.455197 0.546032 0.455197 0.542857 0.451613
0 0.565079 0.451613 0.561905 0.455197 0.561905 0.465950 0.565079 0.469534 0.574603 0.469534 0.574603 0.465950 0.577778 0.462366 0.574603 0.458781 0.574603 0.455197 0.571429 0.451613
0 0.984127 0.458781 0.974603 0.465950 0.974603 0.469534 0.971429 0.473118 0.971429 0.480287 0.974603 0.483871 0.980952 0.501792 0.987302 0.508961 0.990476 0.508961 0.993651 0.512545 0.996825 0.508961 0.996825 0.483871 0.993651 0.480287 0.993651 0.462366
0 0.533333 0.476703 0.530159 0.480287 0.530159 0.505376 0.533333 0.508961 0.533333 0.516129 0.539683 0.523297 0.549206 0.523297 0.558730 0.516129 0.558730 0.501792 0.552381 0.491039 0.549206 0.491039
0 0.304762 0.494624 0.304762 0.501792 0.311111 0.508961 0.336508 0.523297 0.342857 0.523297 0.346032 0.519713 0.365079 0.519713 0.374603 0.512545 0.374603 0.505376 0.368254 0.498208 0.349206 0.494624 0.346032 0.491039
0 0.453968 0.494624 0.447619 0.501792 0.447619 0.526882 0.457143 0.537634 0.469841 0.537634 0.476190 0.530466 0.476190 0.523297 0.473016 0.519713 0.473016 0.512545 0.469841 0.508961 0.469841 0.501792 0.463492 0.494624
0 0.800000 0.494624 0.796825 0.498208 0.793651 0.498208 0.787302 0.505376 0.787302 0.523297 0.790476 0.526882 0.790476 0.530466 0.793651 0.530466 0.796825 0.534050 0.812698 0.541219 0.822222 0.530466 0.822222 0.516129 0.819048 0.512545 0.819048 0.508961 0.806349 0.494624
0 0.669841 0.512545 0.660317 0.512545 0.657143 0.516129 0.657143 0.526882 0.650794 0.534050 0.650794 0.541219 0.653968 0.544803 0.660317 0.544803 0.660317 0.541219 0.666667 0.534050 0.673016 0.534050 0.673016 0.530466 0.676190 0.526882 0.673016 0.523297 0.673016 0.516129
0 0.853968 0.512545 0.853968 0.530466 0.860317 0.537634 0.869841 0.537634 0.873016 0.534050 0.873016 0.523297 0.863492 0.512545
0 0.574603 0.544803 0.568254 0.544803 0.565079 0.548387 0.565079 0.551971 0.561905 0.555556 0.561905 0.569892 0.565079 0.573477 0.571429 0.573477 0.574603 0.569892 0.574603 0.562724 0.577778 0.559140 0.577778 0.548387
0 0.346032 0.555556 0.326984 0.573477 0.317460 0.594982 0.317460 0.627240 0.320635 0.634409 0.326984 0.637993 0.336508 0.634409 0.352381 0.612903 0.352381 0.577061 0.349206 0.573477
0 0.438095 0.559140 0.434921 0.562724 0.434921 0.573477 0.438095 0.577061 0.450794 0.577061 0.450794 0.562724 0.447619 0.559140
0 0.749206 0.559140 0.746032 0.562724 0.742857 0.562724 0.742857 0.577061 0.746032 0.577061 0.749206 0.580645 0.752381 0.580645 0.758730 0.573477 0.758730 0.566308 0.752381 0.559140
0 0.863492 0.566308 0.853968 0.566308 0.847619 0.573477 0.841270 0.573477 0.838095 0.577061 0.838095 0.591398 0.844444 0.598566 0.860317 0.598566 0.863492 0.594982 0.863492 0.591398 0.866667 0.587814 0.866667 0.569892
0 0.419048 0.587814 0.415873 0.591398 0.415873 0.602151 0.422222 0.609319 0.422222 0.612903 0.428571 0.620072 0.434921 0.620072 0.441270 0.612903 0.441270 0.598566 0.438095 0.594982 0.434921 0.594982 0.428571 0.587814
0 0.688889 0.587814 0.688889 0.591398 0.701587 0.605735 0.711111 0.605735 0.714286 0.602151 0.711111 0.602151 0.707937 0.598566 0.704762 0.598566 0.695238 0.587814
0 0.736508 0.594982 0.733333 0.598566 0.730159 0.598566 0.730159 0.602151 0.726984 0.605735 0.726984 0.609319 0.730159 0.612903 0.739683 0.612903 0.742857 0.609319 0.742857 0.602151
0 0.228571 0.602151 0.228571 0.616487 0.231746 0.620072 0.241270 0.620072 0.244444 0.616487 0.244444 0.602151
0 0.130159 0.605735 0.126984 0.609319 0.123810 0.609319 0.117460 0.616487 0.117460 0.630824 0.120635 0.634409 0.120635 0.637993 0.126984 0.645161 0.139683 0.645161 0.149206 0.634409 0.149206 0.630824 0.152381 0.627240 0.152381 0.612903 0.142857 0.605735
0 0.492063 0.612903 0.488889 0.616487 0.485714 0.616487 0.479365 0.627240 0.479365 0.645161 0.482540 0.645161 0.488889 0.652330 0.501587 0.652330 0.507937 0.645161 0.507937 0.620072 0.501587 0.612903
0 0.676190 0.616487 0.673016 0.620072 0.673016 0.623656 0.679365 0.634409 0.676190 0.637993 0.676190 0.648746 0.679365 0.652330 0.685714 0.652330 0.692063 0.645161 0.692063 0.623656 0.688889 0.620072 0.682540 0.620072 0.679365 0.616487
0 0.400000 0.623656 0.396825 0.627240 0.396825 0.655914 0.400000 0.659498 0.400000 0.663082 0.403175 0.663082 0.406349 0.666667 0.409524 0.663082 0.412698 0.666667 0.422222 0.663082 0.425397 0.659498 0.425397 0.652330 0.422222 0.648746 0.419048 0.648746 0.412698 0.641577 0.412698 0.627240 0.409524 0.623656
0 0.749206 0.623656 0.749206 0.627240 0.746032 0.630824 0.749206 0.634409 0.749206 0.641577 0.752381 0.645161 0.752381 0.648746 0.755556 0.652330 0.761905 0.652330 0.768254 0.645161 0.768254 0.637993 0.765079 0.634409 0.765079 0.630824 0.758730 0.623656
0 0.796825 0.634409 0.793651 0.637993 0.790476 0.637993 0.784127 0.645161 0.784127 0.652330 0.790476 0.659498 0.793651 0.659498 0.796825 0.663082 0.803175 0.663082 0.806349 0.659498 0.806349 0.655914 0.809524 0.652330 0.806349 0.648746 0.806349 0.641577 0.800000 0.634409
0 0.726984 0.655914 0.723810 0.659498 0.723810 0.666667 0.730159 0.673835 0.736508 0.673835 0.739683 0.670251 0.739683 0.663082 0.733333 0.655914
0 0.517460 0.659498 0.511111 0.659498 0.501587 0.670251 0.501587 0.681004 0.504762 0.684588 0.511111 0.684588 0.517460 0.677419 0.517460 0.673835 0.520635 0.670251 0.520635 0.663082
0 0.533333 0.673835 0.530159 0.677419 0.530159 0.688172 0.536508 0.695341 0.539683 0.695341 0.542857 0.691756 0.546032 0.691756 0.546032 0.677419 0.542857 0.673835
0 0.095238 0.691756 0.092063 0.695341 0.092063 0.734767 0.095238 0.738351 0.095238 0.745520 0.098413 0.749104 0.104762 0.749104 0.117460 0.741935 0.123810 0.734767 0.126984 0.727599 0.126984 0.716846 0.107937 0.695341 0.101587 0.691756
0 0.796825 0.691756 0.790476 0.702509 0.790476 0.716846 0.793651 0.720430 0.793651 0.727599 0.803175 0.727599 0.806349 0.724014 0.806349 0.720430 0.809524 0.716846 0.812698 0.716846 0.812698 0.702509 0.803175 0.691756
0 0.450794 0.727599 0.447619 0.727599 0.447619 0.745520 0.444444 0.749104 0.447619 0.752688 0.438095 0.763441 0.434921 0.763441 0.434921 0.774194 0.450794 0.774194 0.457143 0.763441 0.457143 0.734767
0 0.203175 0.738351 0.193651 0.738351 0.184127 0.749104 0.184127 0.759857 0.180952 0.763441 0.180952 0.770609 0.184127 0.774194 0.184127 0.784946 0.190476 0.792115 0.190476 0.795699 0.193651 0.795699 0.196825 0.799283 0.200000 0.795699 0.203175 0.795699 0.203175 0.792115 0.206349 0.788530 0.206349 0.781362 0.209524 0.777778 0.209524 0.752688 0.206349 0.749104 0.206349 0.741935
0 0.333333 0.738351 0.330159 0.741935 0.320635 0.741935 0.307937 0.749104 0.295238 0.763441 0.292063 0.770609 0.292063 0.784946 0.298413 0.792115 0.314286 0.788530 0.326984 0.777778 0.336508 0.756272 0.336508 0.741935
0 0.831746 0.759857 0.828571 0.763441 0.828571 0.770609 0.831746 0.774194 0.831746 0.781362 0.834921 0.784946 0.841270 0.784946 0.847619 0.777778 0.847619 0.767025 0.841270 0.759857
0 0.653968 0.781362 0.628571 0.781362 0.615873 0.795699 0.612698 0.802867 0.612698 0.824373 0.615873 0.831541 0.631746 0.842294 0.641270 0.842294 0.660317 0.827957 0.660317 0.784946
0 0.780952 0.792115 0.777778 0.795699 0.777778 0.806452 0.780952 0.806452 0.784127 0.810036 0.790476 0.810036 0.796825 0.802867 0.796825 0.799283 0.790476 0.792115
0 0.698413 0.795699 0.692063 0.795699 0.688889 0.799283 0.688889 0.810036 0.692063 0.813620 0.695238 0.813620 0.701587 0.806452 0.701587 0.799283
0 0.180952 0.802867 0.168254 0.802867 0.149206 0.820789 0.149206 0.824373 0.146032 0.827957 0.146032 0.842294 0.149206 0.845878 0.152381 0.845878 0.155556 0.849462 0.165079 0.849462 0.168254 0.845878 0.177778 0.842294 0.184127 0.835125 0.184127 0.831541 0.187302 0.827957 0.187302 0.810036
0 0.742857 0.817204 0.739683 0.817204 0.733333 0.824373 0.733333 0.827957 0.736508 0.831541 0.742857 0.831541 0.742857 0.827957 0.746032 0.824373 0.746032 0.820789
0 0.914286 0.820789 0.914286 0.831541 0.917460 0.831541 0.920635 0.835125 0.936508 0.835125 0.939683 0.831541 0.942857 0.831541 0.942857 0.820789 0.933333 0.820789 0.930159 0.824373 0.926984 0.824373 0.923810 0.820789
0 0.244444 0.831541 0.241270 0.835125 0.238095 0.835125 0.238095 0.838710 0.231746 0.845878 0.231746 0.849462 0.228571 0.853047 0.228571 0.863799 0.238095 0.874552 0.238095 0.878136 0.241270 0.878136 0.244444 0.881720 0.250794 0.881720 0.257143 0.874552 0.257143 0.835125 0.253968 0.831541
0 0.993651 0.835125 0.993651 0.838710 0.987302 0.849462 0.987302 0.874552 0.990476 0.874552 0.993651 0.878136 0.996825 0.874552 0.996825 0.870968 0.993651 0.867384 0.993651 0.860215 0.996825 0.856631 0.996825 0.838710
0 0.663492 0.845878 0.663492 0.853047 0.666667 0.856631 0.669841 0.856631 0.673016 0.853047 0.676190 0.853047 0.676190 0.842294 0.666667 0.842294
0 0.946032 0.842294 0.946032 0.860215 0.949206 0.863799 0.958730 0.863799 0.961905 0.860215 0.965079 0.860215 0.965079 0.845878 0.961905 0.845878 0.958730 0.842294
0 0.800000 0.870968 0.796825 0.867384 0.793651 0.867384 0.790476 0.863799 0.784127 0.863799 0.780952 0.860215 0.777778 0.860215 0.774603 0.863799 0.761905 0.863799 0.755556 0.870968 0.755556 0.885305 0.761905 0.885305 0.765079 0.888889 0.777778 0.888889 0.780952 0.885305 0.787302 0.885305 0.790476 0.881720 0.793651 0.881720 0.800000 0.874552
0 0.504762 0.878136 0.479365 0.878136 0.473016 0.881720 0.463492 0.892473 0.460317 0.892473 0.457143 0.903226 0.466667 0.913978 0.473016 0.913978 0.476190 0.917563 0.492063 0.913978 0.498413 0.910394 0.507937 0.896057 0.507937 0.881720
0 0.596825 0.892473 0.590476 0.899642 0.590476 0.906810 0.596825 0.913978 0.596825 0.917563 0.600000 0.921147 0.600000 0.924731 0.615873 0.924731 0.615873 0.921147 0.619048 0.917563 0.619048 0.910394 0.615873 0.906810 0.615873 0.903226 0.612698 0.903226 0.609524 0.899642 0.609524 0.896057 0.603175 0.896057 0.600000 0.892473
0 0.215873 0.913978 0.215873 0.921147 0.219048 0.924731 0.228571 0.924731 0.231746 0.928315 0.234921 0.928315 0.234921 0.921147 0.231746 0.921147 0.222222 0.910394 0.219048 0.910394
0 0.257143 0.924731 0.250794 0.931900 0.250794 0.953405 0.253968 0.956989 0.269841 0.956989 0.276190 0.946237 0.276190 0.935484 0.269841 0.924731
0 0.841270 0.953405 0.834921 0.946237 0.831746 0.946237 0.828571 0.942652 0.825397 0.942652 0.822222 0.946237 0.819048 0.946237 0.819048 0.949821 0.809524 0.960573 0.812698 0.964158 0.828571 0.964158 0.831746 0.960573 0.834921 0.960573
0 0.625397 0.946237 0.619048 0.953405 0.619048 0.964158 0.622222 0.967742 0.631746 0.967742 0.638095 0.960573 0.638095 0.956989 0.634921 0.953405 0.634921 0.949821 0.631746 0.949821 0.628571 0.946237
0 0.584127 0.964158 0.577778 0.956989 0.574603 0.956989 0.571429 0.960573 0.568254 0.960573 0.561905 0.967742 0.561905 0.978495 0.574603 0.978495 0.574603 0.974910 0.577778 0.971326 0.580952 0.971326 0.584127 0.967742
0 0.752381 0.960573 0.746032 0.967742 0.746032 0.971326 0.755556 0.982079 0.765079 0.982079 0.771429 0.974910 0.771429 0.967742 0.768254 0.964158 0.761905 0.964158 0.758730 0.960573
0 0.158730 0.978495 0.155556 0.978495 0.152381 0.982079 0.146032 0.982079 0.142857 0.985663 0.139683 0.985663 0.139683 0.992832 0.152381 0.992832 0.158730 0.985663
0 0.222222 0.989247 0.222222 0.992832 0.238095 0.992832 0.238095 0.989247 0.234921 0.985663 0.225397 0.985663
0 0.447619 0.996416 0.466667 0.996416 0.469841 0.992832 0.473016 0.992832 0.469841 0.989247 0.466667 0.989247 0.463492 0.985663 0.457143 0.985663 0.453968 0.989247 0.450794 0.989247 0.447619 0.992832
