0 0.621019 0.143369 0.621019 0.136201 0.608280 0.114695 0.601911 0.114695 0.598726 0.118280 0.566879 0.118280 0.557325 0.125448 0.557325 0.136201 0.563694 0.143369 0.576433 0.150538 0.585987 0.150538 0.589172 0.146953 0.617834 0.146953
0 0.331210 0.118280 0.312102 0.118280 0.299363 0.129032 0.296178 0.136201 0.296178 0.154122 0.299363 0.157706 0.299363 0.172043 0.302548 0.175627 0.315287 0.175627 0.331210 0.164875 0.340764 0.146953 0.340764 0.125448
0 0.707006 0.118280 0.707006 0.121864 0.703822 0.125448 0.703822 0.132616 0.697452 0.139785 0.694268 0.150538 0.700637 0.157706 0.703822 0.157706 0.707006 0.161290 0.713376 0.161290 0.719745 0.154122 0.719745 0.143369 0.722930 0.139785 0.722930 0.129032 0.719745 0.125448 0.719745 0.121864 0.716561 0.121864 0.713376 0.118280
0 0.464968 0.129032 0.458599 0.136201 0.458599 0.164875 0.464968 0.182796 0.464968 0.204301 0.477707 0.207885 0.490446 0.193548 0.500000 0.168459 0.500000 0.157706 0.487261 0.139785 0.477707 0.132616
0 0.168790 0.139785 0.165605 0.143369 0.165605 0.164875 0.162420 0.168459 0.162420 0.179211 0.171975 0.193548 0.187898 0.193548 0.197452 0.182796 0.197452 0.175627 0.200637 0.172043 0.200637 0.157706 0.191083 0.143369 0.184713 0.139785
0 0.073248 0.146953 0.066879 0.154122 0.063694 0.161290 0.063694 0.168459 0.066879 0.175627 0.076433 0.182796 0.098726 0.182796 0.105096 0.179211 0.117834 0.161290 0.117834 0.154122 0.114650 0.146953 0.108280 0.146953 0.105096 0.143369 0.085987 0.143369 0.082803 0.146953
0 0.652866 0.146953 0.649682 0.150538 0.649682 0.164875 0.652866 0.168459 0.652866 0.172043 0.656051 0.172043 0.662420 0.179211 0.671975 0.179211 0.675159 0.175627 0.675159 0.161290 0.668790 0.154122 0.668790 0.150538 0.665605 0.146953
0 0.442675 0.168459 0.439490 0.172043 0.439490 0.175627 0.433121 0.182796 0.433121 0.193548 0.439490 0.193548 0.442675 0.197133 0.449045 0.189964 0.445860 0.186380 0.445860 0.175627 0.442675 0.172043
0 0.627389 0.186380 0.624204 0.186380 0.621019 0.182796 0.614650 0.182796 0.611465 0.186380 0.608280 0.186380 0.601911 0.197133 0.601911 0.207885 0.608280 0.215054 0.621019 0.215054 0.624204 0.211470 0.627389 0.211470 0.627389 0.207885 0.630573 0.204301 0.630573 0.193548 0.627389 0.189964
0 0.799363 0.211470 0.812102 0.232975 0.828025 0.243728 0.847134 0.243728 0.850318 0.247312 0.866242 0.243728 0.894904 0.222222 0.885350 0.204301 0.866242 0.200717 0.850318 0.189964 0.843949 0.189964 0.831210 0.200717 0.808917 0.200717
0 0.050955 0.200717 0.041401 0.207885 0.035032 0.222222 0.035032 0.229391 0.031847 0.232975 0.031847 0.247312 0.038217 0.254480 0.050955 0.261649 0.070064 0.261649 0.076433 0.254480 0.082803 0.236559 0.070064 0.207885 0.057325 0.200717
0 0.121019 0.215054 0.121019 0.232975 0.127389 0.240143 0.133758 0.240143 0.159236 0.254480 0.178344 0.254480 0.191083 0.247312 0.200637 0.225806 0.197452 0.211470 0.184713 0.204301 0.162420 0.204301 0.159236 0.200717 0.136943 0.200717 0.127389 0.204301
0 0.417197 0.207885 0.414013 0.204301 0.410828 0.204301 0.407643 0.200717 0.404459 0.200717 0.401274 0.204301 0.391720 0.204301 0.385350 0.211470 0.385350 0.215054 0.388535 0.218638 0.391720 0.218638 0.394904 0.222222 0.410828 0.222222 0.417197 0.215054
0 0.337580 0.207885 0.331210 0.207885 0.324841 0.215054 0.324841 0.225806 0.328025 0.229391 0.331210 0.225806 0.334395 0.225806 0.337580 0.222222 0.340764 0.222222 0.340764 0.211470
0 0.452229 0.222222 0.445860 0.229391 0.445860 0.247312 0.449045 0.250896 0.449045 0.254480 0.458599 0.265233 0.461783 0.265233 0.464968 0.261649 0.468153 0.261649 0.468153 0.258065 0.471338 0.254480 0.471338 0.247312 0.474522 0.243728 0.471338 0.240143 0.471338 0.232975 0.461783 0.222222
0 0.273885 0.225806 0.251592 0.225806 0.245223 0.229391 0.232484 0.243728 0.232484 0.250896 0.229299 0.254480 0.229299 0.272401 0.254777 0.286738 0.261146 0.286738 0.280255 0.275986 0.289809 0.261649 0.289809 0.250896 0.283439 0.232975
0 0.757962 0.229391 0.748408 0.229391 0.745223 0.232975 0.745223 0.236559 0.742038 0.240143 0.742038 0.247312 0.748408 0.254480 0.748408 0.258065 0.751592 0.258065 0.754777 0.254480 0.757962 0.254480 0.764331 0.247312 0.764331 0.236559
0 0.665605 0.232975 0.656051 0.240143 0.646497 0.261649 0.640127 0.265233 0.652866 0.297491 0.665605 0.311828 0.675159 0.311828 0.681529 0.304659 0.687898 0.286738 0.687898 0.243728 0.675159 0.232975
0 0.831210 0.265233 0.828025 0.283154 0.843949 0.304659 0.866242 0.318996 0.885350 0.318996 0.894904 0.315412 0.904459 0.304659 0.901274 0.279570 0.888535 0.275986 0.863057 0.247312 0.856688 0.247312 0.840764 0.261649
0 0.557325 0.250896 0.550955 0.261649 0.550955 0.279570 0.554140 0.283154 0.554140 0.286738 0.563694 0.297491 0.566879 0.297491 0.570064 0.301075 0.579618 0.301075 0.582803 0.297491 0.582803 0.275986 0.566879 0.250896
0 0.092357 0.275986 0.092357 0.297491 0.101911 0.308244 0.105096 0.318996 0.117834 0.326165 0.165605 0.318996 0.181529 0.301075 0.184713 0.290323 0.181529 0.279570 0.165605 0.268817 0.105096 0.265233
0 0.722930 0.275986 0.713376 0.279570 0.710191 0.301075 0.707006 0.304659 0.710191 0.344086 0.719745 0.369176 0.738854 0.362007 0.748408 0.351254 0.745223 0.336918 0.738854 0.333333 0.742038 0.297491 0.735669 0.286738
0 0.238854 0.329749 0.242038 0.347670 0.264331 0.365591 0.292994 0.365591 0.324841 0.354839 0.343949 0.354839 0.369427 0.340502 0.363057 0.333333 0.312102 0.315412 0.299363 0.304659 0.280255 0.304659 0.261146 0.311828
0 0.025478 0.318996 0.025478 0.329749 0.038217 0.344086 0.044586 0.344086 0.057325 0.351254 0.076433 0.340502 0.082803 0.340502 0.089172 0.333333 0.089172 0.326165 0.079618 0.326165 0.070064 0.315412 0.063694 0.311828 0.054140 0.311828 0.050955 0.308244 0.035032 0.311828 0.028662 0.318996
0 0.780255 0.308244 0.780255 0.315412 0.789809 0.326165 0.792994 0.326165 0.796178 0.329749 0.802548 0.329749 0.805732 0.333333 0.808917 0.329749 0.812102 0.329749 0.812102 0.322581 0.808917 0.318996 0.805732 0.318996 0.802548 0.315412 0.792994 0.315412 0.789809 0.311828 0.786624 0.311828 0.783439 0.308244
0 0.496815 0.315412 0.487261 0.315412 0.484076 0.318996 0.480892 0.318996 0.474522 0.326165 0.474522 0.344086 0.477707 0.347670 0.477707 0.351254 0.484076 0.358423 0.490446 0.358423 0.503185 0.344086 0.503185 0.322581
0 0.773885 0.340502 0.773885 0.365591 0.777070 0.372760 0.805732 0.387097 0.821656 0.387097 0.824841 0.383513 0.821656 0.362007 0.812102 0.347670 0.805732 0.347670 0.786624 0.336918 0.777070 0.336918
0 0.000000 0.358423 0.000000 0.365591 0.006369 0.379928 0.019108 0.387097 0.025478 0.387097 0.035032 0.394265 0.047771 0.394265 0.060510 0.387097 0.063694 0.379928 0.063694 0.365591 0.054140 0.351254 0.047771 0.351254 0.035032 0.344086 0.031847 0.347670 0.025478 0.344086 0.012739 0.344086 0.006369 0.347670
0 0.633758 0.365591 0.646497 0.383513 0.659236 0.379928 0.665605 0.387097 0.668790 0.401434 0.681529 0.422939 0.697452 0.419355 0.716561 0.401434 0.716561 0.387097 0.691083 0.351254 0.671975 0.351254 0.668790 0.354839 0.659236 0.351254 0.640127 0.358423
0 0.550955 0.354839 0.550955 0.372760 0.554140 0.376344 0.554140 0.379928 0.557325 0.383513 0.557325 0.387097 0.563694 0.394265 0.573248 0.394265 0.576433 0.390681 0.576433 0.383513 0.570064 0.376344 0.570064 0.369176 0.557325 0.354839
0 0.627389 0.369176 0.621019 0.376344 0.621019 0.390681 0.624204 0.394265 0.627389 0.394265 0.630573 0.397849 0.633758 0.397849 0.636943 0.394265 0.640127 0.394265 0.643312 0.390681 0.643312 0.379928 0.633758 0.369176
0 0.484076 0.390681 0.464968 0.390681 0.449045 0.383513 0.439490 0.387097 0.423567 0.412186 0.426752 0.430108 0.436306 0.440860 0.449045 0.444444 0.477707 0.408602
0 0.792994 0.397849 0.786624 0.412186 0.789809 0.419355 0.789809 0.430108 0.802548 0.444444 0.828025 0.458781 0.828025 0.444444 0.824841 0.440860 0.821656 0.419355 0.812102 0.405018 0.799363 0.397849
0 0.544586 0.426523 0.541401 0.430108 0.541401 0.448029 0.544586 0.451613 0.547771 0.469534 0.557325 0.487455 0.570064 0.498208 0.579618 0.483871 0.579618 0.462366 0.582803 0.458781 0.579618 0.437276
0 0.735669 0.437276 0.732484 0.448029 0.735669 0.451613 0.735669 0.465950 0.742038 0.473118 0.767516 0.473118 0.777070 0.465950 0.780255 0.458781 0.780255 0.444444 0.777070 0.437276 0.770701 0.433692 0.757962 0.433692 0.754777 0.430108 0.748408 0.433692 0.742038 0.430108
0 0.299363 0.448029 0.296178 0.444444 0.296178 0.440860 0.289809 0.440860 0.286624 0.437276 0.283439 0.437276 0.280255 0.440860 0.273885 0.440860 0.264331 0.451613 0.264331 0.462366 0.273885 0.465950 0.277070 0.462366 0.286624 0.462366 0.289809 0.458781 0.296178 0.458781
0 0.222930 0.458781 0.219745 0.465950 0.219745 0.480287 0.216561 0.483871 0.216561 0.498208 0.261146 0.498208 0.264331 0.494624 0.261146 0.483871 0.254777 0.476703 0.254777 0.473118 0.245223 0.465950 0.245223 0.462366 0.238854 0.458781
0 0.627389 0.465950 0.621019 0.476703 0.617834 0.498208 0.630573 0.526882 0.640127 0.537634 0.643312 0.537634 0.646497 0.534050 0.652866 0.534050 0.671975 0.491039 0.646497 0.469534
0 0.127389 0.473118 0.121019 0.473118 0.117834 0.476703 0.114650 0.476703 0.111465 0.480287 0.105096 0.480287 0.101911 0.483871 0.101911 0.494624 0.111465 0.505376 0.114650 0.505376 0.117834 0.508961 0.124204 0.508961 0.130573 0.501792 0.130573 0.494624 0.133758 0.491039 0.130573 0.487455 0.130573 0.476703
0 0.490446 0.491039 0.490446 0.494624 0.487261 0.498208 0.487261 0.508961 0.490446 0.512545 0.490446 0.516129 0.493631 0.516129 0.496815 0.519713 0.512739 0.519713 0.519108 0.512545 0.519108 0.508961 0.522293 0.505376 0.515924 0.494624 0.512739 0.494624 0.509554 0.491039
0 0.531847 0.526882 0.531847 0.537634 0.541401 0.559140 0.557325 0.573477 0.585987 0.573477 0.621019 0.562724 0.621019 0.555556 0.601911 0.537634 0.557325 0.512545 0.544586 0.516129
0 0.751592 0.530466 0.748408 0.534050 0.748408 0.548387 0.751592 0.551971 0.751592 0.559140 0.754777 0.562724 0.754777 0.566308 0.757962 0.569892 0.761146 0.569892 0.764331 0.573477 0.770701 0.573477 0.773885 0.577061 0.786624 0.577061 0.789809 0.573477 0.789809 0.569892 0.780255 0.559140 0.777070 0.559140 0.773885 0.555556 0.773885 0.551971 0.767516 0.544803 0.767516 0.541219 0.757962 0.530466
0 0.891720 0.577061 0.878981 0.573477 0.866242 0.584229 0.853503 0.587814 0.843949 0.602151 0.843949 0.627240 0.847134 0.634409 0.853503 0.637993 0.875796 0.637993 0.882166 0.634409 0.885350 0.623656 0.898089 0.605735 0.898089 0.591398
0 0.044586 0.584229 0.038217 0.577061 0.028662 0.577061 0.025478 0.580645 0.022293 0.580645 0.019108 0.584229 0.009554 0.587814 0.006369 0.591398 0.006369 0.598566 0.015924 0.605735 0.025478 0.605735 0.028662 0.602151 0.031847 0.602151 0.038217 0.594982 0.041401 0.594982 0.044586 0.591398
0 0.710191 0.577061 0.703822 0.577061 0.700637 0.580645 0.700637 0.584229 0.697452 0.587814 0.697452 0.594982 0.700637 0.598566 0.707006 0.598566 0.713376 0.591398 0.713376 0.584229 0.710191 0.580645
0 0.222930 0.623656 0.194268 0.602151 0.181529 0.605735 0.168790 0.616487 0.152866 0.620072 0.156051 0.634409 0.171975 0.648746 0.207006 0.648746 0.222930 0.634409
0 0.888535 0.637993 0.885350 0.641577 0.885350 0.645161 0.888535 0.648746 0.894904 0.648746 0.898089 0.645161 0.898089 0.641577 0.894904 0.637993
0 0.528662 0.645161 0.525478 0.645161 0.522293 0.648746 0.522293 0.655914 0.519108 0.659498 0.519108 0.684588 0.522293 0.688172 0.525478 0.684588 0.525478 0.655914 0.528662 0.652330
0 0.579618 0.648746 0.570064 0.659498 0.566879 0.673835 0.557325 0.684588 0.557325 0.698925 0.566879 0.709677 0.582803 0.709677 0.598726 0.695341 0.598726 0.681004 0.595541 0.677419 0.595541 0.670251 0.585987 0.655914 0.585987 0.652330
0 0.257962 0.652330 0.254777 0.655914 0.254777 0.663082 0.257962 0.666667 0.267516 0.666667 0.270701 0.663082 0.270701 0.659498 0.267516 0.655914 0.267516 0.652330
0 0.414013 0.666667 0.414013 0.673835 0.426752 0.684588 0.439490 0.684588 0.445860 0.681004 0.452229 0.688172 0.464968 0.688172 0.471338 0.681004 0.471338 0.670251 0.464968 0.663082 0.442675 0.663082 0.439490 0.659498 0.420382 0.659498
0 0.133758 0.688172 0.136943 0.695341 0.149682 0.702509 0.159236 0.702509 0.162420 0.706093 0.168790 0.706093 0.181529 0.713262 0.194268 0.702509 0.194268 0.691756 0.181529 0.677419 0.175159 0.673835 0.140127 0.677419
0 0.156051 0.767025 0.159236 0.770609 0.168790 0.770609 0.187898 0.763441 0.229299 0.763441 0.238854 0.756272 0.238854 0.745520 0.226115 0.731183 0.194268 0.731183 0.168790 0.741935 0.156051 0.759857
0 0.070064 0.734767 0.047771 0.734767 0.041401 0.738351 0.022293 0.763441 0.019108 0.784946 0.025478 0.792115 0.038217 0.792115 0.050955 0.784946 0.070064 0.756272 0.070064 0.749104 0.073248 0.745520 0.073248 0.738351
0 0.735669 0.756272 0.742038 0.784946 0.754777 0.788530 0.777070 0.802867 0.796178 0.802867 0.799363 0.806452 0.808917 0.802867 0.808917 0.788530 0.796178 0.767025 0.757962 0.749104 0.742038 0.749104
0 0.506369 0.763441 0.509554 0.770609 0.515924 0.774194 0.531847 0.774194 0.557325 0.788530 0.570064 0.781362 0.570064 0.770609 0.550955 0.759857 0.541401 0.759857 0.538217 0.756272 0.512739 0.756272
0 0.716561 0.767025 0.707006 0.756272 0.687898 0.756272 0.684713 0.759857 0.668790 0.763441 0.659236 0.770609 0.649682 0.770609 0.649682 0.781362 0.662420 0.799283 0.668790 0.799283 0.681529 0.806452 0.694268 0.806452 0.713376 0.788530
0 0.286624 0.795699 0.283439 0.806452 0.289809 0.817204 0.289809 0.824373 0.292994 0.827957 0.292994 0.831541 0.299363 0.831541 0.302548 0.835125 0.308917 0.835125 0.312102 0.831541 0.312102 0.820789 0.302548 0.810036 0.302548 0.806452 0.299363 0.806452 0.292994 0.799283 0.289809 0.799283
0 0.573248 0.806452 0.573248 0.810036 0.585987 0.824373 0.592357 0.824373 0.595541 0.820789 0.598726 0.824373 0.605096 0.824373 0.605096 0.817204 0.601911 0.817204 0.595541 0.810036 0.589172 0.810036 0.582803 0.802867 0.576433 0.802867
0 0.181529 0.813620 0.178344 0.810036 0.171975 0.810036 0.146497 0.831541 0.136943 0.835125 0.136943 0.838710 0.130573 0.845878 0.130573 0.856631 0.136943 0.860215 0.149682 0.845878 0.159236 0.842294 0.165605 0.835125 0.178344 0.827957 0.181529 0.824373
0 0.821656 0.831541 0.824841 0.835125 0.824841 0.842294 0.843949 0.856631 0.850318 0.853047 0.863057 0.853047 0.878981 0.842294 0.878981 0.824373 0.869427 0.813620 0.863057 0.813620 0.859873 0.810036 0.843949 0.810036 0.840764 0.813620 0.834395 0.813620 0.828025 0.817204
0 0.238854 0.827957 0.232484 0.820789 0.226115 0.820789 0.222930 0.824373 0.216561 0.824373 0.213376 0.827957 0.207006 0.827957 0.203822 0.831541 0.194268 0.835125 0.191083 0.838710 0.191083 0.842294 0.194268 0.845878 0.216561 0.845878 0.219745 0.842294 0.226115 0.842294 0.229299 0.838710 0.232484 0.838710 0.238854 0.831541
0 0.283439 0.838710 0.251592 0.838710 0.248408 0.842294 0.242038 0.842294 0.229299 0.856631 0.226115 0.863799 0.226115 0.874552 0.232484 0.881720 0.235669 0.878136 0.245223 0.878136 0.248408 0.874552 0.264331 0.870968 0.277070 0.863799 0.289809 0.849462
0 0.652866 0.849462 0.652866 0.867384 0.665605 0.881720 0.681529 0.881720 0.694268 0.870968 0.694268 0.860215 0.687898 0.849462 0.675159 0.849462 0.665605 0.842294 0.659236 0.842294
0 0.490446 0.853047 0.490446 0.860215 0.496815 0.867384 0.503185 0.867384 0.506369 0.870968 0.512739 0.870968 0.515924 0.874552 0.522293 0.874552 0.525478 0.878136 0.531847 0.878136 0.535032 0.881720 0.538217 0.881720 0.541401 0.878136 0.541401 0.870968 0.538217 0.867384 0.538217 0.863799 0.528662 0.856631 0.522293 0.856631 0.512739 0.849462 0.493631 0.849462
0 0.197452 0.856631 0.194268 0.860215 0.187898 0.860215 0.184713 0.863799 0.181529 0.863799 0.165605 0.878136 0.165605 0.888889 0.171975 0.896057 0.175159 0.896057 0.187898 0.906810 0.197452 0.906810 0.203822 0.899642 0.203822 0.860215 0.200637 0.860215
0 0.426752 0.863799 0.420382 0.870968 0.420382 0.874552 0.417197 0.878136 0.420382 0.881720 0.420382 0.888889 0.436306 0.888889 0.439490 0.885305 0.439490 0.870968 0.436306 0.867384 0.436306 0.863799
0 0.003185 0.870968 0.000000 0.874552 0.000000 0.881720 0.006369 0.888889 0.009554 0.888889 0.012739 0.885305 0.012739 0.878136 0.006369 0.870968
0 0.630573 0.888889 0.624204 0.892473 0.614650 0.906810 0.601911 0.910394 0.598726 0.917563 0.611465 0.928315 0.617834 0.928315 0.621019 0.931900 0.633758 0.935484 0.640127 0.931900 0.652866 0.913978 0.659236 0.913978 0.662420 0.906810
0 0.003185 0.896057 0.003185 0.899642 0.000000 0.903226 0.000000 0.910394 0.003185 0.913978 0.003185 0.917563 0.006369 0.921147 0.009554 0.921147 0.015924 0.928315 0.022293 0.928315 0.022293 0.913978 0.012739 0.903226 0.009554 0.903226 0.006369 0.899642 0.006369 0.896057
0 0.159236 0.903226 0.152866 0.903226 0.143312 0.913978 0.143312 0.917563 0.136943 0.921147 0.133758 0.935484 0.130573 0.939068 0.130573 0.956989 0.133758 0.960573 0.133758 0.967742 0.143312 0.978495 0.149682 0.978495 0.152866 0.974910 0.152866 0.964158 0.156051 0.960573 0.156051 0.942652 0.162420 0.931900 0.162420 0.910394
0 0.417197 0.910394 0.461783 0.942652 0.480892 0.946237 0.487261 0.939068 0.480892 0.931900 0.471338 0.928315 0.464968 0.921147 0.458599 0.921147 0.452229 0.913978 0.433121 0.910394 0.429936 0.906810 0.420382 0.906810
0 0.573248 0.949821 0.573248 0.964158 0.582803 0.971326 0.601911 0.971326 0.605096 0.967742 0.608280 0.967742 0.614650 0.960573 0.614650 0.956989 0.608280 0.949821 0.601911 0.949821 0.598726 0.946237 0.576433 0.946237
0 0.289809 0.960573 0.286624 0.956989 0.280255 0.956989 0.277070 0.953405 0.257962 0.960573 0.248408 0.971326 0.248408 0.982079 0.245223 0.985663 0.245223 0.989247 0.248408 0.992832 0.254777 0.992832 0.257962 0.989247 0.280255 0.989247 0.283439 0.985663 0.286624 0.985663 0.289809 0.982079
0 0.780255 0.971326 0.767516 0.960573 0.732484 0.964158 0.707006 0.974910 0.700637 0.982079 0.700637 0.992832 0.707006 0.996416 0.767516 0.996416 0.780255 0.985663
0 0.318471 0.989247 0.318471 0.992832 0.321656 0.996416 0.350318 0.996416 0.353503 0.992832 0.353503 0.982079 0.350318 0.978495 0.350318 0.971326 0.334395 0.971326 0.331210 0.974910 0.328025 0.974910 0.324841 0.978495 0.324841 0.982079
0 0.519108 0.982079 0.519108 0.992832 0.522293 0.992832 0.525478 0.996416 0.566879 0.996416 0.570064 0.992832 0.570064 0.985663 0.563694 0.978495 0.560510 0.978495 0.550955 0.971326 0.531847 0.971326
