0 0.171429 0.003597 0.171429 0.007194 0.174603 0.007194 0.177778 0.010791 0.184127 0.010791 0.187302 0.014388 0.190476 0.014388 0.200000 0.021583 0.203175 0.021583 0.209524 0.014388 0.209524 0.010791 0.212698 0.007194 0.212698 0.003597 0.209524 0.000000 0.180952 0.000000 0.177778 0.003597
0 0.746032 0.003597 0.746032 0.007194 0.742857 0.010791 0.742857 0.017986 0.739683 0.021583 0.742857 0.025180 0.742857 0.032374 0.749206 0.039568 0.768254 0.039568 0.777778 0.028777 0.777778 0.017986 0.780952 0.014388 0.780952 0.003597 0.777778 0.003597 0.774603 0.000000 0.755556 0.000000 0.752381 0.003597
0 0.095238 0.007194 0.095238 0.010791 0.098413 0.014388 0.114286 0.014388 0.117460 0.010791 0.120635 0.010791 0.120635 0.007194 0.117460 0.003597 0.098413 0.003597
0 0.371429 0.003597 0.368254 0.007194 0.368254 0.035971 0.374603 0.043165 0.380952 0.043165 0.387302 0.035971 0.387302 0.025180 0.384127 0.021583 0.384127 0.014388 0.380952 0.010791 0.380952 0.007194 0.377778 0.007194 0.374603 0.003597
0 0.533333 0.003597 0.533333 0.014388 0.536508 0.017986 0.552381 0.017986 0.558730 0.010791 0.558730 0.003597
0 0.219048 0.025180 0.206349 0.025180 0.203175 0.028777 0.200000 0.028777 0.200000 0.032374 0.193651 0.039568 0.190476 0.057554 0.196825 0.064748 0.200000 0.064748 0.203175 0.068345 0.212698 0.068345 0.215873 0.064748 0.219048 0.064748 0.228571 0.053957 0.228571 0.043165
0 0.460317 0.032374 0.453968 0.039568 0.453968 0.043165 0.450794 0.046763 0.450794 0.053957 0.457143 0.061151 0.463492 0.061151 0.466667 0.064748 0.479365 0.064748 0.479365 0.046763 0.476190 0.043165 0.476190 0.039568 0.466667 0.032374
0 0.682540 0.032374 0.679365 0.035971 0.679365 0.043165 0.682540 0.046763 0.688889 0.046763 0.695238 0.039568 0.695238 0.035971 0.692063 0.032374
0 0.901587 0.035971 0.895238 0.043165 0.895238 0.050360 0.901587 0.057554 0.914286 0.057554 0.917460 0.053957 0.917460 0.046763 0.914286 0.043165 0.914286 0.039568 0.911111 0.039568 0.907937 0.035971
0 0.933333 0.064748 0.930159 0.068345 0.930159 0.071942 0.926984 0.075540 0.930159 0.079137 0.930159 0.082734 0.933333 0.086331 0.939683 0.086331 0.942857 0.089928 0.946032 0.086331 0.949206 0.086331 0.952381 0.082734 0.952381 0.075540 0.949206 0.071942 0.949206 0.068345 0.946032 0.064748
0 0.574603 0.071942 0.552381 0.071942 0.533333 0.079137 0.514286 0.097122 0.511111 0.125899 0.517460 0.143885 0.533333 0.151079 0.549206 0.147482 0.577778 0.118705 0.584127 0.100719 0.584127 0.082734
0 0.625397 0.086331 0.622222 0.093525 0.622222 0.118705 0.631746 0.147482 0.641270 0.154676 0.663492 0.158273 0.679365 0.151079 0.688889 0.136691 0.685714 0.104317 0.666667 0.082734 0.660317 0.079137 0.638095 0.079137
0 0.866667 0.079137 0.863492 0.082734 0.863492 0.104317 0.866667 0.107914 0.866667 0.111511 0.873016 0.111511 0.876190 0.107914 0.876190 0.093525 0.873016 0.089928 0.873016 0.082734 0.869841 0.082734
0 0.790476 0.082734 0.784127 0.082734 0.784127 0.086331 0.780952 0.089928 0.780952 0.107914 0.784127 0.107914 0.793651 0.097122 0.793651 0.086331
0 0.403175 0.093525 0.400000 0.097122 0.400000 0.107914 0.396825 0.111511 0.396825 0.118705 0.400000 0.122302 0.400000 0.133094 0.406349 0.140288 0.409524 0.140288 0.415873 0.133094 0.415873 0.111511 0.412698 0.107914 0.412698 0.100719 0.406349 0.093525
0 0.901587 0.093525 0.901587 0.107914 0.904762 0.111511 0.904762 0.122302 0.901587 0.125899 0.904762 0.129496 0.911111 0.129496 0.920635 0.122302 0.920635 0.104317 0.917460 0.100719 0.917460 0.097122 0.914286 0.097122 0.911111 0.093525
0 0.161905 0.097122 0.155556 0.104317 0.155556 0.115108 0.161905 0.122302 0.168254 0.122302 0.171429 0.118705 0.171429 0.107914 0.168254 0.104317 0.168254 0.100719 0.165079 0.097122
0 0.711111 0.133094 0.711111 0.143885 0.714286 0.147482 0.717460 0.147482 0.720635 0.151079 0.736508 0.151079 0.736508 0.140288 0.726984 0.129496 0.714286 0.129496
0 0.850794 0.136691 0.850794 0.140288 0.847619 0.143885 0.850794 0.147482 0.850794 0.151079 0.853968 0.151079 0.857143 0.154676 0.866667 0.154676 0.866667 0.151079 0.857143 0.140288 0.857143 0.136691
0 0.193651 0.147482 0.190476 0.151079 0.187302 0.151079 0.187302 0.165468 0.190476 0.169065 0.190476 0.172662 0.196825 0.179856 0.203175 0.179856 0.209524 0.172662 0.209524 0.158273 0.206349 0.154676 0.203175 0.154676 0.200000 0.151079 0.196825 0.151079
0 0.146032 0.151079 0.139683 0.151079 0.136508 0.154676 0.136508 0.165468 0.139683 0.165468 0.142857 0.161871 0.142857 0.158273 0.146032 0.154676
0 0.266667 0.190647 0.269841 0.194245 0.273016 0.194245 0.276190 0.197842 0.279365 0.194245 0.282540 0.194245 0.288889 0.187050 0.288889 0.183453 0.285714 0.183453 0.282540 0.179856 0.273016 0.179856 0.266667 0.187050
0 0.685714 0.179856 0.685714 0.190647 0.692063 0.197842 0.701587 0.197842 0.701587 0.194245 0.704762 0.190647 0.701587 0.187050 0.701587 0.183453 0.698413 0.179856
0 0.326984 0.190647 0.326984 0.201439 0.330159 0.205036 0.339683 0.205036 0.342857 0.201439 0.342857 0.190647 0.339683 0.187050 0.333333 0.187050 0.330159 0.190647
0 0.161905 0.212230 0.158730 0.208633 0.136508 0.208633 0.133333 0.212230 0.123810 0.215827 0.117460 0.223022 0.117460 0.233813 0.120635 0.233813 0.123810 0.237410 0.130159 0.237410 0.133333 0.241007 0.142857 0.241007 0.146032 0.237410 0.149206 0.237410 0.155556 0.230216 0.155556 0.226619 0.158730 0.223022 0.158730 0.215827
0 0.882540 0.208633 0.876190 0.215827 0.876190 0.223022 0.882540 0.230216 0.885714 0.230216 0.892063 0.223022 0.892063 0.215827 0.885714 0.208633
0 0.326984 0.251799 0.323810 0.251799 0.320635 0.248201 0.317460 0.248201 0.314286 0.251799 0.311111 0.251799 0.311111 0.255396 0.307937 0.258993 0.311111 0.262590 0.311111 0.266187 0.314286 0.269784 0.317460 0.269784 0.320635 0.266187 0.323810 0.266187 0.326984 0.262590
0 0.419048 0.251799 0.409524 0.251799 0.400000 0.262590 0.400000 0.276978 0.403175 0.280576 0.415873 0.280576 0.419048 0.276978 0.419048 0.273381 0.422222 0.269784 0.422222 0.255396
0 0.234921 0.291367 0.231746 0.287770 0.225397 0.287770 0.222222 0.291367 0.222222 0.302158 0.225397 0.302158 0.228571 0.298561 0.231746 0.298561 0.231746 0.294964
0 0.104762 0.298561 0.104762 0.312950 0.107937 0.316547 0.107937 0.320144 0.123810 0.334532 0.126984 0.330935 0.142857 0.330935 0.146032 0.327338 0.149206 0.327338 0.149206 0.316547 0.146032 0.312950 0.146032 0.309353 0.136508 0.298561 0.130159 0.298561 0.120635 0.291367 0.111111 0.291367
0 0.838095 0.298561 0.838095 0.312950 0.841270 0.316547 0.847619 0.316547 0.850794 0.312950 0.857143 0.312950 0.860317 0.309353 0.863492 0.309353 0.863492 0.302158 0.860317 0.298561 0.860317 0.294964 0.844444 0.294964 0.841270 0.298561
0 0.565079 0.305755 0.561905 0.309353 0.561905 0.316547 0.558730 0.320144 0.558730 0.327338 0.561905 0.330935 0.561905 0.338129 0.571429 0.345324 0.577778 0.334532 0.577778 0.323741 0.574603 0.320144 0.574603 0.312950 0.571429 0.309353 0.571429 0.305755
0 0.511111 0.323741 0.492063 0.323741 0.485714 0.327338 0.473016 0.356115 0.473016 0.366906 0.488889 0.410072 0.495238 0.402878 0.504762 0.399281 0.520635 0.381295 0.523810 0.370504 0.523810 0.348921 0.526984 0.345324 0.523810 0.334532
0 0.603175 0.327338 0.600000 0.330935 0.600000 0.352518 0.580952 0.384892 0.584127 0.410072 0.600000 0.424460 0.612698 0.420863 0.631746 0.377698 0.631746 0.359712 0.625397 0.348921
0 0.123810 0.345324 0.123810 0.338129 0.117460 0.330935 0.114286 0.330935 0.111111 0.334532 0.098413 0.334532 0.098413 0.341727 0.101587 0.345324
0 0.438095 0.352518 0.428571 0.363309 0.428571 0.399281 0.438095 0.406475 0.444444 0.406475 0.453968 0.417266 0.463492 0.417266 0.466667 0.420863 0.476190 0.420863 0.485714 0.413669 0.469841 0.359712 0.453968 0.348921
0 0.863492 0.356115 0.863492 0.366906 0.866667 0.370504 0.882540 0.370504 0.888889 0.363309 0.885714 0.359712 0.885714 0.356115 0.882540 0.356115 0.879365 0.352518 0.866667 0.352518
0 0.161905 0.366906 0.158730 0.366906 0.155556 0.363309 0.152381 0.363309 0.149206 0.366906 0.142857 0.366906 0.136508 0.374101 0.136508 0.388489 0.155556 0.388489 0.158730 0.384892 0.161905 0.384892 0.161905 0.381295 0.165079 0.377698 0.165079 0.374101 0.161905 0.370504
0 0.257143 0.374101 0.253968 0.370504 0.250794 0.370504 0.241270 0.381295 0.238095 0.381295 0.234921 0.384892 0.231746 0.384892 0.228571 0.388489 0.228571 0.399281 0.234921 0.399281 0.238095 0.395683 0.241270 0.395683 0.244444 0.392086 0.247619 0.392086 0.250794 0.388489 0.253968 0.388489 0.253968 0.384892 0.257143 0.381295
0 0.863492 0.384892 0.853968 0.384892 0.841270 0.399281 0.834921 0.399281 0.834921 0.402878 0.838095 0.406475 0.850794 0.406475 0.863492 0.392086
0 0.139683 0.392086 0.133333 0.392086 0.130159 0.395683 0.123810 0.395683 0.117460 0.402878 0.117460 0.417266 0.120635 0.420863 0.133333 0.420863 0.142857 0.410072 0.142857 0.402878 0.139683 0.399281
0 0.971429 0.392086 0.968254 0.395683 0.968254 0.399281 0.965079 0.402878 0.965079 0.410072 0.968254 0.413669 0.984127 0.413669 0.990476 0.406475 0.990476 0.395683 0.987302 0.392086
0 0.377778 0.395683 0.374603 0.399281 0.368254 0.399281 0.358730 0.410072 0.358730 0.417266 0.361905 0.420863 0.361905 0.424460 0.371429 0.431655 0.384127 0.431655 0.384127 0.428058 0.387302 0.424460 0.387302 0.406475 0.384127 0.402878 0.384127 0.399281 0.380952 0.399281
0 0.533333 0.413669 0.530159 0.417266 0.530159 0.420863 0.526984 0.424460 0.530159 0.428058 0.530159 0.431655 0.539683 0.431655 0.546032 0.424460 0.546032 0.420863 0.539683 0.413669
0 0.993651 0.424460 0.993651 0.428058 0.990476 0.431655 0.990476 0.449640 0.993651 0.453237 0.996825 0.453237 0.996825 0.424460
0 0.165079 0.435252 0.161905 0.431655 0.139683 0.431655 0.123810 0.446043 0.111111 0.449640 0.107937 0.453237 0.107937 0.467626 0.114286 0.471223 0.136508 0.471223 0.161905 0.449640
0 0.409524 0.435252 0.406349 0.438849 0.403175 0.438849 0.400000 0.442446 0.400000 0.453237 0.396825 0.456835 0.396825 0.467626 0.400000 0.471223 0.403175 0.471223 0.415873 0.456835 0.415873 0.438849 0.412698 0.438849
0 0.758730 0.435252 0.749206 0.442446 0.749206 0.446043 0.746032 0.449640 0.746032 0.464029 0.749206 0.464029 0.752381 0.467626 0.758730 0.467626 0.761905 0.471223 0.768254 0.471223 0.768254 0.446043 0.765079 0.442446 0.765079 0.438849 0.761905 0.435252
0 0.942857 0.438849 0.939683 0.442446 0.939683 0.446043 0.936508 0.449640 0.936508 0.453237 0.930159 0.460432 0.926984 0.460432 0.926984 0.467626 0.936508 0.467626 0.946032 0.456835 0.946032 0.453237 0.949206 0.449640 0.949206 0.446043
0 0.847619 0.456835 0.844444 0.456835 0.841270 0.453237 0.838095 0.453237 0.831746 0.460432 0.831746 0.471223 0.838095 0.471223 0.841270 0.467626 0.844444 0.467626 0.847619 0.464029
0 0.212698 0.467626 0.196825 0.456835 0.193651 0.456835 0.190476 0.460432 0.184127 0.460432 0.165079 0.478417 0.165079 0.485612 0.161905 0.489209 0.171429 0.496403 0.187302 0.496403 0.190476 0.492806 0.196825 0.492806 0.209524 0.478417
0 0.730159 0.464029 0.726984 0.467626 0.726984 0.478417 0.730159 0.482014 0.730159 0.485612 0.746032 0.500000 0.758730 0.500000 0.758730 0.489209 0.755556 0.489209 0.746032 0.478417 0.742857 0.467626 0.739683 0.467626 0.736508 0.464029
0 0.911111 0.489209 0.904762 0.496403 0.901587 0.496403 0.901587 0.500000 0.898413 0.503597 0.898413 0.507194 0.904762 0.514388 0.904762 0.517986 0.911111 0.525180 0.920635 0.525180 0.923810 0.521583 0.923810 0.496403 0.917460 0.489209
0 0.387302 0.507194 0.387302 0.514388 0.396825 0.525180 0.400000 0.525180 0.403175 0.528777 0.409524 0.528777 0.412698 0.532374 0.415873 0.532374 0.419048 0.528777 0.425397 0.528777 0.428571 0.525180 0.428571 0.514388 0.422222 0.507194 0.419048 0.507194 0.415873 0.503597 0.409524 0.503597 0.406349 0.500000 0.400000 0.500000 0.396825 0.503597 0.390476 0.503597
0 0.587302 0.503597 0.580952 0.503597 0.577778 0.507194 0.577778 0.514388 0.580952 0.517986 0.584127 0.517986 0.587302 0.514388
0 0.358730 0.539568 0.355556 0.532374 0.346032 0.525180 0.326984 0.525180 0.304762 0.539568 0.288889 0.543165 0.288889 0.557554 0.301587 0.568345 0.307937 0.568345 0.311111 0.571942 0.339683 0.571942 0.342857 0.568345 0.349206 0.568345 0.358730 0.553957
0 0.530159 0.546763 0.523810 0.546763 0.517460 0.553957 0.517460 0.557554 0.511111 0.568345 0.511111 0.586331 0.520635 0.593525 0.523810 0.589928 0.526984 0.589928 0.533333 0.579137 0.533333 0.553957 0.530159 0.550360
0 0.822222 0.553957 0.828571 0.561151 0.834921 0.561151 0.838095 0.564748 0.841270 0.564748 0.844444 0.561151 0.844444 0.550360 0.841270 0.546763 0.828571 0.546763
0 0.892063 0.550360 0.888889 0.546763 0.882540 0.546763 0.879365 0.550360 0.876190 0.550360 0.866667 0.561151 0.866667 0.568345 0.869841 0.571942 0.879365 0.571942 0.892063 0.557554
0 0.904762 0.550360 0.904762 0.557554 0.907937 0.561151 0.911111 0.561151 0.914286 0.564748 0.917460 0.564748 0.923810 0.571942 0.926984 0.568345 0.930159 0.568345 0.930159 0.561151 0.917460 0.546763 0.907937 0.546763
0 0.612698 0.553957 0.609524 0.557554 0.609524 0.571942 0.615873 0.579137 0.619048 0.579137 0.622222 0.582734 0.631746 0.582734 0.631746 0.561151 0.625397 0.553957
0 0.834921 0.586331 0.825397 0.589928 0.825397 0.607914 0.819048 0.618705 0.822222 0.629496 0.825397 0.629496 0.828571 0.633094 0.847619 0.607914 0.847619 0.593525 0.844444 0.589928 0.838095 0.589928
0 0.993651 0.586331 0.993651 0.589928 0.990476 0.593525 0.987302 0.593525 0.987302 0.604317 0.993651 0.611511 0.996825 0.607914 0.996825 0.604317 0.993651 0.600719
0 0.787302 0.589928 0.780952 0.597122 0.780952 0.604317 0.784127 0.607914 0.784127 0.611511 0.793651 0.622302 0.800000 0.615108 0.800000 0.611511 0.796825 0.607914 0.796825 0.593525 0.793651 0.589928
0 0.346032 0.622302 0.346032 0.636691 0.349206 0.640288 0.349206 0.643885 0.352381 0.643885 0.355556 0.647482 0.365079 0.647482 0.368254 0.643885 0.374603 0.643885 0.377778 0.640288 0.380952 0.640288 0.387302 0.629496 0.380952 0.618705 0.374603 0.618705 0.371429 0.615108 0.355556 0.615108
0 0.149206 0.618705 0.146032 0.622302 0.146032 0.625899 0.142857 0.629496 0.142857 0.633094 0.146032 0.636691 0.146032 0.643885 0.149206 0.647482 0.158730 0.647482 0.161905 0.643885 0.161905 0.622302 0.158730 0.618705
0 0.761905 0.633094 0.758730 0.633094 0.755556 0.629496 0.752381 0.629496 0.746032 0.636691 0.742857 0.636691 0.742857 0.640288 0.739683 0.643885 0.739683 0.654676 0.742857 0.658273 0.742857 0.665468 0.749206 0.665468 0.758730 0.654676 0.761905 0.654676 0.765079 0.651079 0.765079 0.643885 0.761905 0.640288
0 0.193651 0.640288 0.193651 0.643885 0.200000 0.651079 0.206349 0.651079 0.209524 0.647482 0.215873 0.647482 0.219048 0.643885 0.219048 0.640288 0.212698 0.633094 0.200000 0.633094
0 0.580952 0.633094 0.571429 0.633094 0.565079 0.640288 0.565079 0.665468 0.568254 0.669065 0.571429 0.669065 0.574603 0.665468 0.577778 0.665468 0.587302 0.658273 0.587302 0.643885
0 0.993651 0.633094 0.990476 0.636691 0.987302 0.633094 0.977778 0.640288 0.974603 0.647482 0.974603 0.658273 0.968254 0.665468 0.961905 0.661871 0.955556 0.661871 0.952381 0.665468 0.952381 0.676259 0.961905 0.690647 0.971429 0.690647 0.987302 0.676259 0.993651 0.676259 0.996825 0.672662 0.996825 0.665468 0.993651 0.661871 0.993651 0.651079 0.996825 0.647482
0 0.447619 0.647482 0.441270 0.647482 0.431746 0.658273 0.431746 0.661871 0.428571 0.665468 0.428571 0.690647 0.431746 0.694245 0.431746 0.697842 0.441270 0.690647 0.441270 0.687050 0.444444 0.683453 0.447619 0.672662 0.453968 0.665468 0.453968 0.654676
0 0.612698 0.651079 0.606349 0.651079 0.603175 0.654676 0.596825 0.654676 0.593651 0.658273 0.590476 0.658273 0.584127 0.665468 0.584127 0.669065 0.580952 0.672662 0.577778 0.672662 0.568254 0.683453 0.571429 0.687050 0.571429 0.690647 0.584127 0.690647 0.587302 0.687050 0.593651 0.687050 0.600000 0.679856 0.603175 0.679856 0.612698 0.669065 0.612698 0.665468 0.615873 0.661871
0 0.682540 0.658273 0.673016 0.658273 0.666667 0.661871 0.657143 0.676259 0.657143 0.701439 0.660317 0.705036 0.660317 0.712230 0.669841 0.719424 0.679365 0.715827 0.682540 0.708633 0.682540 0.701439 0.685714 0.697842 0.685714 0.690647 0.688889 0.687050 0.685714 0.683453 0.688889 0.679856 0.688889 0.665468
0 0.346032 0.661871 0.336508 0.661871 0.336508 0.665468 0.330159 0.672662 0.330159 0.676259 0.323810 0.687050 0.323810 0.694245 0.326984 0.697842 0.330159 0.694245 0.336508 0.694245 0.346032 0.683453 0.346032 0.679856 0.349206 0.676259 0.349206 0.665468
0 0.396825 0.665468 0.390476 0.665468 0.387302 0.669065 0.387302 0.672662 0.393651 0.679856 0.396825 0.676259
0 0.396825 0.694245 0.396825 0.701439 0.403175 0.708633 0.406349 0.708633 0.409524 0.705036 0.412698 0.705036 0.412698 0.690647 0.400000 0.690647
0 0.530159 0.705036 0.526984 0.708633 0.526984 0.719424 0.539683 0.719424 0.542857 0.715827 0.542857 0.708633 0.539683 0.705036
0 0.498413 0.723022 0.495238 0.726619 0.495238 0.758993 0.504762 0.758993 0.507937 0.755396 0.507937 0.751799 0.511111 0.748201 0.511111 0.730216 0.504762 0.723022
0 0.961905 0.726619 0.958730 0.741007 0.961905 0.744604 0.961905 0.758993 0.965079 0.762590 0.968254 0.780576 0.974603 0.794964 0.980952 0.802158 0.987302 0.802158 0.993651 0.798561 0.993651 0.769784 0.990476 0.766187 0.990476 0.748201 0.974603 0.726619
0 0.196825 0.733813 0.190476 0.730216 0.174603 0.730216 0.155556 0.744604 0.149206 0.762590 0.149206 0.773381 0.152381 0.780576 0.161905 0.787770 0.180952 0.787770 0.196825 0.780576 0.203175 0.773381 0.203175 0.766187 0.206349 0.762590 0.206349 0.748201
0 0.838095 0.758993 0.838095 0.769784 0.841270 0.773381 0.841270 0.776978 0.850794 0.776978 0.857143 0.769784 0.857143 0.766187 0.853968 0.762590 0.853968 0.758993 0.850794 0.758993 0.847619 0.755396 0.844444 0.755396 0.841270 0.758993
0 0.806349 0.766187 0.803175 0.769784 0.793651 0.769784 0.787302 0.773381 0.780952 0.787770 0.784127 0.791367 0.784127 0.798561 0.790476 0.802158 0.800000 0.816547 0.809524 0.820144 0.812698 0.816547 0.822222 0.816547 0.828571 0.805755 0.828571 0.798561 0.825397 0.794964 0.825397 0.784173 0.819048 0.776978 0.819048 0.773381
0 0.549206 0.798561 0.546032 0.798561 0.542857 0.794964 0.539683 0.794964 0.536508 0.798561 0.533333 0.798561 0.533333 0.802158 0.530159 0.805755 0.530159 0.809353 0.546032 0.809353 0.549206 0.805755
0 0.495238 0.802158 0.492063 0.802158 0.485714 0.809353 0.485714 0.816547 0.492063 0.816547 0.495238 0.812950
0 0.593651 0.805755 0.590476 0.802158 0.587302 0.802158 0.584127 0.805755 0.577778 0.805755 0.574603 0.809353 0.565079 0.809353 0.568254 0.812950 0.574603 0.812950 0.577778 0.816547 0.587302 0.816547 0.593651 0.809353
0 0.955556 0.809353 0.952381 0.805755 0.946032 0.805755 0.936508 0.816547 0.933333 0.816547 0.926984 0.823741 0.926984 0.838129 0.936508 0.838129 0.939683 0.834532 0.942857 0.834532 0.955556 0.820144
0 0.349206 0.809353 0.346032 0.812950 0.346032 0.827338 0.352381 0.834532 0.355556 0.830935 0.358730 0.830935 0.358730 0.816547 0.352381 0.809353
0 0.571429 0.830935 0.568254 0.830935 0.565079 0.827338 0.558730 0.827338 0.549206 0.838129 0.549206 0.845324 0.546032 0.848921 0.546032 0.866906 0.549206 0.870504 0.558730 0.870504 0.565079 0.863309 0.568254 0.863309 0.571429 0.859712 0.571429 0.856115 0.577778 0.845324 0.577778 0.838129
0 0.755556 0.830935 0.749206 0.827338 0.746032 0.830935 0.739683 0.830935 0.723810 0.848921 0.717460 0.863309 0.714286 0.881295 0.707937 0.892086 0.707937 0.902878 0.714286 0.902878 0.726984 0.895683 0.755556 0.866906 0.758730 0.859712 0.758730 0.841727 0.755556 0.838129
0 0.158730 0.848921 0.165079 0.856115 0.168254 0.856115 0.171429 0.859712 0.174603 0.856115 0.187302 0.856115 0.196825 0.845324 0.196825 0.838129 0.184127 0.838129 0.180952 0.841727 0.177778 0.838129 0.174603 0.838129 0.171429 0.841727 0.161905 0.841727 0.161905 0.845324
0 0.584127 0.877698 0.584127 0.881295 0.587302 0.884892 0.600000 0.884892 0.603175 0.881295 0.603175 0.877698 0.600000 0.874101 0.587302 0.874101
