0 0.126984 0.340502 0.120635 0.347670 0.120635 0.354839 0.123810 0.358423 0.123810 0.362007 0.130159 0.369176 0.130159 0.372760 0.133333 0.376344 0.136508 0.372760 0.136508 0.354839 0.133333 0.351254 0.133333 0.344086 0.130159 0.344086
0 0.577778 0.390681 0.577778 0.401434 0.587302 0.412186 0.609524 0.412186 0.612698 0.408602 0.615873 0.408602 0.622222 0.401434 0.622222 0.387097 0.615873 0.379928 0.590476 0.379928 0.587302 0.383513 0.584127 0.383513
0 0.234921 0.440860 0.215873 0.437276 0.212698 0.440860 0.215873 0.448029 0.209524 0.455197 0.200000 0.440860 0.184127 0.440860 0.168254 0.469534 0.168254 0.494624 0.174603 0.505376 0.187302 0.505376 0.203175 0.483871 0.219048 0.483871 0.231746 0.476703 0.234921 0.469534
0 0.844444 0.541219 0.844444 0.555556 0.860317 0.566308 0.882540 0.566308 0.885714 0.562724 0.885714 0.541219 0.873016 0.526882 0.866667 0.526882 0.863492 0.523297 0.860317 0.526882 0.857143 0.526882
0 0.526984 0.530466 0.517460 0.544803 0.517460 0.566308 0.526984 0.584229 0.546032 0.591398 0.561905 0.577061 0.558730 0.548387 0.549206 0.534050 0.542857 0.530466
0 0.984127 0.541219 0.974603 0.551971 0.974603 0.555556 0.971429 0.559140 0.971429 0.573477 0.974603 0.577061 0.974603 0.580645 0.977778 0.580645 0.980952 0.584229 0.990476 0.584229 0.993651 0.580645 0.993651 0.548387 0.987302 0.541219
0 0.107937 0.559140 0.095238 0.577061 0.098413 0.591398 0.111111 0.598566 0.120635 0.609319 0.133333 0.609319 0.139683 0.605735 0.146032 0.598566 0.146032 0.580645 0.142857 0.573477 0.130159 0.559140
0 0.263492 0.577061 0.228571 0.609319 0.228571 0.620072 0.241270 0.637993 0.276190 0.648746 0.292063 0.637993 0.301587 0.620072 0.301587 0.605735 0.295238 0.591398 0.279365 0.577061
0 0.339683 0.659498 0.333333 0.673835 0.342857 0.695341 0.352381 0.706093 0.374603 0.713262 0.393651 0.695341 0.393651 0.677419 0.380952 0.659498 0.374603 0.655914 0.349206 0.655914 0.346032 0.659498
0 0.193651 0.666667 0.180952 0.663082 0.177778 0.659498 0.165079 0.659498 0.152381 0.666667 0.142857 0.677419 0.139683 0.684588 0.139683 0.695341 0.152381 0.709677 0.158730 0.709677 0.161905 0.713262 0.177778 0.709677 0.184127 0.702509 0.187302 0.702509 0.196825 0.684588 0.196825 0.670251
0 0.482540 0.670251 0.479365 0.677419 0.479365 0.684588 0.482540 0.688172 0.482540 0.695341 0.492063 0.706093 0.504762 0.706093 0.507937 0.702509 0.517460 0.702509 0.523810 0.698925 0.526984 0.691756 0.526984 0.677419 0.514286 0.663082 0.504762 0.663082 0.498413 0.659498
0 0.228571 0.695341 0.228571 0.709677 0.234921 0.724014 0.257143 0.749104 0.263492 0.752688 0.276190 0.752688 0.282540 0.741935 0.282540 0.727599 0.279365 0.724014 0.279365 0.709677 0.276190 0.702509 0.257143 0.684588 0.241270 0.684588
0 0.444444 0.684588 0.441270 0.691756 0.425397 0.691756 0.422222 0.702509 0.415873 0.709677 0.409524 0.724014 0.409524 0.727599 0.415873 0.734767 0.431746 0.738351 0.434921 0.734767 0.444444 0.734767 0.447619 0.731183 0.450794 0.709677 0.444444 0.702509 0.447619 0.695341 0.444444 0.691756 0.447619 0.688172
0 0.790476 0.716846 0.784127 0.727599 0.784127 0.741935 0.787302 0.745520 0.787302 0.752688 0.803175 0.770609 0.812698 0.770609 0.822222 0.759857 0.822222 0.731183 0.815873 0.720430 0.809524 0.720430 0.806349 0.716846
0 0.768254 0.788530 0.768254 0.802867 0.774603 0.817204 0.800000 0.845878 0.838095 0.849462 0.847619 0.842294 0.847619 0.824373 0.831746 0.806452 0.822222 0.788530 0.800000 0.777778 0.774603 0.781362
0 0.174603 0.824373 0.174603 0.827957 0.171429 0.831541 0.171429 0.842294 0.174603 0.845878 0.174603 0.849462 0.177778 0.849462 0.187302 0.856631 0.196825 0.856631 0.200000 0.853047 0.200000 0.842294 0.196825 0.838710 0.196825 0.835125 0.184127 0.820789 0.180952 0.820789 0.177778 0.824373
0 0.517460 0.863799 0.517460 0.874552 0.523810 0.881720 0.526984 0.881720 0.546032 0.903226 0.552381 0.906810 0.565079 0.906810 0.565079 0.896057 0.561905 0.888889 0.549206 0.874552 0.546032 0.874552 0.539683 0.867384 0.539683 0.863799 0.530159 0.863799 0.526984 0.860215 0.520635 0.860215
0 0.095238 0.870968 0.092063 0.874552 0.095238 0.878136 0.095238 0.885305 0.098413 0.888889 0.098413 0.906810 0.107937 0.917563 0.111111 0.917563 0.114286 0.921147 0.120635 0.921147 0.126984 0.913978 0.126984 0.903226 0.123810 0.899642 0.123810 0.892473 0.120635 0.888889 0.120635 0.885305 0.107937 0.870968
0 0.393651 0.870968 0.390476 0.874552 0.390476 0.892473 0.393651 0.896057 0.393651 0.903226 0.396825 0.906810 0.396825 0.910394 0.400000 0.910394 0.403175 0.913978 0.415873 0.913978 0.422222 0.906810 0.422222 0.896057 0.419048 0.892473 0.419048 0.888889 0.409524 0.878136 0.406349 0.878136 0.403175 0.874552
0 0.352381 0.899642 0.352381 0.906810 0.349206 0.913978 0.352381 0.917563 0.352381 0.928315 0.358730 0.935484 0.365079 0.939068 0.380952 0.939068 0.393651 0.928315 0.390476 0.910394 0.380952 0.896057 0.380952 0.892473 0.365079 0.892473
0 0.492063 0.899642 0.485714 0.910394 0.485714 0.921147 0.492063 0.935484 0.514286 0.956989 0.520635 0.956989 0.523810 0.960573 0.542857 0.960573 0.549206 0.946237 0.546032 0.931900 0.517460 0.903226 0.501587 0.896057
0 0.974603 0.953405 0.968254 0.946237 0.958730 0.946237 0.955556 0.949821 0.946032 0.946237 0.939683 0.949821 0.933333 0.956989 0.926984 0.971326 0.930159 0.989247 0.933333 0.992832 0.958730 0.992832 0.965079 0.989247 0.968254 0.982079 0.980952 0.971326 0.980952 0.967742 0.974603 0.960573
