0 0.289809 0.003597 0.289809 0.007194 0.292994 0.010791 0.296178 0.021583 0.308917 0.021583 0.312102 0.017986 0.315287 0.017986 0.318471 0.014388 0.321656 0.014388 0.324841 0.010791 0.334395 0.007194 0.334395 0.003597 0.331210 0.000000 0.318471 0.000000 0.315287 0.003597 0.312102 0.003597 0.308917 0.000000 0.292994 0.000000
0 0.786624 0.003597 0.783439 0.000000 0.780255 0.000000 0.777070 0.003597 0.751592 0.003597 0.748408 0.007194 0.754777 0.014388 0.761146 0.014388 0.764331 0.017986 0.773885 0.017986 0.777070 0.014388 0.780255 0.014388 0.786624 0.007194
0 0.423567 0.003597 0.423567 0.014388 0.433121 0.025180 0.436306 0.025180 0.442675 0.032374 0.442675 0.035971 0.452229 0.035971 0.455414 0.039568 0.464968 0.028777 0.464968 0.017986 0.452229 0.003597
0 0.356688 0.025180 0.347134 0.035971 0.347134 0.061151 0.353503 0.071942 0.366242 0.071942 0.369427 0.068345 0.372611 0.068345 0.372611 0.064748 0.375796 0.061151 0.375796 0.050360 0.378981 0.046763 0.378981 0.039568 0.372611 0.028777 0.369427 0.028777 0.366242 0.025180
0 0.302548 0.039568 0.299363 0.043165 0.299363 0.057554 0.305732 0.064748 0.318471 0.064748 0.324841 0.057554 0.324841 0.050360 0.328025 0.046763 0.328025 0.043165 0.324841 0.039568 0.324841 0.035971 0.308917 0.035971 0.305732 0.039568
0 0.436306 0.039568 0.426752 0.050360 0.426752 0.061151 0.429936 0.064748 0.429936 0.071942 0.439490 0.086331 0.455414 0.086331 0.461783 0.079137 0.461783 0.071942 0.464968 0.068345 0.464968 0.057554 0.461783 0.053957 0.458599 0.043165 0.455414 0.043165 0.452229 0.039568
0 0.687898 0.039568 0.678344 0.053957 0.678344 0.068345 0.687898 0.082734 0.691083 0.082734 0.694268 0.086331 0.707006 0.086331 0.716561 0.075540 0.716561 0.057554 0.713376 0.053957 0.713376 0.050360 0.703822 0.039568
0 0.146497 0.053957 0.136943 0.061151 0.136943 0.071942 0.140127 0.075540 0.140127 0.079137 0.146497 0.086331 0.152866 0.086331 0.156051 0.082734 0.159236 0.082734 0.159236 0.079137 0.162420 0.075540 0.162420 0.068345 0.156051 0.057554 0.152866 0.057554 0.149682 0.053957
0 0.500000 0.079137 0.487261 0.079137 0.484076 0.082734 0.484076 0.097122 0.490446 0.104317 0.493631 0.104317 0.496815 0.100719 0.496815 0.097122 0.503185 0.089928 0.503185 0.082734
0 0.130573 0.158273 0.130573 0.169065 0.133758 0.176259 0.146497 0.187050 0.156051 0.187050 0.159236 0.190647 0.175159 0.190647 0.191083 0.176259 0.191083 0.165468 0.187898 0.158273 0.165605 0.143885 0.146497 0.143885 0.143312 0.147482 0.136943 0.147482
0 0.324841 0.151079 0.324841 0.179856 0.331210 0.187050 0.331210 0.190647 0.334395 0.190647 0.337580 0.194245 0.353503 0.194245 0.356688 0.183453 0.353503 0.179856 0.353503 0.169065 0.350318 0.165468 0.347134 0.154676 0.340764 0.147482 0.337580 0.147482 0.334395 0.151079
0 0.907643 0.183453 0.894904 0.183453 0.885350 0.190647 0.885350 0.194245 0.882166 0.197842 0.882166 0.205036 0.878981 0.208633 0.882166 0.226619 0.901274 0.226619 0.914013 0.215827 0.914013 0.212230 0.917197 0.208633 0.917197 0.201439 0.914013 0.197842 0.914013 0.190647
0 0.283439 0.187050 0.283439 0.190647 0.280255 0.194245 0.280255 0.197842 0.283439 0.201439 0.283439 0.208633 0.296178 0.223022 0.308917 0.223022 0.315287 0.215827 0.315287 0.208633 0.299363 0.190647 0.296178 0.190647 0.292994 0.187050
0 0.066879 0.205036 0.063694 0.205036 0.060510 0.201439 0.054140 0.201439 0.050955 0.205036 0.047771 0.205036 0.035032 0.219424 0.035032 0.237410 0.044586 0.244604 0.057325 0.244604 0.060510 0.241007 0.063694 0.241007 0.073248 0.223022
0 0.410828 0.205036 0.407643 0.208633 0.404459 0.208633 0.398089 0.215827 0.394904 0.226619 0.398089 0.230216 0.398089 0.237410 0.401274 0.241007 0.404459 0.241007 0.407643 0.244604 0.417197 0.244604 0.420382 0.241007 0.423567 0.241007 0.429936 0.233813 0.429936 0.219424 0.420382 0.208633
0 0.213376 0.212230 0.213376 0.215827 0.210191 0.219424 0.210191 0.233813 0.213376 0.237410 0.216561 0.248201 0.226115 0.255396 0.235669 0.255396 0.238854 0.251799 0.245223 0.251799 0.254777 0.233813 0.251592 0.230216 0.251592 0.226619 0.248408 0.226619 0.235669 0.215827 0.229299 0.215827 0.226115 0.212230
0 0.012739 0.258993 0.003185 0.258993 0.000000 0.262590 0.000000 0.302158 0.006369 0.302158 0.009554 0.298561 0.012739 0.298561 0.028662 0.284173 0.028662 0.273381 0.019108 0.262590 0.015924 0.262590
0 0.353503 0.258993 0.340764 0.266187 0.340764 0.269784 0.334395 0.276978 0.334395 0.291367 0.331210 0.294964 0.331210 0.316547 0.337580 0.323741 0.347134 0.323741 0.350318 0.320144 0.356688 0.305755 0.356688 0.294964 0.359873 0.291367 0.359873 0.284173 0.363057 0.280576 0.363057 0.269784 0.359873 0.262590
0 0.175159 0.269784 0.165605 0.287770 0.165605 0.294964 0.171975 0.305755 0.178344 0.305755 0.181529 0.309353 0.207006 0.309353 0.213376 0.302158 0.213376 0.287770 0.197452 0.269784 0.191083 0.269784 0.187898 0.266187 0.181529 0.266187
0 0.238854 0.266187 0.235669 0.269784 0.235669 0.287770 0.238854 0.287770 0.242038 0.291367 0.248408 0.291367 0.254777 0.284173 0.254777 0.273381 0.248408 0.266187
0 0.111465 0.269784 0.105096 0.280576 0.111465 0.298561 0.117834 0.305755 0.117834 0.309353 0.121019 0.309353 0.124204 0.312950 0.133758 0.312950 0.140127 0.302158 0.140127 0.284173 0.124204 0.269784
0 0.401274 0.280576 0.385350 0.294964 0.385350 0.309353 0.388535 0.312950 0.388535 0.320144 0.401274 0.334532 0.407643 0.338129 0.414013 0.338129 0.420382 0.334532 0.426752 0.323741 0.426752 0.294964 0.417197 0.284173 0.410828 0.280576
0 0.280255 0.316547 0.270701 0.320144 0.261146 0.330935 0.261146 0.356115 0.264331 0.359712 0.264331 0.366906 0.270701 0.381295 0.283439 0.381295 0.283439 0.377698 0.289809 0.370504 0.289809 0.345324 0.286624 0.341727 0.286624 0.330935
0 0.184713 0.338129 0.181529 0.341727 0.181529 0.348921 0.184713 0.352518 0.184713 0.356115 0.191083 0.363309 0.191083 0.366906 0.197452 0.366906 0.197452 0.352518 0.194268 0.348921 0.194268 0.341727 0.191083 0.338129
0 0.168790 0.352518 0.162420 0.352518 0.159236 0.356115 0.156051 0.356115 0.152866 0.359712 0.152866 0.363309 0.149682 0.366906 0.149682 0.374101 0.146497 0.377698 0.146497 0.388489 0.149682 0.392086 0.152866 0.402878 0.156051 0.402878 0.165605 0.410072 0.175159 0.399281 0.175159 0.388489 0.178344 0.384892 0.178344 0.370504 0.175159 0.366906 0.175159 0.359712
0 0.025478 0.356115 0.012739 0.356115 0.006369 0.363309 0.006369 0.370504 0.003185 0.374101 0.003185 0.402878 0.012739 0.410072 0.022293 0.406475 0.031847 0.392086 0.031847 0.366906 0.025478 0.359712
0 0.748408 0.363309 0.742038 0.370504 0.742038 0.377698 0.745223 0.381295 0.757962 0.381295 0.761146 0.377698 0.761146 0.370504 0.754777 0.363309
0 0.726115 0.374101 0.719745 0.366906 0.707006 0.366906 0.703822 0.370504 0.700637 0.370504 0.694268 0.377698 0.684713 0.381295 0.684713 0.384892 0.681529 0.388489 0.681529 0.402878 0.687898 0.410072 0.703822 0.410072 0.707006 0.406475 0.710191 0.406475 0.719745 0.395683 0.719745 0.392086 0.726115 0.381295
0 0.044586 0.435252 0.035032 0.446043 0.031847 0.453237 0.031847 0.471223 0.041401 0.485612 0.057325 0.485612 0.076433 0.471223 0.076433 0.456835 0.073248 0.449640 0.060510 0.438849
0 0.267516 0.449640 0.257962 0.449640 0.254777 0.453237 0.254777 0.467626 0.257962 0.471223 0.261146 0.467626 0.264331 0.467626 0.267516 0.464029
0 0.888535 0.485612 0.882166 0.496403 0.882166 0.510791 0.891720 0.528777 0.894904 0.528777 0.898089 0.532374 0.904459 0.532374 0.910828 0.521583 0.910828 0.500000 0.907643 0.496403 0.907643 0.492806 0.901274 0.485612
0 0.073248 0.507194 0.060510 0.517986 0.057325 0.517986 0.050955 0.525180 0.050955 0.539568 0.057325 0.546763 0.070064 0.553957 0.082803 0.553957 0.092357 0.546763 0.098726 0.532374 0.098726 0.525180 0.089172 0.510791 0.082803 0.507194
0 0.401274 0.521583 0.391720 0.535971 0.391720 0.546763 0.388535 0.550360 0.391720 0.553957 0.391720 0.564748 0.401274 0.575540 0.404459 0.575540 0.407643 0.579137 0.410828 0.575540 0.420382 0.575540 0.420382 0.568345 0.423567 0.564748 0.423567 0.550360 0.420382 0.546763 0.417197 0.535971 0.404459 0.521583
0 0.127389 0.525180 0.121019 0.532374 0.121019 0.550360 0.127389 0.557554 0.143312 0.557554 0.143312 0.532374 0.136943 0.525180
0 0.312102 0.535971 0.305732 0.543165 0.305732 0.546763 0.302548 0.550360 0.302548 0.561151 0.312102 0.571942 0.315287 0.571942 0.318471 0.575540 0.328025 0.575540 0.334395 0.568345 0.334395 0.564748 0.337580 0.561151 0.337580 0.550360 0.334395 0.546763 0.334395 0.543165 0.328025 0.535971
0 0.458599 0.543165 0.452229 0.553957 0.452229 0.568345 0.455414 0.571942 0.455414 0.575540 0.458599 0.579137 0.474522 0.579137 0.477707 0.575540 0.480892 0.575540 0.480892 0.571942 0.484076 0.568345 0.484076 0.553957 0.474522 0.543165
0 0.535032 0.550360 0.531847 0.553957 0.528662 0.553957 0.522293 0.561151 0.522293 0.575540 0.528662 0.582734 0.531847 0.582734 0.535032 0.586331 0.541401 0.586331 0.544586 0.582734 0.547771 0.582734 0.554140 0.575540 0.554140 0.564748 0.550955 0.561151 0.550955 0.557554 0.547771 0.557554 0.544586 0.553957
0 0.713376 0.550360 0.707006 0.561151 0.707006 0.586331 0.713376 0.600719 0.719745 0.607914 0.735669 0.607914 0.742038 0.604317 0.751592 0.589928 0.751592 0.579137 0.748408 0.575540 0.745223 0.561151 0.732484 0.550360
0 0.050955 0.571942 0.044586 0.579137 0.044586 0.597122 0.047771 0.600719 0.047771 0.604317 0.060510 0.615108 0.066879 0.615108 0.070064 0.611511 0.073248 0.611511 0.079618 0.604317 0.079618 0.597122 0.082803 0.593525 0.082803 0.582734 0.079618 0.579137 0.079618 0.575540 0.076433 0.571942
0 0.853503 0.571942 0.847134 0.582734 0.847134 0.586331 0.850318 0.589928 0.850318 0.593525 0.859873 0.604317 0.872611 0.604317 0.878981 0.593525 0.878981 0.586331 0.875796 0.582734 0.875796 0.579137 0.866242 0.571942
0 0.254777 0.579137 0.251592 0.582734 0.248408 0.582734 0.242038 0.589928 0.242038 0.607914 0.254777 0.622302 0.261146 0.622302 0.267516 0.615108 0.267516 0.589928 0.261146 0.582734 0.257962 0.582734
0 0.124204 0.604317 0.124204 0.611511 0.133758 0.625899 0.140127 0.625899 0.149682 0.633094 0.168790 0.633094 0.175159 0.622302 0.171975 0.611511 0.165605 0.607914 0.159236 0.607914 0.156051 0.604317 0.149682 0.604317 0.143312 0.597122 0.133758 0.597122 0.130573 0.593525
0 0.426752 0.607914 0.420382 0.615108 0.420382 0.622302 0.417197 0.625899 0.417197 0.633094 0.423567 0.643885 0.436306 0.643885 0.445860 0.636691 0.445860 0.633094 0.449045 0.629496 0.449045 0.618705 0.442675 0.607914
0 0.490446 0.615108 0.480892 0.625899 0.480892 0.633094 0.477707 0.636691 0.480892 0.651079 0.506369 0.676259 0.512739 0.676259 0.515924 0.679856 0.528662 0.679856 0.538217 0.672662 0.538217 0.661871 0.515924 0.633094 0.512739 0.622302 0.500000 0.611511 0.496815 0.615108
0 0.305732 0.618705 0.305732 0.625899 0.308917 0.629496 0.308917 0.633094 0.324841 0.647482 0.343949 0.647482 0.350318 0.640288 0.350318 0.618705 0.347134 0.615108 0.312102 0.615108 0.308917 0.618705
0 0.789809 0.651079 0.780255 0.651079 0.777070 0.654676 0.773885 0.654676 0.773885 0.658273 0.770701 0.661871 0.770701 0.672662 0.773885 0.676259 0.773885 0.679856 0.783439 0.687050 0.786624 0.683453 0.789809 0.683453 0.796178 0.676259 0.799363 0.676259 0.799363 0.672662 0.802548 0.669065 0.802548 0.661871 0.796178 0.654676 0.792994 0.654676
0 0.242038 0.676259 0.242038 0.683453 0.245223 0.687050 0.245223 0.690647 0.251592 0.697842 0.261146 0.697842 0.264331 0.694245 0.270701 0.694245 0.277070 0.683453 0.270701 0.672662 0.264331 0.672662 0.261146 0.669065 0.248408 0.669065
0 0.044586 0.701439 0.041401 0.701439 0.038217 0.697842 0.025478 0.697842 0.022293 0.701439 0.019108 0.701439 0.012739 0.708633 0.012739 0.723022 0.022293 0.730216 0.031847 0.723022 0.038217 0.723022 0.041401 0.719424 0.044586 0.719424 0.047771 0.715827 0.047771 0.708633 0.044586 0.705036
0 0.136943 0.697842 0.133758 0.701439 0.133758 0.715827 0.136943 0.719424 0.136943 0.723022 0.140127 0.723022 0.149682 0.733813 0.162420 0.733813 0.162420 0.730216 0.165605 0.726619 0.165605 0.715827 0.162420 0.712230 0.162420 0.708633 0.152866 0.697842
0 0.073248 0.723022 0.063694 0.730216 0.063694 0.737410 0.060510 0.741007 0.063694 0.744604 0.063694 0.751799 0.070064 0.758993 0.076433 0.758993 0.079618 0.762590 0.082803 0.762590 0.085987 0.758993 0.089172 0.758993 0.089172 0.751799 0.092357 0.748201 0.089172 0.744604 0.089172 0.730216 0.082803 0.723022
0 0.031847 0.751799 0.025478 0.751799 0.015924 0.758993 0.015924 0.776978 0.009554 0.784173 0.006369 0.784173 0.006369 0.787770 0.009554 0.787770 0.015924 0.794964 0.022293 0.794964 0.025478 0.791367 0.025478 0.787770 0.031847 0.780576 0.031847 0.776978 0.038217 0.766187 0.038217 0.762590
0 0.292994 0.762590 0.289809 0.766187 0.289809 0.780576 0.292994 0.784173 0.292994 0.787770 0.296178 0.791367 0.302548 0.791367 0.318471 0.802158 0.324841 0.802158 0.331210 0.791367 0.324841 0.773381 0.318471 0.766187 0.315287 0.766187 0.312102 0.762590 0.305732 0.762590 0.302548 0.758993
0 0.410828 0.762590 0.404459 0.769784 0.404459 0.773381 0.401274 0.776978 0.401274 0.805755 0.404459 0.809353 0.404459 0.812950 0.410828 0.812950 0.414013 0.816547 0.417197 0.812950 0.420382 0.812950 0.426752 0.802158 0.426752 0.776978 0.420382 0.766187
0 0.060510 0.784173 0.047771 0.784173 0.035032 0.802158 0.035032 0.812950 0.031847 0.820144 0.044586 0.838129 0.057325 0.834532 0.066879 0.823741 0.070064 0.823741 0.082803 0.805755 0.079618 0.798561 0.066879 0.798561
0 0.178344 0.802158 0.171975 0.809353 0.171975 0.816547 0.175159 0.820144 0.175159 0.823741 0.181529 0.830935 0.181529 0.834532 0.194268 0.834532 0.200637 0.827338 0.200637 0.823741 0.203822 0.820144 0.200637 0.816547 0.200637 0.812950 0.197452 0.809353 0.197452 0.805755 0.194268 0.805755 0.191083 0.802158
0 0.356688 0.809353 0.353503 0.812950 0.353503 0.834532 0.356688 0.838129 0.356688 0.841727 0.363057 0.848921 0.369427 0.848921 0.375796 0.841727 0.375796 0.823741 0.369427 0.812950 0.366242 0.812950 0.363057 0.809353
0 0.101911 0.820144 0.101911 0.823741 0.095541 0.830935 0.095541 0.848921 0.098726 0.852518 0.101911 0.852518 0.105096 0.856115 0.108280 0.856115 0.117834 0.848921 0.117834 0.830935 0.108280 0.820144
0 0.292994 0.834532 0.299363 0.841727 0.305732 0.841727 0.308917 0.845324 0.312102 0.841727 0.318471 0.841727 0.318471 0.834532 0.315287 0.830935 0.315287 0.827338 0.312102 0.827338 0.308917 0.823741 0.299363 0.823741 0.296178 0.827338 0.296178 0.830935
0 0.554140 0.852518 0.544586 0.863309 0.544586 0.881295 0.547771 0.884892 0.554140 0.884892 0.557325 0.888489 0.570064 0.888489 0.579618 0.877698 0.579618 0.870504 0.576433 0.866906 0.576433 0.863309 0.566879 0.852518
0 0.853503 0.866906 0.853503 0.884892 0.863057 0.895683 0.875796 0.902878 0.882166 0.902878 0.885350 0.906475 0.907643 0.906475 0.920382 0.895683 0.920382 0.884892 0.910828 0.866906 0.888535 0.852518 0.869427 0.852518 0.866242 0.856115 0.859873 0.856115
0 0.299363 0.863309 0.292994 0.870504 0.292994 0.874101 0.289809 0.877698 0.289809 0.884892 0.292994 0.888489 0.292994 0.892086 0.296178 0.895683 0.302548 0.895683 0.305732 0.899281 0.312102 0.899281 0.315287 0.895683 0.318471 0.895683 0.324841 0.884892 0.324841 0.874101 0.321656 0.870504 0.321656 0.866906 0.318471 0.866906 0.315287 0.863309
