0 0.808917 0.003597 0.808917 0.014388 0.815287 0.025180 0.831210 0.025180 0.843949 0.010791 0.843949 0.000000 0.815287 0.000000 0.812102 0.003597
0 0.872611 0.003597 0.872611 0.010791 0.875796 0.014388 0.875796 0.017986 0.878981 0.017986 0.885350 0.025180 0.894904 0.025180 0.898089 0.028777 0.907643 0.028777 0.910828 0.025180 0.914013 0.025180 0.920382 0.017986 0.920382 0.010791 0.910828 0.000000 0.875796 0.000000
0 0.484076 0.032374 0.484076 0.035971 0.490446 0.043165 0.503185 0.046763 0.512739 0.057554 0.550955 0.057554 0.554140 0.050360 0.550955 0.035971 0.544586 0.028777 0.531847 0.021583 0.496815 0.021583
0 0.449045 0.025180 0.442675 0.032374 0.442675 0.035971 0.439490 0.039568 0.439490 0.043165 0.442675 0.046763 0.442675 0.050360 0.464968 0.050360 0.464968 0.046763 0.468153 0.043165 0.468153 0.039568 0.464968 0.035971 0.464968 0.032374 0.458599 0.025180
0 0.235669 0.064748 0.235669 0.075540 0.248408 0.093525 0.283439 0.111511 0.296178 0.107914 0.308917 0.093525 0.312102 0.082734 0.308917 0.075540 0.312102 0.061151 0.302548 0.050360 0.283439 0.039568 0.261146 0.039568
0 0.742038 0.050360 0.738854 0.053957 0.738854 0.068345 0.748408 0.079137 0.754777 0.079137 0.764331 0.068345 0.764331 0.053957 0.761146 0.050360
0 0.598726 0.053957 0.592357 0.061151 0.589172 0.061151 0.589172 0.068345 0.585987 0.071942 0.585987 0.086331 0.595541 0.097122 0.608280 0.097122 0.611465 0.093525 0.611465 0.086331 0.608280 0.082734 0.608280 0.064748 0.605096 0.061151 0.605096 0.057554 0.601911 0.053957
0 0.385350 0.064748 0.378981 0.071942 0.378981 0.089928 0.382166 0.093525 0.382166 0.097122 0.385350 0.097122 0.388535 0.100719 0.394904 0.100719 0.398089 0.097122 0.401274 0.097122 0.401274 0.093525 0.404459 0.089928 0.404459 0.079137 0.398089 0.068345 0.394904 0.068345 0.391720 0.064748
0 0.901274 0.064748 0.878981 0.064748 0.872611 0.068345 0.869427 0.075540 0.869427 0.104317 0.872611 0.111511 0.878981 0.115108 0.888535 0.115108 0.901274 0.104317 0.904459 0.104317 0.914013 0.093525 0.914013 0.075540
0 0.003185 0.075540 0.000000 0.082734 0.000000 0.125899 0.006369 0.136691 0.012739 0.140288 0.022293 0.140288 0.028662 0.133094 0.028662 0.118705 0.022293 0.107914 0.022293 0.097122 0.019108 0.093525 0.019108 0.086331 0.015924 0.079137 0.009554 0.075540
0 0.570064 0.082734 0.560510 0.082734 0.531847 0.111511 0.531847 0.115108 0.528662 0.118705 0.528662 0.125899 0.535032 0.133094 0.550955 0.133094 0.563694 0.118705 0.563694 0.115108 0.566879 0.111511 0.566879 0.104317 0.570064 0.100719
0 0.168790 0.100719 0.187898 0.158273 0.216561 0.183453 0.245223 0.187050 0.273885 0.165468 0.273885 0.154676 0.222930 0.100719 0.194268 0.086331
0 0.050955 0.100719 0.047771 0.104317 0.044586 0.104317 0.044586 0.122302 0.047771 0.125899 0.057325 0.125899 0.063694 0.118705 0.063694 0.107914 0.057325 0.100719
0 0.442675 0.107914 0.442675 0.118705 0.468153 0.136691 0.490446 0.140288 0.493631 0.136691 0.500000 0.136691 0.506369 0.129496 0.503185 0.122302 0.496815 0.122302 0.484076 0.107914 0.471338 0.100719 0.449045 0.100719
0 0.570064 0.172662 0.579618 0.179856 0.592357 0.179856 0.595541 0.176259 0.605096 0.176259 0.617834 0.169065 0.624204 0.161871 0.624204 0.151079 0.621019 0.147482 0.585987 0.147482 0.573248 0.158273 0.570064 0.165468
0 0.436306 0.165468 0.417197 0.187050 0.414013 0.194245 0.417197 0.205036 0.433121 0.226619 0.452229 0.237410 0.468153 0.241007 0.474522 0.230216 0.474522 0.179856 0.461783 0.165468 0.452229 0.161871
0 0.684713 0.176259 0.675159 0.169065 0.659236 0.165468 0.627389 0.183453 0.627389 0.197842 0.633758 0.205036 0.659236 0.205036 0.662420 0.201439 0.668790 0.201439 0.678344 0.190647 0.681529 0.190647 0.684713 0.187050
0 0.114650 0.169065 0.108280 0.172662 0.105096 0.208633 0.089172 0.230216 0.089172 0.237410 0.111465 0.237410 0.114650 0.233813 0.124204 0.233813 0.133758 0.219424 0.133758 0.194245
0 0.328025 0.187050 0.328025 0.201439 0.337580 0.212230 0.372611 0.223022 0.378981 0.230216 0.391720 0.230216 0.391720 0.219424 0.375796 0.208633 0.366242 0.197842 0.353503 0.194245 0.337580 0.183453
0 0.035032 0.194245 0.025478 0.194245 0.009554 0.219424 0.009554 0.241007 0.012739 0.244604 0.012739 0.251799 0.019108 0.258993 0.025478 0.258993 0.031847 0.251799 0.044586 0.223022 0.044586 0.208633
0 0.783439 0.215827 0.786624 0.219424 0.792994 0.219424 0.796178 0.215827 0.805732 0.215827 0.808917 0.212230 0.808917 0.208633 0.805732 0.205036 0.789809 0.205036 0.783439 0.212230
0 0.264331 0.226619 0.251592 0.219424 0.232484 0.219424 0.216561 0.233813 0.213376 0.241007 0.213376 0.276978 0.222930 0.291367 0.235669 0.291367 0.261146 0.273381 0.267516 0.251799 0.273885 0.244604 0.273885 0.237410
0 0.566879 0.237410 0.550955 0.226619 0.525478 0.226619 0.496815 0.244604 0.461783 0.255396 0.461783 0.266187 0.471338 0.269784 0.493631 0.291367 0.509554 0.291367 0.547771 0.269784 0.566879 0.248201
0 0.656051 0.248201 0.656051 0.269784 0.662420 0.280576 0.678344 0.287770 0.726115 0.284173 0.742038 0.276978 0.748408 0.266187 0.745223 0.244604 0.707006 0.230216 0.687898 0.230216 0.678344 0.237410 0.665605 0.237410
0 0.073248 0.269784 0.085987 0.284173 0.089172 0.280576 0.092357 0.280576 0.098726 0.273381 0.101911 0.273381 0.105096 0.269784 0.111465 0.269784 0.121019 0.262590 0.117834 0.258993 0.108280 0.258993 0.105096 0.255396 0.089172 0.255396
0 0.283439 0.269784 0.286624 0.294964 0.292994 0.309353 0.299363 0.312950 0.315287 0.312950 0.321656 0.305755 0.324841 0.294964 0.340764 0.276978 0.347134 0.276978 0.347134 0.269784 0.331210 0.258993 0.312102 0.258993 0.308917 0.255396 0.292994 0.255396
0 0.585987 0.276978 0.585987 0.284173 0.598726 0.298561 0.608280 0.298561 0.611465 0.294964 0.611465 0.291367 0.598726 0.276978
0 0.818471 0.287770 0.815287 0.291367 0.812102 0.291367 0.812102 0.294964 0.808917 0.298561 0.808917 0.309353 0.815287 0.316547 0.824841 0.316547 0.828025 0.312950 0.828025 0.294964 0.824841 0.291367 0.824841 0.287770
0 0.525478 0.309353 0.528662 0.327338 0.550955 0.348921 0.563694 0.356115 0.576433 0.356115 0.579618 0.359712 0.585987 0.359712 0.595541 0.352518 0.595541 0.338129 0.576433 0.316547 0.550955 0.305755 0.528662 0.305755
0 0.257962 0.312950 0.257962 0.320144 0.264331 0.327338 0.277070 0.327338 0.277070 0.316547 0.270701 0.309353 0.261146 0.309353
0 0.464968 0.323741 0.468153 0.338129 0.477707 0.348921 0.490446 0.356115 0.531847 0.359712 0.538217 0.348921 0.538217 0.341727 0.522293 0.323741 0.503185 0.320144 0.487261 0.309353 0.474522 0.309353
0 0.710191 0.345324 0.710191 0.359712 0.719745 0.377698 0.719745 0.384892 0.726115 0.392086 0.754777 0.395683 0.757962 0.392086 0.780255 0.392086 0.789809 0.384892 0.789809 0.363309 0.783439 0.348921 0.757962 0.330935 0.732484 0.330935 0.716561 0.338129
0 0.375796 0.348921 0.369427 0.356115 0.369427 0.363309 0.372611 0.366906 0.375796 0.366906 0.382166 0.374101 0.385350 0.374101 0.388535 0.377698 0.391720 0.377698 0.394904 0.374101 0.394904 0.356115 0.388535 0.348921
0 0.570064 0.374101 0.570064 0.384892 0.579618 0.395683 0.630573 0.395683 0.636943 0.388489 0.633758 0.370504 0.627389 0.359712 0.605096 0.359712 0.601911 0.356115 0.595541 0.356115 0.585987 0.363309 0.579618 0.363309
0 0.423567 0.395683 0.426752 0.413669 0.436306 0.424460 0.484076 0.431655 0.500000 0.449640 0.509554 0.449640 0.515924 0.442446 0.515924 0.410072 0.509554 0.392086 0.496815 0.377698 0.471338 0.374101 0.449045 0.399281 0.436306 0.399281 0.429936 0.392086
0 0.050955 0.377698 0.050955 0.384892 0.073248 0.410072 0.089172 0.410072 0.092357 0.406475 0.092357 0.395683 0.085987 0.388489 0.082803 0.388489 0.073248 0.377698
0 0.700637 0.384892 0.700637 0.388489 0.697452 0.392086 0.697452 0.402878 0.700637 0.406475 0.700637 0.413669 0.707006 0.420863 0.707006 0.424460 0.710191 0.424460 0.716561 0.431655 0.726115 0.431655 0.732484 0.424460 0.732484 0.417266 0.735669 0.413669 0.732484 0.410072 0.729299 0.399281 0.716561 0.384892
0 0.235669 0.402878 0.232484 0.406475 0.232484 0.413669 0.235669 0.417266 0.235669 0.420863 0.238854 0.424460 0.242038 0.424460 0.245223 0.428058 0.254777 0.428058 0.257962 0.424460 0.257962 0.413669 0.248408 0.402878
0 0.477707 0.438849 0.474522 0.442446 0.471338 0.442446 0.468153 0.446043 0.464968 0.446043 0.464968 0.449640 0.461783 0.453237 0.461783 0.464029 0.468153 0.471223 0.474522 0.471223 0.477707 0.467626 0.480892 0.467626 0.480892 0.464029 0.487261 0.453237 0.487261 0.449640 0.484076 0.446043 0.484076 0.442446 0.480892 0.442446
0 0.257962 0.446043 0.254777 0.453237 0.257962 0.456835 0.257962 0.482014 0.270701 0.500000 0.283439 0.507194 0.328025 0.507194 0.334395 0.496403 0.331210 0.485612 0.296178 0.453237 0.277070 0.442446
0 0.331210 0.460432 0.331210 0.471223 0.340764 0.482014 0.343949 0.496403 0.359873 0.517986 0.398089 0.528777 0.401274 0.517986 0.401274 0.467626 0.394904 0.471223 0.366242 0.471223 0.343949 0.456835
0 0.875796 0.471223 0.866242 0.485612 0.869427 0.489209 0.869427 0.496403 0.875796 0.507194 0.875796 0.514388 0.882166 0.521583 0.888535 0.521583 0.901274 0.510791 0.901274 0.496403 0.898089 0.492806 0.898089 0.485612 0.885350 0.471223
0 0.114650 0.474820 0.108280 0.482014 0.108280 0.496403 0.114650 0.503597 0.124204 0.503597 0.127389 0.500000 0.130573 0.500000 0.136943 0.492806 0.136943 0.482014 0.130573 0.474820
0 0.757962 0.482014 0.757962 0.492806 0.761146 0.496403 0.761146 0.507194 0.764331 0.510791 0.767516 0.510791 0.773885 0.503597 0.773885 0.496403 0.770701 0.496403 0.764331 0.489209 0.764331 0.485612 0.761146 0.485612
0 0.570064 0.514388 0.570064 0.521583 0.576433 0.532374 0.576433 0.546763 0.579618 0.550360 0.579618 0.553957 0.585987 0.561151 0.598726 0.561151 0.605096 0.553957 0.605096 0.543165 0.601911 0.539568 0.601911 0.535971 0.582803 0.517986 0.579618 0.517986 0.576433 0.514388
0 0.738854 0.521583 0.735669 0.525180 0.735669 0.543165 0.754777 0.575540 0.757962 0.586331 0.783439 0.586331 0.792994 0.571942 0.789809 0.553957 0.777070 0.543165 0.764331 0.525180 0.757962 0.521583
0 0.859873 0.528777 0.821656 0.568345 0.818471 0.579137 0.837580 0.615108 0.859873 0.625899 0.894904 0.622302 0.901274 0.615108 0.888535 0.589928 0.888535 0.571942 0.866242 0.532374
0 0.277070 0.539568 0.277070 0.550360 0.286624 0.561151 0.302548 0.561151 0.302548 0.557554 0.305732 0.553957 0.302548 0.550360 0.302548 0.546763 0.292994 0.535971 0.280255 0.535971
0 0.200637 0.557554 0.203822 0.561151 0.216561 0.561151 0.219745 0.557554 0.219745 0.550360 0.203822 0.550360 0.203822 0.553957
0 0.356688 0.568345 0.340764 0.568345 0.321656 0.586331 0.321656 0.607914 0.328025 0.618705 0.334395 0.622302 0.343949 0.622302 0.369427 0.607914 0.372611 0.593525 0.366242 0.579137
0 0.429936 0.579137 0.429936 0.589928 0.455414 0.615108 0.468153 0.622302 0.484076 0.622302 0.487261 0.618705 0.487261 0.607914 0.484076 0.600719 0.461783 0.575540 0.455414 0.571942 0.436306 0.571942
0 0.761146 0.589928 0.761146 0.611511 0.770701 0.629496 0.786624 0.640288 0.796178 0.640288 0.805732 0.647482 0.821656 0.647482 0.828025 0.636691 0.824841 0.633094 0.824841 0.625899 0.805732 0.600719 0.786624 0.589928
0 0.605096 0.597122 0.605096 0.604317 0.611465 0.611511 0.643312 0.611511 0.646497 0.607914 0.640127 0.600719 0.633758 0.600719 0.624204 0.593525 0.608280 0.593525
0 0.681529 0.629496 0.681529 0.633094 0.678344 0.636691 0.678344 0.651079 0.681529 0.654676 0.681529 0.658273 0.691083 0.669065 0.707006 0.669065 0.716561 0.658273 0.719745 0.658273 0.719745 0.654676 0.722930 0.651079 0.722930 0.640288 0.707006 0.636691 0.691083 0.625899 0.684713 0.625899
0 0.506369 0.654676 0.509554 0.665468 0.515924 0.672662 0.519108 0.672662 0.522293 0.676259 0.531847 0.676259 0.535032 0.679856 0.544586 0.676259 0.544586 0.669065 0.531847 0.654676 0.528662 0.654676 0.525478 0.651079 0.509554 0.651079
0 0.719745 0.676259 0.726115 0.683453 0.738854 0.690647 0.748408 0.690647 0.761146 0.697842 0.780255 0.697842 0.783439 0.694245 0.783439 0.679856 0.780255 0.672662 0.777070 0.672662 0.770701 0.665468 0.770701 0.661871 0.754777 0.651079 0.745223 0.651079 0.738854 0.654676
0 0.152866 0.669065 0.149682 0.672662 0.149682 0.679856 0.152866 0.683453 0.152866 0.687050 0.156051 0.690647 0.162420 0.708633 0.165605 0.712230 0.175159 0.715827 0.181529 0.708633 0.181529 0.683453 0.168790 0.669065
0 0.509554 0.697842 0.509554 0.705036 0.515924 0.712230 0.519108 0.712230 0.525478 0.719424 0.531847 0.719424 0.535032 0.723022 0.538217 0.719424 0.541401 0.719424 0.541401 0.712230 0.525478 0.694245 0.512739 0.694245
0 0.582803 0.712230 0.570064 0.705036 0.563694 0.705036 0.557325 0.708633 0.550955 0.719424 0.550955 0.730216 0.541401 0.744604 0.544586 0.751799 0.550955 0.755396 0.566879 0.755396 0.566879 0.751799 0.573248 0.748201 0.585987 0.733813 0.585987 0.719424
0 0.585987 0.708633 0.585987 0.715827 0.589172 0.719424 0.589172 0.730216 0.608280 0.751799 0.621019 0.751799 0.636943 0.733813 0.636943 0.719424 0.630573 0.715827 0.611465 0.715827 0.592357 0.705036
0 0.127389 0.708633 0.117834 0.719424 0.117834 0.730216 0.127389 0.744604 0.127389 0.762590 0.117834 0.780576 0.117834 0.791367 0.127389 0.802158 0.140127 0.805755 0.171975 0.769784 0.171975 0.748201 0.152866 0.715827 0.143312 0.708633
0 0.821656 0.715827 0.818471 0.715827 0.815287 0.712230 0.808917 0.712230 0.805732 0.715827 0.796178 0.715827 0.792994 0.719424 0.780255 0.719424 0.777070 0.723022 0.770701 0.723022 0.770701 0.726619 0.780255 0.733813 0.786624 0.733813 0.789809 0.737410 0.796178 0.737410 0.799363 0.741007 0.802548 0.737410 0.812102 0.737410 0.821656 0.726619
0 0.283439 0.741007 0.289809 0.751799 0.328025 0.773381 0.353503 0.776978 0.356688 0.773381 0.369427 0.773381 0.375796 0.766187 0.372611 0.741007 0.350318 0.723022 0.328025 0.723022 0.315287 0.730216 0.292994 0.733813
0 0.089172 0.744604 0.089172 0.748201 0.085987 0.751799 0.085987 0.758993 0.092357 0.766187 0.105096 0.766187 0.111465 0.758993 0.111465 0.748201 0.105096 0.741007 0.095541 0.741007 0.092357 0.744604
0 0.847134 0.762590 0.847134 0.769784 0.850318 0.769784 0.856688 0.776978 0.859873 0.776978 0.863057 0.780576 0.869427 0.780576 0.872611 0.784173 0.872611 0.780576 0.875796 0.776978 0.866242 0.766187 0.863057 0.766187 0.859873 0.762590 0.856688 0.762590 0.853503 0.758993 0.850318 0.762590
0 0.726115 0.769784 0.722930 0.766187 0.687898 0.769784 0.668790 0.780576 0.643312 0.805755 0.630573 0.809353 0.633758 0.816547 0.649682 0.816547 0.668790 0.809353 0.678344 0.812950 0.681529 0.809353 0.707006 0.805755 0.722930 0.787770
0 0.875796 0.784173 0.882166 0.791367 0.891720 0.791367 0.894904 0.787770 0.898089 0.787770 0.901274 0.784173 0.904459 0.784173 0.907643 0.780576 0.910828 0.780576 0.910828 0.776978 0.904459 0.769784 0.888535 0.769784 0.885350 0.773381 0.882166 0.773381 0.875796 0.780576
0 0.194268 0.809353 0.194268 0.820144 0.210191 0.838129 0.235669 0.848921 0.248408 0.848921 0.257962 0.841727 0.273885 0.838129 0.283439 0.827338 0.283439 0.805755 0.277070 0.794964 0.238854 0.780576 0.226115 0.780576 0.213376 0.787770
0 0.757962 0.802158 0.761146 0.805755 0.783439 0.805755 0.786624 0.802158 0.796178 0.802158 0.799363 0.798561 0.805732 0.798561 0.812102 0.791367 0.812102 0.787770 0.808917 0.784173 0.777070 0.784173 0.773885 0.787770 0.767516 0.787770 0.764331 0.791367 0.761146 0.791367 0.757962 0.794964
0 0.630573 0.798561 0.627389 0.794964 0.621019 0.794964 0.617834 0.798561 0.585987 0.802158 0.570064 0.812950 0.563694 0.827338 0.570064 0.830935 0.573248 0.827338 0.585987 0.827338 0.595541 0.820144 0.605096 0.820144 0.624204 0.809353
0 0.015924 0.816547 0.015924 0.827338 0.022293 0.834532 0.022293 0.838129 0.038217 0.848921 0.076433 0.848921 0.079618 0.845324 0.079618 0.830935 0.066879 0.812950 0.066879 0.809353 0.025478 0.809353
0 0.350318 0.809353 0.340764 0.809353 0.334395 0.816547 0.331210 0.816547 0.328025 0.820144 0.328025 0.823741 0.324841 0.827338 0.324841 0.830935 0.328025 0.834532 0.328025 0.838129 0.331210 0.838129 0.334395 0.841727 0.347134 0.841727 0.356688 0.830935 0.356688 0.816547
0 0.458599 0.838129 0.458599 0.848921 0.461783 0.852518 0.484076 0.852518 0.487261 0.848921 0.487261 0.845324 0.480892 0.838129 0.480892 0.834532 0.474522 0.827338 0.468153 0.827338
0 0.417197 0.830935 0.417197 0.852518 0.420382 0.856115 0.420382 0.859712 0.429936 0.866906 0.439490 0.866906 0.439490 0.863309 0.442675 0.859712 0.442675 0.852518 0.439490 0.848921 0.439490 0.845324 0.433121 0.838129 0.433121 0.834532 0.429936 0.834532 0.426752 0.830935
0 0.283439 0.838129 0.277070 0.838129 0.273885 0.841727 0.257962 0.845324 0.248408 0.852518 0.242038 0.852518 0.242038 0.863309 0.245223 0.870504 0.254777 0.881295 0.261146 0.881295 0.264331 0.884892 0.270701 0.884892 0.277070 0.881295 0.286624 0.870504 0.286624 0.863309 0.289809 0.859712 0.286624 0.856115
0 0.108280 0.874101 0.095541 0.859712 0.082803 0.859712 0.076433 0.856115 0.073248 0.859712 0.044586 0.859712 0.035032 0.866906 0.031847 0.881295 0.047771 0.892086 0.054140 0.892086 0.066879 0.899281 0.085987 0.899281 0.098726 0.888489
0 0.748408 0.870504 0.748408 0.884892 0.761146 0.895683 0.770701 0.895683 0.773885 0.899281 0.799363 0.899281 0.812102 0.888489 0.812102 0.870504 0.796178 0.856115 0.761146 0.856115 0.754777 0.859712
0 0.417197 0.863309 0.414013 0.866906 0.414013 0.877698 0.420382 0.884892 0.429936 0.884892 0.429936 0.881295 0.433121 0.877698 0.433121 0.870504 0.429936 0.870504 0.426752 0.866906 0.423567 0.866906 0.420382 0.863309
0 0.904459 0.874101 0.898089 0.866906 0.894904 0.866906 0.891720 0.870504 0.888535 0.870504 0.882166 0.877698 0.878981 0.877698 0.878981 0.881295 0.875796 0.884892 0.878981 0.888489 0.882166 0.888489 0.885350 0.892086 0.891720 0.892086 0.894904 0.888489 0.898089 0.888489 0.904459 0.881295
