0 0.229299 0.000000 0.222930 0.000000 0.219745 0.003597 0.219745 0.025180 0.222930 0.028777 0.226115 0.025180 0.226115 0.017986 0.229299 0.014388 0.229299 0.010791 0.232484 0.007194 0.232484 0.003597
0 0.665605 0.000000 0.662420 0.003597 0.662420 0.007194 0.665605 0.010791 0.665605 0.017986 0.668790 0.021583 0.668790 0.028777 0.671975 0.032374 0.675159 0.032374 0.675159 0.025180 0.671975 0.021583 0.671975 0.007194
0 0.828025 0.003597 0.834395 0.010791 0.837580 0.010791 0.840764 0.014388 0.850318 0.014388 0.856688 0.007194 0.856688 0.003597 0.837580 0.003597 0.834395 0.000000 0.831210 0.000000
0 0.722930 0.003597 0.722930 0.010791 0.726115 0.014388 0.726115 0.017986 0.729299 0.021583 0.729299 0.025180 0.732484 0.028777 0.735669 0.028777 0.738854 0.025180 0.738854 0.007194 0.735669 0.003597
0 0.388535 0.014388 0.388535 0.017986 0.394904 0.021583 0.426752 0.057554 0.426752 0.061151 0.442675 0.050360 0.442675 0.032374 0.439490 0.025180 0.426752 0.017986 0.420382 0.017986 0.417197 0.014388 0.398089 0.014388 0.394904 0.010791
0 0.500000 0.017986 0.500000 0.028777 0.503185 0.035971 0.525478 0.061151 0.531847 0.064748 0.544586 0.064748 0.560510 0.053957 0.560510 0.043165 0.547771 0.028777 0.544586 0.028777 0.528662 0.014388 0.522293 0.014388 0.519108 0.010791 0.506369 0.010791
0 0.273885 0.039568 0.270701 0.043165 0.270701 0.050360 0.267516 0.053957 0.267516 0.071942 0.270701 0.075540 0.270701 0.082734 0.280255 0.082734 0.286624 0.075540 0.286624 0.053957 0.283439 0.050360 0.280255 0.039568
0 0.343949 0.039568 0.340764 0.043165 0.340764 0.050360 0.347134 0.064748 0.372611 0.097122 0.382166 0.097122 0.385350 0.093525 0.385350 0.086331 0.359873 0.061151 0.353503 0.043165 0.350318 0.039568
0 0.627389 0.043165 0.624204 0.050360 0.630573 0.064748 0.636943 0.107914 0.652866 0.129496 0.659236 0.129496 0.662420 0.122302 0.656051 0.111511 0.649682 0.068345 0.643312 0.053957 0.633758 0.043165
0 0.181529 0.046763 0.175159 0.046763 0.171975 0.050360 0.171975 0.061151 0.168790 0.064748 0.168790 0.093525 0.171975 0.097122 0.175159 0.093525 0.175159 0.089928 0.181529 0.079137 0.181529 0.064748 0.184713 0.061151 0.184713 0.050360
0 0.442675 0.053957 0.429936 0.061151 0.426752 0.068345 0.429936 0.075540 0.442675 0.086331 0.449045 0.104317 0.452229 0.104317 0.455414 0.100719 0.461783 0.100719 0.471338 0.089928 0.474522 0.082734 0.474522 0.075540 0.458599 0.057554 0.452229 0.053957
0 0.563694 0.061151 0.560510 0.064748 0.560510 0.082734 0.563694 0.086331 0.563694 0.100719 0.570064 0.107914 0.573248 0.107914 0.582803 0.097122 0.585987 0.097122 0.585987 0.082734 0.582803 0.079137 0.582803 0.071942 0.576433 0.061151
0 0.222930 0.064748 0.216561 0.071942 0.216561 0.082734 0.229299 0.097122 0.235669 0.097122 0.238854 0.100719 0.245223 0.100719 0.245223 0.089928 0.242038 0.086331 0.242038 0.082734 0.238854 0.079137 0.238854 0.075540 0.235669 0.071942 0.235669 0.068345 0.232484 0.064748
0 0.515924 0.071942 0.512739 0.075540 0.512739 0.086331 0.515924 0.089928 0.515924 0.093525 0.519108 0.093525 0.522293 0.097122 0.525478 0.097122 0.528662 0.100719 0.531847 0.100719 0.535032 0.097122 0.535032 0.089928 0.531847 0.086331 0.531847 0.082734 0.525478 0.075540 0.522293 0.075540 0.519108 0.071942
0 0.477707 0.082734 0.474522 0.086331 0.474522 0.089928 0.461783 0.104317 0.455414 0.104317 0.452229 0.107914 0.449045 0.107914 0.449045 0.111511 0.445860 0.115108 0.445860 0.125899 0.452229 0.133094 0.464968 0.133094 0.480892 0.118705 0.480892 0.115108 0.484076 0.111511 0.484076 0.097122 0.480892 0.093525 0.480892 0.086331
0 0.710191 0.089928 0.703822 0.097122 0.707006 0.115108 0.716561 0.129496 0.716561 0.133094 0.726115 0.143885 0.732484 0.143885 0.745223 0.118705 0.745223 0.111511 0.729299 0.093525 0.722930 0.089928
0 0.786624 0.111511 0.786624 0.122302 0.792994 0.129496 0.796178 0.129496 0.824841 0.161871 0.834395 0.161871 0.831210 0.115108 0.824841 0.107914 0.792994 0.107914
0 0.414013 0.115108 0.414013 0.125899 0.417197 0.129496 0.417197 0.133094 0.420382 0.136691 0.420382 0.140288 0.423567 0.143885 0.429936 0.143885 0.433121 0.140288 0.433121 0.125899 0.426752 0.118705 0.423567 0.118705 0.420382 0.115108
0 0.509554 0.115108 0.509554 0.125899 0.512739 0.129496 0.512739 0.136691 0.515924 0.143885 0.528662 0.158273 0.535032 0.172662 0.544586 0.176259 0.547771 0.172662 0.547771 0.158273 0.541401 0.147482 0.541401 0.140288 0.522293 0.118705 0.515924 0.115108
0 0.312102 0.129496 0.308917 0.133094 0.308917 0.136691 0.312102 0.140288 0.312102 0.143885 0.315287 0.147482 0.315287 0.151079 0.324841 0.161871 0.328025 0.161871 0.334395 0.154676 0.334395 0.143885 0.324841 0.133094 0.321656 0.133094 0.318471 0.129496
0 0.550955 0.151079 0.550955 0.161871 0.573248 0.187050 0.582803 0.187050 0.582803 0.179856 0.573248 0.169065 0.570064 0.169065 0.566879 0.165468 0.566879 0.161871 0.557325 0.151079
0 0.245223 0.154676 0.242038 0.158273 0.242038 0.161871 0.245223 0.165468 0.245223 0.172662 0.248408 0.176259 0.248408 0.179856 0.251592 0.183453 0.254777 0.194245 0.264331 0.201439 0.267516 0.197842 0.270701 0.197842 0.270701 0.172662 0.267516 0.169065 0.267516 0.165468 0.251592 0.154676
0 0.773885 0.154676 0.767516 0.161871 0.767516 0.169065 0.770701 0.172662 0.770701 0.179856 0.773885 0.183453 0.777070 0.194245 0.786624 0.194245 0.796178 0.187050 0.796178 0.165468 0.789809 0.158273 0.786624 0.158273 0.783439 0.154676
0 0.302548 0.161871 0.292994 0.161871 0.286624 0.172662 0.286624 0.190647 0.292994 0.201439 0.296178 0.201439 0.302548 0.194245 0.299363 0.190647 0.299363 0.179856 0.302548 0.176259
0 0.366242 0.169065 0.363057 0.172662 0.366242 0.179856 0.382166 0.197842 0.382166 0.201439 0.388535 0.205036 0.391720 0.212230 0.401274 0.223022 0.407643 0.226619 0.407643 0.219424 0.398089 0.205036 0.398089 0.201439 0.369427 0.169065
0 0.321656 0.176259 0.318471 0.179856 0.318471 0.187050 0.337580 0.208633 0.340764 0.208633 0.343949 0.205036 0.340764 0.201439 0.340764 0.197842 0.337580 0.194245 0.337580 0.190647 0.331210 0.183453 0.331210 0.179856 0.328025 0.179856 0.324841 0.176259
0 0.305732 0.194245 0.299363 0.201439 0.299363 0.208633 0.305732 0.215827 0.312102 0.215827 0.315287 0.219424 0.318471 0.219424 0.321656 0.215827 0.321656 0.201439 0.315287 0.194245
0 0.611465 0.208633 0.611465 0.215827 0.614650 0.219424 0.614650 0.223022 0.621019 0.230216 0.624204 0.230216 0.627389 0.226619 0.627389 0.219424 0.624204 0.215827 0.621019 0.215827 0.614650 0.208633
0 0.872611 0.212230 0.872611 0.215827 0.875796 0.219424 0.878981 0.219424 0.888535 0.230216 0.901274 0.230216 0.901274 0.223022 0.898089 0.219424 0.894904 0.219424 0.891720 0.215827 0.885350 0.215827 0.882166 0.212230 0.878981 0.212230 0.875796 0.208633
0 0.474522 0.230216 0.471338 0.233813 0.471338 0.251799 0.474522 0.255396 0.474522 0.262590 0.477707 0.266187 0.477707 0.269784 0.487261 0.280576 0.503185 0.287770 0.503185 0.276978 0.500000 0.273381 0.500000 0.266187 0.493631 0.255396 0.490446 0.237410 0.484076 0.230216
0 0.254777 0.251799 0.251592 0.255396 0.251592 0.262590 0.264331 0.276978 0.264331 0.280576 0.277070 0.280576 0.283439 0.273381 0.283439 0.262590 0.273885 0.251799 0.267516 0.251799 0.264331 0.248201 0.261146 0.248201 0.257962 0.251799
0 0.012739 0.255396 0.003185 0.262590 0.003185 0.266187 0.000000 0.269784 0.000000 0.280576 0.003185 0.284173 0.003185 0.294964 0.006369 0.298561 0.009554 0.298561 0.012739 0.302158 0.022293 0.302158 0.031847 0.291367 0.031847 0.273381 0.015924 0.255396
0 0.531847 0.255396 0.531847 0.258993 0.528662 0.262590 0.528662 0.284173 0.531847 0.287770 0.531847 0.294964 0.535032 0.298561 0.535032 0.302158 0.544586 0.312950 0.544586 0.316547 0.547771 0.316547 0.547771 0.287770 0.544586 0.284173 0.544586 0.273381 0.541401 0.269784 0.538217 0.258993 0.535032 0.255396
0 0.843949 0.255396 0.840764 0.258993 0.847134 0.273381 0.866242 0.294964 0.872611 0.309353 0.882166 0.320144 0.891720 0.305755 0.888535 0.291367 0.866242 0.266187 0.850318 0.255396
0 0.636943 0.258993 0.633758 0.262590 0.633758 0.269784 0.640127 0.284173 0.640127 0.305755 0.643312 0.312950 0.652866 0.323741 0.659236 0.323741 0.659236 0.316547 0.662420 0.312950 0.662420 0.294964 0.652866 0.280576 0.652866 0.276978 0.643312 0.266187 0.643312 0.262590
0 0.751592 0.262590 0.738854 0.273381 0.738854 0.280576 0.735669 0.284173 0.738854 0.302158 0.748408 0.316547 0.757962 0.316547 0.770701 0.323741 0.770701 0.280576 0.761146 0.262590
0 0.815287 0.266187 0.812102 0.269784 0.812102 0.276978 0.815287 0.280576 0.815287 0.284173 0.818471 0.287770 0.818471 0.291367 0.824841 0.298561 0.824841 0.302158 0.828025 0.302158 0.831210 0.305755 0.834395 0.305755 0.834395 0.302158 0.837580 0.298561 0.837580 0.294964 0.834395 0.291367 0.834395 0.287770 0.828025 0.280576 0.828025 0.276978 0.821656 0.269784 0.818471 0.269784
0 0.133758 0.276978 0.130573 0.280576 0.130573 0.291367 0.133758 0.294964 0.133758 0.298561 0.146497 0.312950 0.149682 0.312950 0.156051 0.320144 0.159236 0.320144 0.162420 0.323741 0.162420 0.309353 0.159236 0.305755 0.159236 0.294964 0.156051 0.291367 0.156051 0.287770 0.146497 0.276978
0 0.388535 0.284173 0.385350 0.291367 0.401274 0.309353 0.404459 0.320144 0.420382 0.338129 0.426752 0.341727 0.439490 0.341727 0.442675 0.327338 0.410828 0.294964 0.407643 0.294964 0.401274 0.287770
0 0.671975 0.287770 0.671975 0.291367 0.665605 0.298561 0.665605 0.312950 0.662420 0.316547 0.662420 0.323741 0.659236 0.327338 0.662420 0.330935 0.662420 0.338129 0.665605 0.341727 0.678344 0.341727 0.684713 0.334532 0.684713 0.305755 0.681529 0.302158 0.681529 0.294964
0 0.566879 0.305755 0.566879 0.327338 0.589172 0.352518 0.592357 0.352518 0.595541 0.348921 0.592357 0.345324 0.592357 0.334532 0.585987 0.323741 0.585987 0.312950 0.579618 0.305755
0 0.859873 0.334532 0.853503 0.341727 0.850318 0.341727 0.850318 0.363309 0.859873 0.384892 0.866242 0.388489 0.875796 0.388489 0.885350 0.377698 0.888535 0.370504 0.888535 0.363309 0.882166 0.348921 0.875796 0.345324 0.872611 0.338129 0.866242 0.334532
0 0.248408 0.356115 0.248408 0.370504 0.257962 0.381295 0.270701 0.388489 0.331210 0.399281 0.312102 0.370504 0.277070 0.359712 0.257962 0.348921
0 0.305732 0.352518 0.308917 0.366906 0.312102 0.366906 0.324841 0.381295 0.334395 0.399281 0.350318 0.410072 0.356688 0.410072 0.359873 0.406475 0.353503 0.392086 0.353503 0.384892 0.340764 0.370504 0.312102 0.352518
0 0.490446 0.363309 0.490446 0.366906 0.487261 0.370504 0.496815 0.381295 0.503185 0.381295 0.506369 0.384892 0.519108 0.384892 0.522293 0.381295 0.522293 0.377698 0.515924 0.370504 0.515924 0.366906 0.509554 0.359712 0.503185 0.359712 0.500000 0.363309
0 0.834395 0.384892 0.831210 0.388489 0.831210 0.392086 0.834395 0.395683 0.834395 0.406475 0.837580 0.410072 0.847134 0.410072 0.847134 0.399281 0.843949 0.395683 0.843949 0.392086 0.837580 0.384892
0 0.691083 0.399281 0.687898 0.402878 0.687898 0.435252 0.694268 0.449640 0.700637 0.456835 0.707006 0.456835 0.713376 0.453237 0.726115 0.438849 0.729299 0.431655 0.729299 0.424460 0.716561 0.417266 0.700637 0.399281
0 0.264331 0.413669 0.264331 0.428058 0.270701 0.435252 0.277070 0.435252 0.280255 0.438849 0.289809 0.438849 0.289809 0.424460 0.286624 0.420863 0.286624 0.417266 0.280255 0.410072 0.270701 0.410072 0.267516 0.413669
0 0.875796 0.431655 0.875796 0.442446 0.878981 0.442446 0.885350 0.449640 0.888535 0.449640 0.891720 0.453237 0.907643 0.453237 0.917197 0.446043 0.917197 0.438849 0.914013 0.435252 0.914013 0.431655 0.904459 0.424460 0.888535 0.424460 0.885350 0.428058 0.878981 0.428058
0 0.792994 0.428058 0.792994 0.438849 0.796178 0.442446 0.796178 0.456835 0.805732 0.478417 0.815287 0.485612 0.828025 0.485612 0.828025 0.471223 0.821656 0.456835 0.815287 0.449640 0.815287 0.442446 0.812102 0.435252 0.805732 0.428058
0 0.015924 0.431655 0.009554 0.438849 0.009554 0.482014 0.019108 0.489209 0.028662 0.482014 0.028662 0.474820 0.031847 0.471223 0.031847 0.460432 0.028662 0.456835 0.028662 0.446043 0.025478 0.442446 0.025478 0.438849 0.019108 0.431655
0 0.318471 0.482014 0.318471 0.485612 0.324841 0.492806 0.328025 0.492806 0.331210 0.496403 0.337580 0.496403 0.347134 0.503597 0.366242 0.503597 0.369427 0.500000 0.369427 0.489209 0.359873 0.478417 0.356688 0.478417 0.353503 0.474820 0.340764 0.474820 0.337580 0.471223 0.334395 0.474820 0.324841 0.474820
0 0.885350 0.482014 0.878981 0.489209 0.878981 0.500000 0.882166 0.503597 0.882166 0.510791 0.888535 0.517986 0.894904 0.517986 0.894904 0.496403 0.898089 0.492806 0.898089 0.485612 0.894904 0.482014
0 0.050955 0.485612 0.047771 0.492806 0.047771 0.500000 0.044586 0.503597 0.047771 0.510791 0.047771 0.521583 0.057325 0.532374 0.060510 0.543165 0.066879 0.550360 0.070064 0.550360 0.073248 0.546763 0.073248 0.525180 0.066879 0.517986 0.066879 0.492806 0.060510 0.485612
0 0.611465 0.485612 0.608280 0.492806 0.614650 0.507194 0.614650 0.517986 0.611465 0.521583 0.614650 0.525180 0.614650 0.535971 0.624204 0.550360 0.627389 0.561151 0.633758 0.568345 0.640127 0.568345 0.646497 0.561151 0.640127 0.532374 0.627389 0.514388 0.627389 0.507194 0.617834 0.489209
0 0.786624 0.485612 0.786624 0.496403 0.789809 0.500000 0.789809 0.510791 0.786624 0.514388 0.786624 0.517986 0.792994 0.528777 0.799363 0.528777 0.802548 0.525180 0.802548 0.500000 0.796178 0.492806 0.796178 0.489209 0.792994 0.485612
0 0.646497 0.489209 0.643312 0.492806 0.646497 0.496403 0.646497 0.500000 0.656051 0.510791 0.656051 0.514388 0.659236 0.517986 0.662420 0.528777 0.665605 0.532374 0.671975 0.532374 0.678344 0.525180 0.675159 0.521583 0.675159 0.517986 0.671975 0.514388 0.668790 0.503597 0.665605 0.503597 0.656051 0.492806
0 0.226115 0.510791 0.229299 0.517986 0.248408 0.539568 0.254777 0.543165 0.264331 0.543165 0.273885 0.561151 0.280255 0.561151 0.283439 0.557554 0.267516 0.514388 0.261146 0.510791 0.245223 0.510791 0.242038 0.507194 0.229299 0.507194
0 0.550955 0.514388 0.544586 0.525180 0.544586 0.550360 0.550955 0.561151 0.550955 0.568345 0.554140 0.571942 0.557325 0.586331 0.566879 0.586331 0.566879 0.557554 0.563694 0.553957 0.566879 0.543165 0.563694 0.539568 0.563694 0.528777 0.557325 0.521583 0.557325 0.517986
0 0.710191 0.514388 0.710191 0.525180 0.722930 0.539568 0.726115 0.539568 0.742038 0.550360 0.748408 0.550360 0.751592 0.546763 0.751592 0.539568 0.738854 0.525180 0.735669 0.525180 0.732484 0.521583 0.726115 0.521583 0.716561 0.514388
0 0.366242 0.521583 0.366242 0.528777 0.372611 0.535971 0.375796 0.535971 0.385350 0.543165 0.394904 0.543165 0.398089 0.546763 0.417197 0.546763 0.420382 0.543165 0.420382 0.535971 0.417197 0.532374 0.417197 0.528777 0.401274 0.517986 0.369427 0.517986
0 0.579618 0.539568 0.576433 0.543165 0.576433 0.557554 0.579618 0.561151 0.579618 0.568345 0.582803 0.571942 0.582803 0.575540 0.592357 0.586331 0.595541 0.586331 0.598726 0.589928 0.608280 0.586331 0.608280 0.568345 0.605096 0.564748 0.605096 0.557554 0.601911 0.553957 0.601911 0.550360 0.589172 0.539568
0 0.423567 0.557554 0.417197 0.564748 0.417197 0.571942 0.426752 0.589928 0.426752 0.597122 0.442675 0.615108 0.455414 0.615108 0.458599 0.607914 0.458599 0.593525 0.455414 0.586331 0.442675 0.571942 0.436306 0.557554
0 0.117834 0.561151 0.117834 0.564748 0.114650 0.568345 0.114650 0.579137 0.117834 0.582734 0.117834 0.586331 0.124204 0.593525 0.124204 0.597122 0.140127 0.615108 0.146497 0.615108 0.149682 0.611511 0.149682 0.579137 0.136943 0.564748 0.133758 0.564748 0.130573 0.561151
0 0.757962 0.564748 0.751592 0.571942 0.751592 0.582734 0.761146 0.593525 0.773885 0.593525 0.773885 0.589928 0.777070 0.586331 0.777070 0.579137 0.773885 0.575540 0.773885 0.571942 0.770701 0.568345 0.764331 0.568345 0.761146 0.564748
0 0.280255 0.571942 0.280255 0.579137 0.305732 0.611511 0.312102 0.611511 0.315287 0.615108 0.321656 0.615108 0.324841 0.611511 0.324841 0.604317 0.305732 0.582734 0.302548 0.582734 0.286624 0.571942
0 0.789809 0.571942 0.789809 0.579137 0.796178 0.593525 0.796178 0.607914 0.799363 0.615108 0.808917 0.625899 0.815287 0.629496 0.821656 0.629496 0.831210 0.607914 0.828025 0.597122 0.818471 0.593525 0.802548 0.575540 0.796178 0.571942
0 0.477707 0.582734 0.474522 0.586331 0.474522 0.589928 0.484076 0.600719 0.484076 0.604317 0.487261 0.607914 0.487261 0.618705 0.490446 0.622302 0.490446 0.629496 0.500000 0.636691 0.503185 0.633094 0.503185 0.625899 0.506369 0.622302 0.506369 0.618705 0.503185 0.615108 0.500000 0.604317 0.484076 0.586331 0.480892 0.586331
0 0.563694 0.611511 0.557325 0.618705 0.557325 0.629496 0.570064 0.643885 0.570064 0.647482 0.576433 0.654676 0.579618 0.654676 0.582803 0.658273 0.592357 0.658273 0.592357 0.636691 0.576433 0.618705 0.573248 0.618705 0.566879 0.611511
0 0.286624 0.615108 0.283439 0.625899 0.289809 0.636691 0.289809 0.647482 0.296178 0.658273 0.296178 0.669065 0.302548 0.683453 0.308917 0.687050 0.324841 0.687050 0.328025 0.683453 0.318471 0.665468 0.308917 0.654676 0.299363 0.625899
0 0.404459 0.618705 0.398089 0.618705 0.391720 0.625899 0.391720 0.629496 0.385350 0.640288 0.385350 0.654676 0.407643 0.654676 0.410828 0.651079 0.410828 0.629496
0 0.000000 0.622302 0.000000 0.654676 0.003185 0.658273 0.006369 0.658273 0.009554 0.654676 0.009554 0.647482 0.012739 0.643885 0.012739 0.629496 0.006369 0.622302
0 0.194268 0.640288 0.187898 0.640288 0.184713 0.643885 0.175159 0.643885 0.171975 0.647482 0.168790 0.665468 0.171975 0.669065 0.171975 0.687050 0.175159 0.690647 0.181529 0.690647 0.187898 0.683453 0.191083 0.683453 0.191083 0.676259 0.194268 0.672662 0.194268 0.658273 0.197452 0.654676 0.197452 0.647482 0.194268 0.643885
0 0.509554 0.654676 0.509554 0.669065 0.519108 0.690647 0.519108 0.705036 0.522293 0.708633 0.535032 0.708633 0.541401 0.705036 0.547771 0.697842 0.547771 0.694245 0.541401 0.683453 0.541401 0.676259 0.535032 0.661871 0.528662 0.654676
0 0.802548 0.654676 0.796178 0.661871 0.796178 0.690647 0.802548 0.705036 0.815287 0.719424 0.821656 0.719424 0.831210 0.712230 0.831210 0.694245 0.821656 0.672662 0.815287 0.665468 0.815287 0.661871
0 0.496815 0.665468 0.480892 0.665468 0.474522 0.672662 0.474522 0.676259 0.471338 0.679856 0.471338 0.690647 0.474522 0.694245 0.474522 0.697842 0.477707 0.697842 0.487261 0.705036 0.496815 0.697842 0.496815 0.683453 0.500000 0.679856 0.500000 0.669065
0 0.735669 0.665468 0.735669 0.672662 0.738854 0.676259 0.738854 0.679856 0.745223 0.687050 0.748408 0.687050 0.761146 0.701439 0.764331 0.701439 0.764331 0.694245 0.738854 0.665468
0 0.092357 0.669065 0.092357 0.672662 0.089172 0.676259 0.089172 0.683453 0.092357 0.687050 0.095541 0.687050 0.098726 0.690647 0.108280 0.690647 0.111465 0.694245 0.114650 0.690647 0.111465 0.687050 0.111465 0.683453 0.108280 0.679856 0.108280 0.676259 0.101911 0.669065
0 0.363057 0.672662 0.356688 0.679856 0.356688 0.694245 0.363057 0.701439 0.372611 0.705036 0.378981 0.712230 0.382166 0.712230 0.391720 0.719424 0.394904 0.715827 0.394904 0.705036 0.388535 0.694245 0.388535 0.687050 0.375796 0.672662
0 0.576433 0.679856 0.576433 0.687050 0.579618 0.690647 0.579618 0.697842 0.585987 0.708633 0.585987 0.715827 0.589172 0.719424 0.589172 0.723022 0.595541 0.730216 0.601911 0.730216 0.605096 0.726619 0.605096 0.697842 0.601911 0.694245 0.598726 0.694245 0.589172 0.683453 0.585987 0.683453 0.582803 0.679856
0 0.417197 0.705036 0.417197 0.712230 0.423567 0.719424 0.439490 0.726619 0.458599 0.748201 0.461783 0.748201 0.468153 0.755396 0.474522 0.751799 0.468153 0.733813 0.458599 0.723022 0.445860 0.719424 0.433121 0.712230 0.426752 0.705036
0 0.687898 0.708633 0.687898 0.726619 0.700637 0.741007 0.703822 0.741007 0.707006 0.744604 0.716561 0.744604 0.719745 0.748201 0.726115 0.748201 0.726115 0.741007 0.729299 0.737410 0.729299 0.733813 0.719745 0.723022 0.716561 0.723022 0.694268 0.708633
0 0.777070 0.708633 0.777070 0.715827 0.780255 0.719424 0.780255 0.723022 0.799363 0.748201 0.799363 0.751799 0.805732 0.758993 0.805732 0.762590 0.808917 0.762590 0.812102 0.766187 0.815287 0.762590 0.815287 0.751799 0.812102 0.748201 0.808917 0.737410 0.783439 0.708633
0 0.066879 0.719424 0.066879 0.723022 0.079618 0.723022 0.082803 0.726619 0.085987 0.726619 0.095541 0.733813 0.105096 0.733813 0.105096 0.730216 0.098726 0.723022 0.095541 0.723022 0.092357 0.719424 0.085987 0.719424 0.082803 0.715827 0.070064 0.715827
0 0.557325 0.730216 0.554140 0.733813 0.554140 0.737410 0.547771 0.748201 0.547771 0.758993 0.557325 0.769784 0.566879 0.769784 0.573248 0.758993 0.573248 0.748201 0.570064 0.744604 0.570064 0.737410 0.563694 0.730216
0 0.175159 0.737410 0.168790 0.748201 0.168790 0.762590 0.178344 0.784173 0.184713 0.791367 0.200637 0.791367 0.207006 0.787770 0.207006 0.773381 0.200637 0.766187 0.194268 0.744604 0.184713 0.737410
0 0.073248 0.748201 0.079618 0.758993 0.089172 0.758993 0.095541 0.762590 0.114650 0.784173 0.127389 0.791367 0.136943 0.791367 0.133758 0.784173 0.121019 0.776978 0.127389 0.769784 0.127389 0.758993 0.121019 0.751799 0.095541 0.751799 0.082803 0.744604 0.076433 0.744604
0 0.022293 0.751799 0.022293 0.758993 0.025478 0.762590 0.025478 0.766187 0.038217 0.780576 0.044586 0.780576 0.047771 0.784173 0.057325 0.784173 0.060510 0.780576 0.063694 0.769784 0.050955 0.755396 0.044586 0.755396 0.041401 0.751799 0.031847 0.751799 0.028662 0.748201 0.025478 0.751799
0 0.356688 0.751799 0.356688 0.755396 0.366242 0.766187 0.375796 0.769784 0.382166 0.776978 0.388535 0.776978 0.391720 0.780576 0.404459 0.780576 0.404459 0.776978 0.407643 0.773381 0.407643 0.766187 0.398089 0.755396 0.394904 0.755396 0.391720 0.751799 0.372611 0.751799 0.369427 0.748201 0.366242 0.751799 0.363057 0.748201 0.359873 0.751799
0 0.286624 0.769784 0.286624 0.784173 0.296178 0.798561 0.299363 0.798561 0.302548 0.802158 0.321656 0.802158 0.331210 0.794964 0.331210 0.773381 0.324841 0.766187 0.305732 0.766187 0.302548 0.762590 0.296178 0.762590
0 0.598726 0.766187 0.595541 0.769784 0.592357 0.769784 0.592357 0.773381 0.589172 0.776978 0.589172 0.784173 0.592357 0.787770 0.592357 0.791367 0.598726 0.798561 0.608280 0.798561 0.614650 0.791367 0.614650 0.780576 0.608280 0.769784 0.601911 0.769784
0 0.675159 0.769784 0.668790 0.780576 0.671975 0.784173 0.671975 0.791367 0.681529 0.802158 0.684713 0.802158 0.687898 0.805755 0.703822 0.805755 0.707006 0.802158 0.707006 0.794964 0.703822 0.791367 0.703822 0.784173 0.684713 0.769784
0 0.073248 0.773381 0.073248 0.784173 0.076433 0.787770 0.076433 0.791367 0.079618 0.794964 0.082803 0.794964 0.085987 0.798561 0.089172 0.798561 0.089172 0.791367 0.082803 0.784173 0.082803 0.780576 0.076433 0.773381
0 0.719745 0.784173 0.719745 0.798561 0.722930 0.802158 0.722930 0.809353 0.729299 0.816547 0.729299 0.820144 0.735669 0.827338 0.738854 0.827338 0.748408 0.834532 0.754777 0.834532 0.754777 0.823741 0.745223 0.809353 0.745223 0.802158 0.738854 0.794964 0.738854 0.791367 0.726115 0.780576 0.722930 0.784173
0 0.783439 0.780576 0.780255 0.784173 0.780255 0.805755 0.783439 0.809353 0.789809 0.827338 0.799363 0.838129 0.808917 0.838129 0.808917 0.830935 0.805732 0.827338 0.805732 0.820144 0.802548 0.816547 0.802548 0.791367 0.792994 0.780576
0 0.554140 0.794964 0.560510 0.802158 0.560510 0.805755 0.563694 0.805755 0.573248 0.816547 0.579618 0.816547 0.579618 0.809353 0.573248 0.802158 0.573248 0.798561 0.570064 0.794964 0.566879 0.794964 0.563694 0.791367 0.557325 0.791367
0 0.821656 0.794964 0.824841 0.805755 0.837580 0.820144 0.840764 0.820144 0.863057 0.845324 0.872611 0.845324 0.872611 0.834532 0.863057 0.823741 0.863057 0.820144 0.850318 0.802158 0.847134 0.802158 0.837580 0.791367 0.824841 0.791367
0 0.652866 0.798561 0.652866 0.816547 0.656051 0.820144 0.656051 0.827338 0.659236 0.830935 0.659236 0.834532 0.662420 0.838129 0.675159 0.838129 0.675159 0.834532 0.671975 0.830935 0.671975 0.823741 0.668790 0.820144 0.668790 0.816547 0.662420 0.809353 0.662420 0.805755 0.656051 0.798561
0 0.474522 0.805755 0.464968 0.812950 0.464968 0.838129 0.468153 0.841727 0.468153 0.848921 0.474522 0.856115 0.477707 0.856115 0.480892 0.859712 0.487261 0.859712 0.490446 0.856115 0.490446 0.830935 0.487261 0.827338 0.484076 0.809353 0.480892 0.805755
0 0.515924 0.812950 0.515924 0.816547 0.512739 0.820144 0.515924 0.823741 0.515924 0.830935 0.519108 0.834532 0.519108 0.838129 0.531847 0.852518 0.541401 0.852518 0.554140 0.841727 0.554140 0.834532 0.557325 0.830935 0.557325 0.827338 0.550955 0.816547 0.547771 0.816547 0.544586 0.812950 0.538217 0.812950 0.535032 0.809353 0.522293 0.809353 0.519108 0.812950
0 0.194268 0.812950 0.191083 0.816547 0.191083 0.823741 0.203822 0.838129 0.207006 0.838129 0.210191 0.841727 0.216561 0.841727 0.219745 0.838129 0.219745 0.834532 0.216561 0.830935 0.216561 0.827338 0.213376 0.823741 0.213376 0.820144 0.207006 0.812950
0 0.414013 0.830935 0.407643 0.838129 0.407643 0.841727 0.420382 0.856115 0.429936 0.856115 0.436306 0.848921 0.436306 0.841727 0.426752 0.830935
0 0.837580 0.845324 0.837580 0.852518 0.840764 0.856115 0.840764 0.859712 0.856688 0.877698 0.856688 0.881295 0.863057 0.888489 0.866242 0.888489 0.869427 0.892086 0.882166 0.892086 0.878981 0.881295 0.869427 0.870504 0.859873 0.866906 0.847134 0.852518 0.847134 0.848921 0.843949 0.845324
0 0.601911 0.852518 0.601911 0.859712 0.605096 0.863309 0.605096 0.870504 0.608280 0.874101 0.608280 0.877698 0.611465 0.881295 0.611465 0.884892 0.614650 0.884892 0.617834 0.888489 0.621019 0.888489 0.624204 0.884892 0.627389 0.884892 0.627389 0.874101 0.614650 0.859712 0.611465 0.859712 0.605096 0.852518
