0 0.098726 0.003597 0.098726 0.010791 0.105096 0.017986 0.105096 0.021583 0.101911 0.025180 0.105096 0.028777 0.105096 0.032374 0.108280 0.032374 0.111465 0.028777 0.114650 0.028777 0.114650 0.010791 0.108280 0.010791 0.101911 0.003597
0 0.286624 0.003597 0.264331 0.003597 0.257962 0.032374 0.251592 0.043165 0.251592 0.050360 0.257962 0.057554 0.273885 0.057554 0.283439 0.046763 0.283439 0.039568 0.292994 0.025180 0.289809 0.021583 0.296178 0.014388 0.296178 0.010791
0 0.458599 0.003597 0.458599 0.007194 0.471338 0.021583 0.477707 0.021583 0.480892 0.017986 0.484076 0.017986 0.484076 0.010791 0.480892 0.007194 0.477707 0.007194 0.474522 0.003597 0.471338 0.003597 0.468153 0.007194 0.464968 0.003597
0 0.487261 0.007194 0.487261 0.021583 0.490446 0.025180 0.493631 0.025180 0.500000 0.017986 0.500000 0.014388 0.493631 0.007194
0 0.515924 0.007194 0.515924 0.010791 0.512739 0.014388 0.512739 0.017986 0.515924 0.021583 0.515924 0.032374 0.528662 0.032374 0.535032 0.025180 0.535032 0.010791 0.531847 0.010791 0.528662 0.007194
0 0.019108 0.010791 0.015924 0.010791 0.009554 0.017986 0.006369 0.017986 0.006369 0.021583 0.012739 0.028777 0.015924 0.028777 0.019108 0.025180 0.019108 0.021583 0.022293 0.017986 0.022293 0.014388
0 0.162420 0.014388 0.159236 0.017986 0.159236 0.021583 0.162420 0.025180 0.162420 0.032374 0.165605 0.035971 0.165605 0.039568 0.168790 0.043165 0.168790 0.046763 0.175159 0.046763 0.178344 0.043165 0.178344 0.028777 0.175159 0.025180 0.175159 0.021583 0.168790 0.014388
0 0.700637 0.014388 0.697452 0.017986 0.700637 0.021583 0.700637 0.025180 0.707006 0.032374 0.710191 0.032374 0.713376 0.028777 0.713376 0.025180 0.710191 0.025180 0.707006 0.021583 0.707006 0.017986 0.703822 0.014388
0 0.050955 0.017986 0.044586 0.017986 0.041401 0.021583 0.041401 0.025180 0.038217 0.028777 0.041401 0.032374 0.041401 0.039568 0.047771 0.039568 0.050955 0.035971 0.054140 0.035971 0.057325 0.032374 0.057325 0.025180
0 0.665605 0.017986 0.659236 0.025180 0.659236 0.035971 0.668790 0.046763 0.675159 0.046763 0.678344 0.043165 0.678344 0.032374 0.675159 0.028777 0.675159 0.021583 0.671975 0.021583 0.668790 0.017986
0 0.799363 0.039568 0.792994 0.046763 0.792994 0.061151 0.796178 0.064748 0.799363 0.064748 0.802548 0.068345 0.812102 0.068345 0.818471 0.061151 0.818471 0.046763 0.812102 0.039568
0 0.410828 0.043165 0.407643 0.046763 0.407643 0.050360 0.410828 0.053957 0.410828 0.057554 0.414013 0.061151 0.417197 0.061151 0.420382 0.064748 0.426752 0.064748 0.429936 0.061151 0.429936 0.050360 0.423567 0.043165
0 0.598726 0.043165 0.595541 0.046763 0.595541 0.050360 0.598726 0.053957 0.598726 0.057554 0.601911 0.061151 0.605096 0.061151 0.608280 0.064748 0.611465 0.064748 0.617834 0.057554 0.617834 0.046763 0.614650 0.043165
0 0.038217 0.050360 0.035032 0.053957 0.035032 0.064748 0.038217 0.068345 0.044586 0.068345 0.044586 0.064748 0.047771 0.061151 0.047771 0.057554 0.044586 0.053957 0.044586 0.050360
0 0.101911 0.057554 0.101911 0.064748 0.105096 0.068345 0.108280 0.064748 0.117834 0.064748 0.117834 0.061151 0.111465 0.053957 0.105096 0.053957
0 0.751592 0.061151 0.742038 0.061151 0.738854 0.064748 0.738854 0.068345 0.735669 0.071942 0.735669 0.079137 0.738854 0.082734 0.745223 0.082734 0.745223 0.079137 0.751592 0.071942
0 0.697452 0.075540 0.691083 0.082734 0.691083 0.097122 0.697452 0.104317 0.697452 0.111511 0.703822 0.111511 0.710191 0.104317 0.710191 0.086331 0.700637 0.075540
0 0.847134 0.089928 0.847134 0.093525 0.850318 0.097122 0.853503 0.097122 0.856688 0.100719 0.863057 0.100719 0.866242 0.104317 0.872611 0.104317 0.882166 0.097122 0.882166 0.089928 0.878981 0.086331 0.878981 0.082734 0.869427 0.075540 0.866242 0.075540 0.863057 0.079137 0.859873 0.079137 0.850318 0.089928
0 0.015924 0.079137 0.019108 0.082734 0.015924 0.086331 0.019108 0.089928 0.019108 0.093525 0.022293 0.097122 0.025478 0.097122 0.028662 0.093525 0.028662 0.089928 0.025478 0.086331 0.025478 0.082734 0.022293 0.079137
0 0.098726 0.079137 0.085987 0.079137 0.079618 0.086331 0.079618 0.100719 0.082803 0.104317 0.085987 0.104317 0.092357 0.097122 0.092357 0.093525 0.098726 0.086331
0 0.773885 0.082734 0.770701 0.086331 0.770701 0.097122 0.777070 0.104317 0.777070 0.107914 0.780255 0.111511 0.780255 0.118705 0.783439 0.122302 0.792994 0.122302 0.792994 0.089928 0.783439 0.082734
0 0.729299 0.097122 0.726115 0.100719 0.726115 0.107914 0.732484 0.115108 0.735669 0.111511 0.735669 0.100719 0.732484 0.100719
0 0.273885 0.118705 0.264331 0.133094 0.264331 0.151079 0.283439 0.176259 0.289809 0.179856 0.315287 0.176259 0.334395 0.154676 0.334395 0.140288 0.324841 0.129496 0.296178 0.115108 0.280255 0.115108
0 0.114650 0.143885 0.114650 0.151079 0.121019 0.158273 0.127389 0.158273 0.130573 0.154676 0.133758 0.154676 0.136943 0.151079 0.136943 0.143885 0.130573 0.136691 0.121019 0.136691
0 0.738854 0.136691 0.732484 0.147482 0.732484 0.154676 0.742038 0.165468 0.745223 0.165468 0.748408 0.169065 0.751592 0.165468 0.757962 0.165468 0.757962 0.161871 0.761146 0.158273 0.761146 0.151079 0.757962 0.147482 0.757962 0.143885 0.748408 0.136691
0 0.423567 0.151079 0.398089 0.147482 0.382166 0.161871 0.378981 0.169065 0.378981 0.190647 0.388535 0.205036 0.414013 0.201439 0.423567 0.190647 0.433121 0.172662 0.433121 0.161871
0 0.121019 0.161871 0.117834 0.165468 0.121019 0.169065 0.121019 0.176259 0.124204 0.179856 0.130573 0.179856 0.133758 0.176259 0.133758 0.165468 0.130573 0.161871
0 0.898089 0.194245 0.891720 0.187050 0.878981 0.187050 0.872611 0.194245 0.872611 0.197842 0.869427 0.201439 0.869427 0.205036 0.872611 0.208633 0.872611 0.212230 0.885350 0.212230 0.888535 0.208633 0.891720 0.208633 0.894904 0.205036 0.894904 0.201439 0.898089 0.197842
0 0.722930 0.194245 0.713376 0.194245 0.707006 0.201439 0.707006 0.223022 0.710191 0.226619 0.710191 0.230216 0.716561 0.237410 0.719745 0.233813 0.722930 0.233813 0.729299 0.223022 0.729299 0.205036
0 0.649682 0.201439 0.649682 0.205036 0.646497 0.208633 0.646497 0.215827 0.649682 0.219424 0.649682 0.230216 0.659236 0.230216 0.665605 0.223022 0.665605 0.212230 0.662420 0.208633 0.662420 0.205036 0.659236 0.201439
0 0.579618 0.205036 0.570064 0.205036 0.560510 0.215827 0.560510 0.223022 0.563694 0.226619 0.570064 0.226619 0.576433 0.219424 0.576433 0.215827 0.579618 0.212230
0 0.203822 0.223022 0.203822 0.233813 0.210191 0.233813 0.213376 0.230216 0.216561 0.230216 0.216561 0.223022 0.213376 0.219424 0.207006 0.219424
0 0.245223 0.223022 0.245223 0.226619 0.251592 0.233813 0.261146 0.233813 0.264331 0.237410 0.267516 0.237410 0.270701 0.233813 0.270701 0.223022 0.267516 0.219424 0.248408 0.219424
0 0.060510 0.233813 0.060510 0.241007 0.073248 0.241007 0.076433 0.237410 0.076433 0.233813 0.073248 0.230216 0.063694 0.230216
0 0.815287 0.233813 0.812102 0.237410 0.812102 0.248201 0.818471 0.255396 0.818471 0.258993 0.821656 0.258993 0.824841 0.262590 0.828025 0.262590 0.834395 0.255396 0.834395 0.248201 0.821656 0.233813
0 0.633758 0.237410 0.633758 0.244604 0.640127 0.251799 0.640127 0.255396 0.646497 0.262590 0.649682 0.262590 0.649682 0.255396 0.646497 0.251799 0.646497 0.248201 0.640127 0.241007 0.640127 0.237410
0 0.194268 0.251799 0.194268 0.262590 0.197452 0.266187 0.210191 0.266187 0.213376 0.262590 0.219745 0.262590 0.219745 0.258993 0.222930 0.255396 0.222930 0.248201 0.219745 0.244604 0.213376 0.244604 0.210191 0.248201 0.207006 0.248201 0.203822 0.244604 0.200637 0.248201 0.197452 0.248201
0 0.595541 0.244604 0.589172 0.244604 0.585987 0.248201 0.585987 0.262590 0.589172 0.266187 0.592357 0.266187 0.598726 0.258993 0.598726 0.248201
0 0.557325 0.248201 0.554140 0.248201 0.547771 0.255396 0.547771 0.266187 0.550955 0.266187 0.554140 0.269784 0.560510 0.262590 0.560510 0.251799
0 0.687898 0.251799 0.687898 0.258993 0.684713 0.262590 0.684713 0.269784 0.687898 0.273381 0.700637 0.273381 0.700637 0.258993 0.697452 0.255396 0.697452 0.251799
0 0.783439 0.255396 0.777070 0.262590 0.777070 0.273381 0.780255 0.276978 0.780255 0.280576 0.792994 0.280576 0.799363 0.273381 0.799363 0.266187 0.796178 0.262590 0.796178 0.255396
0 0.261146 0.273381 0.261146 0.280576 0.264331 0.284173 0.264331 0.291367 0.267516 0.294964 0.267516 0.302158 0.270701 0.305755 0.277070 0.305755 0.280255 0.302158 0.280255 0.287770 0.277070 0.284173 0.277070 0.280576 0.270701 0.273381
0 0.191083 0.276978 0.187898 0.276978 0.184713 0.280576 0.181529 0.280576 0.178344 0.284173 0.178344 0.287770 0.175159 0.291367 0.175159 0.298561 0.178344 0.302158 0.178344 0.305755 0.184713 0.305755 0.194268 0.294964 0.194268 0.280576
0 0.226115 0.280576 0.222930 0.280576 0.219745 0.284173 0.213376 0.284173 0.213376 0.294964 0.210191 0.298561 0.210191 0.309353 0.213376 0.312950 0.213376 0.320144 0.222930 0.327338 0.226115 0.323741 0.232484 0.323741 0.232484 0.320144 0.235669 0.316547 0.235669 0.302158 0.232484 0.298561 0.232484 0.291367
0 0.837580 0.280576 0.837580 0.287770 0.840764 0.291367 0.840764 0.294964 0.843949 0.294964 0.847134 0.298561 0.850318 0.298561 0.853503 0.294964 0.853503 0.280576
0 0.111465 0.298561 0.111465 0.305755 0.124204 0.320144 0.130573 0.320144 0.130573 0.316547 0.133758 0.312950 0.133758 0.309353 0.130573 0.305755 0.130573 0.302158 0.124204 0.294964 0.117834 0.294964 0.114650 0.298561
0 0.535032 0.294964 0.522293 0.294964 0.519108 0.298561 0.515924 0.298561 0.506369 0.309353 0.500000 0.327338 0.509554 0.341727 0.515924 0.341727 0.541401 0.323741 0.541401 0.312950 0.544586 0.309353
0 0.678344 0.294964 0.675159 0.298561 0.671975 0.298561 0.671975 0.309353 0.668790 0.312950 0.668790 0.316547 0.675159 0.327338 0.687898 0.327338 0.694268 0.320144 0.694268 0.312950 0.691083 0.309353 0.691083 0.305755 0.684713 0.298561 0.681529 0.298561
0 0.636943 0.305755 0.636943 0.316547 0.640127 0.320144 0.646497 0.320144 0.649682 0.316547 0.649682 0.309353 0.646497 0.305755
0 0.318471 0.320144 0.312102 0.330935 0.312102 0.363309 0.321656 0.374101 0.356688 0.374101 0.363057 0.366906 0.363057 0.345324 0.356688 0.330935 0.337580 0.316547 0.324841 0.316547
0 0.828025 0.323741 0.831210 0.327338 0.847134 0.327338 0.850318 0.323741 0.850318 0.320144 0.847134 0.316547 0.834395 0.316547
0 0.471338 0.327338 0.455414 0.327338 0.449045 0.330935 0.429936 0.356115 0.426752 0.363309 0.426752 0.384892 0.433121 0.395683 0.442675 0.399281 0.464968 0.377698 0.464968 0.356115 0.471338 0.341727
0 0.764331 0.338129 0.764331 0.348921 0.767516 0.352518 0.770701 0.352518 0.773885 0.356115 0.777070 0.356115 0.780255 0.352518 0.780255 0.334532 0.773885 0.334532 0.770701 0.338129
0 0.143312 0.341727 0.143312 0.356115 0.146497 0.359712 0.146497 0.363309 0.149682 0.366906 0.159236 0.366906 0.159236 0.348921 0.149682 0.338129 0.146497 0.341727
0 0.226115 0.348921 0.222930 0.352518 0.222930 0.359712 0.229299 0.366906 0.232484 0.366906 0.235669 0.370504 0.238854 0.370504 0.238854 0.363309 0.242038 0.359712 0.238854 0.356115 0.238854 0.352518 0.235669 0.348921
0 0.512739 0.363309 0.509554 0.366906 0.509554 0.377698 0.512739 0.381295 0.515924 0.381295 0.519108 0.384892 0.528662 0.384892 0.535032 0.377698 0.535032 0.374101 0.531847 0.370504 0.531847 0.363309 0.528662 0.359712 0.522293 0.359712 0.519108 0.363309
0 0.735669 0.363309 0.735669 0.374101 0.738854 0.377698 0.742038 0.377698 0.745223 0.381295 0.764331 0.381295 0.767516 0.377698 0.767516 0.370504 0.764331 0.370504 0.757962 0.363309
0 0.264331 0.366906 0.261146 0.366906 0.257962 0.370504 0.251592 0.370504 0.245223 0.377698 0.245223 0.381295 0.242038 0.384892 0.242038 0.395683 0.245223 0.399281 0.248408 0.395683 0.251592 0.395683 0.267516 0.377698 0.267516 0.370504
0 0.786624 0.370504 0.783439 0.370504 0.783439 0.374101 0.780255 0.377698 0.780255 0.384892 0.783439 0.388489 0.773885 0.395683 0.773885 0.402878 0.777070 0.402878 0.780255 0.399281 0.796178 0.399281 0.796178 0.388489 0.789809 0.381295 0.789809 0.374101
0 0.159236 0.388489 0.152866 0.388489 0.149682 0.392086 0.149682 0.402878 0.152866 0.406475 0.156051 0.406475 0.162420 0.399281 0.162420 0.392086
0 0.175159 0.392086 0.175159 0.406475 0.178344 0.410072 0.178344 0.413669 0.181529 0.413669 0.184713 0.417266 0.187898 0.413669 0.191083 0.413669 0.194268 0.417266 0.187898 0.428058 0.194268 0.435252 0.197452 0.431655 0.197452 0.420863 0.194268 0.417266 0.207006 0.406475 0.207006 0.399281 0.203822 0.395683 0.194268 0.395683 0.191083 0.392086
0 0.831210 0.392086 0.831210 0.406475 0.840764 0.406475 0.843949 0.402878 0.843949 0.395683 0.840764 0.392086
0 0.882166 0.392086 0.875796 0.392086 0.872611 0.395683 0.866242 0.395683 0.863057 0.399281 0.863057 0.406475 0.869427 0.413669 0.875796 0.413669 0.878981 0.410072 0.878981 0.406475 0.882166 0.402878
0 0.515924 0.399281 0.512739 0.399281 0.509554 0.395683 0.503185 0.395683 0.493631 0.402878 0.493631 0.410072 0.490446 0.413669 0.490446 0.428058 0.493631 0.431655 0.503185 0.431655 0.506369 0.428058 0.509554 0.428058 0.515924 0.420863
0 0.563694 0.399281 0.550955 0.399281 0.541401 0.410072 0.541401 0.424460 0.554140 0.438849 0.563694 0.435252 0.563694 0.431655 0.566879 0.428058 0.566879 0.402878
0 0.732484 0.417266 0.726115 0.417266 0.722930 0.420863 0.719745 0.420863 0.716561 0.424460 0.716561 0.428058 0.719745 0.431655 0.726115 0.431655 0.732484 0.424460
0 0.748408 0.438849 0.745223 0.442446 0.745223 0.449640 0.751592 0.456835 0.757962 0.456835 0.757962 0.442446 0.754777 0.438849
0 0.538217 0.442446 0.538217 0.453237 0.550955 0.467626 0.550955 0.471223 0.557325 0.471223 0.560510 0.467626 0.560510 0.464029 0.554140 0.456835 0.554140 0.453237 0.544586 0.442446
0 0.859873 0.467626 0.850318 0.474820 0.850318 0.482014 0.843949 0.489209 0.843949 0.500000 0.847134 0.503597 0.856688 0.503597 0.859873 0.507194 0.872611 0.507194 0.878981 0.496403 0.875796 0.492806 0.875796 0.482014 0.869427 0.471223
0 0.168790 0.485612 0.168790 0.500000 0.171975 0.503597 0.178344 0.503597 0.181529 0.507194 0.184713 0.503597 0.194268 0.503597 0.200637 0.496403 0.200637 0.485612 0.197452 0.485612 0.194268 0.482014 0.187898 0.482014 0.184713 0.478417 0.175159 0.478417
0 0.089172 0.485612 0.085987 0.485612 0.082803 0.489209 0.070064 0.489209 0.066879 0.492806 0.066879 0.503597 0.070064 0.507194 0.070064 0.510791 0.076433 0.517986 0.085987 0.517986 0.089172 0.514388 0.089172 0.503597 0.085987 0.500000 0.085987 0.496403 0.089172 0.492806
0 0.643312 0.510791 0.646497 0.514388 0.684713 0.514388 0.687898 0.510791 0.707006 0.507194 0.710191 0.503597 0.710191 0.496403 0.694268 0.485612 0.668790 0.485612 0.656051 0.496403 0.646497 0.500000 0.643312 0.503597
0 0.003185 0.496403 0.003185 0.500000 0.000000 0.503597 0.003185 0.507194 0.003185 0.514388 0.000000 0.517986 0.003185 0.521583 0.006369 0.521583 0.009554 0.517986 0.009554 0.503597
0 0.226115 0.500000 0.219745 0.507194 0.219745 0.521583 0.222930 0.525180 0.238854 0.525180 0.245223 0.517986 0.245223 0.514388 0.248408 0.510791 0.245223 0.507194 0.245223 0.503597 0.235669 0.503597 0.232484 0.500000
0 0.748408 0.507194 0.742038 0.507194 0.738854 0.510791 0.735669 0.510791 0.732484 0.514388 0.732484 0.525180 0.738854 0.532374 0.742038 0.532374 0.745223 0.528777 0.748408 0.528777 0.751592 0.525180 0.751592 0.521583 0.754777 0.517986 0.751592 0.514388 0.751592 0.510791
0 0.433121 0.521583 0.429936 0.525180 0.429936 0.539568 0.433121 0.539568 0.436306 0.543165 0.442675 0.543165 0.449045 0.535971 0.449045 0.525180 0.445860 0.521583
0 0.531847 0.543165 0.531847 0.553957 0.538217 0.561151 0.541401 0.561151 0.550955 0.568345 0.554140 0.568345 0.557325 0.564748 0.560510 0.564748 0.560510 0.553957 0.550955 0.543165 0.544586 0.543165 0.541401 0.539568 0.538217 0.539568 0.535032 0.543165
0 0.872611 0.553957 0.872611 0.557554 0.875796 0.557554 0.878981 0.561151 0.885350 0.561151 0.894904 0.568345 0.901274 0.568345 0.907643 0.579137 0.910828 0.575540 0.914013 0.575540 0.914013 0.571942 0.917197 0.568345 0.917197 0.561151 0.907643 0.550360 0.901274 0.550360 0.898089 0.546763 0.878981 0.546763
0 0.764331 0.553957 0.751592 0.553957 0.748408 0.557554 0.748408 0.571942 0.754777 0.579137 0.757962 0.579137 0.767516 0.568345 0.767516 0.557554
0 0.856688 0.561151 0.853503 0.557554 0.850318 0.557554 0.847134 0.561151 0.843949 0.561151 0.840764 0.564748 0.840764 0.571942 0.850318 0.571942 0.856688 0.564748
0 0.707006 0.564748 0.703822 0.561151 0.694268 0.561151 0.687898 0.568345 0.687898 0.571942 0.684713 0.575540 0.684713 0.582734 0.700637 0.582734 0.707006 0.575540
0 0.627389 0.564748 0.624204 0.568345 0.621019 0.568345 0.617834 0.571942 0.617834 0.575540 0.621019 0.579137 0.621019 0.586331 0.624204 0.589928 0.627389 0.589928 0.630573 0.593525 0.633758 0.593525 0.636943 0.589928 0.640127 0.589928 0.643312 0.586331 0.643312 0.571942 0.640127 0.571942 0.633758 0.564748
0 0.509554 0.575540 0.496815 0.568345 0.477707 0.568345 0.474522 0.571942 0.468153 0.571942 0.455414 0.582734 0.455414 0.600719 0.464968 0.611511 0.484076 0.611511 0.500000 0.597122 0.500000 0.589928 0.509554 0.579137
0 0.315287 0.571942 0.312102 0.575540 0.312102 0.586331 0.315287 0.589928 0.315287 0.597122 0.321656 0.604317 0.321656 0.611511 0.324841 0.615108 0.324841 0.618705 0.337580 0.618705 0.343949 0.611511 0.343949 0.593525 0.331210 0.579137 0.328025 0.579137 0.321656 0.571942
0 0.589172 0.597122 0.589172 0.604317 0.592357 0.607914 0.624204 0.607914 0.624204 0.600719 0.621019 0.600719 0.611465 0.593525 0.605096 0.593525 0.601911 0.589928 0.595541 0.589928
0 0.668790 0.589928 0.662420 0.597122 0.662420 0.600719 0.659236 0.604317 0.659236 0.607914 0.662420 0.607914 0.665605 0.604317 0.668790 0.604317 0.678344 0.615108 0.681529 0.615108 0.684713 0.611511 0.684713 0.607914 0.681529 0.604317 0.681529 0.600719 0.671975 0.589928
0 0.286624 0.597122 0.283439 0.600719 0.280255 0.600719 0.280255 0.618705 0.283439 0.622302 0.283439 0.625899 0.286624 0.625899 0.289809 0.629496 0.296178 0.629496 0.299363 0.625899 0.299363 0.607914 0.292994 0.600719 0.289809 0.600719
0 0.009554 0.600719 0.006369 0.604317 0.006369 0.618705 0.009554 0.618705 0.012739 0.622302 0.015924 0.622302 0.019108 0.618705 0.022293 0.618705 0.025478 0.615108 0.025478 0.607914 0.022293 0.604317 0.022293 0.600719
0 0.257962 0.607914 0.254777 0.604317 0.251592 0.604317 0.248408 0.607914 0.245223 0.607914 0.245223 0.618705 0.254777 0.618705 0.257962 0.615108
0 0.264331 0.622302 0.261146 0.625899 0.261146 0.640288 0.267516 0.647482 0.273885 0.647482 0.277070 0.643885 0.277070 0.633094 0.273885 0.629496 0.273885 0.625899 0.270701 0.625899 0.267516 0.622302
0 0.805732 0.633094 0.802548 0.636691 0.802548 0.640288 0.805732 0.643885 0.805732 0.647482 0.808917 0.651079 0.808917 0.654676 0.818471 0.654676 0.818471 0.636691 0.815287 0.633094
0 0.369427 0.636691 0.359873 0.636691 0.353503 0.643885 0.337580 0.643885 0.334395 0.647482 0.334395 0.658273 0.359873 0.658273 0.369427 0.647482
0 0.675159 0.643885 0.675159 0.654676 0.678344 0.658273 0.681529 0.658273 0.684713 0.661871 0.691083 0.661871 0.694268 0.658273 0.694268 0.647482 0.691083 0.643885 0.684713 0.643885 0.681529 0.640288 0.678344 0.643885
0 0.111465 0.643885 0.108280 0.647482 0.105096 0.647482 0.105096 0.651079 0.101911 0.654676 0.105096 0.658273 0.101911 0.661871 0.101911 0.665468 0.105096 0.669065 0.105096 0.672662 0.108280 0.676259 0.117834 0.676259 0.121019 0.672662 0.121019 0.665468 0.117834 0.661871 0.117834 0.658273 0.121019 0.654676 0.117834 0.651079 0.117834 0.647482 0.114650 0.647482
0 0.557325 0.647482 0.547771 0.647482 0.531847 0.672662 0.522293 0.694245 0.522293 0.708633 0.525478 0.712230 0.531847 0.712230 0.541401 0.705036 0.554140 0.676259 0.560510 0.669065 0.560510 0.651079
0 0.901274 0.672662 0.891720 0.665468 0.885350 0.665468 0.882166 0.669065 0.878981 0.679856 0.866242 0.694245 0.866242 0.697842 0.863057 0.701439 0.866242 0.705036 0.882166 0.705036 0.885350 0.701439 0.891720 0.701439 0.894904 0.697842 0.898089 0.697842 0.904459 0.687050 0.904459 0.683453 0.901274 0.679856
0 0.292994 0.669065 0.289809 0.672662 0.289809 0.679856 0.292994 0.679856 0.299363 0.687050 0.299363 0.690647 0.305732 0.697842 0.308917 0.697842 0.315287 0.690647 0.315287 0.683453 0.312102 0.679856 0.308917 0.679856 0.299363 0.669065
0 0.337580 0.676259 0.334395 0.679856 0.331210 0.679856 0.331210 0.690647 0.334395 0.694245 0.337580 0.694245 0.340764 0.690647 0.340764 0.679856
0 0.242038 0.683453 0.235669 0.683453 0.232484 0.679856 0.229299 0.683453 0.222930 0.683453 0.219745 0.687050 0.219745 0.697842 0.222930 0.701439 0.226115 0.701439 0.229299 0.705036 0.232484 0.705036 0.242038 0.694245
0 0.719745 0.683453 0.719745 0.687050 0.716561 0.690647 0.719745 0.694245 0.719745 0.697842 0.726115 0.705036 0.729299 0.705036 0.732484 0.708633 0.738854 0.708633 0.745223 0.701439 0.745223 0.687050 0.738854 0.679856 0.726115 0.679856 0.722930 0.683453
0 0.015924 0.694245 0.012739 0.694245 0.003185 0.705036 0.003185 0.737410 0.012739 0.733813 0.025478 0.712230 0.025478 0.701439
0 0.114650 0.697842 0.114650 0.705036 0.133758 0.705036 0.133758 0.701439 0.130573 0.697842 0.124204 0.697842 0.121019 0.694245 0.117834 0.697842
0 0.678344 0.701439 0.671975 0.708633 0.668790 0.708633 0.668790 0.715827 0.662420 0.723022 0.662420 0.726619 0.675159 0.726619 0.678344 0.723022 0.678344 0.715827 0.681529 0.712230 0.681529 0.705036
0 0.162420 0.712230 0.165605 0.715827 0.165605 0.719424 0.168790 0.723022 0.171975 0.723022 0.175159 0.726619 0.178344 0.726619 0.184713 0.719424 0.181529 0.715827 0.181529 0.712230 0.178344 0.708633 0.165605 0.708633
0 0.321656 0.715827 0.321656 0.719424 0.318471 0.723022 0.318471 0.730216 0.321656 0.733813 0.324841 0.733813 0.328025 0.737410 0.334395 0.737410 0.337580 0.741007 0.343949 0.741007 0.350318 0.733813 0.350318 0.723022 0.347134 0.719424 0.343949 0.719424 0.340764 0.715827 0.334395 0.715827 0.331210 0.712230 0.328025 0.712230 0.324841 0.715827
0 0.595541 0.723022 0.595541 0.733813 0.598726 0.737410 0.614650 0.737410 0.617834 0.741007 0.624204 0.741007 0.627389 0.737410 0.633758 0.737410 0.636943 0.733813 0.636943 0.726619 0.633758 0.723022 0.630573 0.723022 0.627389 0.719424 0.621019 0.719424 0.617834 0.715827 0.605096 0.715827
0 0.388535 0.726619 0.375796 0.726619 0.375796 0.730216 0.369427 0.737410 0.369427 0.741007 0.363057 0.751799 0.363057 0.758993 0.366242 0.758993 0.369427 0.755396 0.372611 0.755396 0.378981 0.748201 0.382166 0.748201 0.382166 0.744604 0.388535 0.737410
0 0.461783 0.733813 0.449045 0.733813 0.442675 0.741007 0.442675 0.762590 0.452229 0.762590 0.458599 0.755396 0.458599 0.751799 0.461783 0.748201
0 0.124204 0.748201 0.127389 0.751799 0.133758 0.751799 0.136943 0.748201 0.140127 0.748201 0.140127 0.744604 0.143312 0.741007 0.140127 0.737410 0.127389 0.737410 0.124204 0.741007
0 0.751592 0.737410 0.748408 0.741007 0.748408 0.748201 0.754777 0.755396 0.757962 0.755396 0.764331 0.748201 0.764331 0.744604 0.757962 0.737410
0 0.044586 0.751799 0.041401 0.751799 0.038217 0.755396 0.038217 0.769784 0.044586 0.769784 0.047771 0.766187 0.047771 0.755396
0 0.203822 0.755396 0.200637 0.758993 0.200637 0.791367 0.203822 0.794964 0.213376 0.794964 0.216561 0.791367 0.216561 0.787770 0.219745 0.784173 0.219745 0.780576 0.216561 0.776978 0.216561 0.773381 0.213376 0.769784 0.213376 0.766187 0.210191 0.762590 0.210191 0.758993 0.207006 0.755396
0 0.299363 0.755396 0.286624 0.755396 0.286624 0.758993 0.283439 0.762590 0.283439 0.766187 0.289809 0.773381 0.292994 0.773381 0.299363 0.766187
0 0.796178 0.773381 0.792994 0.776978 0.796178 0.823741 0.799363 0.827338 0.796178 0.834532 0.799363 0.838129 0.799363 0.856115 0.802548 0.863309 0.808917 0.863309 0.808917 0.838129 0.805732 0.834532 0.805732 0.816547 0.802548 0.812950 0.799363 0.773381
0 0.308917 0.791367 0.305732 0.794964 0.305732 0.798561 0.302548 0.802158 0.302548 0.805755 0.308917 0.812950 0.315287 0.812950 0.318471 0.809353 0.321656 0.809353 0.324841 0.805755 0.324841 0.798561 0.318471 0.791367
0 0.563694 0.798561 0.557325 0.809353 0.557325 0.823741 0.573248 0.820144 0.576433 0.823741 0.579618 0.823741 0.585987 0.830935 0.585987 0.834532 0.589172 0.834532 0.592357 0.838129 0.592357 0.834532 0.595541 0.830935 0.595541 0.823741 0.592357 0.820144 0.592357 0.809353 0.589172 0.805755 0.589172 0.802158 0.585987 0.802158 0.576433 0.794964 0.573248 0.794964 0.570064 0.798561
0 0.401274 0.802158 0.398089 0.798561 0.385350 0.798561 0.382166 0.802158 0.378981 0.802158 0.375796 0.805755 0.375796 0.816547 0.394904 0.816547 0.401274 0.809353
0 0.726115 0.809353 0.707006 0.809353 0.703822 0.812950 0.697452 0.812950 0.694268 0.816547 0.694268 0.823741 0.691083 0.827338 0.694268 0.838129 0.703822 0.845324 0.713376 0.845324 0.716561 0.841727 0.719745 0.841727 0.726115 0.834532 0.726115 0.830935 0.729299 0.827338 0.729299 0.812950
0 0.194268 0.830935 0.194268 0.834532 0.197452 0.838129 0.197452 0.841727 0.203822 0.848921 0.213376 0.848921 0.219745 0.841727 0.219745 0.834532 0.216561 0.830935 0.210191 0.830935 0.207006 0.827338 0.197452 0.827338
0 0.047771 0.834532 0.041401 0.841727 0.041401 0.845324 0.050955 0.856115 0.057325 0.856115 0.057325 0.848921 0.054140 0.845324 0.054140 0.838129 0.050955 0.834532
0 0.092357 0.859712 0.089172 0.863309 0.089172 0.866906 0.092357 0.870504 0.092357 0.877698 0.095541 0.881295 0.101911 0.881295 0.105096 0.877698 0.105096 0.870504 0.098726 0.863309 0.095541 0.863309
