0 0.282540 0.003597 0.282540 0.017986 0.301587 0.035971 0.311111 0.035971 0.314286 0.032374 0.317460 0.032374 0.317460 0.028777 0.326984 0.014388 0.326984 0.003597 0.323810 0.003597 0.320635 0.000000 0.288889 0.000000 0.285714 0.003597
0 0.593651 0.010791 0.596825 0.028777 0.612698 0.046763 0.628571 0.057554 0.641270 0.053957 0.647619 0.046763 0.650794 0.032374 0.660317 0.021583 0.660317 0.014388 0.653968 0.007194 0.603175 0.003597
0 0.726984 0.010791 0.723810 0.010791 0.720635 0.014388 0.717460 0.014388 0.717460 0.017986 0.714286 0.021583 0.717460 0.025180 0.717460 0.028777 0.720635 0.028777 0.723810 0.032374 0.726984 0.028777 0.730159 0.028777 0.733333 0.025180 0.733333 0.017986
0 0.993651 0.053957 0.984127 0.061151 0.984127 0.071942 0.980952 0.075540 0.980952 0.082734 0.984127 0.086331 0.984127 0.093525 0.987302 0.097122 0.987302 0.100719 0.993651 0.107914 0.996825 0.104317 0.996825 0.086331 0.993651 0.082734 0.993651 0.079137 0.996825 0.075540 0.996825 0.057554
0 0.704762 0.082734 0.698413 0.097122 0.698413 0.111511 0.711111 0.136691 0.733333 0.143885 0.771429 0.136691 0.780952 0.125899 0.777778 0.100719 0.749206 0.071942 0.726984 0.068345
0 0.311111 0.104317 0.311111 0.111511 0.317460 0.122302 0.349206 0.129496 0.371429 0.118705 0.380952 0.107914 0.380952 0.089928 0.371429 0.079137 0.361905 0.079137 0.349206 0.071942 0.336508 0.071942 0.317460 0.086331
0 0.819048 0.086331 0.819048 0.111511 0.828571 0.122302 0.841270 0.129496 0.857143 0.129496 0.869841 0.122302 0.869841 0.104317 0.857143 0.086331 0.844444 0.079137 0.825397 0.079137
0 0.520635 0.097122 0.507937 0.111511 0.504762 0.129496 0.507937 0.133094 0.507937 0.140288 0.514286 0.147482 0.520635 0.151079 0.533333 0.151079 0.539683 0.143885 0.542857 0.143885 0.542857 0.129496 0.546032 0.125899 0.546032 0.115108 0.542857 0.107914 0.533333 0.097122
0 0.149206 0.107914 0.146032 0.107914 0.142857 0.104317 0.139683 0.107914 0.130159 0.111511 0.120635 0.122302 0.120635 0.129496 0.117460 0.133094 0.117460 0.143885 0.123810 0.154676 0.139683 0.154676 0.152381 0.143885 0.152381 0.140288 0.155556 0.136691 0.155556 0.115108
0 0.561905 0.104317 0.549206 0.115108 0.549206 0.125899 0.546032 0.129496 0.546032 0.143885 0.555556 0.158273 0.574603 0.158273 0.584127 0.147482 0.584127 0.140288 0.587302 0.136691 0.587302 0.115108 0.577778 0.104317
0 0.377778 0.140288 0.361905 0.140288 0.346032 0.154676 0.339683 0.169065 0.339683 0.183453 0.346032 0.190647 0.361905 0.190647 0.374603 0.176259 0.377778 0.169065 0.377778 0.161871 0.380952 0.158273 0.380952 0.143885
0 0.641270 0.161871 0.638095 0.161871 0.634921 0.165468 0.628571 0.165468 0.619048 0.176259 0.619048 0.194245 0.622222 0.197842 0.631746 0.197842 0.634921 0.194245 0.641270 0.194245 0.641270 0.190647 0.647619 0.183453 0.647619 0.169065
0 0.850794 0.176259 0.850794 0.190647 0.863492 0.205036 0.869841 0.205036 0.873016 0.208633 0.898413 0.208633 0.911111 0.197842 0.911111 0.183453 0.898413 0.172662 0.888889 0.172662 0.876190 0.165468 0.863492 0.165468
0 0.987302 0.165468 0.974603 0.172662 0.968254 0.179856 0.965079 0.187050 0.965079 0.208633 0.977778 0.223022 0.993651 0.226619 0.993651 0.219424 0.996825 0.215827 0.996825 0.169065 0.993651 0.165468
0 0.571429 0.172662 0.561905 0.179856 0.561905 0.183453 0.558730 0.187050 0.558730 0.194245 0.561905 0.197842 0.561905 0.201439 0.565079 0.201439 0.568254 0.205036 0.580952 0.205036 0.587302 0.197842 0.587302 0.183453 0.584127 0.179856 0.584127 0.176259 0.580952 0.176259 0.577778 0.172662
0 0.485714 0.176259 0.482540 0.179856 0.479365 0.179856 0.473016 0.190647 0.473016 0.212230 0.476190 0.215827 0.476190 0.219424 0.492063 0.223022 0.495238 0.219424 0.501587 0.219424 0.504762 0.215827 0.507937 0.215827 0.514286 0.205036 0.514286 0.197842 0.511111 0.194245 0.511111 0.190647 0.501587 0.179856
0 0.225397 0.197842 0.225397 0.208633 0.231746 0.215827 0.231746 0.219424 0.238095 0.223022 0.266667 0.223022 0.279365 0.212230 0.279365 0.201439 0.269841 0.190647 0.257143 0.183453 0.241270 0.183453 0.238095 0.187050 0.231746 0.187050
0 0.723810 0.205036 0.707937 0.190647 0.685714 0.187050 0.663492 0.208633 0.660317 0.215827 0.660317 0.233813 0.663492 0.241007 0.673016 0.248201 0.701587 0.241007 0.714286 0.233813 0.723810 0.223022 0.726984 0.215827
0 0.415873 0.201439 0.409524 0.197842 0.393651 0.201439 0.368254 0.223022 0.365079 0.233813 0.358730 0.241007 0.358730 0.262590 0.365079 0.269784 0.374603 0.269784 0.390476 0.262590 0.415873 0.233813 0.419048 0.226619 0.419048 0.208633
0 0.174603 0.215827 0.174603 0.223022 0.180952 0.230216 0.184127 0.230216 0.187302 0.233813 0.200000 0.233813 0.206349 0.226619 0.206349 0.223022 0.196825 0.212230 0.177778 0.212230
0 0.549206 0.212230 0.539683 0.212230 0.536508 0.215827 0.533333 0.215827 0.517460 0.233813 0.517460 0.248201 0.520635 0.251799 0.523810 0.251799 0.526984 0.255396 0.542857 0.255396 0.549206 0.248201 0.549206 0.244604 0.552381 0.241007 0.552381 0.233813 0.555556 0.230216 0.555556 0.219424
0 0.615873 0.223022 0.593651 0.219424 0.571429 0.241007 0.568254 0.248201 0.568254 0.258993 0.577778 0.276978 0.593651 0.276978 0.615873 0.258993 0.622222 0.244604 0.622222 0.230216
0 0.577778 0.294964 0.565079 0.284173 0.552381 0.287770 0.511111 0.323741 0.511111 0.338129 0.520635 0.348921 0.539683 0.348921 0.552381 0.341727 0.571429 0.323741 0.577778 0.309353
0 0.117460 0.291367 0.107937 0.305755 0.107937 0.327338 0.111111 0.330935 0.111111 0.338129 0.120635 0.348921 0.133333 0.352518 0.149206 0.338129 0.152381 0.316547 0.149206 0.309353 0.136508 0.294964
0 0.882540 0.294964 0.873016 0.302158 0.873016 0.305755 0.869841 0.309353 0.869841 0.316547 0.873016 0.320144 0.876190 0.330935 0.882540 0.338129 0.885714 0.338129 0.888889 0.341727 0.895238 0.341727 0.898413 0.338129 0.901587 0.338129 0.911111 0.327338 0.911111 0.320144 0.907937 0.316547 0.907937 0.309353 0.904762 0.305755 0.904762 0.302158 0.898413 0.294964
0 0.993651 0.302158 0.990476 0.305755 0.984127 0.305755 0.965079 0.330935 0.965079 0.348921 0.977778 0.359712 0.993651 0.359712 0.993651 0.352518 0.996825 0.348921 0.996825 0.309353
0 0.200000 0.330935 0.193651 0.330935 0.180952 0.352518 0.180952 0.363309 0.187302 0.374101 0.190476 0.374101 0.193651 0.370504 0.203175 0.366906 0.203175 0.363309 0.209524 0.356115 0.209524 0.341727 0.206349 0.338129 0.206349 0.334532 0.203175 0.334532
0 0.390476 0.352518 0.390476 0.374101 0.396825 0.377698 0.444444 0.374101 0.457143 0.366906 0.457143 0.356115 0.450794 0.348921 0.419048 0.334532 0.403175 0.334532 0.396825 0.338129
0 0.768254 0.341727 0.765079 0.345324 0.765079 0.366906 0.774603 0.377698 0.790476 0.377698 0.793651 0.374101 0.793651 0.341727 0.790476 0.338129 0.774603 0.338129 0.771429 0.341727
0 0.247619 0.352518 0.250794 0.374101 0.260317 0.388489 0.285714 0.395683 0.288889 0.392086 0.295238 0.392086 0.301587 0.384892 0.301587 0.374101 0.292063 0.356115 0.279365 0.352518 0.276190 0.348921 0.253968 0.348921
0 0.587302 0.395683 0.590476 0.417266 0.603175 0.424460 0.631746 0.424460 0.634921 0.420863 0.666667 0.424460 0.682540 0.410072 0.685714 0.381295 0.679365 0.366906 0.657143 0.352518 0.631746 0.352518 0.612698 0.363309
0 0.876190 0.366906 0.876190 0.377698 0.879365 0.384892 0.892063 0.395683 0.904762 0.395683 0.907937 0.392086 0.923810 0.388489 0.930159 0.377698 0.930159 0.374101 0.920635 0.363309 0.914286 0.359712 0.907937 0.359712 0.898413 0.352518 0.885714 0.352518
0 0.847619 0.374101 0.828571 0.370504 0.809524 0.384892 0.803175 0.399281 0.803175 0.406475 0.806349 0.410072 0.809524 0.428058 0.819048 0.438849 0.834921 0.438849 0.844444 0.431655 0.847619 0.410072 0.853968 0.402878 0.853968 0.381295
0 0.961905 0.370504 0.955556 0.377698 0.955556 0.395683 0.958730 0.399281 0.971429 0.399281 0.980952 0.388489 0.980952 0.377698 0.974603 0.370504
0 0.485714 0.374101 0.463492 0.374101 0.447619 0.395683 0.450794 0.402878 0.450794 0.435252 0.453968 0.438849 0.453968 0.449640 0.460317 0.456835 0.476190 0.453237 0.492063 0.428058 0.495238 0.417266 0.495238 0.381295
0 0.212698 0.381295 0.206349 0.388489 0.206349 0.410072 0.209524 0.413669 0.222222 0.413669 0.228571 0.406475 0.228571 0.388489 0.222222 0.381295
0 0.444444 0.395683 0.431746 0.392086 0.428571 0.395683 0.419048 0.395683 0.409524 0.402878 0.403175 0.402878 0.390476 0.420863 0.393651 0.431655 0.406349 0.446043 0.412698 0.446043 0.415873 0.449640 0.428571 0.449640 0.434921 0.446043 0.447619 0.431655 0.447619 0.402878
0 0.946032 0.438849 0.936508 0.424460 0.930159 0.424460 0.914286 0.435252 0.911111 0.431655 0.892063 0.431655 0.885714 0.438849 0.885714 0.446043 0.882540 0.449640 0.885714 0.467626 0.901587 0.478417 0.920635 0.478417 0.923810 0.474820 0.930159 0.474820 0.942857 0.460432
0 0.539683 0.431655 0.533333 0.438849 0.533333 0.442446 0.530159 0.446043 0.530159 0.453237 0.526984 0.456835 0.526984 0.471223 0.530159 0.474820 0.530159 0.496403 0.536508 0.496403 0.539683 0.492806 0.542857 0.492806 0.542857 0.489209 0.546032 0.485612 0.546032 0.446043 0.542857 0.442446 0.542857 0.435252
0 0.130159 0.438849 0.126984 0.442446 0.126984 0.464029 0.123810 0.467626 0.126984 0.485612 0.136508 0.492806 0.149206 0.492806 0.165079 0.478417 0.165079 0.460432 0.152381 0.442446 0.146032 0.438849
0 0.523810 0.464029 0.517460 0.464029 0.514286 0.467626 0.504762 0.467626 0.501587 0.471223 0.495238 0.471223 0.492063 0.474820 0.488889 0.474820 0.485714 0.478417 0.485714 0.489209 0.495238 0.496403 0.526984 0.496403 0.526984 0.474820 0.523810 0.471223
0 0.215873 0.467626 0.206349 0.467626 0.200000 0.474820 0.200000 0.478417 0.196825 0.482014 0.196825 0.489209 0.193651 0.492806 0.193651 0.500000 0.203175 0.510791 0.209524 0.510791 0.219048 0.500000 0.219048 0.496403 0.222222 0.492806 0.222222 0.474820
0 0.844444 0.507194 0.834921 0.496403 0.815873 0.492806 0.790476 0.507194 0.780952 0.521583 0.780952 0.539568 0.787302 0.546763 0.793651 0.546763 0.796825 0.550360 0.815873 0.546763 0.834921 0.535971 0.844444 0.521583
0 0.165079 0.528777 0.152381 0.528777 0.146032 0.535971 0.146032 0.539568 0.142857 0.543165 0.142857 0.564748 0.149206 0.571942 0.158730 0.571942 0.168254 0.561151 0.168254 0.553957 0.171429 0.550360 0.171429 0.535971
0 0.241270 0.528777 0.234921 0.535971 0.234921 0.539568 0.231746 0.543165 0.231746 0.550360 0.228571 0.553957 0.228571 0.561151 0.231746 0.564748 0.244444 0.564748 0.247619 0.568345 0.253968 0.568345 0.253968 0.561151 0.257143 0.557554 0.257143 0.535971 0.253968 0.532374 0.253968 0.528777
0 0.441270 0.528777 0.422222 0.528777 0.415873 0.535971 0.412698 0.535971 0.406349 0.546763 0.409524 0.557554 0.415873 0.564748 0.419048 0.564748 0.422222 0.568345 0.428571 0.568345 0.431746 0.564748 0.434921 0.564748 0.444444 0.553957 0.444444 0.532374
0 0.644444 0.553957 0.644444 0.564748 0.650794 0.571942 0.653968 0.582734 0.669841 0.582734 0.673016 0.579137 0.676190 0.579137 0.682540 0.568345 0.679365 0.557554 0.669841 0.546763 0.653968 0.546763
0 0.228571 0.564748 0.222222 0.571942 0.222222 0.575540 0.219048 0.579137 0.219048 0.586331 0.225397 0.593525 0.228571 0.593525 0.231746 0.597122 0.241270 0.597122 0.244444 0.593525 0.247619 0.593525 0.253968 0.586331 0.253968 0.571942 0.247619 0.571942 0.244444 0.568345 0.231746 0.568345
0 0.352381 0.575540 0.349206 0.579137 0.349206 0.589928 0.352381 0.593525 0.355556 0.604317 0.358730 0.607914 0.371429 0.607914 0.380952 0.597122 0.380952 0.582734 0.371429 0.571942 0.358730 0.571942 0.355556 0.575540
0 0.587302 0.611511 0.580952 0.597122 0.565079 0.579137 0.558730 0.575540 0.539683 0.575540 0.526984 0.582734 0.511111 0.600719 0.507937 0.607914 0.507937 0.633094 0.511111 0.636691 0.526984 0.636691 0.542857 0.625899 0.565079 0.622302
0 0.390476 0.647482 0.368254 0.647482 0.355556 0.661871 0.355556 0.665468 0.352381 0.669065 0.352381 0.683453 0.361905 0.690647 0.371429 0.690647 0.374603 0.687050 0.390476 0.679856 0.396825 0.672662 0.396825 0.658273
0 0.580952 0.654676 0.580952 0.658273 0.577778 0.661871 0.577778 0.676259 0.584127 0.687050 0.603175 0.687050 0.619048 0.676259 0.619048 0.658273 0.612698 0.651079 0.609524 0.651079 0.606349 0.647482 0.590476 0.647482
0 0.514286 0.661871 0.514286 0.672662 0.523810 0.683453 0.526984 0.683453 0.536508 0.690647 0.549206 0.690647 0.558730 0.683453 0.555556 0.665468 0.546032 0.651079 0.526984 0.651079
0 0.403175 0.690647 0.403175 0.697842 0.412698 0.708633 0.419048 0.708633 0.422222 0.712230 0.428571 0.712230 0.431746 0.715827 0.441270 0.715827 0.447619 0.705036 0.447619 0.701439 0.441270 0.690647 0.438095 0.690647 0.428571 0.683453 0.422222 0.683453 0.419048 0.679856 0.415873 0.683453 0.409524 0.683453
0 0.206349 0.687050 0.203175 0.690647 0.193651 0.690647 0.190476 0.694245 0.190476 0.701439 0.187302 0.705036 0.187302 0.712230 0.190476 0.715827 0.190476 0.719424 0.200000 0.730216 0.206349 0.730216 0.209524 0.726619 0.212698 0.726619 0.219048 0.719424 0.219048 0.715827 0.222222 0.712230 0.222222 0.697842 0.215873 0.690647 0.209524 0.690647
0 0.501587 0.701439 0.498413 0.723022 0.501587 0.730216 0.514286 0.741007 0.552381 0.755396 0.555556 0.751799 0.565079 0.751799 0.571429 0.744604 0.571429 0.723022 0.561905 0.712230 0.549206 0.708633 0.533333 0.694245 0.517460 0.690647
0 0.720635 0.701439 0.704762 0.690647 0.688889 0.690647 0.676190 0.697842 0.666667 0.715827 0.666667 0.741007 0.669841 0.744604 0.685714 0.744604 0.707937 0.733813 0.714286 0.726619 0.717460 0.726619 0.720635 0.719424
0 0.993651 0.694245 0.990476 0.697842 0.990476 0.701439 0.987302 0.705036 0.987302 0.723022 0.990476 0.726619 0.990476 0.733813 0.993651 0.737410 0.993651 0.741007
0 0.920635 0.712230 0.911111 0.712230 0.907937 0.715827 0.907937 0.719424 0.904762 0.723022 0.904762 0.726619 0.898413 0.733813 0.898413 0.741007 0.901587 0.744604 0.914286 0.730216 0.917460 0.730216 0.920635 0.726619 0.920635 0.723022 0.923810 0.719424 0.920635 0.715827
0 0.352381 0.733813 0.355556 0.744604 0.365079 0.755396 0.371429 0.755396 0.374603 0.758993 0.403175 0.758993 0.412698 0.751799 0.412698 0.730216 0.409524 0.723022 0.400000 0.715827 0.365079 0.715827 0.358730 0.719424
0 0.971429 0.715827 0.965079 0.715827 0.955556 0.726619 0.955556 0.730216 0.949206 0.741007 0.949206 0.748201 0.955556 0.755396 0.958730 0.755396 0.961905 0.751799 0.971429 0.751799 0.974603 0.748201 0.974603 0.719424
0 0.644444 0.726619 0.628571 0.726619 0.615873 0.737410 0.612698 0.737410 0.612698 0.741007 0.603175 0.755396 0.606349 0.766187 0.615873 0.773381 0.631746 0.773381 0.638095 0.766187 0.641270 0.766187 0.650794 0.751799 0.650794 0.733813
0 0.365079 0.776978 0.361905 0.780576 0.361905 0.798561 0.374603 0.827338 0.377778 0.827338 0.384127 0.834532 0.396825 0.834532 0.403175 0.830935 0.412698 0.820144 0.412698 0.802158 0.409524 0.794964 0.393651 0.780576 0.387302 0.780576 0.384127 0.776978
0 0.161905 0.794964 0.133333 0.798561 0.120635 0.805755 0.107937 0.820144 0.107937 0.852518 0.117460 0.866906 0.126984 0.866906 0.130159 0.870504 0.146032 0.866906 0.161905 0.845324 0.168254 0.830935 0.168254 0.802158
0 0.904762 0.798561 0.901587 0.802158 0.898413 0.802158 0.892063 0.809353 0.892063 0.812950 0.888889 0.816547 0.888889 0.827338 0.892063 0.830935 0.892063 0.838129 0.895238 0.841727 0.898413 0.841727 0.901587 0.838129 0.904762 0.838129 0.911111 0.830935 0.914286 0.830935 0.914286 0.827338 0.917460 0.823741 0.917460 0.812950 0.914286 0.809353 0.914286 0.805755
0 0.253968 0.830935 0.250794 0.834532 0.250794 0.848921 0.238095 0.863309 0.238095 0.874101 0.247619 0.884892 0.253968 0.884892 0.269841 0.895683 0.288889 0.899281 0.301587 0.892086 0.311111 0.874101 0.301587 0.852518 0.292063 0.841727 0.279365 0.834532
0 0.955556 0.848921 0.955556 0.852518 0.965079 0.859712 0.974603 0.859712 0.977778 0.856115 0.987302 0.856115 0.993651 0.848921 0.993651 0.830935 0.971429 0.830935 0.965079 0.838129 0.961905 0.838129
