0 0.469841 0.093190 0.460317 0.103943 0.460317 0.118280 0.463492 0.121864 0.463492 0.125448 0.473016 0.136201 0.476190 0.136201 0.479365 0.139785 0.485714 0.139785 0.488889 0.136201 0.492063 0.136201 0.492063 0.132616 0.495238 0.129032 0.495238 0.114695 0.492063 0.111111 0.492063 0.107527 0.482540 0.096774 0.482540 0.093190
0 0.603175 0.103943 0.596825 0.103943 0.593651 0.107527 0.593651 0.114695 0.590476 0.118280 0.590476 0.132616 0.587302 0.136201 0.587302 0.143369 0.593651 0.143369 0.593651 0.139785 0.596825 0.136201 0.596825 0.132616 0.603175 0.121864
0 0.352381 0.114695 0.349206 0.118280 0.346032 0.118280 0.336508 0.129032 0.336508 0.146953 0.342857 0.157706 0.346032 0.157706 0.355556 0.164875 0.358730 0.161290 0.361905 0.164875 0.368254 0.164875 0.368254 0.157706 0.365079 0.154122 0.365079 0.118280 0.361905 0.118280 0.358730 0.114695
0 0.368254 0.114695 0.368254 0.154122 0.371429 0.157706 0.371429 0.168459 0.374603 0.168459 0.384127 0.161290 0.384127 0.125448 0.380952 0.121864 0.380952 0.118280 0.377778 0.118280 0.374603 0.114695
0 0.450794 0.132616 0.438095 0.132616 0.428571 0.143369 0.428571 0.164875 0.431746 0.164875 0.434921 0.168459 0.444444 0.168459 0.453968 0.157706 0.453968 0.136201
0 0.307937 0.139785 0.298413 0.139785 0.295238 0.143369 0.295238 0.146953 0.288889 0.154122 0.288889 0.157706 0.285714 0.161290 0.285714 0.168459 0.288889 0.172043 0.288889 0.175627 0.295238 0.175627 0.298413 0.172043 0.298413 0.168459 0.311111 0.154122 0.311111 0.143369
0 0.574603 0.143369 0.561905 0.143369 0.558730 0.146953 0.555556 0.146953 0.555556 0.150538 0.552381 0.154122 0.552381 0.175627 0.558730 0.186380 0.568254 0.186380 0.577778 0.175627 0.577778 0.172043 0.580952 0.168459 0.580952 0.150538
0 0.120635 0.150538 0.107937 0.154122 0.092063 0.189964 0.092063 0.200717 0.098413 0.207885 0.098413 0.211470 0.104762 0.215054 0.114286 0.215054 0.123810 0.200717 0.123810 0.193548 0.120635 0.189964 0.120635 0.161290 0.123810 0.154122
0 0.336508 0.157706 0.330159 0.164875 0.330159 0.189964 0.333333 0.193548 0.333333 0.200717 0.342857 0.211470 0.346032 0.211470 0.358730 0.200717 0.358730 0.197133 0.361905 0.193548 0.361905 0.175627 0.352381 0.164875
0 0.460317 0.197133 0.450794 0.200717 0.450794 0.204301 0.447619 0.207885 0.447619 0.222222 0.444444 0.225806 0.444444 0.232975 0.447619 0.236559 0.447619 0.240143 0.450794 0.240143 0.453968 0.243728 0.463492 0.240143 0.469841 0.232975 0.469841 0.229391 0.473016 0.225806 0.473016 0.215054 0.469841 0.211470 0.469841 0.204301
0 0.761905 0.211470 0.755556 0.211470 0.755556 0.215054 0.752381 0.218638 0.752381 0.229391 0.761905 0.218638
0 0.304762 0.215054 0.288889 0.215054 0.279365 0.225806 0.279365 0.265233 0.282540 0.268817 0.292063 0.268817 0.311111 0.250896 0.311111 0.240143 0.314286 0.236559 0.314286 0.229391
0 0.349206 0.218638 0.349206 0.222222 0.346032 0.225806 0.346032 0.229391 0.349206 0.232975 0.349206 0.240143 0.352381 0.243728 0.368254 0.243728 0.371429 0.240143 0.374603 0.240143 0.374603 0.222222 0.371429 0.218638 0.368254 0.218638 0.365079 0.215054 0.355556 0.215054 0.352381 0.218638
0 0.422222 0.225806 0.415873 0.232975 0.415873 0.261649 0.419048 0.265233 0.419048 0.268817 0.428571 0.272401 0.438095 0.265233 0.438095 0.250896 0.441270 0.247312 0.441270 0.240143 0.438095 0.236559 0.438095 0.232975 0.431746 0.225806
0 0.542857 0.243728 0.533333 0.243728 0.530159 0.247312 0.526984 0.247312 0.523810 0.250896 0.523810 0.254480 0.520635 0.258065 0.520635 0.265233 0.517460 0.268817 0.520635 0.293907 0.526984 0.301075 0.536508 0.297491 0.546032 0.286738 0.546032 0.279570 0.549206 0.275986 0.549206 0.268817 0.552381 0.265233 0.552381 0.254480
0 0.504762 0.247312 0.488889 0.247312 0.479365 0.254480 0.479365 0.261649 0.476190 0.265233 0.476190 0.286738 0.485714 0.301075 0.495238 0.297491 0.507937 0.283154 0.507937 0.279570 0.511111 0.275986 0.511111 0.254480
0 0.260317 0.279570 0.253968 0.279570 0.244444 0.290323 0.244444 0.293907 0.228571 0.315412 0.228571 0.318996 0.212698 0.336918 0.212698 0.344086 0.215873 0.347670 0.219048 0.347670 0.253968 0.304659 0.260317 0.290323
0 0.323810 0.279570 0.317460 0.279570 0.301587 0.290323 0.301587 0.308244 0.304762 0.311828 0.304762 0.315412 0.311111 0.322581 0.320635 0.322581 0.330159 0.311828 0.330159 0.308244 0.333333 0.304659 0.333333 0.286738
0 0.593651 0.290323 0.587302 0.301075 0.587302 0.311828 0.584127 0.315412 0.584127 0.329749 0.577778 0.336918 0.587302 0.336918 0.600000 0.347670 0.603175 0.347670 0.606349 0.344086 0.606349 0.329749 0.609524 0.326165 0.609524 0.301075 0.603175 0.290323
0 0.774603 0.290323 0.768254 0.290323 0.765079 0.293907 0.765079 0.301075 0.758730 0.311828 0.758730 0.318996 0.755556 0.322581 0.755556 0.329749 0.752381 0.333333 0.752381 0.336918 0.755556 0.340502 0.761905 0.340502 0.761905 0.336918 0.768254 0.326165 0.768254 0.318996 0.771429 0.315412 0.771429 0.304659 0.774603 0.301075
0 0.453968 0.301075 0.444444 0.301075 0.431746 0.311828 0.428571 0.308244 0.425397 0.308244 0.422222 0.311828 0.422222 0.329749 0.428571 0.336918 0.431746 0.336918 0.441270 0.344086 0.447619 0.344086 0.453968 0.336918 0.457143 0.336918 0.463492 0.326165 0.463492 0.311828 0.460317 0.308244 0.460317 0.304659 0.457143 0.304659
0 0.352381 0.311828 0.339683 0.311828 0.336508 0.315412 0.333333 0.315412 0.333333 0.318996 0.330159 0.322581 0.326984 0.322581 0.326984 0.326165 0.323810 0.329749 0.323810 0.340502 0.330159 0.351254 0.336508 0.351254 0.339683 0.354839 0.342857 0.354839 0.346032 0.351254 0.349206 0.351254 0.355556 0.344086 0.355556 0.315412
0 0.263492 0.322581 0.260317 0.326165 0.260317 0.354839 0.263492 0.358423 0.263492 0.362007 0.279365 0.372760 0.288889 0.369176 0.288889 0.365591 0.292063 0.362007 0.292063 0.347670 0.288889 0.344086 0.285714 0.333333 0.282540 0.333333 0.279365 0.329749 0.279365 0.326165 0.276190 0.326165 0.273016 0.322581
0 0.374603 0.333333 0.365079 0.340502 0.361905 0.351254 0.365079 0.354839 0.365079 0.362007 0.371429 0.369176 0.371429 0.372760 0.374603 0.372760 0.380952 0.379928 0.384127 0.379928 0.393651 0.369176 0.393651 0.358423 0.390476 0.354839 0.387302 0.344086 0.380952 0.336918 0.377778 0.336918
0 0.882540 0.344086 0.876190 0.344086 0.876190 0.351254 0.873016 0.354839 0.873016 0.362007 0.869841 0.365591 0.869841 0.376344 0.866667 0.379928 0.866667 0.390681 0.869841 0.394265 0.873016 0.394265 0.876190 0.390681 0.876190 0.383513 0.879365 0.379928 0.879365 0.365591 0.882540 0.362007 0.882540 0.354839 0.885714 0.351254 0.885714 0.347670
0 0.488889 0.351254 0.476190 0.351254 0.466667 0.362007 0.463492 0.362007 0.460317 0.365591 0.460317 0.372760 0.457143 0.376344 0.457143 0.383513 0.460317 0.387097 0.460317 0.390681 0.463492 0.390681 0.466667 0.394265 0.476190 0.394265 0.479365 0.390681 0.492063 0.390681 0.498413 0.383513 0.498413 0.379928 0.501587 0.376344 0.501587 0.369176 0.498413 0.365591 0.498413 0.362007
0 0.346032 0.365591 0.342857 0.365591 0.339683 0.369176 0.333333 0.369176 0.326984 0.379928 0.326984 0.387097 0.330159 0.390681 0.330159 0.397849 0.333333 0.401434 0.333333 0.405018 0.349206 0.405018 0.355556 0.394265 0.355556 0.376344
0 0.415873 0.369176 0.406349 0.383513 0.409524 0.387097 0.409524 0.394265 0.419048 0.405018 0.422222 0.405018 0.425397 0.408602 0.431746 0.408602 0.434921 0.412186 0.444444 0.412186 0.447619 0.408602 0.447619 0.397849 0.441270 0.387097 0.441270 0.379928 0.438095 0.376344 0.438095 0.372760 0.434921 0.369176 0.425397 0.369176 0.422222 0.365591 0.419048 0.369176
0 0.307937 0.376344 0.304762 0.379928 0.304762 0.394265 0.307937 0.397849 0.307937 0.401434 0.317460 0.408602 0.323810 0.408602 0.326984 0.405018 0.330159 0.405018 0.330159 0.401434 0.326984 0.397849 0.326984 0.390681 0.323810 0.387097 0.323810 0.383513 0.320635 0.383513 0.317460 0.379928 0.314286 0.379928 0.311111 0.376344
0 0.526984 0.379928 0.523810 0.383513 0.520635 0.401434 0.523810 0.405018 0.523810 0.419355 0.530159 0.433692 0.542857 0.444444 0.565079 0.444444 0.571429 0.433692 0.571429 0.412186 0.561905 0.405018 0.542857 0.379928
0 0.476190 0.412186 0.466667 0.426523 0.469841 0.430108 0.469841 0.437276 0.488889 0.458781 0.495238 0.462366 0.504762 0.462366 0.511111 0.451613 0.511111 0.444444 0.507937 0.440860 0.507937 0.426523 0.498413 0.415771
0 0.336508 0.426523 0.317460 0.426523 0.298413 0.440860 0.298413 0.465950 0.304762 0.480287 0.317460 0.491039 0.330159 0.487455 0.336508 0.476703 0.336508 0.465950 0.342857 0.451613 0.342857 0.437276
0 0.676190 0.430108 0.669841 0.430108 0.653968 0.448029 0.653968 0.451613 0.650794 0.455197 0.650794 0.458781 0.657143 0.458781 0.676190 0.437276
0 0.387302 0.440860 0.380952 0.448029 0.380952 0.455197 0.377778 0.458781 0.377778 0.476703 0.387302 0.487455 0.406349 0.487455 0.412698 0.483871 0.419048 0.473118 0.419048 0.451613 0.406349 0.440860
0 0.444444 0.444444 0.438095 0.451613 0.438095 0.462366 0.434921 0.465950 0.434921 0.469534 0.438095 0.473118 0.438095 0.483871 0.444444 0.491039 0.444444 0.494624 0.453968 0.498208 0.463492 0.491039 0.463492 0.487455 0.469841 0.476703 0.469841 0.465950 0.466667 0.462366 0.466667 0.455197 0.457143 0.444444
0 0.304762 0.483871 0.301587 0.487455 0.295238 0.487455 0.292063 0.491039 0.288889 0.491039 0.288889 0.494624 0.285714 0.498208 0.285714 0.512545 0.288889 0.516129 0.288889 0.519713 0.295238 0.526882 0.314286 0.526882 0.314286 0.523297 0.317460 0.519713 0.317460 0.501792 0.314286 0.498208 0.314286 0.491039 0.311111 0.491039
0 0.568254 0.505376 0.555556 0.505376 0.546032 0.516129 0.546032 0.519713 0.542857 0.523297 0.542857 0.537634 0.546032 0.541219 0.546032 0.548387 0.552381 0.555556 0.561905 0.555556 0.571429 0.544803 0.571429 0.541219 0.574603 0.537634 0.574603 0.530466 0.577778 0.526882 0.577778 0.516129
0 0.393651 0.530466 0.393651 0.534050 0.390476 0.537634 0.390476 0.544803 0.400000 0.555556 0.412698 0.555556 0.422222 0.544803 0.422222 0.537634 0.415873 0.526882 0.400000 0.526882 0.396825 0.530466
0 0.698413 0.530466 0.692063 0.530466 0.692063 0.534050 0.688889 0.537634 0.688889 0.555556 0.692063 0.559140 0.692063 0.569892 0.695238 0.573477 0.698413 0.569892
0 0.638095 0.537634 0.631746 0.544803 0.631746 0.559140 0.634921 0.562724 0.634921 0.566308 0.638095 0.566308 0.641270 0.569892 0.650794 0.569892 0.650794 0.541219 0.647619 0.537634
0 0.441270 0.551971 0.438095 0.555556 0.434921 0.555556 0.428571 0.562724 0.425397 0.573477 0.428571 0.577061 0.428571 0.580645 0.434921 0.587814 0.450794 0.594982 0.453968 0.591398 0.457143 0.591398 0.463492 0.584229 0.463492 0.569892 0.457143 0.559140 0.453968 0.559140 0.450794 0.555556 0.444444 0.555556
0 0.533333 0.555556 0.520635 0.555556 0.511111 0.566308 0.511111 0.569892 0.507937 0.573477 0.507937 0.591398 0.517460 0.602151 0.526984 0.598566 0.533333 0.591398 0.536508 0.591398 0.539683 0.587814 0.539683 0.562724
0 0.911111 0.562724 0.904762 0.562724 0.901587 0.566308 0.901587 0.577061 0.898413 0.580645 0.898413 0.587814 0.901587 0.591398 0.904762 0.591398 0.917460 0.577061 0.917460 0.569892
0 0.669841 0.569892 0.666667 0.569892 0.666667 0.598566 0.673016 0.591398 0.673016 0.584229 0.669841 0.580645
0 0.323810 0.573477 0.323810 0.577061 0.320635 0.580645 0.320635 0.594982 0.323810 0.598566 0.330159 0.598566 0.333333 0.594982 0.333333 0.591398 0.336508 0.587814 0.336508 0.580645 0.333333 0.577061 0.333333 0.573477
0 0.361905 0.573477 0.358730 0.577061 0.358730 0.591398 0.368254 0.605735 0.371429 0.616487 0.387302 0.630824 0.400000 0.630824 0.403175 0.609319 0.400000 0.605735 0.396825 0.591398 0.377778 0.573477
0 0.301587 0.580645 0.298413 0.584229 0.295238 0.584229 0.288889 0.591398 0.288889 0.594982 0.282540 0.605735 0.282540 0.612903 0.285714 0.616487 0.285714 0.623656 0.288889 0.627240 0.301587 0.627240 0.307937 0.620072 0.307937 0.591398
0 0.726984 0.587814 0.723810 0.587814 0.717460 0.594982 0.717460 0.602151 0.714286 0.605735 0.714286 0.612903 0.717460 0.616487 0.717460 0.630824 0.720635 0.634409 0.720635 0.637993 0.726984 0.637993
0 0.412698 0.609319 0.409524 0.612903 0.409524 0.620072 0.406349 0.623656 0.403175 0.623656 0.403175 0.645161 0.412698 0.655914 0.419048 0.655914 0.422222 0.652330 0.425397 0.652330 0.425397 0.648746 0.431746 0.637993 0.431746 0.620072 0.428571 0.616487
0 0.431746 0.670251 0.428571 0.673835 0.428571 0.695341 0.431746 0.698925 0.431746 0.702509 0.441270 0.713262 0.447619 0.713262 0.453968 0.706093 0.453968 0.698925 0.457143 0.695341 0.457143 0.691756 0.453968 0.688172 0.453968 0.681004 0.444444 0.670251
0 0.476190 0.684588 0.466667 0.695341 0.466667 0.709677 0.469841 0.713262 0.469841 0.716846 0.479365 0.727599 0.492063 0.727599 0.498413 0.720430 0.498413 0.695341 0.488889 0.684588
0 0.304762 0.691756 0.301587 0.695341 0.295238 0.695341 0.292063 0.698925 0.288889 0.698925 0.288889 0.713262 0.295238 0.720430 0.301587 0.720430 0.301587 0.716846 0.307937 0.709677 0.307937 0.706093 0.311111 0.702509 0.304762 0.695341
0 0.733333 0.716846 0.726984 0.716846 0.726984 0.720430 0.723810 0.724014 0.723810 0.727599 0.726984 0.731183 0.730159 0.731183 0.736508 0.724014 0.736508 0.720430
0 0.822222 0.731183 0.815873 0.731183 0.812698 0.734767 0.812698 0.749104 0.809524 0.752688 0.809524 0.759857 0.812698 0.763441 0.819048 0.763441 0.825397 0.756272 0.825397 0.734767
0 0.346032 0.734767 0.339683 0.741935 0.339683 0.745520 0.336508 0.749104 0.336508 0.770609 0.346032 0.781362 0.355556 0.781362 0.361905 0.770609 0.361905 0.756272 0.358730 0.752688 0.358730 0.745520 0.352381 0.738351 0.349206 0.738351
0 0.412698 0.752688 0.409524 0.752688 0.406349 0.756272 0.400000 0.756272 0.400000 0.759857 0.393651 0.770609 0.393651 0.781362 0.400000 0.792115 0.412698 0.792115 0.422222 0.781362 0.422222 0.777778 0.419048 0.774194 0.419048 0.759857
0 0.841270 0.752688 0.841270 0.759857 0.834921 0.774194 0.834921 0.788530 0.838095 0.792115 0.838095 0.813620 0.844444 0.824373 0.853968 0.824373 0.860317 0.817204 0.863492 0.817204 0.866667 0.810036 0.866667 0.792115 0.863492 0.788530 0.863492 0.777778 0.860317 0.774194 0.857143 0.759857 0.850794 0.752688
0 0.453968 0.763441 0.444444 0.774194 0.444444 0.777778 0.441270 0.781362 0.441270 0.792115 0.447619 0.802867 0.450794 0.802867 0.453968 0.806452 0.460317 0.806452 0.463492 0.810036 0.469841 0.810036 0.479365 0.799283 0.479365 0.792115 0.482540 0.788530 0.482540 0.784946 0.479365 0.781362 0.479365 0.777778 0.469841 0.767025 0.466667 0.767025 0.463492 0.763441
0 0.504762 0.770609 0.504762 0.774194 0.501587 0.777778 0.501587 0.788530 0.498413 0.792115 0.501587 0.795699 0.501587 0.820789 0.511111 0.835125 0.517460 0.827957 0.517460 0.774194 0.514286 0.770609
0 0.774603 0.802867 0.768254 0.802867 0.765079 0.806452 0.765079 0.810036 0.768254 0.813620 0.768254 0.831541 0.771429 0.835125 0.771429 0.853047 0.768254 0.856631 0.771429 0.856631 0.774603 0.853047 0.774603 0.849462 0.784127 0.831541 0.784127 0.817204 0.780952 0.813620 0.780952 0.810036
0 0.250794 0.813620 0.244444 0.813620 0.241270 0.817204 0.241270 0.820789 0.234921 0.831541 0.234921 0.842294 0.228571 0.849462 0.228571 0.856631 0.225397 0.860215 0.225397 0.867384 0.231746 0.867384 0.234921 0.863799 0.234921 0.860215 0.244444 0.842294 0.244444 0.835125 0.247619 0.831541 0.247619 0.824373 0.250794 0.820789
0 0.358730 0.817204 0.352381 0.827957 0.352381 0.853047 0.358730 0.860215 0.368254 0.860215 0.371429 0.856631 0.374603 0.856631 0.374603 0.853047 0.377778 0.849462 0.377778 0.838710 0.374603 0.835125 0.374603 0.827957 0.371429 0.824373 0.371429 0.820789 0.368254 0.817204
0 0.263492 0.853047 0.257143 0.863799 0.257143 0.870968 0.260317 0.874552 0.260317 0.881720 0.263492 0.885305 0.266667 0.885305 0.269841 0.888889 0.273016 0.888889 0.276190 0.885305 0.279365 0.885305 0.279365 0.874552 0.282540 0.870968 0.279365 0.867384 0.279365 0.856631 0.276190 0.853047
0 0.498413 0.867384 0.488889 0.874552 0.488889 0.878136 0.485714 0.881720 0.485714 0.888889 0.482540 0.892473 0.482540 0.903226 0.488889 0.913978 0.498413 0.913978 0.501587 0.910394 0.501587 0.906810 0.507937 0.896057 0.507937 0.885305 0.511111 0.881720 0.507937 0.878136 0.507937 0.874552
0 0.717460 0.878136 0.711111 0.885305 0.711111 0.896057 0.707937 0.899642 0.711111 0.917563 0.730159 0.921147 0.733333 0.924731 0.739683 0.924731 0.746032 0.931900 0.752381 0.931900 0.755556 0.928315 0.752381 0.913978 0.749206 0.913978 0.733333 0.896057 0.730159 0.881720
0 0.244444 0.899642 0.231746 0.896057 0.219048 0.903226 0.206349 0.917563 0.206349 0.924731 0.203175 0.928315 0.203175 0.949821 0.209524 0.956989 0.222222 0.956989 0.238095 0.946237 0.250794 0.917563 0.250794 0.910394
0 0.412698 0.913978 0.409524 0.917563 0.406349 0.917563 0.406349 0.935484 0.409524 0.939068 0.412698 0.939068 0.415873 0.942652 0.419048 0.942652 0.425397 0.935484 0.425397 0.921147 0.419048 0.913978
0 0.660317 0.913978 0.647619 0.913978 0.638095 0.924731 0.638095 0.928315 0.634921 0.931900 0.634921 0.942652 0.641270 0.949821 0.650794 0.949821 0.660317 0.939068 0.660317 0.935484 0.663492 0.931900 0.663492 0.917563
0 0.342857 0.964158 0.339683 0.960573 0.336508 0.960573 0.333333 0.956989 0.323810 0.956989 0.320635 0.960573 0.317460 0.960573 0.317460 0.964158 0.314286 0.967742 0.314286 0.974910 0.320635 0.982079 0.323810 0.982079 0.333333 0.971326 0.336508 0.971326
0 0.612698 0.956989 0.606349 0.964158 0.606349 0.982079 0.609524 0.982079 0.612698 0.985663 0.625397 0.985663 0.634921 0.974910 0.631746 0.971326 0.631746 0.964158 0.628571 0.960573 0.628571 0.956989
