0 0.139683 0.100358 0.126984 0.118280 0.126984 0.125448 0.130159 0.129032 0.133333 0.129032 0.136508 0.132616 0.142857 0.132616 0.146032 0.136201 0.152381 0.136201 0.155556 0.132616 0.158730 0.132616 0.165079 0.125448 0.165079 0.111111 0.158730 0.103943 0.152381 0.103943 0.149206 0.100358
0 0.803175 0.118280 0.790476 0.118280 0.777778 0.136201 0.774603 0.143369 0.774603 0.154122 0.771429 0.157706 0.771429 0.175627 0.774603 0.179211 0.780952 0.179211 0.787302 0.175627 0.800000 0.161290 0.803175 0.154122 0.803175 0.146953 0.806349 0.143369 0.806349 0.125448
0 0.282540 0.161290 0.276190 0.161290 0.273016 0.157706 0.269841 0.161290 0.241270 0.161290 0.238095 0.164875 0.238095 0.168459 0.241270 0.172043 0.253968 0.172043 0.257143 0.175627 0.263492 0.175627 0.266667 0.172043 0.269841 0.172043 0.273016 0.168459 0.282540 0.164875
0 0.876190 0.157706 0.860317 0.164875 0.850794 0.175627 0.850794 0.182796 0.847619 0.186380 0.853968 0.204301 0.866667 0.215054 0.873016 0.215054 0.873016 0.182796 0.876190 0.179211 0.876190 0.168459 0.879365 0.164875 0.879365 0.161290
0 0.698413 0.168459 0.688889 0.179211 0.688889 0.189964 0.717460 0.207885 0.723810 0.207885 0.730159 0.200717 0.733333 0.193548 0.733333 0.186380 0.736508 0.182796 0.736508 0.172043 0.730159 0.161290 0.714286 0.161290 0.711111 0.164875 0.704762 0.164875
0 0.663492 0.164875 0.647619 0.164875 0.644444 0.168459 0.641270 0.168459 0.628571 0.182796 0.628571 0.186380 0.625397 0.189964 0.625397 0.197133 0.628571 0.200717 0.628571 0.204301 0.631746 0.204301 0.634921 0.207885 0.641270 0.207885 0.644444 0.204301 0.650794 0.204301 0.657143 0.197133 0.660317 0.197133 0.660317 0.193548 0.666667 0.186380 0.666667 0.168459
0 0.565079 0.179211 0.561905 0.175627 0.530159 0.175627 0.517460 0.182796 0.501587 0.182796 0.498413 0.186380 0.492063 0.186380 0.492063 0.189964 0.495238 0.193548 0.507937 0.193548 0.511111 0.197133 0.530159 0.197133 0.533333 0.193548 0.555556 0.189964
0 0.793651 0.179211 0.787302 0.186380 0.787302 0.193548 0.784127 0.197133 0.784127 0.207885 0.787302 0.211470 0.787302 0.225806 0.790476 0.229391 0.790476 0.240143 0.793651 0.243728 0.803175 0.243728 0.812698 0.225806 0.812698 0.189964 0.803175 0.179211
0 0.965079 0.200717 0.952381 0.204301 0.942857 0.215054 0.936508 0.229391 0.936508 0.247312 0.949206 0.261649 0.968254 0.261649 0.984127 0.243728 0.984127 0.229391
0 0.498413 0.225806 0.495238 0.225806 0.485714 0.236559 0.485714 0.240143 0.479365 0.250896 0.479365 0.265233 0.488889 0.272401 0.495238 0.272401 0.501587 0.265233 0.501587 0.261649 0.504762 0.258065 0.504762 0.232975
0 0.660317 0.247312 0.653968 0.240143 0.647619 0.240143 0.644444 0.236559 0.634921 0.236559 0.622222 0.243728 0.609524 0.261649 0.609524 0.279570 0.615873 0.286738 0.631746 0.286738 0.644444 0.279570 0.657143 0.261649
0 0.755556 0.236559 0.746032 0.236559 0.742857 0.240143 0.739683 0.240143 0.730159 0.250896 0.730159 0.254480 0.720635 0.268817 0.720635 0.272401 0.733333 0.286738 0.736508 0.286738 0.739683 0.290323 0.761905 0.265233 0.765079 0.247312
0 0.898413 0.236559 0.895238 0.240143 0.895238 0.250896 0.892063 0.254480 0.892063 0.272401 0.904762 0.286738 0.920635 0.286738 0.926984 0.275986 0.926984 0.268817 0.923810 0.265233 0.923810 0.261649 0.901587 0.236559
0 0.565079 0.265233 0.555556 0.265233 0.552381 0.268817 0.549206 0.268817 0.539683 0.283154 0.539683 0.301075 0.542857 0.304659 0.542857 0.308244 0.552381 0.315412 0.558730 0.315412 0.561905 0.311828 0.565079 0.311828 0.571429 0.304659 0.574603 0.304659 0.574603 0.301075 0.580952 0.293907 0.580952 0.283154
0 0.806349 0.265233 0.796825 0.272401 0.796825 0.279570 0.793651 0.283154 0.793651 0.297491 0.796825 0.301075 0.796825 0.308244 0.803175 0.315412 0.812698 0.315412 0.815873 0.311828 0.819048 0.311828 0.825397 0.301075 0.825397 0.283154 0.815873 0.268817 0.809524 0.268817
0 0.717460 0.272401 0.714286 0.275986 0.711111 0.275986 0.704762 0.283154 0.704762 0.286738 0.701587 0.290323 0.701587 0.308244 0.711111 0.315412 0.717460 0.315412 0.720635 0.311828 0.726984 0.311828 0.736508 0.301075 0.736508 0.290323 0.733333 0.290323
0 0.288889 0.275986 0.273016 0.275986 0.266667 0.283154 0.266667 0.297491 0.273016 0.308244 0.279365 0.308244 0.295238 0.293907 0.295238 0.290323 0.298413 0.286738 0.298413 0.283154
0 0.768254 0.283154 0.765079 0.283154 0.761905 0.286738 0.755556 0.286738 0.746032 0.293907 0.746032 0.297491 0.742857 0.301075 0.742857 0.326165 0.761905 0.326165 0.774603 0.311828 0.774603 0.293907
0 0.653968 0.297491 0.650794 0.297491 0.638095 0.311828 0.638095 0.322581 0.634921 0.326165 0.634921 0.340502 0.644444 0.354839 0.653968 0.351254 0.653968 0.347670 0.657143 0.344086 0.657143 0.336918 0.660317 0.333333 0.660317 0.315412 0.663492 0.311828 0.660317 0.308244 0.660317 0.301075 0.657143 0.301075
0 0.936508 0.297491 0.930159 0.304659 0.930159 0.318996 0.933333 0.322581 0.933333 0.326165 0.942857 0.336918 0.946032 0.333333 0.949206 0.333333 0.949206 0.329749 0.952381 0.326165 0.952381 0.308244 0.949206 0.304659 0.949206 0.301075 0.946032 0.301075 0.942857 0.297491
0 0.219048 0.304659 0.215873 0.301075 0.206349 0.301075 0.193651 0.311828 0.171429 0.315412 0.168254 0.318996 0.155556 0.318996 0.146032 0.326165 0.136508 0.326165 0.133333 0.329749 0.139683 0.326165 0.155556 0.326165 0.158730 0.322581 0.168254 0.322581 0.184127 0.329749 0.196825 0.329749 0.209524 0.322581
0 0.463492 0.301075 0.463492 0.308244 0.460317 0.311828 0.460317 0.315412 0.463492 0.318996 0.463492 0.326165 0.469841 0.336918 0.479365 0.336918 0.482540 0.333333 0.482540 0.311828 0.473016 0.301075
0 0.612698 0.304659 0.603175 0.315412 0.603175 0.336918 0.609524 0.344086 0.612698 0.344086 0.615873 0.347670 0.625397 0.347670 0.631746 0.340502 0.631746 0.326165 0.634921 0.322581 0.634921 0.308244 0.631746 0.308244 0.628571 0.304659
0 0.565079 0.340502 0.565079 0.358423 0.571429 0.365591 0.574603 0.365591 0.577778 0.369176 0.584127 0.369176 0.587302 0.365591 0.593651 0.365591 0.596825 0.362007 0.600000 0.362007 0.600000 0.358423 0.603175 0.354839 0.603175 0.347670 0.600000 0.344086 0.603175 0.340502 0.600000 0.340502 0.590476 0.333333 0.571429 0.333333
0 0.161905 0.347670 0.152381 0.340502 0.133333 0.344086 0.126984 0.351254 0.114286 0.354839 0.098413 0.376344 0.107937 0.387097 0.126984 0.387097 0.149206 0.372760 0.158730 0.362007
0 0.822222 0.347670 0.815873 0.354839 0.815873 0.376344 0.825397 0.394265 0.838095 0.394265 0.847619 0.379928 0.847619 0.354839 0.838095 0.347670
0 0.285714 0.369176 0.273016 0.365591 0.269841 0.362007 0.257143 0.365591 0.238095 0.376344 0.231746 0.383513 0.231746 0.397849 0.241270 0.405018 0.260317 0.408602 0.273016 0.401434 0.279365 0.394265 0.279365 0.390681 0.285714 0.383513
0 0.628571 0.394265 0.622222 0.401434 0.622222 0.405018 0.615873 0.415771 0.612698 0.433692 0.619048 0.440860 0.641270 0.440860 0.644444 0.437276 0.647619 0.437276 0.653968 0.426523 0.653968 0.408602 0.644444 0.394265
0 0.863492 0.394265 0.853968 0.408602 0.863492 0.433692 0.882540 0.444444 0.888889 0.451613 0.898413 0.448029 0.901587 0.444444 0.901587 0.430108 0.898413 0.426523 0.898413 0.419355 0.879365 0.397849 0.873016 0.394265
0 0.819048 0.412186 0.806349 0.397849 0.796825 0.397849 0.790476 0.405018 0.787302 0.405018 0.784127 0.408602 0.784127 0.412186 0.780952 0.415771 0.780952 0.426523 0.784127 0.430108 0.784127 0.433692 0.806349 0.433692 0.815873 0.426523 0.815873 0.422939 0.819048 0.419355
0 0.295238 0.412186 0.288889 0.419355 0.288889 0.433692 0.298413 0.444444 0.317460 0.444444 0.323810 0.437276 0.323810 0.433692 0.326984 0.430108 0.326984 0.419355 0.317460 0.408602 0.301587 0.408602 0.298413 0.412186
0 0.974603 0.412186 0.971429 0.412186 0.968254 0.408602 0.958730 0.408602 0.955556 0.412186 0.949206 0.412186 0.946032 0.415771 0.942857 0.415771 0.939683 0.419355 0.939683 0.433692 0.942857 0.437276 0.952381 0.437276 0.961905 0.430108 0.968254 0.430108 0.974603 0.422939
0 0.447619 0.433692 0.447619 0.448029 0.463492 0.462366 0.469841 0.462366 0.473016 0.465950 0.492063 0.465950 0.498413 0.462366 0.501587 0.455197 0.498413 0.451613 0.498413 0.444444 0.488889 0.433692 0.485714 0.433692 0.473016 0.422939 0.460317 0.422939
0 0.384127 0.448029 0.374603 0.433692 0.365079 0.430108 0.361905 0.433692 0.352381 0.433692 0.349206 0.437276 0.342857 0.437276 0.336508 0.444444 0.333333 0.444444 0.330159 0.458781 0.336508 0.469534 0.349206 0.469534 0.352381 0.473118 0.368254 0.473118 0.384127 0.462366
0 0.511111 0.437276 0.511111 0.451613 0.520635 0.465950 0.536508 0.465950 0.539683 0.469534 0.546032 0.469534 0.549206 0.465950 0.565079 0.465950 0.571429 0.462366 0.571429 0.451613 0.565079 0.444444 0.552381 0.437276 0.546032 0.437276 0.542857 0.433692 0.514286 0.433692
0 0.844444 0.440860 0.844444 0.455197 0.853968 0.465950 0.866667 0.473118 0.876190 0.473118 0.879365 0.476703 0.888889 0.476703 0.895238 0.469534 0.892063 0.458781 0.882540 0.448029 0.873016 0.444444 0.866667 0.437276 0.860317 0.433692 0.853968 0.433692
0 0.949206 0.458781 0.958730 0.473118 0.965079 0.473118 0.968254 0.476703 0.990476 0.476703 0.990476 0.473118 0.993651 0.469534 0.990476 0.465950 0.990476 0.455197 0.987302 0.451613 0.987302 0.448029 0.977778 0.440860 0.974603 0.440860 0.965079 0.448029 0.958730 0.448029 0.955556 0.451613 0.952381 0.451613 0.952381 0.455197
0 0.574603 0.483871 0.558730 0.473118 0.552381 0.473118 0.549206 0.476703 0.539683 0.480287 0.533333 0.487455 0.533333 0.501792 0.536508 0.505376 0.565079 0.505376 0.574603 0.498208
0 0.285714 0.483871 0.288889 0.483871 0.304762 0.498208 0.307937 0.498208 0.323810 0.508961 0.339683 0.508961 0.339683 0.505376 0.323810 0.498208 0.314286 0.487455 0.311111 0.487455 0.307937 0.483871 0.301587 0.483871 0.298413 0.480287 0.288889 0.480287
0 0.758730 0.526882 0.758730 0.530466 0.755556 0.534050 0.755556 0.555556 0.765079 0.566308 0.780952 0.566308 0.784127 0.562724 0.787302 0.562724 0.790476 0.559140 0.790476 0.541219 0.777778 0.526882
0 0.939683 0.537634 0.939683 0.541219 0.936508 0.544803 0.936508 0.551971 0.942857 0.562724 0.946032 0.562724 0.955556 0.569892 0.965079 0.569892 0.968254 0.566308 0.974603 0.566308 0.977778 0.562724 0.977778 0.541219 0.971429 0.534050 0.952381 0.526882
0 0.536508 0.534050 0.530159 0.541219 0.530159 0.544803 0.526984 0.548387 0.526984 0.562724 0.536508 0.569892 0.552381 0.569892 0.558730 0.562724 0.558730 0.559140 0.561905 0.555556 0.561905 0.541219 0.552381 0.534050
0 0.342857 0.559140 0.342857 0.573477 0.346032 0.577061 0.346032 0.584229 0.349206 0.584229 0.352381 0.587814 0.365079 0.587814 0.368254 0.584229 0.371429 0.584229 0.377778 0.573477 0.380952 0.573477 0.380952 0.566308 0.377778 0.562724 0.358730 0.562724 0.355556 0.559140
0 0.174603 0.569892 0.168254 0.577061 0.174603 0.594982 0.177778 0.594982 0.180952 0.598566 0.180952 0.602151 0.187302 0.602151 0.190476 0.605735 0.200000 0.605735 0.209524 0.591398 0.209524 0.577061 0.206349 0.573477 0.206349 0.569892
0 0.631746 0.573477 0.612698 0.573477 0.603175 0.584229 0.603175 0.587814 0.600000 0.591398 0.600000 0.598566 0.603175 0.602151 0.603175 0.605735 0.606349 0.605735 0.609524 0.609319 0.615873 0.609319 0.622222 0.602151 0.625397 0.602151 0.631746 0.594982 0.631746 0.591398 0.634921 0.587814 0.634921 0.577061
0 0.857143 0.573477 0.853968 0.577061 0.844444 0.580645 0.841270 0.584229 0.841270 0.587814 0.844444 0.591398 0.844444 0.594982 0.850794 0.602151 0.850794 0.605735 0.857143 0.612903 0.863492 0.612903 0.876190 0.598566 0.879365 0.587814 0.876190 0.584229 0.876190 0.580645
0 0.838095 0.587814 0.828571 0.591398 0.815873 0.609319 0.815873 0.641577 0.828571 0.652330 0.834921 0.652330 0.847619 0.641577 0.850794 0.627240 0.857143 0.616487 0.847619 0.605735 0.847619 0.602151
0 0.901587 0.598566 0.895238 0.598566 0.892063 0.602151 0.882540 0.605735 0.882540 0.609319 0.873016 0.620072 0.873016 0.623656 0.869841 0.627240 0.876190 0.637993 0.879365 0.637993 0.882540 0.641577 0.888889 0.641577 0.892063 0.637993 0.895238 0.637993 0.907937 0.623656 0.907937 0.605735
0 0.317460 0.609319 0.317460 0.623656 0.326984 0.630824 0.352381 0.630824 0.358730 0.634409 0.361905 0.630824 0.371429 0.630824 0.384127 0.620072 0.384127 0.612903 0.352381 0.609319 0.349206 0.605735 0.320635 0.605735
0 0.495238 0.609319 0.485714 0.609319 0.482540 0.612903 0.479365 0.612903 0.473016 0.620072 0.473016 0.627240 0.469841 0.630824 0.473016 0.634409 0.473016 0.641577 0.476190 0.645161 0.476190 0.648746 0.482540 0.648746 0.485714 0.652330 0.488889 0.648746 0.492063 0.648746 0.498413 0.641577 0.498413 0.634409 0.501587 0.630824 0.501587 0.616487
0 0.355556 0.655914 0.346032 0.648746 0.330159 0.648746 0.307937 0.659498 0.295238 0.677419 0.295238 0.691756 0.301587 0.698925 0.320635 0.698925 0.323810 0.695341 0.336508 0.691756 0.352381 0.677419 0.355556 0.670251
0 0.517460 0.659498 0.514286 0.663082 0.511111 0.663082 0.504762 0.673835 0.504762 0.681004 0.507937 0.684588 0.507937 0.691756 0.511111 0.691756 0.520635 0.698925 0.530159 0.698925 0.539683 0.691756 0.539683 0.673835 0.533333 0.663082 0.530159 0.663082 0.526984 0.659498
0 0.857143 0.677419 0.857143 0.681004 0.853968 0.684588 0.853968 0.698925 0.863492 0.706093 0.885714 0.706093 0.888889 0.702509 0.892063 0.702509 0.901587 0.691756 0.901587 0.681004 0.892063 0.666667 0.869841 0.666667
0 0.273016 0.673835 0.257143 0.691756 0.257143 0.709677 0.260317 0.713262 0.266667 0.713262 0.269841 0.716846 0.282540 0.716846 0.288889 0.709677 0.288889 0.706093 0.292063 0.702509 0.292063 0.688172 0.288889 0.684588 0.288889 0.681004 0.282540 0.673835
0 0.384127 0.681004 0.380952 0.677419 0.371429 0.677419 0.365079 0.681004 0.352381 0.695341 0.336508 0.702509 0.326984 0.713262 0.326984 0.720430 0.330159 0.724014 0.339683 0.724014 0.352381 0.716846 0.358730 0.709677 0.371429 0.702509 0.380952 0.691756
0 0.793651 0.684588 0.790476 0.688172 0.787302 0.688172 0.787302 0.691756 0.777778 0.702509 0.777778 0.706093 0.774603 0.709677 0.777778 0.727599 0.784127 0.734767 0.790476 0.734767 0.793651 0.731183 0.796825 0.731183 0.806349 0.720430 0.806349 0.716846 0.809524 0.713262 0.809524 0.698925 0.806349 0.695341 0.806349 0.691756 0.803175 0.691756
0 0.920635 0.695341 0.911111 0.706093 0.911111 0.709677 0.907937 0.713262 0.907937 0.731183 0.911111 0.734767 0.911111 0.738351 0.914286 0.738351 0.917460 0.741935 0.930159 0.741935 0.939683 0.724014 0.939683 0.706093 0.933333 0.695341
0 0.958730 0.706093 0.952381 0.716846 0.952381 0.741935 0.955556 0.749104 0.971429 0.749104 0.977778 0.741935 0.980952 0.741935 0.993651 0.752688 0.993651 0.702509 0.965079 0.702509
0 0.584127 0.709677 0.568254 0.709677 0.558730 0.716846 0.558730 0.720430 0.555556 0.724014 0.555556 0.738351 0.561905 0.745520 0.571429 0.745520 0.574603 0.741935 0.584127 0.738351 0.590476 0.731183 0.590476 0.727599 0.593651 0.724014 0.590476 0.720430 0.590476 0.716846
0 0.241270 0.713262 0.234921 0.720430 0.234921 0.734767 0.238095 0.738351 0.250794 0.738351 0.253968 0.734767 0.253968 0.720430 0.247619 0.713262
0 0.600000 0.720430 0.593651 0.727599 0.593651 0.731183 0.596825 0.734767 0.600000 0.745520 0.609524 0.752688 0.622222 0.752688 0.628571 0.745520 0.628571 0.741935 0.631746 0.738351 0.631746 0.731183 0.628571 0.727599 0.628571 0.724014 0.619048 0.716846 0.606349 0.716846 0.603175 0.720430
0 0.111111 0.731183 0.111111 0.734767 0.104762 0.741935 0.104762 0.749104 0.101587 0.752688 0.101587 0.767025 0.114286 0.781362 0.120635 0.781362 0.130159 0.763441 0.130159 0.749104 0.126984 0.745520 0.126984 0.738351 0.120635 0.731183
0 0.860317 0.731183 0.857143 0.731183 0.853968 0.734767 0.847619 0.734767 0.834921 0.745520 0.834921 0.756272 0.838095 0.756272 0.857143 0.777778 0.860317 0.774194 0.863492 0.774194 0.873016 0.763441 0.873016 0.759857 0.876190 0.756272 0.876190 0.741935 0.869841 0.734767 0.863492 0.734767
0 0.853968 0.777778 0.831746 0.756272 0.828571 0.759857 0.815873 0.763441 0.796825 0.795699 0.796825 0.813620 0.800000 0.817204 0.812698 0.813620 0.831746 0.792115 0.844444 0.784946 0.850794 0.784946
0 0.946032 0.770609 0.933333 0.763441 0.930159 0.767025 0.917460 0.767025 0.892063 0.792115 0.885714 0.813620 0.895238 0.824373 0.907937 0.824373 0.930159 0.806452 0.939683 0.802867 0.949206 0.784946
0 0.574603 0.784946 0.574603 0.799283 0.577778 0.802867 0.577778 0.806452 0.580952 0.806452 0.590476 0.813620 0.600000 0.813620 0.612698 0.802867 0.615873 0.802867 0.615873 0.788530 0.612698 0.784946 0.612698 0.781362 0.600000 0.770609 0.587302 0.770609 0.580952 0.777778 0.577778 0.777778 0.577778 0.781362
0 0.749206 0.777778 0.736508 0.792115 0.736508 0.806452 0.739683 0.810036 0.739683 0.813620 0.746032 0.820789 0.749206 0.820789 0.752381 0.824373 0.761905 0.824373 0.768254 0.817204 0.768254 0.795699 0.758730 0.777778
0 0.476190 0.784946 0.466667 0.781362 0.463492 0.784946 0.460317 0.784946 0.450794 0.795699 0.450794 0.799283 0.444444 0.810036 0.444444 0.820789 0.450794 0.827957 0.457143 0.827957 0.460317 0.824373 0.463492 0.824373 0.473016 0.813620 0.473016 0.810036 0.479365 0.802867 0.479365 0.788530
0 0.158730 0.784946 0.155556 0.788530 0.149206 0.788530 0.142857 0.799283 0.146032 0.802867 0.146032 0.810036 0.149206 0.813620 0.149206 0.820789 0.152381 0.824373 0.161905 0.824373 0.171429 0.813620 0.171429 0.799283
0 0.425397 0.802867 0.422222 0.799283 0.412698 0.799283 0.409524 0.802867 0.406349 0.802867 0.403175 0.806452 0.403175 0.810036 0.400000 0.813620 0.400000 0.817204 0.403175 0.820789 0.419048 0.820789 0.425397 0.813620
0 0.644444 0.802867 0.631746 0.802867 0.625397 0.806452 0.612698 0.824373 0.612698 0.842294 0.628571 0.860215 0.638095 0.860215 0.644444 0.856631 0.657143 0.838710 0.653968 0.835125 0.653968 0.824373 0.650794 0.820789 0.650794 0.813620
0 0.993651 0.802867 0.987302 0.813620 0.961905 0.824373 0.949206 0.838710 0.936508 0.870968 0.936508 0.888889 0.949206 0.896057 0.971429 0.874552 0.980952 0.849462 0.993651 0.831541
0 0.098413 0.817204 0.095238 0.827957 0.098413 0.831541 0.101587 0.842294 0.104762 0.842294 0.111111 0.849462 0.130159 0.849462 0.136508 0.842294 0.133333 0.824373 0.123810 0.813620 0.120635 0.813620 0.117460 0.810036 0.111111 0.810036 0.107937 0.813620
0 0.507937 0.817204 0.501587 0.817204 0.482540 0.827957 0.469841 0.838710 0.463492 0.853047 0.463492 0.860215 0.469841 0.870968 0.476190 0.874552 0.479365 0.870968 0.485714 0.870968 0.492063 0.863799 0.507937 0.827957
0 0.546032 0.874552 0.539683 0.867384 0.514286 0.867384 0.511111 0.870968 0.507937 0.870968 0.495238 0.885305 0.495238 0.896057 0.498413 0.899642 0.498413 0.903226 0.523810 0.903226 0.546032 0.885305
0 0.765079 0.874552 0.755556 0.885305 0.755556 0.899642 0.761905 0.906810 0.765079 0.906810 0.768254 0.910394 0.771429 0.910394 0.774603 0.906810 0.780952 0.906810 0.787302 0.899642 0.787302 0.892473 0.790476 0.888889 0.790476 0.885305 0.780952 0.874552
0 0.390476 0.892473 0.387302 0.892473 0.384127 0.888889 0.380952 0.892473 0.377778 0.892473 0.377778 0.896057 0.374603 0.899642 0.374603 0.910394 0.371429 0.913978 0.371429 0.924731 0.377778 0.917563 0.377778 0.913978 0.390476 0.899642
0 0.866667 0.899642 0.866667 0.906810 0.873016 0.913978 0.873016 0.917563 0.876190 0.921147 0.892063 0.921147 0.895238 0.917563 0.898413 0.917563 0.904762 0.910394 0.904762 0.903226 0.892063 0.888889 0.876190 0.888889
0 0.561905 0.899642 0.558730 0.899642 0.555556 0.896057 0.552381 0.896057 0.539683 0.910394 0.539683 0.921147 0.549206 0.921147 0.561905 0.906810
0 0.593651 0.913978 0.580952 0.913978 0.565079 0.928315 0.555556 0.949821 0.555556 0.967742 0.568254 0.985663 0.590476 0.985663 0.596825 0.974910 0.596825 0.942652 0.600000 0.939068 0.600000 0.924731
0 0.936508 0.928315 0.930159 0.921147 0.914286 0.921147 0.888889 0.949821 0.888889 0.953405 0.882540 0.956989 0.869841 0.989247 0.895238 0.989247 0.936508 0.935484
0 0.863492 0.935484 0.857143 0.939068 0.847619 0.949821 0.847619 0.953405 0.838095 0.967742 0.841270 0.978495 0.853968 0.989247 0.866667 0.989247 0.879365 0.960573 0.879365 0.949821 0.869841 0.939068
0 0.330159 0.953405 0.323810 0.960573 0.323810 0.974910 0.330159 0.967742 0.336508 0.974910 0.339683 0.974910 0.342857 0.971326 0.342857 0.956989 0.339683 0.953405
0 0.676190 0.956989 0.669841 0.956989 0.657143 0.971326 0.657143 0.978495 0.653968 0.982079 0.653968 0.985663 0.657143 0.989247 0.669841 0.989247 0.676190 0.982079 0.676190 0.971326 0.679365 0.967742 0.679365 0.964158 0.676190 0.960573
0 0.752381 0.985663 0.752381 0.992832 0.755556 0.996416 0.774603 0.996416 0.777778 0.992832 0.777778 0.989247 0.768254 0.978495 0.758730 0.978495
