0 0.346032 0.000000 0.342857 0.003597 0.342857 0.010791 0.349206 0.021583 0.346032 0.025180 0.361905 0.039568 0.365079 0.039568 0.368254 0.043165 0.377778 0.043165 0.377778 0.035971 0.371429 0.028777 0.371429 0.025180 0.349206 0.000000
0 0.371429 0.000000 0.371429 0.003597 0.384127 0.017986 0.384127 0.021583 0.396825 0.035971 0.400000 0.035971 0.409524 0.046763 0.412698 0.046763 0.412698 0.043165 0.415873 0.039568 0.412698 0.035971 0.412698 0.028777 0.409524 0.025180 0.409524 0.021583 0.396825 0.007194 0.393651 0.007194 0.390476 0.003597 0.384127 0.003597 0.380952 0.000000
0 0.501587 0.000000 0.498413 0.007194 0.514286 0.043165 0.511111 0.050360 0.533333 0.079137 0.539683 0.071942 0.539683 0.057554 0.533333 0.043165 0.514286 0.017986 0.511111 0.003597
0 0.644444 0.007194 0.673016 0.039568 0.676190 0.039568 0.679365 0.043165 0.688889 0.043165 0.692063 0.039568 0.688889 0.035971 0.688889 0.032374 0.663492 0.003597 0.653968 0.003597 0.650794 0.000000
0 0.152381 0.003597 0.180952 0.050360 0.187302 0.053957 0.203175 0.089928 0.209524 0.093525 0.209524 0.068345 0.190476 0.025180 0.177778 0.010791 0.165079 0.003597
0 0.603175 0.025180 0.603175 0.028777 0.612698 0.039568 0.615873 0.039568 0.631746 0.053957 0.638095 0.053957 0.641270 0.057554 0.650794 0.057554 0.647619 0.046763 0.628571 0.028777 0.625397 0.028777 0.615873 0.021583 0.606349 0.021583
0 0.342857 0.028777 0.342857 0.039568 0.355556 0.064748 0.365079 0.075540 0.368254 0.086331 0.377778 0.097122 0.390476 0.104317 0.403175 0.104317 0.403175 0.064748 0.396825 0.061151 0.393651 0.064748 0.377778 0.064748 0.371429 0.061151 0.365079 0.050360
0 0.869841 0.032374 0.876190 0.039568 0.879365 0.039568 0.898413 0.061151 0.904762 0.061151 0.904762 0.053957 0.901587 0.050360 0.901587 0.046763 0.888889 0.032374 0.885714 0.032374 0.882540 0.028777 0.873016 0.028777
0 0.320635 0.043165 0.311111 0.053957 0.311111 0.061151 0.317460 0.068345 0.326984 0.068345 0.330159 0.064748 0.330159 0.061151 0.333333 0.057554 0.330159 0.053957 0.330159 0.050360 0.326984 0.046763 0.323810 0.046763
0 0.771429 0.046763 0.771429 0.050360 0.774603 0.053957 0.774603 0.057554 0.793651 0.079137 0.803175 0.079137 0.803175 0.075540 0.784127 0.053957 0.780952 0.053957 0.774603 0.046763
0 0.511111 0.053957 0.511111 0.068345 0.517460 0.075540 0.517460 0.079137 0.526984 0.089928 0.533333 0.082734 0.523810 0.071942 0.523810 0.068345
0 0.244444 0.061151 0.285714 0.140288 0.304762 0.143885 0.323810 0.136691 0.307937 0.118705 0.288889 0.086331 0.260317 0.064748
0 0.622222 0.075540 0.622222 0.079137 0.625397 0.082734 0.625397 0.086331 0.628571 0.089928 0.628571 0.093525 0.638095 0.104317 0.641270 0.100719 0.644444 0.100719 0.644444 0.089928 0.631746 0.075540
0 0.580952 0.089928 0.580952 0.097122 0.593651 0.122302 0.619048 0.136691 0.644444 0.161871 0.653968 0.158273 0.650794 0.147482 0.638095 0.133094 0.631746 0.133094 0.593651 0.089928 0.584127 0.086331
0 0.130159 0.100719 0.130159 0.115108 0.152381 0.154676 0.196825 0.187050 0.228571 0.197842 0.228571 0.183453 0.206349 0.161871 0.168254 0.147482
0 0.111111 0.107914 0.111111 0.140288 0.117460 0.154676 0.136508 0.179856 0.139683 0.176259 0.139683 0.169065 0.126984 0.140288 0.126984 0.129496 0.120635 0.122302 0.117460 0.107914
0 0.831746 0.107914 0.834921 0.111511 0.834921 0.115108 0.850794 0.129496 0.853968 0.129496 0.857143 0.133094 0.863492 0.133094 0.873016 0.140288 0.879365 0.140288 0.876190 0.136691 0.876190 0.133094 0.860317 0.118705 0.857143 0.118705 0.841270 0.107914
0 0.638095 0.115108 0.638095 0.122302 0.641270 0.125899 0.641270 0.129496 0.644444 0.129496 0.653968 0.136691 0.660317 0.136691 0.663492 0.140288 0.669841 0.140288 0.666667 0.136691 0.666667 0.133094 0.653968 0.118705 0.650794 0.118705 0.647619 0.115108
0 0.231746 0.125899 0.231746 0.129496 0.238095 0.136691 0.238095 0.140288 0.253968 0.158273 0.257143 0.158273 0.260317 0.161871 0.266667 0.161871 0.266667 0.154676 0.263492 0.151079 0.253968 0.147482 0.234921 0.125899
0 0.822222 0.125899 0.822222 0.133094 0.838095 0.151079 0.841270 0.151079 0.844444 0.154676 0.847619 0.154676 0.850794 0.151079 0.850794 0.143885 0.847619 0.140288 0.847619 0.136691 0.838095 0.125899
0 0.961905 0.129496 0.961905 0.136691 0.971429 0.147482 0.974603 0.147482 0.977778 0.151079 0.980952 0.151079 0.990476 0.158273 0.996825 0.158273 0.996825 0.154676 0.993651 0.151079 0.993651 0.147482 0.990476 0.143885 0.987302 0.143885 0.977778 0.133094 0.974603 0.133094 0.971429 0.129496
0 0.438095 0.136691 0.438095 0.143885 0.441270 0.147482 0.441270 0.154676 0.444444 0.158273 0.444444 0.165468 0.450794 0.179856 0.460317 0.190647 0.460317 0.194245 0.463492 0.194245 0.473016 0.205036 0.476190 0.205036 0.476190 0.183453 0.473016 0.179856 0.473016 0.169065 0.441270 0.136691
0 0.495238 0.161871 0.495238 0.165468 0.498413 0.169065 0.498413 0.194245 0.501587 0.197842 0.501587 0.212230 0.504762 0.215827 0.504762 0.219424 0.507937 0.223022 0.511111 0.223022 0.511111 0.208633 0.507937 0.205036 0.507937 0.187050 0.504762 0.183453 0.504762 0.169065 0.501587 0.165468 0.501587 0.161871
0 0.561905 0.165468 0.603175 0.215827 0.628571 0.233813 0.641270 0.237410 0.622222 0.212230 0.606349 0.205036 0.568254 0.165468
0 0.965079 0.165468 0.961905 0.169065 0.961905 0.172662 0.977778 0.190647 0.977778 0.194245 0.980952 0.194245 0.984127 0.197842 0.987302 0.194245 0.987302 0.187050 0.984127 0.183453 0.984127 0.179856 0.977778 0.172662 0.974603 0.172662 0.971429 0.169065 0.968254 0.169065
0 0.682540 0.172662 0.682540 0.176259 0.688889 0.183453 0.692063 0.183453 0.695238 0.187050 0.701587 0.187050 0.701587 0.183453 0.692063 0.172662
0 0.841270 0.172662 0.841270 0.179856 0.869841 0.194245 0.879365 0.205036 0.882540 0.205036 0.892063 0.215827 0.898413 0.230216 0.898413 0.208633 0.895238 0.205036 0.895238 0.197842 0.888889 0.190647 0.879365 0.187050 0.860317 0.172662
0 0.079365 0.179856 0.098413 0.201439 0.111111 0.208633 0.123810 0.223022 0.130159 0.223022 0.130159 0.212230 0.123810 0.205036 0.123810 0.201439 0.107937 0.183453 0.101587 0.179856 0.092063 0.179856 0.088889 0.176259 0.082540 0.176259
0 0.644444 0.205036 0.657143 0.219424 0.660317 0.219424 0.663492 0.223022 0.669841 0.223022 0.673016 0.226619 0.676190 0.226619 0.660317 0.208633 0.657143 0.208633 0.650794 0.201439 0.647619 0.201439
0 0.393651 0.215827 0.396825 0.230216 0.409524 0.237410 0.434921 0.241007 0.460317 0.251799 0.469841 0.248201 0.469841 0.237410 0.457143 0.223022 0.438095 0.212230 0.406349 0.208633 0.400000 0.215827
0 0.568254 0.212230 0.568254 0.215827 0.571429 0.219424 0.571429 0.223022 0.577778 0.230216 0.577778 0.233813 0.587302 0.244604 0.590476 0.241007 0.590476 0.237410 0.587302 0.233813 0.587302 0.230216 0.580952 0.223022 0.580952 0.219424 0.574603 0.212230
0 0.977778 0.226619 0.977778 0.233813 0.980952 0.233813 0.987302 0.241007 0.987302 0.244604 0.993651 0.251799 0.996825 0.251799 0.996825 0.237410 0.990476 0.230216 0.987302 0.230216 0.984127 0.226619
0 0.838095 0.244604 0.831746 0.237410 0.825397 0.237410 0.822222 0.233813 0.819048 0.233813 0.815873 0.237410 0.809524 0.237410 0.803175 0.248201 0.803175 0.262590 0.809524 0.269784 0.825397 0.269784 0.828571 0.266187 0.834921 0.266187 0.838095 0.262590
0 0.174603 0.241007 0.174603 0.251799 0.177778 0.255396 0.180952 0.266187 0.187302 0.273381 0.190476 0.273381 0.200000 0.287770 0.209524 0.291367 0.212698 0.287770 0.203175 0.273381 0.203175 0.269784 0.200000 0.266187 0.200000 0.258993 0.184127 0.241007
0 0.222222 0.251799 0.222222 0.266187 0.234921 0.280576 0.238095 0.280576 0.247619 0.287770 0.263492 0.291367 0.266667 0.294964 0.269841 0.291367 0.269841 0.284173 0.266667 0.280576 0.266667 0.276978 0.244444 0.251799
0 0.692063 0.251799 0.701587 0.262590 0.704762 0.262590 0.714286 0.273381 0.717460 0.273381 0.720635 0.276978 0.726984 0.276978 0.730159 0.280576 0.742857 0.280576 0.746032 0.276978 0.746032 0.273381 0.739683 0.266187 0.736508 0.266187 0.720635 0.255396 0.714286 0.255396 0.711111 0.251799
0 0.571429 0.258993 0.571429 0.266187 0.574603 0.266187 0.593651 0.287770 0.596825 0.294964 0.600000 0.294964 0.619048 0.316547 0.628571 0.316547 0.628571 0.312950 0.625397 0.312950 0.619048 0.305755 0.619048 0.302158 0.580952 0.258993
0 0.415873 0.291367 0.415873 0.298561 0.419048 0.298561 0.434921 0.309353 0.447619 0.309353 0.450794 0.305755 0.453968 0.305755 0.460317 0.294964 0.450794 0.284173 0.425397 0.284173
0 0.863492 0.284173 0.866667 0.294964 0.869841 0.298561 0.873016 0.298561 0.879365 0.305755 0.879365 0.309353 0.892063 0.323741 0.892063 0.327338 0.898413 0.327338 0.898413 0.323741 0.892063 0.312950 0.892063 0.302158 0.888889 0.298561 0.888889 0.294964 0.882540 0.287770 0.876190 0.287770 0.873016 0.284173
0 0.822222 0.291367 0.822222 0.302158 0.831746 0.320144 0.841270 0.323741 0.860317 0.341727 0.869841 0.341727 0.873016 0.338129 0.869841 0.323741 0.847619 0.294964 0.841270 0.294964 0.838095 0.291367
0 0.907937 0.294964 0.907937 0.302158 0.911111 0.302158 0.914286 0.305755 0.923810 0.305755 0.926984 0.309353 0.936508 0.309353 0.936508 0.302158 0.933333 0.302158 0.930159 0.298561 0.926984 0.298561 0.923810 0.294964
0 0.593651 0.302158 0.590476 0.302158 0.587302 0.298561 0.577778 0.298561 0.574603 0.302158 0.565079 0.302158 0.561905 0.305755 0.561905 0.320144 0.568254 0.327338 0.580952 0.327338 0.590476 0.316547 0.593651 0.316547 0.596825 0.312950 0.593651 0.309353
0 0.631746 0.302158 0.631746 0.316547 0.634921 0.316547 0.666667 0.352518 0.685714 0.363309 0.698413 0.363309 0.685714 0.345324 0.657143 0.327338 0.634921 0.302158
0 0.717460 0.305755 0.717460 0.309353 0.726984 0.312950 0.733333 0.320144 0.739683 0.320144 0.752381 0.327338 0.771429 0.345324 0.780952 0.348921 0.780952 0.341727 0.771429 0.330935 0.726984 0.305755
0 0.234921 0.309353 0.231746 0.312950 0.231746 0.323741 0.241270 0.334532 0.241270 0.338129 0.260317 0.359712 0.266667 0.359712 0.266667 0.348921 0.263492 0.345324 0.263492 0.341727 0.257143 0.334532 0.253968 0.323741 0.244444 0.312950
0 0.285714 0.323741 0.288889 0.334532 0.304762 0.356115 0.307937 0.356115 0.311111 0.359712 0.320635 0.359712 0.323810 0.363309 0.336508 0.363309 0.336508 0.356115 0.333333 0.352518 0.326984 0.352518 0.314286 0.338129 0.307937 0.338129 0.292063 0.323741
0 0.114286 0.334532 0.107937 0.341727 0.107937 0.352518 0.117460 0.363309 0.126984 0.363309 0.126984 0.359712 0.130159 0.356115 0.130159 0.348921 0.126984 0.345324 0.126984 0.341727 0.123810 0.338129 0.120635 0.338129 0.117460 0.334532
0 0.552381 0.352518 0.549206 0.356115 0.549206 0.366906 0.552381 0.370504 0.552381 0.377698 0.555556 0.381295 0.561905 0.399281 0.568254 0.406475 0.574603 0.406475 0.574603 0.399281 0.561905 0.374101 0.561905 0.366906 0.558730 0.363309 0.558730 0.359712
0 0.844444 0.356115 0.844444 0.359712 0.847619 0.359712 0.853968 0.366906 0.860317 0.366906 0.860317 0.363309 0.853968 0.356115 0.850794 0.356115 0.847619 0.352518
0 0.619048 0.363309 0.615873 0.366906 0.622222 0.381295 0.628571 0.388489 0.628571 0.392086 0.644444 0.410072 0.647619 0.410072 0.653968 0.417266 0.660317 0.417266 0.660317 0.406475 0.657143 0.402878 0.657143 0.395683 0.647619 0.384892 0.647619 0.381295 0.634921 0.370504
0 0.669841 0.366906 0.676190 0.374101 0.685714 0.377698 0.692063 0.384892 0.695238 0.384892 0.704762 0.392086 0.707937 0.392086 0.711111 0.388489 0.711111 0.384892 0.704762 0.377698 0.701587 0.366906 0.685714 0.366906 0.682540 0.363309 0.673016 0.363309
0 0.923810 0.363309 0.923810 0.374101 0.942857 0.395683 0.949206 0.399281 0.965079 0.399281 0.977778 0.388489 0.977778 0.381295 0.965079 0.381295 0.955556 0.370504 0.958730 0.366906 0.952381 0.363309
0 0.876190 0.377698 0.876190 0.384892 0.879365 0.388489 0.882540 0.388489 0.895238 0.402878 0.901587 0.402878 0.904762 0.406475 0.907937 0.406475 0.911111 0.402878 0.911111 0.399281 0.904762 0.392086 0.901587 0.392086 0.895238 0.384892 0.892063 0.384892 0.885714 0.377698
0 0.311111 0.388489 0.314286 0.399281 0.323810 0.410072 0.339683 0.410072 0.342857 0.413669 0.355556 0.413669 0.355556 0.406475 0.352381 0.402878 0.349206 0.402878 0.346032 0.399281 0.339683 0.399281 0.323810 0.388489
0 0.222222 0.399281 0.222222 0.402878 0.228571 0.410072 0.241270 0.417266 0.263492 0.442446 0.269841 0.442446 0.276190 0.438849 0.276190 0.428058 0.263492 0.410072 0.253968 0.410072 0.250794 0.406475 0.241270 0.406475 0.231746 0.399281
0 0.133333 0.402878 0.133333 0.410072 0.155556 0.435252 0.158730 0.435252 0.161905 0.438849 0.171429 0.438849 0.174603 0.435252 0.174603 0.428058 0.168254 0.420863 0.168254 0.417266 0.161905 0.406475 0.158730 0.406475 0.155556 0.402878
0 0.441270 0.410072 0.441270 0.413669 0.450794 0.424460 0.453968 0.424460 0.460317 0.431655 0.460317 0.435252 0.466667 0.435252 0.485714 0.453237 0.498413 0.456835 0.495238 0.453237 0.495238 0.442446 0.482540 0.417266 0.463492 0.406475 0.444444 0.406475
0 0.304762 0.413669 0.304762 0.420863 0.311111 0.428058 0.326984 0.428058 0.326984 0.424460 0.323810 0.420863 0.323810 0.417266 0.320635 0.413669
0 0.869841 0.424460 0.876190 0.442446 0.898413 0.471223 0.901587 0.482014 0.904762 0.485612 0.911111 0.482014 0.911111 0.464029 0.907937 0.460432 0.907937 0.453237 0.904762 0.446043 0.882540 0.424460
0 0.438095 0.428058 0.434921 0.431655 0.444444 0.446043 0.444444 0.453237 0.447619 0.453237 0.453968 0.464029 0.463492 0.467626 0.476190 0.485612 0.492063 0.492806 0.495238 0.489209 0.495238 0.482014 0.482540 0.467626 0.482540 0.464029 0.453968 0.435252 0.447619 0.435252
0 0.219048 0.438849 0.215873 0.442446 0.215873 0.449640 0.219048 0.453237 0.219048 0.456835 0.238095 0.478417 0.241270 0.489209 0.244444 0.492806 0.250794 0.492806 0.250794 0.471223 0.247619 0.467626 0.247619 0.456835 0.244444 0.453237 0.244444 0.449640 0.234921 0.438849
0 0.533333 0.442446 0.530159 0.446043 0.530159 0.467626 0.536508 0.474820 0.539683 0.474820 0.542857 0.471223 0.542857 0.449640 0.539683 0.446043 0.539683 0.442446
0 0.349206 0.453237 0.352381 0.460432 0.358730 0.460432 0.374603 0.471223 0.380952 0.471223 0.393651 0.478417 0.403175 0.489209 0.409524 0.489209 0.409524 0.478417 0.403175 0.471223 0.403175 0.467626 0.390476 0.456835 0.371429 0.446043 0.355556 0.446043
0 0.431746 0.453237 0.431746 0.464029 0.441270 0.474820 0.441270 0.478417 0.450794 0.489209 0.450794 0.492806 0.463492 0.507194 0.469841 0.507194 0.473016 0.503597 0.473016 0.492806 0.463492 0.482014 0.463492 0.478417 0.441270 0.453237
0 0.590476 0.464029 0.590476 0.471223 0.596825 0.478417 0.596825 0.482014 0.600000 0.485612 0.600000 0.492806 0.603175 0.492806 0.606349 0.496403 0.609524 0.492806 0.609524 0.478417 0.606349 0.474820 0.606349 0.471223 0.600000 0.464029
0 0.688889 0.464029 0.685714 0.467626 0.685714 0.474820 0.688889 0.478417 0.688889 0.482014 0.692063 0.485612 0.692063 0.489209 0.695238 0.492806 0.707937 0.492806 0.707937 0.489209 0.704762 0.485612 0.704762 0.482014 0.701587 0.478417 0.701587 0.474820 0.692063 0.464029
0 0.628571 0.471223 0.628571 0.500000 0.634921 0.514388 0.634921 0.525180 0.657143 0.553957 0.663492 0.553957 0.666667 0.550360 0.666667 0.539568 0.634921 0.471223
0 0.933333 0.485612 0.958730 0.510791 0.971429 0.517986 0.984127 0.517986 0.987302 0.521583 0.990476 0.517986 0.990476 0.514388 0.971429 0.503597 0.965079 0.496403 0.946032 0.485612
0 0.707937 0.496403 0.717460 0.507194 0.717460 0.510791 0.720635 0.510791 0.733333 0.521583 0.752381 0.521583 0.758730 0.510791 0.749206 0.500000 0.746032 0.500000 0.736508 0.492806 0.723810 0.492806 0.720635 0.489209 0.711111 0.489209 0.711111 0.492806
0 0.422222 0.496403 0.425397 0.500000 0.425397 0.503597 0.428571 0.507194 0.431746 0.507194 0.434921 0.510791 0.434921 0.514388 0.444444 0.514388 0.444444 0.510791 0.441270 0.507194 0.441270 0.503597 0.431746 0.492806 0.425397 0.492806
0 0.873016 0.503597 0.873016 0.517986 0.879365 0.525180 0.879365 0.528777 0.882540 0.528777 0.885714 0.532374 0.892063 0.532374 0.898413 0.525180 0.898413 0.514388 0.895238 0.510791 0.895238 0.507194 0.892063 0.503597
0 0.228571 0.514388 0.228571 0.517986 0.225397 0.521583 0.225397 0.543165 0.228571 0.546763 0.228571 0.553957 0.234921 0.553957 0.244444 0.561151 0.257143 0.561151 0.260317 0.557554 0.260317 0.546763 0.257143 0.543165 0.257143 0.528777 0.253968 0.525180 0.253968 0.517986 0.250794 0.514388 0.244444 0.514388 0.241270 0.510791 0.234921 0.510791 0.231746 0.514388
0 0.511111 0.510791 0.511111 0.517986 0.501587 0.528777 0.498413 0.539568 0.511111 0.553957 0.517460 0.553957 0.520635 0.557554 0.523810 0.557554 0.526984 0.553957 0.526984 0.550360 0.523810 0.546763 0.523810 0.543165 0.520635 0.539568 0.520635 0.532374 0.517460 0.528777 0.517460 0.514388 0.514286 0.510791
0 0.193651 0.514388 0.193651 0.528777 0.209524 0.546763 0.212698 0.546763 0.215873 0.550360 0.225397 0.553957 0.225397 0.546763 0.222222 0.543165 0.222222 0.535971 0.212698 0.525180 0.212698 0.521583 0.206349 0.514388
0 0.276190 0.514388 0.276190 0.525180 0.282540 0.532374 0.282540 0.539568 0.311111 0.571942 0.314286 0.571942 0.311111 0.568345 0.311111 0.561151 0.307937 0.557554 0.301587 0.539568 0.285714 0.521583 0.285714 0.517986
0 0.755556 0.521583 0.765079 0.532374 0.787302 0.532374 0.790476 0.528777 0.790476 0.525180 0.784127 0.517986 0.780952 0.517986 0.777778 0.514388 0.758730 0.514388 0.758730 0.517986
0 0.593651 0.517986 0.593651 0.528777 0.596825 0.532374 0.596825 0.539568 0.600000 0.543165 0.606349 0.561151 0.612698 0.568345 0.612698 0.575540 0.612698 0.553957 0.606349 0.546763 0.606349 0.543165 0.603175 0.539568 0.603175 0.532374 0.600000 0.528777 0.600000 0.521583 0.596825 0.517986
0 0.914286 0.517986 0.904762 0.517986 0.898413 0.528777 0.901587 0.532374 0.901587 0.557554 0.898413 0.561151 0.898413 0.571942 0.904762 0.571942 0.914286 0.553957
0 0.698413 0.525180 0.695238 0.528777 0.695238 0.543165 0.707937 0.575540 0.726984 0.597122 0.736508 0.597122 0.739683 0.600719 0.742857 0.597122 0.742857 0.589928 0.739683 0.589928 0.736508 0.582734 0.733333 0.582734 0.720635 0.568345 0.717460 0.557554 0.707937 0.546763 0.701587 0.525180
0 0.352381 0.528777 0.352381 0.539568 0.358730 0.546763 0.358730 0.550360 0.365079 0.557554 0.368254 0.557554 0.371429 0.561151 0.374603 0.561151 0.377778 0.557554 0.377778 0.543165 0.368254 0.532374 0.365079 0.532374 0.361905 0.528777
0 0.733333 0.532374 0.733333 0.535971 0.730159 0.539568 0.733333 0.543165 0.733333 0.546763 0.739683 0.553957 0.749206 0.553957 0.749206 0.546763 0.746032 0.543165 0.746032 0.539568 0.742857 0.535971 0.739683 0.535971 0.736508 0.532374
0 0.139683 0.543165 0.130159 0.557554 0.139683 0.582734 0.152381 0.593525 0.158730 0.593525 0.161905 0.589928 0.165079 0.589928 0.165079 0.586331 0.168254 0.582734 0.168254 0.564748 0.165079 0.561151 0.165079 0.553957 0.155556 0.543165
0 0.758730 0.561151 0.765079 0.568345 0.777778 0.568345 0.780952 0.564748 0.800000 0.564748 0.803175 0.561151 0.800000 0.557554 0.790476 0.557554 0.787302 0.553957 0.768254 0.553957
0 0.415873 0.568345 0.415873 0.579137 0.419048 0.582734 0.419048 0.586331 0.434921 0.604317 0.434921 0.607914 0.438095 0.607914 0.444444 0.615108 0.460317 0.615108 0.460317 0.600719 0.453968 0.593525 0.431746 0.582734 0.419048 0.568345
0 0.346032 0.571942 0.342857 0.575540 0.342857 0.600719 0.346032 0.607914 0.368254 0.636691 0.377778 0.636691 0.384127 0.625899 0.380952 0.615108 0.368254 0.597122 0.365079 0.586331 0.352381 0.571942
0 0.822222 0.575540 0.822222 0.579137 0.819048 0.582734 0.819048 0.586331 0.809524 0.604317 0.809524 0.615108 0.819048 0.622302 0.831746 0.622302 0.831746 0.607914 0.834921 0.604317 0.834921 0.593525 0.831746 0.589928 0.831746 0.579137 0.828571 0.575540
0 0.574603 0.582734 0.574603 0.593525 0.593651 0.618705 0.603175 0.625899 0.612698 0.625899 0.631746 0.633094 0.644444 0.643885 0.650794 0.643885 0.650794 0.633094 0.622222 0.604317 0.609524 0.600719 0.584127 0.582734
0 0.873016 0.597122 0.876190 0.600719 0.876190 0.611511 0.879365 0.615108 0.879365 0.618705 0.885714 0.625899 0.895238 0.625899 0.901587 0.618705 0.901587 0.604317 0.895238 0.597122
0 0.726984 0.611511 0.726984 0.629496 0.733333 0.640288 0.736508 0.640288 0.739683 0.643885 0.758730 0.643885 0.765079 0.636691 0.765079 0.625899 0.761905 0.622302 0.758730 0.622302 0.736508 0.607914 0.730159 0.607914
0 0.323810 0.618705 0.323810 0.636691 0.326984 0.640288 0.326984 0.658273 0.330159 0.665468 0.336508 0.672662 0.355556 0.672662 0.358730 0.676259 0.368254 0.669065 0.365079 0.654676 0.352381 0.640288 0.349206 0.640288 0.333333 0.618705
0 0.511111 0.618705 0.511111 0.629496 0.520635 0.640288 0.523810 0.640288 0.530159 0.647482 0.533333 0.647482 0.542857 0.654676 0.546032 0.654676 0.549206 0.651079 0.549206 0.643885 0.546032 0.640288 0.546032 0.636691 0.533333 0.622302 0.530159 0.622302 0.526984 0.618705
0 0.104762 0.622302 0.101587 0.629496 0.104762 0.633094 0.104762 0.640288 0.111111 0.654676 0.130159 0.676259 0.149206 0.679856 0.152381 0.676259 0.152381 0.661871 0.146032 0.654676 0.146032 0.651079 0.126984 0.629496 0.114286 0.622302
0 0.955556 0.640288 0.952381 0.643885 0.952381 0.651079 0.958730 0.665468 0.974603 0.687050 0.974603 0.690647 0.984127 0.697842 0.993651 0.697842 0.993651 0.687050 0.987302 0.676259 0.984127 0.658273 0.968254 0.643885 0.961905 0.640288
0 0.593651 0.643885 0.593651 0.651079 0.600000 0.658273 0.600000 0.661871 0.609524 0.672662 0.612698 0.672662 0.615873 0.676259 0.622222 0.676259 0.625397 0.679856 0.631746 0.679856 0.634921 0.676259 0.634921 0.669065 0.631746 0.665468 0.628571 0.665468 0.619048 0.654676 0.615873 0.654676 0.609524 0.647482 0.603175 0.647482 0.600000 0.643885
0 0.634921 0.647482 0.628571 0.654676 0.628571 0.661871 0.634921 0.661871 0.641270 0.669065 0.644444 0.669065 0.650794 0.676259 0.653968 0.676259 0.653968 0.669065 0.641270 0.654676 0.638095 0.654676 0.634921 0.651079
0 0.803175 0.654676 0.800000 0.651079 0.790476 0.651079 0.787302 0.654676 0.768254 0.654676 0.765079 0.658273 0.771429 0.665468 0.774603 0.665468 0.777778 0.669065 0.790476 0.669065 0.793651 0.665468 0.796825 0.665468 0.803175 0.658273
0 0.574603 0.654676 0.574603 0.669065 0.600000 0.719424 0.615873 0.733813 0.625397 0.733813 0.622222 0.719424 0.603175 0.697842 0.584127 0.661871
0 0.711111 0.658273 0.707937 0.661871 0.707937 0.665468 0.704762 0.669065 0.704762 0.672662 0.707937 0.676259 0.707937 0.679856 0.714286 0.687050 0.726984 0.687050 0.723810 0.683453 0.723810 0.679856 0.714286 0.669065 0.714286 0.661871
0 0.215873 0.665468 0.206349 0.679856 0.206349 0.694245 0.212698 0.705036 0.212698 0.712230 0.225397 0.730216 0.231746 0.733813 0.244444 0.733813 0.247619 0.726619 0.247619 0.708633 0.250794 0.705036 0.247619 0.697842 0.247619 0.687050 0.234921 0.669065 0.228571 0.665468
0 0.492063 0.665468 0.488889 0.672662 0.492063 0.672662 0.504762 0.687050 0.511111 0.701439 0.526984 0.719424 0.536508 0.712230 0.536508 0.705036 0.533333 0.697842 0.520635 0.683453 0.520635 0.679856 0.514286 0.672662 0.501587 0.665468
0 0.406349 0.676259 0.400000 0.683453 0.403175 0.687050 0.403175 0.694245 0.406349 0.697842 0.406349 0.701439 0.412698 0.708633 0.415873 0.708633 0.428571 0.723022 0.431746 0.723022 0.434921 0.719424 0.434921 0.715827 0.428571 0.705036 0.428571 0.697842 0.425397 0.694245 0.425397 0.687050 0.419048 0.679856 0.409524 0.679856
0 0.549206 0.683453 0.549206 0.701439 0.552381 0.705036 0.555556 0.715827 0.565079 0.723022 0.580952 0.723022 0.580952 0.719424 0.577778 0.715827 0.577778 0.708633 0.571429 0.701439 0.571429 0.697842 0.568254 0.694245 0.565079 0.694245 0.555556 0.683453
0 0.092063 0.690647 0.088889 0.694245 0.088889 0.705036 0.092063 0.708633 0.092063 0.712230 0.095238 0.712230 0.098413 0.715827 0.098413 0.719424 0.114286 0.733813 0.123810 0.733813 0.123810 0.730216 0.126984 0.726619 0.123810 0.723022 0.123810 0.719424 0.120635 0.715827 0.120635 0.708633 0.114286 0.701439 0.114286 0.697842 0.104762 0.690647
0 0.517460 0.715827 0.517460 0.730216 0.530159 0.744604 0.546032 0.748201 0.558730 0.758993 0.565079 0.758993 0.568254 0.755396 0.565079 0.744604 0.558730 0.737410 0.546032 0.730216 0.533333 0.730216 0.520635 0.715827
0 0.657143 0.715827 0.653968 0.719424 0.653968 0.723022 0.657143 0.726619 0.657143 0.730216 0.660317 0.730216 0.663492 0.733813 0.666667 0.733813 0.666667 0.719424 0.663492 0.715827
0 0.752381 0.723022 0.752381 0.726619 0.755556 0.730216 0.758730 0.730216 0.768254 0.741007 0.771429 0.741007 0.784127 0.755396 0.787302 0.755396 0.793651 0.762590 0.796825 0.762590 0.796825 0.755396 0.793651 0.751799 0.790476 0.751799 0.784127 0.744604 0.780952 0.744604 0.768254 0.730216 0.765079 0.730216 0.758730 0.723022
0 0.079365 0.733813 0.076190 0.741007 0.088889 0.755396 0.098413 0.758993 0.114286 0.780576 0.130159 0.787770 0.139683 0.780576 0.136508 0.766187 0.107937 0.730216 0.101587 0.726619 0.092063 0.726619
0 0.339683 0.730216 0.339683 0.755396 0.346032 0.773381 0.358730 0.794964 0.368254 0.805755 0.387302 0.805755 0.390476 0.798561 0.384127 0.784173 0.384127 0.766187 0.371429 0.744604 0.355556 0.730216 0.346032 0.726619
0 0.717460 0.726619 0.717460 0.733813 0.720635 0.741007 0.726984 0.748201 0.730159 0.758993 0.739683 0.769784 0.746032 0.769784 0.755556 0.776978 0.761905 0.776978 0.765079 0.773381 0.761905 0.766187 0.755556 0.762590 0.746032 0.751799 0.742857 0.751799 0.723810 0.726619
0 0.276190 0.737410 0.276190 0.755396 0.292063 0.784173 0.304762 0.798561 0.311111 0.802158 0.320635 0.802158 0.323810 0.798561 0.323810 0.780576 0.317460 0.769784 0.314286 0.755396 0.295238 0.733813 0.282540 0.733813
0 0.469841 0.733813 0.463492 0.741007 0.463492 0.744604 0.466667 0.748201 0.466667 0.758993 0.469841 0.762590 0.469841 0.769784 0.473016 0.773381 0.473016 0.776978 0.479365 0.784173 0.482540 0.784173 0.485714 0.787770 0.492063 0.776978 0.492063 0.755396 0.488889 0.751799 0.488889 0.748201 0.479365 0.737410
0 0.914286 0.744604 0.914286 0.751799 0.920635 0.758993 0.923810 0.758993 0.926984 0.762590 0.946032 0.762590 0.952381 0.755396 0.952381 0.751799 0.946032 0.744604 0.942857 0.744604 0.939683 0.741007 0.917460 0.741007
0 0.184127 0.758993 0.184127 0.773381 0.187302 0.776978 0.187302 0.784173 0.190476 0.787770 0.190476 0.791367 0.203175 0.805755 0.209524 0.805755 0.212698 0.809353 0.215873 0.809353 0.219048 0.805755 0.219048 0.791367 0.212698 0.784173 0.212698 0.780576 0.206349 0.773381 0.206349 0.769784 0.193651 0.758993
0 0.247619 0.776978 0.244444 0.780576 0.244444 0.791367 0.247619 0.794964 0.250794 0.809353 0.263492 0.827338 0.285714 0.841727 0.288889 0.838129 0.288889 0.820144 0.282540 0.805755 0.263492 0.784173 0.260317 0.784173 0.253968 0.776978
0 0.914286 0.780576 0.914286 0.791367 0.917460 0.791367 0.920635 0.794964 0.926984 0.794964 0.930159 0.798561 0.933333 0.798561 0.949206 0.809353 0.952381 0.805755 0.955556 0.805755 0.952381 0.794964 0.946032 0.787770 0.942857 0.787770 0.939683 0.784173 0.930159 0.784173 0.926984 0.780576
0 0.749206 0.794964 0.746032 0.798561 0.746032 0.805755 0.749206 0.809353 0.749206 0.812950 0.755556 0.820144 0.761905 0.820144 0.765079 0.823741 0.768254 0.823741 0.771429 0.820144 0.771429 0.812950 0.761905 0.802158 0.758730 0.802158 0.752381 0.794964
0 0.101587 0.798561 0.111111 0.823741 0.117460 0.830935 0.130159 0.856115 0.136508 0.863309 0.139683 0.863309 0.139683 0.852518 0.133333 0.838129 0.136508 0.834532 0.133333 0.823741 0.130159 0.823741 0.126984 0.816547 0.120635 0.812950 0.107937 0.798561
0 0.133333 0.812950 0.133333 0.820144 0.149206 0.852518 0.149206 0.859712 0.165079 0.877698 0.168254 0.877698 0.171429 0.874101 0.171429 0.852518 0.168254 0.848921 0.165079 0.834532 0.149206 0.812950 0.142857 0.809353
0 0.473016 0.816547 0.473016 0.834532 0.485714 0.848921 0.492063 0.848921 0.495238 0.852518 0.504762 0.852518 0.507937 0.848921 0.511111 0.848921 0.520635 0.838129 0.520635 0.830935 0.507937 0.816547 0.504762 0.816547 0.501587 0.812950 0.495238 0.812950 0.492063 0.809353 0.479365 0.809353
0 0.844444 0.816547 0.838095 0.823741 0.838095 0.838129 0.844444 0.845324 0.850794 0.845324 0.853968 0.841727 0.853968 0.823741 0.850794 0.820144 0.847619 0.820144
0 0.866667 0.830935 0.866667 0.841727 0.892063 0.874101 0.926984 0.888489 0.939683 0.874101 0.939683 0.870504 0.930159 0.866906 0.923810 0.859712 0.904762 0.848921 0.879365 0.841727
0 0.790476 0.834532 0.790476 0.841727 0.793651 0.845324 0.796825 0.845324 0.800000 0.848921 0.806349 0.848921 0.809524 0.852518 0.812698 0.852518 0.815873 0.848921 0.819048 0.848921 0.819048 0.845324 0.812698 0.838129 0.806349 0.838129 0.803175 0.834532
0 0.568254 0.856115 0.561905 0.863309 0.561905 0.866906 0.558730 0.870504 0.558730 0.877698 0.561905 0.877698 0.565079 0.881295 0.568254 0.881295 0.577778 0.888489 0.584127 0.888489 0.587302 0.884892 0.587302 0.870504 0.580952 0.863309 0.580952 0.859712 0.577778 0.859712 0.574603 0.856115
0 0.987302 0.866906 0.987302 0.874101 0.993651 0.881295 0.996825 0.881295 0.996825 0.870504 0.993651 0.866906
0 0.863492 0.874101 0.863492 0.881295 0.869841 0.888489 0.879365 0.888489 0.876190 0.884892 0.876190 0.881295 0.873016 0.877698 0.869841 0.877698 0.866667 0.874101
