0 0.631746 0.082437 0.628571 0.093190 0.663492 0.154122 0.679365 0.175627 0.695238 0.179211 0.701587 0.168459 0.701587 0.157706 0.688889 0.129032 0.669841 0.107527
0 0.838095 0.154122 0.838095 0.157706 0.850794 0.172043 0.850794 0.175627 0.857143 0.182796 0.860317 0.182796 0.866667 0.189964 0.876190 0.189964 0.876190 0.179211 0.869841 0.172043 0.869841 0.168459 0.866667 0.164875 0.863492 0.164875 0.857143 0.157706 0.853968 0.157706 0.850794 0.154122
0 0.968254 0.164875 0.961905 0.172043 0.961905 0.189964 0.965079 0.193548 0.965079 0.200717 0.968254 0.204301 0.968254 0.207885 0.971429 0.207885 0.974603 0.211470 0.980952 0.204301 0.980952 0.175627 0.974603 0.164875
0 0.866667 0.215054 0.869841 0.218638 0.869841 0.222222 0.879365 0.232975 0.879365 0.236559 0.885714 0.243728 0.895238 0.240143 0.898413 0.236559 0.898413 0.232975 0.904762 0.225806 0.904762 0.218638 0.888889 0.207885 0.869841 0.207885 0.869841 0.211470
0 0.298413 0.236559 0.295238 0.240143 0.295238 0.261649 0.301587 0.268817 0.311111 0.268817 0.317460 0.261649 0.317460 0.254480 0.314286 0.250896 0.314286 0.243728 0.311111 0.240143 0.307937 0.240143 0.304762 0.236559
0 0.460317 0.265233 0.457143 0.268817 0.457143 0.275986 0.460317 0.279570 0.460317 0.283154 0.463492 0.283154 0.466667 0.286738 0.476190 0.286738 0.476190 0.283154 0.479365 0.279570 0.479365 0.272401 0.476190 0.268817 0.473016 0.268817 0.469841 0.265233
0 0.438095 0.290323 0.434921 0.293907 0.434921 0.308244 0.438095 0.311828 0.438095 0.315412 0.441270 0.318996 0.457143 0.318996 0.457143 0.315412 0.460317 0.311828 0.460317 0.304659 0.457143 0.301075 0.457143 0.297491 0.450794 0.290323
0 0.688889 0.304659 0.682540 0.304659 0.679365 0.308244 0.679365 0.311828 0.676190 0.315412 0.676190 0.318996 0.669841 0.329749 0.669841 0.340502 0.679365 0.340502 0.679365 0.336918 0.682540 0.333333 0.682540 0.329749 0.685714 0.326165 0.685714 0.322581 0.692063 0.311828 0.692063 0.308244
0 0.720635 0.308244 0.717460 0.311828 0.717460 0.315412 0.714286 0.318996 0.714286 0.322581 0.726984 0.336918 0.730159 0.336918 0.733333 0.340502 0.736508 0.340502 0.742857 0.333333 0.742857 0.329749 0.739683 0.326165 0.739683 0.322581 0.736508 0.318996 0.736508 0.315412 0.726984 0.308244
0 0.152381 0.340502 0.155556 0.344086 0.155556 0.347670 0.161905 0.354839 0.165079 0.354839 0.168254 0.358423 0.187302 0.358423 0.193651 0.351254 0.190476 0.340502 0.187302 0.340502 0.184127 0.336918 0.177778 0.336918 0.174603 0.333333 0.155556 0.333333 0.155556 0.336918
0 0.603175 0.426523 0.600000 0.430108 0.600000 0.437276 0.596825 0.440860 0.596825 0.444444 0.600000 0.448029 0.600000 0.455197 0.609524 0.462366 0.615873 0.462366 0.622222 0.455197 0.622222 0.433692 0.612698 0.426523
0 0.857143 0.455197 0.850794 0.462366 0.850794 0.476703 0.853968 0.480287 0.863492 0.480287 0.866667 0.476703 0.869841 0.476703 0.869841 0.462366 0.863492 0.455197
0 0.663492 0.480287 0.660317 0.483871 0.660317 0.501792 0.666667 0.508961 0.679365 0.508961 0.685714 0.501792 0.685714 0.491039 0.676190 0.480287
0 0.190476 0.483871 0.184127 0.491039 0.184127 0.505376 0.190476 0.516129 0.200000 0.516129 0.209524 0.505376 0.209524 0.491039 0.203175 0.483871
0 0.228571 0.591398 0.225397 0.594982 0.225397 0.605735 0.228571 0.609319 0.228571 0.612903 0.247619 0.637993 0.253968 0.637993 0.260317 0.630824 0.260317 0.620072 0.257143 0.616487 0.257143 0.609319 0.253968 0.605735 0.253968 0.602151 0.247619 0.594982 0.244444 0.594982 0.241270 0.591398
0 0.203175 0.609319 0.196825 0.609319 0.193651 0.612903 0.190476 0.612903 0.190476 0.627240 0.196825 0.634409 0.200000 0.634409 0.203175 0.630824 0.206349 0.630824 0.209524 0.627240 0.209524 0.616487
0 0.168254 0.659498 0.161905 0.666667 0.161905 0.670251 0.158730 0.673835 0.161905 0.677419 0.161905 0.684588 0.165079 0.688172 0.168254 0.698925 0.171429 0.702509 0.177778 0.702509 0.184127 0.695341 0.180952 0.684588 0.174603 0.677419 0.180952 0.670251 0.180952 0.663082 0.177778 0.663082 0.174603 0.659498
0 0.307937 0.863799 0.304762 0.867384 0.304762 0.885305 0.307937 0.888889 0.307937 0.903226 0.311111 0.906810 0.311111 0.913978 0.314286 0.917563 0.314286 0.921147 0.317460 0.924731 0.320635 0.924731 0.326984 0.917563 0.326984 0.910394 0.317460 0.899642 0.317460 0.870968 0.314286 0.867384 0.314286 0.863799
