0 0.282540 0.021583 0.292063 0.028777 0.298413 0.028777 0.301587 0.025180 0.307937 0.025180 0.311111 0.021583 0.320635 0.017986 0.330159 0.007194 0.323810 0.000000 0.285714 0.000000 0.282540 0.003597
0 0.406349 0.053957 0.406349 0.061151 0.403175 0.064748 0.403175 0.079137 0.422222 0.097122 0.434921 0.100719 0.447619 0.093525 0.453968 0.086331 0.450794 0.071942 0.441270 0.057554 0.441270 0.053957 0.428571 0.046763 0.415873 0.046763
0 0.273016 0.061151 0.273016 0.075540 0.276190 0.075540 0.279365 0.079137 0.285714 0.079137 0.288889 0.082734 0.298413 0.082734 0.301587 0.079137 0.307937 0.079137 0.311111 0.075540 0.317460 0.075540 0.320635 0.071942 0.323810 0.071942 0.323810 0.064748 0.320635 0.064748 0.307937 0.053957 0.301587 0.053957 0.298413 0.050360 0.295238 0.050360 0.292063 0.053957 0.282540 0.053957
0 0.190476 0.133094 0.187302 0.136691 0.187302 0.158273 0.190476 0.161871 0.190476 0.169065 0.193651 0.169065 0.215873 0.183453 0.225397 0.172662 0.225397 0.161871 0.222222 0.158273 0.222222 0.154676 0.206349 0.136691 0.203175 0.136691 0.200000 0.133094
0 0.177778 0.176259 0.177778 0.183453 0.184127 0.187050 0.206349 0.212230 0.206349 0.215827 0.212698 0.223022 0.215873 0.223022 0.222222 0.215827 0.222222 0.201439 0.215873 0.194245 0.215873 0.187050 0.187302 0.169065
0 0.260317 0.183453 0.253968 0.201439 0.257143 0.205036 0.257143 0.208633 0.266667 0.219424 0.295238 0.219424 0.295238 0.205036 0.285714 0.187050 0.282540 0.187050 0.279365 0.183453
0 0.695238 0.190647 0.679365 0.194245 0.679365 0.197842 0.669841 0.212230 0.669841 0.230216 0.679365 0.241007 0.682540 0.241007 0.685714 0.244604 0.688889 0.241007 0.695238 0.241007 0.695238 0.237410 0.704762 0.219424 0.704762 0.201439
0 0.368254 0.215827 0.368254 0.219424 0.365079 0.223022 0.365079 0.233813 0.371429 0.241007 0.387302 0.244604 0.396825 0.251799 0.400000 0.251799 0.409524 0.244604 0.409524 0.241007 0.412698 0.237410 0.403175 0.223022 0.400000 0.223022 0.390476 0.215827 0.380952 0.215827 0.377778 0.212230 0.374603 0.215827
0 0.844444 0.219424 0.844444 0.233813 0.857143 0.248201 0.869841 0.251799 0.873016 0.255396 0.892063 0.255396 0.904762 0.237410 0.904762 0.226619 0.901587 0.219424 0.892063 0.212230 0.857143 0.212230
0 0.282540 0.251799 0.282540 0.266187 0.285714 0.273381 0.301587 0.287770 0.307937 0.287770 0.311111 0.291367 0.330159 0.291367 0.336508 0.287770 0.346032 0.273381 0.342857 0.255396 0.323810 0.237410 0.307937 0.237410 0.301587 0.233813 0.298413 0.237410 0.292063 0.237410
0 0.438095 0.244604 0.431746 0.251799 0.431746 0.266187 0.441270 0.287770 0.460317 0.305755 0.476190 0.305755 0.488889 0.287770 0.488889 0.276978 0.476190 0.255396 0.457143 0.244604
0 0.733333 0.273381 0.733333 0.287770 0.752381 0.309353 0.771429 0.323741 0.777778 0.323741 0.780952 0.327338 0.793651 0.323741 0.793651 0.305755 0.768254 0.276978 0.752381 0.266187 0.742857 0.266187
0 0.184127 0.294964 0.184127 0.298561 0.180952 0.302158 0.180952 0.316547 0.187302 0.327338 0.190476 0.327338 0.193651 0.330935 0.206349 0.330935 0.209524 0.327338 0.215873 0.327338 0.219048 0.323741 0.219048 0.316547 0.222222 0.312950 0.222222 0.305755 0.225397 0.302158 0.222222 0.302158 0.212698 0.291367 0.190476 0.291367 0.187302 0.294964
0 0.228571 0.302158 0.225397 0.305755 0.225397 0.312950 0.222222 0.316547 0.222222 0.323741 0.219048 0.327338 0.219048 0.330935 0.225397 0.330935 0.228571 0.334532 0.247619 0.334532 0.253968 0.327338 0.253968 0.320144 0.257143 0.316547 0.253968 0.312950 0.253968 0.309353 0.244444 0.302158
0 0.393651 0.330935 0.393651 0.338129 0.396825 0.345324 0.406349 0.352518 0.428571 0.352518 0.447619 0.341727 0.447619 0.334532 0.434921 0.320144 0.428571 0.316547 0.422222 0.316547 0.419048 0.312950 0.409524 0.312950 0.403175 0.316547
0 0.453968 0.381295 0.447619 0.374101 0.441270 0.374101 0.438095 0.377698 0.425397 0.377698 0.422222 0.381295 0.415873 0.381295 0.412698 0.384892 0.412698 0.392086 0.415873 0.395683 0.415873 0.399281 0.428571 0.410072 0.447619 0.410072 0.453968 0.402878 0.450794 0.399281 0.453968 0.395683
0 0.149206 0.399281 0.149206 0.406475 0.158730 0.406475 0.161905 0.410072 0.177778 0.406475 0.206349 0.417266 0.231746 0.417266 0.238095 0.410072 0.238095 0.395683 0.206349 0.388489 0.203175 0.384892 0.184127 0.384892
0 0.298413 0.406475 0.304762 0.413669 0.307937 0.413669 0.320635 0.424460 0.339683 0.424460 0.346032 0.420863 0.346032 0.417266 0.352381 0.410072 0.352381 0.395683 0.342857 0.388489 0.317460 0.388489 0.307937 0.395683 0.301587 0.395683
0 0.663492 0.399281 0.663492 0.406475 0.666667 0.410072 0.666667 0.417266 0.669841 0.417266 0.673016 0.420863 0.676190 0.420863 0.679365 0.417266 0.685714 0.417266 0.692063 0.410072 0.692063 0.399281 0.682540 0.392086 0.666667 0.392086 0.666667 0.395683
0 0.120635 0.435252 0.120635 0.442446 0.136508 0.460432 0.180952 0.460432 0.187302 0.464029 0.200000 0.456835 0.196825 0.442446 0.177778 0.428058 0.146032 0.424460 0.142857 0.428058 0.130159 0.428058
0 0.225397 0.431655 0.225397 0.438849 0.231746 0.446043 0.253968 0.446043 0.253968 0.438849 0.250794 0.435252 0.247619 0.435252 0.244444 0.431655 0.241270 0.431655 0.238095 0.428058 0.228571 0.428058
0 0.152381 0.546763 0.152381 0.561151 0.155556 0.568345 0.184127 0.589928 0.200000 0.589928 0.219048 0.571942 0.219048 0.564748 0.206349 0.550360 0.187302 0.539568 0.158730 0.539568
0 0.266667 0.625899 0.247619 0.625899 0.244444 0.629496 0.238095 0.629496 0.228571 0.640288 0.225397 0.651079 0.241270 0.672662 0.253968 0.676259 0.266667 0.665468 0.266667 0.658273 0.276190 0.643885 0.276190 0.633094
