0 0.792994 0.114695 0.799363 0.129032 0.815287 0.143369 0.831210 0.139785 0.837580 0.132616 0.847134 0.132616 0.853503 0.125448 0.853503 0.111111 0.843949 0.103943 0.799363 0.103943
0 0.273885 0.114695 0.273885 0.129032 0.277070 0.132616 0.280255 0.132616 0.283439 0.136201 0.289809 0.136201 0.292994 0.139785 0.312102 0.139785 0.312102 0.136201 0.318471 0.125448 0.318471 0.121864 0.312102 0.114695 0.308917 0.114695 0.305732 0.111111 0.299363 0.111111 0.296178 0.107527 0.286624 0.107527 0.283439 0.111111
0 0.461783 0.111111 0.449045 0.136201 0.452229 0.139785 0.452229 0.146953 0.461783 0.157706 0.480892 0.157706 0.484076 0.154122 0.490446 0.154122 0.496815 0.146953 0.496815 0.139785 0.490446 0.125448 0.487261 0.125448 0.474522 0.111111
0 0.101911 0.118280 0.101911 0.121864 0.098726 0.125448 0.098726 0.129032 0.101911 0.132616 0.105096 0.132616 0.108280 0.136201 0.114650 0.136201 0.127389 0.146953 0.133758 0.146953 0.136943 0.150538 0.140127 0.146953 0.143312 0.146953 0.143312 0.129032 0.130573 0.118280 0.121019 0.118280 0.117834 0.114695 0.114650 0.114695 0.111465 0.118280
0 0.687898 0.118280 0.691083 0.129032 0.700637 0.139785 0.703822 0.150538 0.713376 0.161290 0.716561 0.161290 0.719745 0.157706 0.719745 0.150538 0.691083 0.118280
0 0.003185 0.121864 0.000000 0.125448 0.000000 0.139785 0.003185 0.143369 0.003185 0.146953 0.009554 0.146953 0.012739 0.150538 0.025478 0.150538 0.028662 0.146953 0.028662 0.143369 0.025478 0.139785 0.025478 0.132616 0.019108 0.125448 0.012739 0.125448 0.009554 0.121864
0 0.197452 0.129032 0.197452 0.139785 0.207006 0.157706 0.213376 0.161290 0.222930 0.161290 0.226115 0.164875 0.251592 0.164875 0.251592 0.157706 0.248408 0.154122 0.203822 0.129032
0 0.452229 0.150538 0.449045 0.146953 0.449045 0.139785 0.442675 0.139785 0.439490 0.136201 0.436306 0.136201 0.433121 0.139785 0.420382 0.139785 0.417197 0.143369 0.401274 0.143369 0.401274 0.150538 0.398089 0.154122 0.401274 0.157706 0.404459 0.157706 0.414013 0.164875 0.420382 0.164875 0.423567 0.168459 0.439490 0.168459 0.449045 0.157706 0.449045 0.154122
0 0.815287 0.146953 0.805732 0.139785 0.792994 0.139785 0.786624 0.136201 0.783439 0.139785 0.761146 0.143369 0.754777 0.150538 0.754777 0.157706 0.761146 0.164875 0.786624 0.164875 0.789809 0.161290 0.802548 0.161290 0.808917 0.157706 0.815287 0.150538
0 0.554140 0.146953 0.554140 0.157706 0.563694 0.168459 0.566879 0.168459 0.579618 0.179211 0.592357 0.179211 0.605096 0.168459 0.605096 0.157706 0.601911 0.154122 0.589172 0.154122 0.585987 0.150538 0.579618 0.150538 0.576433 0.146953 0.566879 0.146953 0.563694 0.143369 0.557325 0.143369
0 0.636943 0.150538 0.636943 0.154122 0.640127 0.157706 0.643312 0.157706 0.646497 0.161290 0.652866 0.161290 0.671975 0.175627 0.678344 0.175627 0.678344 0.172043 0.671975 0.164875 0.668790 0.164875 0.665605 0.161290 0.659236 0.161290 0.656051 0.157706 0.646497 0.154122 0.640127 0.146953
0 0.372611 0.161290 0.375796 0.168459 0.398089 0.189964 0.407643 0.193548 0.439490 0.193548 0.442675 0.197133 0.455414 0.193548 0.449045 0.182796 0.442675 0.182796 0.436306 0.175627 0.414013 0.168459 0.398089 0.157706 0.375796 0.154122
0 0.270701 0.175627 0.270701 0.179211 0.280255 0.189964 0.283439 0.189964 0.286624 0.193548 0.302548 0.193548 0.308917 0.186380 0.308917 0.175627 0.302548 0.168459 0.296178 0.168459 0.292994 0.164875 0.283439 0.164875 0.280255 0.168459 0.277070 0.168459
0 0.328025 0.179211 0.328025 0.189964 0.334395 0.197133 0.343949 0.200717 0.350318 0.207885 0.363057 0.215054 0.369427 0.215054 0.372611 0.218638 0.385350 0.207885 0.378981 0.186380 0.375796 0.186380 0.359873 0.172043 0.343949 0.172043 0.340764 0.175627 0.331210 0.175627
0 0.512739 0.172043 0.506369 0.179211 0.506369 0.197133 0.519108 0.207885 0.525478 0.207885 0.538217 0.222222 0.544586 0.225806 0.554140 0.225806 0.557325 0.218638 0.557325 0.204301 0.538217 0.182796 0.519108 0.172043
0 0.226115 0.204301 0.222930 0.193548 0.210191 0.179211 0.207006 0.182796 0.181529 0.182796 0.175159 0.189964 0.175159 0.193548 0.181529 0.200717 0.184713 0.200717 0.200637 0.211470 0.207006 0.211470 0.210191 0.215054 0.213376 0.211470 0.222930 0.211470 0.222930 0.207885
0 0.636943 0.186380 0.633758 0.182796 0.627389 0.182796 0.624204 0.179211 0.621019 0.182796 0.605096 0.182796 0.601911 0.186380 0.598726 0.186380 0.592357 0.193548 0.592357 0.200717 0.595541 0.200717 0.601911 0.207885 0.621019 0.207885 0.624204 0.204301 0.633758 0.200717 0.633758 0.197133 0.636943 0.193548
0 0.703822 0.193548 0.703822 0.197133 0.707006 0.197133 0.710191 0.200717 0.716561 0.200717 0.719745 0.204301 0.722930 0.200717 0.726115 0.204301 0.738854 0.204301 0.738854 0.200717 0.735669 0.200717 0.732484 0.197133 0.719745 0.197133 0.716561 0.193548
0 0.468153 0.197133 0.461783 0.207885 0.461783 0.222222 0.464968 0.225806 0.468153 0.236559 0.474522 0.243728 0.487261 0.243728 0.490446 0.240143 0.493631 0.229391 0.503185 0.218638 0.503185 0.215054 0.496815 0.207885 0.493631 0.207885 0.480892 0.197133
0 0.308917 0.215054 0.308917 0.225806 0.321656 0.236559 0.328025 0.236559 0.337580 0.243728 0.353503 0.243728 0.356688 0.240143 0.356688 0.229391 0.353503 0.225806 0.353503 0.222222 0.337580 0.211470 0.328025 0.211470 0.324841 0.207885 0.315287 0.207885
0 0.251592 0.218638 0.261146 0.225806 0.267516 0.225806 0.270701 0.229391 0.277070 0.229391 0.280255 0.232975 0.289809 0.232975 0.296178 0.225806 0.296178 0.222222 0.289809 0.215054 0.277070 0.215054 0.273885 0.211470 0.264331 0.211470 0.261146 0.215054 0.254777 0.215054
0 0.398089 0.232975 0.401274 0.247312 0.423567 0.261649 0.449045 0.258065 0.458599 0.250896 0.458599 0.240143 0.449045 0.229391 0.436306 0.225806 0.433121 0.222222 0.407643 0.222222 0.401274 0.225806
0 0.710191 0.232975 0.710191 0.236559 0.716561 0.243728 0.722930 0.247312 0.729299 0.247312 0.732484 0.250896 0.745223 0.250896 0.748408 0.254480 0.757962 0.254480 0.770701 0.243728 0.770701 0.232975 0.761146 0.225806 0.738854 0.225806 0.735669 0.229391 0.729299 0.225806 0.716561 0.225806
0 0.554140 0.232975 0.557325 0.232975 0.560510 0.236559 0.579618 0.236559 0.582803 0.232975 0.579618 0.229391 0.557325 0.229391
0 0.694268 0.240143 0.691083 0.236559 0.681529 0.236559 0.678344 0.232975 0.665605 0.232975 0.652866 0.247312 0.646497 0.247312 0.643312 0.250896 0.643312 0.258065 0.656051 0.275986 0.675159 0.275986 0.681529 0.268817 0.681529 0.261649 0.694268 0.247312
0 0.009554 0.254480 0.009554 0.283154 0.019108 0.293907 0.044586 0.293907 0.050955 0.286738 0.050955 0.268817 0.041401 0.258065 0.038217 0.258065 0.035032 0.254480
0 0.783439 0.258065 0.799363 0.275986 0.802548 0.275986 0.802548 0.265233 0.799363 0.261649 0.799363 0.258065
0 0.869427 0.272401 0.869427 0.279570 0.875796 0.279570 0.878981 0.283154 0.901274 0.283154 0.904459 0.279570 0.907643 0.279570 0.907643 0.272401 0.904459 0.272401 0.901274 0.268817 0.898089 0.268817 0.894904 0.272401 0.885350 0.272401 0.882166 0.268817 0.872611 0.268817
0 0.121019 0.275986 0.121019 0.286738 0.130573 0.297491 0.133758 0.297491 0.136943 0.301075 0.136943 0.304659 0.143312 0.311828 0.152866 0.311828 0.156051 0.308244 0.156051 0.293907 0.149682 0.283154 0.146497 0.283154 0.143312 0.279570 0.136943 0.279570 0.133758 0.275986
0 0.707006 0.283154 0.707006 0.297491 0.710191 0.301075 0.710191 0.304659 0.716561 0.304659 0.719745 0.308244 0.729299 0.308244 0.732484 0.311828 0.745223 0.311828 0.748408 0.308244 0.748408 0.290323 0.738854 0.279570 0.735669 0.279570 0.732484 0.275986 0.719745 0.275986 0.716561 0.279570
0 0.328025 0.290323 0.321656 0.297491 0.321656 0.311828 0.324841 0.315412 0.324841 0.322581 0.328025 0.326165 0.343949 0.326165 0.350318 0.315412 0.350318 0.304659 0.340764 0.293907 0.337580 0.293907 0.334395 0.290323
0 0.662420 0.293907 0.662420 0.304659 0.665605 0.311828 0.675159 0.322581 0.681529 0.326165 0.691083 0.326165 0.694268 0.329749 0.713376 0.329749 0.716561 0.326165 0.716561 0.318996 0.713376 0.318996 0.710191 0.311828 0.694268 0.297491 0.671975 0.297491 0.668790 0.293907
0 0.022293 0.308244 0.022293 0.315412 0.025478 0.318996 0.025478 0.322581 0.028662 0.326165 0.031847 0.326165 0.035032 0.329749 0.041401 0.329749 0.041401 0.322581 0.038217 0.318996 0.038217 0.315412 0.035032 0.315412 0.028662 0.308244
0 0.401274 0.315412 0.401274 0.318996 0.410828 0.329749 0.417197 0.333333 0.423567 0.333333 0.433121 0.340502 0.452229 0.340502 0.458599 0.333333 0.458599 0.326165 0.455414 0.318996 0.452229 0.318996 0.439490 0.308244 0.407643 0.308244
0 0.503185 0.318996 0.503185 0.333333 0.506369 0.336918 0.525478 0.336918 0.535032 0.344086 0.541401 0.344086 0.547771 0.333333 0.547771 0.322581 0.535032 0.311828 0.512739 0.311828
0 0.627389 0.333333 0.630573 0.344086 0.633758 0.344086 0.636943 0.347670 0.636943 0.351254 0.640127 0.351254 0.646497 0.358423 0.649682 0.358423 0.659236 0.365591 0.662420 0.365591 0.665605 0.362007 0.665605 0.358423 0.646497 0.336918 0.643312 0.336918 0.636943 0.329749 0.630573 0.329749
0 0.700637 0.344086 0.700637 0.358423 0.707006 0.365591 0.710191 0.365591 0.713376 0.369176 0.732484 0.369176 0.742038 0.362007 0.742038 0.354839 0.735669 0.347670 0.729299 0.347670 0.719745 0.340502 0.707006 0.340502 0.703822 0.344086
0 0.299363 0.390681 0.305732 0.401434 0.337580 0.419355 0.359873 0.419355 0.372611 0.412186 0.372611 0.405018 0.340764 0.362007 0.328025 0.362007 0.321656 0.365591 0.312102 0.379928
0 0.519108 0.362007 0.515924 0.365591 0.512739 0.365591 0.503185 0.376344 0.503185 0.387097 0.519108 0.405018 0.531847 0.405018 0.531847 0.401434 0.535032 0.397849 0.535032 0.387097 0.538217 0.383513 0.538217 0.379928 0.535032 0.376344 0.531847 0.365591 0.528662 0.365591 0.525478 0.362007
0 0.563694 0.372760 0.566879 0.379928 0.579618 0.394265 0.585987 0.408602 0.589172 0.408602 0.595541 0.415771 0.611465 0.415771 0.611465 0.405018 0.608280 0.397849 0.592357 0.379928 0.592357 0.376344 0.585987 0.369176 0.570064 0.365591
0 0.821656 0.379928 0.828025 0.390681 0.831210 0.390681 0.840764 0.401434 0.843949 0.401434 0.856688 0.415771 0.859873 0.415771 0.863057 0.419355 0.866242 0.419355 0.869427 0.415771 0.869427 0.408602 0.843949 0.376344 0.840764 0.376344 0.837580 0.372760 0.828025 0.372760
0 0.152866 0.379928 0.149682 0.387097 0.152866 0.390681 0.152866 0.397849 0.156051 0.405018 0.162420 0.412186 0.175159 0.419355 0.184713 0.419355 0.187898 0.422939 0.200637 0.415771 0.200637 0.401434 0.197452 0.397849 0.187898 0.394265 0.171975 0.379928 0.165605 0.379928 0.162420 0.376344
0 0.060510 0.387097 0.050955 0.394265 0.050955 0.401434 0.047771 0.405018 0.050955 0.408602 0.050955 0.422939 0.060510 0.433692 0.066879 0.433692 0.070064 0.437276 0.073248 0.437276 0.076433 0.433692 0.079618 0.433692 0.089172 0.422939 0.089172 0.401434 0.079618 0.390681 0.076433 0.390681 0.073248 0.387097
0 0.636943 0.401434 0.636943 0.415771 0.646497 0.433692 0.649682 0.433692 0.652866 0.437276 0.671975 0.437276 0.675159 0.433692 0.678344 0.433692 0.678344 0.430108 0.681529 0.426523 0.678344 0.422939 0.678344 0.419355 0.662420 0.412186 0.652866 0.401434 0.649682 0.401434 0.646497 0.397849 0.640127 0.397849
0 0.716561 0.419355 0.710191 0.426523 0.710191 0.444444 0.716561 0.451613 0.719745 0.451613 0.722930 0.455197 0.729299 0.455197 0.732484 0.458781 0.735669 0.455197 0.742038 0.455197 0.748408 0.448029 0.748408 0.437276 0.738854 0.426523 0.735669 0.426523 0.726115 0.419355
0 0.506369 0.440860 0.506369 0.448029 0.509554 0.451613 0.509554 0.455197 0.522293 0.465950 0.538217 0.465950 0.541401 0.462366 0.547771 0.462366 0.550955 0.458781 0.550955 0.451613 0.547771 0.448029 0.547771 0.444444 0.535032 0.433692 0.525478 0.433692 0.522293 0.430108 0.515924 0.430108 0.512739 0.433692 0.509554 0.433692 0.509554 0.437276
0 0.824841 0.440860 0.824841 0.448029 0.831210 0.448029 0.834395 0.451613 0.840764 0.451613 0.843949 0.455197 0.847134 0.455197 0.850318 0.458781 0.853503 0.458781 0.853503 0.451613 0.847134 0.444444 0.837580 0.444444 0.834395 0.440860
0 0.226115 0.458781 0.226115 0.465950 0.229299 0.469534 0.232484 0.469534 0.235669 0.473118 0.242038 0.473118 0.245223 0.476703 0.248408 0.476703 0.254777 0.483871 0.267516 0.483871 0.267516 0.469534 0.264331 0.465950 0.264331 0.462366 0.261146 0.458781 0.257962 0.458781 0.251592 0.451613 0.232484 0.451613
0 0.347134 0.451613 0.334395 0.451613 0.328025 0.458781 0.328025 0.462366 0.321656 0.469534 0.328025 0.476703 0.334395 0.476703 0.337580 0.473118 0.340764 0.473118 0.347134 0.465950
0 0.073248 0.469534 0.073248 0.476703 0.085987 0.487455 0.092357 0.487455 0.095541 0.483871 0.124204 0.483871 0.127389 0.487455 0.127389 0.465950 0.117834 0.465950 0.108280 0.458781 0.085987 0.458781
0 0.694268 0.458781 0.691083 0.462366 0.691083 0.465950 0.694268 0.469534 0.700637 0.469534 0.703822 0.465950 0.703822 0.462366 0.700637 0.458781
0 0.127389 0.462366 0.130573 0.465950 0.130573 0.487455 0.136943 0.501792 0.146497 0.512545 0.162420 0.512545 0.168790 0.501792 0.162420 0.480287 0.143312 0.462366
0 0.464968 0.465950 0.464968 0.469534 0.468153 0.473118 0.471338 0.473118 0.474522 0.476703 0.477707 0.476703 0.480892 0.480287 0.487261 0.480287 0.490446 0.476703 0.487261 0.473118 0.484076 0.473118 0.480892 0.469534 0.477707 0.469534 0.474522 0.465950
0 0.716561 0.476703 0.716561 0.480287 0.729299 0.494624 0.735669 0.494624 0.745223 0.505376 0.751592 0.505376 0.754777 0.508961 0.767516 0.505376 0.777070 0.494624 0.777070 0.483871 0.773885 0.476703 0.767516 0.473118 0.754777 0.473118 0.751592 0.476703 0.745223 0.476703 0.735669 0.465950 0.729299 0.465950
0 0.426752 0.473118 0.423567 0.476703 0.423567 0.483871 0.433121 0.487455 0.452229 0.508961 0.452229 0.512545 0.458599 0.512545 0.455414 0.501792 0.433121 0.476703 0.429936 0.476703
0 0.372611 0.491039 0.372611 0.498208 0.391720 0.516129 0.398089 0.516129 0.417197 0.526882 0.436306 0.526882 0.439490 0.523297 0.439490 0.512545 0.420382 0.491039 0.414013 0.487455 0.404459 0.487455 0.401274 0.483871 0.382166 0.483871
0 0.515924 0.487455 0.515924 0.494624 0.522293 0.505376 0.525478 0.505376 0.535032 0.512545 0.550955 0.512545 0.550955 0.505376 0.541401 0.494624 0.535032 0.494624 0.525478 0.487455
0 0.028662 0.512545 0.028662 0.519713 0.031847 0.523297 0.044586 0.523297 0.054140 0.530466 0.063694 0.530466 0.066879 0.534050 0.073248 0.534050 0.076433 0.530466 0.076433 0.519713 0.073248 0.516129 0.070064 0.505376 0.054140 0.494624 0.044586 0.498208
0 0.840764 0.505376 0.840764 0.512545 0.853503 0.526882 0.856688 0.526882 0.863057 0.534050 0.869427 0.534050 0.878981 0.526882 0.875796 0.516129 0.866242 0.505376 0.863057 0.505376 0.859873 0.501792 0.847134 0.501792 0.843949 0.505376
0 0.484076 0.508961 0.484076 0.519713 0.487261 0.523297 0.490446 0.523297 0.500000 0.530466 0.512739 0.530466 0.515924 0.526882 0.515924 0.519713 0.512739 0.516129 0.509554 0.516129 0.503185 0.508961 0.496815 0.508961 0.493631 0.505376 0.490446 0.508961
0 0.761146 0.519713 0.761146 0.526882 0.773885 0.541219 0.777070 0.541219 0.780255 0.544803 0.789809 0.544803 0.792994 0.548387 0.796178 0.548387 0.799363 0.544803 0.805732 0.544803 0.805732 0.537634 0.799363 0.530466 0.796178 0.530466 0.773885 0.516129 0.767516 0.516129 0.764331 0.519713
0 0.181529 0.530466 0.181529 0.544803 0.194268 0.559140 0.197452 0.559140 0.200637 0.562724 0.207006 0.562724 0.210191 0.566308 0.213376 0.562724 0.219745 0.562724 0.229299 0.551971 0.229299 0.541219 0.222930 0.534050 0.219745 0.534050 0.210191 0.526882 0.200637 0.526882 0.197452 0.523297 0.191083 0.523297
0 0.353503 0.523297 0.343949 0.530466 0.343949 0.555556 0.353503 0.562724 0.366242 0.562724 0.369427 0.559140 0.372611 0.559140 0.378981 0.551971 0.382166 0.541219 0.378981 0.537634 0.378981 0.534050 0.372611 0.526882 0.369427 0.526882 0.366242 0.523297
0 0.111465 0.541219 0.111465 0.544803 0.136943 0.573477 0.146497 0.573477 0.149682 0.577061 0.152866 0.573477 0.159236 0.573477 0.159236 0.551971 0.146497 0.537634 0.127389 0.530466 0.124204 0.534050 0.117834 0.534050
0 0.000000 0.537634 0.000000 0.548387 0.003185 0.551971 0.015924 0.551971 0.019108 0.548387 0.022293 0.548387 0.025478 0.544803 0.028662 0.544803 0.028662 0.541219 0.025478 0.537634 0.019108 0.537634 0.015924 0.534050 0.003185 0.534050
0 0.697452 0.541219 0.678344 0.541219 0.665605 0.551971 0.665605 0.573477 0.671975 0.587814 0.678344 0.591398 0.684713 0.591398 0.703822 0.569892 0.707006 0.569892 0.710191 0.559140 0.707006 0.551971
0 0.054140 0.569892 0.050955 0.566308 0.050955 0.559140 0.047771 0.559140 0.044586 0.555556 0.038217 0.555556 0.035032 0.559140 0.028662 0.559140 0.022293 0.566308 0.022293 0.569892 0.019108 0.573477 0.028662 0.580645 0.044586 0.580645 0.047771 0.577061 0.050955 0.577061 0.054140 0.573477
0 0.003185 0.577061 0.009554 0.577061 0.012739 0.573477 0.015924 0.573477 0.019108 0.569892 0.015924 0.569892 0.012739 0.566308 0.003185 0.566308
0 0.114650 0.573477 0.114650 0.584229 0.121019 0.598566 0.127389 0.605735 0.133758 0.609319 0.159236 0.609319 0.165605 0.602151 0.165605 0.594982 0.146497 0.577061 0.133758 0.577061 0.124204 0.569892 0.117834 0.569892
0 0.872611 0.580645 0.872611 0.587814 0.875796 0.591398 0.878981 0.591398 0.882166 0.594982 0.891720 0.594982 0.894904 0.598566 0.904459 0.598566 0.907643 0.594982 0.917197 0.594982 0.920382 0.591398 0.920382 0.580645 0.914013 0.573477 0.910828 0.573477 0.907643 0.569892 0.888535 0.569892 0.885350 0.573477 0.878981 0.573477
0 0.063694 0.577061 0.063694 0.587814 0.066879 0.591398 0.089172 0.591398 0.089172 0.587814 0.082803 0.580645 0.079618 0.580645 0.076433 0.577061 0.073248 0.577061 0.070064 0.573477 0.066879 0.577061
0 0.522293 0.577061 0.509554 0.591398 0.509554 0.598566 0.506369 0.602151 0.509554 0.605735 0.509554 0.612903 0.519108 0.623656 0.544586 0.623656 0.554140 0.605735 0.554140 0.594982 0.550955 0.587814 0.541401 0.577061
0 0.203822 0.591398 0.203822 0.598566 0.219745 0.616487 0.222930 0.616487 0.232484 0.623656 0.245223 0.623656 0.254777 0.609319 0.251592 0.598566 0.238854 0.587814 0.210191 0.587814 0.207006 0.591398
0 0.388535 0.591398 0.382166 0.598566 0.385350 0.602151 0.385350 0.605735 0.394904 0.605735 0.394904 0.602151 0.398089 0.598566 0.401274 0.598566 0.401274 0.594982 0.398089 0.591398
0 0.455414 0.602151 0.455414 0.620072 0.468153 0.630824 0.474522 0.630824 0.477707 0.634409 0.493631 0.634409 0.500000 0.627240 0.500000 0.616487 0.496815 0.612903 0.496815 0.609319 0.480892 0.594982 0.461783 0.594982
0 0.273885 0.641577 0.273885 0.655914 0.277070 0.659498 0.289809 0.659498 0.292994 0.655914 0.296178 0.655914 0.299363 0.652330 0.299363 0.645161 0.292994 0.637993 0.277070 0.637993
0 0.426752 0.645161 0.426752 0.652330 0.429936 0.652330 0.433121 0.655914 0.436306 0.655914 0.439490 0.659498 0.449045 0.659498 0.455414 0.652330 0.455414 0.648746 0.452229 0.645161 0.452229 0.641577 0.449045 0.637993 0.433121 0.637993
0 0.343949 0.641577 0.343949 0.652330 0.347134 0.655914 0.350318 0.655914 0.356688 0.663082 0.359873 0.663082 0.363057 0.666667 0.372611 0.666667 0.372611 0.655914 0.363057 0.645161 0.359873 0.645161 0.356688 0.641577
0 0.318471 0.652330 0.312102 0.659498 0.312102 0.673835 0.315287 0.677419 0.315287 0.681004 0.321656 0.688172 0.324841 0.688172 0.328025 0.691756 0.343949 0.691756 0.347134 0.688172 0.347134 0.681004 0.343949 0.677419 0.340764 0.666667 0.328025 0.652330
0 0.531847 0.659498 0.522293 0.659498 0.519108 0.663082 0.515924 0.663082 0.503185 0.677419 0.503185 0.688172 0.509554 0.695341 0.528662 0.695341 0.535032 0.688172 0.535032 0.684588 0.538217 0.681004 0.538217 0.666667
0 0.156051 0.666667 0.156051 0.677419 0.162420 0.684588 0.165605 0.684588 0.168790 0.688172 0.175159 0.688172 0.178344 0.691756 0.187898 0.691756 0.194268 0.684588 0.197452 0.684588 0.200637 0.681004 0.200637 0.673835 0.194268 0.666667 0.187898 0.666667 0.184713 0.663082 0.162420 0.663082 0.159236 0.666667
0 0.608280 0.677419 0.605096 0.673835 0.589172 0.673835 0.585987 0.677419 0.582803 0.677419 0.576433 0.684588 0.576433 0.695341 0.582803 0.702509 0.592357 0.702509 0.595541 0.698925 0.601911 0.698925 0.608280 0.691756
0 0.226115 0.688172 0.226115 0.698925 0.232484 0.706093 0.235669 0.706093 0.245223 0.716846 0.248408 0.716846 0.251592 0.720430 0.264331 0.720430 0.264331 0.709677 0.261146 0.706093 0.261146 0.702509 0.254777 0.695341 0.251592 0.695341 0.242038 0.688172
0 0.420382 0.688172 0.420382 0.691756 0.423567 0.695341 0.423567 0.709677 0.420382 0.713262 0.423567 0.716846 0.426752 0.716846 0.429936 0.713262 0.429936 0.709677 0.433121 0.706093 0.433121 0.691756 0.429936 0.688172
0 0.171975 0.695341 0.165605 0.702509 0.165605 0.706093 0.171975 0.713262 0.178344 0.713262 0.178344 0.698925 0.175159 0.695341
0 0.114650 0.706093 0.114650 0.709677 0.117834 0.713262 0.127389 0.716846 0.136943 0.727599 0.140127 0.727599 0.143312 0.731183 0.149682 0.731183 0.156051 0.724014 0.156051 0.709677 0.149682 0.702509 0.146497 0.702509 0.143312 0.698925 0.133758 0.698925 0.130573 0.702509 0.117834 0.702509
0 0.484076 0.745520 0.487261 0.749104 0.487261 0.752688 0.490446 0.756272 0.493631 0.756272 0.496815 0.759857 0.503185 0.759857 0.500000 0.756272 0.500000 0.752688 0.496815 0.749104 0.496815 0.745520 0.493631 0.741935 0.487261 0.741935
0 0.347134 0.745520 0.340764 0.756272 0.340764 0.759857 0.343949 0.763441 0.343949 0.770609 0.347134 0.774194 0.350318 0.784946 0.359873 0.795699 0.363057 0.795699 0.366242 0.799283 0.369427 0.795699 0.369427 0.774194 0.366242 0.770609 0.366242 0.763441 0.363057 0.759857 0.363057 0.756272 0.356688 0.749104
0 0.732484 0.749104 0.726115 0.756272 0.726115 0.759857 0.722930 0.763441 0.722930 0.777778 0.729299 0.784946 0.732484 0.784946 0.735669 0.788530 0.742038 0.788530 0.745223 0.784946 0.748408 0.784946 0.748408 0.781362 0.751592 0.777778 0.748408 0.774194 0.748408 0.763441 0.745223 0.759857 0.745223 0.752688 0.742038 0.749104
0 0.560510 0.767025 0.554140 0.774194 0.550955 0.774194 0.550955 0.788530 0.557325 0.795699 0.566879 0.795699 0.570064 0.792115 0.573248 0.792115 0.576433 0.788530 0.576433 0.777778 0.570064 0.770609 0.566879 0.770609 0.563694 0.767025
0 0.777070 0.781362 0.777070 0.792115 0.786624 0.802867 0.792994 0.802867 0.796178 0.806452 0.802548 0.806452 0.805732 0.802867 0.808917 0.802867 0.808917 0.784946 0.805732 0.781362 0.802548 0.781362 0.799363 0.777778 0.780255 0.777778
0 0.200637 0.795699 0.200637 0.806452 0.203822 0.810036 0.210191 0.810036 0.213376 0.813620 0.216561 0.813620 0.219745 0.810036 0.242038 0.810036 0.242038 0.802867 0.245223 0.799283 0.245223 0.784946 0.242038 0.784946 0.238854 0.781362 0.219745 0.781362 0.216561 0.784946 0.207006 0.788530
0 0.060510 0.806452 0.060510 0.813620 0.076433 0.831541 0.082803 0.831541 0.085987 0.835125 0.098726 0.835125 0.108280 0.827957 0.108280 0.806452 0.095541 0.795699 0.079618 0.795699 0.076433 0.799283 0.070064 0.799283
0 0.630573 0.802867 0.630573 0.810036 0.633758 0.813620 0.636943 0.831541 0.646497 0.842294 0.656051 0.842294 0.668790 0.827957 0.678344 0.824373 0.678344 0.820789 0.675159 0.817204 0.659236 0.813620 0.643312 0.802867
0 0.000000 0.810036 0.000000 0.827957 0.003185 0.831541 0.009554 0.831541 0.012739 0.827957 0.012739 0.820789 0.006369 0.813620 0.006369 0.810036
0 0.480892 0.827957 0.477707 0.831541 0.477707 0.856631 0.480892 0.860215 0.487261 0.860215 0.487261 0.849462 0.484076 0.845878 0.487261 0.842294 0.487261 0.827957
0 0.815287 0.827957 0.808917 0.835125 0.808917 0.838710 0.812102 0.842294 0.812102 0.845878 0.818471 0.853047 0.831210 0.853047 0.831210 0.842294 0.828025 0.838710 0.828025 0.835125 0.821656 0.827957
0 0.697452 0.831541 0.694268 0.835125 0.684713 0.838710 0.678344 0.845878 0.678344 0.856631 0.681529 0.860215 0.684713 0.860215 0.694268 0.870968 0.703822 0.870968 0.707006 0.867384 0.710191 0.867384 0.716561 0.860215 0.716561 0.845878 0.710191 0.835125 0.707006 0.835125 0.703822 0.831541
0 0.238854 0.842294 0.235669 0.845878 0.229299 0.845878 0.222930 0.856631 0.222930 0.860215 0.226115 0.863799 0.226115 0.870968 0.235669 0.878136 0.242038 0.878136 0.248408 0.870968 0.251592 0.860215 0.257962 0.853047 0.254777 0.849462 0.248408 0.849462
0 0.576433 0.849462 0.579618 0.860215 0.585987 0.867384 0.589172 0.867384 0.592357 0.870968 0.601911 0.870968 0.605096 0.874552 0.621019 0.874552 0.621019 0.870968 0.617834 0.867384 0.605096 0.867384 0.601911 0.863799 0.601911 0.860215 0.608280 0.853047 0.608280 0.849462 0.601911 0.842294 0.582803 0.842294
0 0.159236 0.856631 0.152866 0.849462 0.149682 0.849462 0.146497 0.853047 0.140127 0.853047 0.136943 0.856631 0.127389 0.856631 0.124204 0.860215 0.124204 0.870968 0.130573 0.878136 0.133758 0.878136 0.136943 0.874552 0.143312 0.874552
0 0.515924 0.874552 0.515924 0.888889 0.519108 0.888889 0.522293 0.892473 0.531847 0.892473 0.535032 0.896057 0.544586 0.896057 0.547771 0.892473 0.550955 0.892473 0.550955 0.881720 0.544586 0.874552 0.541401 0.874552 0.538217 0.870968 0.531847 0.870968 0.528662 0.867384 0.525478 0.870968
0 0.735669 0.867384 0.729299 0.874552 0.729299 0.878136 0.732484 0.881720 0.742038 0.881720 0.748408 0.874552 0.748408 0.870968 0.745223 0.867384
0 0.050955 0.885305 0.060510 0.892473 0.073248 0.892473 0.076433 0.888889 0.082803 0.888889 0.085987 0.885305 0.095541 0.881720 0.098726 0.878136 0.098726 0.874552 0.095541 0.874552 0.092357 0.870968 0.070064 0.870968 0.066879 0.874552 0.057325 0.874552 0.054140 0.878136 0.050955 0.878136
0 0.789809 0.892473 0.789809 0.899642 0.792994 0.903226 0.792994 0.906810 0.796178 0.906810 0.805732 0.913978 0.815287 0.913978 0.818471 0.910394 0.824841 0.910394 0.828025 0.906810 0.828025 0.892473 0.818471 0.881720 0.799363 0.881720
0 0.904459 0.885305 0.888535 0.885305 0.885350 0.888889 0.869427 0.896057 0.869427 0.899642 0.866242 0.903226 0.866242 0.917563 0.878981 0.928315 0.888535 0.928315 0.901274 0.917563 0.904459 0.917563 0.910828 0.906810 0.910828 0.892473
0 0.337580 0.906810 0.340764 0.917563 0.347134 0.924731 0.353503 0.924731 0.356688 0.928315 0.378981 0.928315 0.391720 0.917563 0.394904 0.910394 0.394904 0.899642 0.385350 0.888889 0.366242 0.888889 0.363057 0.892473 0.350318 0.896057
0 0.614650 0.903226 0.614650 0.910394 0.617834 0.913978 0.659236 0.913978 0.662420 0.910394 0.662420 0.903226 0.652866 0.896057 0.630573 0.896057 0.627389 0.899642 0.621019 0.899642 0.617834 0.903226
0 0.226115 0.899642 0.216561 0.910394 0.216561 0.917563 0.219745 0.921147 0.219745 0.924731 0.229299 0.931900 0.245223 0.931900 0.251592 0.924731 0.251592 0.917563 0.248408 0.913978 0.248408 0.910394 0.245223 0.906810 0.242038 0.906810 0.235669 0.899642
0 0.713376 0.910394 0.713376 0.913978 0.722930 0.924731 0.726115 0.924731 0.729299 0.928315 0.742038 0.928315 0.745223 0.924731 0.748408 0.924731 0.748408 0.913978 0.745223 0.910394 0.735669 0.910394 0.732484 0.906810 0.716561 0.906810
0 0.515924 0.913978 0.515924 0.928315 0.531847 0.946237 0.535032 0.946237 0.538217 0.949821 0.547771 0.949821 0.550955 0.946237 0.554140 0.946237 0.554140 0.942652 0.557325 0.939068 0.557325 0.928315 0.544586 0.913978 0.531847 0.913978 0.528662 0.910394 0.519108 0.910394
0 0.121019 0.921147 0.121019 0.928315 0.130573 0.939068 0.133758 0.939068 0.136943 0.942652 0.152866 0.942652 0.162420 0.935484 0.162420 0.921147 0.156051 0.913978 0.130573 0.913978
0 0.261146 0.924731 0.257962 0.928315 0.257962 0.946237 0.261146 0.949821 0.261146 0.953405 0.264331 0.953405 0.273885 0.960573 0.277070 0.960573 0.280255 0.956989 0.286624 0.956989 0.299363 0.942652 0.299363 0.931900 0.292994 0.924731 0.286624 0.924731 0.283439 0.921147 0.267516 0.921147 0.264331 0.924731
0 0.000000 0.931900 0.000000 0.949821 0.003185 0.953405 0.041401 0.953405 0.044586 0.949821 0.054140 0.949821 0.060510 0.942652 0.060510 0.935484 0.050955 0.928315 0.041401 0.928315 0.038217 0.924731 0.006369 0.924731
0 0.328025 0.928315 0.321656 0.935484 0.321656 0.942652 0.331210 0.953405 0.334395 0.953405 0.337580 0.956989 0.343949 0.956989 0.350318 0.949821 0.350318 0.946237 0.347134 0.942652 0.347134 0.939068 0.337580 0.928315
0 0.675159 0.931900 0.662420 0.931900 0.652866 0.942652 0.652866 0.960573 0.659236 0.971326 0.659236 0.982079 0.662420 0.982079 0.668790 0.974910 0.668790 0.971326 0.687898 0.946237 0.687898 0.942652
0 0.783439 0.942652 0.780255 0.946237 0.780255 0.967742 0.783439 0.971326 0.783439 0.978495 0.792994 0.989247 0.815287 0.989247 0.821656 0.978495 0.818471 0.967742 0.799363 0.946237 0.796178 0.946237 0.792994 0.942652
0 0.847134 0.949821 0.847134 0.960573 0.850318 0.964158 0.853503 0.974910 0.863057 0.985663 0.882166 0.985663 0.888535 0.978495 0.888535 0.967742 0.882166 0.956989 0.878981 0.956989 0.869427 0.949821 0.863057 0.949821 0.859873 0.946237 0.850318 0.946237
0 0.375796 0.960573 0.375796 0.971326 0.382166 0.978495 0.394904 0.985663 0.420382 0.985663 0.433121 0.974910 0.433121 0.967742 0.429936 0.960573 0.414013 0.949821 0.394904 0.949821
0 0.522293 0.960573 0.522293 0.964158 0.519108 0.967742 0.522293 0.971326 0.522293 0.978495 0.525478 0.982079 0.528662 0.982079 0.531847 0.978495 0.531847 0.964158 0.528662 0.960573
0 0.000000 0.989247 0.003185 0.992832 0.022293 0.992832 0.025478 0.989247 0.028662 0.989247 0.035032 0.982079 0.035032 0.978495 0.038217 0.974910 0.035032 0.971326 0.035032 0.967742 0.031847 0.967742 0.028662 0.964158 0.009554 0.964158 0.006369 0.967742 0.003185 0.967742 0.003185 0.971326 0.000000 0.974910 0.003185 0.978495 0.000000 0.982079
0 0.566879 0.974910 0.566879 0.985663 0.573248 0.992832 0.598726 0.992832 0.601911 0.996416 0.611465 0.996416 0.614650 0.992832 0.614650 0.989247 0.611465 0.985663 0.601911 0.982079 0.595541 0.974910 0.592357 0.974910 0.589172 0.971326 0.570064 0.971326
0 0.691083 0.992832 0.691083 0.996416 0.726115 0.996416 0.726115 0.985663 0.722930 0.982079 0.707006 0.982079 0.703822 0.985663 0.697452 0.985663
0 0.350318 0.992832 0.343949 0.985663 0.340764 0.985663 0.337580 0.989247 0.328025 0.989247 0.324841 0.992832 0.324841 0.996416 0.347134 0.996416
0 0.449045 0.992832 0.452229 0.996416 0.468153 0.996416 0.471338 0.992832 0.464968 0.985663 0.455414 0.985663
