0 0.736508 0.118280 0.736508 0.129032 0.749206 0.132616 0.768254 0.161290 0.774603 0.161290 0.784127 0.168459 0.796825 0.168459 0.796825 0.157706 0.809524 0.143369 0.809524 0.132616 0.790476 0.111111 0.780952 0.107527 0.749206 0.107527
0 0.092063 0.132616 0.092063 0.139785 0.104762 0.154122 0.123810 0.157706 0.126984 0.161290 0.152381 0.157706 0.165079 0.150538 0.168254 0.143369 0.168254 0.136201 0.161905 0.129032 0.133333 0.114695 0.107937 0.114695 0.098413 0.121864
0 0.438095 0.125448 0.434921 0.125448 0.431746 0.121864 0.425397 0.121864 0.422222 0.125448 0.419048 0.125448 0.415873 0.129032 0.415873 0.132616 0.412698 0.136201 0.412698 0.139785 0.415873 0.143369 0.422222 0.143369 0.425397 0.139785 0.428571 0.139785 0.431746 0.136201 0.434921 0.136201 0.438095 0.132616
0 0.961905 0.129032 0.965079 0.132616 0.974603 0.132616 0.977778 0.136201 0.980952 0.136201 0.984127 0.139785 0.984127 0.143369 0.987302 0.143369 0.990476 0.146953 0.993651 0.146953 0.996825 0.143369 0.996825 0.136201 0.993651 0.132616 0.993651 0.129032 0.990476 0.129032 0.980952 0.121864 0.971429 0.121864
0 0.606349 0.132616 0.606349 0.139785 0.609524 0.143369 0.619048 0.143369 0.622222 0.146953 0.631746 0.146953 0.634921 0.150538 0.638095 0.150538 0.641270 0.146953 0.644444 0.146953 0.644444 0.139785 0.638095 0.132616 0.631746 0.132616 0.628571 0.129032 0.609524 0.129032
0 0.209524 0.172043 0.209524 0.182796 0.215873 0.189964 0.241270 0.193548 0.247619 0.207885 0.273016 0.222222 0.288889 0.218638 0.304762 0.200717 0.298413 0.189964 0.276190 0.186380 0.266667 0.179211 0.257143 0.179211 0.234921 0.168459 0.212698 0.168459
0 0.825397 0.179211 0.825397 0.189964 0.844444 0.211470 0.873016 0.225806 0.892063 0.225806 0.914286 0.207885 0.914286 0.193548 0.901587 0.186380 0.866667 0.182796 0.853968 0.172043 0.831746 0.172043
0 0.749206 0.179211 0.749206 0.189964 0.752381 0.193548 0.761905 0.193548 0.765079 0.197133 0.771429 0.197133 0.774603 0.200717 0.793651 0.200717 0.796825 0.197133 0.800000 0.197133 0.800000 0.193548 0.796825 0.189964 0.777778 0.189964 0.774603 0.186380 0.768254 0.186380 0.758730 0.179211
0 0.400000 0.189964 0.428571 0.215054 0.444444 0.215054 0.447619 0.211470 0.450794 0.211470 0.457143 0.200717 0.453968 0.197133 0.453968 0.193548 0.441270 0.182796 0.406349 0.182796
0 0.641270 0.211470 0.650794 0.225806 0.657143 0.243728 0.663492 0.247312 0.692063 0.283154 0.701587 0.279570 0.701587 0.265233 0.695238 0.250896 0.692063 0.229391 0.676190 0.222222 0.663492 0.211470 0.653968 0.211470 0.650794 0.207885
0 0.590476 0.215054 0.590476 0.222222 0.606349 0.240143 0.609524 0.240143 0.612698 0.243728 0.628571 0.243728 0.634921 0.236559 0.634921 0.222222 0.625397 0.215054 0.619048 0.215054 0.615873 0.211470 0.600000 0.211470 0.596825 0.215054
0 0.120635 0.225806 0.117460 0.229391 0.117460 0.236559 0.130159 0.258065 0.139683 0.265233 0.146032 0.265233 0.155556 0.272401 0.158730 0.268817 0.174603 0.265233 0.180952 0.247312 0.180952 0.236559 0.168254 0.215054 0.152381 0.215054 0.149206 0.218638 0.136508 0.218638
0 0.482540 0.222222 0.479365 0.225806 0.479365 0.229391 0.482540 0.232975 0.482540 0.240143 0.488889 0.247312 0.492063 0.247312 0.495238 0.250896 0.501587 0.250896 0.504762 0.247312 0.504762 0.232975 0.498413 0.225806 0.495238 0.225806 0.492063 0.222222
0 0.361905 0.225806 0.349206 0.225806 0.342857 0.229391 0.342857 0.232975 0.326984 0.254480 0.326984 0.275986 0.333333 0.283154 0.346032 0.283154 0.365079 0.265233 0.368254 0.258065 0.368254 0.236559
0 0.965079 0.240143 0.965079 0.247312 0.968254 0.247312 0.974603 0.254480 0.980952 0.254480 0.984127 0.258065 0.993651 0.258065 0.993651 0.254480 0.996825 0.250896 0.996825 0.247312 0.993651 0.243728 0.993651 0.240143 0.980952 0.240143 0.974603 0.232975 0.971429 0.232975
0 0.796825 0.279570 0.777778 0.258065 0.758730 0.275986 0.752381 0.297491 0.755556 0.297491 0.758730 0.301075 0.765079 0.301075 0.768254 0.304659 0.787302 0.304659 0.790476 0.301075 0.793651 0.301075 0.793651 0.297491 0.796825 0.293907
0 0.149206 0.290323 0.149206 0.304659 0.165079 0.315412 0.171429 0.315412 0.174603 0.318996 0.180952 0.315412 0.193651 0.315412 0.196825 0.311828 0.203175 0.311828 0.209524 0.304659 0.209524 0.293907 0.206349 0.286738 0.200000 0.279570 0.187302 0.272401 0.171429 0.268817 0.168254 0.272401 0.158730 0.272401
0 0.285714 0.279570 0.276190 0.279570 0.269841 0.286738 0.269841 0.318996 0.263492 0.333333 0.263492 0.344086 0.269841 0.358423 0.276190 0.358423 0.279365 0.354839 0.295238 0.318996 0.292063 0.293907
0 0.828571 0.304659 0.838095 0.318996 0.869841 0.336918 0.923810 0.333333 0.923810 0.326165 0.914286 0.318996 0.885714 0.315412 0.857143 0.293907 0.844444 0.293907
0 0.187302 0.333333 0.177778 0.322581 0.149206 0.311828 0.130159 0.322581 0.095238 0.329749 0.085714 0.344086 0.085714 0.362007 0.098413 0.372760 0.133333 0.365591 0.155556 0.369176 0.174603 0.379928 0.187302 0.358423
0 0.469841 0.329749 0.469841 0.344086 0.476190 0.347670 0.526984 0.347670 0.526984 0.333333 0.511111 0.318996 0.492063 0.318996 0.488889 0.322581 0.479365 0.322581
0 0.971429 0.329749 0.971429 0.336918 0.974603 0.340502 0.974603 0.344086 0.977778 0.347670 0.977778 0.351254 0.980952 0.354839 0.980952 0.358423 0.984127 0.358423 0.987302 0.362007 0.990476 0.358423 0.990476 0.354839 0.987302 0.351254 0.987302 0.347670 0.984127 0.344086 0.984127 0.340502 0.977778 0.333333 0.977778 0.329749
0 0.419048 0.351254 0.412698 0.358423 0.412698 0.369176 0.425397 0.383513 0.434921 0.383513 0.441270 0.376344 0.441270 0.369176 0.425397 0.351254
0 0.219048 0.379928 0.215873 0.383513 0.215873 0.390681 0.219048 0.394265 0.219048 0.397849 0.228571 0.397849 0.228571 0.383513 0.225397 0.379928
0 0.790476 0.383513 0.780952 0.390681 0.780952 0.408602 0.790476 0.415771 0.796825 0.415771 0.806349 0.408602 0.806349 0.394265 0.800000 0.387097 0.796825 0.387097 0.793651 0.383513
0 0.415873 0.401434 0.409524 0.401434 0.406349 0.412186 0.400000 0.419355 0.390476 0.422939 0.374603 0.444444 0.380952 0.465950 0.400000 0.483871 0.419048 0.483871 0.428571 0.473118 0.431746 0.462366 0.428571 0.458781 0.425397 0.430108
0 0.869841 0.405018 0.869841 0.412186 0.885714 0.422939 0.898413 0.422939 0.914286 0.440860 0.920635 0.444444 0.926984 0.437276 0.926984 0.422939 0.917460 0.405018 0.911111 0.401434 0.873016 0.401434
0 0.533333 0.412186 0.539683 0.419355 0.546032 0.419355 0.546032 0.412186 0.542857 0.408602 0.536508 0.408602
0 0.114286 0.430108 0.130159 0.448029 0.149206 0.458781 0.155556 0.458781 0.165079 0.465950 0.177778 0.465950 0.184127 0.458781 0.184127 0.437276 0.180952 0.430108 0.165079 0.415771 0.155556 0.415771 0.152381 0.412186 0.126984 0.412186 0.117460 0.419355
0 0.526984 0.433692 0.526984 0.448029 0.530159 0.451613 0.533333 0.451613 0.536508 0.455197 0.542857 0.455197 0.546032 0.458781 0.552381 0.458781 0.555556 0.455197 0.568254 0.455197 0.574603 0.448029 0.574603 0.444444 0.568254 0.433692 0.565079 0.433692 0.561905 0.430108 0.555556 0.430108 0.552381 0.426523 0.533333 0.426523
0 0.463492 0.440860 0.463492 0.448029 0.460317 0.451613 0.460317 0.458781 0.463492 0.462366 0.463492 0.465950 0.473016 0.476703 0.492063 0.476703 0.498413 0.465950 0.495238 0.455197 0.485714 0.444444 0.482540 0.444444 0.473016 0.437276
0 0.831746 0.448029 0.825397 0.458781 0.825397 0.480287 0.834921 0.498208 0.857143 0.519713 0.869841 0.523297 0.876190 0.516129 0.876190 0.501792 0.860317 0.476703 0.850794 0.455197 0.841270 0.448029
0 0.498413 0.458781 0.501587 0.462366 0.501587 0.465950 0.504762 0.465950 0.507937 0.469534 0.511111 0.469534 0.514286 0.473118 0.520635 0.473118 0.523810 0.469534 0.523810 0.462366 0.520635 0.458781 0.520635 0.455197 0.517460 0.455197 0.514286 0.451613 0.507937 0.451613 0.504762 0.455197 0.501587 0.455197
0 0.641270 0.480287 0.641270 0.491039 0.644444 0.494624 0.647619 0.494624 0.660317 0.508961 0.673016 0.508961 0.676190 0.505376 0.676190 0.491039 0.673016 0.491039 0.669841 0.487455 0.669841 0.483871 0.666667 0.483871 0.657143 0.476703 0.644444 0.476703
0 0.130159 0.480287 0.130159 0.491039 0.139683 0.501792 0.142857 0.501792 0.146032 0.505376 0.152381 0.505376 0.155556 0.501792 0.161905 0.501792 0.165079 0.498208 0.165079 0.494624 0.155556 0.494624 0.152381 0.491039 0.149206 0.491039 0.139683 0.480287
0 0.358730 0.483871 0.352381 0.491039 0.352381 0.501792 0.361905 0.512545 0.371429 0.512545 0.374603 0.508961 0.374603 0.498208 0.371429 0.494624 0.371429 0.491039 0.365079 0.483871
0 0.558730 0.487455 0.549206 0.487455 0.546032 0.491039 0.542857 0.491039 0.536508 0.498208 0.530159 0.498208 0.530159 0.508961 0.526984 0.512545 0.526984 0.523297 0.530159 0.523297 0.533333 0.526882 0.549206 0.526882 0.555556 0.519713 0.555556 0.516129 0.558730 0.512545
0 0.092063 0.501792 0.092063 0.516129 0.098413 0.523297 0.101587 0.523297 0.104762 0.526882 0.120635 0.526882 0.123810 0.523297 0.123810 0.512545 0.114286 0.501792 0.111111 0.501792 0.107937 0.498208 0.095238 0.498208
0 0.730159 0.505376 0.717460 0.498208 0.701587 0.498208 0.679365 0.516129 0.676190 0.530466 0.679365 0.534050 0.682540 0.566308 0.688889 0.569892 0.707937 0.569892 0.730159 0.559140 0.736508 0.551971 0.739683 0.523297 0.736508 0.512545
0 0.247619 0.505376 0.238095 0.519713 0.234921 0.541219 0.241270 0.541219 0.260317 0.551971 0.273016 0.566308 0.276190 0.562724 0.285714 0.562724 0.295238 0.551971 0.295238 0.530466 0.288889 0.516129 0.269841 0.501792
0 0.888889 0.508961 0.885714 0.516129 0.895238 0.548387 0.917460 0.569892 0.926984 0.573477 0.961905 0.573477 0.971429 0.562724 0.971429 0.548387 0.961905 0.537634 0.926984 0.526882 0.901587 0.508961
0 0.415873 0.530466 0.406349 0.541219 0.406349 0.551971 0.403175 0.555556 0.406349 0.573477 0.419048 0.587814 0.453968 0.594982 0.463492 0.580645 0.460317 0.562724 0.447619 0.548387 0.428571 0.534050
0 0.546032 0.559140 0.546032 0.566308 0.565079 0.573477 0.596825 0.569892 0.606349 0.580645 0.622222 0.580645 0.631746 0.566308 0.628571 0.544803 0.619048 0.534050 0.609524 0.530466 0.584127 0.530466 0.561905 0.537634
0 0.504762 0.534050 0.498413 0.534050 0.495238 0.537634 0.492063 0.537634 0.492063 0.544803 0.488889 0.548387 0.492063 0.551971 0.492063 0.555556 0.498413 0.562724 0.501587 0.562724 0.504762 0.559140 0.507937 0.559140 0.511111 0.555556 0.511111 0.551971 0.514286 0.548387 0.514286 0.544803 0.511111 0.541219 0.511111 0.537634 0.507937 0.537634
0 0.155556 0.537634 0.146032 0.551971 0.149206 0.580645 0.168254 0.605735 0.180952 0.609319 0.187302 0.605735 0.187302 0.591398 0.193651 0.580645 0.193651 0.559140 0.184127 0.548387 0.165079 0.537634
0 0.196825 0.562724 0.196825 0.577061 0.228571 0.594982 0.238095 0.605735 0.253968 0.602151 0.263492 0.594982 0.273016 0.569892 0.260317 0.555556 0.241270 0.544803 0.231746 0.544803 0.228571 0.548387 0.206349 0.544803
0 0.123810 0.566308 0.120635 0.569892 0.120635 0.580645 0.123810 0.584229 0.123810 0.616487 0.126984 0.620072 0.130159 0.620072 0.133333 0.616487 0.136508 0.616487 0.146032 0.605735 0.146032 0.591398 0.136508 0.580645 0.136508 0.577061 0.130159 0.569892 0.130159 0.566308
0 0.530159 0.587814 0.530159 0.591398 0.536508 0.602151 0.539683 0.602151 0.542857 0.605735 0.549206 0.605735 0.552381 0.609319 0.555556 0.605735 0.565079 0.605735 0.571429 0.598566 0.571429 0.584229 0.568254 0.580645 0.568254 0.577061 0.565079 0.577061 0.561905 0.573477 0.555556 0.573477 0.552381 0.569892 0.546032 0.569892 0.546032 0.573477 0.536508 0.584229 0.533333 0.584229
0 0.650794 0.616487 0.650794 0.623656 0.657143 0.634409 0.685714 0.666667 0.707937 0.666667 0.717460 0.659498 0.717460 0.655914 0.701587 0.637993 0.692063 0.634409 0.669841 0.616487 0.660317 0.616487 0.657143 0.612903
0 0.809524 0.620072 0.806349 0.623656 0.806349 0.637993 0.815873 0.648746 0.828571 0.648746 0.831746 0.645161 0.831746 0.630824 0.822222 0.620072
0 0.203175 0.627240 0.200000 0.623656 0.190476 0.623656 0.187302 0.627240 0.184127 0.627240 0.177778 0.634409 0.177778 0.637993 0.180952 0.641577 0.180952 0.645161 0.193651 0.645161 0.196825 0.641577 0.200000 0.641577 0.203175 0.637993
0 0.946032 0.627240 0.946032 0.634409 0.949206 0.637993 0.961905 0.637993 0.965079 0.641577 0.974603 0.645161 0.987302 0.655914 0.993651 0.655914 0.996825 0.652330 0.996825 0.645161 0.993651 0.641577 0.993651 0.637993 0.987302 0.630824 0.984127 0.630824 0.974603 0.623656 0.949206 0.623656
0 0.523810 0.630824 0.520635 0.634409 0.520635 0.663082 0.523810 0.670251 0.539683 0.688172 0.546032 0.691756 0.555556 0.691756 0.555556 0.681004 0.542857 0.659498 0.542857 0.648746 0.530159 0.634409
0 0.238095 0.670251 0.253968 0.684588 0.288889 0.684588 0.304762 0.670251 0.304762 0.659498 0.301587 0.655914 0.257143 0.655914 0.253968 0.659498 0.241270 0.663082
0 0.498413 0.655914 0.495238 0.659498 0.498413 0.663082 0.498413 0.670251 0.504762 0.677419 0.504762 0.681004 0.511111 0.688172 0.517460 0.688172 0.517460 0.677419 0.514286 0.673835 0.514286 0.670251 0.511111 0.666667 0.511111 0.663082 0.507937 0.659498 0.504762 0.659498 0.501587 0.655914
0 0.895238 0.666667 0.895238 0.673835 0.898413 0.673835 0.901587 0.677419 0.911111 0.677419 0.914286 0.681004 0.923810 0.681004 0.923810 0.673835 0.920635 0.673835 0.917460 0.670251 0.911111 0.670251 0.907937 0.666667
0 0.796825 0.677419 0.784127 0.688172 0.784127 0.695341 0.780952 0.698925 0.784127 0.724014 0.806349 0.745520 0.812698 0.749104 0.822222 0.749104 0.828571 0.738351 0.828571 0.720430 0.825397 0.716846 0.825397 0.709677 0.815873 0.691756 0.815873 0.684588 0.806349 0.677419
0 0.955556 0.684588 0.955556 0.695341 0.961905 0.702509 0.968254 0.702509 0.971429 0.698925 0.987302 0.698925 0.987302 0.688172 0.984127 0.688172 0.980952 0.684588
0 0.892063 0.691756 0.892063 0.702509 0.895238 0.706093 0.898413 0.706093 0.901587 0.709677 0.904762 0.709677 0.914286 0.716846 0.917460 0.716846 0.920635 0.713262 0.923810 0.713262 0.923810 0.702509 0.920635 0.698925 0.917460 0.698925 0.907937 0.691756 0.901587 0.691756 0.898413 0.688172 0.895238 0.691756
0 0.473016 0.706093 0.473016 0.724014 0.476190 0.731183 0.495238 0.752688 0.523810 0.752688 0.533333 0.745520 0.533333 0.738351 0.514286 0.709677 0.501587 0.702509 0.492063 0.702509 0.488889 0.698925 0.482540 0.698925
0 0.241270 0.702509 0.238095 0.702509 0.234921 0.706093 0.234921 0.709677 0.231746 0.713262 0.228571 0.713262 0.225397 0.716846 0.225397 0.720430 0.219048 0.727599 0.219048 0.731183 0.222222 0.734767 0.228571 0.734767 0.234921 0.727599 0.234921 0.724014 0.238095 0.720430 0.238095 0.716846 0.241270 0.713262
0 0.936508 0.749104 0.936508 0.770609 0.939683 0.774194 0.939683 0.781362 0.946032 0.795699 0.952381 0.802867 0.971429 0.802867 0.977778 0.795699 0.977778 0.784946 0.974603 0.781362 0.974603 0.774194 0.955556 0.752688 0.942857 0.745520
0 0.142857 0.767025 0.155556 0.767025 0.158730 0.763441 0.171429 0.763441 0.174603 0.759857 0.174603 0.756272 0.171429 0.752688 0.165079 0.752688 0.161905 0.749104 0.149206 0.749104 0.142857 0.756272
0 0.139683 0.756272 0.130159 0.756272 0.126984 0.759857 0.120635 0.759857 0.117460 0.763441 0.107937 0.763441 0.104762 0.767025 0.095238 0.770609 0.092063 0.774194 0.092063 0.784946 0.095238 0.788530 0.098413 0.788530 0.101587 0.784946 0.114286 0.784946 0.117460 0.781362 0.133333 0.774194 0.139683 0.767025
0 0.793651 0.767025 0.790476 0.770609 0.784127 0.770609 0.780952 0.777778 0.780952 0.802867 0.777778 0.806452 0.777778 0.813620 0.780952 0.820789 0.784127 0.820789 0.790476 0.827957 0.803175 0.831541 0.809524 0.827957 0.815873 0.817204 0.815873 0.810036 0.819048 0.806452 0.819048 0.788530 0.809524 0.774194
0 0.368254 0.774194 0.361905 0.781362 0.371429 0.799283 0.371429 0.813620 0.365079 0.820789 0.365079 0.831541 0.371429 0.838710 0.380952 0.838710 0.387302 0.831541 0.387302 0.806452 0.384127 0.802867 0.384127 0.795699 0.377778 0.781362 0.371429 0.774194
0 0.593651 0.774194 0.593651 0.784946 0.596825 0.788530 0.600000 0.788530 0.606349 0.795699 0.612698 0.795699 0.615873 0.799283 0.619048 0.799283 0.622222 0.795699 0.622222 0.788530 0.619048 0.788530 0.612698 0.781362 0.609524 0.781362 0.603175 0.774194
0 0.857143 0.774194 0.850794 0.781362 0.850794 0.792115 0.853968 0.795699 0.866667 0.827957 0.879365 0.827957 0.882540 0.824373 0.882540 0.806452 0.885714 0.802867 0.882540 0.799283 0.882540 0.784946 0.873016 0.774194
0 0.473016 0.802867 0.476190 0.806452 0.476190 0.810036 0.482540 0.810036 0.485714 0.813620 0.498413 0.813620 0.507937 0.806452 0.507937 0.795699 0.504762 0.792115 0.504762 0.788530 0.498413 0.781362 0.485714 0.781362
0 0.609524 0.820789 0.609524 0.831541 0.612698 0.838710 0.638095 0.856631 0.653968 0.856631 0.660317 0.860215 0.669841 0.853047 0.660317 0.835125 0.657143 0.835125 0.641270 0.817204 0.625397 0.813620 0.622222 0.817204 0.612698 0.817204
0 0.158730 0.817204 0.152381 0.817204 0.146032 0.824373 0.146032 0.842294 0.149206 0.838710 0.155556 0.838710 0.158730 0.835125 0.158730 0.831541 0.161905 0.827957 0.161905 0.820789
0 0.136508 0.856631 0.139683 0.870968 0.152381 0.878136 0.168254 0.878136 0.200000 0.860215 0.200000 0.849462 0.187302 0.838710 0.171429 0.838710 0.168254 0.842294 0.158730 0.838710 0.155556 0.842294 0.149206 0.842294
0 0.565079 0.863799 0.565079 0.874552 0.568254 0.878136 0.568254 0.881720 0.571429 0.881720 0.574603 0.885305 0.590476 0.885305 0.593651 0.881720 0.606349 0.881720 0.609524 0.878136 0.609524 0.870968 0.603175 0.863799 0.596825 0.863799 0.593651 0.860215 0.584127 0.860215 0.580952 0.856631 0.577778 0.856631 0.574603 0.860215 0.568254 0.860215
0 0.206349 0.874552 0.206349 0.878136 0.209524 0.881720 0.212698 0.881720 0.215873 0.885305 0.219048 0.885305 0.228571 0.896057 0.234921 0.896057 0.238095 0.892473 0.238095 0.878136 0.234921 0.878136 0.225397 0.870968 0.209524 0.870968
0 0.292063 0.870968 0.282540 0.881720 0.282540 0.885305 0.279365 0.888889 0.279365 0.899642 0.282540 0.903226 0.282540 0.906810 0.288889 0.913978 0.298413 0.913978 0.298413 0.910394 0.301587 0.906810 0.301587 0.881720 0.298413 0.878136 0.298413 0.874552 0.295238 0.870968
0 0.320635 0.888889 0.320635 0.906810 0.326984 0.917563 0.339683 0.924731 0.349206 0.924731 0.352381 0.928315 0.358730 0.928315 0.368254 0.921147 0.371429 0.913978 0.371429 0.896057 0.358730 0.881720 0.346032 0.878136 0.342857 0.874552 0.336508 0.874552
0 0.428571 0.881720 0.428571 0.885305 0.425397 0.888889 0.425397 0.899642 0.428571 0.903226 0.428571 0.906810 0.431746 0.906810 0.434921 0.910394 0.453968 0.910394 0.457143 0.906810 0.460317 0.906810 0.466667 0.899642 0.466667 0.885305 0.460317 0.878136 0.457143 0.878136 0.453968 0.874552 0.438095 0.874552
0 0.549206 0.881720 0.542857 0.874552 0.539683 0.874552 0.536508 0.878136 0.526984 0.878136 0.517460 0.888889 0.517460 0.892473 0.514286 0.896057 0.517460 0.899642 0.517460 0.903226 0.526984 0.910394 0.542857 0.910394 0.549206 0.903226
0 0.631746 0.885305 0.631746 0.899642 0.644444 0.913978 0.660317 0.924731 0.682540 0.924731 0.692063 0.913978 0.692063 0.906810 0.685714 0.899642 0.673016 0.892473 0.653968 0.888889 0.641270 0.881720 0.634921 0.881720
0 0.768254 0.885305 0.761905 0.888889 0.755556 0.888889 0.739683 0.906810 0.736508 0.913978 0.736508 0.931900 0.742857 0.939068 0.752381 0.939068 0.765079 0.924731 0.765079 0.921147 0.771429 0.917563 0.780952 0.906810 0.777778 0.896057
0 0.158730 0.921147 0.152381 0.917563 0.136508 0.917563 0.126984 0.928315 0.123810 0.928315 0.117460 0.939068 0.117460 0.949821 0.120635 0.956989 0.130159 0.964158 0.142857 0.964158 0.158730 0.949821 0.161905 0.949821 0.168254 0.942652 0.168254 0.935484
0 0.806349 0.921147 0.800000 0.928315 0.800000 0.931900 0.803175 0.935484 0.803175 0.956989 0.806349 0.960573 0.809524 0.960573 0.815873 0.953405 0.815873 0.942652 0.812698 0.939068 0.812698 0.931900 0.809524 0.928315 0.809524 0.924731
0 0.263492 0.924731 0.257143 0.928315 0.257143 0.931900 0.250794 0.939068 0.250794 0.956989 0.266667 0.974910 0.269841 0.985663 0.273016 0.989247 0.279365 0.989247 0.292063 0.982079 0.295238 0.974910 0.292063 0.971326 0.292063 0.964158 0.285714 0.949821 0.285714 0.939068 0.276190 0.928315
0 0.876190 0.942652 0.879365 0.956989 0.895238 0.978495 0.907937 0.985663 0.920635 0.985663 0.923810 0.989247 0.930159 0.989247 0.936508 0.982079 0.939683 0.974910 0.936508 0.967742 0.911111 0.956989 0.888889 0.939068 0.879365 0.939068
0 0.523810 0.956989 0.517460 0.956989 0.514286 0.953405 0.511111 0.956989 0.504762 0.956989 0.488889 0.974910 0.488889 0.978495 0.482540 0.989247 0.488889 0.996416 0.520635 0.996416 0.526984 0.989247 0.526984 0.964158 0.523810 0.960573
0 0.860317 0.974910 0.860317 0.992832 0.876190 0.992832 0.873016 0.989247 0.873016 0.985663 0.866667 0.978495 0.866667 0.974910
0 0.739683 0.989247 0.739683 0.996416 0.752381 0.996416 0.755556 0.992832 0.761905 0.992832 0.765079 0.996416 0.780952 0.996416 0.780952 0.992832 0.777778 0.992832 0.768254 0.985663 0.761905 0.985663 0.758730 0.982079 0.749206 0.982079
