0 0.458599 0.096774 0.452229 0.096774 0.449045 0.100358 0.445860 0.100358 0.439490 0.107527 0.439490 0.111111 0.436306 0.114695 0.436306 0.132616 0.445860 0.139785 0.458599 0.139785 0.464968 0.132616 0.464968 0.129032 0.468153 0.125448 0.468153 0.111111 0.464968 0.107527 0.464968 0.103943
0 0.168790 0.114695 0.171975 0.118280 0.171975 0.129032 0.178344 0.136201 0.191083 0.136201 0.194268 0.132616 0.200637 0.132616 0.210191 0.125448 0.210191 0.114695 0.200637 0.103943 0.197452 0.103943 0.194268 0.100358 0.178344 0.100358 0.171975 0.107527 0.171975 0.111111
0 0.054140 0.143369 0.054140 0.154122 0.060510 0.161290 0.073248 0.161290 0.076433 0.164875 0.079618 0.161290 0.085987 0.161290 0.085987 0.146953 0.082803 0.143369 0.082803 0.139785 0.076433 0.132616 0.063694 0.132616
0 0.105096 0.136201 0.105096 0.154122 0.117834 0.168459 0.130573 0.168459 0.136943 0.157706 0.136943 0.150538 0.133758 0.146953 0.133758 0.143369 0.130573 0.143369 0.124204 0.136201
0 0.856688 0.154122 0.856688 0.161290 0.869427 0.175627 0.888535 0.175627 0.891720 0.172043 0.891720 0.168459 0.898089 0.161290 0.898089 0.154122 0.888535 0.143369 0.866242 0.143369
0 0.347134 0.150538 0.340764 0.150538 0.337580 0.146953 0.334395 0.146953 0.315287 0.168459 0.315287 0.172043 0.312102 0.175627 0.312102 0.186380 0.315287 0.189964 0.334395 0.189964 0.337580 0.186380 0.340764 0.186380 0.350318 0.175627 0.350318 0.157706 0.347134 0.154122
0 0.216561 0.157706 0.203822 0.150538 0.168790 0.157706 0.162420 0.164875 0.162420 0.186380 0.168790 0.200717 0.175159 0.204301 0.184713 0.204301 0.194268 0.193548 0.203822 0.189964 0.216561 0.172043
0 0.863057 0.204301 0.856688 0.200717 0.837580 0.200717 0.834395 0.204301 0.831210 0.215054 0.821656 0.225806 0.821656 0.250896 0.828025 0.258065 0.843949 0.258065 0.863057 0.240143 0.869427 0.225806 0.869427 0.211470
0 0.108280 0.207885 0.101911 0.215054 0.101911 0.236559 0.114650 0.250896 0.127389 0.250896 0.130573 0.247312 0.133758 0.247312 0.140127 0.240143 0.140127 0.225806 0.136943 0.222222 0.136943 0.218638 0.133758 0.218638 0.121019 0.207885
0 0.261146 0.218638 0.257962 0.218638 0.254777 0.222222 0.251592 0.222222 0.245223 0.229391 0.245223 0.243728 0.254777 0.254480 0.261146 0.254480 0.264331 0.250896 0.267516 0.250896 0.270701 0.247312 0.270701 0.240143 0.273885 0.236559 0.273885 0.229391 0.267516 0.222222 0.264331 0.222222
0 0.538217 0.236559 0.531847 0.236559 0.528662 0.240143 0.525478 0.240143 0.515924 0.247312 0.515924 0.261649 0.522293 0.268817 0.525478 0.268817 0.528662 0.272401 0.531847 0.268817 0.535032 0.268817 0.541401 0.261649 0.541401 0.258065 0.544586 0.254480 0.544586 0.240143 0.541401 0.240143
0 0.191083 0.240143 0.187898 0.243728 0.187898 0.261649 0.197452 0.272401 0.200637 0.272401 0.203822 0.275986 0.210191 0.275986 0.213376 0.272401 0.216561 0.272401 0.216561 0.268817 0.219745 0.265233 0.219745 0.254480 0.216561 0.250896 0.216561 0.247312 0.213376 0.247312 0.210191 0.243728 0.210191 0.240143
0 0.114650 0.268817 0.105096 0.275986 0.105096 0.290323 0.111465 0.297491 0.111465 0.301075 0.114650 0.304659 0.117834 0.304659 0.121019 0.308244 0.127389 0.308244 0.133758 0.297491 0.133758 0.286738 0.130573 0.283154 0.130573 0.275986 0.121019 0.268817
0 0.401274 0.275986 0.398089 0.279570 0.398089 0.283154 0.391720 0.290323 0.391720 0.308244 0.398089 0.315412 0.407643 0.315412 0.410828 0.311828 0.414013 0.311828 0.420382 0.304659 0.420382 0.286738 0.410828 0.275986
0 0.359873 0.283154 0.353503 0.290323 0.353503 0.293907 0.350318 0.297491 0.350318 0.318996 0.356688 0.329749 0.359873 0.329749 0.363057 0.333333 0.372611 0.333333 0.375796 0.329749 0.375796 0.293907 0.369427 0.283154
0 0.474522 0.290323 0.468153 0.297491 0.468153 0.311828 0.471338 0.315412 0.474522 0.326165 0.480892 0.333333 0.490446 0.333333 0.490446 0.329749 0.496815 0.322581 0.496815 0.318996 0.500000 0.315412 0.500000 0.304659 0.487261 0.290323
0 0.840764 0.293907 0.837580 0.290323 0.824841 0.290323 0.821656 0.293907 0.815287 0.293907 0.789809 0.315412 0.789809 0.326165 0.805732 0.329749 0.808917 0.326165 0.824841 0.318996 0.834395 0.308244 0.837580 0.308244 0.840764 0.304659
0 0.761146 0.293907 0.742038 0.293907 0.738854 0.297491 0.732484 0.297491 0.716561 0.315412 0.713376 0.322581 0.713376 0.333333 0.722930 0.347670 0.735669 0.347670 0.754777 0.329749 0.754777 0.326165 0.767516 0.308244 0.767516 0.301075
0 0.076433 0.301075 0.076433 0.304659 0.066879 0.315412 0.066879 0.322581 0.063694 0.326165 0.063694 0.329749 0.066879 0.333333 0.066879 0.336918 0.070064 0.336918 0.073248 0.340502 0.082803 0.344086 0.085987 0.340502 0.089172 0.340502 0.089172 0.336918 0.092357 0.333333 0.092357 0.322581 0.089172 0.318996 0.092357 0.315412 0.089172 0.311828 0.089172 0.304659 0.085987 0.301075
0 0.429936 0.311828 0.429936 0.315412 0.426752 0.318996 0.426752 0.329749 0.436306 0.344086 0.439490 0.354839 0.442675 0.358423 0.455414 0.358423 0.461783 0.347670 0.461783 0.329749 0.449045 0.311828 0.442675 0.311828 0.439490 0.308244
0 0.792994 0.376344 0.796178 0.379928 0.802548 0.379928 0.805732 0.376344 0.815287 0.372760 0.824841 0.362007 0.828025 0.362007 0.834395 0.354839 0.837580 0.354839 0.840764 0.351254 0.840764 0.344086 0.805732 0.344086 0.802548 0.347670 0.799363 0.347670 0.799363 0.351254 0.792994 0.358423
0 0.407643 0.354839 0.404459 0.358423 0.401274 0.358423 0.401274 0.362007 0.398089 0.365591 0.398089 0.387097 0.404459 0.397849 0.414013 0.397849 0.417197 0.394265 0.420382 0.394265 0.426752 0.387097 0.426752 0.376344 0.423567 0.372760 0.423567 0.365591 0.417197 0.358423
0 0.840764 0.415771 0.850318 0.422939 0.882166 0.422939 0.885350 0.419355 0.898089 0.415771 0.904459 0.408602 0.904459 0.401434 0.901274 0.397849 0.894904 0.397849 0.891720 0.394265 0.878981 0.394265 0.875796 0.390681 0.853503 0.390681 0.840764 0.405018
0 0.331210 0.419355 0.324841 0.426523 0.324841 0.448029 0.328025 0.451613 0.328025 0.455197 0.331210 0.455197 0.334395 0.458781 0.337580 0.458781 0.340764 0.455197 0.343949 0.455197 0.343949 0.451613 0.347134 0.448029 0.347134 0.426523 0.337580 0.419355
0 0.477707 0.430108 0.461783 0.433692 0.458599 0.437276 0.458599 0.440860 0.452229 0.448029 0.452229 0.469534 0.455414 0.473118 0.471338 0.473118 0.474522 0.469534 0.477707 0.469534 0.490446 0.455197 0.490446 0.448029 0.487261 0.444444 0.487261 0.440860
0 0.363057 0.437276 0.363057 0.462366 0.372611 0.473118 0.404459 0.469534 0.417197 0.458781 0.414013 0.444444 0.404459 0.433692 0.391720 0.440860 0.378981 0.433692 0.366242 0.433692
0 0.872611 0.458781 0.872611 0.465950 0.885350 0.480287 0.891720 0.483871 0.910828 0.483871 0.917197 0.476703 0.917197 0.455197 0.914013 0.455197 0.907643 0.462366 0.901274 0.462366 0.898089 0.458781 0.901274 0.451613 0.901274 0.444444 0.894904 0.444444 0.885350 0.451613 0.878981 0.451613
0 0.162420 0.455197 0.159236 0.455197 0.149682 0.448029 0.140127 0.448029 0.136943 0.451613 0.133758 0.451613 0.127389 0.462366 0.127389 0.491039 0.130573 0.494624 0.143312 0.494624 0.146497 0.491039 0.156051 0.487455 0.165605 0.476703 0.165605 0.462366 0.162420 0.458781
0 0.726115 0.458781 0.722930 0.462366 0.722930 0.476703 0.729299 0.487455 0.729299 0.494624 0.748408 0.512545 0.764331 0.512545 0.773885 0.498208 0.773885 0.483871 0.770701 0.476703 0.751592 0.458781
0 0.283439 0.465950 0.280255 0.476703 0.296178 0.501792 0.308917 0.508961 0.318471 0.508961 0.324841 0.501792 0.328025 0.494624 0.328025 0.483871 0.324841 0.480287 0.324841 0.473118 0.318471 0.465950 0.312102 0.462366 0.289809 0.462366
0 0.162420 0.508961 0.162420 0.516129 0.184713 0.537634 0.200637 0.537634 0.210191 0.526882 0.210191 0.512545 0.207006 0.508961 0.207006 0.505376 0.203822 0.505376 0.194268 0.498208 0.171975 0.498208 0.168790 0.501792 0.165605 0.501792 0.165605 0.505376
0 0.710191 0.501792 0.703822 0.501792 0.703822 0.505376 0.697452 0.512545 0.697452 0.519713 0.694268 0.523297 0.694268 0.544803 0.697452 0.548387 0.697452 0.555556 0.707006 0.562724 0.716561 0.551971 0.716561 0.548387 0.719745 0.544803 0.719745 0.537634 0.722930 0.534050 0.722930 0.516129
0 0.136943 0.523297 0.130573 0.530466 0.130573 0.555556 0.140127 0.566308 0.143312 0.566308 0.146497 0.569892 0.156051 0.569892 0.165605 0.559140 0.168790 0.548387 0.165605 0.544803 0.165605 0.541219 0.149682 0.523297
0 0.060510 0.530466 0.054140 0.537634 0.054140 0.551971 0.057325 0.555556 0.060510 0.555556 0.063694 0.559140 0.073248 0.562724 0.079618 0.569892 0.089172 0.569892 0.089172 0.555556 0.079618 0.544803 0.079618 0.541219 0.070064 0.530466
0 0.312102 0.569892 0.312102 0.587814 0.315287 0.594982 0.318471 0.594982 0.324841 0.602151 0.340764 0.602151 0.347134 0.605735 0.350318 0.602151 0.356688 0.602151 0.363057 0.591398 0.363057 0.577061 0.359873 0.569892 0.347134 0.559140 0.324841 0.559140
0 0.566879 0.580645 0.557325 0.573477 0.554140 0.577061 0.544586 0.577061 0.541401 0.580645 0.538217 0.580645 0.531847 0.587814 0.531847 0.594982 0.535032 0.598566 0.557325 0.598566 0.566879 0.591398
0 0.828025 0.577061 0.818471 0.577061 0.808917 0.587814 0.808917 0.591398 0.802548 0.602151 0.802548 0.612903 0.805732 0.616487 0.805732 0.620072 0.808917 0.620072 0.812102 0.623656 0.815287 0.620072 0.821656 0.620072 0.834395 0.602151 0.834395 0.587814
0 0.894904 0.602151 0.875796 0.602151 0.872611 0.605735 0.866242 0.605735 0.856688 0.616487 0.850318 0.630824 0.850318 0.648746 0.856688 0.655914 0.875796 0.659498 0.888535 0.652330 0.898089 0.641577 0.907643 0.616487
0 0.598726 0.612903 0.595541 0.612903 0.592357 0.609319 0.589172 0.612903 0.582803 0.612903 0.579618 0.616487 0.576433 0.616487 0.566879 0.627240 0.566879 0.630824 0.563694 0.634409 0.563694 0.645161 0.570064 0.655914 0.592357 0.655914 0.595541 0.652330 0.598726 0.652330 0.598726 0.648746 0.601911 0.645161 0.601911 0.616487
0 0.535032 0.616487 0.525478 0.620072 0.525478 0.623656 0.519108 0.630824 0.515924 0.630824 0.515924 0.634409 0.512739 0.637993 0.503185 0.641577 0.503185 0.645161 0.500000 0.648746 0.503185 0.659498 0.512739 0.659498 0.519108 0.652330 0.522293 0.652330 0.522293 0.648746 0.531847 0.634409 0.528662 0.630824 0.538217 0.623656 0.538217 0.620072
0 0.694268 0.634409 0.697452 0.637993 0.716561 0.637993 0.719745 0.634409 0.726115 0.634409 0.732484 0.627240 0.729299 0.623656 0.722930 0.623656 0.719745 0.620072 0.700637 0.620072 0.697452 0.623656 0.694268 0.623656
0 0.385350 0.663082 0.391720 0.673835 0.414013 0.673835 0.417197 0.670251 0.420382 0.670251 0.420382 0.666667 0.423567 0.663082 0.420382 0.659498 0.420382 0.652330 0.417197 0.652330 0.407643 0.645161 0.401274 0.645161 0.398089 0.648746 0.394904 0.648746 0.388535 0.655914 0.388535 0.659498
0 0.245223 0.698925 0.254777 0.706093 0.264331 0.706093 0.267516 0.702509 0.283439 0.695341 0.289809 0.688172 0.289809 0.681004 0.283439 0.673835 0.280255 0.673835 0.277070 0.670251 0.261146 0.670251 0.257962 0.673835 0.254777 0.673835 0.245223 0.684588
0 0.843949 0.695341 0.840764 0.691756 0.824841 0.691756 0.812102 0.706093 0.812102 0.709677 0.808917 0.713262 0.808917 0.720430 0.812102 0.724014 0.812102 0.727599 0.831210 0.727599 0.840764 0.716846 0.840764 0.713262 0.843949 0.709677
0 0.442675 0.709677 0.442675 0.713262 0.439490 0.716846 0.439490 0.727599 0.442675 0.731183 0.442675 0.738351 0.449045 0.745520 0.452229 0.745520 0.455414 0.749104 0.461783 0.749104 0.471338 0.738351 0.471338 0.727599 0.468153 0.724014 0.468153 0.716846 0.458599 0.709677
0 0.535032 0.713262 0.535032 0.720430 0.547771 0.734767 0.550955 0.745520 0.557325 0.752688 0.563694 0.756272 0.570064 0.756272 0.573248 0.759857 0.582803 0.756272 0.585987 0.749104 0.585987 0.741935 0.576433 0.727599 0.573248 0.727599 0.566879 0.720430 0.560510 0.720430 0.547771 0.713262
0 0.878981 0.731183 0.869427 0.724014 0.859873 0.724014 0.853503 0.731183 0.853503 0.734767 0.850318 0.738351 0.850318 0.752688 0.853503 0.756272 0.866242 0.756272 0.869427 0.752688 0.872611 0.752688 0.878981 0.745520
0 0.216561 0.731183 0.200637 0.727599 0.171975 0.741935 0.159236 0.759857 0.152866 0.792115 0.171975 0.792115 0.194268 0.777778 0.213376 0.749104
0 0.646497 0.727599 0.643312 0.727599 0.636943 0.734767 0.636943 0.738351 0.633758 0.741935 0.633758 0.756272 0.630573 0.759857 0.630573 0.777778 0.633758 0.781362 0.646497 0.781362 0.652866 0.774194 0.652866 0.741935 0.649682 0.738351 0.649682 0.731183
0 0.264331 0.741935 0.254777 0.749104 0.254777 0.756272 0.251592 0.759857 0.251592 0.767025 0.248408 0.770609 0.248408 0.774194 0.251592 0.777778 0.251592 0.781362 0.261146 0.781362 0.261146 0.777778 0.264331 0.774194 0.267516 0.774194 0.267516 0.770609 0.273885 0.759857 0.270701 0.756272 0.270701 0.749104
0 0.156051 0.756272 0.149682 0.752688 0.136943 0.752688 0.133758 0.749104 0.130573 0.752688 0.117834 0.752688 0.111465 0.756272 0.098726 0.770609 0.098726 0.792115 0.114650 0.806452 0.133758 0.802867 0.149682 0.788530 0.152866 0.781362 0.152866 0.770609 0.156051 0.767025
0 0.369427 0.752688 0.359873 0.763441 0.359873 0.777778 0.363057 0.781362 0.363057 0.784946 0.369427 0.792115 0.375796 0.792115 0.378981 0.795699 0.382166 0.792115 0.388535 0.792115 0.388535 0.788530 0.391720 0.784946 0.391720 0.774194 0.388535 0.770609 0.388535 0.763441 0.378981 0.752688
0 0.512739 0.752688 0.506369 0.756272 0.506369 0.770609 0.500000 0.777778 0.500000 0.784946 0.509554 0.799283 0.515924 0.802867 0.525478 0.802867 0.547771 0.781362 0.547771 0.767025 0.541401 0.759857 0.528662 0.752688
0 0.859873 0.774194 0.853503 0.781362 0.853503 0.795699 0.859873 0.802867 0.878981 0.802867 0.882166 0.799283 0.882166 0.777778 0.872611 0.770609 0.866242 0.770609 0.863057 0.774194
0 0.248408 0.792115 0.235669 0.781362 0.222930 0.781362 0.207006 0.792115 0.207006 0.795699 0.203822 0.799283 0.203822 0.813620 0.207006 0.817204 0.222930 0.817204 0.226115 0.813620 0.232484 0.813620 0.235669 0.810036 0.238854 0.810036 0.248408 0.799283
0 0.477707 0.799283 0.471338 0.810036 0.471338 0.824373 0.484076 0.838710 0.493631 0.838710 0.496815 0.835125 0.500000 0.835125 0.500000 0.831541 0.503185 0.827957 0.503185 0.817204 0.500000 0.813620 0.500000 0.810036 0.490446 0.799283
0 0.149682 0.824373 0.133758 0.824373 0.130573 0.827957 0.121019 0.831541 0.121019 0.835125 0.114650 0.845878 0.121019 0.845878 0.124204 0.849462 0.124204 0.860215 0.133758 0.860215 0.140127 0.853047 0.146497 0.853047 0.149682 0.849462 0.149682 0.845878 0.152866 0.842294 0.152866 0.835125 0.149682 0.831541
0 0.770701 0.831541 0.764331 0.842294 0.764331 0.863799 0.777070 0.874552 0.789809 0.874552 0.792994 0.870968 0.796178 0.870968 0.805732 0.860215 0.805732 0.856631 0.802548 0.853047 0.802548 0.845878 0.789809 0.831541
0 0.229299 0.842294 0.226115 0.838710 0.219745 0.838710 0.216561 0.835125 0.213376 0.835125 0.210191 0.838710 0.200637 0.838710 0.197452 0.842294 0.197452 0.849462 0.194268 0.853047 0.197452 0.856631 0.197452 0.860215 0.203822 0.867384 0.216561 0.867384 0.222930 0.860215 0.226115 0.860215 0.229299 0.856631
0 0.503185 0.860215 0.493631 0.870968 0.493631 0.878136 0.503185 0.888889 0.515924 0.888889 0.515924 0.881720 0.519108 0.878136 0.519108 0.874552 0.515924 0.870968 0.515924 0.863799 0.512739 0.860215
0 0.710191 0.870968 0.703822 0.870968 0.700637 0.874552 0.700637 0.878136 0.694268 0.888889 0.694268 0.910394 0.697452 0.913978 0.703822 0.913978 0.713376 0.903226 0.713376 0.899642 0.716561 0.896057 0.716561 0.888889 0.719745 0.885305 0.716561 0.881720 0.716561 0.878136
0 0.404459 0.878136 0.401274 0.881720 0.391720 0.885305 0.391720 0.888889 0.385350 0.899642 0.385350 0.913978 0.391720 0.921147 0.404459 0.921147 0.407643 0.917563 0.410828 0.917563 0.417197 0.906810 0.417197 0.888889 0.410828 0.881720 0.407643 0.881720
0 0.528662 0.885305 0.528662 0.888889 0.525478 0.892473 0.525478 0.910394 0.528662 0.913978 0.528662 0.917563 0.544586 0.928315 0.554140 0.928315 0.557325 0.924731 0.557325 0.910394 0.550955 0.903226 0.550955 0.896057 0.541401 0.885305 0.538217 0.885305 0.535032 0.881720 0.531847 0.885305
0 0.742038 0.885305 0.738854 0.888889 0.738854 0.903226 0.742038 0.906810 0.754777 0.906810 0.757962 0.903226 0.757962 0.896057 0.754777 0.892473 0.754777 0.888889 0.751592 0.885305
0 0.808917 0.910394 0.802548 0.917563 0.802548 0.928315 0.805732 0.931900 0.805732 0.939068 0.812102 0.946237 0.812102 0.949821 0.815287 0.953405 0.821656 0.953405 0.828025 0.946237 0.828025 0.942652 0.831210 0.939068 0.831210 0.921147 0.821656 0.910394
0 0.729299 0.931900 0.716561 0.942652 0.716561 0.967742 0.729299 0.982079 0.738854 0.982079 0.751592 0.971326 0.751592 0.956989 0.742038 0.942652 0.742038 0.939068 0.735669 0.931900
0 0.605096 0.942652 0.598726 0.949821 0.598726 0.956989 0.601911 0.960573 0.601911 0.967742 0.608280 0.978495 0.621019 0.978495 0.627389 0.971326 0.627389 0.967742 0.630573 0.964158 0.630573 0.960573 0.627389 0.956989 0.627389 0.949821 0.621019 0.942652
0 0.777070 0.949821 0.770701 0.956989 0.770701 0.967742 0.773885 0.971326 0.777070 0.982079 0.780255 0.982079 0.783439 0.985663 0.799363 0.985663 0.799363 0.982079 0.802548 0.978495 0.802548 0.967742 0.799363 0.964158 0.799363 0.960573 0.789809 0.949821 0.786624 0.949821 0.783439 0.946237 0.780255 0.949821
0 0.245223 0.982079 0.242038 0.978495 0.242038 0.974910 0.232484 0.971326 0.229299 0.974910 0.226115 0.974910 0.219745 0.982079 0.216561 0.982079 0.210191 0.989247 0.207006 0.989247 0.207006 0.992832 0.210191 0.996416 0.232484 0.996416 0.235669 0.992832 0.242038 0.992832
0 0.095541 0.992832 0.111465 0.992832 0.114650 0.996416 0.121019 0.996416 0.124204 0.992832 0.124204 0.989247 0.121019 0.989247 0.117834 0.985663 0.105096 0.985663 0.101911 0.989247 0.098726 0.989247
