0 0.187302 0.000000 0.180952 0.007194 0.180952 0.017986 0.187302 0.025180 0.187302 0.028777 0.193651 0.035971 0.209524 0.035971 0.222222 0.017986 0.222222 0.007194 0.215873 0.000000
0 0.679365 0.003597 0.679365 0.007194 0.688889 0.017986 0.692063 0.017986 0.695238 0.021583 0.711111 0.021583 0.717460 0.010791 0.711111 0.000000 0.682540 0.000000
0 0.511111 0.003597 0.511111 0.010791 0.514286 0.010791 0.517460 0.014388 0.520635 0.014388 0.523810 0.017986 0.526984 0.017986 0.530159 0.021583 0.536508 0.021583 0.536508 0.014388 0.533333 0.010791 0.526984 0.010791 0.523810 0.007194 0.520635 0.007194 0.517460 0.003597
0 0.746032 0.007194 0.752381 0.017986 0.774603 0.017986 0.777778 0.014388 0.780952 0.014388 0.787302 0.007194 0.787302 0.003597 0.749206 0.003597
0 0.958730 0.003597 0.958730 0.017986 0.965079 0.028777 0.968254 0.028777 0.977778 0.035971 0.987302 0.035971 0.996825 0.028777 0.996825 0.007194 0.993651 0.003597
0 0.307937 0.017986 0.317460 0.028777 0.320635 0.028777 0.323810 0.032374 0.330159 0.032374 0.333333 0.028777 0.333333 0.025180 0.330159 0.025180 0.326984 0.021583 0.317460 0.021583 0.311111 0.014388
0 0.584127 0.021583 0.580952 0.017986 0.577778 0.017986 0.574603 0.014388 0.571429 0.017986 0.568254 0.017986 0.565079 0.021583 0.565079 0.032374 0.558730 0.039568 0.558730 0.043165 0.565079 0.043165 0.571429 0.035971 0.574603 0.035971 0.584127 0.025180
0 0.850794 0.032374 0.844444 0.039568 0.841270 0.053957 0.844444 0.057554 0.844444 0.064748 0.857143 0.086331 0.873016 0.097122 0.888889 0.093525 0.892063 0.089928 0.892063 0.068345 0.882540 0.053957 0.879365 0.043165 0.869841 0.035971
0 0.253968 0.050360 0.253968 0.057554 0.260317 0.064748 0.263492 0.064748 0.266667 0.068345 0.269841 0.064748 0.273016 0.064748 0.273016 0.050360 0.269841 0.046763 0.257143 0.046763
0 0.971429 0.050360 0.955556 0.050360 0.946032 0.075540 0.936508 0.086331 0.936508 0.097122 0.942857 0.097122 0.946032 0.100719 0.949206 0.097122 0.955556 0.097122 0.971429 0.079137 0.971429 0.075540 0.974603 0.071942 0.974603 0.053957
0 0.473016 0.064748 0.473016 0.089928 0.485714 0.100719 0.495238 0.100719 0.507937 0.107914 0.511111 0.104317 0.520635 0.104317 0.533333 0.093525 0.533333 0.086331 0.530159 0.082734 0.517460 0.079137 0.507937 0.068345 0.507937 0.064748 0.495238 0.053957 0.482540 0.053957 0.476190 0.057554
0 0.206349 0.064748 0.196825 0.079137 0.196825 0.100719 0.200000 0.107914 0.212698 0.118705 0.231746 0.118705 0.241270 0.104317 0.234921 0.075540 0.225397 0.064748
0 0.400000 0.079137 0.396825 0.086331 0.396825 0.097122 0.403175 0.111511 0.406349 0.111511 0.412698 0.118705 0.419048 0.118705 0.422222 0.122302 0.447619 0.122302 0.450794 0.118705 0.457143 0.118705 0.457143 0.107914 0.425397 0.071942 0.409524 0.071942
0 0.314286 0.089928 0.298413 0.104317 0.301587 0.133094 0.314286 0.158273 0.330159 0.172662 0.336508 0.172662 0.342857 0.161871 0.342857 0.147482 0.349206 0.129496 0.349206 0.111511 0.336508 0.093525 0.330159 0.089928
0 0.812698 0.111511 0.812698 0.115108 0.806349 0.125899 0.803175 0.143885 0.815873 0.158273 0.825397 0.158273 0.828571 0.161871 0.834921 0.161871 0.838095 0.158273 0.838095 0.136691 0.834921 0.133094 0.834921 0.129496 0.825397 0.118705 0.825397 0.115108 0.822222 0.115108 0.819048 0.111511
0 0.628571 0.122302 0.606349 0.122302 0.603175 0.125899 0.603175 0.154676 0.606349 0.158273 0.606349 0.172662 0.609524 0.176259 0.615873 0.176259 0.619048 0.172662 0.619048 0.169065 0.622222 0.165468 0.622222 0.158273 0.631746 0.143885 0.631746 0.125899
0 0.977778 0.129496 0.974603 0.133094 0.974603 0.136691 0.977778 0.140288 0.977778 0.143885 0.980952 0.147482 0.980952 0.151079 0.984127 0.154676 0.984127 0.158273 0.993651 0.169065 0.996825 0.165468 0.996825 0.147482 0.993651 0.143885 0.993651 0.133094 0.990476 0.133094 0.987302 0.129496
0 0.130159 0.136691 0.117460 0.136691 0.114286 0.140288 0.111111 0.140288 0.101587 0.151079 0.101587 0.165468 0.104762 0.169065 0.104762 0.176259 0.107937 0.179856 0.111111 0.190647 0.117460 0.190647 0.133333 0.172662 0.133333 0.161871 0.136508 0.158273 0.136508 0.143885
0 0.390476 0.140288 0.390476 0.154676 0.396825 0.165468 0.396825 0.176259 0.409524 0.194245 0.419048 0.197842 0.422222 0.194245 0.431746 0.194245 0.444444 0.187050 0.444444 0.169065 0.425397 0.143885 0.412698 0.136691 0.393651 0.136691
0 0.549206 0.154676 0.542857 0.161871 0.542857 0.172662 0.546032 0.176259 0.546032 0.208633 0.565079 0.223022 0.577778 0.223022 0.590476 0.215827 0.596825 0.205036 0.596825 0.190647 0.590476 0.179856 0.577778 0.165468 0.571429 0.165468 0.561905 0.158273
0 0.911111 0.158273 0.907937 0.161871 0.907937 0.172662 0.911111 0.176259 0.911111 0.179856 0.917460 0.187050 0.917460 0.190647 0.923810 0.197842 0.939683 0.197842 0.942857 0.194245 0.942857 0.183453 0.939683 0.179856 0.939683 0.176259 0.936508 0.176259 0.920635 0.158273
0 0.273016 0.165468 0.263492 0.183453 0.285714 0.237410 0.314286 0.262590 0.330159 0.258993 0.346032 0.233813 0.349206 0.208633 0.301587 0.165468
0 0.958730 0.179856 0.958730 0.194245 0.965079 0.201439 0.971429 0.201439 0.977778 0.208633 0.980952 0.208633 0.984127 0.212230 0.993651 0.208633 0.993651 0.194245 0.990476 0.194245 0.974603 0.179856 0.968254 0.179856 0.965079 0.176259 0.961905 0.176259
0 0.863492 0.212230 0.853968 0.205036 0.841270 0.205036 0.838095 0.208633 0.831746 0.208633 0.825397 0.215827 0.825397 0.226619 0.822222 0.230216 0.825397 0.241007 0.828571 0.241007 0.831746 0.244604 0.850794 0.244604 0.863492 0.230216
0 0.904762 0.208633 0.898413 0.208633 0.895238 0.212230 0.892063 0.212230 0.892063 0.215827 0.888889 0.219424 0.888889 0.262590 0.892063 0.266187 0.898413 0.266187 0.901587 0.262590 0.904762 0.262590 0.917460 0.248201 0.917460 0.241007 0.920635 0.237410 0.917460 0.233813 0.917460 0.223022 0.914286 0.219424 0.914286 0.215827
0 0.755556 0.237410 0.752381 0.233813 0.746032 0.233813 0.746032 0.237410 0.739683 0.244604 0.730159 0.244604 0.726984 0.241007 0.717460 0.244604 0.711111 0.255396 0.714286 0.266187 0.723810 0.273381 0.726984 0.269784 0.736508 0.266187 0.755556 0.244604
0 0.647619 0.241007 0.641270 0.248201 0.641270 0.266187 0.650794 0.276978 0.653968 0.276978 0.657143 0.280576 0.663492 0.280576 0.669841 0.273381 0.669841 0.266187 0.666667 0.262590 0.666667 0.255396 0.657143 0.244604
0 0.422222 0.280576 0.434921 0.294964 0.441270 0.294964 0.444444 0.298561 0.453968 0.298561 0.463492 0.305755 0.466667 0.305755 0.466667 0.302158 0.469841 0.298561 0.466667 0.294964 0.463492 0.284173 0.460317 0.284173 0.457143 0.280576 0.441270 0.280576 0.438095 0.276978 0.428571 0.276978 0.425397 0.280576
0 0.615873 0.291367 0.606349 0.284173 0.590476 0.291367 0.561905 0.291367 0.542857 0.298561 0.539683 0.305755 0.555556 0.320144 0.555556 0.338129 0.568254 0.356115 0.574603 0.352518 0.600000 0.356115 0.600000 0.345324 0.615873 0.338129 0.622222 0.323741 0.622222 0.302158
0 0.968254 0.294964 0.949206 0.312950 0.946032 0.320144 0.946032 0.334532 0.965079 0.348921 0.980952 0.348921 0.987302 0.341727 0.987302 0.327338 0.990476 0.323741 0.993651 0.327338 0.993651 0.305755 0.984127 0.298561
0 0.380952 0.330935 0.384127 0.338129 0.406349 0.345324 0.409524 0.348921 0.447619 0.348921 0.457143 0.341727 0.457143 0.330935 0.441270 0.320144 0.400000 0.320144 0.396825 0.323741 0.384127 0.323741
0 0.723810 0.356115 0.730159 0.370504 0.749206 0.384892 0.755556 0.395683 0.768254 0.406475 0.787302 0.410072 0.793651 0.402878 0.790476 0.384892 0.780952 0.370504 0.771429 0.363309 0.765079 0.363309 0.755556 0.356115 0.746032 0.356115 0.742857 0.352518 0.726984 0.352518
0 0.339683 0.377698 0.342857 0.388489 0.352381 0.399281 0.365079 0.399281 0.374603 0.410072 0.419048 0.406475 0.428571 0.392086 0.425397 0.381295 0.400000 0.366906 0.387302 0.366906 0.384127 0.363309 0.352381 0.363309
0 0.520635 0.392086 0.520635 0.406475 0.536508 0.424460 0.542857 0.424460 0.552381 0.431655 0.555556 0.428058 0.558730 0.428058 0.558730 0.406475 0.552381 0.399281 0.549206 0.399281 0.542857 0.392086 0.539683 0.392086 0.536508 0.388489 0.523810 0.388489
0 0.311111 0.395683 0.307937 0.399281 0.307937 0.402878 0.304762 0.406475 0.304762 0.413669 0.301587 0.417266 0.304762 0.428058 0.311111 0.435252 0.339683 0.435252 0.339683 0.424460 0.323810 0.406475 0.323810 0.402878 0.320635 0.399281
0 0.993651 0.399281 0.990476 0.402878 0.984127 0.402878 0.971429 0.417266 0.971429 0.431655 0.984127 0.446043 0.987302 0.446043 0.993651 0.453237 0.993651 0.449640 0.996825 0.446043 0.996825 0.402878
0 0.517460 0.435252 0.517460 0.442446 0.520635 0.446043 0.520635 0.449640 0.523810 0.453237 0.523810 0.460432 0.530159 0.467626 0.530159 0.471223 0.533333 0.471223 0.536508 0.474820 0.546032 0.471223 0.549206 0.467626 0.549206 0.460432 0.552381 0.456835 0.536508 0.442446 0.533333 0.442446 0.523810 0.435252
0 0.349206 0.492806 0.358730 0.507194 0.365079 0.510791 0.380952 0.510791 0.396825 0.496403 0.412698 0.492806 0.425397 0.478417 0.425397 0.474820 0.409524 0.464029 0.377778 0.464029 0.365079 0.471223
0 0.984127 0.471223 0.980952 0.474820 0.977778 0.474820 0.977778 0.478417 0.974603 0.482014 0.974603 0.489209 0.980952 0.496403 0.984127 0.496403 0.987302 0.500000 0.990476 0.500000 0.993651 0.496403 0.993651 0.471223
0 0.631746 0.496403 0.625397 0.507194 0.625397 0.532374 0.634921 0.539568 0.653968 0.539568 0.657143 0.535971 0.657143 0.525180 0.653968 0.521583 0.650794 0.510791 0.644444 0.503597 0.644444 0.500000 0.641270 0.500000 0.638095 0.496403
0 0.292063 0.510791 0.288889 0.525180 0.295238 0.553957 0.317460 0.579137 0.333333 0.582734 0.361905 0.568345 0.368254 0.550360 0.365079 0.535971 0.355556 0.521583 0.330159 0.514388 0.311111 0.503597 0.298413 0.503597
0 0.387302 0.525180 0.403175 0.535971 0.412698 0.535971 0.425397 0.546763 0.441270 0.546763 0.444444 0.543165 0.428571 0.535971 0.422222 0.528777 0.419048 0.528777 0.409524 0.521583 0.390476 0.521583
0 0.114286 0.550360 0.117460 0.561151 0.120635 0.564748 0.123810 0.564748 0.133333 0.571942 0.149206 0.571942 0.152381 0.568345 0.152381 0.561151 0.146032 0.561151 0.142857 0.557554 0.139683 0.557554 0.136508 0.553957 0.133333 0.553957 0.123810 0.546763 0.117460 0.546763
0 0.914286 0.550360 0.914286 0.564748 0.923810 0.575540 0.933333 0.597122 0.946032 0.604317 0.955556 0.615108 0.971429 0.622302 0.974603 0.618705 0.974603 0.607914 0.971429 0.604317 0.965079 0.571942 0.942857 0.550360 0.933333 0.546763 0.920635 0.546763
0 0.212698 0.550360 0.196825 0.550360 0.190476 0.553957 0.174603 0.575540 0.174603 0.604317 0.190476 0.618705 0.196825 0.618705 0.206349 0.611511 0.209524 0.600719 0.222222 0.589928 0.225397 0.561151
0 0.400000 0.571942 0.400000 0.586331 0.419048 0.604317 0.422222 0.622302 0.428571 0.629496 0.447619 0.636691 0.463492 0.636691 0.473016 0.625899 0.476190 0.604317 0.473016 0.600719 0.473016 0.575540 0.466667 0.568345 0.453968 0.568345 0.444444 0.561151 0.412698 0.561151
0 0.628571 0.564748 0.625397 0.568345 0.625397 0.586331 0.631746 0.593525 0.634921 0.607914 0.641270 0.615108 0.641270 0.622302 0.660317 0.643885 0.673016 0.651079 0.685714 0.643885 0.685714 0.618705 0.673016 0.593525 0.647619 0.568345
0 0.993651 0.564748 0.990476 0.568345 0.990476 0.575540 0.987302 0.579137 0.987302 0.582734 0.990476 0.586331 0.990476 0.589928 0.993651 0.593525
0 0.504762 0.568345 0.495238 0.582734 0.495238 0.622302 0.498413 0.633094 0.514286 0.661871 0.520635 0.665468 0.542857 0.665468 0.552381 0.654676 0.549206 0.622302 0.536508 0.597122
0 0.225397 0.586331 0.222222 0.593525 0.222222 0.604317 0.228571 0.618705 0.244444 0.633094 0.260317 0.633094 0.273016 0.604317 0.269841 0.589928 0.257143 0.582734 0.253968 0.586331 0.250794 0.582734 0.234921 0.582734 0.231746 0.586331
0 0.561905 0.600719 0.555556 0.607914 0.555556 0.615108 0.558730 0.618705 0.558730 0.625899 0.561905 0.629496 0.561905 0.633094 0.574603 0.647482 0.584127 0.651079 0.590476 0.643885 0.590476 0.640288 0.587302 0.636691 0.580952 0.618705 0.568254 0.604317 0.565079 0.604317
0 0.933333 0.636691 0.926984 0.636691 0.923810 0.640288 0.914286 0.640288 0.911111 0.643885 0.911111 0.647482 0.926984 0.647482 0.933333 0.640288
0 0.422222 0.651079 0.422222 0.669065 0.428571 0.679856 0.428571 0.690647 0.434921 0.705036 0.457143 0.712230 0.476190 0.701439 0.479365 0.683453 0.476190 0.679856 0.476190 0.669065 0.466667 0.651079 0.447619 0.643885 0.434921 0.643885 0.428571 0.651079
0 0.123810 0.654676 0.123810 0.658273 0.130159 0.665468 0.133333 0.665468 0.136508 0.669065 0.139683 0.669065 0.142857 0.672662 0.149206 0.672662 0.152381 0.669065 0.155556 0.669065 0.155556 0.661871 0.152381 0.658273 0.149206 0.658273 0.146032 0.654676 0.142857 0.654676 0.139683 0.651079 0.126984 0.651079
0 0.244444 0.679856 0.234921 0.672662 0.219048 0.672662 0.193651 0.687050 0.193651 0.697842 0.190476 0.701439 0.190476 0.715827 0.196825 0.726619 0.212698 0.726619 0.219048 0.723022 0.244444 0.694245 0.247619 0.687050
0 0.352381 0.676259 0.352381 0.690647 0.358730 0.701439 0.365079 0.701439 0.368254 0.705036 0.377778 0.705036 0.380952 0.708633 0.396825 0.708633 0.396825 0.701439 0.393651 0.701439 0.384127 0.694245 0.377778 0.694245 0.374603 0.690647 0.371429 0.690647 0.358730 0.676259
0 0.717460 0.744604 0.704762 0.733813 0.673016 0.737410 0.669841 0.741007 0.660317 0.741007 0.653968 0.744604 0.650794 0.758993 0.657143 0.766187 0.711111 0.766187 0.717460 0.758993
0 0.339683 0.758993 0.339683 0.762590 0.342857 0.766187 0.358730 0.766187 0.361905 0.769784 0.365079 0.766187 0.365079 0.758993 0.361905 0.755396 0.342857 0.755396
0 0.501587 0.776978 0.501587 0.780576 0.504762 0.784173 0.507937 0.784173 0.511111 0.787770 0.517460 0.787770 0.520635 0.791367 0.526984 0.791367 0.530159 0.787770 0.530159 0.784173 0.517460 0.769784 0.504762 0.769784 0.504762 0.773381
0 0.587302 0.787770 0.587302 0.791367 0.590476 0.794964 0.596825 0.794964 0.603175 0.802158 0.615873 0.802158 0.619048 0.798561 0.622222 0.798561 0.622222 0.794964 0.625397 0.791367 0.625397 0.784173 0.615873 0.773381 0.606349 0.773381 0.606349 0.776978 0.600000 0.784173 0.590476 0.784173
0 0.663492 0.794964 0.663492 0.798561 0.666667 0.798561 0.669841 0.802158 0.682540 0.802158 0.685714 0.805755 0.707937 0.805755 0.711111 0.802158 0.714286 0.802158 0.714286 0.794964 0.707937 0.794964 0.704762 0.791367 0.688889 0.791367 0.685714 0.787770 0.669841 0.787770
0 0.898413 0.798561 0.898413 0.802158 0.901587 0.805755 0.914286 0.805755 0.917460 0.809353 0.936508 0.809353 0.942857 0.802158 0.939683 0.791367 0.936508 0.791367 0.933333 0.787770 0.911111 0.787770 0.907937 0.791367 0.904762 0.791367
0 0.238095 0.809353 0.241270 0.816547 0.276190 0.816547 0.279365 0.820144 0.282540 0.816547 0.298413 0.816547 0.301587 0.812950 0.301587 0.805755 0.295238 0.798561 0.263492 0.798561 0.260317 0.802158 0.247619 0.802158
0 0.631746 0.838129 0.638095 0.845324 0.641270 0.845324 0.644444 0.848921 0.650794 0.848921 0.653968 0.845324 0.657143 0.845324 0.660317 0.841727 0.660317 0.838129 0.663492 0.834532 0.663492 0.830935 0.660317 0.827338 0.638095 0.827338 0.631746 0.834532
0 0.212698 0.841727 0.206349 0.841727 0.196825 0.848921 0.196825 0.852518 0.193651 0.856115 0.193651 0.866906 0.196825 0.870504 0.203175 0.870504 0.206349 0.874101 0.209524 0.870504 0.212698 0.870504 0.219048 0.863309 0.219048 0.848921
0 0.285714 0.841727 0.285714 0.848921 0.292063 0.852518 0.295238 0.859712 0.307937 0.866906 0.314286 0.866906 0.317460 0.870504 0.330159 0.870504 0.333333 0.874101 0.349206 0.874101 0.349206 0.866906 0.333333 0.856115 0.323810 0.856115 0.314286 0.848921 0.304762 0.848921 0.301587 0.845324
0 0.631746 0.863309 0.628571 0.859712 0.622222 0.859712 0.619048 0.856115 0.600000 0.856115 0.596825 0.859712 0.580952 0.859712 0.577778 0.863309 0.571429 0.863309 0.568254 0.866906 0.571429 0.870504 0.612698 0.870504 0.615873 0.866906 0.631746 0.866906
0 0.596825 0.874101 0.596825 0.884892 0.606349 0.892086 0.609524 0.892086 0.612698 0.888489 0.628571 0.888489 0.631746 0.884892 0.638095 0.884892 0.638095 0.877698 0.634921 0.877698 0.628571 0.870504 0.615873 0.870504 0.612698 0.874101
