0 0.095238 0.007194 0.098413 0.010791 0.101587 0.010791 0.104762 0.014388 0.111111 0.014388 0.114286 0.010791 0.120635 0.010791 0.126984 0.003597 0.123810 0.000000 0.098413 0.000000 0.095238 0.003597
0 0.933333 0.000000 0.923810 0.007194 0.920635 0.017986 0.923810 0.021583 0.926984 0.032374 0.936508 0.043165 0.939683 0.043165 0.942857 0.046763 0.949206 0.046763 0.958730 0.035971 0.958730 0.025180 0.961905 0.021583 0.961905 0.007194 0.955556 0.000000
0 0.247619 0.003597 0.247619 0.007194 0.244444 0.010791 0.244444 0.032374 0.250794 0.039568 0.250794 0.043165 0.253968 0.046763 0.266667 0.046763 0.269841 0.043165 0.273016 0.043165 0.273016 0.039568 0.276190 0.035971 0.276190 0.017986 0.273016 0.014388 0.273016 0.010791 0.269841 0.010791 0.263492 0.003597
0 0.469841 0.007194 0.473016 0.010791 0.485714 0.010791 0.488889 0.007194 0.492063 0.007194 0.492063 0.003597 0.473016 0.003597
0 0.517460 0.017986 0.507937 0.039568 0.511111 0.043165 0.511111 0.057554 0.514286 0.064748 0.523810 0.075540 0.549206 0.079137 0.558730 0.061151 0.558730 0.035971 0.555556 0.028777 0.546032 0.017986 0.533333 0.017986 0.530159 0.014388
0 0.879365 0.017986 0.876190 0.017986 0.873016 0.014388 0.863492 0.014388 0.860317 0.017986 0.857143 0.017986 0.853968 0.021583 0.853968 0.035971 0.860317 0.043165 0.863492 0.043165 0.866667 0.039568 0.873016 0.039568 0.879365 0.032374
0 0.168254 0.017986 0.158730 0.028777 0.158730 0.050360 0.161905 0.053957 0.161905 0.057554 0.168254 0.064748 0.177778 0.064748 0.180952 0.061151 0.180952 0.057554 0.184127 0.053957 0.184127 0.046763 0.187302 0.043165 0.187302 0.025180 0.180952 0.017986
0 0.485714 0.053957 0.485714 0.075540 0.492063 0.086331 0.495238 0.086331 0.504762 0.093525 0.523810 0.093525 0.523810 0.079137 0.511111 0.064748 0.511111 0.061151 0.507937 0.057554 0.498413 0.061151 0.492063 0.053957
0 0.939683 0.071942 0.933333 0.079137 0.933333 0.107914 0.939683 0.115108 0.955556 0.115108 0.958730 0.111511 0.961905 0.111511 0.971429 0.093525 0.971429 0.089928 0.968254 0.086331 0.968254 0.079137 0.965079 0.079137 0.955556 0.071942
0 0.577778 0.079137 0.568254 0.093525 0.568254 0.100719 0.574603 0.115108 0.590476 0.129496 0.603175 0.129496 0.612698 0.118705 0.612698 0.111511 0.615873 0.107914 0.612698 0.089928 0.600000 0.079137
0 0.130159 0.089928 0.126984 0.089928 0.123810 0.086331 0.120635 0.086331 0.111111 0.093525 0.111111 0.100719 0.107937 0.104317 0.107937 0.111511 0.111111 0.115108 0.111111 0.118705 0.120635 0.118705 0.130159 0.111511 0.130159 0.107914 0.133333 0.104317 0.133333 0.093525
0 0.847619 0.086331 0.844444 0.089928 0.841270 0.089928 0.841270 0.093525 0.838095 0.097122 0.838095 0.118705 0.847619 0.133094 0.847619 0.136691 0.857143 0.143885 0.860317 0.140288 0.863492 0.140288 0.863492 0.104317 0.860317 0.100719 0.857143 0.089928
0 0.447619 0.104317 0.450794 0.111511 0.450794 0.118705 0.460317 0.129496 0.460317 0.133094 0.466667 0.136691 0.473016 0.136691 0.479365 0.140288 0.482540 0.136691 0.488889 0.136691 0.495238 0.133094 0.498413 0.125899 0.498413 0.115108 0.492063 0.107914 0.479365 0.100719 0.473016 0.100719 0.469841 0.097122 0.453968 0.097122
0 0.412698 0.100719 0.403175 0.100719 0.400000 0.104317 0.396825 0.104317 0.393651 0.107914 0.393651 0.111511 0.390476 0.115108 0.390476 0.118705 0.393651 0.122302 0.403175 0.122302 0.412698 0.111511
0 0.206349 0.111511 0.203175 0.115108 0.200000 0.115108 0.196825 0.118705 0.193651 0.118705 0.190476 0.122302 0.187302 0.122302 0.184127 0.125899 0.184127 0.136691 0.187302 0.140288 0.190476 0.140288 0.193651 0.136691 0.193651 0.133094 0.196825 0.129496 0.200000 0.129496 0.209524 0.118705 0.209524 0.115108
0 0.926984 0.111511 0.920635 0.118705 0.920635 0.136691 0.926984 0.143885 0.936508 0.143885 0.942857 0.136691 0.942857 0.129496 0.939683 0.125899 0.939683 0.118705 0.933333 0.111511
0 0.885714 0.122302 0.879365 0.129496 0.879365 0.133094 0.876190 0.136691 0.876190 0.158273 0.879365 0.161871 0.879365 0.165468 0.882540 0.165468 0.885714 0.169065 0.895238 0.169065 0.907937 0.154676 0.907937 0.133094 0.898413 0.122302
0 0.980952 0.129496 0.977778 0.133094 0.974603 0.143885 0.977778 0.147482 0.977778 0.154676 0.980952 0.158273 0.984127 0.169065 0.987302 0.172662 0.993651 0.172662 0.993651 0.169065 0.996825 0.165468 0.996825 0.136691 0.993651 0.133094 0.993651 0.129496
0 0.777778 0.133094 0.771429 0.133094 0.758730 0.140288 0.749206 0.158273 0.749206 0.183453 0.755556 0.190647 0.768254 0.190647 0.774603 0.187050 0.784127 0.172662 0.784127 0.161871 0.787302 0.158273 0.787302 0.143885
0 0.450794 0.136691 0.434921 0.136691 0.431746 0.140288 0.425397 0.140288 0.422222 0.143885 0.422222 0.151079 0.419048 0.154676 0.419048 0.165468 0.422222 0.169065 0.425397 0.169065 0.428571 0.165468 0.431746 0.165468 0.438095 0.158273 0.447619 0.154676 0.450794 0.151079
0 0.482540 0.140288 0.479365 0.143885 0.479365 0.176259 0.485714 0.183453 0.501587 0.183453 0.511111 0.172662 0.511111 0.158273 0.507937 0.154676 0.507937 0.151079 0.501587 0.143885 0.501587 0.140288 0.498413 0.140288 0.495238 0.136691 0.492063 0.136691 0.488889 0.140288
0 0.558730 0.136691 0.552381 0.143885 0.552381 0.165468 0.558730 0.172662 0.561905 0.172662 0.565079 0.176259 0.574603 0.176259 0.574603 0.172662 0.577778 0.169065 0.577778 0.154676 0.574603 0.151079 0.574603 0.147482 0.565079 0.136691
0 0.114286 0.140288 0.114286 0.165468 0.117460 0.165468 0.120635 0.169065 0.120635 0.172662 0.133333 0.172662 0.133333 0.169065 0.136508 0.165468 0.136508 0.147482 0.133333 0.147482 0.130159 0.143885 0.117460 0.143885
0 0.682540 0.165468 0.676190 0.172662 0.676190 0.187050 0.679365 0.190647 0.692063 0.190647 0.698413 0.183453 0.698413 0.169065 0.695238 0.165468
0 0.834921 0.169065 0.825397 0.179856 0.825397 0.187050 0.828571 0.190647 0.831746 0.201439 0.834921 0.205036 0.844444 0.208633 0.853968 0.201439 0.853968 0.190647 0.850794 0.187050 0.847619 0.176259 0.841270 0.169065
0 0.530159 0.205036 0.526984 0.201439 0.514286 0.201439 0.511111 0.205036 0.501587 0.208633 0.495238 0.215827 0.495238 0.226619 0.498413 0.226619 0.501587 0.230216 0.504762 0.230216 0.507937 0.226619 0.511111 0.230216 0.523810 0.230216 0.530159 0.223022
0 0.952381 0.201439 0.933333 0.201439 0.920635 0.212230 0.917460 0.219424 0.917460 0.241007 0.923810 0.248201 0.939683 0.248201 0.952381 0.241007 0.958730 0.233813 0.961905 0.215827
0 0.371429 0.208633 0.361905 0.219424 0.361905 0.223022 0.358730 0.226619 0.361905 0.237410 0.368254 0.244604 0.390476 0.244604 0.396825 0.233813 0.396825 0.223022 0.393651 0.219424 0.393651 0.215827 0.387302 0.208633
0 0.196825 0.215827 0.193651 0.212230 0.184127 0.212230 0.180952 0.215827 0.177778 0.215827 0.161905 0.233813 0.161905 0.241007 0.174603 0.241007 0.177778 0.237410 0.184127 0.237410 0.187302 0.233813 0.190476 0.233813 0.190476 0.230216 0.196825 0.223022
0 0.987302 0.219424 0.980952 0.219424 0.974603 0.226619 0.971429 0.226619 0.971429 0.230216 0.968254 0.233813 0.968254 0.255396 0.971429 0.258993 0.980952 0.258993 0.987302 0.251799 0.987302 0.248201 0.993651 0.237410 0.993651 0.226619
0 0.733333 0.223022 0.726984 0.230216 0.726984 0.233813 0.720635 0.244604 0.720635 0.251799 0.726984 0.262590 0.742857 0.262590 0.755556 0.248201 0.755556 0.230216 0.749206 0.223022
0 0.787302 0.251799 0.787302 0.258993 0.784127 0.262590 0.787302 0.266187 0.787302 0.273381 0.790476 0.276978 0.790476 0.280576 0.793651 0.280576 0.806349 0.294964 0.819048 0.294964 0.822222 0.291367 0.825397 0.280576 0.822222 0.276978 0.822222 0.273381 0.809524 0.258993 0.809524 0.255396 0.803175 0.248201 0.793651 0.248201 0.790476 0.251799
0 0.352381 0.258993 0.339683 0.269784 0.339683 0.273381 0.333333 0.284173 0.336508 0.287770 0.336508 0.294964 0.339683 0.298561 0.342857 0.309353 0.346032 0.305755 0.349206 0.309353 0.358730 0.309353 0.361905 0.305755 0.365079 0.305755 0.365079 0.302158 0.368254 0.298561 0.368254 0.276978 0.365079 0.273381 0.365079 0.269784
0 0.955556 0.276978 0.946032 0.276978 0.939683 0.284173 0.936508 0.284173 0.936508 0.287770 0.933333 0.291367 0.933333 0.320144 0.939683 0.327338 0.946032 0.327338 0.955556 0.316547 0.955556 0.312950 0.958730 0.309353 0.958730 0.302158 0.961905 0.298561 0.961905 0.284173
0 0.320635 0.280576 0.311111 0.291367 0.311111 0.294964 0.307937 0.298561 0.307937 0.320144 0.311111 0.323741 0.311111 0.327338 0.320635 0.338129 0.326984 0.338129 0.339683 0.316547 0.339683 0.305755 0.333333 0.294964 0.333333 0.287770 0.326984 0.280576
0 0.869841 0.284173 0.866667 0.287770 0.866667 0.298561 0.869841 0.298561 0.873016 0.302158 0.882540 0.302158 0.888889 0.294964 0.888889 0.284173 0.885714 0.284173 0.882540 0.280576 0.876190 0.280576 0.873016 0.284173
0 0.552381 0.284173 0.549206 0.287770 0.549206 0.316547 0.552381 0.320144 0.552381 0.330935 0.555556 0.334532 0.568254 0.334532 0.571429 0.330935 0.571429 0.305755 0.568254 0.302158 0.568254 0.294964 0.558730 0.284173
0 0.977778 0.287770 0.971429 0.294964 0.971429 0.298561 0.968254 0.302158 0.968254 0.316547 0.974603 0.327338 0.987302 0.327338 0.990476 0.323741 0.993651 0.323741 0.993651 0.309353 0.996825 0.305755 0.996825 0.302158 0.993651 0.298561 0.993651 0.291367 0.990476 0.287770
0 0.841270 0.298561 0.838095 0.302158 0.834921 0.302158 0.828571 0.312950 0.828571 0.330935 0.834921 0.341727 0.850794 0.341727 0.853968 0.338129 0.857143 0.338129 0.863492 0.330935 0.863492 0.312950 0.860317 0.309353 0.860317 0.305755 0.853968 0.298561
0 0.492063 0.302158 0.479365 0.302158 0.476190 0.305755 0.476190 0.320144 0.482540 0.327338 0.485714 0.327338 0.488889 0.323741 0.492063 0.323741 0.492063 0.320144 0.495238 0.316547 0.495238 0.305755
0 0.126984 0.305755 0.117460 0.312950 0.117460 0.316547 0.111111 0.327338 0.111111 0.341727 0.114286 0.345324 0.120635 0.345324 0.123810 0.341727 0.126984 0.341727 0.126984 0.338129 0.133333 0.327338 0.133333 0.312950
0 0.158730 0.320144 0.149206 0.320144 0.149206 0.323741 0.146032 0.327338 0.146032 0.348921 0.142857 0.352518 0.142857 0.356115 0.146032 0.356115 0.158730 0.341727 0.158730 0.334532 0.161905 0.330935 0.161905 0.323741
0 0.600000 0.320144 0.593651 0.327338 0.593651 0.330935 0.587302 0.338129 0.587302 0.341727 0.580952 0.352518 0.580952 0.370504 0.584127 0.374101 0.590476 0.374101 0.593651 0.370504 0.593651 0.359712 0.596825 0.356115 0.596825 0.348921 0.600000 0.345324 0.600000 0.341727 0.606349 0.334532 0.606349 0.327338
0 0.904762 0.320144 0.895238 0.323741 0.888889 0.330935 0.888889 0.345324 0.895238 0.352518 0.895238 0.370504 0.888889 0.377698 0.888889 0.384892 0.898413 0.399281 0.901587 0.395683 0.907937 0.395683 0.920635 0.381295 0.920635 0.370504 0.923810 0.366906 0.920635 0.341727
0 0.641270 0.327338 0.631746 0.327338 0.628571 0.330935 0.628571 0.334532 0.625397 0.338129 0.625397 0.345324 0.619048 0.356115 0.619048 0.366906 0.625397 0.366906 0.628571 0.363309 0.631746 0.363309 0.644444 0.345324 0.644444 0.330935
0 0.800000 0.327338 0.787302 0.345324 0.784127 0.370504 0.787302 0.374101 0.790476 0.399281 0.800000 0.410072 0.809524 0.410072 0.825397 0.395683 0.825397 0.384892 0.828571 0.381295 0.828571 0.356115 0.822222 0.338129 0.812698 0.327338
0 0.533333 0.330935 0.523810 0.345324 0.523810 0.366906 0.526984 0.370504 0.526984 0.377698 0.546032 0.399281 0.552381 0.392086 0.555556 0.377698 0.558730 0.374101 0.558730 0.345324 0.549206 0.330935
0 0.438095 0.334532 0.425397 0.338129 0.415873 0.359712 0.412698 0.384892 0.422222 0.399281 0.428571 0.399281 0.441270 0.388489 0.447619 0.374101 0.447619 0.366906 0.450794 0.363309 0.450794 0.345324
0 0.711111 0.338129 0.704762 0.348921 0.704762 0.370504 0.714286 0.381295 0.726984 0.381295 0.733333 0.370504 0.733333 0.352518 0.730159 0.348921 0.730159 0.345324 0.723810 0.338129
0 0.996825 0.352518 0.990476 0.352518 0.987302 0.356115 0.987302 0.370504 0.990476 0.374101 0.993651 0.374101 0.996825 0.370504
0 0.339683 0.363309 0.330159 0.370504 0.330159 0.377698 0.326984 0.381295 0.326984 0.399281 0.339683 0.431655 0.352381 0.435252 0.365079 0.420863 0.365079 0.413669 0.368254 0.410072 0.368254 0.392086 0.371429 0.384892 0.365079 0.384892 0.358730 0.370504
0 0.873016 0.363309 0.869841 0.366906 0.866667 0.366906 0.860317 0.374101 0.860317 0.377698 0.857143 0.381295 0.857143 0.388489 0.860317 0.392086 0.860317 0.395683 0.863492 0.395683 0.866667 0.399281 0.879365 0.399281 0.885714 0.392086 0.885714 0.374101 0.879365 0.366906 0.876190 0.366906
0 0.114286 0.370504 0.101587 0.370504 0.098413 0.374101 0.095238 0.374101 0.095238 0.377698 0.092063 0.381295 0.092063 0.392086 0.098413 0.399281 0.107937 0.399281 0.117460 0.392086 0.117460 0.388489 0.120635 0.384892 0.120635 0.381295
0 0.288889 0.381295 0.279365 0.381295 0.269841 0.392086 0.263492 0.406475 0.263492 0.417266 0.260317 0.420863 0.260317 0.442446 0.263492 0.446043 0.273016 0.446043 0.279365 0.442446 0.279365 0.438849 0.288889 0.428058 0.295238 0.413669 0.295238 0.388489
0 0.466667 0.384892 0.460317 0.392086 0.460317 0.399281 0.457143 0.402878 0.457143 0.424460 0.466667 0.438849 0.476190 0.438849 0.485714 0.428058 0.485714 0.420863 0.488889 0.417266 0.488889 0.399281 0.479365 0.384892
0 0.749206 0.410072 0.746032 0.413669 0.742857 0.413669 0.736508 0.424460 0.736508 0.446043 0.746032 0.456835 0.749206 0.456835 0.752381 0.460432 0.758730 0.460432 0.771429 0.449640 0.771429 0.446043 0.774603 0.442446 0.774603 0.431655 0.771429 0.428058 0.771429 0.424460 0.758730 0.410072
0 0.857143 0.410072 0.844444 0.410072 0.834921 0.420863 0.834921 0.449640 0.838095 0.453237 0.838095 0.456835 0.841270 0.456835 0.844444 0.460432 0.850794 0.460432 0.853968 0.456835 0.857143 0.456835 0.866667 0.442446 0.866667 0.424460
0 0.120635 0.420863 0.117460 0.420863 0.114286 0.417266 0.111111 0.417266 0.101587 0.424460 0.101587 0.453237 0.114286 0.453237 0.117460 0.449640 0.117460 0.446043 0.123810 0.435252 0.123810 0.424460
0 0.406349 0.420863 0.400000 0.420863 0.396825 0.417266 0.393651 0.420863 0.390476 0.420863 0.387302 0.424460 0.384127 0.424460 0.384127 0.431655 0.380952 0.435252 0.380952 0.446043 0.390476 0.453237 0.396825 0.453237 0.406349 0.442446
0 0.533333 0.424460 0.533333 0.428058 0.526984 0.435252 0.526984 0.453237 0.530159 0.456835 0.533333 0.467626 0.536508 0.467626 0.539683 0.471223 0.552381 0.471223 0.558730 0.460432 0.558730 0.456835 0.555556 0.453237 0.555556 0.442446 0.552381 0.438849 0.552381 0.435252 0.542857 0.424460
0 0.682540 0.428058 0.673016 0.428058 0.657143 0.446043 0.657143 0.449640 0.653968 0.453237 0.653968 0.456835 0.663492 0.464029 0.666667 0.460432 0.669841 0.460432 0.679365 0.449640 0.679365 0.446043 0.682540 0.442446
0 0.282540 0.456835 0.273016 0.467626 0.273016 0.482014 0.288889 0.500000 0.304762 0.500000 0.314286 0.489209 0.314286 0.485612 0.317460 0.482014 0.314286 0.478417 0.314286 0.471223 0.311111 0.467626 0.311111 0.464029 0.307937 0.464029 0.301587 0.456835
0 0.425397 0.460432 0.415873 0.471223 0.415873 0.503597 0.419048 0.507194 0.419048 0.510791 0.441270 0.510791 0.450794 0.500000 0.450794 0.478417 0.444444 0.471223 0.444444 0.467626 0.441270 0.467626 0.431746 0.460432
0 0.342857 0.471223 0.339683 0.474820 0.339683 0.492806 0.342857 0.496403 0.342857 0.503597 0.346032 0.507194 0.346032 0.517986 0.349206 0.521583 0.355556 0.521583 0.355556 0.517986 0.358730 0.514388 0.358730 0.503597 0.355556 0.500000 0.355556 0.489209 0.352381 0.485612 0.352381 0.478417 0.346032 0.471223
0 0.847619 0.485612 0.841270 0.492806 0.841270 0.500000 0.838095 0.503597 0.838095 0.510791 0.841270 0.514388 0.841270 0.517986 0.844444 0.521583 0.863492 0.521583 0.866667 0.517986 0.869841 0.517986 0.869841 0.514388 0.873016 0.510791 0.869841 0.500000 0.860317 0.489209 0.857143 0.489209 0.853968 0.485612
0 0.749206 0.492806 0.742857 0.503597 0.742857 0.535971 0.749206 0.546763 0.765079 0.546763 0.777778 0.532374 0.777778 0.517986 0.768254 0.507194 0.765079 0.496403 0.761905 0.496403 0.758730 0.492806
0 0.539683 0.496403 0.530159 0.503597 0.530159 0.507194 0.526984 0.510791 0.526984 0.525180 0.530159 0.528777 0.533333 0.539568 0.536508 0.543165 0.546032 0.546763 0.558730 0.532374 0.561905 0.514388 0.558730 0.510791 0.558730 0.507194 0.549206 0.496403
0 0.714286 0.503597 0.707937 0.510791 0.707937 0.514388 0.704762 0.517986 0.704762 0.528777 0.711111 0.539568 0.723810 0.539568 0.733333 0.528777 0.733333 0.510791 0.726984 0.503597
0 0.682540 0.521583 0.669841 0.521583 0.660317 0.532374 0.660317 0.564748 0.669841 0.571942 0.679365 0.568345 0.688889 0.557554 0.688889 0.550360 0.692063 0.546763 0.688889 0.528777
0 0.460317 0.525180 0.453968 0.525180 0.444444 0.532374 0.444444 0.535971 0.438095 0.546763 0.438095 0.550360 0.444444 0.561151 0.450794 0.561151 0.453968 0.564748 0.469841 0.553957 0.469841 0.546763 0.473016 0.543165 0.473016 0.539568 0.469841 0.535971 0.469841 0.532374
0 0.238095 0.528777 0.231746 0.535971 0.231746 0.539568 0.228571 0.543165 0.228571 0.546763 0.234921 0.553957 0.238095 0.553957 0.241270 0.557554 0.244444 0.557554 0.250794 0.550360 0.250794 0.535971 0.247619 0.532374 0.244444 0.532374 0.241270 0.528777
0 0.406349 0.528777 0.400000 0.539568 0.400000 0.550360 0.396825 0.553957 0.396825 0.557554 0.400000 0.561151 0.400000 0.568345 0.403175 0.571942 0.403175 0.575540 0.406349 0.575540 0.409524 0.579137 0.419048 0.579137 0.428571 0.568345 0.428571 0.561151 0.425397 0.557554 0.425397 0.550360 0.422222 0.546763 0.422222 0.539568 0.419048 0.535971 0.419048 0.532374 0.415873 0.528777
0 0.958730 0.528777 0.955556 0.528777 0.955556 0.535971 0.952381 0.539568 0.952381 0.546763 0.949206 0.550360 0.949206 0.553957 0.939683 0.564748 0.939683 0.568345 0.946032 0.568345 0.955556 0.557554 0.955556 0.550360 0.958730 0.546763
0 0.600000 0.539568 0.580952 0.539568 0.580952 0.546763 0.577778 0.550360 0.577778 0.568345 0.580952 0.568345 0.584127 0.571942 0.587302 0.568345 0.590476 0.568345 0.590476 0.564748 0.593651 0.561151 0.593651 0.557554 0.603175 0.546763 0.603175 0.543165
0 0.193651 0.553957 0.190476 0.557554 0.190476 0.568345 0.187302 0.571942 0.187302 0.575540 0.190476 0.579137 0.190476 0.582734 0.193651 0.586331 0.203175 0.586331 0.209524 0.579137 0.209524 0.568345 0.206349 0.564748 0.206349 0.561151 0.203175 0.561151 0.196825 0.553957
0 0.720635 0.564748 0.717460 0.568345 0.711111 0.568345 0.707937 0.571942 0.704762 0.571942 0.704762 0.575540 0.701587 0.579137 0.701587 0.600719 0.714286 0.611511 0.723810 0.611511 0.730159 0.604317 0.730159 0.600719 0.733333 0.597122 0.733333 0.589928 0.736508 0.586331 0.736508 0.579137 0.733333 0.575540 0.733333 0.571942 0.730159 0.568345 0.723810 0.568345
0 0.914286 0.568345 0.907937 0.568345 0.904762 0.571942 0.901587 0.571942 0.895238 0.579137 0.895238 0.582734 0.888889 0.589928 0.888889 0.593525 0.885714 0.597122 0.885714 0.600719 0.888889 0.604317 0.892063 0.604317 0.898413 0.597122 0.898413 0.593525 0.907937 0.582734 0.907937 0.579137
0 0.285714 0.575540 0.282540 0.579137 0.279365 0.579137 0.273016 0.586331 0.273016 0.593525 0.269841 0.597122 0.269841 0.604317 0.273016 0.607914 0.273016 0.611511 0.279365 0.618705 0.292063 0.618705 0.295238 0.615108 0.298413 0.615108 0.301587 0.611511 0.301587 0.604317 0.304762 0.600719 0.298413 0.582734 0.295238 0.579137 0.288889 0.579137
0 0.790476 0.582734 0.790476 0.586331 0.787302 0.589928 0.787302 0.607914 0.790476 0.611511 0.793651 0.611511 0.796825 0.615108 0.803175 0.615108 0.806349 0.611511 0.806349 0.604317 0.803175 0.600719 0.803175 0.589928 0.796825 0.582734
0 0.463492 0.586331 0.460317 0.589928 0.460317 0.593525 0.453968 0.600719 0.453968 0.618705 0.460317 0.625899 0.463492 0.625899 0.466667 0.629496 0.473016 0.629496 0.482540 0.618705 0.482540 0.597122 0.476190 0.586331
0 0.136508 0.593525 0.126984 0.593525 0.117460 0.604317 0.117460 0.607914 0.114286 0.611511 0.114286 0.636691 0.117460 0.640288 0.117460 0.643885 0.126984 0.651079 0.130159 0.647482 0.133333 0.647482 0.142857 0.636691 0.142857 0.600719
0 0.171429 0.593525 0.168254 0.597122 0.168254 0.615108 0.177778 0.625899 0.180952 0.622302 0.184127 0.622302 0.187302 0.618705 0.190476 0.618705 0.190476 0.604317 0.180952 0.593525
0 0.206349 0.597122 0.203175 0.600719 0.200000 0.600719 0.193651 0.607914 0.193651 0.629496 0.196825 0.633094 0.196825 0.640288 0.200000 0.643885 0.203175 0.643885 0.206349 0.647482 0.212698 0.647482 0.219048 0.640288 0.219048 0.629496 0.222222 0.625899 0.219048 0.622302 0.219048 0.604317 0.215873 0.600719 0.209524 0.600719
0 0.749206 0.604317 0.742857 0.618705 0.742857 0.654676 0.749206 0.665468 0.761905 0.665468 0.771429 0.651079 0.774603 0.625899 0.765079 0.607914 0.758730 0.604317
0 0.523810 0.611511 0.517460 0.618705 0.517460 0.622302 0.514286 0.625899 0.514286 0.643885 0.523810 0.651079 0.530159 0.651079 0.536508 0.643885 0.536508 0.633094 0.539683 0.629496 0.536508 0.625899 0.539683 0.622302 0.533333 0.611511
0 0.634921 0.611511 0.628571 0.615108 0.625397 0.629496 0.612698 0.658273 0.612698 0.672662 0.619048 0.687050 0.625397 0.683453 0.625397 0.669065 0.622222 0.665468 0.625397 0.661871 0.625397 0.651079 0.638095 0.622302 0.638095 0.615108
0 0.241270 0.615108 0.234921 0.622302 0.234921 0.629496 0.231746 0.633094 0.231746 0.636691 0.234921 0.640288 0.234921 0.651079 0.244444 0.661871 0.250794 0.661871 0.257143 0.654676 0.257143 0.651079 0.260317 0.647482 0.260317 0.625899 0.257143 0.622302 0.257143 0.618705 0.253968 0.618705 0.250794 0.615108
0 0.415873 0.633094 0.406349 0.643885 0.403175 0.643885 0.396825 0.651079 0.396825 0.654676 0.393651 0.658273 0.390476 0.658273 0.390476 0.661871 0.384127 0.669065 0.384127 0.672662 0.390476 0.672662 0.406349 0.654676 0.406349 0.651079 0.409524 0.647482 0.409524 0.643885 0.415873 0.636691
0 0.368254 0.636691 0.365079 0.640288 0.365079 0.651079 0.368254 0.654676 0.377778 0.654676 0.380952 0.651079 0.380952 0.640288 0.377778 0.636691
0 0.539683 0.643885 0.533333 0.651079 0.533333 0.676259 0.539683 0.683453 0.542857 0.683453 0.546032 0.687050 0.552381 0.687050 0.555556 0.683453 0.558730 0.683453 0.558730 0.679856 0.565079 0.672662 0.565079 0.658273 0.561905 0.654676 0.561905 0.651079 0.555556 0.643885
0 0.828571 0.643885 0.819048 0.643885 0.815873 0.647482 0.815873 0.661871 0.819048 0.661871 0.822222 0.665468 0.828571 0.658273
0 0.180952 0.654676 0.168254 0.654676 0.161905 0.661871 0.161905 0.665468 0.155556 0.676259 0.155556 0.683453 0.152381 0.687050 0.152381 0.694245 0.158730 0.701439 0.174603 0.701439 0.187302 0.687050 0.190476 0.669065
0 0.720635 0.658273 0.704762 0.661871 0.688889 0.679856 0.682540 0.694245 0.685714 0.737410 0.698413 0.748201 0.707937 0.748201 0.714286 0.715827 0.720635 0.708633 0.720635 0.701439 0.730159 0.683453 0.730159 0.672662
0 0.758730 0.687050 0.755556 0.690647 0.755556 0.694245 0.752381 0.697842 0.752381 0.708633 0.755556 0.712230 0.755556 0.715827 0.758730 0.719424 0.765079 0.719424 0.768254 0.715827 0.768254 0.712230 0.771429 0.708633 0.771429 0.690647 0.768254 0.687050
0 0.377778 0.690647 0.371429 0.697842 0.371429 0.705036 0.377778 0.712230 0.390476 0.712230 0.393651 0.708633 0.393651 0.705036 0.396825 0.701439 0.393651 0.697842 0.393651 0.694245 0.390476 0.694245 0.387302 0.690647
0 0.457143 0.694245 0.450794 0.694245 0.447619 0.697842 0.444444 0.697842 0.441270 0.701439 0.438095 0.701439 0.431746 0.708633 0.428571 0.708633 0.428571 0.712230 0.425397 0.715827 0.425397 0.726619 0.438095 0.726619 0.447619 0.715827 0.447619 0.712230 0.453968 0.705036 0.453968 0.701439 0.457143 0.697842
0 0.774603 0.694245 0.774603 0.708633 0.771429 0.712230 0.771429 0.715827 0.774603 0.719424 0.787302 0.719424 0.790476 0.715827 0.790476 0.712230 0.793651 0.708633 0.793651 0.701439 0.790476 0.697842 0.790476 0.694245
0 0.231746 0.697842 0.215873 0.697842 0.209524 0.705036 0.206349 0.712230 0.206349 0.719424 0.200000 0.730216 0.200000 0.748201 0.203175 0.751799 0.219048 0.751799 0.228571 0.741007 0.234921 0.726619 0.234921 0.701439
0 0.574603 0.701439 0.568254 0.705036 0.565079 0.712230 0.565079 0.726619 0.561905 0.730216 0.568254 0.741007 0.568254 0.755396 0.574603 0.758993 0.587302 0.758993 0.593651 0.755396 0.600000 0.741007 0.600000 0.733813 0.596825 0.730216 0.596825 0.723022 0.593651 0.715827 0.584127 0.705036
0 0.660317 0.705036 0.657143 0.708633 0.653968 0.708633 0.653968 0.733813 0.657143 0.737410 0.660317 0.748201 0.669841 0.758993 0.676190 0.758993 0.682540 0.748201 0.682540 0.723022 0.679365 0.719424 0.679365 0.712230 0.676190 0.712230 0.666667 0.705036
0 0.723810 0.708633 0.717460 0.715827 0.717460 0.723022 0.714286 0.726619 0.714286 0.733813 0.711111 0.737410 0.711111 0.744604 0.717460 0.755396 0.726984 0.758993 0.730159 0.755396 0.733333 0.755396 0.739683 0.748201 0.739683 0.741007 0.742857 0.737410 0.742857 0.726619 0.739683 0.723022 0.739683 0.719424 0.733333 0.712230 0.726984 0.712230
0 0.501587 0.712230 0.495238 0.712230 0.492063 0.715827 0.488889 0.715827 0.488889 0.719424 0.482540 0.726619 0.482540 0.730216 0.479365 0.733813 0.479365 0.741007 0.476190 0.744604 0.476190 0.758993 0.488889 0.769784 0.498413 0.766187 0.507937 0.755396 0.507937 0.748201 0.511111 0.744604 0.511111 0.737410 0.507937 0.733813 0.507937 0.719424
0 0.552381 0.726619 0.549206 0.730216 0.549206 0.755396 0.555556 0.762590 0.561905 0.762590 0.565079 0.758993 0.565079 0.741007 0.561905 0.737410 0.561905 0.733813 0.558730 0.730216 0.558730 0.726619
0 0.266667 0.737410 0.263492 0.733813 0.253968 0.741007 0.247619 0.741007 0.231746 0.755396 0.231746 0.762590 0.241270 0.766187 0.250794 0.758993 0.257143 0.758993 0.263492 0.751799 0.263492 0.748201 0.266667 0.744604
0 0.431746 0.744604 0.425397 0.744604 0.422222 0.741007 0.415873 0.741007 0.412698 0.744604 0.412698 0.748201 0.409524 0.751799 0.412698 0.755396 0.412698 0.758993 0.415873 0.762590 0.419048 0.762590 0.422222 0.758993 0.425397 0.758993 0.431746 0.751799
0 0.107937 0.744604 0.101587 0.755396 0.101587 0.766187 0.104762 0.769784 0.104762 0.773381 0.107937 0.776978 0.117460 0.776978 0.120635 0.773381 0.126984 0.773381 0.126984 0.766187 0.123810 0.762590 0.123810 0.758993 0.111111 0.744604
0 0.371429 0.744604 0.365079 0.744604 0.358730 0.751799 0.358730 0.769784 0.365079 0.776978 0.368254 0.776978 0.377778 0.766187 0.377778 0.762590 0.380952 0.758993 0.380952 0.755396 0.377778 0.751799 0.377778 0.748201 0.374603 0.748201
0 0.307937 0.755396 0.304762 0.758993 0.304762 0.769784 0.311111 0.776978 0.320635 0.776978 0.320635 0.773381 0.323810 0.769784 0.323810 0.762590 0.320635 0.758993 0.320635 0.755396
0 0.866667 0.766187 0.860317 0.766187 0.857143 0.769784 0.847619 0.791367 0.847619 0.798561 0.841270 0.812950 0.834921 0.820144 0.831746 0.830935 0.838095 0.827338 0.838095 0.823741 0.850794 0.809353 0.850794 0.805755 0.863492 0.787770 0.866667 0.780576
0 0.965079 0.773381 0.961905 0.773381 0.952381 0.784173 0.946032 0.798561 0.926984 0.820144 0.923810 0.830935 0.917460 0.838129 0.917460 0.845324 0.923810 0.841727 0.955556 0.802158 0.965079 0.784173
0 0.196825 0.780576 0.193651 0.780576 0.190476 0.776978 0.180952 0.776978 0.177778 0.780576 0.174603 0.780576 0.168254 0.787770 0.168254 0.791367 0.165079 0.794964 0.165079 0.805755 0.168254 0.809353 0.168254 0.812950 0.174603 0.820144 0.184127 0.820144 0.196825 0.805755 0.196825 0.802158 0.200000 0.798561 0.200000 0.784173
0 0.444444 0.776978 0.434921 0.776978 0.431746 0.780576 0.428571 0.780576 0.422222 0.787770 0.422222 0.794964 0.419048 0.798561 0.419048 0.805755 0.425397 0.816547 0.434921 0.816547 0.438095 0.812950 0.441270 0.812950 0.444444 0.809353 0.444444 0.805755 0.450794 0.798561 0.447619 0.794964 0.447619 0.780576
0 0.707937 0.780576 0.704762 0.784173 0.704762 0.787770 0.698413 0.794964 0.701587 0.798561 0.701587 0.805755 0.704762 0.809353 0.704762 0.812950 0.707937 0.812950 0.714286 0.820144 0.730159 0.820144 0.736508 0.812950 0.736508 0.794964 0.733333 0.791367 0.733333 0.787770 0.723810 0.776978 0.714286 0.776978 0.711111 0.780576
0 0.126984 0.787770 0.120635 0.787770 0.117460 0.791367 0.114286 0.791367 0.107937 0.798561 0.107937 0.802158 0.104762 0.805755 0.104762 0.823741 0.114286 0.830935 0.123810 0.830935 0.136508 0.816547 0.136508 0.798561 0.133333 0.794964 0.133333 0.791367 0.130159 0.791367
0 0.301587 0.787770 0.295238 0.794964 0.295238 0.805755 0.298413 0.809353 0.298413 0.812950 0.304762 0.820144 0.317460 0.820144 0.317460 0.816547 0.320635 0.812950 0.320635 0.798561 0.317460 0.794964 0.317460 0.791367 0.314286 0.791367 0.311111 0.787770
0 0.552381 0.787770 0.542857 0.794964 0.542857 0.798561 0.536508 0.809353 0.539683 0.820144 0.546032 0.827338 0.558730 0.827338 0.565079 0.820144 0.565079 0.798561 0.558730 0.791367 0.555556 0.791367
0 0.692063 0.791367 0.682540 0.791367 0.679365 0.794964 0.676190 0.794964 0.666667 0.809353 0.666667 0.834532 0.669841 0.838129 0.669841 0.841727 0.673016 0.841727 0.676190 0.845324 0.685714 0.845324 0.698413 0.830935 0.698413 0.820144 0.701587 0.816547 0.701587 0.809353 0.698413 0.805755 0.698413 0.798561
0 0.453968 0.805755 0.453968 0.809353 0.450794 0.812950 0.453968 0.816547 0.453968 0.823741 0.457143 0.827338 0.457143 0.830935 0.460317 0.830935 0.466667 0.838129 0.473016 0.838129 0.476190 0.834532 0.476190 0.823741 0.473016 0.820144 0.473016 0.816547 0.469841 0.812950 0.469841 0.809353 0.466667 0.805755
0 0.450794 0.816547 0.447619 0.816547 0.444444 0.812950 0.428571 0.823741 0.428571 0.827338 0.422222 0.838129 0.422222 0.845324 0.428571 0.856115 0.434921 0.856115 0.438095 0.852518 0.444444 0.852518 0.447619 0.848921 0.447619 0.845324 0.453968 0.834532 0.453968 0.827338 0.450794 0.823741
0 0.368254 0.816547 0.365079 0.816547 0.358730 0.823741 0.355556 0.823741 0.352381 0.827338 0.349206 0.827338 0.349206 0.830935 0.346032 0.834532 0.349206 0.838129 0.352381 0.838129 0.355556 0.834532 0.358730 0.838129 0.365079 0.830935 0.365079 0.827338 0.368254 0.823741
0 0.403175 0.827338 0.400000 0.827338 0.396825 0.823741 0.393651 0.823741 0.387302 0.830935 0.387302 0.834532 0.384127 0.838129 0.384127 0.848921 0.387302 0.852518 0.400000 0.852518 0.403175 0.848921 0.403175 0.845324 0.406349 0.841727 0.406349 0.830935
0 0.200000 0.834532 0.200000 0.838129 0.196825 0.841727 0.200000 0.845324 0.200000 0.848921 0.206349 0.856115 0.219048 0.856115 0.225397 0.848921 0.225397 0.838129 0.219048 0.830935 0.206349 0.830935 0.203175 0.834532
0 0.111111 0.834532 0.111111 0.838129 0.104762 0.845324 0.104762 0.852518 0.101587 0.856115 0.104762 0.859712 0.104762 0.863309 0.107937 0.863309 0.111111 0.866906 0.123810 0.866906 0.126984 0.863309 0.130159 0.863309 0.136508 0.856115 0.136508 0.841727 0.130159 0.834532
0 0.987302 0.834532 0.980952 0.834532 0.977778 0.838129 0.977778 0.841727 0.971429 0.852518 0.971429 0.859712 0.961905 0.874101 0.958730 0.892086 0.961905 0.892086 0.971429 0.877698 0.971429 0.874101 0.987302 0.841727
0 0.720635 0.845324 0.717460 0.845324 0.714286 0.841727 0.704762 0.841727 0.701587 0.845324 0.698413 0.845324 0.698413 0.848921 0.692063 0.859712 0.692063 0.874101 0.698413 0.884892 0.711111 0.884892 0.720635 0.874101
