0 0.296178 0.003597 0.299363 0.007194 0.299363 0.010791 0.308917 0.021583 0.315287 0.021583 0.328025 0.007194 0.324841 0.003597 0.312102 0.003597 0.308917 0.000000 0.299363 0.000000
0 0.092357 0.003597 0.089172 0.007194 0.089172 0.010791 0.092357 0.014388 0.092357 0.021583 0.095541 0.025180 0.095541 0.028777 0.101911 0.035971 0.101911 0.039568 0.105096 0.043165 0.114650 0.046763 0.117834 0.043165 0.117834 0.025180 0.114650 0.021583 0.114650 0.014388 0.105096 0.003597
0 0.028662 0.028777 0.022293 0.032374 0.019108 0.039568 0.019108 0.050360 0.022293 0.053957 0.022293 0.061151 0.028662 0.071942 0.031847 0.086331 0.041401 0.093525 0.047771 0.093525 0.054140 0.086331 0.054140 0.075540 0.041401 0.057554 0.041401 0.032374
0 0.171975 0.061151 0.168790 0.064748 0.168790 0.093525 0.175159 0.086331 0.175159 0.082734 0.178344 0.079137 0.178344 0.071942 0.175159 0.068345 0.175159 0.064748
0 0.719745 0.082734 0.716561 0.086331 0.716561 0.089928 0.713376 0.093525 0.716561 0.097122 0.716561 0.104317 0.719745 0.107914 0.726115 0.107914 0.729299 0.104317 0.729299 0.086331 0.726115 0.082734
0 0.054140 0.122302 0.047771 0.115108 0.035032 0.115108 0.015924 0.136691 0.015924 0.140288 0.012739 0.143885 0.015924 0.154676 0.022293 0.154676 0.025478 0.158273 0.028662 0.154676 0.035032 0.154676 0.050955 0.136691 0.050955 0.129496 0.054140 0.125899
0 0.066879 0.143885 0.063694 0.147482 0.070064 0.158273 0.070064 0.165468 0.063694 0.176259 0.063694 0.190647 0.073248 0.205036 0.085987 0.205036 0.095541 0.190647 0.095541 0.183453 0.092357 0.179856 0.092357 0.151079 0.079618 0.143885
0 0.662420 0.158273 0.659236 0.161871 0.659236 0.179856 0.662420 0.183453 0.668790 0.183453 0.671975 0.179856 0.671975 0.172662 0.668790 0.169065 0.668790 0.161871 0.665605 0.158273
0 0.152866 0.176259 0.127389 0.172662 0.117834 0.183453 0.108280 0.205036 0.108280 0.255396 0.105096 0.266187 0.117834 0.273381 0.136943 0.273381 0.152866 0.258993 0.159236 0.244604 0.159236 0.205036 0.162420 0.201439 0.159236 0.183453
0 0.385350 0.187050 0.382166 0.187050 0.375796 0.194245 0.375796 0.201439 0.372611 0.205036 0.372611 0.212230 0.378981 0.219424 0.385350 0.219424 0.391720 0.212230 0.391720 0.197842 0.388535 0.194245 0.388535 0.190647
0 0.535032 0.269784 0.531847 0.269784 0.519108 0.284173 0.519108 0.294964 0.528662 0.305755 0.531847 0.305755 0.535032 0.302158 0.535032 0.294964 0.538217 0.291367 0.538217 0.287770 0.541401 0.284173 0.541401 0.276978
0 0.092357 0.287770 0.085987 0.280576 0.082803 0.280576 0.079618 0.276978 0.070064 0.276978 0.066879 0.280576 0.063694 0.280576 0.057325 0.287770 0.057325 0.312950 0.060510 0.316547 0.073248 0.316547 0.076433 0.312950 0.079618 0.312950 0.092357 0.298561
0 0.882166 0.284173 0.878981 0.287770 0.878981 0.298561 0.882166 0.302158 0.882166 0.316547 0.885350 0.320144 0.891720 0.312950 0.891720 0.309353 0.888535 0.305755 0.888535 0.287770 0.885350 0.284173
0 0.802548 0.309353 0.802548 0.320144 0.812102 0.338129 0.812102 0.348921 0.815287 0.352518 0.815287 0.370504 0.818471 0.377698 0.828025 0.374101 0.831210 0.366906 0.831210 0.345324 0.828025 0.341727 0.828025 0.330935 0.808917 0.309353
0 0.127389 0.327338 0.117834 0.320144 0.101911 0.327338 0.089172 0.341727 0.082803 0.356115 0.082803 0.374101 0.089172 0.377698 0.098726 0.377698 0.105096 0.374101 0.108280 0.366906 0.114650 0.363309 0.127389 0.348921 0.127389 0.341727 0.130573 0.338129 0.127389 0.334532
0 0.423567 0.323741 0.426752 0.330935 0.420382 0.341727 0.423567 0.399281 0.433121 0.420863 0.449045 0.438849 0.458599 0.442446 0.464968 0.435252 0.464968 0.428058 0.452229 0.399281 0.449045 0.377698
0 0.273885 0.388489 0.270701 0.388489 0.270701 0.392086 0.267516 0.395683 0.267516 0.410072 0.264331 0.413669 0.264331 0.417266 0.261146 0.420863 0.261146 0.428058 0.257962 0.431655 0.257962 0.446043 0.264331 0.446043 0.267516 0.442446 0.267516 0.438849 0.270701 0.435252 0.270701 0.428058 0.273885 0.424460 0.273885 0.413669 0.277070 0.410072 0.277070 0.392086
0 0.678344 0.406475 0.678344 0.410072 0.675159 0.413669 0.675159 0.435252 0.684713 0.446043 0.687898 0.442446 0.687898 0.435252 0.691083 0.431655 0.691083 0.413669 0.687898 0.410072 0.687898 0.406475
0 0.808917 0.435252 0.802548 0.442446 0.802548 0.453237 0.824841 0.514388 0.840764 0.532374 0.847134 0.532374 0.840764 0.521583 0.840764 0.489209 0.834395 0.482014 0.831210 0.446043 0.815287 0.435252
0 0.127389 0.464029 0.124204 0.464029 0.121019 0.467626 0.111465 0.467626 0.108280 0.464029 0.095541 0.464029 0.095541 0.482014 0.098726 0.485612 0.095541 0.489209 0.095541 0.503597 0.098726 0.503597 0.127389 0.474820
0 0.159236 0.489209 0.156051 0.485612 0.143312 0.485612 0.136943 0.489209 0.114650 0.510791 0.105096 0.532374 0.114650 0.539568 0.140127 0.539568 0.159236 0.514388
0 0.092357 0.593525 0.092357 0.607914 0.105096 0.622302 0.111465 0.625899 0.124204 0.625899 0.127389 0.629496 0.133758 0.629496 0.140127 0.625899 0.149682 0.611511 0.136943 0.593525 0.124204 0.586331 0.098726 0.586331
0 0.226115 0.607914 0.219745 0.611511 0.219745 0.625899 0.216561 0.629496 0.216561 0.640288 0.213376 0.647482 0.200637 0.661871 0.203822 0.669065 0.219745 0.669065 0.232484 0.654676 0.232484 0.647482 0.235669 0.643885 0.235669 0.622302
0 0.334395 0.611511 0.328025 0.611511 0.324841 0.615108 0.324841 0.618705 0.321656 0.622302 0.321656 0.625899 0.324841 0.629496 0.328025 0.629496 0.331210 0.625899 0.331210 0.622302 0.334395 0.618705
0 0.560510 0.615108 0.557325 0.618705 0.557325 0.633094 0.560510 0.640288 0.595541 0.679856 0.608280 0.687050 0.611465 0.683453 0.611465 0.676259 0.605096 0.665468 0.601911 0.647482 0.592357 0.629496 0.573248 0.615108
0 0.512739 0.633094 0.503185 0.633094 0.496815 0.640288 0.493631 0.640288 0.493631 0.643885 0.490446 0.647482 0.493631 0.651079 0.493631 0.654676 0.496815 0.654676 0.500000 0.658273 0.506369 0.658273 0.512739 0.651079 0.512739 0.647482 0.515924 0.643885 0.515924 0.636691
0 0.461783 0.658273 0.455414 0.665468 0.455414 0.672662 0.458599 0.676259 0.458599 0.679856 0.461783 0.679856 0.468153 0.672662 0.468153 0.669065 0.464968 0.665468 0.464968 0.661871
0 0.732484 0.661871 0.729299 0.658273 0.726115 0.658273 0.722930 0.661871 0.719745 0.661871 0.716561 0.665468 0.713376 0.665468 0.710191 0.669065 0.710191 0.676259 0.713376 0.679856 0.716561 0.679856 0.719745 0.676259 0.722930 0.676259 0.732484 0.665468
0 0.305732 0.708633 0.302548 0.708633 0.289809 0.723022 0.289809 0.730216 0.296178 0.730216 0.302548 0.723022 0.302548 0.715827 0.305732 0.712230
0 0.210191 0.741007 0.210191 0.758993 0.213376 0.762590 0.226115 0.762590 0.229299 0.758993 0.229299 0.744604 0.226115 0.741007
0 0.729299 0.744604 0.722930 0.751799 0.722930 0.766187 0.729299 0.773381 0.738854 0.773381 0.745223 0.766187 0.745223 0.762590 0.748408 0.758993 0.748408 0.751799 0.745223 0.748201 0.745223 0.744604
0 0.184713 0.769784 0.181529 0.773381 0.181529 0.776978 0.178344 0.780576 0.178344 0.784173 0.184713 0.791367 0.194268 0.791367 0.197452 0.787770 0.197452 0.776978 0.191083 0.769784
0 0.066879 0.784173 0.060510 0.784173 0.057325 0.787770 0.054140 0.787770 0.047771 0.798561 0.047771 0.805755 0.050955 0.809353 0.050955 0.812950 0.057325 0.820144 0.060510 0.820144 0.063694 0.823741 0.070064 0.816547 0.073248 0.816547 0.076433 0.812950 0.073248 0.809353 0.076433 0.805755 0.076433 0.798561 0.073248 0.794964 0.073248 0.791367
0 0.085987 0.816547 0.082803 0.816547 0.079618 0.812950 0.073248 0.820144 0.070064 0.820144 0.054140 0.838129 0.054140 0.848921 0.060510 0.856115 0.073248 0.856115 0.076433 0.852518 0.079618 0.852518 0.089172 0.841727 0.089172 0.820144
0 0.226115 0.845324 0.216561 0.856115 0.216561 0.859712 0.213376 0.863309 0.213376 0.866906 0.216561 0.870504 0.219745 0.870504 0.222930 0.866906 0.226115 0.866906 0.229299 0.863309 0.229299 0.859712 0.232484 0.856115 0.232484 0.852518
