0 0.088889 0.136201 0.088889 0.139785 0.092063 0.143369 0.095238 0.143369 0.098413 0.146953 0.101587 0.146953 0.104762 0.150538 0.107937 0.150538 0.123810 0.161290 0.126984 0.161290 0.133333 0.154122 0.133333 0.150538 0.126984 0.143369 0.123810 0.143369 0.114286 0.136201 0.107937 0.136201 0.104762 0.132616 0.092063 0.132616
0 0.168254 0.139785 0.168254 0.154122 0.177778 0.164875 0.187302 0.164875 0.190476 0.168459 0.200000 0.168459 0.206349 0.161290 0.206349 0.150538 0.203175 0.146953 0.203175 0.143369 0.196825 0.136201 0.190476 0.136201 0.187302 0.132616 0.180952 0.132616 0.177778 0.136201 0.171429 0.136201
0 0.974603 0.150538 0.968254 0.161290 0.971429 0.172043 0.980952 0.182796 0.993651 0.182796 0.996825 0.179211 0.996825 0.146953 0.980952 0.146953 0.977778 0.150538
0 0.063492 0.182796 0.069841 0.197133 0.082540 0.200717 0.104762 0.222222 0.130159 0.211470 0.136508 0.204301 0.139683 0.193548 0.136508 0.182796 0.130159 0.175627 0.117460 0.175627 0.114286 0.172043 0.088889 0.172043 0.079365 0.168459 0.066667 0.175627
0 0.222222 0.172043 0.222222 0.186380 0.231746 0.193548 0.250794 0.193548 0.253968 0.197133 0.257143 0.193548 0.260317 0.193548 0.269841 0.182796 0.269841 0.175627 0.266667 0.175627 0.263492 0.172043 0.253968 0.172043 0.250794 0.168459 0.228571 0.168459 0.225397 0.172043
0 0.298413 0.179211 0.301587 0.182796 0.304762 0.182796 0.307937 0.179211 0.311111 0.182796 0.323810 0.182796 0.323810 0.179211 0.320635 0.175627 0.304762 0.175627 0.301587 0.179211
0 0.895238 0.186380 0.895238 0.200717 0.898413 0.207885 0.914286 0.222222 0.920635 0.222222 0.923810 0.225806 0.926984 0.222222 0.933333 0.222222 0.946032 0.215054 0.946032 0.207885 0.926984 0.200717 0.917460 0.189964 0.914286 0.179211 0.904762 0.175627
0 0.234921 0.204301 0.234921 0.215054 0.241270 0.215054 0.244444 0.218638 0.250794 0.218638 0.253968 0.222222 0.260317 0.222222 0.263492 0.225806 0.273016 0.225806 0.285714 0.215054 0.285714 0.204301 0.282540 0.200717 0.253968 0.200717 0.250794 0.204301
0 0.209524 0.215054 0.209524 0.222222 0.222222 0.229391 0.234921 0.229391 0.238095 0.232975 0.253968 0.232975 0.257143 0.236559 0.266667 0.236559 0.273016 0.232975 0.269841 0.229391 0.263492 0.229391 0.260317 0.225806 0.253968 0.225806 0.241270 0.218638 0.225397 0.218638 0.222222 0.215054
0 0.320635 0.225806 0.323810 0.243728 0.333333 0.254480 0.355556 0.254480 0.368254 0.243728 0.368254 0.236559 0.361905 0.225806 0.349206 0.225806 0.346032 0.222222 0.336508 0.222222 0.333333 0.218638 0.326984 0.218638
0 0.282540 0.272401 0.288889 0.279570 0.295238 0.279570 0.298413 0.283154 0.314286 0.283154 0.317460 0.279570 0.320635 0.279570 0.326984 0.272401 0.326984 0.268817 0.330159 0.265233 0.330159 0.258065 0.326984 0.258065 0.323810 0.254480 0.298413 0.254480 0.295238 0.258065 0.285714 0.261649 0.282540 0.265233
0 0.136508 0.283154 0.152381 0.283154 0.155556 0.279570 0.171429 0.279570 0.180952 0.272401 0.180952 0.265233 0.177778 0.261649 0.155556 0.261649 0.152381 0.265233 0.146032 0.265233 0.136508 0.272401
0 0.666667 0.268817 0.666667 0.272401 0.673016 0.279570 0.685714 0.279570 0.688889 0.275986 0.688889 0.268817 0.673016 0.268817 0.669841 0.265233
0 0.739683 0.268817 0.739683 0.286738 0.742857 0.286738 0.746032 0.290323 0.755556 0.290323 0.758730 0.286738 0.761905 0.286738 0.761905 0.279570 0.758730 0.275986 0.755556 0.275986 0.752381 0.272401 0.752381 0.268817 0.749206 0.265233 0.742857 0.265233
0 0.228571 0.275986 0.225397 0.286738 0.228571 0.290323 0.231746 0.301075 0.234921 0.301075 0.238095 0.304659 0.250794 0.304659 0.253968 0.301075 0.257143 0.301075 0.257143 0.297491 0.260317 0.293907 0.260317 0.283154 0.253968 0.275986 0.241270 0.275986 0.238095 0.272401 0.234921 0.275986
0 0.438095 0.293907 0.438095 0.311828 0.453968 0.326165 0.482540 0.326165 0.485714 0.322581 0.485714 0.315412 0.473016 0.297491 0.469841 0.297491 0.466667 0.293907 0.460317 0.293907 0.457143 0.290323 0.441270 0.290323
0 0.098413 0.308244 0.111111 0.308244 0.114286 0.304659 0.130159 0.304659 0.130159 0.301075 0.111111 0.301075 0.107937 0.304659 0.098413 0.304659
0 0.425397 0.311828 0.422222 0.315412 0.422222 0.322581 0.425397 0.326165 0.428571 0.326165 0.431746 0.322581 0.431746 0.315412 0.428571 0.311828
0 0.276190 0.326165 0.276190 0.329749 0.282540 0.336918 0.292063 0.336918 0.295238 0.340502 0.304762 0.340502 0.307937 0.344086 0.326984 0.340502 0.342857 0.329749 0.342857 0.322581 0.339683 0.318996 0.298413 0.318996 0.295238 0.322581
0 0.082540 0.340502 0.082540 0.351254 0.088889 0.354839 0.104762 0.354839 0.107937 0.358423 0.133333 0.358423 0.136508 0.354839 0.136508 0.344086 0.133333 0.336918 0.130159 0.336918 0.123810 0.329749 0.114286 0.329749 0.111111 0.326165 0.098413 0.333333 0.092063 0.333333
0 0.514286 0.336918 0.514286 0.354839 0.520635 0.362007 0.533333 0.362007 0.536508 0.365591 0.549206 0.365591 0.558730 0.358423 0.552381 0.340502 0.549206 0.340502 0.539683 0.329749 0.536508 0.329749 0.533333 0.326165 0.523810 0.326165
0 0.625397 0.344086 0.615873 0.344086 0.612698 0.347670 0.612698 0.351254 0.606349 0.362007 0.606349 0.376344 0.612698 0.383513 0.615873 0.383513 0.619048 0.387097 0.622222 0.383513 0.625397 0.383513 0.631746 0.376344 0.631746 0.362007 0.628571 0.358423 0.628571 0.351254 0.625397 0.347670
0 0.228571 0.354839 0.222222 0.347670 0.203175 0.347670 0.200000 0.351254 0.193651 0.351254 0.193651 0.358423 0.190476 0.362007 0.190476 0.379928 0.206349 0.379928 0.209524 0.376344 0.219048 0.372760 0.228571 0.362007
0 0.904762 0.351254 0.901587 0.354839 0.901587 0.369176 0.904762 0.372760 0.907937 0.372760 0.911111 0.376344 0.914286 0.376344 0.917460 0.372760 0.920635 0.372760 0.923810 0.369176 0.923810 0.358423 0.920635 0.354839 0.914286 0.354839 0.911111 0.351254
0 0.469841 0.365591 0.476190 0.372760 0.485714 0.372760 0.488889 0.369176 0.485714 0.365591 0.482540 0.365591 0.479365 0.362007 0.473016 0.362007
0 0.412698 0.372760 0.412698 0.383513 0.415873 0.387097 0.419048 0.387097 0.422222 0.390681 0.425397 0.390681 0.434921 0.397849 0.444444 0.397849 0.447619 0.394265 0.447619 0.383513 0.434921 0.369176 0.431746 0.369176 0.428571 0.365591 0.419048 0.365591
0 0.088889 0.379928 0.088889 0.390681 0.101587 0.397849 0.126984 0.397849 0.130159 0.394265 0.146032 0.394265 0.149206 0.390681 0.149206 0.383513 0.139683 0.376344 0.111111 0.376344 0.104762 0.372760 0.101587 0.376344 0.095238 0.376344
0 0.371429 0.376344 0.374603 0.379928 0.387302 0.379928 0.390476 0.376344 0.390476 0.372760 0.374603 0.372760
0 0.311111 0.394265 0.304762 0.387097 0.285714 0.387097 0.282540 0.390681 0.273016 0.390681 0.260317 0.401434 0.260317 0.412186 0.263492 0.415771 0.279365 0.415771 0.288889 0.405018 0.292063 0.405018 0.295238 0.401434 0.307937 0.401434 0.311111 0.397849
0 0.330159 0.387097 0.330159 0.390681 0.333333 0.394265 0.365079 0.394265 0.361905 0.390681 0.349206 0.390681 0.346032 0.387097
0 0.536508 0.394265 0.539683 0.405018 0.546032 0.412186 0.549206 0.412186 0.552381 0.415771 0.558730 0.415771 0.561905 0.419355 0.568254 0.419355 0.574603 0.412186 0.571429 0.401434 0.568254 0.397849 0.565079 0.397849 0.555556 0.390681 0.539683 0.390681
0 0.438095 0.401434 0.434921 0.401434 0.431746 0.397849 0.422222 0.405018 0.406349 0.405018 0.403175 0.401434 0.393651 0.401434 0.387302 0.408602 0.387302 0.412186 0.390476 0.415771 0.422222 0.415771 0.425397 0.412186 0.434921 0.408602 0.438095 0.405018
0 0.301587 0.419355 0.301587 0.422939 0.307937 0.430108 0.317460 0.430108 0.326984 0.437276 0.336508 0.437276 0.339683 0.433692 0.342857 0.433692 0.342857 0.430108 0.336508 0.419355 0.333333 0.419355 0.326984 0.412186 0.320635 0.412186 0.317460 0.408602 0.314286 0.412186 0.307937 0.412186
0 0.155556 0.422939 0.155556 0.433692 0.171429 0.451613 0.190476 0.451613 0.193651 0.448029 0.193651 0.433692 0.190476 0.430108 0.190476 0.426523 0.187302 0.426523 0.177778 0.419355 0.158730 0.419355
0 0.206349 0.426523 0.206349 0.440860 0.209524 0.440860 0.212698 0.444444 0.241270 0.444444 0.250794 0.437276 0.250794 0.426523 0.244444 0.419355 0.222222 0.419355 0.219048 0.422939 0.209524 0.422939
0 0.441270 0.422939 0.431746 0.433692 0.431746 0.440860 0.434921 0.444444 0.434921 0.448029 0.453968 0.469534 0.463492 0.469534 0.463492 0.455197 0.460317 0.451613 0.460317 0.440860 0.457143 0.437276 0.457143 0.433692 0.447619 0.422939
0 0.082540 0.430108 0.085714 0.437276 0.107937 0.437276 0.114286 0.440860 0.126984 0.455197 0.139683 0.455197 0.142857 0.451613 0.139683 0.440860 0.133333 0.433692 0.120635 0.426523 0.085714 0.426523
0 0.526984 0.430108 0.526984 0.437276 0.530159 0.444444 0.533333 0.444444 0.552381 0.462366 0.565079 0.469534 0.571429 0.469534 0.580952 0.458781 0.580952 0.448029 0.577778 0.440860 0.574603 0.440860 0.568254 0.433692 0.561905 0.433692 0.558730 0.430108 0.549206 0.430108 0.546032 0.426523 0.530159 0.426523
0 0.692063 0.440860 0.707937 0.440860 0.711111 0.437276 0.714286 0.437276 0.714286 0.430108 0.698413 0.430108 0.692063 0.437276
0 0.365079 0.444444 0.365079 0.451613 0.368254 0.455197 0.371429 0.455197 0.374603 0.458781 0.380952 0.458781 0.384127 0.462366 0.393651 0.462366 0.396825 0.458781 0.406349 0.458781 0.406349 0.455197 0.403175 0.451613 0.400000 0.451613 0.390476 0.440860 0.371429 0.440860 0.368254 0.444444
0 0.739683 0.455197 0.736508 0.455197 0.733333 0.451613 0.723810 0.451613 0.720635 0.455197 0.707937 0.455197 0.698413 0.462366 0.698413 0.476703 0.707937 0.487455 0.717460 0.487455 0.720635 0.483871 0.726984 0.483871 0.730159 0.480287 0.733333 0.480287 0.739683 0.473118
0 0.263492 0.480287 0.263492 0.483871 0.266667 0.487455 0.273016 0.487455 0.276190 0.491039 0.301587 0.491039 0.301587 0.487455 0.292063 0.487455 0.288889 0.483871 0.276190 0.483871 0.273016 0.480287
0 0.860317 0.498208 0.853968 0.505376 0.853968 0.526882 0.860317 0.541219 0.866667 0.548387 0.879365 0.555556 0.888889 0.551971 0.888889 0.516129 0.885714 0.508961 0.873016 0.498208
0 0.295238 0.516129 0.304762 0.530466 0.323810 0.530466 0.326984 0.526882 0.352381 0.526882 0.358730 0.519713 0.355556 0.512545 0.349206 0.508961 0.336508 0.508961 0.333333 0.505376 0.304762 0.505376 0.298413 0.508961
0 0.203175 0.526882 0.203175 0.537634 0.219048 0.551971 0.225397 0.551971 0.228571 0.555556 0.244444 0.555556 0.257143 0.541219 0.269841 0.541219 0.269841 0.537634 0.263492 0.530466 0.234921 0.512545 0.215873 0.512545 0.209524 0.519713 0.206349 0.519713
0 0.736508 0.519713 0.733333 0.523297 0.733333 0.534050 0.736508 0.537634 0.736508 0.541219 0.739683 0.544803 0.752381 0.544803 0.752381 0.541219 0.755556 0.537634 0.755556 0.526882 0.752381 0.523297 0.752381 0.519713
0 0.644444 0.530466 0.644444 0.537634 0.660317 0.548387 0.669841 0.548387 0.679365 0.541219 0.685714 0.541219 0.688889 0.537634 0.695238 0.537634 0.695238 0.534050 0.692063 0.530466 0.673016 0.530466 0.669841 0.526882 0.647619 0.526882
0 0.130159 0.537634 0.130159 0.541219 0.123810 0.548387 0.123810 0.573477 0.126984 0.573477 0.139683 0.584229 0.155556 0.584229 0.161905 0.577061 0.161905 0.569892 0.168254 0.559140 0.168254 0.548387 0.149206 0.537634
0 0.349206 0.544803 0.349206 0.555556 0.352381 0.559140 0.352381 0.562724 0.355556 0.562724 0.358730 0.566308 0.361905 0.562724 0.368254 0.562724 0.371429 0.559140 0.371429 0.555556 0.374603 0.551971 0.371429 0.548387 0.371429 0.544803 0.368254 0.541219 0.355556 0.541219 0.352381 0.544803
0 0.634921 0.548387 0.625397 0.544803 0.625397 0.555556 0.619048 0.562724 0.600000 0.562724 0.590476 0.569892 0.590476 0.584229 0.596825 0.591398 0.606349 0.594982 0.615873 0.584229 0.625397 0.584229 0.638095 0.577061 0.641270 0.569892 0.641270 0.559140 0.634921 0.551971
0 0.326984 0.566308 0.323810 0.566308 0.307937 0.584229 0.307937 0.587814 0.301587 0.594982 0.301587 0.602151 0.298413 0.605735 0.298413 0.609319 0.301587 0.612903 0.304762 0.612903 0.307937 0.609319 0.314286 0.609319 0.323810 0.598566 0.323810 0.594982 0.326984 0.591398 0.326984 0.580645 0.330159 0.577061 0.330159 0.569892
0 0.898413 0.566308 0.895238 0.569892 0.895238 0.573477 0.901587 0.580645 0.907937 0.580645 0.911111 0.577061 0.911111 0.573477 0.904762 0.566308
0 0.295238 0.569892 0.285714 0.569892 0.282540 0.573477 0.279365 0.573477 0.269841 0.584229 0.269841 0.591398 0.266667 0.594982 0.269841 0.605735 0.279365 0.609319 0.285714 0.602151 0.285714 0.594982 0.298413 0.573477
0 0.692063 0.569892 0.679365 0.569892 0.676190 0.573477 0.669841 0.573477 0.666667 0.577061 0.663492 0.577061 0.657143 0.587814 0.657143 0.594982 0.660317 0.598566 0.660317 0.602151 0.669841 0.609319 0.685714 0.609319 0.695238 0.598566 0.695238 0.594982 0.698413 0.591398 0.698413 0.577061
0 0.761905 0.577061 0.761905 0.584229 0.765079 0.587814 0.768254 0.598566 0.777778 0.605735 0.784127 0.605735 0.803175 0.584229 0.803175 0.580645 0.800000 0.577061 0.790476 0.580645 0.787302 0.577061 0.784127 0.577061 0.780952 0.573477 0.774603 0.573477 0.771429 0.569892 0.768254 0.569892
0 0.355556 0.587814 0.352381 0.598566 0.361905 0.612903 0.368254 0.612903 0.371429 0.616487 0.390476 0.616487 0.400000 0.605735 0.400000 0.594982 0.390476 0.584229 0.387302 0.584229 0.377778 0.577061 0.371429 0.577061
0 0.180952 0.630824 0.180952 0.637993 0.184127 0.641577 0.190476 0.641577 0.203175 0.648746 0.215873 0.648746 0.219048 0.652330 0.228571 0.652330 0.238095 0.645161 0.238095 0.637993 0.234921 0.634409 0.231746 0.634409 0.225397 0.627240 0.212698 0.620072 0.190476 0.620072 0.184127 0.623656
0 0.088889 0.630824 0.111111 0.655914 0.117460 0.655914 0.117460 0.641577 0.107937 0.630824 0.104762 0.630824 0.101587 0.627240 0.092063 0.627240
0 0.901587 0.634409 0.892063 0.627240 0.885714 0.627240 0.882540 0.630824 0.876190 0.630824 0.857143 0.645161 0.853968 0.652330 0.853968 0.666667 0.857143 0.670251 0.866667 0.670251 0.869841 0.673835 0.876190 0.670251 0.882540 0.670251 0.901587 0.645161
0 0.466667 0.648746 0.466667 0.652330 0.476190 0.659498 0.498413 0.659498 0.501587 0.655914 0.501587 0.652330 0.504762 0.648746 0.507937 0.637993 0.504762 0.634409 0.485714 0.634409 0.476190 0.645161
0 0.726984 0.645161 0.720635 0.637993 0.714286 0.637993 0.711111 0.634409 0.707937 0.634409 0.704762 0.637993 0.698413 0.637993 0.695238 0.641577 0.685714 0.645161 0.679365 0.652330 0.679365 0.655914 0.682540 0.659498 0.682540 0.663082 0.685714 0.663082 0.695238 0.670251 0.704762 0.670251 0.717460 0.659498 0.720635 0.659498 0.723810 0.655914
0 0.574603 0.637993 0.571429 0.641577 0.571429 0.648746 0.593651 0.673835 0.593651 0.677419 0.615873 0.706093 0.622222 0.698925 0.622222 0.691756 0.609524 0.663082 0.593651 0.641577 0.587302 0.637993
0 0.939683 0.652330 0.933333 0.659498 0.933333 0.666667 0.936508 0.670251 0.936508 0.673835 0.946032 0.673835 0.949206 0.670251 0.949206 0.659498 0.946032 0.655914 0.942857 0.655914
0 0.247619 0.666667 0.247619 0.670251 0.253968 0.677419 0.257143 0.677419 0.260317 0.681004 0.273016 0.681004 0.279365 0.673835 0.279365 0.666667 0.276190 0.663082 0.273016 0.663082 0.269841 0.659498 0.257143 0.659498 0.253968 0.663082 0.250794 0.663082
0 0.549206 0.659498 0.542857 0.673835 0.542857 0.688172 0.561905 0.706093 0.561905 0.713262 0.565079 0.716846 0.571429 0.716846 0.577778 0.713262 0.584127 0.706093 0.584127 0.691756 0.577778 0.688172 0.577778 0.684588 0.565079 0.666667 0.561905 0.666667 0.555556 0.659498
0 0.212698 0.673835 0.206349 0.681004 0.206349 0.684588 0.212698 0.691756 0.212698 0.695341 0.222222 0.706093 0.231746 0.706093 0.234921 0.702509 0.234921 0.695341 0.231746 0.691756 0.231746 0.684588 0.228571 0.684588 0.219048 0.673835
0 0.311111 0.698925 0.317460 0.706093 0.333333 0.706093 0.346032 0.695341 0.349206 0.695341 0.352381 0.691756 0.358730 0.691756 0.361905 0.688172 0.361905 0.684588 0.358730 0.681004 0.355556 0.681004 0.352381 0.677419 0.346032 0.677419 0.342857 0.673835 0.326984 0.673835 0.323810 0.677419 0.317460 0.677419 0.314286 0.681004 0.314286 0.684588 0.311111 0.688172
0 0.993651 0.681004 0.990476 0.684588 0.974603 0.684588 0.971429 0.688172 0.952381 0.691756 0.942857 0.706093 0.942857 0.716846 0.946032 0.724014 0.952381 0.731183 0.958730 0.731183 0.974603 0.709677 0.990476 0.709677 0.996825 0.698925 0.996825 0.688172
0 0.158730 0.702509 0.158730 0.709677 0.161905 0.709677 0.165079 0.713262 0.177778 0.713262 0.180952 0.709677 0.187302 0.709677 0.190476 0.706093 0.190476 0.698925 0.187302 0.698925 0.184127 0.695341 0.171429 0.695341 0.168254 0.698925 0.161905 0.698925
0 0.101587 0.698925 0.098413 0.702509 0.098413 0.706093 0.114286 0.724014 0.117460 0.724014 0.120635 0.720430 0.120635 0.709677 0.111111 0.698925
0 0.466667 0.706093 0.463492 0.709677 0.463492 0.724014 0.466667 0.727599 0.466667 0.731183 0.469841 0.734767 0.469841 0.738351 0.473016 0.741935 0.473016 0.745520 0.476190 0.749104 0.482540 0.749104 0.479365 0.745520 0.479365 0.738351 0.473016 0.727599 0.473016 0.720430 0.469841 0.716846 0.469841 0.709677
0 0.526984 0.706093 0.523810 0.709677 0.523810 0.720430 0.520635 0.724014 0.520635 0.727599 0.523810 0.731183 0.523810 0.734767 0.530159 0.741935 0.539683 0.745520 0.542857 0.741935 0.546032 0.741935 0.549206 0.731183 0.546032 0.727599 0.542857 0.716846 0.533333 0.706093
0 0.815873 0.709677 0.809524 0.709677 0.806349 0.706093 0.800000 0.706093 0.796825 0.709677 0.787302 0.709677 0.780952 0.716846 0.780952 0.727599 0.790476 0.734767 0.806349 0.734767 0.812698 0.727599 0.812698 0.724014 0.815873 0.720430
0 0.866667 0.734767 0.860317 0.741935 0.860317 0.752688 0.863492 0.756272 0.873016 0.756272 0.876190 0.752688 0.876190 0.741935 0.869841 0.734767
0 0.647619 0.745520 0.644444 0.749104 0.644444 0.752688 0.641270 0.756272 0.644444 0.759857 0.644444 0.763441 0.647619 0.767025 0.647619 0.770609 0.650794 0.774194 0.660317 0.774194 0.660317 0.752688 0.657143 0.749104 0.653968 0.749104 0.650794 0.745520
0 0.095238 0.759857 0.095238 0.767025 0.092063 0.770609 0.092063 0.774194 0.101587 0.784946 0.117460 0.784946 0.120635 0.781362 0.120635 0.777778 0.123810 0.774194 0.123810 0.763441 0.120635 0.759857 0.120635 0.756272 0.117460 0.756272 0.114286 0.752688 0.107937 0.752688 0.104762 0.756272
0 0.955556 0.763441 0.949206 0.763441 0.949206 0.767025 0.946032 0.770609 0.949206 0.774194 0.949206 0.777778 0.952381 0.781362 0.958730 0.774194 0.958730 0.767025
0 0.352381 0.767025 0.349206 0.770609 0.349206 0.784946 0.352381 0.788530 0.352381 0.792115 0.355556 0.792115 0.361905 0.799283 0.374603 0.799283 0.374603 0.795699 0.377778 0.792115 0.377778 0.788530 0.374603 0.784946 0.374603 0.781362 0.371429 0.777778 0.371429 0.774194 0.365079 0.767025
0 0.796825 0.767025 0.790476 0.777778 0.793651 0.781362 0.793651 0.784946 0.809524 0.802867 0.812698 0.802867 0.819048 0.792115 0.819048 0.774194 0.812698 0.767025
0 0.196825 0.781362 0.187302 0.788530 0.187302 0.792115 0.184127 0.795699 0.184127 0.806452 0.187302 0.810036 0.187302 0.813620 0.190476 0.813620 0.193651 0.817204 0.206349 0.817204 0.212698 0.810036 0.212698 0.792115 0.203175 0.781362
0 0.742857 0.799283 0.749206 0.806452 0.768254 0.806452 0.771429 0.802867 0.774603 0.802867 0.774603 0.792115 0.768254 0.784946 0.749206 0.784946 0.746032 0.788530 0.746032 0.795699
0 0.450794 0.795699 0.444444 0.802867 0.444444 0.806452 0.447619 0.810036 0.447619 0.817204 0.453968 0.824373 0.463492 0.824373 0.466667 0.820789 0.466667 0.817204 0.473016 0.810036 0.473016 0.806452 0.463492 0.795699
0 0.565079 0.802867 0.565079 0.813620 0.574603 0.824373 0.580952 0.824373 0.584127 0.820789 0.587302 0.820789 0.590476 0.817204 0.590476 0.806452 0.584127 0.799283 0.571429 0.799283 0.568254 0.802867
0 0.384127 0.813620 0.384127 0.820789 0.387302 0.824373 0.396825 0.824373 0.400000 0.827957 0.419048 0.827957 0.422222 0.824373 0.422222 0.810036 0.415873 0.802867 0.396825 0.802867 0.393651 0.806452 0.390476 0.806452
0 0.936508 0.813620 0.933333 0.810036 0.920635 0.810036 0.917460 0.813620 0.911111 0.813620 0.901587 0.824373 0.901587 0.835125 0.904762 0.838710 0.911111 0.838710 0.917460 0.831541 0.920635 0.831541 0.930159 0.820789 0.933333 0.820789 0.933333 0.817204
0 0.746032 0.827957 0.742857 0.831541 0.739683 0.831541 0.733333 0.838710 0.730159 0.849462 0.733333 0.853047 0.733333 0.856631 0.742857 0.867384 0.752381 0.867384 0.758730 0.860215 0.758730 0.849462 0.761905 0.845878 0.758730 0.842294 0.758730 0.835125 0.755556 0.831541
0 0.939683 0.838710 0.930159 0.835125 0.926984 0.838710 0.923810 0.838710 0.914286 0.849462 0.914286 0.853047 0.911111 0.856631 0.911111 0.870968 0.914286 0.874552 0.923810 0.874552 0.926984 0.870968 0.936508 0.867384 0.942857 0.860215 0.946032 0.849462
0 0.168254 0.838710 0.165079 0.842294 0.161905 0.842294 0.161905 0.845878 0.158730 0.849462 0.158730 0.860215 0.165079 0.870968 0.168254 0.870968 0.171429 0.874552 0.177778 0.874552 0.180952 0.870968 0.184127 0.870968 0.190476 0.863799 0.190476 0.845878 0.184127 0.838710
0 0.568254 0.838710 0.555556 0.838710 0.546032 0.845878 0.546032 0.870968 0.552381 0.878136 0.558730 0.878136 0.561905 0.881720 0.565079 0.878136 0.571429 0.878136 0.577778 0.870968 0.577778 0.849462
0 0.450794 0.853047 0.450794 0.863799 0.453968 0.863799 0.457143 0.867384 0.463492 0.867384 0.466667 0.870968 0.469841 0.870968 0.473016 0.867384 0.476190 0.867384 0.482540 0.860215 0.482540 0.853047 0.476190 0.845878 0.457143 0.845878
0 0.790476 0.878136 0.790476 0.881720 0.787302 0.885305 0.787302 0.896057 0.790476 0.899642 0.790476 0.903226 0.796825 0.910394 0.800000 0.910394 0.803175 0.913978 0.815873 0.913978 0.819048 0.910394 0.819048 0.896057 0.815873 0.892473 0.812698 0.881720 0.809524 0.881720 0.806349 0.878136
0 0.126984 0.892473 0.126984 0.910394 0.136508 0.917563 0.152381 0.917563 0.161905 0.910394 0.161905 0.899642 0.158730 0.896057 0.158730 0.892473 0.155556 0.892473 0.146032 0.885305 0.136508 0.885305
0 0.339683 0.892473 0.333333 0.888889 0.320635 0.888889 0.307937 0.899642 0.304762 0.906810 0.304762 0.928315 0.307937 0.935484 0.314286 0.939068 0.323810 0.939068 0.326984 0.935484 0.333333 0.935484 0.342857 0.924731 0.346032 0.917563 0.346032 0.899642
0 0.549206 0.917563 0.549206 0.921147 0.546032 0.924731 0.546032 0.928315 0.549206 0.931900 0.555556 0.931900 0.558730 0.928315 0.558730 0.924731 0.555556 0.921147 0.552381 0.921147
0 0.469841 0.949821 0.469841 0.956989 0.476190 0.964158 0.482540 0.964158 0.485714 0.967742 0.492063 0.967742 0.501587 0.956989 0.501587 0.949821 0.492063 0.942652 0.485714 0.942652 0.482540 0.946237 0.476190 0.946237 0.473016 0.949821
0 0.993651 0.949821 0.990476 0.949821 0.987302 0.953405 0.987302 0.956989 0.984127 0.960573 0.984127 0.964158 0.977778 0.974910 0.977778 0.978495 0.980952 0.982079 0.980952 0.985663 0.984127 0.985663 0.987302 0.989247 0.993651 0.989247 0.996825 0.985663 0.996825 0.953405
0 0.479365 0.996416 0.514286 0.996416 0.517460 0.992832 0.514286 0.992832 0.511111 0.989247 0.488889 0.989247 0.485714 0.992832 0.479365 0.992832
