0 0.165605 0.003597 0.159236 0.000000 0.140127 0.000000 0.133758 0.003597 0.133758 0.010791 0.124204 0.021583 0.124204 0.032374 0.121019 0.035971 0.124204 0.046763 0.127389 0.050360 0.140127 0.043165 0.146497 0.035971 0.162420 0.028777 0.165605 0.025180
0 0.780255 0.014388 0.780255 0.021583 0.796178 0.043165 0.828025 0.061151 0.847134 0.061151 0.859873 0.043165 0.859873 0.025180 0.853503 0.007194 0.847134 0.000000 0.796178 0.000000
0 0.111465 0.007194 0.101911 0.017986 0.101911 0.025180 0.105096 0.028777 0.105096 0.032374 0.114650 0.032374 0.117834 0.028777 0.121019 0.032374 0.121019 0.025180 0.117834 0.021583 0.117834 0.007194
0 0.640127 0.039568 0.624204 0.014388 0.608280 0.014388 0.589172 0.025180 0.570064 0.050360 0.550955 0.053957 0.535032 0.064748 0.531847 0.071942 0.541401 0.082734 0.554140 0.075540 0.601911 0.068345
0 0.528662 0.039568 0.515924 0.035971 0.512739 0.032374 0.503185 0.032374 0.500000 0.035971 0.484076 0.035971 0.480892 0.039568 0.471338 0.039568 0.464968 0.043165 0.458599 0.053957 0.461783 0.061151 0.490446 0.061151 0.493631 0.057554 0.506369 0.057554 0.509554 0.053957 0.525478 0.053957 0.528662 0.050360
0 0.675159 0.039568 0.678344 0.061151 0.684713 0.068345 0.729299 0.071942 0.748408 0.061151 0.751592 0.053957 0.745223 0.043165 0.713376 0.043165 0.687898 0.032374
0 0.433121 0.071942 0.426752 0.064748 0.423567 0.064748 0.420382 0.068345 0.414013 0.068345 0.410828 0.071942 0.404459 0.071942 0.398089 0.079137 0.398089 0.082734 0.414013 0.082734 0.417197 0.079137 0.426752 0.079137
0 0.681529 0.079137 0.668790 0.068345 0.652866 0.068345 0.646497 0.071942 0.636943 0.093525 0.630573 0.100719 0.630573 0.107914 0.627389 0.111511 0.630573 0.118705 0.636943 0.122302 0.662420 0.122302 0.668790 0.118705 0.684713 0.097122 0.684713 0.086331
0 0.242038 0.075540 0.238854 0.071942 0.229299 0.071942 0.226115 0.075540 0.213376 0.075540 0.210191 0.079137 0.210191 0.082734 0.216561 0.089928 0.235669 0.089928 0.242038 0.082734
0 0.598726 0.093525 0.579618 0.075540 0.570064 0.075540 0.566879 0.079137 0.554140 0.079137 0.550955 0.082734 0.544586 0.082734 0.541401 0.086331 0.541401 0.104317 0.544586 0.107914 0.550955 0.107914 0.554140 0.111511 0.563694 0.111511 0.566879 0.115108 0.582803 0.115108 0.598726 0.100719
0 0.789809 0.111511 0.786624 0.104317 0.773885 0.093525 0.745223 0.097122 0.726115 0.111511 0.722930 0.118705 0.722930 0.136691 0.732484 0.143885 0.761146 0.143885 0.786624 0.129496
0 0.050955 0.118705 0.057325 0.129496 0.057325 0.136691 0.070064 0.136691 0.085987 0.122302 0.095541 0.118705 0.095541 0.111511 0.092357 0.107914 0.060510 0.107914 0.057325 0.111511 0.054140 0.111511 0.054140 0.115108
0 0.140127 0.118705 0.140127 0.133094 0.146497 0.140288 0.152866 0.140288 0.156051 0.143885 0.159236 0.140288 0.162420 0.140288 0.168790 0.129496 0.168790 0.122302 0.165605 0.122302 0.162420 0.118705 0.156051 0.118705 0.152866 0.115108 0.146497 0.115108 0.143312 0.118705
0 0.840764 0.125899 0.831210 0.133094 0.824841 0.147482 0.812102 0.161871 0.812102 0.176259 0.824841 0.190647 0.837580 0.197842 0.856688 0.197842 0.859873 0.172662 0.856688 0.169065 0.856688 0.154676 0.853503 0.151079 0.853503 0.129496
0 0.656051 0.147482 0.656051 0.161871 0.678344 0.183453 0.707006 0.187050 0.726115 0.176259 0.738854 0.176259 0.742038 0.172662 0.742038 0.161871 0.722930 0.151079 0.671975 0.147482 0.668790 0.143885
0 0.894904 0.143885 0.885350 0.147482 0.872611 0.165468 0.863057 0.172662 0.859873 0.183453 0.859873 0.197842 0.878981 0.215827 0.894904 0.215827 0.910828 0.208633 0.917197 0.201439 0.914013 0.183453 0.901274 0.172662 0.904459 0.151079
0 0.003185 0.165468 0.009554 0.172662 0.031847 0.176259 0.044586 0.187050 0.050955 0.183453 0.057325 0.183453 0.063694 0.176259 0.063694 0.169065 0.057325 0.161871 0.044586 0.161871 0.035032 0.154676 0.031847 0.158273 0.009554 0.158273
0 0.347134 0.172662 0.340764 0.165468 0.337580 0.165468 0.334395 0.161871 0.331210 0.161871 0.328025 0.165468 0.324841 0.165468 0.321656 0.169065 0.321656 0.172662 0.318471 0.176259 0.318471 0.183453 0.321656 0.187050 0.337580 0.187050 0.340764 0.183453 0.343949 0.183453 0.347134 0.179856
0 0.133758 0.183453 0.127389 0.176259 0.121019 0.176259 0.117834 0.172662 0.114650 0.172662 0.111465 0.176259 0.082803 0.176259 0.079618 0.179856 0.079618 0.190647 0.089172 0.201439 0.092357 0.201439 0.095541 0.205036 0.117834 0.205036 0.121019 0.201439 0.124204 0.201439 0.133758 0.190647
0 0.445860 0.208633 0.455414 0.215827 0.464968 0.215827 0.468153 0.212230 0.471338 0.212230 0.477707 0.205036 0.477707 0.201439 0.480892 0.197842 0.480892 0.194245 0.477707 0.190647 0.452229 0.190647 0.445860 0.197842
0 0.031847 0.205036 0.031847 0.212230 0.041401 0.223022 0.050955 0.223022 0.054140 0.219424 0.057325 0.219424 0.063694 0.212230 0.063694 0.205036 0.060510 0.205036 0.057325 0.201439 0.047771 0.201439 0.044586 0.197842 0.038217 0.197842
0 0.347134 0.197842 0.347134 0.201439 0.340764 0.208633 0.340764 0.212230 0.337580 0.215827 0.337580 0.223022 0.340764 0.226619 0.340764 0.230216 0.347134 0.237410 0.363057 0.237410 0.363057 0.233813 0.369427 0.226619 0.369427 0.208633 0.363057 0.201439 0.363057 0.197842
0 0.140127 0.215827 0.140127 0.233813 0.162420 0.251799 0.171975 0.251799 0.175159 0.255396 0.194268 0.255396 0.200637 0.248201 0.187898 0.233813 0.184713 0.233813 0.178344 0.226619 0.165605 0.223022 0.149682 0.208633 0.146497 0.208633
0 0.633758 0.226619 0.633758 0.230216 0.649682 0.230216 0.652866 0.233813 0.668790 0.233813 0.671975 0.237410 0.675159 0.233813 0.697452 0.233813 0.700637 0.230216 0.691083 0.223022 0.681529 0.223022 0.678344 0.219424 0.643312 0.219424
0 0.792994 0.233813 0.773885 0.223022 0.761146 0.233813 0.745223 0.237410 0.729299 0.248201 0.722930 0.255396 0.722930 0.262590 0.726115 0.266187 0.742038 0.266187 0.745223 0.262590 0.767516 0.266187 0.770701 0.262590 0.777070 0.262590 0.792994 0.248201
0 0.302548 0.226619 0.299363 0.237410 0.312102 0.241007 0.324841 0.255396 0.324841 0.262590 0.315287 0.269784 0.312102 0.276978 0.315287 0.298561 0.328025 0.291367 0.347134 0.291367 0.353503 0.284173 0.343949 0.248201 0.318471 0.230216
0 0.487261 0.237410 0.487261 0.244604 0.490446 0.248201 0.493631 0.244604 0.512739 0.244604 0.535032 0.266187 0.550955 0.266187 0.557325 0.262590 0.557325 0.248201 0.538217 0.230216 0.509554 0.226619 0.500000 0.233813
0 0.433121 0.251799 0.439490 0.258993 0.449045 0.262590 0.458599 0.273381 0.471338 0.280576 0.490446 0.280576 0.490446 0.269784 0.484076 0.266187 0.474522 0.251799 0.461783 0.244604 0.439490 0.244604
0 0.585987 0.269784 0.589172 0.276978 0.595541 0.280576 0.608280 0.280576 0.611465 0.284173 0.630573 0.284173 0.633758 0.287770 0.652866 0.287770 0.656051 0.284173 0.656051 0.266187 0.652866 0.262590 0.636943 0.255396 0.627389 0.255396 0.624204 0.251799 0.605096 0.251799
0 0.108280 0.280576 0.089172 0.273381 0.085987 0.276978 0.076433 0.276978 0.073248 0.280576 0.070064 0.291367 0.076433 0.298561 0.098726 0.298561 0.108280 0.291367
0 0.735669 0.291367 0.738854 0.298561 0.789809 0.302158 0.792994 0.298561 0.815287 0.291367 0.818471 0.284173 0.748408 0.280576
0 0.140127 0.302158 0.143312 0.309353 0.146497 0.309353 0.152866 0.316547 0.168790 0.320144 0.187898 0.330935 0.200637 0.327338 0.203822 0.320144 0.200637 0.312950 0.159236 0.291367 0.146497 0.291367
0 0.054140 0.309353 0.050955 0.305755 0.047771 0.305755 0.044586 0.302158 0.038217 0.302158 0.035032 0.305755 0.031847 0.305755 0.025478 0.312950 0.025478 0.323741 0.028662 0.323741 0.031847 0.327338 0.041401 0.327338 0.044586 0.323741 0.047771 0.323741 0.050955 0.320144 0.050955 0.316547 0.054140 0.312950
0 0.840764 0.312950 0.843949 0.327338 0.856688 0.334532 0.863057 0.334532 0.866242 0.330935 0.901274 0.330935 0.904459 0.327338 0.910828 0.327338 0.917197 0.320144 0.910828 0.312950 0.888535 0.305755 0.885350 0.302158 0.875796 0.302158 0.872611 0.305755 0.853503 0.305755
0 0.299363 0.323741 0.299363 0.334532 0.308917 0.348921 0.308917 0.352518 0.312102 0.352518 0.315287 0.356115 0.315287 0.359712 0.318471 0.359712 0.328025 0.370504 0.328025 0.374101 0.340764 0.374101 0.331210 0.348921 0.308917 0.323741
0 0.719745 0.338129 0.710191 0.327338 0.700637 0.327338 0.668790 0.356115 0.627389 0.359712 0.611465 0.377698 0.608280 0.388489 0.614650 0.395683 0.640127 0.395683 0.659236 0.410072 0.697452 0.406475 0.710191 0.399281 0.722930 0.377698
0 0.003185 0.330935 0.003185 0.334532 0.000000 0.338129 0.003185 0.341727 0.003185 0.359712 0.019108 0.359712 0.022293 0.356115 0.025478 0.356115 0.025478 0.352518 0.022293 0.348921 0.022293 0.345324 0.012739 0.334532 0.009554 0.334532 0.006369 0.330935
0 0.869427 0.341727 0.863057 0.338129 0.856688 0.338129 0.853503 0.334532 0.847134 0.338129 0.824841 0.338129 0.821656 0.341727 0.815287 0.341727 0.815287 0.356115 0.828025 0.370504 0.840764 0.370504 0.843949 0.366906 0.853503 0.366906 0.856688 0.363309 0.863057 0.363309 0.869427 0.356115
0 0.770701 0.341727 0.770701 0.348921 0.773885 0.352518 0.773885 0.356115 0.780255 0.356115 0.783439 0.352518 0.786624 0.352518 0.789809 0.348921 0.799363 0.348921 0.799363 0.341727 0.796178 0.338129 0.777070 0.338129 0.773885 0.341727
0 0.127389 0.352518 0.121019 0.356115 0.117834 0.370504 0.108280 0.377698 0.105096 0.399281 0.114650 0.413669 0.133758 0.420863 0.143312 0.417266 0.162420 0.392086 0.168790 0.402878 0.171975 0.392086 0.168790 0.381295 0.156051 0.366906
0 0.356688 0.370504 0.363057 0.384892 0.388535 0.399281 0.414013 0.402878 0.417197 0.406475 0.433121 0.406475 0.439490 0.399281 0.439490 0.377698 0.417197 0.366906 0.404459 0.366906 0.382166 0.356115 0.366242 0.356115
0 0.191083 0.370504 0.187898 0.381295 0.194268 0.395683 0.210191 0.413669 0.226115 0.420863 0.235669 0.420863 0.251592 0.413669 0.251592 0.402878 0.245223 0.395683 0.235669 0.370504 0.210191 0.359712 0.203822 0.359712
0 0.270701 0.381295 0.270701 0.392086 0.280255 0.406475 0.305732 0.410072 0.315287 0.417266 0.334395 0.410072 0.337580 0.402878 0.350318 0.395683 0.350318 0.384892 0.343949 0.377698 0.312102 0.377698 0.299363 0.370504 0.283439 0.370504
0 0.458599 0.377698 0.455414 0.399281 0.458599 0.428058 0.490446 0.456835 0.506369 0.456835 0.522293 0.435252 0.554140 0.417266 0.554140 0.402878 0.547771 0.395683 0.515924 0.395683 0.474522 0.370504
0 0.280255 0.424460 0.277070 0.431655 0.280255 0.446043 0.292994 0.460432 0.318471 0.471223 0.350318 0.500000 0.363057 0.500000 0.366242 0.482014 0.353503 0.456835 0.343949 0.453237 0.321656 0.428058 0.296178 0.420863
0 0.764331 0.431655 0.757962 0.442446 0.757962 0.456835 0.761146 0.460432 0.761146 0.467626 0.773885 0.482014 0.789809 0.482014 0.792994 0.485612 0.799363 0.485612 0.802548 0.482014 0.802548 0.464029 0.796178 0.456835 0.796178 0.453237 0.783439 0.438849 0.780255 0.431655 0.773885 0.431655 0.770701 0.428058
0 0.000000 0.431655 0.000000 0.460432 0.003185 0.464029 0.006369 0.464029 0.012739 0.456835 0.012739 0.438849 0.006369 0.431655
0 0.630573 0.435252 0.614650 0.431655 0.611465 0.435252 0.601911 0.435252 0.592357 0.446043 0.592357 0.467626 0.601911 0.482014 0.614650 0.482014 0.630573 0.460432 0.633758 0.453237 0.633758 0.442446
0 0.181529 0.438849 0.181529 0.442446 0.187898 0.449640 0.200637 0.456835 0.207006 0.456835 0.210191 0.460432 0.222930 0.460432 0.226115 0.456835 0.232484 0.456835 0.245223 0.449640 0.242038 0.442446 0.238854 0.446043 0.229299 0.446043 0.226115 0.442446 0.210191 0.442446 0.197452 0.435252 0.184713 0.435252
0 0.035032 0.474820 0.041401 0.496403 0.054140 0.503597 0.082803 0.503597 0.105096 0.492806 0.111465 0.485612 0.111465 0.482014 0.101911 0.474820 0.085987 0.474820 0.079618 0.467626 0.082803 0.464029 0.082803 0.453237 0.079618 0.449640 0.057325 0.449640
0 0.455414 0.471223 0.452229 0.474820 0.452229 0.489209 0.455414 0.492806 0.455414 0.503597 0.461783 0.510791 0.461783 0.514388 0.480892 0.525180 0.493631 0.525180 0.496815 0.521583 0.496815 0.510791 0.490446 0.507194 0.474522 0.489209 0.471338 0.478417 0.464968 0.471223
0 0.283439 0.478417 0.283439 0.485612 0.286624 0.489209 0.289809 0.485612 0.292994 0.489209 0.302548 0.489209 0.305732 0.492806 0.308917 0.492806 0.308917 0.489209 0.305732 0.489209 0.302548 0.485612 0.302548 0.482014 0.299363 0.478417 0.292994 0.478417 0.289809 0.474820 0.286624 0.474820
0 0.678344 0.489209 0.678344 0.496403 0.687898 0.507194 0.697452 0.510791 0.710191 0.507194 0.716561 0.521583 0.729299 0.532374 0.754777 0.528777 0.761146 0.517986 0.780255 0.510791 0.780255 0.500000 0.735669 0.478417 0.726115 0.482014 0.697452 0.478417 0.684713 0.482014
0 0.264331 0.507194 0.261146 0.514388 0.264331 0.539568 0.321656 0.568345 0.343949 0.568345 0.347134 0.553957 0.312102 0.514388 0.286624 0.500000 0.273885 0.500000
0 0.178344 0.521583 0.178344 0.532374 0.187898 0.539568 0.200637 0.539568 0.203822 0.535971 0.210191 0.535971 0.216561 0.528777 0.213376 0.525180 0.210191 0.514388 0.207006 0.514388 0.203822 0.510791 0.187898 0.510791
0 0.426752 0.514388 0.420382 0.521583 0.420382 0.535971 0.433121 0.535971 0.436306 0.539568 0.439490 0.539568 0.442675 0.535971 0.442675 0.525180 0.439490 0.521583 0.436306 0.521583 0.429936 0.514388
0 0.538217 0.539568 0.538217 0.546763 0.544586 0.553957 0.573248 0.568345 0.579618 0.575540 0.585987 0.571942 0.582803 0.568345 0.582803 0.557554 0.576433 0.550360 0.576433 0.543165 0.582803 0.535971 0.582803 0.521583 0.573248 0.521583 0.570064 0.525180 0.557325 0.525180 0.554140 0.528777 0.547771 0.528777
0 0.232484 0.550360 0.232484 0.564748 0.242038 0.575540 0.267516 0.586331 0.312102 0.571942 0.312102 0.564748 0.305732 0.564748 0.302548 0.561151 0.261146 0.557554 0.235669 0.546763
0 0.414013 0.564748 0.423567 0.575540 0.436306 0.575540 0.439490 0.571942 0.445860 0.571942 0.455414 0.561151 0.455414 0.557554 0.445860 0.550360 0.429936 0.550360 0.426752 0.553957 0.417197 0.553957
0 0.117834 0.557554 0.114650 0.561151 0.117834 0.564748 0.117834 0.568345 0.121019 0.571942 0.121019 0.579137 0.124204 0.582734 0.136943 0.582734 0.140127 0.579137 0.136943 0.575540 0.136943 0.571942 0.124204 0.557554
0 0.050955 0.571942 0.050955 0.579137 0.054140 0.582734 0.054140 0.593525 0.057325 0.600719 0.060510 0.600719 0.066879 0.607914 0.079618 0.611511 0.092357 0.625899 0.098726 0.625899 0.101911 0.622302 0.105096 0.604317 0.095541 0.593525 0.092357 0.593525 0.070064 0.564748 0.060510 0.564748
0 0.165605 0.568345 0.165605 0.575540 0.168790 0.579137 0.168790 0.582734 0.175159 0.589928 0.187898 0.589928 0.191083 0.586331 0.191083 0.575540 0.187898 0.571942 0.184713 0.571942 0.181529 0.568345
0 0.512739 0.575540 0.503185 0.586331 0.503185 0.589928 0.509554 0.600719 0.509554 0.607914 0.512739 0.611511 0.512739 0.615108 0.515924 0.618705 0.525478 0.618705 0.528662 0.615108 0.538217 0.615108 0.541401 0.611511 0.541401 0.597122 0.538217 0.593525 0.538217 0.589928 0.525478 0.575540
0 0.229299 0.597122 0.229299 0.607914 0.232484 0.611511 0.232484 0.615108 0.242038 0.625899 0.245223 0.625899 0.248408 0.629496 0.261146 0.629496 0.267516 0.622302 0.267516 0.615108 0.264331 0.611511 0.264331 0.607914 0.261146 0.604317 0.257962 0.604317 0.251592 0.597122 0.248408 0.597122 0.245223 0.593525 0.235669 0.593525 0.232484 0.597122
0 0.796178 0.593525 0.792994 0.597122 0.792994 0.629496 0.796178 0.633094 0.796178 0.636691 0.799363 0.636691 0.802548 0.640288 0.808917 0.633094 0.808917 0.625899 0.812102 0.622302 0.812102 0.600719 0.805732 0.593525
0 0.184713 0.607914 0.178344 0.615108 0.178344 0.629496 0.191083 0.643885 0.194268 0.643885 0.197452 0.647482 0.210191 0.647482 0.216561 0.640288 0.213376 0.629496 0.210191 0.629496 0.191083 0.607914
0 0.366242 0.611511 0.366242 0.640288 0.382166 0.651079 0.391720 0.651079 0.394904 0.654676 0.401274 0.654676 0.401274 0.647482 0.394904 0.640288 0.391720 0.640288 0.375796 0.622302 0.375796 0.618705 0.369427 0.611511
0 0.057325 0.618705 0.054140 0.622302 0.054140 0.633094 0.070064 0.640288 0.082803 0.654676 0.082803 0.658273 0.089172 0.661871 0.089172 0.669065 0.095541 0.669065 0.101911 0.658273 0.101911 0.643885 0.095541 0.636691 0.095541 0.633094 0.085987 0.622302 0.076433 0.622302 0.073248 0.618705
0 0.321656 0.633094 0.328025 0.640288 0.337580 0.643885 0.347134 0.654676 0.366242 0.654676 0.369427 0.651079 0.369427 0.647482 0.363057 0.640288 0.356688 0.640288 0.347134 0.629496 0.343949 0.629496 0.340764 0.625899 0.324841 0.625899 0.324841 0.629496
0 0.028662 0.658273 0.028662 0.669065 0.035032 0.676259 0.044586 0.679856 0.050955 0.687050 0.057325 0.687050 0.060510 0.690647 0.070064 0.683453 0.066879 0.672662 0.063694 0.669065 0.060510 0.669065 0.047771 0.654676 0.038217 0.651079
0 0.439490 0.654676 0.439490 0.665468 0.449045 0.672662 0.461783 0.676259 0.500000 0.705036 0.512739 0.705036 0.512739 0.683453 0.506369 0.676259 0.493631 0.672662 0.471338 0.654676 0.461783 0.654676 0.458599 0.651079 0.442675 0.651079
0 0.302548 0.661871 0.305732 0.665468 0.305732 0.669065 0.315287 0.676259 0.340764 0.676259 0.343949 0.672662 0.343949 0.669065 0.337580 0.661871 0.328025 0.661871 0.324841 0.658273 0.315287 0.658273 0.312102 0.654676 0.308917 0.654676
0 0.178344 0.661871 0.175159 0.665468 0.168790 0.665468 0.165605 0.669065 0.156051 0.672662 0.156051 0.676259 0.152866 0.679856 0.152866 0.683453 0.168790 0.701439 0.171975 0.701439 0.175159 0.705036 0.178344 0.705036 0.187898 0.694245 0.191083 0.694245 0.191083 0.669065 0.187898 0.669065
0 0.194268 0.661871 0.191083 0.665468 0.194268 0.669065 0.194268 0.690647 0.197452 0.694245 0.203822 0.694245 0.213376 0.683453 0.213376 0.672662 0.210191 0.672662 0.200637 0.661871
0 0.006369 0.683453 0.000000 0.690647 0.000000 0.719424 0.003185 0.723022 0.003185 0.726619 0.015924 0.726619 0.025478 0.715827 0.028662 0.715827 0.035032 0.708633 0.028662 0.697842 0.025478 0.697842 0.015924 0.687050
0 0.675159 0.690647 0.678344 0.694245 0.678344 0.697842 0.681529 0.701439 0.691083 0.701439 0.694268 0.697842 0.694268 0.694245 0.697452 0.690647 0.697452 0.687050 0.694268 0.683453 0.684713 0.683453 0.681529 0.687050 0.678344 0.687050
0 0.442675 0.697842 0.442675 0.712230 0.458599 0.723022 0.468153 0.723022 0.474522 0.726619 0.484076 0.737410 0.484076 0.741007 0.490446 0.744604 0.496815 0.741007 0.496815 0.730216 0.480892 0.708633 0.452229 0.694245
0 0.108280 0.755396 0.111465 0.758993 0.124204 0.758993 0.136943 0.751799 0.149682 0.751799 0.171975 0.741007 0.175159 0.737410 0.175159 0.730216 0.168790 0.723022 0.152866 0.719424 0.149682 0.712230 0.127389 0.708633 0.117834 0.719424 0.117834 0.726619 0.108280 0.744604
0 0.770701 0.708633 0.761146 0.719424 0.761146 0.723022 0.757962 0.726619 0.761146 0.737410 0.767516 0.744604 0.770701 0.744604 0.773885 0.741007 0.786624 0.741007 0.789809 0.737410 0.789809 0.726619 0.786624 0.723022 0.786624 0.715827 0.780255 0.708633
0 0.289809 0.726619 0.296178 0.744604 0.331210 0.744604 0.337580 0.733813 0.337580 0.730216 0.331210 0.719424 0.328025 0.719424 0.324841 0.715827 0.315287 0.715827 0.312102 0.712230 0.299363 0.712230
0 0.420382 0.719424 0.420382 0.730216 0.423567 0.733813 0.423567 0.737410 0.442675 0.762590 0.458599 0.762590 0.461783 0.758993 0.464968 0.758993 0.464968 0.755396 0.468153 0.751799 0.468153 0.744604 0.455414 0.730216 0.452229 0.730216 0.436306 0.719424
0 0.372611 0.733813 0.372611 0.737410 0.369427 0.741007 0.369427 0.748201 0.372611 0.751799 0.372611 0.766187 0.375796 0.769784 0.375796 0.773381 0.385350 0.784173 0.398089 0.784173 0.404459 0.773381 0.404459 0.762590 0.401274 0.758993 0.401274 0.751799 0.382166 0.733813
0 0.703822 0.744604 0.703822 0.751799 0.707006 0.755396 0.710191 0.755396 0.716561 0.762590 0.719745 0.762590 0.729299 0.773381 0.738854 0.773381 0.745223 0.762590 0.745223 0.758993 0.742038 0.755396 0.735669 0.755396 0.729299 0.748201 0.726115 0.748201 0.716561 0.741007 0.710191 0.741007 0.707006 0.744604
0 0.079618 0.744604 0.076433 0.744604 0.066879 0.755396 0.066879 0.769784 0.070064 0.773381 0.073248 0.773381 0.073248 0.766187 0.076433 0.762590 0.076433 0.758993 0.079618 0.755396
0 0.292994 0.751799 0.292994 0.766187 0.299363 0.773381 0.328025 0.773381 0.337580 0.766187 0.337580 0.755396 0.331210 0.748201 0.296178 0.748201
0 0.503185 0.766187 0.496815 0.773381 0.500000 0.787770 0.519108 0.809353 0.519108 0.812950 0.535032 0.812950 0.544586 0.794964 0.544586 0.787770 0.547771 0.784173 0.547771 0.769784 0.538217 0.762590 0.509554 0.762590
0 0.229299 0.773381 0.222930 0.784173 0.222930 0.812950 0.226115 0.816547 0.235669 0.820144 0.238854 0.816547 0.238854 0.805755 0.232484 0.798561 0.232484 0.773381
0 0.464968 0.784173 0.461783 0.784173 0.458599 0.780576 0.442675 0.780576 0.439490 0.784173 0.436306 0.784173 0.426752 0.794964 0.426752 0.812950 0.433121 0.820144 0.439490 0.820144 0.455414 0.809353 0.461783 0.809353 0.468153 0.798561 0.468153 0.791367 0.464968 0.787770
0 0.872611 0.802158 0.872611 0.812950 0.882166 0.823741 0.885350 0.823741 0.888535 0.827338 0.891720 0.827338 0.901274 0.820144 0.901274 0.809353 0.898089 0.805755 0.898089 0.802158 0.888535 0.802158 0.885350 0.798561 0.875796 0.798561
0 0.496815 0.816547 0.496815 0.823741 0.506369 0.834532 0.515924 0.838129 0.528662 0.852518 0.538217 0.852518 0.547771 0.841727 0.547771 0.830935 0.538217 0.823741 0.528662 0.823741 0.522293 0.816547 0.515924 0.816547 0.512739 0.812950 0.500000 0.812950
0 0.452229 0.827338 0.452229 0.834532 0.461783 0.845324 0.464968 0.845324 0.468153 0.848921 0.490446 0.848921 0.493631 0.845324 0.493631 0.834532 0.490446 0.830935 0.484076 0.830935 0.480892 0.827338 0.474522 0.827338 0.471338 0.823741 0.455414 0.823741
0 0.611465 0.823741 0.592357 0.823741 0.589172 0.827338 0.576433 0.830935 0.566879 0.845324 0.566879 0.856115 0.579618 0.866906 0.585987 0.863309 0.592357 0.863309 0.595541 0.866906 0.605096 0.866906 0.614650 0.856115 0.614650 0.845324 0.617834 0.841727 0.617834 0.834532
0 0.681529 0.841727 0.681529 0.848921 0.684713 0.852518 0.694268 0.852518 0.697452 0.856115 0.722930 0.856115 0.729299 0.848921 0.729299 0.841727 0.722930 0.834532 0.719745 0.834532 0.716561 0.830935 0.694268 0.830935 0.691083 0.834532 0.687898 0.834532
0 0.815287 0.841727 0.812102 0.838129 0.812102 0.834532 0.808917 0.834532 0.805732 0.830935 0.799363 0.830935 0.796178 0.834532 0.783439 0.834532 0.780255 0.838129 0.773885 0.838129 0.770701 0.841727 0.770701 0.852518 0.780255 0.863309 0.783439 0.863309 0.786624 0.866906 0.792994 0.866906 0.796178 0.863309 0.805732 0.859712 0.808917 0.856115 0.808917 0.852518 0.815287 0.845324
0 0.130573 0.838129 0.127389 0.841727 0.127389 0.859712 0.140127 0.874101 0.143312 0.874101 0.152866 0.881295 0.159236 0.881295 0.165605 0.874101 0.165605 0.863309 0.152866 0.848921 0.149682 0.848921 0.143312 0.841727 0.136943 0.841727 0.133758 0.838129
0 0.334395 0.852518 0.334395 0.856115 0.331210 0.859712 0.331210 0.866906 0.337580 0.877698 0.340764 0.877698 0.350318 0.884892 0.366242 0.884892 0.369427 0.881295 0.372611 0.881295 0.372611 0.870504 0.356688 0.848921 0.337580 0.848921
0 0.219745 0.863309 0.219745 0.877698 0.222930 0.884892 0.226115 0.884892 0.232484 0.892086 0.238854 0.892086 0.242038 0.895683 0.261146 0.895683 0.264331 0.899281 0.270701 0.899281 0.270701 0.884892 0.248408 0.874101 0.232484 0.859712 0.222930 0.859712
0 0.579618 0.870504 0.579618 0.877698 0.582803 0.881295 0.582803 0.888489 0.585987 0.892086 0.585987 0.895683 0.589172 0.895683 0.592357 0.899281 0.601911 0.899281 0.601911 0.877698 0.598726 0.874101 0.601911 0.870504 0.595541 0.870504 0.592357 0.866906 0.585987 0.866906 0.582803 0.870504
0 0.885350 0.870504 0.878981 0.877698 0.878981 0.881295 0.875796 0.884892 0.875796 0.888489 0.885350 0.899281 0.898089 0.899281 0.898089 0.895683 0.907643 0.884892 0.907643 0.881295 0.904459 0.877698 0.904459 0.874101 0.901274 0.874101 0.898089 0.870504
