0 0.409524 0.007194 0.406349 0.010791 0.406349 0.032374 0.409524 0.035971 0.409524 0.050360 0.412698 0.053957 0.412698 0.057554 0.415873 0.061151 0.419048 0.061151 0.419048 0.021583 0.415873 0.017986 0.415873 0.007194
0 0.688889 0.025180 0.688889 0.039568 0.695238 0.053957 0.704762 0.064748 0.707937 0.064748 0.720635 0.075540 0.733333 0.075540 0.736508 0.071942 0.736508 0.061151 0.733333 0.053957 0.714286 0.032374 0.701587 0.025180
0 0.304762 0.035971 0.298413 0.035971 0.295238 0.039568 0.288889 0.057554 0.288889 0.086331 0.292063 0.089928 0.292063 0.104317 0.295238 0.107914 0.295238 0.115108 0.301587 0.122302 0.311111 0.115108 0.311111 0.104317 0.314286 0.100719 0.314286 0.061151 0.311111 0.057554 0.311111 0.046763
0 0.590476 0.046763 0.584127 0.057554 0.584127 0.082734 0.590476 0.093525 0.606349 0.100719 0.615873 0.093525 0.615873 0.075540 0.612698 0.071942 0.612698 0.068345 0.603175 0.057554 0.603175 0.053957 0.600000 0.050360
0 0.485714 0.097122 0.482540 0.100719 0.482540 0.111511 0.485714 0.115108 0.488889 0.115108 0.492063 0.118705 0.495238 0.118705 0.498413 0.115108 0.498413 0.111511 0.501587 0.107914 0.501587 0.104317 0.498413 0.100719 0.498413 0.097122
0 0.819048 0.125899 0.819048 0.147482 0.828571 0.176259 0.857143 0.201439 0.876190 0.205036 0.879365 0.194245 0.866667 0.176259 0.857143 0.154676
0 0.406349 0.136691 0.396825 0.136691 0.393651 0.140288 0.393651 0.158273 0.396825 0.161871 0.400000 0.161871 0.406349 0.154676 0.406349 0.151079 0.409524 0.147482 0.409524 0.143885 0.406349 0.140288
0 0.647619 0.205036 0.647619 0.208633 0.644444 0.212230 0.644444 0.223022 0.653968 0.233813 0.660317 0.233813 0.663492 0.237410 0.666667 0.237410 0.673016 0.230216 0.673016 0.219424 0.669841 0.215827 0.669841 0.212230 0.663492 0.205036 0.660317 0.205036 0.657143 0.201439 0.653968 0.201439 0.650794 0.205036
0 0.619048 0.219424 0.615873 0.223022 0.612698 0.223022 0.612698 0.241007 0.615873 0.244604 0.615873 0.248201 0.625397 0.258993 0.631746 0.258993 0.631746 0.237410 0.628571 0.233813 0.628571 0.226619
0 0.155556 0.287770 0.146032 0.287770 0.133333 0.302158 0.130159 0.309353 0.130159 0.316547 0.126984 0.320144 0.126984 0.348921 0.130159 0.356115 0.136508 0.356115 0.146032 0.341727 0.146032 0.334532 0.155556 0.312950
0 0.511111 0.294964 0.511111 0.302158 0.536508 0.338129 0.542857 0.352518 0.552381 0.363309 0.568254 0.370504 0.574603 0.359712 0.561905 0.327338 0.539683 0.302158 0.526984 0.294964
0 0.511111 0.348921 0.517460 0.374101 0.526984 0.388489 0.530159 0.402878 0.536508 0.410072 0.552381 0.449640 0.561905 0.453237 0.568254 0.446043 0.568254 0.431655 0.561905 0.417266 0.549206 0.402878 0.533333 0.370504
0 0.371429 0.420863 0.368254 0.420863 0.365079 0.417266 0.355556 0.417266 0.352381 0.420863 0.342857 0.420863 0.336508 0.428058 0.333333 0.428058 0.333333 0.442446 0.339683 0.449640 0.346032 0.449640 0.349206 0.446043 0.352381 0.446043 0.355556 0.442446 0.365079 0.438849 0.371429 0.431655
0 0.660317 0.456835 0.660317 0.492806 0.663492 0.496403 0.663492 0.503597 0.669841 0.510791 0.673016 0.510791 0.679365 0.500000 0.679365 0.482014 0.676190 0.478417 0.676190 0.474820 0.669841 0.467626 0.669841 0.464029
0 0.136508 0.460432 0.130159 0.467626 0.130159 0.471223 0.126984 0.474820 0.126984 0.492806 0.130159 0.496403 0.130159 0.500000 0.133333 0.500000 0.136508 0.503597 0.142857 0.503597 0.152381 0.496403 0.152381 0.467626 0.146032 0.460432
0 0.177778 0.553957 0.174603 0.553957 0.171429 0.557554 0.171429 0.561151 0.165079 0.568345 0.165079 0.575540 0.161905 0.579137 0.161905 0.582734 0.158730 0.586331 0.161905 0.589928 0.168254 0.589928 0.171429 0.586331 0.171429 0.579137 0.174603 0.575540 0.174603 0.564748 0.177778 0.561151
0 0.504762 0.557554 0.504762 0.561151 0.501587 0.564748 0.501587 0.575540 0.511111 0.586331 0.514286 0.586331 0.517460 0.589928 0.520635 0.589928 0.523810 0.586331 0.526984 0.586331 0.526984 0.575540 0.520635 0.568345 0.520635 0.564748 0.514286 0.557554
0 0.882540 0.568345 0.882540 0.571942 0.879365 0.575540 0.882540 0.579137 0.882540 0.589928 0.885714 0.593525 0.885714 0.600719 0.895238 0.600719 0.895238 0.586331 0.892063 0.582734 0.892063 0.579137 0.885714 0.571942 0.885714 0.568345
0 0.723810 0.597122 0.720635 0.600719 0.720635 0.607914 0.726984 0.622302 0.749206 0.647482 0.752381 0.647482 0.777778 0.672662 0.780952 0.669065 0.777778 0.654676 0.765079 0.633094 0.733333 0.597122
0 0.815873 0.647482 0.815873 0.665468 0.825397 0.676259 0.834921 0.676259 0.841270 0.665468 0.841270 0.661871 0.838095 0.658273 0.838095 0.654676 0.831746 0.647482 0.828571 0.647482 0.825397 0.643885 0.822222 0.643885 0.819048 0.647482
0 0.939683 0.643885 0.936508 0.643885 0.933333 0.647482 0.930159 0.647482 0.926984 0.651079 0.926984 0.669065 0.930159 0.672662 0.942857 0.672662 0.949206 0.665468 0.949206 0.654676
0 0.161905 0.658273 0.155556 0.658273 0.146032 0.669065 0.142857 0.669065 0.142857 0.683453 0.146032 0.683453 0.149206 0.687050 0.152381 0.687050 0.158730 0.679856 0.158730 0.676259 0.161905 0.672662
0 0.400000 0.658273 0.400000 0.672662 0.403175 0.676259 0.403175 0.690647 0.412698 0.708633 0.422222 0.708633 0.425397 0.697842 0.415873 0.679856 0.415873 0.672662 0.412698 0.669065 0.412698 0.665468 0.406349 0.658273
0 0.993651 0.669065 0.993651 0.672662 0.990476 0.676259 0.990476 0.683453 0.993651 0.687050 0.993651 0.694245 0.993651 0.690647 0.996825 0.687050 0.996825 0.672662
0 0.720635 0.690647 0.720635 0.701439 0.726984 0.708633 0.730159 0.708633 0.733333 0.712230 0.749206 0.712230 0.755556 0.705036 0.755556 0.697842 0.752381 0.694245 0.752381 0.690647 0.742857 0.683453 0.726984 0.683453
0 0.974603 0.694245 0.971429 0.697842 0.971429 0.708633 0.977778 0.715827 0.987302 0.715827 0.993651 0.708633 0.993651 0.705036 0.990476 0.701439 0.990476 0.697842 0.987302 0.694245
0 0.939683 0.715827 0.936508 0.719424 0.936508 0.723022 0.939683 0.726619 0.939683 0.730216 0.942857 0.733813 0.942857 0.737410 0.946032 0.741007 0.958730 0.741007 0.961905 0.737410 0.961905 0.723022 0.955556 0.715827 0.949206 0.715827 0.946032 0.712230 0.942857 0.715827
0 0.320635 0.719424 0.311111 0.719424 0.298413 0.733813 0.298413 0.741007 0.295238 0.744604 0.295238 0.758993 0.301587 0.766187 0.304762 0.766187 0.314286 0.755396 0.314286 0.748201 0.320635 0.737410
0 0.761905 0.784173 0.758730 0.787770 0.758730 0.809353 0.761905 0.812950 0.765079 0.823741 0.768254 0.823741 0.771429 0.827338 0.777778 0.827338 0.784127 0.820144 0.784127 0.798561 0.780952 0.794964 0.780952 0.791367 0.774603 0.784173
0 0.584127 0.845324 0.577778 0.852518 0.577778 0.856115 0.574603 0.859712 0.574603 0.877698 0.577778 0.881295 0.577778 0.892086 0.584127 0.899281 0.590476 0.899281 0.590476 0.874101 0.587302 0.870504 0.587302 0.848921
0 0.482540 0.848921 0.482540 0.852518 0.479365 0.856115 0.482540 0.859712 0.482540 0.863309 0.495238 0.877698 0.495238 0.881295 0.501587 0.888489 0.511111 0.888489 0.514286 0.884892 0.514286 0.874101 0.511111 0.870504 0.507937 0.859712 0.498413 0.848921
