0 0.812102 0.139785 0.802548 0.150538 0.802548 0.157706 0.805732 0.161290 0.805732 0.168459 0.808917 0.172043 0.821656 0.172043 0.828025 0.164875 0.831210 0.164875 0.831210 0.150538 0.824841 0.139785
0 0.375796 0.189964 0.372611 0.193548 0.369427 0.193548 0.369427 0.215054 0.363057 0.225806 0.363057 0.232975 0.366242 0.232975 0.375796 0.243728 0.378981 0.243728 0.382166 0.247312 0.388535 0.247312 0.394904 0.240143 0.394904 0.222222 0.388535 0.211470 0.388535 0.204301 0.385350 0.200717 0.385350 0.197133
0 0.875796 0.204301 0.872611 0.207885 0.869427 0.207885 0.869427 0.218638 0.875796 0.225806 0.878981 0.225806 0.888535 0.215054 0.888535 0.211470 0.885350 0.207885 0.878981 0.207885
0 0.414013 0.250896 0.410828 0.250896 0.401274 0.261649 0.401274 0.265233 0.394904 0.275986 0.394904 0.283154 0.398089 0.286738 0.398089 0.293907 0.404459 0.301075 0.414013 0.301075 0.420382 0.293907 0.420382 0.286738 0.423567 0.283154 0.423567 0.265233 0.420382 0.261649 0.420382 0.258065
0 0.289809 0.272401 0.289809 0.297491 0.302548 0.308244 0.321656 0.308244 0.340764 0.286738 0.334395 0.279570 0.321656 0.286738 0.312102 0.286738 0.299363 0.272401 0.299363 0.268817 0.292994 0.268817
0 0.668790 0.283154 0.665605 0.286738 0.668790 0.290323 0.668790 0.297491 0.678344 0.308244 0.678344 0.315412 0.684713 0.326165 0.687898 0.322581 0.687898 0.311828 0.684713 0.308244 0.684713 0.304659 0.681529 0.301075 0.681529 0.297491 0.678344 0.293907 0.678344 0.290323 0.671975 0.283154
0 0.455414 0.315412 0.445860 0.322581 0.442675 0.329749 0.442675 0.340502 0.445860 0.347670 0.458599 0.362007 0.464968 0.365591 0.471338 0.365591 0.477707 0.362007 0.477707 0.358423 0.490446 0.340502 0.490446 0.326165 0.484076 0.318996 0.477707 0.318996 0.474522 0.315412
0 0.092357 0.340502 0.079618 0.333333 0.063694 0.333333 0.060510 0.336918 0.054140 0.336918 0.041401 0.347670 0.038217 0.354839 0.038217 0.365591 0.041401 0.372760 0.050955 0.379928 0.073248 0.379928 0.076433 0.376344 0.082803 0.376344 0.092357 0.365591
0 0.277070 0.344086 0.273885 0.347670 0.273885 0.354839 0.289809 0.372760 0.289809 0.379928 0.292994 0.383513 0.296178 0.379928 0.299363 0.379928 0.299363 0.376344 0.302548 0.372760 0.302548 0.365591 0.305732 0.362007 0.305732 0.344086
0 0.248408 0.365591 0.245223 0.365591 0.222930 0.390681 0.222930 0.401434 0.232484 0.412186 0.235669 0.412186 0.238854 0.415771 0.248408 0.415771 0.257962 0.405018 0.257962 0.387097 0.254777 0.383513 0.254777 0.376344
0 0.433121 0.369176 0.426752 0.372760 0.420382 0.387097 0.420382 0.397849 0.442675 0.426523 0.449045 0.426523 0.455414 0.422939 0.461783 0.412186 0.461783 0.383513 0.455414 0.376344 0.442675 0.369176
0 0.347134 0.387097 0.337580 0.376344 0.324841 0.376344 0.318471 0.379928 0.308917 0.390681 0.305732 0.397849 0.305732 0.405018 0.302548 0.408602 0.305732 0.419355 0.312102 0.419355 0.318471 0.422939 0.321656 0.419355 0.331210 0.419355 0.343949 0.412186 0.350318 0.397849
0 0.500000 0.387097 0.496815 0.390681 0.493631 0.390681 0.487261 0.401434 0.487261 0.419355 0.496815 0.430108 0.500000 0.430108 0.509554 0.437276 0.512739 0.433692 0.519108 0.433692 0.528662 0.422939 0.528662 0.412186 0.525478 0.408602 0.522293 0.397849 0.515924 0.390681 0.512739 0.390681 0.509554 0.387097
0 0.401274 0.401434 0.394904 0.397849 0.385350 0.397849 0.369427 0.415771 0.359873 0.437276 0.359873 0.448029 0.366242 0.455197 0.375796 0.455197 0.388535 0.448029 0.404459 0.430108 0.410828 0.426523 0.414013 0.419355
0 0.003185 0.401434 0.003185 0.412186 0.000000 0.415771 0.000000 0.419355 0.003185 0.422939 0.003185 0.437276 0.012739 0.448029 0.015924 0.448029 0.019108 0.451613 0.028662 0.448029 0.038217 0.433692 0.038217 0.430108 0.035032 0.426523 0.035032 0.419355 0.022293 0.405018 0.019108 0.405018 0.015924 0.401434
0 0.493631 0.448029 0.480892 0.437276 0.468153 0.437276 0.464968 0.440860 0.461783 0.440860 0.452229 0.451613 0.452229 0.455197 0.449045 0.458781 0.449045 0.465950 0.458599 0.480287 0.471338 0.480287 0.474522 0.476703 0.480892 0.476703 0.484076 0.473118 0.487261 0.473118 0.496815 0.462366 0.496815 0.455197 0.493631 0.451613
0 0.436306 0.458781 0.423567 0.444444 0.420382 0.444444 0.417197 0.448029 0.407643 0.451613 0.401274 0.458781 0.398089 0.458781 0.398089 0.462366 0.394904 0.465950 0.394904 0.473118 0.398089 0.476703 0.398089 0.480287 0.401274 0.480287 0.404459 0.483871 0.426752 0.483871 0.436306 0.473118
0 0.515924 0.483871 0.512739 0.480287 0.496815 0.480287 0.487261 0.491039 0.480892 0.491039 0.468153 0.498208 0.461783 0.505376 0.461783 0.523297 0.468153 0.530466 0.477707 0.530466 0.506369 0.516129 0.515924 0.505376 0.515924 0.498208 0.519108 0.494624
0 0.114650 0.483871 0.108280 0.483871 0.105096 0.487455 0.105096 0.498208 0.101911 0.501792 0.098726 0.519713 0.089172 0.537634 0.089172 0.548387 0.092357 0.548387 0.108280 0.530466 0.111465 0.523297 0.111465 0.516129 0.114650 0.512545 0.114650 0.494624 0.117834 0.491039
0 0.385350 0.494624 0.378981 0.487455 0.353503 0.483871 0.340764 0.498208 0.337580 0.498208 0.328025 0.516129 0.328025 0.534050 0.331210 0.537634 0.347134 0.537634 0.369427 0.523297 0.382166 0.519713 0.385350 0.512545
0 0.299363 0.494624 0.289809 0.491039 0.267516 0.505376 0.264331 0.512545 0.242038 0.534050 0.242038 0.548387 0.248408 0.555556 0.254777 0.555556 0.257962 0.559140 0.270701 0.548387 0.292994 0.537634 0.302548 0.516129 0.302548 0.501792
0 0.783439 0.537634 0.783439 0.541219 0.780255 0.544803 0.780255 0.562724 0.783439 0.566308 0.789809 0.566308 0.792994 0.562724 0.796178 0.562724 0.796178 0.559140 0.799363 0.555556 0.799363 0.551971 0.796178 0.548387 0.796178 0.544803 0.789809 0.537634
0 0.388535 0.541219 0.369427 0.541219 0.366242 0.544803 0.363057 0.544803 0.363057 0.551971 0.359873 0.555556 0.363057 0.559140 0.363057 0.573477 0.366242 0.577061 0.369427 0.577061 0.372611 0.580645 0.378981 0.580645 0.382166 0.577061 0.385350 0.577061 0.391720 0.569892 0.391720 0.566308 0.394904 0.562724 0.394904 0.544803 0.391720 0.544803
0 0.022293 0.548387 0.012739 0.551971 0.003185 0.566308 0.003185 0.591398 0.012739 0.598566 0.025478 0.598566 0.035032 0.591398 0.035032 0.566308 0.031847 0.562724 0.031847 0.559140
0 0.133758 0.548387 0.124204 0.559140 0.124204 0.562724 0.121019 0.566308 0.121019 0.569892 0.124204 0.573477 0.124204 0.577061 0.130573 0.584229 0.140127 0.584229 0.146497 0.573477 0.146497 0.551971 0.143312 0.551971 0.140127 0.548387
0 0.573248 0.548387 0.566879 0.555556 0.566879 0.591398 0.563694 0.594982 0.563694 0.602151 0.585987 0.602151 0.595541 0.587814 0.595541 0.573477 0.592357 0.569892 0.585987 0.551971 0.582803 0.548387
0 0.426752 0.559140 0.423567 0.555556 0.420382 0.559140 0.414013 0.559140 0.410828 0.562724 0.410828 0.566308 0.407643 0.569892 0.407643 0.577061 0.410828 0.577061 0.414013 0.580645 0.426752 0.566308
0 0.232484 0.566308 0.219745 0.566308 0.216561 0.569892 0.213376 0.569892 0.203822 0.584229 0.203822 0.591398 0.207006 0.594982 0.207006 0.598566 0.216561 0.609319 0.222930 0.609319 0.226115 0.612903 0.238854 0.602151 0.238854 0.594982 0.242038 0.591398 0.242038 0.577061 0.238854 0.573477 0.238854 0.569892 0.235669 0.569892
0 0.375796 0.612903 0.372611 0.612903 0.363057 0.620072 0.363057 0.623656 0.356688 0.630824 0.356688 0.637993 0.353503 0.641577 0.353503 0.645161 0.356688 0.648746 0.356688 0.655914 0.359873 0.659498 0.359873 0.666667 0.363057 0.670251 0.369427 0.670251 0.388535 0.648746 0.388535 0.627240
0 0.101911 0.620072 0.098726 0.620072 0.095541 0.616487 0.085987 0.616487 0.082803 0.620072 0.076433 0.620072 0.070064 0.627240 0.070064 0.641577 0.079618 0.652330 0.092357 0.652330 0.105096 0.637993 0.105096 0.623656
0 0.500000 0.616487 0.493631 0.623656 0.493631 0.634409 0.490446 0.637993 0.490446 0.655914 0.496815 0.666667 0.506369 0.666667 0.509554 0.663082 0.519108 0.659498 0.525478 0.652330 0.525478 0.634409 0.506369 0.616487
0 0.229299 0.637993 0.216561 0.637993 0.197452 0.655914 0.197452 0.659498 0.194268 0.663082 0.194268 0.677419 0.200637 0.684588 0.203822 0.684588 0.207006 0.688172 0.219745 0.688172 0.226115 0.681004 0.226115 0.677419 0.229299 0.673835 0.229299 0.666667 0.232484 0.663082 0.232484 0.655914 0.235669 0.652330 0.235669 0.645161
0 0.286624 0.637993 0.270701 0.637993 0.261146 0.648746 0.261146 0.652330 0.257962 0.655914 0.257962 0.659498 0.261146 0.663082 0.261146 0.673835 0.273885 0.688172 0.283439 0.684588 0.283439 0.681004 0.292994 0.670251 0.292994 0.663082 0.296178 0.659498 0.296178 0.648746
0 0.028662 0.652330 0.028662 0.670251 0.031847 0.673835 0.050955 0.673835 0.054140 0.670251 0.057325 0.670251 0.057325 0.652330 0.047771 0.641577 0.038217 0.641577
0 0.719745 0.655914 0.716561 0.659498 0.716561 0.670251 0.713376 0.673835 0.713376 0.681004 0.716561 0.684588 0.719745 0.684588 0.722930 0.688172 0.726115 0.688172 0.726115 0.681004 0.722930 0.677419 0.722930 0.663082 0.726115 0.659498 0.726115 0.655914
0 0.003185 0.663082 0.000000 0.666667 0.000000 0.677419 0.003185 0.681004 0.003185 0.702509 0.006369 0.702509 0.012739 0.695341 0.012739 0.677419 0.006369 0.670251 0.006369 0.666667
0 0.541401 0.677419 0.538217 0.677419 0.528662 0.670251 0.519108 0.670251 0.503185 0.684588 0.503185 0.691756 0.506369 0.695341 0.506369 0.698925 0.512739 0.706093 0.522293 0.706093 0.525478 0.702509 0.535032 0.698925 0.541401 0.691756 0.541401 0.688172 0.544586 0.684588 0.541401 0.681004
0 0.073248 0.698925 0.073248 0.713262 0.082803 0.724014 0.092357 0.724014 0.108280 0.713262 0.108280 0.702509 0.095541 0.688172 0.082803 0.688172
0 0.474522 0.698925 0.458599 0.702509 0.449045 0.709677 0.449045 0.713262 0.439490 0.727599 0.439490 0.738351 0.442675 0.741935 0.442675 0.745520 0.452229 0.745520 0.455414 0.741935 0.464968 0.738351 0.474522 0.727599 0.474522 0.724014 0.480892 0.713262 0.480892 0.706093
0 0.557325 0.706093 0.547771 0.706093 0.544586 0.709677 0.541401 0.709677 0.538217 0.713262 0.538217 0.716846 0.535032 0.720430 0.535032 0.727599 0.541401 0.734767 0.547771 0.734767 0.550955 0.731183 0.554140 0.731183 0.560510 0.724014 0.560510 0.709677
0 0.493631 0.720430 0.487261 0.720430 0.484076 0.724014 0.480892 0.720430 0.477707 0.724014 0.477707 0.727599 0.468153 0.738351 0.468153 0.741935 0.471338 0.745520 0.471338 0.752688 0.480892 0.767025 0.484076 0.763441 0.500000 0.756272 0.506369 0.749104 0.509554 0.749104 0.506369 0.731183
0 0.363057 0.734767 0.359873 0.731183 0.350318 0.731183 0.347134 0.734767 0.343949 0.734767 0.337580 0.741935 0.334395 0.741935 0.337580 0.745520 0.334395 0.749104 0.337580 0.749104 0.340764 0.752688 0.356688 0.752688 0.359873 0.749104 0.363057 0.749104
0 0.283439 0.745520 0.270701 0.745520 0.261146 0.734767 0.254777 0.734767 0.251592 0.738351 0.248408 0.738351 0.245223 0.741935 0.245223 0.745520 0.235669 0.756272 0.235669 0.767025 0.238854 0.770609 0.245223 0.770609 0.248408 0.774194 0.261146 0.774194 0.273885 0.763441 0.270701 0.759857 0.273885 0.756272 0.273885 0.752688 0.280255 0.745520
0 0.130573 0.756272 0.130573 0.763441 0.140127 0.774194 0.146497 0.774194 0.149682 0.777778 0.165605 0.774194 0.168790 0.770609 0.171975 0.770609 0.171975 0.767025 0.175159 0.763441 0.171975 0.752688 0.165605 0.745520 0.162420 0.745520 0.159236 0.741935 0.152866 0.741935 0.149682 0.738351 0.140127 0.741935
0 0.541401 0.759857 0.535032 0.752688 0.512739 0.749104 0.480892 0.770609 0.477707 0.792115 0.484076 0.802867 0.490446 0.806452 0.503185 0.806452 0.515924 0.799283 0.538217 0.774194
0 0.773885 0.763441 0.770701 0.767025 0.770701 0.788530 0.773885 0.792115 0.777070 0.792115 0.777070 0.770609 0.780255 0.767025 0.777070 0.763441
0 0.328025 0.770609 0.318471 0.774194 0.308917 0.792115 0.308917 0.810036 0.312102 0.813620 0.312102 0.817204 0.315287 0.817204 0.318471 0.820789 0.331210 0.820789 0.334395 0.817204 0.337580 0.817204 0.347134 0.806452 0.347134 0.792115 0.343949 0.788530 0.343949 0.784946 0.334395 0.774194 0.331210 0.774194
0 0.366242 0.788530 0.372611 0.806452 0.382166 0.813620 0.398089 0.813620 0.401274 0.810036 0.407643 0.810036 0.414013 0.806452 0.420382 0.795699 0.420382 0.781362 0.410828 0.770609 0.388535 0.770609 0.385350 0.774194 0.378981 0.774194
0 0.560510 0.799283 0.538217 0.802867 0.519108 0.817204 0.500000 0.817204 0.487261 0.824373 0.484076 0.842294 0.500000 0.856631 0.509554 0.860215 0.522293 0.856631 0.528662 0.849462 0.535032 0.831541 0.557325 0.810036
0 0.114650 0.817204 0.095541 0.817204 0.092357 0.820789 0.089172 0.820789 0.082803 0.827957 0.082803 0.835125 0.079618 0.838710 0.082803 0.842294 0.082803 0.845878 0.089172 0.853047 0.092357 0.853047 0.095541 0.849462 0.101911 0.849462 0.105096 0.845878 0.114650 0.845878 0.117834 0.842294 0.117834 0.820789
0 0.296178 0.827957 0.292994 0.831541 0.286624 0.831541 0.280255 0.838710 0.280255 0.842294 0.277070 0.845878 0.277070 0.856631 0.286624 0.870968 0.289809 0.870968 0.292994 0.874552 0.302548 0.874552 0.315287 0.860215 0.321656 0.842294 0.315287 0.835125
0 0.369427 0.838710 0.366242 0.842294 0.363057 0.842294 0.350318 0.856631 0.350318 0.870968 0.353503 0.874552 0.353503 0.878136 0.356688 0.878136 0.366242 0.885305 0.378981 0.885305 0.388535 0.870968 0.388535 0.853047 0.382166 0.842294 0.378981 0.842294 0.375796 0.838710
0 0.477707 0.867384 0.477707 0.870968 0.474522 0.874552 0.477707 0.878136 0.480892 0.888889 0.484076 0.888889 0.496815 0.903226 0.503185 0.903226 0.509554 0.896057 0.509554 0.888889 0.512739 0.885305 0.512739 0.881720 0.496815 0.867384
0 0.085987 0.881720 0.082803 0.892473 0.095541 0.906810 0.114650 0.906810 0.114650 0.903226 0.117834 0.899642 0.117834 0.885305 0.114650 0.885305 0.105096 0.878136 0.089172 0.878136
0 0.305732 0.881720 0.296178 0.881720 0.292994 0.885305 0.289809 0.885305 0.280255 0.896057 0.280255 0.899642 0.277070 0.903226 0.277070 0.924731 0.280255 0.928315 0.283439 0.928315 0.286624 0.931900 0.296178 0.931900 0.308917 0.917563 0.308917 0.913978 0.312102 0.910394 0.312102 0.888889
0 0.458599 0.899642 0.449045 0.910394 0.449045 0.917563 0.445860 0.921147 0.445860 0.935484 0.449045 0.939068 0.449045 0.942652 0.452229 0.942652 0.455414 0.946237 0.468153 0.946237 0.474522 0.939068 0.474522 0.935484 0.477707 0.931900 0.477707 0.910394 0.468153 0.899642
0 0.531847 0.903226 0.531847 0.913978 0.535032 0.917563 0.544586 0.917563 0.547771 0.921147 0.554140 0.921147 0.557325 0.917563 0.557325 0.910394 0.550955 0.903226 0.544586 0.903226 0.541401 0.899642 0.538217 0.899642 0.535032 0.903226
0 0.442675 0.906810 0.436306 0.910394 0.404459 0.946237 0.404459 0.964158 0.417197 0.964158 0.423567 0.956989 0.426752 0.946237 0.433121 0.942652 0.436306 0.931900 0.445860 0.917563 0.445860 0.910394
0 0.050955 0.931900 0.041401 0.946237 0.041401 0.956989 0.057325 0.974910 0.070064 0.982079 0.079618 0.982079 0.101911 0.956989 0.101911 0.942652 0.092357 0.931900 0.085987 0.931900 0.082803 0.928315
0 0.251592 0.956989 0.251592 0.971326 0.264331 0.982079 0.302548 0.982079 0.312102 0.967742 0.312102 0.956989 0.302548 0.946237 0.267516 0.946237 0.264331 0.949821 0.257962 0.949821
0 0.003185 0.989247 0.003185 0.996416 0.006369 0.996416 0.009554 0.992832 0.035032 0.992832 0.035032 0.989247 0.025478 0.989247 0.022293 0.985663 0.006369 0.985663
