0 0.060510 0.003597 0.060510 0.010791 0.063694 0.010791 0.066879 0.014388 0.073248 0.014388 0.076433 0.017986 0.079618 0.014388 0.085987 0.014388 0.089172 0.010791 0.089172 0.003597 0.070064 0.003597 0.066879 0.000000 0.063694 0.000000
0 0.003185 0.003597 0.003185 0.017986 0.006369 0.021583 0.022293 0.021583 0.025478 0.017986 0.028662 0.017986 0.035032 0.010791 0.035032 0.003597
0 0.678344 0.003597 0.678344 0.007194 0.681529 0.007194 0.684713 0.010791 0.694268 0.010791 0.697452 0.007194 0.700637 0.007194 0.697452 0.003597
0 0.324841 0.017986 0.315287 0.035971 0.315287 0.039568 0.321656 0.046763 0.324841 0.046763 0.328025 0.050360 0.337580 0.050360 0.347134 0.057554 0.356688 0.057554 0.363057 0.050360 0.363057 0.035971 0.350318 0.021583 0.347134 0.021583 0.337580 0.014388 0.331210 0.014388 0.328025 0.017986
0 0.566879 0.021583 0.566879 0.039568 0.576433 0.053957 0.598726 0.053957 0.601911 0.050360 0.611465 0.050360 0.621019 0.039568 0.624204 0.039568 0.624204 0.032374 0.614650 0.021583 0.608280 0.021583 0.605096 0.017986 0.589172 0.017986 0.585987 0.014388 0.576433 0.014388
0 0.570064 0.194245 0.557325 0.212230 0.560510 0.215827 0.560510 0.230216 0.566879 0.237410 0.566879 0.241007 0.570064 0.241007 0.576433 0.248201 0.585987 0.248201 0.592357 0.244604 0.592357 0.241007 0.598726 0.233813 0.601911 0.226619 0.601911 0.212230 0.589172 0.194245
0 0.522293 0.330935 0.519108 0.334532 0.519108 0.348921 0.522293 0.352518 0.522293 0.374101 0.519108 0.377698 0.522293 0.381295 0.522293 0.388489 0.535032 0.399281 0.547771 0.399281 0.563694 0.384892 0.560510 0.363309 0.541401 0.338129 0.528662 0.330935
0 0.576433 0.352518 0.570064 0.359712 0.570064 0.374101 0.573248 0.377698 0.573248 0.381295 0.576433 0.384892 0.576433 0.388489 0.589172 0.388489 0.595541 0.381295 0.595541 0.366906 0.589172 0.356115 0.585987 0.356115 0.582803 0.352518
0 0.455414 0.377698 0.455414 0.381295 0.452229 0.384892 0.452229 0.395683 0.455414 0.399281 0.455414 0.402878 0.468153 0.417266 0.474522 0.417266 0.477707 0.420863 0.490446 0.420863 0.493631 0.417266 0.493631 0.406475 0.490446 0.402878 0.490446 0.399281 0.487261 0.399281 0.464968 0.374101
0 0.646497 0.406475 0.643312 0.420863 0.652866 0.431655 0.659236 0.431655 0.662420 0.435252 0.691083 0.438849 0.700637 0.424460 0.700637 0.417266 0.694268 0.406475 0.681529 0.399281 0.675159 0.399281 0.671975 0.395683 0.662420 0.395683
0 0.429936 0.402878 0.423567 0.413669 0.423567 0.420863 0.426752 0.424460 0.429936 0.435252 0.439490 0.446043 0.442675 0.446043 0.445860 0.449640 0.455414 0.446043 0.461783 0.435252 0.461783 0.424460 0.458599 0.420863 0.455414 0.410072 0.449045 0.402878
0 0.363057 0.410072 0.356688 0.420863 0.356688 0.435252 0.363057 0.449640 0.369427 0.453237 0.378981 0.453237 0.382166 0.456835 0.388535 0.453237 0.398089 0.453237 0.401274 0.449640 0.401274 0.435252 0.398089 0.428058 0.382166 0.410072 0.375796 0.406475 0.369427 0.410072
0 0.168790 0.438849 0.168790 0.442446 0.165605 0.446043 0.165605 0.456835 0.171975 0.467626 0.194268 0.467626 0.203822 0.460432 0.203822 0.446043 0.200637 0.442446 0.200637 0.438849 0.194268 0.431655 0.178344 0.431655 0.171975 0.438849
0 0.257962 0.446043 0.257962 0.460432 0.270701 0.474820 0.286624 0.474820 0.289809 0.471223 0.292994 0.471223 0.292994 0.467626 0.299363 0.460432 0.296178 0.449640 0.286624 0.438849 0.283439 0.438849 0.280255 0.435252 0.267516 0.435252
0 0.531847 0.485612 0.528662 0.503597 0.535032 0.517986 0.550955 0.528777 0.579618 0.528777 0.585987 0.525180 0.592357 0.514388 0.592357 0.492806 0.589172 0.485612 0.570064 0.467626 0.544586 0.471223
0 0.805732 0.492806 0.796178 0.503597 0.792994 0.510791 0.792994 0.528777 0.796178 0.535971 0.805732 0.546763 0.821656 0.550360 0.828025 0.546763 0.828025 0.525180 0.824841 0.521583 0.824841 0.507194 0.815287 0.492806
0 0.458599 0.496403 0.458599 0.503597 0.474522 0.521583 0.496815 0.535971 0.515924 0.535971 0.522293 0.528777 0.519108 0.514388 0.503185 0.503597 0.496815 0.503597 0.493631 0.500000 0.468153 0.500000 0.464968 0.496403
0 0.200637 0.517986 0.200637 0.532374 0.235669 0.564748 0.254777 0.564748 0.273885 0.553957 0.273885 0.539568 0.245223 0.517986 0.235669 0.517986 0.232484 0.514388 0.203822 0.514388
0 0.423567 0.539568 0.420382 0.546763 0.423567 0.561151 0.429936 0.568345 0.436306 0.568345 0.449045 0.589928 0.449045 0.615108 0.452229 0.618705 0.461783 0.618705 0.474522 0.604317 0.474522 0.597122 0.468153 0.589928 0.468153 0.579137 0.471338 0.575540 0.468153 0.561151 0.449045 0.543165
0 0.388535 0.561151 0.388535 0.575540 0.391720 0.579137 0.391720 0.586331 0.394904 0.589928 0.398089 0.589928 0.401274 0.593525 0.420382 0.593525 0.423567 0.589928 0.426752 0.589928 0.426752 0.575540 0.414013 0.561151 0.414013 0.557554 0.410828 0.557554 0.407643 0.553957 0.398089 0.553957
0 0.576433 0.582734 0.576433 0.586331 0.579618 0.589928 0.582803 0.589928 0.592357 0.600719 0.595541 0.600719 0.605096 0.607914 0.611465 0.607914 0.614650 0.604317 0.614650 0.600719 0.605096 0.589928 0.601911 0.589928 0.598726 0.586331 0.592357 0.586331 0.589172 0.582734
0 0.697452 0.589928 0.675159 0.586331 0.671975 0.589928 0.665605 0.589928 0.659236 0.597122 0.656051 0.604317 0.656051 0.625899 0.665605 0.640288 0.684713 0.640288 0.691083 0.633094 0.694268 0.633094 0.694268 0.629496 0.707006 0.611511 0.707006 0.600719
0 0.799363 0.643885 0.796178 0.647482 0.789809 0.647482 0.780255 0.658273 0.780255 0.665468 0.777070 0.669065 0.777070 0.690647 0.792994 0.705036 0.799363 0.705036 0.802548 0.701439 0.815287 0.697842 0.824841 0.683453 0.824841 0.672662 0.821656 0.669065 0.818471 0.654676
0 0.433121 0.647482 0.426752 0.651079 0.417197 0.665468 0.417197 0.687050 0.426752 0.701439 0.442675 0.701439 0.449045 0.697842 0.461783 0.683453 0.461783 0.676259 0.452229 0.665468 0.449045 0.654676 0.442675 0.647482
0 0.203822 0.654676 0.203822 0.661871 0.200637 0.665468 0.200637 0.690647 0.210191 0.708633 0.219745 0.719424 0.235669 0.726619 0.242038 0.719424 0.242038 0.697842 0.235669 0.690647 0.235669 0.683453 0.229299 0.669065 0.213376 0.654676
0 0.022293 0.723022 0.022293 0.737410 0.035032 0.751799 0.038217 0.751799 0.047771 0.758993 0.057325 0.758993 0.060510 0.762590 0.063694 0.762590 0.066879 0.758993 0.066879 0.744604 0.057325 0.730216 0.054140 0.730216 0.041401 0.719424 0.025478 0.719424
0 0.675159 0.741007 0.675159 0.755396 0.681529 0.762590 0.691083 0.762590 0.694268 0.766187 0.697452 0.762590 0.707006 0.762590 0.707006 0.751799 0.700637 0.744604 0.697452 0.744604 0.694268 0.741007 0.684713 0.741007 0.681529 0.737410 0.678344 0.741007
0 0.480892 0.751799 0.474522 0.755396 0.464968 0.769784 0.484076 0.805755 0.487261 0.805755 0.493631 0.812950 0.503185 0.812950 0.519108 0.798561 0.519108 0.776978 0.512739 0.766187 0.503185 0.762590 0.496815 0.755396 0.490446 0.751799
0 0.038217 0.769784 0.038217 0.776978 0.041401 0.784173 0.054140 0.798561 0.060510 0.798561 0.079618 0.809353 0.085987 0.809353 0.092357 0.802158 0.089172 0.798561 0.089172 0.791367 0.082803 0.784173 0.076433 0.784173 0.073248 0.780576 0.063694 0.780576 0.057325 0.773381 0.050955 0.773381 0.047771 0.769784
0 0.337580 0.769784 0.334395 0.773381 0.334395 0.802158 0.337580 0.809353 0.353503 0.827338 0.363057 0.827338 0.372611 0.812950 0.372611 0.802158 0.369427 0.798561 0.369427 0.791367 0.353503 0.769784
0 0.579618 0.784173 0.579618 0.798561 0.589172 0.809353 0.614650 0.809353 0.621019 0.802158 0.621019 0.791367 0.617834 0.791367 0.611465 0.784173 0.608280 0.784173 0.605096 0.780576 0.585987 0.780576 0.582803 0.784173
0 0.003185 0.784173 0.000000 0.787770 0.000000 0.820144 0.003185 0.823741 0.003185 0.827338 0.006369 0.827338 0.012739 0.834532 0.015924 0.834532 0.019108 0.838129 0.025478 0.838129 0.031847 0.830935 0.031847 0.809353 0.025478 0.798561 0.022293 0.798561 0.015924 0.791367 0.009554 0.791367
0 0.171975 0.802158 0.171975 0.812950 0.184713 0.820144 0.194268 0.830935 0.203822 0.852518 0.232484 0.856115 0.245223 0.848921 0.251592 0.838129 0.248408 0.827338 0.226115 0.823741 0.200637 0.798561 0.178344 0.798561
0 0.047771 0.827338 0.044586 0.830935 0.044586 0.838129 0.047771 0.841727 0.050955 0.852518 0.063694 0.866906 0.070064 0.866906 0.073248 0.870504 0.076433 0.870504 0.082803 0.859712 0.082803 0.845324 0.079618 0.841727 0.079618 0.838129 0.070064 0.827338 0.057325 0.827338 0.054140 0.823741 0.050955 0.827338
0 0.111465 0.827338 0.098726 0.841727 0.095541 0.852518 0.105096 0.866906 0.124204 0.866906 0.136943 0.856115 0.140127 0.845324 0.130573 0.830935 0.127389 0.830935 0.124204 0.827338
0 0.745223 0.834532 0.732484 0.852518 0.732484 0.874101 0.742038 0.884892 0.767516 0.884892 0.777070 0.870504 0.777070 0.852518 0.764331 0.838129 0.757962 0.834532
0 0.471338 0.863309 0.471338 0.870504 0.474522 0.874101 0.480892 0.874101 0.490446 0.881295 0.519108 0.881295 0.519108 0.877698 0.531847 0.866906 0.531847 0.859712 0.528662 0.856115 0.515924 0.852518 0.500000 0.841727 0.487261 0.841727 0.480892 0.845324 0.474522 0.852518 0.474522 0.859712
