0 0.003185 0.082437 0.000000 0.111111 0.009554 0.125448 0.082803 0.154122 0.108280 0.157706 0.114650 0.154122 0.111465 0.136201 0.073248 0.107527 0.038217 0.089606
0 0.748408 0.093190 0.745223 0.096774 0.745223 0.103943 0.764331 0.129032 0.773885 0.150538 0.773885 0.161290 0.783439 0.175627 0.789809 0.175627 0.792994 0.172043 0.792994 0.146953 0.786624 0.139785 0.780255 0.125448 0.780255 0.118280 0.754777 0.093190
0 0.713376 0.114695 0.713376 0.121864 0.716561 0.125448 0.716561 0.129032 0.719745 0.129032 0.735669 0.146953 0.735669 0.150538 0.745223 0.161290 0.748408 0.161290 0.751592 0.157706 0.748408 0.154122 0.748408 0.143369 0.745223 0.139785 0.738854 0.121864 0.726115 0.111111 0.719745 0.111111 0.716561 0.114695
0 0.541401 0.125448 0.538217 0.129032 0.538217 0.136201 0.544586 0.150538 0.547771 0.172043 0.557325 0.189964 0.566879 0.189964 0.576433 0.175627 0.576433 0.157706 0.570064 0.150538 0.570064 0.143369 0.563694 0.132616 0.550955 0.125448
0 0.649682 0.136201 0.649682 0.139785 0.646497 0.143369 0.649682 0.146953 0.649682 0.154122 0.652866 0.157706 0.668790 0.164875 0.675159 0.172043 0.684713 0.172043 0.687898 0.168459 0.687898 0.157706 0.681529 0.150538 0.681529 0.146953 0.678344 0.143369 0.675159 0.143369 0.671975 0.139785 0.659236 0.139785 0.656051 0.136201
0 0.815287 0.139785 0.815287 0.164875 0.818471 0.168459 0.818471 0.182796 0.824841 0.193548 0.824841 0.200717 0.837580 0.218638 0.847134 0.218638 0.850318 0.215054 0.850318 0.197133 0.847134 0.193548 0.843949 0.168459 0.837580 0.154122 0.824841 0.139785
0 0.296178 0.143369 0.296178 0.150538 0.299363 0.154122 0.299363 0.161290 0.302548 0.164875 0.302548 0.172043 0.305732 0.175627 0.305732 0.179211 0.312102 0.186380 0.312102 0.189964 0.318471 0.189964 0.321656 0.193548 0.328025 0.182796 0.328025 0.172043 0.331210 0.168459 0.331210 0.164875 0.328025 0.164875 0.324841 0.161290 0.324841 0.157706 0.321656 0.154122 0.318471 0.154122 0.308917 0.143369
0 0.484076 0.150538 0.477707 0.157706 0.480892 0.161290 0.484076 0.179211 0.490446 0.186380 0.490446 0.189964 0.496815 0.200717 0.509554 0.200717 0.512739 0.197133 0.512739 0.168459 0.509554 0.164875 0.509554 0.157706 0.500000 0.146953
0 0.582803 0.146953 0.579618 0.150538 0.579618 0.182796 0.592357 0.215054 0.608280 0.240143 0.614650 0.243728 0.614650 0.229391 0.605096 0.211470 0.592357 0.154122
0 0.280255 0.161290 0.273885 0.161290 0.261146 0.168459 0.257962 0.175627 0.257962 0.186380 0.254777 0.189964 0.254777 0.197133 0.257962 0.204301 0.270701 0.215054 0.286624 0.211470 0.292994 0.200717 0.292994 0.175627 0.289809 0.168459
0 0.334395 0.168459 0.331210 0.172043 0.331210 0.182796 0.324841 0.193548 0.337580 0.207885 0.340764 0.207885 0.347134 0.215054 0.353503 0.215054 0.366242 0.200717 0.366242 0.189964 0.350318 0.172043 0.347134 0.172043 0.343949 0.168459
0 0.006369 0.179211 0.006369 0.186380 0.009554 0.186380 0.012739 0.189964 0.025478 0.189964 0.028662 0.186380 0.031847 0.186380 0.031847 0.175627 0.025478 0.175627 0.022293 0.172043 0.015924 0.172043 0.012739 0.175627 0.009554 0.175627
0 0.108280 0.179211 0.108280 0.189964 0.111465 0.197133 0.127389 0.211470 0.133758 0.211470 0.143312 0.218638 0.165605 0.218638 0.171975 0.207885 0.171975 0.189964 0.159236 0.175627 0.152866 0.175627 0.149682 0.172043 0.114650 0.172043
0 0.407643 0.172043 0.407643 0.193548 0.410828 0.197133 0.410828 0.204301 0.417197 0.211470 0.417197 0.215054 0.420382 0.218638 0.423567 0.218638 0.426752 0.222222 0.433121 0.222222 0.439490 0.211470 0.436306 0.207885 0.436306 0.200717 0.433121 0.197133 0.433121 0.193548 0.414013 0.172043
0 0.671975 0.186380 0.675159 0.197133 0.687898 0.211470 0.691083 0.211470 0.697452 0.218638 0.700637 0.218638 0.710191 0.211470 0.710191 0.204301 0.700637 0.193548 0.697452 0.193548 0.681529 0.182796 0.675159 0.182796
0 0.474522 0.193548 0.471338 0.197133 0.471338 0.200717 0.480892 0.211470 0.487261 0.211470 0.490446 0.207885 0.490446 0.204301 0.487261 0.204301 0.484076 0.200717 0.484076 0.197133 0.480892 0.197133 0.477707 0.193548
0 0.640127 0.193548 0.636943 0.197133 0.636943 0.211470 0.640127 0.215054 0.640127 0.222222 0.643312 0.225806 0.646497 0.243728 0.656051 0.254480 0.659236 0.254480 0.659236 0.247312 0.656051 0.243728 0.656051 0.240143 0.649682 0.229391 0.649682 0.222222 0.646497 0.218638 0.646497 0.193548
0 0.745223 0.200717 0.742038 0.204301 0.742038 0.218638 0.745223 0.222222 0.745223 0.229391 0.754777 0.243728 0.757962 0.254480 0.764331 0.261649 0.770701 0.261649 0.773885 0.258065 0.773885 0.232975 0.770701 0.229391 0.770701 0.218638 0.761146 0.204301 0.754777 0.200717
0 0.713376 0.207885 0.713376 0.211470 0.710191 0.215054 0.710191 0.218638 0.713376 0.222222 0.713376 0.229391 0.716561 0.232975 0.719745 0.232975 0.722930 0.236559 0.726115 0.236559 0.726115 0.222222 0.722930 0.218638 0.722930 0.215054 0.716561 0.207885
0 0.477707 0.229391 0.477707 0.236559 0.484076 0.243728 0.490446 0.243728 0.493631 0.247312 0.503185 0.247312 0.506369 0.250896 0.515924 0.250896 0.515924 0.240143 0.512739 0.240143 0.509554 0.236559 0.503185 0.236559 0.500000 0.232975 0.496815 0.232975 0.493631 0.229391 0.487261 0.229391 0.484076 0.225806 0.480892 0.225806
0 0.009554 0.236559 0.009554 0.254480 0.022293 0.268817 0.060510 0.290323 0.066879 0.290323 0.076433 0.283154 0.079618 0.268817 0.073248 0.254480 0.060510 0.243728 0.035032 0.229391 0.019108 0.229391
0 0.818471 0.229391 0.818471 0.232975 0.815287 0.236559 0.818471 0.240143 0.818471 0.247312 0.821656 0.250896 0.824841 0.261649 0.834395 0.268817 0.840764 0.268817 0.847134 0.261649 0.847134 0.250896 0.834395 0.236559 0.831210 0.236559 0.828025 0.232975
0 0.687898 0.258065 0.684713 0.261649 0.684713 0.275986 0.691083 0.286738 0.691083 0.293907 0.697452 0.301075 0.697452 0.304659 0.700637 0.308244 0.713376 0.308244 0.713376 0.297491 0.700637 0.272401 0.700637 0.265233 0.697452 0.261649 0.697452 0.258065
0 0.324841 0.272401 0.318471 0.279570 0.318471 0.290323 0.321656 0.293907 0.321656 0.297491 0.324841 0.297491 0.331210 0.304659 0.334395 0.304659 0.337580 0.308244 0.347134 0.308244 0.347134 0.304659 0.350318 0.301075 0.347134 0.297491 0.347134 0.293907 0.340764 0.286738 0.340764 0.283154 0.334395 0.275986
0 0.579618 0.275986 0.579618 0.283154 0.585987 0.290323 0.621019 0.290323 0.624204 0.293907 0.633758 0.293907 0.636943 0.290323 0.633758 0.279570 0.630573 0.279570 0.627389 0.275986 0.621019 0.275986 0.617834 0.272401 0.582803 0.272401
0 0.455414 0.283154 0.455414 0.286738 0.452229 0.290323 0.452229 0.308244 0.455414 0.311828 0.455414 0.315412 0.464968 0.318996 0.474522 0.329749 0.477707 0.329749 0.480892 0.333333 0.487261 0.333333 0.487261 0.311828 0.484076 0.308244 0.484076 0.297491 0.480892 0.293907 0.477707 0.283154
0 0.363057 0.290323 0.356688 0.297491 0.356688 0.304659 0.359873 0.308244 0.359873 0.311828 0.363057 0.311828 0.366242 0.315412 0.372611 0.315412 0.375796 0.311828 0.375796 0.301075 0.372611 0.297491 0.369427 0.297491
0 0.500000 0.297491 0.500000 0.301075 0.503185 0.304659 0.519108 0.304659 0.519108 0.301075 0.512739 0.301075 0.509554 0.297491
0 0.773885 0.304659 0.773885 0.308244 0.770701 0.311828 0.780255 0.322581 0.783439 0.322581 0.792994 0.329749 0.799363 0.329749 0.808917 0.336918 0.815287 0.336918 0.815287 0.333333 0.808917 0.326165 0.808917 0.322581 0.792994 0.304659 0.789809 0.304659 0.786624 0.301075 0.780255 0.301075 0.777070 0.304659
0 0.585987 0.315412 0.589172 0.318996 0.589172 0.322581 0.595541 0.329749 0.598726 0.329749 0.601911 0.333333 0.611465 0.336918 0.617834 0.344086 0.624204 0.344086 0.624204 0.336918 0.617834 0.329749 0.608280 0.326165 0.601911 0.318996 0.601911 0.315412 0.598726 0.315412 0.595541 0.311828 0.589172 0.311828
0 0.630573 0.315412 0.630573 0.322581 0.659236 0.354839 0.662420 0.354839 0.662420 0.344086 0.659236 0.340502 0.659236 0.336918 0.643312 0.318996 0.640127 0.318996 0.636943 0.315412
0 0.531847 0.318996 0.528662 0.329749 0.531847 0.333333 0.531847 0.347670 0.535032 0.354839 0.538217 0.354839 0.547771 0.365591 0.554140 0.369176 0.563694 0.369176 0.573248 0.376344 0.576433 0.372760 0.576433 0.365591 0.560510 0.329749 0.544586 0.318996
0 0.385350 0.322581 0.378981 0.333333 0.378981 0.344086 0.382166 0.347670 0.382166 0.351254 0.385350 0.354839 0.388535 0.354839 0.391720 0.358423 0.398089 0.358423 0.401274 0.362007 0.410828 0.358423 0.417197 0.351254 0.417197 0.340502 0.414013 0.336918 0.414013 0.333333 0.404459 0.326165 0.398089 0.326165 0.394904 0.322581
0 0.697452 0.326165 0.697452 0.336918 0.703822 0.347670 0.722930 0.354839 0.732484 0.365591 0.738854 0.365591 0.742038 0.369176 0.748408 0.365591 0.748408 0.351254 0.735669 0.336918 0.729299 0.333333 0.716561 0.333333 0.700637 0.322581
0 0.257962 0.336918 0.261146 0.340502 0.264331 0.340502 0.267516 0.344086 0.267516 0.347670 0.270701 0.347670 0.273885 0.351254 0.277070 0.351254 0.280255 0.347670 0.283439 0.347670 0.283439 0.340502 0.277070 0.333333 0.261146 0.333333
0 0.331210 0.344086 0.331210 0.358423 0.334395 0.362007 0.334395 0.365591 0.350318 0.379928 0.353503 0.379928 0.356688 0.383513 0.363057 0.383513 0.366242 0.379928 0.366242 0.372760 0.363057 0.369176 0.363057 0.362007 0.343949 0.340502 0.337580 0.340502 0.334395 0.344086
0 0.439490 0.351254 0.439490 0.354839 0.436306 0.358423 0.442675 0.365591 0.445860 0.365591 0.449045 0.369176 0.455414 0.369176 0.461783 0.376344 0.464968 0.376344 0.468153 0.379928 0.471338 0.376344 0.474522 0.376344 0.474522 0.365591 0.461783 0.351254
0 0.767516 0.369176 0.770701 0.379928 0.786624 0.394265 0.789809 0.394265 0.799363 0.401434 0.805732 0.401434 0.812102 0.394265 0.812102 0.379928 0.815287 0.376344 0.812102 0.376344 0.799363 0.362007 0.773885 0.362007
0 0.229299 0.383513 0.229299 0.390681 0.235669 0.397849 0.235669 0.401434 0.251592 0.419355 0.264331 0.419355 0.264331 0.415771 0.257962 0.408602 0.254777 0.408602 0.235669 0.387097 0.235669 0.383513
0 0.312102 0.383513 0.312102 0.401434 0.308917 0.405018 0.308917 0.419355 0.312102 0.422939 0.315287 0.437276 0.318471 0.440860 0.331210 0.440860 0.343949 0.433692 0.350318 0.422939 0.343949 0.408602 0.337580 0.401434 0.337580 0.397849 0.334395 0.397849 0.321656 0.383513
0 0.191083 0.394265 0.191083 0.397849 0.207006 0.415771 0.210191 0.415771 0.213376 0.419355 0.222930 0.419355 0.226115 0.422939 0.232484 0.422939 0.232484 0.419355 0.229299 0.415771 0.229299 0.408602 0.216561 0.394265 0.213376 0.394265 0.210191 0.390681 0.194268 0.390681
0 0.592357 0.397849 0.592357 0.408602 0.601911 0.419355 0.605096 0.419355 0.608280 0.415771 0.608280 0.412186 0.605096 0.408602 0.605096 0.401434 0.601911 0.401434 0.598726 0.397849
0 0.531847 0.408602 0.531847 0.415771 0.547771 0.433692 0.547771 0.437276 0.557325 0.448029 0.560510 0.448029 0.563694 0.444444 0.570064 0.444444 0.570064 0.426523 0.566879 0.422939 0.563694 0.422939 0.554140 0.415771 0.547771 0.415771 0.538217 0.408602
0 0.194268 0.415771 0.194268 0.426523 0.207006 0.440860 0.213376 0.455197 0.222930 0.465950 0.235669 0.469534 0.238854 0.458781 0.235669 0.455197 0.235669 0.440860 0.232484 0.437276 0.232484 0.426523 0.226115 0.426523 0.222930 0.422939 0.213376 0.422939 0.203822 0.415771
0 0.420382 0.433692 0.417197 0.437276 0.417197 0.448029 0.455414 0.494624 0.464968 0.494624 0.464968 0.473118 0.452229 0.455197 0.452229 0.451613 0.429936 0.433692
0 0.251592 0.440860 0.251592 0.444444 0.254777 0.448029 0.254777 0.451613 0.261146 0.451613 0.264331 0.455197 0.270701 0.455197 0.270701 0.448029 0.267516 0.444444 0.264331 0.444444 0.257962 0.437276 0.254777 0.437276
0 0.636943 0.444444 0.633758 0.444444 0.627389 0.451613 0.627389 0.458781 0.633758 0.465950 0.636943 0.462366 0.640127 0.462366 0.643312 0.458781 0.643312 0.451613
0 0.652866 0.448029 0.665605 0.462366 0.671975 0.462366 0.675159 0.465950 0.678344 0.465950 0.681529 0.462366 0.684713 0.462366 0.684713 0.448029 0.681529 0.444444 0.656051 0.444444
0 0.321656 0.458781 0.324841 0.462366 0.324841 0.465950 0.340764 0.483871 0.343949 0.483871 0.353503 0.491039 0.359873 0.491039 0.359873 0.480287 0.356688 0.476703 0.353503 0.476703 0.331210 0.455197 0.324841 0.455197
0 0.254777 0.483871 0.254777 0.494624 0.257962 0.498208 0.257962 0.501792 0.267516 0.501792 0.267516 0.491039 0.261146 0.483871
0 0.595541 0.483871 0.595541 0.494624 0.598726 0.498208 0.598726 0.505376 0.605096 0.512545 0.608280 0.512545 0.611465 0.508961 0.611465 0.498208 0.608280 0.494624 0.608280 0.491039 0.601911 0.483871
0 0.652866 0.491039 0.652866 0.498208 0.662420 0.508961 0.662420 0.512545 0.665605 0.516129 0.668790 0.526882 0.675159 0.534050 0.681529 0.534050 0.681529 0.530466 0.684713 0.526882 0.684713 0.519713 0.681529 0.516129 0.678344 0.505376 0.668790 0.494624 0.665605 0.494624 0.662420 0.491039
0 0.092357 0.501792 0.092357 0.508961 0.095541 0.512545 0.098726 0.523297 0.105096 0.530466 0.105096 0.534050 0.108280 0.537634 0.117834 0.537634 0.121019 0.534050 0.124204 0.534050 0.133758 0.523297 0.133758 0.516129 0.121019 0.501792 0.114650 0.501792 0.111465 0.498208 0.095541 0.498208
0 0.627389 0.498208 0.621019 0.505376 0.621019 0.512545 0.624204 0.516129 0.624204 0.519713 0.627389 0.523297 0.636943 0.523297 0.640127 0.519713 0.640127 0.516129 0.643312 0.512545 0.643312 0.508961 0.640127 0.505376 0.640127 0.501792 0.636943 0.501792 0.633758 0.498208
0 0.761146 0.501792 0.761146 0.505376 0.757962 0.508961 0.757962 0.516129 0.761146 0.519713 0.761146 0.523297 0.764331 0.526882 0.777070 0.526882 0.780255 0.523297 0.780255 0.508961 0.773885 0.501792
0 0.700637 0.530466 0.697452 0.534050 0.697452 0.537634 0.694268 0.541219 0.694268 0.548387 0.697452 0.551971 0.697452 0.555556 0.700637 0.559140 0.707006 0.559140 0.707006 0.537634
0 0.630573 0.555556 0.630573 0.562724 0.643312 0.577061 0.646497 0.577061 0.649682 0.573477 0.649682 0.569892 0.646497 0.566308 0.646497 0.562724 0.640127 0.555556
0 0.414013 0.573477 0.410828 0.577061 0.410828 0.584229 0.417197 0.591398 0.417197 0.594982 0.420382 0.598566 0.420382 0.602151 0.423567 0.605735 0.429936 0.605735 0.426752 0.602151 0.426752 0.594982 0.423567 0.591398 0.423567 0.584229 0.420382 0.580645 0.420382 0.577061 0.417197 0.573477
0 0.538217 0.577061 0.538217 0.580645 0.544586 0.587814 0.544586 0.591398 0.547771 0.591398 0.550955 0.594982 0.560510 0.594982 0.563694 0.598566 0.573248 0.598566 0.573248 0.591398 0.566879 0.584229 0.563694 0.584229 0.560510 0.580645 0.557325 0.580645 0.547771 0.573477 0.541401 0.573477
0 0.834395 0.573477 0.834395 0.577061 0.866242 0.612903 0.869427 0.612903 0.878981 0.623656 0.891720 0.623656 0.888535 0.612903 0.875796 0.598566
0 0.003185 0.584229 0.003185 0.594982 0.006369 0.598566 0.015924 0.598566 0.019108 0.602151 0.028662 0.602151 0.028662 0.594982 0.025478 0.594982 0.022293 0.591398 0.019108 0.591398 0.015924 0.587814 0.009554 0.587814 0.006369 0.584229
0 0.076433 0.598566 0.076433 0.609319 0.079618 0.612903 0.082803 0.612903 0.085987 0.616487 0.092357 0.616487 0.095541 0.620072 0.121019 0.620072 0.127389 0.612903 0.127389 0.602151 0.114650 0.587814 0.108280 0.587814 0.105096 0.584229 0.092357 0.584229 0.089172 0.587814 0.085987 0.587814
0 0.000000 0.616487 0.000000 0.655914 0.003185 0.655914 0.006369 0.659498 0.012739 0.652330 0.015924 0.652330 0.019108 0.648746 0.019108 0.634409 0.015924 0.630824 0.015924 0.627240 0.006369 0.616487
0 0.684713 0.623656 0.681529 0.627240 0.681529 0.637993 0.684713 0.641577 0.684713 0.645161 0.697452 0.655914 0.700637 0.655914 0.713376 0.670251 0.719745 0.670251 0.719745 0.655914 0.716561 0.652330 0.710191 0.634409 0.700637 0.623656
0 0.108280 0.634409 0.098726 0.634409 0.095541 0.630824 0.089172 0.630824 0.085987 0.634409 0.060510 0.634409 0.060510 0.641577 0.063694 0.641577 0.066879 0.645161 0.082803 0.645161 0.085987 0.648746 0.089172 0.645161 0.092357 0.648746 0.105096 0.648746 0.108280 0.645161
0 0.070064 0.659498 0.070064 0.663082 0.066879 0.666667 0.066879 0.673835 0.070064 0.677419 0.070064 0.681004 0.073248 0.681004 0.076433 0.684588 0.092357 0.684588 0.095541 0.681004 0.098726 0.681004 0.098726 0.670251 0.092357 0.659498
0 0.124204 0.673835 0.124204 0.677419 0.121019 0.681004 0.124204 0.684588 0.124204 0.688172 0.127389 0.691756 0.127389 0.698925 0.133758 0.706093 0.133758 0.709677 0.146497 0.720430 0.162420 0.720430 0.165605 0.716846 0.165605 0.702509 0.143312 0.677419 0.140127 0.677419 0.136943 0.673835
0 0.528662 0.681004 0.528662 0.688172 0.566879 0.727599 0.576433 0.731183 0.582803 0.724014 0.582803 0.702509 0.576433 0.695341 0.554140 0.684588 0.547771 0.677419 0.531847 0.677419
0 0.627389 0.698925 0.611465 0.698925 0.601911 0.709677 0.595541 0.724014 0.595541 0.741935 0.605096 0.752688 0.614650 0.752688 0.621019 0.745520 0.624204 0.745520 0.633758 0.731183 0.633758 0.713262
0 0.707006 0.727599 0.707006 0.734767 0.713376 0.741935 0.713376 0.745520 0.716561 0.749104 0.716561 0.752688 0.719745 0.756272 0.722930 0.756272 0.722930 0.745520 0.716561 0.738351 0.716561 0.734767 0.710191 0.727599
0 0.047771 0.756272 0.047771 0.759857 0.066879 0.767025 0.076433 0.781362 0.076433 0.784946 0.079618 0.784946 0.085987 0.792115 0.092357 0.795699 0.098726 0.795699 0.101911 0.792115 0.095541 0.788530 0.085987 0.777778 0.073248 0.770609 0.063694 0.759857 0.057325 0.756272
0 0.675159 0.759857 0.671975 0.759857 0.665605 0.767025 0.656051 0.767025 0.649682 0.774194 0.649682 0.784946 0.652866 0.788530 0.652866 0.792115 0.662420 0.799283 0.675159 0.799283 0.684713 0.792115 0.684713 0.774194 0.678344 0.767025 0.678344 0.763441
0 0.334395 0.770609 0.334395 0.777778 0.337580 0.781362 0.337580 0.784946 0.347134 0.795699 0.347134 0.799283 0.353503 0.799283 0.353503 0.792115 0.347134 0.784946 0.347134 0.781362 0.343949 0.777778 0.343949 0.774194 0.340764 0.774194 0.337580 0.770609
0 0.557325 0.770609 0.557325 0.774194 0.554140 0.777778 0.554140 0.781362 0.557325 0.784946 0.557325 0.788530 0.560510 0.788530 0.563694 0.792115 0.570064 0.792115 0.573248 0.788530 0.576433 0.788530 0.576433 0.781362 0.573248 0.777778 0.573248 0.774194 0.570064 0.770609
0 0.041401 0.788530 0.041401 0.795699 0.050955 0.806452 0.050955 0.810036 0.070064 0.824373 0.076433 0.824373 0.079618 0.827957 0.089172 0.827957 0.095541 0.820789 0.092357 0.813620 0.089172 0.813620 0.073248 0.795699 0.070064 0.795699 0.063694 0.788530 0.054140 0.788530 0.050955 0.784946 0.044586 0.784946
0 0.222930 0.788530 0.203822 0.802867 0.197452 0.817204 0.200637 0.831541 0.222930 0.849462 0.242038 0.849462 0.248408 0.845878 0.254777 0.835125 0.251592 0.831541 0.248408 0.810036 0.235669 0.788530
0 0.783439 0.802867 0.783439 0.813620 0.786624 0.817204 0.786624 0.820789 0.802548 0.838710 0.812102 0.838710 0.812102 0.835125 0.805732 0.827957 0.805732 0.824373 0.802548 0.820789 0.799363 0.820789 0.789809 0.810036 0.789809 0.806452 0.786624 0.806452
0 0.292994 0.831541 0.292994 0.845878 0.296178 0.849462 0.299363 0.849462 0.312102 0.863799 0.328025 0.863799 0.331210 0.860215 0.331210 0.849462 0.328025 0.845878 0.328025 0.842294 0.321656 0.835125 0.318471 0.835125 0.315287 0.831541 0.308917 0.831541 0.305732 0.827957 0.296178 0.827957
0 0.133758 0.835125 0.130573 0.838710 0.130573 0.845878 0.133758 0.849462 0.133758 0.853047 0.136943 0.853047 0.146497 0.863799 0.152866 0.863799 0.156051 0.860215 0.156051 0.853047 0.152866 0.849462 0.152866 0.845878 0.149682 0.842294 0.146497 0.842294 0.143312 0.838710 0.140127 0.838710 0.136943 0.835125
0 0.703822 0.842294 0.703822 0.845878 0.700637 0.849462 0.700637 0.860215 0.710191 0.870968 0.722930 0.870968 0.726115 0.874552 0.735669 0.874552 0.735669 0.867384 0.722930 0.853047 0.722930 0.849462 0.719745 0.845878 0.716561 0.845878 0.713376 0.842294
0 0.337580 0.849462 0.334395 0.853047 0.334395 0.860215 0.331210 0.863799 0.334395 0.874552 0.343949 0.885305 0.347134 0.885305 0.356688 0.892473 0.359873 0.888889 0.363057 0.888889 0.363057 0.881720 0.366242 0.878136 0.366242 0.860215 0.363057 0.856631 0.363057 0.853047 0.356688 0.845878 0.347134 0.845878 0.343949 0.849462
0 0.636943 0.853047 0.633758 0.856631 0.633758 0.870968 0.636943 0.874552 0.636943 0.881720 0.640127 0.888889 0.652866 0.899642 0.659236 0.899642 0.662420 0.903226 0.671975 0.903226 0.675159 0.899642 0.675159 0.892473 0.665605 0.878136 0.665605 0.874552 0.662420 0.878136 0.643312 0.856631
0 0.003185 0.863799 0.003185 0.878136 0.022293 0.896057 0.031847 0.896057 0.035032 0.899642 0.066879 0.899642 0.073248 0.896057 0.073248 0.885305 0.038217 0.863799 0.028662 0.863799 0.025478 0.860215 0.006369 0.860215
0 0.388535 0.860215 0.388535 0.870968 0.394904 0.878136 0.417197 0.881720 0.429936 0.888889 0.442675 0.888889 0.445860 0.885305 0.445860 0.878136 0.442675 0.874552 0.423567 0.863799 0.410828 0.863799 0.407643 0.860215
0 0.767516 0.867384 0.770701 0.870968 0.770701 0.874552 0.773885 0.874552 0.789809 0.888889 0.792994 0.888889 0.796178 0.892473 0.808917 0.892473 0.808917 0.888889 0.802548 0.878136 0.796178 0.878136 0.792994 0.874552 0.783439 0.870968 0.777070 0.863799 0.770701 0.863799
0 0.671975 0.867384 0.668790 0.870968 0.668790 0.878136 0.675159 0.885305 0.675159 0.888889 0.678344 0.892473 0.678344 0.896057 0.681529 0.896057 0.684713 0.899642 0.694268 0.899642 0.694268 0.888889 0.684713 0.878136 0.684713 0.874552 0.681529 0.870968 0.678344 0.870968 0.675159 0.867384
0 0.805732 0.878136 0.808917 0.881720 0.808917 0.885305 0.812102 0.888889 0.812102 0.892473 0.815287 0.892473 0.824841 0.885305 0.837580 0.885305 0.840764 0.881720 0.840764 0.878136 0.837580 0.874552 0.831210 0.874552 0.828025 0.870968 0.818471 0.870968 0.815287 0.867384 0.812102 0.867384
0 0.025478 0.913978 0.022293 0.917563 0.022293 0.921147 0.025478 0.924731 0.025478 0.928315 0.028662 0.928315 0.031847 0.931900 0.035032 0.931900 0.038217 0.935484 0.041401 0.935484 0.044586 0.931900 0.044586 0.921147 0.038217 0.913978
0 0.624204 0.921147 0.621019 0.924731 0.621019 0.946237 0.624204 0.949821 0.636943 0.949821 0.640127 0.946237 0.640127 0.931900 0.636943 0.928315 0.636943 0.924731 0.633758 0.921147
0 0.251592 0.935484 0.251592 0.942652 0.254777 0.942652 0.257962 0.946237 0.267516 0.946237 0.267516 0.942652 0.261146 0.935484
0 0.108280 0.939068 0.105096 0.942652 0.105096 0.956989 0.114650 0.967742 0.124204 0.967742 0.127389 0.964158 0.127389 0.956989 0.121019 0.949821 0.121019 0.946237 0.117834 0.942652 0.114650 0.942652 0.111465 0.939068
0 0.003185 0.942652 0.000000 0.946237 0.000000 0.956989 0.003185 0.960573 0.003185 0.967742 0.012739 0.967742 0.015924 0.964158 0.015924 0.956989
0 0.028662 0.949821 0.028662 0.964158 0.038217 0.974910 0.050955 0.982079 0.070064 0.985663 0.089172 0.974910 0.089172 0.960573 0.082803 0.953405 0.070064 0.946237 0.060510 0.946237 0.057325 0.949821
0 0.582803 0.949821 0.579618 0.960573 0.592357 0.974910 0.595541 0.974910 0.598726 0.978495 0.605096 0.978495 0.614650 0.985663 0.624204 0.982079 0.624204 0.974910 0.621019 0.971326 0.611465 0.967742 0.595541 0.949821 0.592357 0.949821 0.589172 0.946237 0.585987 0.949821
0 0.853503 0.946237 0.853503 0.953405 0.856688 0.956989 0.856688 0.960573 0.875796 0.982079 0.882166 0.982079 0.885350 0.985663 0.888535 0.982079 0.894904 0.982079 0.898089 0.978495 0.901274 0.967742 0.891720 0.953405 0.888535 0.953405 0.878981 0.946237
0 0.372611 0.960573 0.372611 0.971326 0.385350 0.985663 0.391720 0.985663 0.398089 0.978495 0.398089 0.971326 0.394904 0.967742 0.388535 0.967742 0.385350 0.964158 0.382166 0.964158 0.378981 0.960573
0 0.445860 0.985663 0.449045 0.985663 0.452229 0.989247 0.455414 0.989247 0.458599 0.992832 0.474522 0.992832 0.471338 0.989247 0.464968 0.989247 0.461783 0.985663 0.452229 0.985663 0.449045 0.982079
0 0.232484 0.989247 0.232484 0.996416 0.261146 0.996416 0.261146 0.989247 0.254777 0.989247 0.251592 0.985663 0.235669 0.985663
0 0.649682 0.985663 0.649682 0.992832 0.659236 0.992832 0.662420 0.996416 0.694268 0.996416 0.697452 0.992832 0.694268 0.989247 0.678344 0.989247 0.675159 0.985663
