0 0.282540 0.003597 0.282540 0.010791 0.292063 0.021583 0.298413 0.021583 0.301587 0.025180 0.304762 0.025180 0.307937 0.021583 0.317460 0.021583 0.326984 0.010791 0.326984 0.003597 0.323810 0.000000 0.285714 0.000000
0 0.371429 0.003597 0.371429 0.021583 0.377778 0.028777 0.384127 0.028777 0.387302 0.032374 0.396825 0.032374 0.400000 0.035971 0.403175 0.035971 0.412698 0.028777 0.412698 0.025180 0.409524 0.021583 0.409524 0.010791 0.403175 0.003597 0.400000 0.003597 0.396825 0.000000 0.377778 0.000000 0.374603 0.003597
0 0.428571 0.021583 0.431746 0.032374 0.450794 0.046763 0.457143 0.046763 0.460317 0.050360 0.476190 0.050360 0.482540 0.046763 0.482540 0.035971 0.473016 0.025180 0.466667 0.025180 0.450794 0.014388 0.434921 0.014388
0 0.120635 0.025180 0.120635 0.035971 0.126984 0.043165 0.130159 0.053957 0.142857 0.068345 0.155556 0.068345 0.161905 0.061151 0.161905 0.053957 0.158730 0.050360 0.155556 0.039568 0.142857 0.025180
0 0.177778 0.032374 0.174603 0.035971 0.174603 0.043165 0.177778 0.046763 0.177778 0.057554 0.180952 0.061151 0.184127 0.079137 0.193651 0.093525 0.200000 0.093525 0.200000 0.089928 0.196825 0.086331 0.196825 0.057554 0.190476 0.046763 0.190476 0.039568 0.187302 0.035971 0.187302 0.032374
0 0.488889 0.050360 0.488889 0.053957 0.495238 0.057554 0.504762 0.057554 0.507937 0.053957 0.511111 0.057554 0.526984 0.057554 0.530159 0.061151 0.546032 0.061151 0.549206 0.053957 0.549206 0.046763 0.523810 0.046763 0.520635 0.043165 0.498413 0.043165
0 0.571429 0.061151 0.574603 0.064748 0.574603 0.068345 0.580952 0.075540 0.584127 0.075540 0.587302 0.079137 0.600000 0.079137 0.603175 0.075540 0.609524 0.075540 0.615873 0.068345 0.615873 0.057554 0.609524 0.050360 0.606349 0.050360 0.603175 0.046763 0.584127 0.046763 0.580952 0.050360 0.577778 0.050360
0 0.634921 0.057554 0.634921 0.064748 0.638095 0.071942 0.644444 0.079137 0.647619 0.079137 0.660317 0.089928 0.666667 0.089928 0.669841 0.093525 0.673016 0.089928 0.679365 0.089928 0.685714 0.079137 0.685714 0.071942 0.669841 0.053957 0.663492 0.053957 0.660317 0.050360 0.641270 0.050360
0 0.200000 0.061151 0.200000 0.086331 0.203175 0.089928 0.209524 0.089928 0.234921 0.104317 0.244444 0.104317 0.247619 0.100719 0.247619 0.093525 0.241270 0.086331 0.241270 0.082734 0.238095 0.082734 0.228571 0.071942 0.219048 0.068345 0.206349 0.057554
0 0.707937 0.064748 0.707937 0.075540 0.730159 0.100719 0.736508 0.100719 0.739683 0.097122 0.742857 0.097122 0.752381 0.086331 0.752381 0.071942 0.739683 0.061151 0.733333 0.061151 0.730159 0.057554 0.717460 0.057554
0 0.863492 0.079137 0.873016 0.104317 0.888889 0.118705 0.888889 0.143885 0.892063 0.147482 0.911111 0.147482 0.926984 0.136691 0.942857 0.133094 0.942857 0.125899 0.933333 0.122302 0.923810 0.107914 0.933333 0.093525 0.933333 0.082734 0.926984 0.071942 0.917460 0.071942 0.907937 0.064748 0.892063 0.064748
0 0.996825 0.086331 0.993651 0.086331 0.993651 0.089928 0.980952 0.104317 0.980952 0.107914 0.977778 0.111511 0.977778 0.115108 0.980952 0.118705 0.993651 0.118705 0.993651 0.115108 0.996825 0.111511
0 0.806349 0.097122 0.806349 0.104317 0.809524 0.107914 0.815873 0.107914 0.831746 0.125899 0.834921 0.125899 0.838095 0.129496 0.850794 0.129496 0.857143 0.122302 0.857143 0.107914 0.844444 0.093525 0.841270 0.093525 0.838095 0.089928 0.822222 0.089928 0.819048 0.093525 0.812698 0.093525 0.809524 0.097122
0 0.606349 0.107914 0.606349 0.118705 0.612698 0.125899 0.615873 0.125899 0.619048 0.129496 0.625397 0.129496 0.628571 0.133094 0.641270 0.133094 0.650794 0.125899 0.650794 0.118705 0.634921 0.100719 0.628571 0.100719 0.619048 0.107914
0 0.765079 0.125899 0.765079 0.143885 0.777778 0.158273 0.784127 0.161871 0.809524 0.161871 0.822222 0.154676 0.822222 0.151079 0.815873 0.143885 0.806349 0.140288 0.796825 0.129496 0.793651 0.129496 0.780952 0.118705 0.771429 0.118705
0 0.482540 0.143885 0.482540 0.151079 0.485714 0.154676 0.507937 0.154676 0.517460 0.147482 0.517460 0.140288 0.514286 0.136691 0.492063 0.136691
0 0.647619 0.161871 0.647619 0.169065 0.676190 0.194245 0.688889 0.194245 0.698413 0.183453 0.711111 0.194245 0.723810 0.194245 0.733333 0.187050 0.733333 0.172662 0.726984 0.165468 0.688889 0.140288 0.669841 0.140288 0.657143 0.147482
0 0.285714 0.158273 0.279365 0.165468 0.279365 0.176259 0.282540 0.183453 0.311111 0.215827 0.317460 0.219424 0.323810 0.215827 0.323810 0.183453 0.320635 0.179856 0.320635 0.172662 0.311111 0.161871 0.304762 0.161871 0.301587 0.158273
0 0.441270 0.158273 0.441270 0.172662 0.444444 0.176259 0.457143 0.176259 0.460317 0.179856 0.466667 0.172662 0.457143 0.172662 0.444444 0.158273
0 0.819048 0.190647 0.822222 0.194245 0.822222 0.205036 0.831746 0.215827 0.853968 0.219424 0.857143 0.223022 0.869841 0.223022 0.876190 0.219424 0.885714 0.205036 0.882540 0.190647 0.863492 0.179856 0.850794 0.179856 0.847619 0.176259 0.831746 0.176259
0 0.485714 0.179856 0.482540 0.183453 0.482540 0.201439 0.492063 0.208633 0.504762 0.208633 0.511111 0.201439 0.511111 0.194245 0.501587 0.183453 0.495238 0.183453 0.492063 0.179856
0 0.533333 0.183453 0.526984 0.187050 0.511111 0.215827 0.511111 0.226619 0.514286 0.233813 0.533333 0.248201 0.549206 0.251799 0.565079 0.233813 0.571429 0.201439 0.561905 0.187050 0.555556 0.187050 0.552381 0.183453
0 0.457143 0.244604 0.457143 0.230216 0.447619 0.219424 0.441270 0.197842 0.431746 0.190647 0.400000 0.201439 0.365079 0.201439 0.361905 0.205036 0.365079 0.226619 0.371429 0.237410 0.390476 0.241007 0.409524 0.237410 0.441270 0.248201
0 0.247619 0.215827 0.234921 0.201439 0.231746 0.201439 0.228571 0.197842 0.215873 0.197842 0.206349 0.212230 0.206349 0.219424 0.203175 0.223022 0.203175 0.237410 0.209524 0.244604 0.222222 0.244604 0.225397 0.241007 0.241270 0.233813 0.247619 0.223022
0 0.714286 0.212230 0.714286 0.223022 0.723810 0.233813 0.730159 0.233813 0.742857 0.241007 0.749206 0.237410 0.758730 0.237410 0.771429 0.230216 0.768254 0.219424 0.765079 0.219424 0.755556 0.208633 0.749206 0.208633 0.746032 0.205036 0.733333 0.205036 0.730159 0.201439 0.720635 0.201439
0 0.596825 0.219424 0.593651 0.219424 0.590476 0.223022 0.587302 0.223022 0.584127 0.226619 0.584127 0.237410 0.587302 0.241007 0.596825 0.241007 0.600000 0.237410 0.603175 0.237410 0.603175 0.226619
0 0.892063 0.230216 0.888889 0.226619 0.866667 0.226619 0.866667 0.230216 0.853968 0.244604 0.853968 0.258993 0.857143 0.262590 0.860317 0.262590 0.863492 0.258993 0.866667 0.258993 0.869841 0.255396 0.873016 0.255396 0.876190 0.251799 0.885714 0.248201 0.885714 0.244604 0.892063 0.237410
0 0.171429 0.230216 0.171429 0.233813 0.168254 0.237410 0.171429 0.241007 0.171429 0.244604 0.177778 0.251799 0.180952 0.251799 0.187302 0.258993 0.190476 0.258993 0.193651 0.262590 0.196825 0.262590 0.203175 0.255396 0.203175 0.251799 0.200000 0.248201 0.200000 0.241007 0.196825 0.237410 0.193651 0.237410 0.187302 0.230216
0 0.673016 0.248201 0.673016 0.255396 0.679365 0.266187 0.692063 0.269784 0.720635 0.287770 0.723810 0.287770 0.733333 0.273381 0.733333 0.258993 0.723810 0.248201 0.704762 0.237410 0.682540 0.237410
0 0.834921 0.248201 0.828571 0.244604 0.806349 0.244604 0.793651 0.251799 0.793651 0.269784 0.774603 0.291367 0.774603 0.298561 0.780952 0.305755 0.809524 0.305755 0.825397 0.298561 0.831746 0.291367 0.838095 0.273381 0.838095 0.255396
0 0.380952 0.255396 0.380952 0.258993 0.384127 0.262590 0.387302 0.262590 0.393651 0.269784 0.396825 0.280576 0.403175 0.287770 0.419048 0.287770 0.422222 0.284173 0.419048 0.280576 0.419048 0.276978 0.403175 0.258993 0.400000 0.258993 0.396825 0.255396 0.387302 0.255396 0.384127 0.251799
0 0.904762 0.258993 0.901587 0.255396 0.892063 0.255396 0.888889 0.251799 0.882540 0.251799 0.857143 0.266187 0.857143 0.280576 0.853968 0.284173 0.853968 0.291367 0.857143 0.294964 0.869841 0.294964 0.876190 0.291367 0.885714 0.280576 0.904762 0.269784
0 0.574603 0.269784 0.574603 0.280576 0.577778 0.284173 0.590476 0.284173 0.593651 0.280576 0.596825 0.280576 0.600000 0.276978 0.600000 0.269784 0.596825 0.266187 0.577778 0.266187
0 0.984127 0.269784 0.980952 0.273381 0.971429 0.276978 0.965079 0.284173 0.965079 0.287770 0.968254 0.291367 0.968254 0.294964 0.974603 0.302158 0.977778 0.302158 0.980952 0.305755 0.990476 0.305755 0.993651 0.309353 0.996825 0.305755 0.996825 0.273381 0.993651 0.269784
0 0.361905 0.302158 0.361905 0.316547 0.371429 0.327338 0.380952 0.327338 0.384127 0.330935 0.412698 0.330935 0.419048 0.323741 0.419048 0.309353 0.415873 0.305755 0.396825 0.305755 0.393651 0.302158 0.387302 0.302158 0.384127 0.298561 0.374603 0.298561 0.371429 0.294964 0.368254 0.294964
0 0.606349 0.305755 0.606349 0.323741 0.622222 0.334532 0.628571 0.334532 0.631746 0.338129 0.644444 0.338129 0.647619 0.341727 0.657143 0.341727 0.663492 0.338129 0.663492 0.320144 0.650794 0.302158 0.644444 0.298561 0.619048 0.298561
0 0.885714 0.312950 0.885714 0.323741 0.917460 0.323741 0.920635 0.320144 0.920635 0.309353 0.917460 0.305755 0.901587 0.305755 0.898413 0.309353 0.892063 0.309353 0.888889 0.312950
0 0.866667 0.312950 0.863492 0.309353 0.847619 0.309353 0.844444 0.312950 0.838095 0.312950 0.803175 0.334532 0.796825 0.341727 0.796825 0.352518 0.800000 0.356115 0.822222 0.356115 0.825397 0.352518 0.831746 0.352518 0.853968 0.338129 0.863492 0.327338
0 0.190476 0.320144 0.187302 0.316547 0.180952 0.316547 0.177778 0.312950 0.161905 0.312950 0.133333 0.341727 0.136508 0.345324 0.161905 0.345324 0.165079 0.341727 0.174603 0.341727 0.177778 0.338129 0.180952 0.338129 0.190476 0.327338
0 0.958730 0.327338 0.958730 0.330935 0.965079 0.338129 0.974603 0.338129 0.977778 0.341727 0.993651 0.341727 0.996825 0.338129 0.996825 0.327338 0.990476 0.320144 0.971429 0.320144 0.968254 0.323741 0.961905 0.323741
0 0.257143 0.323741 0.250794 0.323741 0.247619 0.327338 0.247619 0.345324 0.244444 0.348921 0.244444 0.359712 0.241270 0.363309 0.244444 0.366906 0.244444 0.370504 0.253968 0.377698 0.257143 0.374101 0.260317 0.374101 0.260317 0.359712 0.263492 0.356115 0.263492 0.334532
0 0.704762 0.345324 0.704762 0.352518 0.707937 0.356115 0.711111 0.356115 0.714286 0.359712 0.730159 0.359712 0.733333 0.356115 0.730159 0.352518 0.730159 0.348921 0.726984 0.345324 0.723810 0.345324 0.720635 0.341727 0.717460 0.341727 0.714286 0.338129 0.711111 0.338129
0 0.492063 0.345324 0.488889 0.352518 0.488889 0.363309 0.485714 0.366906 0.485714 0.395683 0.488889 0.399281 0.488889 0.406475 0.501587 0.410072 0.507937 0.402878 0.511111 0.402878 0.526984 0.381295 0.526984 0.363309 0.523810 0.356115 0.504762 0.345324
0 0.215873 0.352518 0.212698 0.352518 0.209524 0.348921 0.203175 0.348921 0.200000 0.352518 0.193651 0.352518 0.190476 0.356115 0.187302 0.356115 0.187302 0.359712 0.184127 0.363309 0.184127 0.370504 0.180952 0.374101 0.180952 0.381295 0.184127 0.384892 0.196825 0.384892 0.203175 0.377698 0.203175 0.374101 0.212698 0.363309
0 0.876190 0.356115 0.879365 0.370504 0.885714 0.377698 0.901587 0.384892 0.930159 0.388489 0.939683 0.395683 0.949206 0.392086 0.955556 0.384892 0.955556 0.374101 0.933333 0.359712
0 0.422222 0.384892 0.422222 0.392086 0.431746 0.402878 0.434921 0.402878 0.438095 0.406475 0.444444 0.406475 0.447619 0.410072 0.457143 0.410072 0.460317 0.406475 0.460317 0.395683 0.457143 0.392086 0.457143 0.388489 0.450794 0.381295 0.447619 0.381295 0.444444 0.377698 0.434921 0.377698 0.431746 0.381295 0.425397 0.381295
0 0.990476 0.399281 0.977778 0.399281 0.965079 0.417266 0.968254 0.420863 0.968254 0.431655 0.971429 0.435252 0.971429 0.456835 0.984127 0.456835 0.993651 0.446043 0.996825 0.438849 0.996825 0.431655 0.993651 0.428058 0.996825 0.424460 0.996825 0.417266 0.993651 0.413669 0.993651 0.402878
0 0.774603 0.410072 0.771429 0.413669 0.768254 0.413669 0.765079 0.417266 0.765079 0.420863 0.761905 0.424460 0.761905 0.435252 0.768254 0.442446 0.777778 0.442446 0.780952 0.438849 0.780952 0.431655 0.777778 0.428058 0.777778 0.420863 0.780952 0.417266
0 0.736508 0.417266 0.726984 0.413669 0.723810 0.417266 0.717460 0.417266 0.707937 0.424460 0.701587 0.424460 0.692063 0.431655 0.692063 0.438849 0.695238 0.442446 0.698413 0.442446 0.704762 0.449640 0.720635 0.449640 0.736508 0.431655
0 0.920635 0.431655 0.920635 0.442446 0.930159 0.453237 0.942857 0.460432 0.961905 0.460432 0.968254 0.456835 0.968254 0.435252 0.965079 0.431655 0.965079 0.420863 0.958730 0.413669 0.939683 0.413669 0.933333 0.417266
0 0.666667 0.424460 0.663492 0.420863 0.660317 0.424460 0.653968 0.424460 0.650794 0.428058 0.647619 0.428058 0.641270 0.435252 0.641270 0.438849 0.638095 0.442446 0.638095 0.453237 0.647619 0.453237 0.653968 0.446043 0.657143 0.446043 0.666667 0.435252
0 0.565079 0.428058 0.565079 0.435252 0.568254 0.438849 0.577778 0.438849 0.580952 0.442446 0.587302 0.442446 0.587302 0.431655 0.584127 0.428058
0 0.511111 0.456835 0.517460 0.478417 0.523810 0.485612 0.536508 0.492806 0.549206 0.489209 0.561905 0.474820 0.565079 0.474820 0.565079 0.460432 0.561905 0.453237 0.539683 0.453237 0.536508 0.456835 0.530159 0.456835 0.517460 0.449640
0 0.866667 0.453237 0.866667 0.460432 0.869841 0.464029 0.869841 0.467626 0.879365 0.474820 0.888889 0.474820 0.892063 0.478417 0.895238 0.474820 0.907937 0.474820 0.911111 0.471223 0.911111 0.464029 0.907937 0.460432 0.907937 0.456835 0.904762 0.456835 0.898413 0.449640 0.869841 0.449640
0 0.841270 0.460432 0.834921 0.456835 0.822222 0.456835 0.819048 0.460432 0.796825 0.467626 0.780952 0.485612 0.780952 0.500000 0.787302 0.507194 0.803175 0.507194 0.806349 0.503597 0.819048 0.503597 0.838095 0.489209 0.844444 0.474820
0 0.695238 0.471223 0.695238 0.478417 0.704762 0.489209 0.723810 0.492806 0.726984 0.496403 0.758730 0.492806 0.765079 0.485612 0.765079 0.482014 0.758730 0.474820 0.746032 0.467626 0.720635 0.467626 0.717460 0.464029 0.701587 0.464029
0 0.936508 0.482014 0.949206 0.510791 0.952381 0.525180 0.961905 0.535971 0.968254 0.532374 0.993651 0.532374 0.996825 0.525180 0.993651 0.503597 0.977778 0.496403 0.971429 0.482014 0.961905 0.482014 0.958730 0.478417 0.939683 0.478417
0 0.863492 0.492806 0.863492 0.503597 0.879365 0.521583 0.892063 0.528777 0.914286 0.528777 0.917460 0.525180 0.917460 0.514388 0.911111 0.507194 0.898413 0.507194 0.879365 0.492806
0 0.828571 0.510791 0.828571 0.517986 0.831746 0.521583 0.831746 0.535971 0.838095 0.543165 0.841270 0.543165 0.844444 0.546763 0.853968 0.546763 0.857143 0.543165 0.863492 0.543165 0.866667 0.539568 0.869841 0.539568 0.869841 0.532374 0.866667 0.528777 0.866667 0.525180 0.853968 0.510791 0.850794 0.510791 0.847619 0.507194 0.838095 0.507194 0.834921 0.510791
0 0.453968 0.528777 0.457143 0.543165 0.469841 0.550360 0.485714 0.550360 0.488889 0.553957 0.495238 0.553957 0.498413 0.550360 0.507937 0.550360 0.511111 0.546763 0.511111 0.535971 0.504762 0.528777 0.492063 0.521583 0.485714 0.521583 0.479365 0.514388 0.473016 0.514388 0.469841 0.510791 0.466667 0.514388 0.460317 0.514388
0 0.307937 0.528777 0.301587 0.539568 0.301587 0.550360 0.304762 0.553957 0.326984 0.553957 0.333333 0.546763 0.333333 0.539568 0.326984 0.532374 0.326984 0.528777 0.323810 0.525180 0.314286 0.525180 0.311111 0.528777
0 0.155556 0.543165 0.152381 0.543165 0.149206 0.539568 0.142857 0.539568 0.139683 0.543165 0.136508 0.543165 0.130159 0.550360 0.130159 0.553957 0.126984 0.557554 0.126984 0.568345 0.130159 0.571942 0.139683 0.571942 0.142857 0.568345 0.146032 0.568345 0.149206 0.564748 0.152381 0.564748 0.158730 0.553957 0.158730 0.550360 0.155556 0.546763
0 0.673016 0.550360 0.669841 0.550360 0.666667 0.553957 0.663492 0.553957 0.650794 0.568345 0.650794 0.582734 0.666667 0.582734 0.669841 0.579137 0.669841 0.571942 0.676190 0.561151 0.676190 0.553957
0 0.939683 0.550360 0.939683 0.564748 0.965079 0.597122 0.974603 0.604317 0.993651 0.604317 0.996825 0.600719 0.996825 0.575540 0.987302 0.561151 0.977778 0.553957 0.965079 0.553957 0.961905 0.550360
0 0.784127 0.561151 0.784127 0.568345 0.790476 0.575540 0.796825 0.575540 0.800000 0.579137 0.831746 0.582734 0.841270 0.589928 0.853968 0.589928 0.860317 0.582734 0.853968 0.571942 0.841270 0.568345 0.828571 0.557554 0.787302 0.557554
0 0.447619 0.575540 0.447619 0.582734 0.457143 0.589928 0.469841 0.589928 0.473016 0.593525 0.479365 0.593525 0.485714 0.586331 0.485714 0.582734 0.476190 0.571942 0.473016 0.571942 0.463492 0.564748 0.453968 0.564748
0 0.507937 0.586331 0.504762 0.589928 0.504762 0.604317 0.507937 0.604317 0.511111 0.607914 0.517460 0.607914 0.520635 0.611511 0.526984 0.611511 0.530159 0.607914 0.530159 0.597122 0.520635 0.586331
0 0.571429 0.586331 0.558730 0.586331 0.555556 0.589928 0.549206 0.589928 0.546032 0.593525 0.542857 0.604317 0.536508 0.611511 0.536508 0.622302 0.542857 0.629496 0.546032 0.629496 0.549206 0.633094 0.561905 0.633094 0.568254 0.625899 0.568254 0.622302 0.574603 0.611511 0.574603 0.600719 0.577778 0.597122 0.577778 0.593525
0 0.882540 0.604317 0.888889 0.611511 0.892063 0.611511 0.895238 0.615108 0.901587 0.615108 0.911111 0.622302 0.917460 0.622302 0.920635 0.618705 0.920635 0.611511 0.907937 0.597122 0.888889 0.597122
0 0.673016 0.625899 0.679365 0.633094 0.685714 0.633094 0.688889 0.629496 0.695238 0.629496 0.698413 0.625899 0.711111 0.625899 0.714286 0.622302 0.720635 0.622302 0.726984 0.615108 0.726984 0.607914 0.720635 0.600719 0.695238 0.600719 0.692063 0.604317 0.685714 0.604317 0.682540 0.607914 0.679365 0.607914 0.673016 0.615108
0 0.933333 0.604317 0.936508 0.618705 0.952381 0.636691 0.958730 0.636691 0.961905 0.640288 0.984127 0.640288 0.993651 0.633094 0.993651 0.618705 0.987302 0.618705 0.974603 0.611511 0.961905 0.611511 0.958730 0.607914 0.952381 0.607914 0.939683 0.600719
0 0.476190 0.625899 0.476190 0.633094 0.485714 0.633094 0.488889 0.636691 0.492063 0.636691 0.495238 0.640288 0.504762 0.640288 0.504762 0.633094 0.498413 0.625899
0 0.206349 0.636691 0.206349 0.640288 0.215873 0.651079 0.219048 0.651079 0.222222 0.654676 0.222222 0.658273 0.231746 0.661871 0.238095 0.669065 0.241270 0.669065 0.244444 0.672662 0.247619 0.669065 0.247619 0.665468 0.228571 0.643885 0.225397 0.643885 0.219048 0.636691
0 0.342857 0.651079 0.342857 0.654676 0.346032 0.658273 0.358730 0.658273 0.361905 0.661871 0.365079 0.661871 0.374603 0.654676 0.374603 0.640288 0.371429 0.640288 0.368254 0.636691 0.355556 0.636691 0.352381 0.640288 0.349206 0.640288
0 0.692063 0.683453 0.698413 0.690647 0.726984 0.694245 0.739683 0.687050 0.755556 0.687050 0.761905 0.683453 0.768254 0.669065 0.761905 0.658273 0.752381 0.658273 0.742857 0.665468 0.730159 0.658273 0.720635 0.658273 0.707937 0.665468
0 0.965079 0.658273 0.968254 0.661871 0.974603 0.661871 0.980952 0.669065 0.984127 0.669065 0.990476 0.676259 0.993651 0.676259 0.996825 0.672662 0.996825 0.669065 0.993651 0.665468 0.993651 0.661871 0.990476 0.665468 0.987302 0.661871 0.980952 0.661871 0.977778 0.658273
0 0.123810 0.690647 0.123810 0.701439 0.139683 0.712230 0.174603 0.712230 0.190476 0.701439 0.193651 0.683453 0.190476 0.676259 0.180952 0.669065 0.136508 0.665468 0.126984 0.676259 0.126984 0.687050
0 0.876190 0.687050 0.882540 0.697842 0.888889 0.697842 0.901587 0.705036 0.920635 0.705036 0.933333 0.723022 0.939683 0.723022 0.949206 0.715827 0.946032 0.701439 0.917460 0.679856 0.911111 0.679856 0.907937 0.676259 0.885714 0.676259
0 0.803175 0.697842 0.803175 0.708633 0.809524 0.715827 0.850794 0.715827 0.853968 0.712230 0.857143 0.712230 0.857143 0.705036 0.853968 0.701439 0.850794 0.701439 0.847619 0.697842 0.838095 0.697842 0.834921 0.694245 0.819048 0.694245 0.815873 0.697842
0 0.304762 0.723022 0.298413 0.715827 0.285714 0.715827 0.279365 0.723022 0.273016 0.723022 0.269841 0.726619 0.266667 0.726619 0.263492 0.730216 0.263492 0.733813 0.269841 0.741007 0.273016 0.741007 0.276190 0.744604 0.285714 0.744604 0.288889 0.741007 0.298413 0.741007 0.304762 0.733813
0 0.584127 0.733813 0.584127 0.744604 0.587302 0.748201 0.590476 0.748201 0.593651 0.751799 0.600000 0.751799 0.603175 0.748201 0.606349 0.748201 0.609524 0.744604 0.609524 0.741007 0.590476 0.741007
0 0.206349 0.812950 0.200000 0.823741 0.200000 0.830935 0.193651 0.838129 0.193651 0.848921 0.200000 0.856115 0.203175 0.856115 0.206349 0.859712 0.212698 0.859712 0.212698 0.852518 0.215873 0.848921 0.215873 0.845324 0.222222 0.838129 0.222222 0.830935 0.225397 0.827338 0.222222 0.823741 0.222222 0.820144 0.215873 0.812950
0 0.387302 0.812950 0.380952 0.820144 0.380952 0.827338 0.387302 0.834532 0.396825 0.834532 0.400000 0.830935 0.400000 0.816547 0.396825 0.812950
0 0.260317 0.827338 0.257143 0.830935 0.263492 0.845324 0.263492 0.866906 0.269841 0.881295 0.292063 0.895683 0.298413 0.895683 0.298413 0.877698 0.292063 0.870504 0.285714 0.834532 0.273016 0.827338
0 0.126984 0.841727 0.123810 0.845324 0.123810 0.863309 0.133333 0.874101 0.149206 0.874101 0.152381 0.870504 0.152381 0.859712 0.149206 0.856115 0.149206 0.852518 0.142857 0.845324 0.139683 0.845324 0.136508 0.841727
0 0.669841 0.841727 0.669841 0.852518 0.673016 0.856115 0.679365 0.856115 0.682540 0.852518 0.682540 0.841727
0 0.844444 0.874101 0.834921 0.874101 0.834921 0.888489 0.838095 0.892086 0.841270 0.888489 0.841270 0.884892 0.844444 0.881295
