0 0.802548 0.103943 0.783439 0.118280 0.783439 0.139785 0.802548 0.164875 0.808917 0.168459 0.821656 0.168459 0.834395 0.157706 0.834395 0.129032 0.831210 0.125448 0.831210 0.118280 0.818471 0.103943
0 0.563694 0.114695 0.563694 0.129032 0.566879 0.132616 0.570064 0.132616 0.585987 0.150538 0.592357 0.150538 0.605096 0.136201 0.611465 0.136201 0.608280 0.132616 0.608280 0.129032 0.598726 0.118280 0.595541 0.118280 0.592357 0.121864 0.589172 0.118280 0.576433 0.118280 0.573248 0.114695 0.573248 0.111111 0.566879 0.111111
0 0.535032 0.118280 0.525478 0.118280 0.522293 0.114695 0.515924 0.118280 0.509554 0.118280 0.503185 0.132616 0.503185 0.154122 0.509554 0.164875 0.525478 0.164875 0.538217 0.157706 0.538217 0.154122 0.544586 0.146953 0.544586 0.136201 0.541401 0.132616 0.541401 0.125448
0 0.009554 0.121864 0.009554 0.132616 0.012739 0.132616 0.015924 0.136201 0.038217 0.136201 0.041401 0.132616 0.044586 0.132616 0.044586 0.129032 0.041401 0.129032 0.038217 0.125448 0.028662 0.125448 0.022293 0.118280 0.012739 0.118280
0 0.732484 0.129032 0.726115 0.136201 0.719745 0.154122 0.719745 0.172043 0.722930 0.179211 0.738854 0.193548 0.764331 0.197133 0.770701 0.189964 0.770701 0.172043 0.773885 0.168459 0.767516 0.139785 0.745223 0.125448
0 0.092357 0.157706 0.092357 0.168459 0.105096 0.182796 0.111465 0.182796 0.114650 0.186380 0.121019 0.186380 0.127389 0.179211 0.127389 0.172043 0.114650 0.157706 0.111465 0.157706 0.108280 0.154122 0.095541 0.154122
0 0.369427 0.175627 0.366242 0.193548 0.382166 0.215054 0.410828 0.225806 0.426752 0.225806 0.442675 0.211470 0.445860 0.189964 0.442675 0.179211 0.429936 0.168459 0.401274 0.161290 0.378981 0.168459
0 0.589172 0.168459 0.570064 0.172043 0.550955 0.189964 0.550955 0.218638 0.566879 0.232975 0.589172 0.232975 0.598726 0.215054 0.605096 0.186380
0 0.630573 0.189964 0.624204 0.189964 0.621019 0.186380 0.608280 0.189964 0.601911 0.215054 0.592357 0.232975 0.592357 0.240143 0.598726 0.250896 0.605096 0.254480 0.624204 0.254480 0.640127 0.236559 0.640127 0.215054 0.636943 0.211470 0.636943 0.200717
0 0.146497 0.215054 0.140127 0.222222 0.140127 0.236559 0.143312 0.240143 0.146497 0.240143 0.156051 0.250896 0.162420 0.250896 0.165605 0.247312 0.168790 0.247312 0.168790 0.225806 0.162420 0.218638 0.156051 0.218638 0.152866 0.215054
0 0.560510 0.279570 0.560510 0.283154 0.554140 0.290323 0.544586 0.293907 0.544586 0.304659 0.554140 0.311828 0.570064 0.311828 0.576433 0.301075 0.573248 0.297491 0.573248 0.283154 0.570064 0.279570
0 0.101911 0.283154 0.098726 0.286738 0.098726 0.293907 0.101911 0.297491 0.101911 0.301075 0.111465 0.311828 0.111465 0.315412 0.117834 0.322581 0.133758 0.322581 0.136943 0.318996 0.136943 0.308244 0.133758 0.304659 0.133758 0.301075 0.124204 0.290323 0.121019 0.290323 0.111465 0.283154
0 0.175159 0.286738 0.171975 0.293907 0.171975 0.311828 0.191083 0.344086 0.203822 0.351254 0.226115 0.351254 0.242038 0.336918 0.245223 0.322581 0.235669 0.308244 0.187898 0.283154
0 0.369427 0.318996 0.375796 0.329749 0.378981 0.329749 0.382166 0.333333 0.391720 0.333333 0.394904 0.336918 0.398089 0.333333 0.407643 0.333333 0.414013 0.326165 0.414013 0.318996 0.410828 0.315412 0.407643 0.315412 0.398089 0.308244 0.388535 0.308244 0.385350 0.304659 0.378981 0.304659 0.375796 0.308244 0.372611 0.308244 0.372611 0.315412
0 0.378981 0.369176 0.382166 0.379928 0.398089 0.397849 0.404459 0.401434 0.423567 0.401434 0.439490 0.383513 0.429936 0.365591 0.404459 0.351254 0.391720 0.351254
0 0.474522 0.365591 0.474522 0.376344 0.480892 0.387097 0.480892 0.394265 0.487261 0.401434 0.493631 0.401434 0.496815 0.405018 0.515924 0.405018 0.522293 0.401434 0.522293 0.397849 0.528662 0.390681 0.522293 0.376344 0.519108 0.376344 0.512739 0.369176 0.500000 0.362007 0.477707 0.362007
0 0.191083 0.369176 0.181529 0.383513 0.187898 0.401434 0.197452 0.412186 0.207006 0.415771 0.213376 0.422939 0.229299 0.426523 0.235669 0.419355 0.238854 0.401434 0.213376 0.372760 0.207006 0.369176
0 0.436306 0.390681 0.436306 0.394265 0.439490 0.397849 0.439490 0.405018 0.436306 0.408602 0.436306 0.412186 0.449045 0.412186 0.452229 0.408602 0.458599 0.408602 0.464968 0.401434 0.468153 0.401434 0.468153 0.394265 0.461783 0.387097 0.439490 0.387097
0 0.121019 0.394265 0.117834 0.397849 0.117834 0.405018 0.121019 0.408602 0.121019 0.412186 0.127389 0.419355 0.136943 0.422939 0.162420 0.444444 0.162420 0.433692 0.159236 0.433692 0.156051 0.430108 0.156051 0.426523 0.143312 0.412186 0.143312 0.408602 0.130573 0.394265
0 0.159236 0.401434 0.156051 0.405018 0.159236 0.419355 0.184713 0.451613 0.194268 0.469534 0.203822 0.476703 0.219745 0.473118 0.222930 0.462366 0.203822 0.444444 0.200637 0.430108 0.165605 0.401434
0 0.006369 0.505376 0.006369 0.512545 0.019108 0.526882 0.038217 0.537634 0.044586 0.537634 0.047771 0.541219 0.060510 0.541219 0.063694 0.537634 0.063694 0.519713 0.054140 0.508961 0.035032 0.498208 0.019108 0.498208
0 0.098726 0.501792 0.098726 0.508961 0.101911 0.512545 0.105096 0.512545 0.108280 0.516129 0.114650 0.516129 0.143312 0.534050 0.146497 0.534050 0.152866 0.526882 0.149682 0.523297 0.149682 0.516129 0.146497 0.516129 0.143312 0.512545 0.130573 0.512545 0.127389 0.508961 0.121019 0.508961 0.117834 0.505376 0.108280 0.505376 0.105096 0.501792
0 0.885350 0.623656 0.875796 0.627240 0.863057 0.641577 0.856688 0.655914 0.856688 0.666667 0.866242 0.681004 0.882166 0.681004 0.894904 0.666667 0.898089 0.659498 0.898089 0.637993 0.894904 0.630824
0 0.242038 0.910394 0.229299 0.899642 0.216561 0.899642 0.200637 0.910394 0.200637 0.913978 0.197452 0.917563 0.197452 0.931900 0.203822 0.939068 0.226115 0.939068 0.229299 0.935484 0.232484 0.935484 0.242038 0.924731
