0 0.200000 0.201439 0.190476 0.201439 0.187302 0.197842 0.177778 0.205036 0.177778 0.226619 0.180952 0.230216 0.187302 0.230216 0.190476 0.226619 0.193651 0.226619 0.203175 0.215827 0.203175 0.205036
0 0.123810 0.215827 0.120635 0.219424 0.117460 0.219424 0.111111 0.226619 0.111111 0.230216 0.107937 0.233813 0.107937 0.258993 0.114286 0.266187 0.126984 0.266187 0.133333 0.258993 0.133333 0.237410 0.130159 0.233813 0.130159 0.223022
0 0.244444 0.219424 0.238095 0.226619 0.238095 0.233813 0.234921 0.237410 0.234921 0.241007 0.238095 0.244604 0.238095 0.251799 0.241270 0.251799 0.244444 0.255396 0.260317 0.255396 0.266667 0.244604 0.266667 0.237410 0.263492 0.233813 0.263492 0.226619 0.253968 0.219424
0 0.336508 0.226619 0.336508 0.230216 0.333333 0.233813 0.333333 0.262590 0.342857 0.276978 0.352381 0.276978 0.361905 0.269784 0.361905 0.241007 0.358730 0.237410 0.358730 0.230216 0.355556 0.226619
0 0.371429 0.237410 0.371429 0.244604 0.377778 0.251799 0.393651 0.251799 0.396825 0.248201 0.396825 0.244604 0.400000 0.241007 0.396825 0.237410 0.396825 0.233813 0.390476 0.226619 0.384127 0.226619 0.380952 0.230216 0.377778 0.230216
0 0.307937 0.233813 0.298413 0.233813 0.298413 0.237410 0.295238 0.241007 0.295238 0.248201 0.292063 0.251799 0.292063 0.269784 0.298413 0.276978 0.301587 0.276978 0.314286 0.262590 0.314286 0.241007
0 0.209524 0.237410 0.200000 0.244604 0.200000 0.269784 0.203175 0.273381 0.203175 0.276978 0.212698 0.276978 0.219048 0.269784 0.219048 0.262590 0.222222 0.258993 0.219048 0.255396 0.219048 0.248201 0.215873 0.244604 0.215873 0.241007 0.212698 0.241007
0 0.539683 0.251799 0.536508 0.255396 0.536508 0.298561 0.546032 0.309353 0.549206 0.309353 0.558730 0.294964 0.558730 0.284173 0.561905 0.280576 0.561905 0.273381 0.558730 0.269784 0.558730 0.262590 0.549206 0.251799
0 0.615873 0.266187 0.615873 0.269784 0.612698 0.273381 0.612698 0.287770 0.609524 0.291367 0.609524 0.305755 0.612698 0.309353 0.612698 0.316547 0.615873 0.320144 0.615873 0.323741 0.622222 0.330935 0.625397 0.327338 0.625397 0.320144 0.628571 0.316547 0.628571 0.312950 0.631746 0.309353 0.631746 0.302158 0.634921 0.298561 0.634921 0.284173 0.631746 0.280576 0.631746 0.273381 0.625397 0.266187
0 0.234921 0.273381 0.231746 0.276978 0.231746 0.280576 0.228571 0.284173 0.228571 0.291367 0.231746 0.294964 0.231746 0.298561 0.244444 0.298561 0.247619 0.294964 0.247619 0.291367 0.250794 0.287770 0.250794 0.284173 0.247619 0.280576 0.247619 0.276978 0.244444 0.273381
0 0.726984 0.276978 0.717460 0.276978 0.714286 0.280576 0.714286 0.284173 0.720635 0.291367 0.723810 0.287770 0.723810 0.284173 0.726984 0.280576
0 0.107937 0.298561 0.114286 0.309353 0.123810 0.309353 0.133333 0.302158 0.139683 0.302158 0.142857 0.298561 0.146032 0.298561 0.146032 0.294964 0.149206 0.291367 0.146032 0.287770 0.146032 0.284173 0.111111 0.284173 0.107937 0.287770
0 0.898413 0.298561 0.901587 0.302158 0.904762 0.302158 0.907937 0.305755 0.911111 0.305755 0.917460 0.312950 0.926984 0.312950 0.930159 0.309353 0.933333 0.309353 0.936508 0.305755 0.933333 0.302158 0.917460 0.302158 0.914286 0.298561
0 0.155556 0.312950 0.146032 0.312950 0.142857 0.316547 0.133333 0.320144 0.126984 0.327338 0.123810 0.327338 0.123810 0.334532 0.126984 0.338129 0.126984 0.341727 0.146032 0.359712 0.149206 0.359712 0.155556 0.352518 0.155556 0.348921 0.161905 0.338129 0.161905 0.320144
0 0.422222 0.323741 0.409524 0.323741 0.406349 0.327338 0.406349 0.334532 0.409524 0.338129 0.409524 0.345324 0.412698 0.348921 0.415873 0.348921 0.419048 0.345324 0.422222 0.345324 0.422222 0.341727 0.425397 0.338129 0.425397 0.327338
0 0.206349 0.327338 0.200000 0.334532 0.200000 0.345324 0.203175 0.348921 0.203175 0.352518 0.206349 0.356115 0.206349 0.359712 0.209524 0.363309 0.212698 0.374101 0.219048 0.374101 0.222222 0.370504 0.222222 0.366906 0.225397 0.363309 0.225397 0.356115 0.228571 0.352518 0.228571 0.338129 0.219048 0.327338
0 0.488889 0.327338 0.482540 0.327338 0.479365 0.330935 0.479365 0.348921 0.482540 0.348921 0.488889 0.341727
0 0.752381 0.338129 0.749206 0.341727 0.742857 0.341727 0.730159 0.356115 0.730159 0.377698 0.736508 0.388489 0.752381 0.388489 0.765079 0.374101 0.765079 0.370504 0.768254 0.366906 0.768254 0.352518 0.758730 0.341727 0.755556 0.341727
0 0.507937 0.345324 0.504762 0.345324 0.485714 0.366906 0.485714 0.392086 0.488889 0.395683 0.492063 0.406475 0.501587 0.406475 0.501587 0.402878 0.507937 0.392086 0.507937 0.356115 0.511111 0.352518 0.511111 0.348921
0 0.888889 0.366906 0.888889 0.370504 0.892063 0.370504 0.895238 0.374101 0.907937 0.374101 0.907937 0.363309 0.904762 0.359712 0.898413 0.359712 0.895238 0.363309 0.892063 0.363309
0 0.257143 0.366906 0.253968 0.366906 0.250794 0.363309 0.247619 0.366906 0.238095 0.370504 0.231746 0.377698 0.231746 0.384892 0.228571 0.388489 0.231746 0.399281 0.247619 0.399281 0.250794 0.395683 0.253968 0.395683 0.253968 0.392086 0.257143 0.388489
0 0.371429 0.370504 0.365079 0.370504 0.358730 0.377698 0.358730 0.381295 0.352381 0.392086 0.352381 0.406475 0.355556 0.410072 0.355556 0.417266 0.361905 0.424460 0.368254 0.424460 0.374603 0.417266 0.374603 0.413669 0.377778 0.410072 0.377778 0.392086 0.374603 0.388489 0.374603 0.374101
0 0.590476 0.370504 0.590476 0.384892 0.593651 0.388489 0.593651 0.395683 0.600000 0.402878 0.600000 0.406475 0.609524 0.410072 0.615873 0.402878 0.615873 0.384892 0.609524 0.377698 0.609524 0.374101 0.606349 0.370504
0 0.834921 0.388489 0.828571 0.395683 0.828571 0.406475 0.825397 0.410072 0.825397 0.413669 0.828571 0.417266 0.834921 0.417266 0.838095 0.413669 0.838095 0.410072 0.841270 0.406475 0.841270 0.392086 0.838095 0.392086
0 0.707937 0.392086 0.701587 0.392086 0.701587 0.399281 0.698413 0.402878 0.698413 0.417266 0.695238 0.420863 0.695238 0.431655 0.698413 0.435252 0.701587 0.435252 0.704762 0.431655 0.704762 0.420863 0.707937 0.417266
0 0.911111 0.395683 0.907937 0.392086 0.898413 0.392086 0.895238 0.395683 0.888889 0.395683 0.885714 0.399281 0.885714 0.406475 0.882540 0.410072 0.882540 0.413669 0.885714 0.417266 0.885714 0.420863 0.895238 0.420863 0.898413 0.417266 0.901587 0.417266 0.911111 0.406475
0 0.663492 0.402878 0.657143 0.402878 0.653968 0.406475 0.653968 0.410072 0.647619 0.420863 0.647619 0.431655 0.650794 0.435252 0.650794 0.442446 0.653968 0.446043 0.660317 0.446043 0.666667 0.438849 0.666667 0.431655 0.669841 0.428058 0.669841 0.413669
0 0.298413 0.406475 0.285714 0.406475 0.279365 0.413669 0.279365 0.417266 0.276190 0.420863 0.279365 0.424460 0.279365 0.428058 0.285714 0.435252 0.292063 0.435252 0.295238 0.431655 0.295238 0.428058 0.298413 0.424460 0.301587 0.424460 0.304762 0.420863 0.304762 0.417266 0.301587 0.413669 0.301587 0.410072
0 0.155556 0.413669 0.155556 0.424460 0.158730 0.428058 0.158730 0.431655 0.161905 0.431655 0.165079 0.435252 0.171429 0.435252 0.177778 0.428058 0.177778 0.413669 0.174603 0.410072 0.161905 0.410072 0.158730 0.413669
0 0.225397 0.435252 0.219048 0.446043 0.219048 0.449640 0.222222 0.453237 0.222222 0.460432 0.231746 0.467626 0.241270 0.467626 0.247619 0.460432 0.247619 0.456835 0.250794 0.453237 0.250794 0.442446 0.241270 0.435252
0 0.317460 0.438849 0.311111 0.449640 0.311111 0.474820 0.320635 0.489209 0.330159 0.492806 0.342857 0.478417 0.342857 0.464029 0.333333 0.449640 0.333333 0.446043 0.326984 0.438849
0 0.580952 0.442446 0.574603 0.453237 0.574603 0.474820 0.577778 0.478417 0.584127 0.478417 0.587302 0.482014 0.590476 0.482014 0.600000 0.474820 0.600000 0.460432 0.596825 0.456835 0.596825 0.453237 0.587302 0.442446
0 0.993651 0.442446 0.980952 0.442446 0.977778 0.446043 0.974603 0.446043 0.961905 0.460432 0.961905 0.467626 0.958730 0.471223 0.958730 0.478417 0.965079 0.485612 0.977778 0.485612 0.987302 0.478417 0.987302 0.474820 0.993651 0.467626
0 0.126984 0.471223 0.120635 0.471223 0.117460 0.474820 0.111111 0.474820 0.104762 0.482014 0.104762 0.496403 0.111111 0.503597 0.117460 0.503597 0.126984 0.492806 0.126984 0.489209 0.130159 0.485612 0.130159 0.474820
0 0.152381 0.478417 0.146032 0.485612 0.146032 0.492806 0.152381 0.500000 0.155556 0.500000 0.158730 0.496403 0.158730 0.482014 0.155556 0.478417
0 0.342857 0.482014 0.333333 0.492806 0.333333 0.496403 0.339683 0.503597 0.342857 0.503597 0.346032 0.507194 0.349206 0.507194 0.352381 0.503597 0.355556 0.503597 0.358730 0.500000 0.358730 0.492806 0.355556 0.489209 0.355556 0.485612 0.352381 0.485612 0.349206 0.482014
0 0.244444 0.485612 0.241270 0.489209 0.234921 0.489209 0.228571 0.496403 0.228571 0.507194 0.231746 0.510791 0.231746 0.514388 0.234921 0.514388 0.238095 0.517986 0.241270 0.517986 0.244444 0.514388 0.247619 0.514388 0.253968 0.507194 0.253968 0.492806
0 0.196825 0.489209 0.190476 0.496403 0.190476 0.500000 0.193651 0.503597 0.193651 0.507194 0.200000 0.514388 0.203175 0.514388 0.206349 0.517986 0.209524 0.517986 0.212698 0.514388 0.212698 0.496403 0.209524 0.492806 0.203175 0.492806 0.200000 0.489209
0 0.298413 0.500000 0.292063 0.500000 0.285714 0.507194 0.285714 0.510791 0.282540 0.514388 0.282540 0.521583 0.276190 0.532374 0.276190 0.550360 0.288889 0.550360 0.292063 0.546763 0.295238 0.546763 0.295238 0.543165 0.301587 0.535971 0.301587 0.525180 0.304762 0.521583 0.304762 0.514388 0.301587 0.510791 0.301587 0.503597
0 0.914286 0.500000 0.911111 0.500000 0.892063 0.521583 0.888889 0.528777 0.888889 0.557554 0.895238 0.568345 0.901587 0.568345 0.917460 0.550360 0.920635 0.543165 0.920635 0.507194
0 0.133333 0.510791 0.126984 0.517986 0.126984 0.535971 0.130159 0.539568 0.139683 0.539568 0.146032 0.532374 0.146032 0.514388 0.142857 0.514388 0.139683 0.510791
0 0.336508 0.517986 0.330159 0.525180 0.330159 0.546763 0.336508 0.553957 0.346032 0.553957 0.346032 0.550360 0.352381 0.539568 0.352381 0.525180 0.346032 0.517986
0 0.190476 0.521583 0.187302 0.525180 0.187302 0.543165 0.190476 0.546763 0.190476 0.553957 0.196825 0.561151 0.203175 0.561151 0.206349 0.557554 0.206349 0.550360 0.209524 0.546763 0.209524 0.539568 0.206349 0.535971 0.206349 0.532374 0.196825 0.521583
0 0.641270 0.525180 0.638095 0.525180 0.634921 0.521583 0.631746 0.521583 0.628571 0.525180 0.625397 0.525180 0.615873 0.535971 0.615873 0.546763 0.622222 0.553957 0.625397 0.553957 0.628571 0.550360 0.631746 0.550360 0.641270 0.539568
0 0.520635 0.525180 0.517460 0.525180 0.511111 0.532374 0.511111 0.543165 0.504762 0.553957 0.504762 0.561151 0.501587 0.564748 0.501587 0.571942 0.495238 0.586331 0.495238 0.597122 0.504762 0.597122 0.511111 0.593525 0.520635 0.575540 0.523810 0.553957 0.526984 0.550360 0.526984 0.532374
0 0.457143 0.535971 0.453968 0.539568 0.450794 0.539568 0.450794 0.546763 0.447619 0.550360 0.447619 0.561151 0.444444 0.564748 0.444444 0.579137 0.447619 0.582734 0.447619 0.586331 0.457143 0.586331 0.457143 0.582734 0.463492 0.571942 0.463492 0.564748 0.466667 0.561151 0.466667 0.546763 0.463492 0.543165 0.463492 0.539568 0.460317 0.539568
0 0.107937 0.539568 0.104762 0.543165 0.104762 0.546763 0.101587 0.550360 0.101587 0.553957 0.104762 0.557554 0.104762 0.564748 0.107937 0.564748 0.111111 0.568345 0.117460 0.568345 0.123810 0.561151 0.123810 0.543165 0.120635 0.539568
0 0.568254 0.539568 0.558730 0.546763 0.555556 0.557554 0.542857 0.571942 0.533333 0.589928 0.533333 0.607914 0.542857 0.622302 0.552381 0.622302 0.558730 0.607914 0.558730 0.593525 0.561905 0.589928 0.565079 0.571942 0.574603 0.557554 0.574603 0.546763
0 0.234921 0.546763 0.228571 0.557554 0.228571 0.571942 0.231746 0.575540 0.231746 0.579137 0.238095 0.586331 0.244444 0.586331 0.253968 0.575540 0.253968 0.571942 0.257143 0.568345 0.257143 0.561151 0.253968 0.557554 0.253968 0.553957 0.247619 0.546763
0 0.168254 0.550360 0.161905 0.557554 0.161905 0.568345 0.171429 0.579137 0.174603 0.579137 0.180952 0.571942 0.180952 0.568345 0.177778 0.564748 0.177778 0.557554 0.174603 0.553957 0.171429 0.553957
0 0.657143 0.553957 0.653968 0.553957 0.650794 0.557554 0.647619 0.557554 0.647619 0.568345 0.653968 0.568345 0.657143 0.564748
0 0.933333 0.568345 0.926984 0.568345 0.923810 0.571942 0.923810 0.604317 0.926984 0.607914 0.930159 0.607914 0.930159 0.582734 0.933333 0.579137
0 0.612698 0.571942 0.606349 0.571942 0.603175 0.575540 0.600000 0.575540 0.593651 0.582734 0.593651 0.586331 0.590476 0.589928 0.590476 0.611511 0.593651 0.615108 0.603175 0.611511 0.619048 0.593525 0.619048 0.579137
0 0.330159 0.586331 0.326984 0.589928 0.326984 0.593525 0.330159 0.597122 0.330159 0.604317 0.333333 0.607914 0.336508 0.607914 0.339683 0.611511 0.349206 0.611511 0.349206 0.589928 0.346032 0.586331
0 0.288889 0.593525 0.285714 0.593525 0.282540 0.589928 0.279365 0.593525 0.273016 0.593525 0.269841 0.597122 0.269841 0.600719 0.266667 0.604317 0.266667 0.611511 0.273016 0.618705 0.276190 0.618705 0.279365 0.615108 0.282540 0.615108 0.288889 0.607914
0 0.739683 0.593525 0.730159 0.597122 0.723810 0.618705 0.723810 0.643885 0.720635 0.647482 0.720635 0.669065 0.717460 0.672662 0.717460 0.687050 0.723810 0.697842 0.730159 0.694245 0.736508 0.683453 0.746032 0.651079 0.746032 0.604317
0 0.161905 0.597122 0.161905 0.611511 0.165079 0.615108 0.165079 0.618705 0.171429 0.618705 0.177778 0.611511 0.177778 0.597122
0 0.209524 0.600719 0.203175 0.611511 0.203175 0.622302 0.206349 0.625899 0.206349 0.636691 0.209524 0.640288 0.215873 0.640288 0.219048 0.636691 0.219048 0.633094 0.225397 0.625899 0.225397 0.611511 0.219048 0.600719
0 0.466667 0.607914 0.463492 0.607914 0.460317 0.611511 0.460317 0.618705 0.457143 0.622302 0.457143 0.633094 0.453968 0.636691 0.453968 0.647482 0.450794 0.651079 0.450794 0.658273 0.457143 0.658273 0.463492 0.647482 0.463492 0.640288 0.466667 0.636691 0.466667 0.625899 0.469841 0.622302 0.469841 0.615108 0.466667 0.611511
0 0.307937 0.611511 0.304762 0.615108 0.304762 0.633094 0.314286 0.643885 0.320635 0.643885 0.323810 0.640288 0.326984 0.640288 0.326984 0.636691 0.330159 0.633094 0.330159 0.625899 0.326984 0.622302 0.326984 0.618705 0.320635 0.611511
0 0.514286 0.615108 0.501587 0.615108 0.495238 0.622302 0.495238 0.636691 0.498413 0.640288 0.504762 0.640288 0.514286 0.629496
0 0.853968 0.615108 0.850794 0.618705 0.850794 0.625899 0.853968 0.629496 0.853968 0.647482 0.857143 0.651079 0.857143 0.618705
0 0.622222 0.622302 0.612698 0.640288 0.612698 0.654676 0.615873 0.658273 0.615873 0.665468 0.622222 0.672662 0.622222 0.676259 0.628571 0.679856 0.641270 0.679856 0.650794 0.672662 0.650794 0.654676 0.638095 0.640288 0.638095 0.633094 0.631746 0.622302
0 0.130159 0.629496 0.130159 0.633094 0.126984 0.636691 0.126984 0.647482 0.133333 0.654676 0.136508 0.654676 0.139683 0.651079 0.142857 0.651079 0.142857 0.633094 0.139683 0.629496
0 0.193651 0.647482 0.190476 0.647482 0.184127 0.654676 0.184127 0.661871 0.180952 0.665468 0.180952 0.672662 0.177778 0.679856 0.161905 0.701439 0.161905 0.708633 0.165079 0.712230 0.171429 0.712230 0.184127 0.701439 0.187302 0.694245 0.187302 0.687050 0.193651 0.676259 0.193651 0.658273 0.190476 0.654676
0 0.177778 0.651079 0.174603 0.654676 0.171429 0.654676 0.161905 0.665468 0.161905 0.669065 0.155556 0.679856 0.155556 0.690647 0.161905 0.697842 0.165079 0.694245 0.165079 0.690647 0.174603 0.679856 0.174603 0.676259 0.177778 0.672662 0.177778 0.665468 0.180952 0.661871 0.180952 0.654676
0 0.222222 0.661871 0.219048 0.665468 0.219048 0.679856 0.222222 0.683453 0.222222 0.687050 0.231746 0.694245 0.238095 0.694245 0.241270 0.690647 0.241270 0.687050 0.247619 0.676259 0.247619 0.661871 0.244444 0.658273 0.231746 0.658273 0.228571 0.661871
0 0.336508 0.661871 0.333333 0.665468 0.330159 0.665468 0.323810 0.672662 0.323810 0.676259 0.320635 0.679856 0.320635 0.697842 0.330159 0.697842 0.330159 0.694245 0.333333 0.690647 0.333333 0.687050 0.336508 0.683453 0.336508 0.676259 0.339683 0.672662 0.339683 0.665468
0 0.273016 0.669065 0.263492 0.679856 0.263492 0.683453 0.266667 0.687050 0.266667 0.690647 0.273016 0.697842 0.282540 0.697842 0.292063 0.687050 0.292063 0.672662 0.288889 0.672662 0.285714 0.669065
0 0.495238 0.672662 0.485714 0.679856 0.485714 0.687050 0.476190 0.705036 0.476190 0.712230 0.479365 0.715827 0.479365 0.719424 0.495238 0.719424 0.504762 0.708633 0.504762 0.679856
0 0.520635 0.690647 0.520635 0.697842 0.526984 0.705036 0.530159 0.701439 0.533333 0.701439 0.539683 0.694245 0.536508 0.690647 0.536508 0.687050 0.523810 0.687050
0 0.682540 0.705036 0.679365 0.708633 0.676190 0.708633 0.676190 0.719424 0.673016 0.723022 0.673016 0.726619 0.666667 0.737410 0.666667 0.748201 0.673016 0.748201 0.673016 0.744604 0.676190 0.741007 0.676190 0.737410 0.679365 0.733813 0.679365 0.730216 0.685714 0.719424 0.685714 0.708633
0 0.126984 0.708633 0.123810 0.712230 0.123810 0.726619 0.126984 0.730216 0.136508 0.730216 0.142857 0.723022 0.142857 0.712230 0.139683 0.708633
0 0.311111 0.708633 0.301587 0.708633 0.295238 0.715827 0.295238 0.719424 0.292063 0.723022 0.292063 0.730216 0.288889 0.733813 0.288889 0.751799 0.295238 0.758993 0.298413 0.758993 0.307937 0.748201 0.307937 0.744604 0.314286 0.733813 0.314286 0.715827 0.311111 0.712230
0 0.260317 0.733813 0.257143 0.733813 0.257143 0.737410 0.253968 0.741007 0.250794 0.741007 0.244444 0.751799 0.244444 0.762590 0.241270 0.766187 0.247619 0.776978 0.250794 0.776978 0.250794 0.773381 0.253968 0.769784 0.257143 0.769784 0.257143 0.766187 0.260317 0.762590 0.260317 0.755396 0.263492 0.751799 0.263492 0.737410
0 0.177778 0.737410 0.174603 0.741007 0.174603 0.758993 0.177778 0.762590 0.177778 0.766187 0.184127 0.766187 0.187302 0.769784 0.193651 0.769784 0.196825 0.766187 0.200000 0.766187 0.203175 0.762590 0.203175 0.748201 0.196825 0.741007 0.193651 0.741007 0.190476 0.737410
0 0.415873 0.744604 0.406349 0.755396 0.406349 0.758993 0.400000 0.769784 0.400000 0.776978 0.393651 0.787770 0.393651 0.798561 0.403175 0.805755 0.406349 0.805755 0.412698 0.798561 0.412698 0.794964 0.415873 0.791367 0.415873 0.780576 0.419048 0.776978 0.419048 0.751799 0.415873 0.748201
0 0.155556 0.748201 0.149206 0.748201 0.133333 0.766187 0.133333 0.780576 0.136508 0.784173 0.149206 0.784173 0.158730 0.773381 0.158730 0.751799
0 0.888889 0.773381 0.898413 0.773381 0.907937 0.766187 0.914286 0.766187 0.917460 0.762590 0.926984 0.762590 0.926984 0.758993 0.930159 0.755396 0.926984 0.751799 0.920635 0.751799 0.917460 0.748201 0.898413 0.748201 0.888889 0.758993
0 0.492063 0.755396 0.482540 0.755396 0.476190 0.762590 0.476190 0.766187 0.473016 0.769784 0.473016 0.784173 0.476190 0.787770 0.482540 0.787770 0.485714 0.784173 0.488889 0.784173 0.492063 0.780576 0.492063 0.776978 0.495238 0.773381 0.495238 0.758993
0 0.606349 0.766187 0.593651 0.766187 0.587302 0.773381 0.587302 0.787770 0.593651 0.794964 0.600000 0.794964 0.603175 0.791367 0.606349 0.791367 0.609524 0.787770 0.609524 0.784173 0.612698 0.780576 0.612698 0.773381
0 0.330159 0.773381 0.323810 0.773381 0.314286 0.784173 0.314286 0.805755 0.317460 0.809353 0.323810 0.809353 0.326984 0.805755 0.326984 0.802158 0.330159 0.798561 0.330159 0.787770 0.333333 0.784173 0.330159 0.780576
0 0.380952 0.798561 0.377778 0.798561 0.371429 0.805755 0.371429 0.809353 0.368254 0.812950 0.368254 0.823741 0.371429 0.827338 0.377778 0.827338 0.380952 0.823741 0.380952 0.820144 0.384127 0.816547 0.384127 0.802158
0 0.152381 0.809353 0.152381 0.820144 0.158730 0.827338 0.165079 0.827338 0.168254 0.830935 0.171429 0.830935 0.184127 0.845324 0.190476 0.845324 0.193651 0.841727 0.190476 0.823741 0.184127 0.812950 0.180952 0.812950 0.174603 0.805755 0.168254 0.805755 0.165079 0.802158 0.161905 0.805755 0.155556 0.805755
0 0.892063 0.802158 0.888889 0.802158 0.879365 0.809353 0.879365 0.845324 0.885714 0.845324 0.895238 0.838129 0.895238 0.830935 0.898413 0.827338 0.898413 0.809353
0 0.273016 0.823741 0.269841 0.823741 0.263492 0.830935 0.263492 0.834532 0.260317 0.838129 0.260317 0.841727 0.263492 0.845324 0.263492 0.848921 0.266667 0.852518 0.269841 0.852518 0.273016 0.848921 0.273016 0.845324 0.276190 0.841727 0.276190 0.827338
0 0.714286 0.827338 0.711111 0.827338 0.707937 0.823741 0.704762 0.827338 0.701587 0.827338 0.701587 0.830935 0.692063 0.841727 0.692063 0.852518 0.695238 0.856115 0.704762 0.856115 0.707937 0.852518 0.707937 0.845324 0.714286 0.838129
0 0.825397 0.827338 0.819048 0.834532 0.815873 0.841727 0.815873 0.848921 0.812698 0.852518 0.812698 0.881295 0.815873 0.884892 0.812698 0.888489 0.819048 0.895683 0.825397 0.895683 0.825397 0.881295 0.828571 0.877698 0.828571 0.866906 0.831746 0.863309 0.831746 0.852518 0.828571 0.848921 0.828571 0.830935
0 0.158730 0.834532 0.152381 0.841727 0.149206 0.841727 0.146032 0.845324 0.146032 0.852518 0.142857 0.856115 0.146032 0.859712 0.146032 0.863309 0.155556 0.870504 0.158730 0.866906 0.161905 0.866906 0.171429 0.859712 0.171429 0.848921
0 0.482540 0.834532 0.476190 0.834532 0.463492 0.848921 0.463492 0.856115 0.460317 0.859712 0.460317 0.866906 0.457143 0.870504 0.460317 0.881295 0.469841 0.888489 0.479365 0.884892 0.485714 0.874101 0.485714 0.838129
0 0.911111 0.859712 0.907937 0.863309 0.907937 0.866906 0.904762 0.870504 0.904762 0.884892 0.911111 0.892086 0.917460 0.892086 0.923810 0.884892 0.923810 0.881295 0.926984 0.877698 0.926984 0.870504 0.923810 0.866906 0.923810 0.863309 0.920635 0.859712
0 0.238095 0.863309 0.225397 0.863309 0.222222 0.866906 0.219048 0.866906 0.219048 0.874101 0.215873 0.877698 0.215873 0.884892 0.222222 0.892086 0.228571 0.892086 0.231746 0.888489 0.234921 0.888489 0.244444 0.881295 0.244444 0.870504
