0 0.419048 0.007194 0.409524 0.000000 0.403175 0.000000 0.400000 0.003597 0.352381 0.003597 0.349206 0.007194 0.349206 0.025180 0.358730 0.043165 0.371429 0.050360 0.390476 0.050360
0 0.479365 0.007194 0.482540 0.010791 0.482540 0.014388 0.488889 0.021583 0.498413 0.021583 0.507937 0.014388 0.514286 0.014388 0.517460 0.010791 0.526984 0.010791 0.530159 0.007194 0.530159 0.003597 0.482540 0.003597
0 0.793651 0.010791 0.777778 0.003597 0.755556 0.025180 0.746032 0.025180 0.736508 0.043165 0.736508 0.053957 0.752381 0.064748 0.774603 0.064748 0.777778 0.061151 0.784127 0.061151 0.793651 0.053957 0.800000 0.043165 0.800000 0.025180
0 0.609524 0.021583 0.606349 0.014388 0.596825 0.007194 0.577778 0.010791 0.526984 0.039568 0.523810 0.050360 0.526984 0.057554 0.584127 0.057554 0.593651 0.053957 0.609524 0.035971
0 0.203175 0.064748 0.215873 0.082734 0.234921 0.086331 0.257143 0.075540 0.288889 0.068345 0.301587 0.057554 0.304762 0.035971 0.295238 0.025180 0.244444 0.021583 0.209524 0.039568 0.203175 0.050360
0 0.847619 0.043165 0.863492 0.064748 0.888889 0.079137 0.923810 0.082734 0.930159 0.075540 0.930159 0.064748 0.917460 0.050360 0.904762 0.043165 0.892063 0.043165 0.888889 0.039568 0.850794 0.039568
0 0.803175 0.075540 0.803175 0.086331 0.800000 0.089928 0.800000 0.107914 0.809524 0.125899 0.822222 0.125899 0.825397 0.122302 0.834921 0.122302 0.841270 0.118705 0.850794 0.104317 0.850794 0.082734 0.834921 0.068345 0.812698 0.068345
0 0.466667 0.100719 0.466667 0.129496 0.479365 0.147482 0.495238 0.154676 0.539683 0.151079 0.542857 0.143885 0.542857 0.115108 0.533333 0.089928 0.517460 0.075540 0.492063 0.079137
0 0.133333 0.089928 0.111111 0.082734 0.088889 0.093525 0.079365 0.104317 0.079365 0.111511 0.076190 0.115108 0.076190 0.125899 0.082540 0.143885 0.092063 0.151079 0.107937 0.151079 0.114286 0.147482 0.136508 0.115108 0.136508 0.093525
0 0.704762 0.100719 0.682540 0.129496 0.685714 0.169065 0.707937 0.190647 0.733333 0.190647 0.749206 0.183453 0.758730 0.172662 0.765079 0.154676 0.761905 0.115108 0.755556 0.104317 0.742857 0.097122
0 0.666667 0.122302 0.606349 0.147482 0.600000 0.158273 0.606349 0.183453 0.622222 0.201439 0.638095 0.201439 0.679365 0.161871 0.679365 0.133094
0 0.961905 0.129496 0.942857 0.129496 0.907937 0.158273 0.907937 0.183453 0.926984 0.197842 0.942857 0.197842 0.971429 0.183453 0.980952 0.172662 0.980952 0.154676
0 0.304762 0.154676 0.307937 0.172662 0.336508 0.194245 0.371429 0.201439 0.390476 0.187050 0.387302 0.161871 0.365079 0.143885 0.336508 0.140288 0.333333 0.143885 0.317460 0.143885
0 0.257143 0.161871 0.253968 0.158273 0.234921 0.158273 0.231746 0.161871 0.222222 0.161871 0.219048 0.165468 0.215873 0.165468 0.212698 0.176259 0.215873 0.179856 0.231746 0.179856 0.234921 0.176259 0.241270 0.176259 0.244444 0.172662 0.250794 0.172662 0.253968 0.169065 0.257143 0.169065
0 0.825397 0.169065 0.825397 0.187050 0.834921 0.201439 0.869841 0.223022 0.876190 0.223022 0.885714 0.215827 0.888889 0.208633 0.888889 0.179856 0.879365 0.165468
0 0.536508 0.187050 0.511111 0.172662 0.473016 0.187050 0.466667 0.197842 0.466667 0.223022 0.485714 0.241007 0.507937 0.241007 0.520635 0.233813 0.536508 0.215827 0.539683 0.208633
0 0.323810 0.208633 0.317460 0.215827 0.317460 0.226619 0.314286 0.230216 0.317460 0.233813 0.317460 0.241007 0.326984 0.251799 0.330159 0.251799 0.333333 0.255396 0.336508 0.255396 0.339683 0.251799 0.352381 0.251799 0.352381 0.233813 0.349206 0.230216 0.349206 0.226619 0.336508 0.212230 0.333333 0.212230 0.330159 0.208633
0 0.393651 0.219424 0.396825 0.244604 0.400000 0.251799 0.412698 0.262590 0.419048 0.262590 0.422222 0.266187 0.441270 0.266187 0.457143 0.251799 0.457143 0.226619 0.447619 0.215827 0.434921 0.215827 0.431746 0.212230 0.412698 0.208633
0 0.758730 0.219424 0.755556 0.230216 0.758730 0.241007 0.774603 0.251799 0.803175 0.255396 0.828571 0.269784 0.844444 0.266187 0.850794 0.255396 0.850794 0.237410 0.828571 0.215827 0.774603 0.208633
0 0.552381 0.230216 0.549206 0.237410 0.552381 0.258993 0.565079 0.262590 0.580952 0.280576 0.584127 0.276978 0.600000 0.287770 0.612698 0.287770 0.619048 0.280576 0.622222 0.262590 0.612698 0.237410 0.606349 0.230216 0.593651 0.223022 0.565079 0.223022
0 0.161905 0.262590 0.161905 0.276978 0.174603 0.291367 0.206349 0.309353 0.231746 0.305755 0.234921 0.298561 0.260317 0.287770 0.266667 0.276978 0.266667 0.251799 0.250794 0.237410 0.209524 0.237410 0.193651 0.248201 0.174603 0.251799
0 0.977778 0.248201 0.965079 0.258993 0.965079 0.266187 0.961905 0.269784 0.961905 0.291367 0.971429 0.305755 0.977778 0.309353 0.993651 0.309353 0.993651 0.302158 0.996825 0.298561 0.996825 0.284173 0.993651 0.280576 0.996825 0.276978 0.993651 0.269784 0.993651 0.251799 0.987302 0.248201
0 0.333333 0.258993 0.330159 0.266187 0.330159 0.287770 0.346032 0.309353 0.352381 0.312950 0.371429 0.312950 0.380952 0.305755 0.384127 0.298561 0.380952 0.287770 0.355556 0.255396 0.339683 0.255396
0 0.549206 0.258993 0.539683 0.269784 0.530159 0.291367 0.530159 0.302158 0.536508 0.320144 0.546032 0.330935 0.561905 0.330935 0.574603 0.312950 0.574603 0.305755 0.577778 0.302158 0.577778 0.280576 0.565079 0.266187
0 0.136508 0.276978 0.123810 0.266187 0.114286 0.266187 0.111111 0.269784 0.092063 0.269784 0.088889 0.273381 0.076190 0.276978 0.073016 0.284173 0.073016 0.294964 0.082540 0.309353 0.088889 0.309353 0.092063 0.312950 0.095238 0.309353 0.107937 0.309353 0.126984 0.298561 0.136508 0.287770
0 0.936508 0.266187 0.923810 0.266187 0.914286 0.276978 0.911111 0.287770 0.898413 0.302158 0.895238 0.309353 0.895238 0.323741 0.907937 0.334532 0.920635 0.334532 0.923810 0.330935 0.933333 0.330935 0.946032 0.320144 0.952381 0.305755 0.952381 0.284173
0 0.752381 0.284173 0.730159 0.284173 0.711111 0.302158 0.711111 0.323741 0.714286 0.330935 0.717460 0.330935 0.723810 0.338129 0.739683 0.338129 0.758730 0.316547 0.761905 0.298561
0 0.520635 0.316547 0.501587 0.294964 0.460317 0.291367 0.409524 0.334532 0.409524 0.352518 0.415873 0.363309 0.428571 0.370504 0.498413 0.359712 0.517460 0.341727
0 0.234921 0.309353 0.212698 0.309353 0.190476 0.330935 0.187302 0.370504 0.190476 0.381295 0.206349 0.395683 0.219048 0.395683 0.234921 0.384892 0.253968 0.356115 0.253968 0.341727 0.257143 0.338129 0.253968 0.327338
0 0.330159 0.320144 0.307937 0.320144 0.295238 0.327338 0.288889 0.334532 0.288889 0.352518 0.301587 0.363309 0.311111 0.363309 0.323810 0.356115 0.336508 0.334532 0.336508 0.327338
0 0.650794 0.323741 0.634921 0.323741 0.622222 0.330935 0.612698 0.345324 0.612698 0.359712 0.622222 0.374101 0.622222 0.381295 0.631746 0.399281 0.644444 0.395683 0.653968 0.384892 0.663492 0.363309 0.663492 0.352518 0.666667 0.348921 0.663492 0.345324 0.663492 0.338129 0.660317 0.330935
0 0.942857 0.348921 0.939683 0.356115 0.939683 0.366906 0.946032 0.374101 0.958730 0.377698 0.961905 0.381295 0.968254 0.381295 0.971429 0.384892 0.980952 0.384892 0.987302 0.381295 0.993651 0.366906 0.993651 0.348921 0.990476 0.341727 0.980952 0.334532 0.961905 0.334532 0.949206 0.341727
0 0.806349 0.356115 0.793651 0.338129 0.774603 0.338129 0.749206 0.352518 0.739683 0.366906 0.736508 0.381295 0.742857 0.392086 0.755556 0.399281 0.777778 0.399281 0.790476 0.392086 0.803175 0.377698 0.806349 0.370504
0 0.361905 0.352518 0.349206 0.352518 0.339683 0.366906 0.336508 0.392086 0.342857 0.402878 0.355556 0.402878 0.358730 0.399281 0.361905 0.399281 0.371429 0.388489 0.371429 0.384892 0.374603 0.381295 0.374603 0.374101 0.371429 0.370504 0.368254 0.359712
0 0.498413 0.366906 0.485714 0.374101 0.476190 0.384892 0.476190 0.392086 0.473016 0.395683 0.476190 0.399281 0.476190 0.406475 0.488889 0.420863 0.507937 0.431655 0.514286 0.431655 0.520635 0.428058 0.530159 0.413669 0.530159 0.388489 0.517460 0.370504 0.511111 0.366906
0 0.453968 0.402878 0.447619 0.388489 0.431746 0.381295 0.419048 0.381295 0.415873 0.384892 0.403175 0.384892 0.390476 0.392086 0.384127 0.399281 0.380952 0.410072 0.384127 0.417266 0.393651 0.424460 0.422222 0.428058 0.425397 0.424460 0.434921 0.424460 0.453968 0.410072
0 0.907937 0.399281 0.901587 0.406475 0.901587 0.413669 0.904762 0.420863 0.930159 0.449640 0.946032 0.449640 0.955556 0.442446 0.961905 0.424460 0.955556 0.406475 0.946032 0.395683 0.930159 0.388489
0 0.241270 0.402878 0.241270 0.410072 0.247619 0.417266 0.253968 0.417266 0.257143 0.420863 0.266667 0.420863 0.269841 0.417266 0.285714 0.417266 0.298413 0.406475 0.298413 0.402878 0.295238 0.399281 0.292063 0.399281 0.288889 0.395683 0.276190 0.395683 0.273016 0.392086 0.250794 0.395683
0 0.146032 0.399281 0.133333 0.399281 0.117460 0.410072 0.117460 0.420863 0.130159 0.435252 0.133333 0.435252 0.136508 0.438849 0.139683 0.435252 0.146032 0.435252 0.152381 0.428058 0.155556 0.428058 0.155556 0.424460 0.158730 0.420863 0.158730 0.410072 0.152381 0.402878 0.149206 0.402878
0 0.622222 0.406475 0.612698 0.420863 0.612698 0.442446 0.619048 0.449640 0.631746 0.449640 0.644444 0.467626 0.657143 0.474820 0.669841 0.471223 0.679365 0.460432 0.679365 0.442446 0.666667 0.417266 0.657143 0.406475 0.644444 0.399281
0 0.457143 0.410072 0.434921 0.428058 0.434921 0.456835 0.450794 0.478417 0.457143 0.478417 0.460317 0.482014 0.482540 0.471223 0.492063 0.456835 0.492063 0.442446
0 0.542857 0.420863 0.536508 0.431655 0.536508 0.453237 0.552381 0.471223 0.568254 0.482014 0.587302 0.482014 0.596825 0.474820 0.603175 0.460432 0.603175 0.446043 0.596825 0.438849 0.580952 0.435252 0.568254 0.420863 0.558730 0.420863 0.555556 0.417266
0 0.342857 0.464029 0.342857 0.485612 0.349206 0.496403 0.361905 0.507194 0.396825 0.517986 0.403175 0.510791 0.412698 0.510791 0.425397 0.503597 0.434921 0.485612 0.431746 0.464029 0.419048 0.449640 0.393651 0.438849 0.365079 0.438849
0 0.282540 0.482014 0.282540 0.496403 0.285714 0.500000 0.292063 0.500000 0.307937 0.514388 0.314286 0.514388 0.317460 0.510791 0.317460 0.507194 0.320635 0.503597 0.304762 0.485612 0.301587 0.485612 0.295238 0.478417 0.292063 0.478417 0.288889 0.482014
0 0.685714 0.489209 0.682540 0.514388 0.685714 0.525180 0.698413 0.539568 0.726984 0.550360 0.749206 0.550360 0.761905 0.539568 0.758730 0.525180 0.723810 0.485612 0.711111 0.478417 0.695238 0.478417
0 0.977778 0.485612 0.965079 0.478417 0.936508 0.482014 0.939683 0.489209 0.920635 0.500000 0.907937 0.517986 0.911111 0.535971 0.920635 0.546763 0.930159 0.550360 0.958730 0.546763 0.971429 0.535971 0.974603 0.510791 0.980952 0.503597
0 0.660317 0.510791 0.625397 0.482014 0.600000 0.485612 0.571429 0.510791 0.565079 0.521583 0.565079 0.539568 0.571429 0.553957 0.584127 0.564748 0.596825 0.568345 0.619048 0.564748 0.657143 0.535971
0 0.460317 0.489209 0.450794 0.503597 0.450794 0.517986 0.444444 0.535971 0.447619 0.550360 0.457143 0.561151 0.473016 0.568345 0.485714 0.568345 0.507937 0.557554 0.514286 0.546763 0.514286 0.532374 0.492063 0.507194 0.488889 0.492806 0.476190 0.485612
0 0.152381 0.507194 0.142857 0.496403 0.130159 0.496403 0.126984 0.500000 0.123810 0.500000 0.117460 0.507194 0.114286 0.517986 0.117460 0.521583 0.139683 0.521583 0.142857 0.517986 0.146032 0.517986 0.146032 0.514388 0.149206 0.510791 0.152381 0.510791
0 0.371429 0.521583 0.361905 0.535971 0.361905 0.543165 0.365079 0.546763 0.368254 0.561151 0.374603 0.568345 0.396825 0.568345 0.403175 0.564748 0.412698 0.550360 0.409524 0.546763 0.406349 0.532374 0.393651 0.517986 0.377778 0.517986
0 0.288889 0.557554 0.269841 0.568345 0.260317 0.582734 0.260317 0.593525 0.263492 0.600719 0.276190 0.611511 0.292063 0.611511 0.311111 0.600719 0.311111 0.586331
0 0.777778 0.593525 0.784127 0.597122 0.809524 0.597122 0.828571 0.586331 0.834921 0.575540 0.831746 0.568345 0.825397 0.564748 0.800000 0.564748 0.796825 0.568345 0.790476 0.568345 0.784127 0.571942 0.777778 0.579137
0 0.876190 0.615108 0.863492 0.604317 0.847619 0.604317 0.834921 0.611511 0.822222 0.611511 0.819048 0.615108 0.806349 0.615108 0.803175 0.618705 0.822222 0.622302 0.831746 0.629496 0.863492 0.629496 0.869841 0.625899 0.876190 0.618705
0 0.292063 0.636691 0.298413 0.643885 0.304762 0.643885 0.307937 0.647482 0.317460 0.647482 0.320635 0.651079 0.323810 0.651079 0.333333 0.640288 0.336508 0.640288 0.342857 0.633094 0.342857 0.629496 0.339683 0.625899 0.307937 0.625899 0.304762 0.629496 0.295238 0.629496 0.292063 0.633094
0 0.257143 0.643885 0.257143 0.654676 0.260317 0.654676 0.263492 0.658273 0.266667 0.658273 0.269841 0.661871 0.276190 0.654676 0.276190 0.647482 0.269841 0.640288 0.263492 0.640288 0.260317 0.643885
0 0.580952 0.643885 0.587302 0.651079 0.590476 0.651079 0.603175 0.665468 0.606349 0.665468 0.609524 0.669065 0.612698 0.669065 0.615873 0.665468 0.615873 0.654676 0.612698 0.651079 0.609524 0.651079 0.606349 0.647482 0.600000 0.647482 0.590476 0.640288 0.584127 0.640288
0 0.939683 0.661871 0.933333 0.661871 0.930159 0.658273 0.923810 0.658273 0.920635 0.661871 0.917460 0.661871 0.914286 0.665468 0.904762 0.669065 0.904762 0.683453 0.911111 0.690647 0.926984 0.690647 0.933333 0.683453 0.936508 0.683453 0.939683 0.679856 0.939683 0.676259 0.942857 0.672662
0 0.282540 0.665468 0.282540 0.669065 0.288889 0.676259 0.298413 0.679856 0.304762 0.687050 0.307937 0.687050 0.323810 0.697842 0.333333 0.694245 0.333333 0.690647 0.323810 0.690647 0.320635 0.687050 0.320635 0.683453 0.298413 0.661871 0.285714 0.661871
0 0.434921 0.669065 0.425397 0.661871 0.415873 0.661871 0.412698 0.665468 0.403175 0.665468 0.400000 0.669065 0.393651 0.669065 0.390476 0.672662 0.387302 0.672662 0.380952 0.679856 0.380952 0.683453 0.387302 0.690647 0.412698 0.690647 0.415873 0.687050 0.425397 0.683453 0.431746 0.676259 0.434921 0.676259
0 0.520635 0.697842 0.520635 0.705036 0.526984 0.712230 0.530159 0.712230 0.533333 0.715827 0.539683 0.715827 0.542857 0.719424 0.549206 0.719424 0.552381 0.723022 0.558730 0.723022 0.561905 0.719424 0.565079 0.719424 0.565079 0.708633 0.549206 0.690647 0.533333 0.690647 0.530159 0.694245
0 0.860317 0.697842 0.860317 0.705036 0.866667 0.712230 0.869841 0.712230 0.873016 0.715827 0.879365 0.715827 0.882540 0.712230 0.892063 0.712230 0.895238 0.708633 0.898413 0.708633 0.898413 0.697842 0.895238 0.697842 0.892063 0.694245 0.885714 0.694245 0.882540 0.690647 0.869841 0.690647
0 0.819048 0.697842 0.815873 0.697842 0.812698 0.694245 0.809524 0.694245 0.806349 0.697842 0.793651 0.697842 0.790476 0.701439 0.787302 0.701439 0.787302 0.708633 0.790476 0.712230 0.800000 0.712230 0.803175 0.708633 0.815873 0.708633 0.819048 0.705036
0 0.571429 0.741007 0.571429 0.748201 0.580952 0.748201 0.584127 0.744604 0.603175 0.744604 0.600000 0.744604 0.593651 0.737410 0.574603 0.737410
0 0.739683 0.755396 0.739683 0.766187 0.742857 0.769784 0.746032 0.769784 0.749206 0.773381 0.752381 0.773381 0.755556 0.769784 0.761905 0.769784 0.768254 0.762590 0.768254 0.755396 0.765079 0.751799 0.761905 0.751799 0.758730 0.748201 0.746032 0.748201
0 0.704762 0.755396 0.701587 0.751799 0.692063 0.751799 0.688889 0.755396 0.682540 0.755396 0.676190 0.762590 0.676190 0.769784 0.679365 0.773381 0.695238 0.773381 0.704762 0.762590
0 0.498413 0.787770 0.504762 0.794964 0.526984 0.794964 0.530159 0.791367 0.533333 0.791367 0.533333 0.784173 0.530159 0.784173 0.526984 0.780576 0.504762 0.780576
0 0.149206 0.794964 0.149206 0.802158 0.152381 0.802158 0.158730 0.809353 0.161905 0.809353 0.171429 0.816547 0.177778 0.816547 0.180952 0.820144 0.187302 0.820144 0.200000 0.809353 0.200000 0.794964 0.190476 0.784173 0.161905 0.784173
0 0.292063 0.812950 0.288889 0.816547 0.288889 0.834532 0.292063 0.838129 0.292063 0.841727 0.295238 0.845324 0.304762 0.845324 0.307937 0.841727 0.311111 0.841727 0.314286 0.838129 0.314286 0.830935 0.317460 0.827338 0.317460 0.820144 0.307937 0.812950
0 0.111111 0.830935 0.111111 0.834532 0.117460 0.841727 0.130159 0.848921 0.142857 0.863309 0.158730 0.863309 0.165079 0.856115 0.165079 0.845324 0.161905 0.838129 0.152381 0.827338 0.146032 0.823741 0.117460 0.823741
0 0.222222 0.830935 0.222222 0.841727 0.234921 0.852518 0.257143 0.852518 0.260317 0.848921 0.263492 0.848921 0.269841 0.838129 0.269841 0.823741 0.231746 0.823741
0 0.526984 0.830935 0.517460 0.823741 0.504762 0.823741 0.501587 0.827338 0.495238 0.827338 0.492063 0.830935 0.488889 0.830935 0.482540 0.838129 0.482540 0.841727 0.498413 0.841727 0.501587 0.838129 0.514286 0.838129 0.517460 0.841727 0.520635 0.841727 0.523810 0.838129 0.526984 0.838129
0 0.914286 0.834532 0.914286 0.841727 0.917460 0.841727 0.920635 0.845324 0.930159 0.845324 0.933333 0.848921 0.952381 0.848921 0.955556 0.845324 0.961905 0.845324 0.965079 0.841727 0.968254 0.841727 0.968254 0.834532 0.965079 0.830935 0.952381 0.830935 0.949206 0.827338 0.933333 0.827338 0.930159 0.830935
0 0.196825 0.841727 0.184127 0.841727 0.180952 0.845324 0.180952 0.848921 0.177778 0.852518 0.180952 0.856115 0.177778 0.859712 0.177778 0.863309 0.180952 0.866906 0.187302 0.866906 0.190476 0.870504 0.193651 0.866906 0.196825 0.866906 0.200000 0.863309 0.200000 0.859712 0.203175 0.856115 0.203175 0.848921
0 0.758730 0.863309 0.742857 0.859712 0.739683 0.863309 0.717460 0.866906 0.704762 0.874101 0.704762 0.884892 0.714286 0.895683 0.726984 0.895683 0.739683 0.881295 0.758730 0.874101
0 0.819048 0.863309 0.815873 0.863309 0.812698 0.859712 0.803175 0.859712 0.800000 0.863309 0.796825 0.863309 0.787302 0.874101 0.787302 0.884892 0.790476 0.888489 0.790476 0.892086 0.796825 0.899281 0.806349 0.899281 0.815873 0.892086 0.815873 0.888489 0.822222 0.881295 0.822222 0.866906
