0 0.841270 0.096774 0.831746 0.103943 0.831746 0.121864 0.834921 0.125448 0.834921 0.129032 0.841270 0.136201 0.850794 0.136201 0.857143 0.129032 0.857143 0.114695 0.853968 0.111111 0.853968 0.103943 0.850794 0.100358
0 0.149206 0.103943 0.142857 0.111111 0.142857 0.114695 0.139683 0.118280 0.139683 0.129032 0.149206 0.139785 0.152381 0.139785 0.161905 0.129032 0.161905 0.114695 0.152381 0.103943
0 0.266667 0.114695 0.263492 0.118280 0.263492 0.121864 0.266667 0.125448 0.273016 0.125448 0.273016 0.121864 0.276190 0.118280 0.276190 0.114695
0 0.374603 0.121864 0.368254 0.114695 0.365079 0.114695 0.358730 0.125448 0.349206 0.118280 0.336508 0.118280 0.333333 0.121864 0.333333 0.136201 0.342857 0.146953 0.352381 0.146953 0.355556 0.143369 0.365079 0.139785 0.374603 0.129032
0 0.104762 0.121864 0.098413 0.129032 0.098413 0.146953 0.101587 0.150538 0.101587 0.154122 0.107937 0.161290 0.114286 0.161290 0.120635 0.154122 0.120635 0.150538 0.123810 0.146953 0.123810 0.129032 0.114286 0.121864
0 0.688889 0.121864 0.679365 0.121864 0.676190 0.125448 0.676190 0.161290 0.682540 0.172043 0.685714 0.168459 0.688889 0.168459 0.688889 0.164875 0.692063 0.161290 0.692063 0.154122 0.688889 0.150538
0 0.212698 0.125448 0.209524 0.125448 0.206349 0.129032 0.203175 0.129032 0.203175 0.132616 0.200000 0.136201 0.200000 0.139785 0.203175 0.143369 0.203175 0.150538 0.209524 0.157706 0.212698 0.154122 0.215873 0.154122 0.215873 0.150538 0.219048 0.146953 0.219048 0.136201 0.215873 0.132616 0.215873 0.129032
0 0.733333 0.125448 0.733333 0.146953 0.746032 0.146953 0.746032 0.143369 0.749206 0.139785 0.749206 0.129032 0.746032 0.125448
0 0.511111 0.129032 0.507937 0.132616 0.504762 0.132616 0.498413 0.139785 0.498413 0.143369 0.495238 0.146953 0.495238 0.150538 0.501587 0.157706 0.507937 0.157706 0.511111 0.154122 0.514286 0.154122 0.517460 0.150538 0.517460 0.136201
0 0.177778 0.132616 0.171429 0.139785 0.171429 0.150538 0.177778 0.157706 0.184127 0.157706 0.190476 0.150538 0.190476 0.146953 0.187302 0.143369 0.187302 0.139785 0.180952 0.132616
0 0.304762 0.143369 0.304762 0.146953 0.301587 0.150538 0.301587 0.154122 0.304762 0.157706 0.304762 0.161290 0.311111 0.168459 0.320635 0.168459 0.326984 0.161290 0.326984 0.150538 0.317460 0.139785 0.311111 0.139785 0.307937 0.143369
0 0.466667 0.139785 0.463492 0.143369 0.460317 0.143369 0.460317 0.150538 0.457143 0.154122 0.457143 0.161290 0.460317 0.164875 0.460317 0.172043 0.463492 0.175627 0.473016 0.175627 0.476190 0.172043 0.476190 0.161290 0.479365 0.157706 0.476190 0.154122 0.476190 0.146953
0 0.282540 0.146953 0.279365 0.146953 0.276190 0.143369 0.273016 0.143369 0.269841 0.146953 0.269841 0.154122 0.266667 0.157706 0.266667 0.161290 0.269841 0.164875 0.273016 0.164875 0.276190 0.161290 0.279365 0.161290 0.282540 0.157706
0 0.434921 0.146953 0.434921 0.150538 0.431746 0.154122 0.431746 0.168459 0.438095 0.175627 0.438095 0.179211 0.441270 0.182796 0.444444 0.182796 0.447619 0.179211 0.447619 0.150538 0.444444 0.146953
0 0.768254 0.146953 0.761905 0.157706 0.761905 0.168459 0.765079 0.172043 0.768254 0.182796 0.780952 0.182796 0.787302 0.175627 0.787302 0.172043 0.790476 0.168459 0.790476 0.154122 0.784127 0.146953
0 0.393651 0.150538 0.390476 0.154122 0.387302 0.154122 0.387302 0.157706 0.384127 0.161290 0.384127 0.175627 0.390476 0.182796 0.403175 0.182796 0.403175 0.179211 0.409524 0.172043 0.409524 0.157706 0.400000 0.150538
0 0.263492 0.161290 0.260317 0.161290 0.257143 0.164875 0.253968 0.164875 0.247619 0.172043 0.247619 0.175627 0.244444 0.179211 0.244444 0.186380 0.247619 0.189964 0.257143 0.189964 0.263492 0.182796 0.263492 0.179211 0.266667 0.175627 0.266667 0.172043 0.269841 0.168459
0 0.568254 0.161290 0.565079 0.164875 0.565079 0.179211 0.571429 0.186380 0.574603 0.186380 0.577778 0.189964 0.577778 0.197133 0.584127 0.204301 0.587302 0.200717 0.590476 0.200717 0.590476 0.179211 0.587302 0.175627 0.584127 0.179211 0.580952 0.175627 0.577778 0.164875 0.574603 0.161290
0 0.358730 0.168459 0.355556 0.172043 0.352381 0.172043 0.352381 0.189964 0.355556 0.193548 0.365079 0.193548 0.368254 0.189964 0.368254 0.186380 0.371429 0.182796 0.371429 0.175627 0.365079 0.168459
0 0.542857 0.168459 0.536508 0.175627 0.536508 0.189964 0.539683 0.193548 0.552381 0.193548 0.552381 0.179211 0.549206 0.175627 0.549206 0.172043 0.546032 0.168459
0 0.841270 0.168459 0.838095 0.172043 0.838095 0.182796 0.850794 0.197133 0.853968 0.197133 0.857143 0.193548 0.857143 0.182796 0.853968 0.179211 0.853968 0.172043 0.850794 0.168459
0 0.511111 0.172043 0.507937 0.175627 0.504762 0.175627 0.501587 0.179211 0.501587 0.182796 0.498413 0.186380 0.498413 0.193548 0.504762 0.200717 0.507937 0.200717 0.511111 0.204301 0.514286 0.204301 0.517460 0.200717 0.517460 0.193548 0.520635 0.189964 0.520635 0.179211 0.514286 0.172043
0 0.171429 0.175627 0.168254 0.179211 0.168254 0.193548 0.174603 0.200717 0.184127 0.200717 0.187302 0.197133 0.187302 0.186380 0.177778 0.175627
0 0.692063 0.182796 0.692063 0.197133 0.701587 0.207885 0.707937 0.207885 0.711111 0.204301 0.714286 0.204301 0.720635 0.193548 0.717460 0.189964 0.717460 0.186380 0.711111 0.179211 0.698413 0.179211 0.695238 0.182796
0 0.333333 0.182796 0.323810 0.182796 0.320635 0.186380 0.317460 0.186380 0.311111 0.193548 0.311111 0.197133 0.304762 0.207885 0.307937 0.218638 0.311111 0.218638 0.317460 0.211470 0.326984 0.211470 0.336508 0.204301 0.336508 0.197133 0.339683 0.193548
0 0.638095 0.186380 0.634921 0.189964 0.634921 0.211470 0.638095 0.215054 0.638095 0.218638 0.650794 0.232975 0.657143 0.232975 0.660317 0.229391 0.663492 0.218638 0.660317 0.215054 0.660317 0.211470 0.657143 0.207885 0.653968 0.197133 0.644444 0.186380
0 0.212698 0.193548 0.203175 0.193548 0.203175 0.197133 0.200000 0.200717 0.200000 0.204301 0.196825 0.207885 0.196825 0.215054 0.203175 0.222222 0.206349 0.218638 0.212698 0.218638 0.215873 0.215054 0.215873 0.211470 0.219048 0.207885 0.219048 0.200717
0 0.276190 0.193548 0.263492 0.207885 0.263492 0.218638 0.266667 0.222222 0.288889 0.222222 0.292063 0.218638 0.292063 0.207885 0.288889 0.204301 0.288889 0.200717 0.282540 0.193548
0 0.787302 0.197133 0.780952 0.204301 0.780952 0.225806 0.793651 0.240143 0.803175 0.232975 0.803175 0.204301 0.796825 0.197133
0 0.377778 0.200717 0.374603 0.204301 0.374603 0.207885 0.371429 0.211470 0.371429 0.218638 0.374603 0.222222 0.374603 0.225806 0.380952 0.232975 0.387302 0.232975 0.393651 0.225806 0.393651 0.207885 0.387302 0.200717
0 0.469841 0.200717 0.460317 0.207885 0.460317 0.218638 0.457143 0.222222 0.457143 0.229391 0.460317 0.232975 0.460317 0.236559 0.469841 0.243728 0.473016 0.240143 0.476190 0.240143 0.476190 0.229391 0.473016 0.225806 0.476190 0.222222 0.476190 0.204301 0.473016 0.204301
0 0.126984 0.204301 0.123810 0.207885 0.123810 0.236559 0.126984 0.236559 0.130159 0.240143 0.133333 0.236559 0.136508 0.236559 0.139683 0.232975 0.139683 0.215054 0.136508 0.211470 0.136508 0.207885 0.130159 0.207885
0 0.819048 0.204301 0.815873 0.207885 0.815873 0.236559 0.819048 0.240143 0.825397 0.240143 0.831746 0.232975 0.831746 0.211470 0.828571 0.207885 0.828571 0.204301
0 0.352381 0.207885 0.349206 0.211470 0.346032 0.211470 0.346032 0.215054 0.342857 0.218638 0.342857 0.232975 0.349206 0.240143 0.358730 0.240143 0.361905 0.236559 0.361905 0.215054 0.358730 0.211470 0.358730 0.207885
0 0.457143 0.207885 0.444444 0.207885 0.434921 0.218638 0.434921 0.229391 0.438095 0.232975 0.441270 0.232975 0.444444 0.236559 0.447619 0.232975 0.453968 0.232975 0.453968 0.222222 0.457143 0.218638
0 0.752381 0.207885 0.749206 0.211470 0.749206 0.215054 0.746032 0.218638 0.746032 0.222222 0.749206 0.225806 0.749206 0.229391 0.752381 0.232975 0.755556 0.232975 0.758730 0.236559 0.761905 0.232975 0.765079 0.232975 0.768254 0.229391 0.768254 0.218638 0.765079 0.215054 0.765079 0.211470 0.761905 0.207885
0 0.549206 0.211470 0.542857 0.211470 0.539683 0.215054 0.536508 0.215054 0.533333 0.218638 0.533333 0.222222 0.530159 0.225806 0.530159 0.240143 0.533333 0.243728 0.542857 0.243728 0.546032 0.240143 0.546032 0.232975 0.549206 0.229391 0.549206 0.225806 0.552381 0.222222 0.552381 0.215054
0 0.152381 0.218638 0.152381 0.222222 0.149206 0.225806 0.152381 0.229391 0.152381 0.236559 0.155556 0.240143 0.155556 0.243728 0.165079 0.250896 0.171429 0.250896 0.177778 0.240143 0.177778 0.232975 0.174603 0.229391 0.174603 0.225806 0.165079 0.218638
0 0.234921 0.225806 0.219048 0.225806 0.209524 0.236559 0.209524 0.247312 0.215873 0.254480 0.225397 0.254480 0.234921 0.243728
0 0.269841 0.232975 0.263492 0.240143 0.263492 0.258065 0.266667 0.261649 0.266667 0.265233 0.279365 0.265233 0.279365 0.261649 0.285714 0.254480 0.285714 0.243728 0.276190 0.232975
0 0.326984 0.243728 0.323810 0.247312 0.323810 0.250896 0.320635 0.254480 0.320635 0.261649 0.323810 0.265233 0.323810 0.268817 0.326984 0.268817 0.333333 0.275986 0.339683 0.275986 0.346032 0.268817 0.346032 0.265233 0.342857 0.261649 0.342857 0.254480 0.333333 0.243728
0 0.117460 0.250896 0.111111 0.250896 0.107937 0.254480 0.107937 0.272401 0.111111 0.275986 0.114286 0.275986 0.117460 0.272401 0.117460 0.261649 0.120635 0.258065 0.117460 0.254480
0 0.774603 0.250896 0.768254 0.258065 0.768254 0.272401 0.777778 0.283154 0.787302 0.283154 0.787302 0.275986 0.790476 0.272401 0.790476 0.265233 0.787302 0.261649 0.787302 0.254480 0.784127 0.254480 0.780952 0.250896
0 0.812698 0.254480 0.803175 0.261649 0.803175 0.272401 0.809524 0.283154 0.812698 0.283154 0.815873 0.286738 0.822222 0.286738 0.828571 0.279570 0.828571 0.265233 0.822222 0.258065 0.815873 0.258065
0 0.457143 0.258065 0.457143 0.261649 0.453968 0.265233 0.453968 0.275986 0.457143 0.279570 0.457143 0.283154 0.463492 0.293907 0.473016 0.293907 0.479365 0.286738 0.479365 0.279570 0.482540 0.275986 0.482540 0.265233 0.476190 0.258065
0 0.231746 0.261649 0.222222 0.272401 0.222222 0.279570 0.228571 0.286738 0.238095 0.286738 0.241270 0.283154 0.241270 0.268817 0.238095 0.265233 0.234921 0.265233
0 0.742857 0.261649 0.739683 0.265233 0.739683 0.275986 0.742857 0.279570 0.742857 0.283154 0.752381 0.293907 0.758730 0.293907 0.761905 0.290323 0.761905 0.268817 0.755556 0.261649
0 0.377778 0.268817 0.374603 0.268817 0.371429 0.265233 0.368254 0.265233 0.358730 0.275986 0.358730 0.290323 0.361905 0.293907 0.371429 0.293907 0.377778 0.286738
0 0.142857 0.268817 0.136508 0.275986 0.136508 0.286738 0.142857 0.293907 0.152381 0.293907 0.158730 0.286738 0.158730 0.275986 0.152381 0.268817
0 0.187302 0.272401 0.187302 0.275986 0.184127 0.279570 0.184127 0.290323 0.187302 0.293907 0.203175 0.293907 0.206349 0.290323 0.209524 0.290323 0.209524 0.279570 0.203175 0.272401 0.196825 0.272401 0.193651 0.268817 0.190476 0.268817
0 0.657143 0.272401 0.657143 0.275986 0.653968 0.279570 0.653968 0.311828 0.657143 0.315412 0.660317 0.315412 0.663492 0.311828 0.669841 0.311828 0.673016 0.308244 0.679365 0.308244 0.682540 0.304659 0.685714 0.304659 0.685714 0.290323 0.682540 0.286738 0.682540 0.283154 0.673016 0.272401
0 0.536508 0.275986 0.526984 0.275986 0.523810 0.279570 0.523810 0.283154 0.520635 0.286738 0.520635 0.304659 0.523810 0.304659 0.526984 0.308244 0.530159 0.308244 0.536508 0.301075 0.536508 0.297491 0.539683 0.293907 0.539683 0.279570
0 0.396825 0.283154 0.390476 0.290323 0.390476 0.311828 0.396825 0.318996 0.403175 0.318996 0.406349 0.315412 0.406349 0.308244 0.409524 0.304659 0.409524 0.290323 0.403175 0.283154
0 0.885714 0.283154 0.879365 0.290323 0.879365 0.311828 0.882540 0.311828 0.885714 0.315412 0.888889 0.315412 0.888889 0.311828 0.892063 0.308244 0.892063 0.304659 0.895238 0.301075 0.895238 0.290323 0.888889 0.283154
0 0.314286 0.290323 0.311111 0.293907 0.311111 0.308244 0.314286 0.311828 0.314286 0.315412 0.317460 0.318996 0.326984 0.318996 0.330159 0.315412 0.330159 0.308244 0.333333 0.304659 0.333333 0.301075 0.330159 0.297491 0.330159 0.293907 0.326984 0.290323
0 0.612698 0.293907 0.606349 0.304659 0.609524 0.308244 0.609524 0.311828 0.628571 0.333333 0.634921 0.333333 0.634921 0.329749 0.638095 0.326165 0.634921 0.315412 0.619048 0.297491 0.615873 0.297491
0 0.250794 0.297491 0.247619 0.297491 0.244444 0.301075 0.241270 0.301075 0.234921 0.308244 0.234921 0.322581 0.238095 0.326165 0.244444 0.326165 0.253968 0.315412 0.253968 0.311828 0.257143 0.308244 0.257143 0.304659
0 0.279365 0.297491 0.276190 0.301075 0.276190 0.318996 0.279365 0.322581 0.282540 0.322581 0.285714 0.326165 0.288889 0.326165 0.292063 0.322581 0.295238 0.322581 0.295238 0.318996 0.298413 0.315412 0.298413 0.304659 0.292063 0.297491
0 0.438095 0.297491 0.438095 0.308244 0.444444 0.315412 0.444444 0.318996 0.447619 0.318996 0.450794 0.315412 0.450794 0.308244 0.447619 0.304659 0.447619 0.301075 0.444444 0.297491
0 0.126984 0.304659 0.123810 0.308244 0.123810 0.318996 0.126984 0.322581 0.126984 0.326165 0.133333 0.333333 0.142857 0.322581 0.142857 0.311828 0.136508 0.304659
0 0.796825 0.304659 0.790476 0.311828 0.790476 0.326165 0.793651 0.329749 0.793651 0.333333 0.800000 0.333333 0.803175 0.329749 0.803175 0.326165 0.800000 0.322581 0.800000 0.311828 0.796825 0.308244
0 0.688889 0.308244 0.682540 0.308244 0.679365 0.311828 0.673016 0.311828 0.669841 0.315412 0.663492 0.315412 0.660317 0.318996 0.657143 0.318996 0.657143 0.322581 0.663492 0.333333 0.663492 0.340502 0.673016 0.354839 0.692063 0.354839 0.698413 0.347670 0.698413 0.329749 0.695238 0.326165
0 0.349206 0.315412 0.342857 0.322581 0.342857 0.333333 0.346032 0.336918 0.349206 0.336918 0.352381 0.333333 0.352381 0.329749 0.355556 0.326165 0.355556 0.318996 0.352381 0.318996
0 0.485714 0.315412 0.482540 0.318996 0.482540 0.329749 0.485714 0.333333 0.485714 0.336918 0.492063 0.336918 0.495238 0.340502 0.498413 0.336918 0.501587 0.336918 0.504762 0.333333 0.504762 0.329749 0.507937 0.326165 0.504762 0.322581 0.504762 0.318996 0.501587 0.315412
0 0.165079 0.318996 0.155556 0.326165 0.155556 0.344086 0.158730 0.347670 0.158730 0.351254 0.165079 0.358423 0.168254 0.358423 0.171429 0.354839 0.171429 0.347670 0.174603 0.344086 0.174603 0.326165
0 0.419048 0.318996 0.409524 0.329749 0.409524 0.344086 0.415873 0.351254 0.428571 0.351254 0.431746 0.347670 0.431746 0.326165 0.425397 0.318996
0 0.850794 0.318996 0.834921 0.318996 0.828571 0.326165 0.828571 0.344086 0.834921 0.351254 0.838095 0.351254 0.841270 0.354839 0.844444 0.351254 0.847619 0.351254 0.847619 0.347670 0.850794 0.344086 0.850794 0.336918 0.853968 0.333333 0.853968 0.322581
0 0.374603 0.329749 0.374603 0.333333 0.371429 0.336918 0.371429 0.347670 0.374603 0.351254 0.374603 0.354839 0.380952 0.362007 0.387302 0.362007 0.393651 0.354839 0.393651 0.347670 0.390476 0.344086 0.390476 0.336918 0.384127 0.329749
0 0.873016 0.329749 0.873016 0.362007 0.879365 0.369176 0.888889 0.369176 0.888889 0.365591 0.898413 0.354839 0.898413 0.347670 0.895238 0.344086 0.895238 0.340502 0.888889 0.333333 0.882540 0.333333 0.879365 0.329749
0 0.561905 0.333333 0.558730 0.336918 0.552381 0.336918 0.549206 0.340502 0.549206 0.347670 0.546032 0.351254 0.549206 0.354839 0.555556 0.354839 0.555556 0.344086 0.558730 0.340502 0.561905 0.340502
0 0.590476 0.333333 0.590476 0.358423 0.593651 0.362007 0.600000 0.362007 0.603175 0.358423 0.603175 0.344086 0.600000 0.340502 0.600000 0.336918 0.596825 0.333333
0 0.311111 0.336918 0.311111 0.354839 0.317460 0.362007 0.326984 0.362007 0.333333 0.354839 0.333333 0.344086 0.326984 0.336918
0 0.196825 0.344086 0.193651 0.347670 0.193651 0.365591 0.196825 0.369176 0.200000 0.369176 0.203175 0.372760 0.206349 0.369176 0.209524 0.369176 0.212698 0.365591 0.212698 0.354839 0.209524 0.351254 0.209524 0.347670 0.206349 0.347670 0.203175 0.344086
0 0.292063 0.344086 0.279365 0.344086 0.276190 0.347670 0.276190 0.365591 0.279365 0.369176 0.285714 0.369176 0.295238 0.358423 0.295238 0.347670
0 0.238095 0.347670 0.238095 0.351254 0.234921 0.354839 0.234921 0.358423 0.238095 0.362007 0.238095 0.372760 0.247619 0.379928 0.253968 0.379928 0.260317 0.372760 0.260317 0.369176 0.263492 0.365591 0.263492 0.358423 0.260317 0.354839 0.260317 0.351254 0.257143 0.347670
0 0.625397 0.351254 0.622222 0.354839 0.622222 0.365591 0.625397 0.369176 0.634921 0.369176 0.638095 0.365591 0.638095 0.354839 0.634921 0.351254
0 0.352381 0.358423 0.346032 0.365591 0.346032 0.379928 0.352381 0.387097 0.361905 0.387097 0.365079 0.383513 0.365079 0.379928 0.368254 0.376344 0.368254 0.369176 0.361905 0.362007 0.358730 0.362007 0.355556 0.358423
0 0.403175 0.362007 0.396825 0.369176 0.396825 0.379928 0.406349 0.390681 0.412698 0.390681 0.419048 0.383513 0.419048 0.379928 0.422222 0.376344 0.422222 0.372760 0.419048 0.369176 0.419048 0.365591 0.415873 0.362007
0 0.501587 0.362007 0.501587 0.372760 0.507937 0.379928 0.507937 0.376344 0.511111 0.372760 0.514286 0.372760 0.514286 0.365591 0.511111 0.362007
0 0.107937 0.365591 0.104762 0.369176 0.101587 0.369176 0.098413 0.372760 0.098413 0.387097 0.104762 0.394265 0.114286 0.394265 0.117460 0.390681 0.117460 0.387097 0.120635 0.383513 0.120635 0.379928 0.117460 0.376344 0.117460 0.372760 0.111111 0.365591
0 0.180952 0.365591 0.177778 0.369176 0.174603 0.369176 0.171429 0.372760 0.171429 0.387097 0.177778 0.394265 0.187302 0.394265 0.190476 0.390681 0.190476 0.379928 0.187302 0.376344 0.187302 0.372760
0 0.574603 0.369176 0.568254 0.376344 0.568254 0.383513 0.571429 0.387097 0.568254 0.390681 0.571429 0.394265 0.571429 0.405018 0.580952 0.405018 0.580952 0.401434 0.584127 0.397849 0.584127 0.390681 0.587302 0.387097 0.587302 0.383513 0.584127 0.379928 0.584127 0.376344 0.577778 0.369176
0 0.901587 0.369176 0.895238 0.376344 0.895238 0.383513 0.898413 0.387097 0.898413 0.390681 0.907937 0.390681 0.911111 0.387097 0.911111 0.383513 0.914286 0.379928 0.911111 0.376344 0.911111 0.372760 0.907937 0.372760 0.904762 0.369176
0 0.377778 0.387097 0.377778 0.390681 0.374603 0.394265 0.374603 0.405018 0.380952 0.412186 0.384127 0.412186 0.387302 0.408602 0.390476 0.408602 0.390476 0.405018 0.393651 0.401434 0.390476 0.397849 0.390476 0.390681 0.387302 0.387097
0 0.434921 0.387097 0.422222 0.401434 0.422222 0.408602 0.428571 0.415771 0.428571 0.419355 0.431746 0.422939 0.434921 0.422939 0.438095 0.426523 0.441270 0.426523 0.444444 0.422939 0.444444 0.415771 0.441270 0.412186 0.441270 0.390681 0.438095 0.387097
0 0.961905 0.387097 0.958730 0.387097 0.952381 0.397849 0.952381 0.408602 0.949206 0.412186 0.949206 0.426523 0.961905 0.426523 0.965079 0.422939 0.965079 0.390681
0 0.206349 0.394265 0.206349 0.397849 0.203175 0.401434 0.203175 0.408602 0.209524 0.415771 0.225397 0.415771 0.225397 0.412186 0.228571 0.408602 0.228571 0.405018 0.225397 0.401434 0.225397 0.397849 0.222222 0.394265
0 0.269841 0.394265 0.263492 0.405018 0.263492 0.408602 0.266667 0.412186 0.266667 0.419355 0.273016 0.426523 0.282540 0.426523 0.288889 0.419355 0.288889 0.405018 0.285714 0.401434 0.285714 0.397849 0.282540 0.397849 0.279365 0.394265
0 0.342857 0.401434 0.339683 0.405018 0.339683 0.419355 0.346032 0.426523 0.346032 0.430108 0.355556 0.430108 0.355556 0.426523 0.358730 0.422939 0.358730 0.408602 0.352381 0.401434
0 0.831746 0.401434 0.828571 0.405018 0.828571 0.412186 0.825397 0.415771 0.825397 0.426523 0.828571 0.430108 0.828571 0.444444 0.831746 0.448029 0.838095 0.448029 0.841270 0.444444 0.841270 0.422939 0.844444 0.419355 0.844444 0.412186 0.838095 0.401434
0 0.723810 0.405018 0.717460 0.405018 0.714286 0.408602 0.714286 0.415771 0.711111 0.419355 0.707937 0.419355 0.711111 0.422939 0.711111 0.437276 0.714286 0.440860 0.717460 0.451613 0.720635 0.448029 0.730159 0.444444 0.736508 0.437276 0.736508 0.422939 0.733333 0.419355 0.730159 0.408602 0.726984 0.408602
0 0.228571 0.412186 0.228571 0.430108 0.231746 0.433692 0.244444 0.433692 0.247619 0.430108 0.247619 0.412186 0.244444 0.412186 0.241270 0.408602 0.234921 0.408602 0.231746 0.412186
0 0.126984 0.412186 0.126984 0.430108 0.130159 0.433692 0.133333 0.433692 0.136508 0.430108 0.139683 0.430108 0.142857 0.426523 0.142857 0.419355 0.136508 0.412186
0 0.400000 0.412186 0.393651 0.419355 0.393651 0.433692 0.396825 0.437276 0.396825 0.440860 0.406349 0.440860 0.412698 0.433692 0.412698 0.430108 0.415873 0.426523 0.415873 0.419355 0.409524 0.412186
0 0.688889 0.412186 0.682540 0.419355 0.682540 0.426523 0.688889 0.437276 0.688889 0.444444 0.692063 0.448029 0.695238 0.448029 0.701587 0.455197 0.704762 0.451613 0.714286 0.451613 0.714286 0.448029 0.707937 0.437276 0.707937 0.422939 0.704762 0.419355 0.704762 0.415771 0.701587 0.412186
0 0.101587 0.419355 0.098413 0.422939 0.098413 0.433692 0.101587 0.437276 0.101587 0.440860 0.104762 0.440860 0.107937 0.444444 0.111111 0.444444 0.114286 0.448029 0.117460 0.444444 0.120635 0.444444 0.120635 0.430108 0.117460 0.426523 0.117460 0.422939 0.114286 0.419355
0 0.304762 0.426523 0.301587 0.430108 0.298413 0.430108 0.295238 0.433692 0.288889 0.433692 0.288889 0.448029 0.292063 0.448029 0.295238 0.451613 0.301587 0.451613 0.304762 0.455197 0.307937 0.451613 0.311111 0.451613 0.311111 0.433692
0 0.542857 0.426523 0.542857 0.437276 0.549206 0.444444 0.552381 0.444444 0.555556 0.448029 0.561905 0.448029 0.565079 0.444444 0.549206 0.426523
0 0.171429 0.433692 0.168254 0.437276 0.168254 0.451613 0.171429 0.455197 0.171429 0.458781 0.174603 0.458781 0.177778 0.462366 0.180952 0.458781 0.184127 0.458781 0.184127 0.455197 0.187302 0.451613 0.187302 0.444444 0.184127 0.440860 0.184127 0.437276 0.180952 0.433692
0 0.200000 0.433692 0.200000 0.437276 0.196825 0.440860 0.200000 0.444444 0.200000 0.448029 0.203175 0.451613 0.206349 0.448029 0.212698 0.448029 0.212698 0.437276 0.209524 0.433692
0 0.330159 0.433692 0.330159 0.448029 0.346032 0.448029 0.346032 0.444444 0.349206 0.440860 0.346032 0.440860 0.342857 0.437276 0.333333 0.437276
0 0.371429 0.433692 0.365079 0.440860 0.365079 0.448029 0.361905 0.451613 0.365079 0.455197 0.365079 0.458781 0.368254 0.462366 0.380952 0.462366 0.384127 0.458781 0.384127 0.440860 0.380952 0.437276 0.380952 0.433692
0 0.431746 0.437276 0.428571 0.440860 0.425397 0.440860 0.422222 0.444444 0.422222 0.469534 0.425397 0.473118 0.428571 0.473118 0.431746 0.469534 0.434921 0.469534 0.441270 0.462366 0.441270 0.451613 0.438095 0.448029 0.438095 0.444444
0 0.701587 0.458781 0.695238 0.451613 0.682540 0.448029 0.679365 0.444444 0.663492 0.458781 0.647619 0.465950 0.647619 0.476703 0.660317 0.491039 0.669841 0.491039 0.673016 0.487455 0.679365 0.487455 0.682540 0.483871 0.695238 0.480287 0.701587 0.473118
0 0.142857 0.448029 0.136508 0.455197 0.136508 0.476703 0.139683 0.480287 0.139683 0.483871 0.142857 0.483871 0.146032 0.487455 0.149206 0.487455 0.158730 0.476703 0.158730 0.462366 0.155556 0.458781 0.155556 0.455197 0.149206 0.448029
0 0.260317 0.448029 0.247619 0.448029 0.241270 0.455197 0.241270 0.462366 0.238095 0.465950 0.238095 0.473118 0.241270 0.476703 0.253968 0.476703 0.260317 0.469534 0.260317 0.465950 0.263492 0.462366 0.263492 0.451613
0 0.876190 0.465950 0.873016 0.465950 0.869841 0.462366 0.866667 0.462366 0.863492 0.465950 0.860317 0.465950 0.860317 0.469534 0.857143 0.473118 0.857143 0.487455 0.860317 0.491039 0.869841 0.491039 0.876190 0.483871 0.876190 0.480287 0.879365 0.476703 0.879365 0.473118 0.876190 0.469534
0 0.523810 0.465950 0.523810 0.469534 0.517460 0.476703 0.517460 0.480287 0.514286 0.483871 0.514286 0.487455 0.517460 0.491039 0.517460 0.494624 0.520635 0.498208 0.530159 0.498208 0.530159 0.494624 0.533333 0.491039 0.533333 0.483871 0.536508 0.480287 0.536508 0.473118 0.533333 0.469534 0.533333 0.465950
0 0.555556 0.469534 0.552381 0.469534 0.549206 0.473118 0.549206 0.487455 0.552381 0.487455 0.555556 0.483871
0 0.184127 0.476703 0.180952 0.480287 0.180952 0.483871 0.177778 0.487455 0.177778 0.494624 0.180952 0.498208 0.180952 0.501792 0.184127 0.505376 0.190476 0.505376 0.193651 0.501792 0.196825 0.501792 0.196825 0.483871 0.193651 0.480287 0.193651 0.476703
0 0.323810 0.480287 0.317460 0.480287 0.314286 0.483871 0.311111 0.483871 0.311111 0.508961 0.314286 0.512545 0.314286 0.516129 0.317460 0.516129 0.320635 0.519713 0.326984 0.512545 0.326984 0.505376 0.330159 0.501792 0.330159 0.491039
0 0.438095 0.483871 0.431746 0.491039 0.431746 0.505376 0.434921 0.508961 0.438095 0.508961 0.441270 0.512545 0.447619 0.512545 0.453968 0.505376 0.453968 0.498208 0.457143 0.494624 0.457143 0.491039 0.453968 0.487455 0.453968 0.483871
0 0.666667 0.508961 0.669841 0.508961 0.679365 0.516129 0.688889 0.516129 0.692063 0.512545 0.720635 0.498208 0.720635 0.487455 0.682540 0.487455 0.679365 0.491039 0.673016 0.491039 0.666667 0.498208
0 0.241270 0.491039 0.234921 0.501792 0.234921 0.505376 0.238095 0.508961 0.238095 0.516129 0.241270 0.516129 0.244444 0.519713 0.250794 0.519713 0.253968 0.516129 0.257143 0.516129 0.263492 0.505376 0.263492 0.498208 0.257143 0.491039
0 0.282540 0.491039 0.279365 0.494624 0.279365 0.498208 0.276190 0.501792 0.276190 0.516129 0.282540 0.523297 0.288889 0.523297 0.295238 0.516129 0.295238 0.512545 0.298413 0.508961 0.295238 0.505376 0.295238 0.494624 0.292063 0.491039
0 0.577778 0.491039 0.568254 0.491039 0.565079 0.494624 0.561905 0.494624 0.561905 0.498208 0.558730 0.501792 0.558730 0.519713 0.565079 0.526882 0.568254 0.523297 0.571429 0.523297 0.571429 0.519713 0.574603 0.516129 0.574603 0.508961 0.577778 0.505376
0 0.387302 0.498208 0.380952 0.498208 0.374603 0.505376 0.374603 0.508961 0.368254 0.519713 0.368254 0.526882 0.374603 0.534050 0.384127 0.534050 0.393651 0.523297 0.393651 0.505376
0 0.136508 0.501792 0.133333 0.505376 0.133333 0.519713 0.130159 0.523297 0.130159 0.526882 0.133333 0.530466 0.142857 0.530466 0.149206 0.523297 0.149206 0.512545 0.146032 0.508961 0.146032 0.505376 0.142857 0.505376 0.139683 0.501792
0 0.631746 0.501792 0.625397 0.508961 0.625397 0.516129 0.628571 0.519713 0.628571 0.523297 0.631746 0.526882 0.644444 0.526882 0.644444 0.523297 0.647619 0.519713 0.647619 0.508961 0.641270 0.501792
0 0.600000 0.505376 0.596825 0.505376 0.590476 0.512545 0.590476 0.523297 0.587302 0.526882 0.587302 0.530466 0.593651 0.537634 0.596825 0.537634 0.603175 0.530466 0.603175 0.508961
0 0.473016 0.519713 0.469841 0.523297 0.466667 0.523297 0.466667 0.544803 0.469841 0.548387 0.476190 0.548387 0.476190 0.544803 0.479365 0.541219 0.479365 0.523297 0.476190 0.523297
0 0.171429 0.526882 0.165079 0.534050 0.165079 0.537634 0.161905 0.541219 0.161905 0.548387 0.165079 0.551971 0.168254 0.551971 0.171429 0.555556 0.177778 0.555556 0.184127 0.548387 0.184127 0.544803 0.187302 0.541219 0.187302 0.534050 0.180952 0.526882
0 0.533333 0.526882 0.530159 0.530466 0.526984 0.530466 0.526984 0.548387 0.533333 0.555556 0.536508 0.555556 0.542857 0.548387 0.539683 0.544803 0.539683 0.534050
0 0.269841 0.530466 0.253968 0.530466 0.250794 0.534050 0.250794 0.537634 0.247619 0.541219 0.247619 0.548387 0.253968 0.555556 0.260317 0.555556 0.273016 0.541219 0.273016 0.537634 0.269841 0.534050
0 0.434921 0.534050 0.431746 0.537634 0.431746 0.551971 0.438095 0.559140 0.444444 0.559140 0.450794 0.551971 0.450794 0.537634 0.447619 0.534050
0 0.406349 0.537634 0.403175 0.541219 0.400000 0.541219 0.393651 0.548387 0.393651 0.566308 0.396825 0.569892 0.412698 0.569892 0.412698 0.566308 0.415873 0.562724 0.415873 0.548387 0.412698 0.544803 0.412698 0.541219 0.409524 0.541219
0 0.146032 0.541219 0.142857 0.544803 0.142857 0.548387 0.146032 0.551971 0.146032 0.555556 0.149206 0.555556 0.152381 0.559140 0.155556 0.559140 0.158730 0.555556 0.158730 0.544803 0.155556 0.544803 0.152381 0.541219
0 0.361905 0.544803 0.358730 0.548387 0.358730 0.551971 0.355556 0.555556 0.355556 0.566308 0.358730 0.569892 0.358730 0.577061 0.371429 0.577061 0.371429 0.573477 0.374603 0.569892 0.374603 0.551971 0.371429 0.548387 0.368254 0.548387 0.365079 0.544803
0 0.276190 0.548387 0.273016 0.551971 0.273016 0.555556 0.269841 0.559140 0.269841 0.573477 0.273016 0.577061 0.273016 0.580645 0.285714 0.580645 0.288889 0.577061 0.288889 0.555556 0.282540 0.548387
0 0.307937 0.551971 0.307937 0.562724 0.311111 0.566308 0.311111 0.569892 0.307937 0.573477 0.307937 0.580645 0.304762 0.584229 0.304762 0.594982 0.307937 0.598566 0.317460 0.598566 0.320635 0.594982 0.320635 0.577061 0.314286 0.569892 0.314286 0.551971
0 0.673016 0.559140 0.673016 0.566308 0.688889 0.594982 0.695238 0.598566 0.711111 0.598566 0.720635 0.591398 0.723810 0.584229 0.723810 0.569892 0.717460 0.559140 0.711111 0.555556 0.688889 0.555556 0.685714 0.551971 0.679365 0.551971
0 0.333333 0.555556 0.330159 0.559140 0.330159 0.577061 0.336508 0.584229 0.342857 0.584229 0.346032 0.580645 0.346032 0.559140 0.342857 0.555556
0 0.641270 0.555556 0.641270 0.559140 0.647619 0.566308 0.650794 0.566308 0.653968 0.569892 0.660317 0.569892 0.660317 0.566308 0.653968 0.559140 0.650794 0.559140 0.647619 0.555556
0 0.850794 0.555556 0.844444 0.562724 0.844444 0.577061 0.847619 0.580645 0.847619 0.584229 0.850794 0.584229 0.853968 0.587814 0.860317 0.587814 0.869841 0.577061 0.869841 0.562724 0.863492 0.555556
0 0.136508 0.559140 0.133333 0.562724 0.130159 0.562724 0.130159 0.577061 0.136508 0.577061 0.142857 0.569892 0.142857 0.566308
0 0.498413 0.569892 0.498413 0.573477 0.504762 0.580645 0.514286 0.580645 0.517460 0.577061 0.517460 0.573477 0.514286 0.569892 0.504762 0.569892 0.501587 0.566308
0 0.590476 0.566308 0.590476 0.577061 0.593651 0.580645 0.603175 0.580645 0.603175 0.573477 0.600000 0.569892 0.600000 0.566308
0 0.120635 0.569892 0.111111 0.569892 0.101587 0.580645 0.101587 0.594982 0.104762 0.594982 0.107937 0.598566 0.114286 0.598566 0.117460 0.594982 0.120635 0.594982 0.120635 0.584229 0.123810 0.580645 0.123810 0.573477
0 0.228571 0.569892 0.222222 0.577061 0.222222 0.587814 0.231746 0.598566 0.231746 0.602151 0.238095 0.602151 0.238095 0.598566 0.241270 0.594982 0.241270 0.591398 0.238095 0.587814 0.238095 0.577061 0.231746 0.569892
0 0.441270 0.573477 0.438095 0.577061 0.434921 0.577061 0.434921 0.598566 0.438095 0.602151 0.447619 0.602151 0.447619 0.598566 0.450794 0.594982 0.450794 0.577061 0.447619 0.573477
0 0.146032 0.580645 0.139683 0.587814 0.139683 0.591398 0.136508 0.594982 0.136508 0.602151 0.142857 0.609319 0.152381 0.609319 0.152381 0.605735 0.158730 0.598566 0.158730 0.587814 0.155556 0.584229 0.155556 0.580645
0 0.171429 0.580645 0.168254 0.584229 0.168254 0.587814 0.165079 0.591398 0.165079 0.602151 0.168254 0.605735 0.180952 0.605735 0.187302 0.598566 0.187302 0.584229 0.184127 0.580645
0 0.619048 0.584229 0.619048 0.605735 0.622222 0.612903 0.641270 0.627240 0.660317 0.627240 0.669841 0.620072 0.669841 0.609319 0.647619 0.584229 0.641270 0.580645 0.622222 0.580645
0 0.536508 0.584229 0.533333 0.587814 0.530159 0.587814 0.530159 0.591398 0.526984 0.594982 0.526984 0.609319 0.533333 0.616487 0.542857 0.616487 0.549206 0.609319 0.549206 0.591398 0.542857 0.584229
0 0.403175 0.591398 0.400000 0.591398 0.396825 0.587814 0.393651 0.587814 0.390476 0.591398 0.380952 0.591398 0.374603 0.598566 0.374603 0.616487 0.377778 0.620072 0.390476 0.620072 0.403175 0.605735 0.403175 0.602151 0.406349 0.598566 0.403175 0.594982
0 0.949206 0.594982 0.942857 0.594982 0.933333 0.605735 0.933333 0.609319 0.930159 0.612903 0.930159 0.616487 0.933333 0.616487 0.936508 0.620072 0.933333 0.623656 0.936508 0.627240 0.942857 0.627240 0.946032 0.630824 0.952381 0.623656 0.952381 0.620072 0.955556 0.616487 0.955556 0.605735
0 0.219048 0.602151 0.206349 0.602151 0.203175 0.605735 0.203175 0.630824 0.200000 0.634409 0.200000 0.645161 0.206349 0.652330 0.215873 0.641577 0.215873 0.634409 0.219048 0.630824 0.219048 0.627240 0.225397 0.620072 0.225397 0.609319
0 0.295238 0.602151 0.292063 0.605735 0.288889 0.605735 0.285714 0.609319 0.282540 0.609319 0.279365 0.612903 0.279365 0.623656 0.285714 0.630824 0.298413 0.630824 0.301587 0.627240 0.301587 0.612903 0.298413 0.609319 0.298413 0.605735
0 0.336508 0.602151 0.333333 0.602151 0.330159 0.605735 0.326984 0.605735 0.320635 0.612903 0.320635 0.623656 0.323810 0.623656 0.326984 0.627240 0.330159 0.623656 0.336508 0.623656 0.336508 0.620072 0.339683 0.616487 0.339683 0.605735
0 0.466667 0.605735 0.463492 0.609319 0.460317 0.609319 0.460317 0.612903 0.457143 0.616487 0.457143 0.620072 0.453968 0.623656 0.453968 0.627240 0.457143 0.630824 0.460317 0.630824 0.466667 0.641577 0.469841 0.641577 0.473016 0.637993 0.476190 0.637993 0.476190 0.634409 0.482540 0.627240 0.482540 0.616487 0.476190 0.609319 0.473016 0.609319 0.469841 0.605735
0 0.419048 0.609319 0.419048 0.612903 0.415873 0.616487 0.415873 0.630824 0.422222 0.637993 0.428571 0.637993 0.434921 0.630824 0.434921 0.627240 0.438095 0.623656 0.434921 0.620072 0.434921 0.612903 0.431746 0.609319
0 0.320635 0.627240 0.320635 0.634409 0.317460 0.637993 0.317460 0.645161 0.320635 0.648746 0.326984 0.648746 0.333333 0.641577 0.333333 0.637993 0.323810 0.627240
0 0.349206 0.634409 0.349206 0.637993 0.346032 0.641577 0.346032 0.648746 0.349206 0.652330 0.349206 0.655914 0.352381 0.659498 0.368254 0.659498 0.371429 0.655914 0.371429 0.641577 0.368254 0.637993 0.368254 0.634409 0.365079 0.630824 0.355556 0.630824 0.352381 0.634409
0 0.273016 0.634409 0.269841 0.637993 0.266667 0.637993 0.260317 0.648746 0.260317 0.659498 0.266667 0.666667 0.276190 0.666667 0.279365 0.663082 0.282540 0.663082 0.288889 0.655914 0.288889 0.648746 0.279365 0.637993 0.276190 0.637993
0 0.831746 0.634409 0.828571 0.637993 0.828571 0.641577 0.825397 0.645161 0.825397 0.652330 0.828571 0.655914 0.828571 0.663082 0.841270 0.663082 0.844444 0.659498 0.844444 0.641577 0.838095 0.634409
0 0.142857 0.637993 0.139683 0.641577 0.139683 0.645161 0.142857 0.648746 0.142857 0.652330 0.152381 0.652330 0.152381 0.637993
0 0.231746 0.637993 0.231746 0.641577 0.228571 0.645161 0.228571 0.648746 0.225397 0.652330 0.225397 0.663082 0.228571 0.666667 0.228571 0.670251 0.238095 0.670251 0.241270 0.666667 0.241270 0.659498 0.244444 0.655914 0.244444 0.645161 0.241270 0.641577 0.241270 0.637993
0 0.495238 0.641577 0.492063 0.645161 0.492063 0.655914 0.495238 0.659498 0.498413 0.659498 0.501587 0.663082 0.511111 0.663082 0.517460 0.655914 0.517460 0.652330 0.520635 0.648746 0.520635 0.645161 0.517460 0.641577 0.517460 0.637993 0.501587 0.637993 0.498413 0.641577
0 0.565079 0.645161 0.558730 0.641577 0.546032 0.645161 0.526984 0.670251 0.523810 0.677419 0.523810 0.688172 0.533333 0.698925 0.542857 0.698925 0.555556 0.688172 0.558730 0.688172 0.568254 0.666667 0.568254 0.652330
0 0.619048 0.641577 0.619048 0.648746 0.615873 0.652330 0.628571 0.670251 0.631746 0.681004 0.638095 0.684588 0.644444 0.684588 0.647619 0.688172 0.653968 0.684588 0.660317 0.684588 0.663492 0.681004 0.666667 0.670251 0.660317 0.655914 0.657143 0.655914 0.650794 0.648746 0.638095 0.641577
0 0.993651 0.641577 0.993651 0.645161 0.987302 0.652330 0.987302 0.655914 0.984127 0.659498 0.984127 0.666667 0.980952 0.670251 0.980952 0.677419 0.987302 0.684588 0.993651 0.677419 0.993651 0.655914 0.996825 0.652330 0.996825 0.648746 0.993651 0.645161
0 0.403175 0.645161 0.393651 0.645161 0.387302 0.652330 0.387302 0.663082 0.390476 0.666667 0.393651 0.666667 0.396825 0.670251 0.406349 0.659498 0.406349 0.652330 0.403175 0.648746
0 0.422222 0.652330 0.415873 0.659498 0.415873 0.663082 0.412698 0.666667 0.415873 0.670251 0.415873 0.673835 0.419048 0.677419 0.428571 0.677419 0.431746 0.673835 0.434921 0.673835 0.434921 0.670251 0.438095 0.666667 0.434921 0.663082 0.434921 0.655914 0.431746 0.652330
0 0.593651 0.652330 0.587302 0.659498 0.587302 0.681004 0.603175 0.695341 0.619048 0.698925 0.628571 0.688172 0.628571 0.677419 0.625397 0.673835 0.625397 0.670251 0.615873 0.655914 0.612698 0.655914 0.609524 0.652330
0 0.930159 0.659498 0.926984 0.663082 0.920635 0.663082 0.920635 0.666667 0.917460 0.670251 0.917460 0.695341 0.920635 0.698925 0.920635 0.702509 0.926984 0.709677 0.933333 0.709677 0.942857 0.698925 0.942857 0.688172 0.946032 0.684588 0.939683 0.666667
0 0.298413 0.670251 0.292063 0.677419 0.292063 0.681004 0.288889 0.684588 0.288889 0.688172 0.292063 0.691756 0.292063 0.698925 0.298413 0.706093 0.304762 0.706093 0.304762 0.702509 0.311111 0.695341 0.311111 0.673835 0.307937 0.670251
0 0.774603 0.670251 0.771429 0.670251 0.758730 0.684588 0.758730 0.688172 0.755556 0.691756 0.761905 0.698925 0.765079 0.695341 0.768254 0.695341 0.771429 0.691756 0.774603 0.691756 0.774603 0.688172 0.777778 0.684588 0.777778 0.673835
0 0.174603 0.677419 0.171429 0.681004 0.171429 0.688172 0.168254 0.691756 0.168254 0.695341 0.171429 0.698925 0.171429 0.709677 0.180952 0.720430 0.184127 0.720430 0.190476 0.709677 0.190476 0.684588 0.184127 0.677419
0 0.269841 0.677419 0.266667 0.681004 0.266667 0.684588 0.263492 0.688172 0.263492 0.695341 0.266667 0.698925 0.266667 0.702509 0.273016 0.709677 0.279365 0.709677 0.282540 0.706093 0.282540 0.702509 0.285714 0.698925 0.285714 0.684588 0.279365 0.677419
0 0.336508 0.677419 0.333333 0.677419 0.330159 0.681004 0.326984 0.681004 0.323810 0.684588 0.323810 0.688172 0.320635 0.691756 0.320635 0.702509 0.323810 0.706093 0.330159 0.706093 0.336508 0.698925 0.336508 0.688172 0.339683 0.684588 0.339683 0.681004
0 0.485714 0.681004 0.476190 0.681004 0.473016 0.684588 0.473016 0.688172 0.469841 0.691756 0.466667 0.691756 0.466667 0.706093 0.469841 0.709677 0.469841 0.713262 0.479365 0.713262 0.479365 0.709677 0.482540 0.706093 0.482540 0.702509 0.485714 0.698925
0 0.463492 0.688172 0.460317 0.688172 0.457143 0.684588 0.453968 0.684588 0.444444 0.695341 0.444444 0.716846 0.453968 0.716846 0.463492 0.706093
0 0.146032 0.691756 0.133333 0.691756 0.126984 0.702509 0.126984 0.716846 0.133333 0.724014 0.139683 0.724014 0.152381 0.709677 0.152381 0.702509
0 0.371429 0.691756 0.368254 0.695341 0.368254 0.709677 0.374603 0.716846 0.380952 0.716846 0.384127 0.720430 0.390476 0.713262 0.390476 0.698925 0.387302 0.695341 0.387302 0.691756
0 0.431746 0.691756 0.415873 0.691756 0.412698 0.695341 0.412698 0.709677 0.419048 0.716846 0.422222 0.716846 0.428571 0.709677 0.428571 0.706093 0.431746 0.702509
0 0.212698 0.698925 0.206349 0.698925 0.206349 0.706093 0.203175 0.709677 0.203175 0.727599 0.200000 0.731183 0.200000 0.734767 0.203175 0.738351 0.203175 0.741935 0.209524 0.741935 0.215873 0.731183 0.215873 0.716846 0.219048 0.713262 0.219048 0.709677
0 0.571429 0.709677 0.565079 0.716846 0.565079 0.720430 0.561905 0.724014 0.565079 0.734767 0.574603 0.745520 0.593651 0.745520 0.596825 0.741935 0.596825 0.731183 0.590476 0.720430 0.590476 0.713262 0.587302 0.709677
0 0.800000 0.713262 0.796825 0.713262 0.790476 0.724014 0.790476 0.731183 0.787302 0.734767 0.787302 0.749104 0.784127 0.752688 0.784127 0.777778 0.790476 0.788530 0.796825 0.784946 0.803175 0.770609 0.803175 0.759857 0.806349 0.756272 0.806349 0.731183 0.803175 0.727599 0.803175 0.716846
0 0.323810 0.720430 0.311111 0.720430 0.311111 0.724014 0.307937 0.727599 0.307937 0.749104 0.317460 0.749104 0.320635 0.745520 0.320635 0.741935 0.323810 0.738351
0 0.117460 0.731183 0.114286 0.734767 0.111111 0.734767 0.107937 0.738351 0.107937 0.756272 0.111111 0.756272 0.114286 0.759857 0.117460 0.756272 0.120635 0.756272 0.120635 0.752688 0.126984 0.745520 0.126984 0.741935 0.123810 0.738351 0.123810 0.734767 0.120635 0.734767
0 0.355556 0.731183 0.352381 0.734767 0.352381 0.745520 0.365079 0.759857 0.365079 0.763441 0.368254 0.767025 0.374603 0.767025 0.374603 0.763441 0.377778 0.759857 0.377778 0.749104 0.384127 0.738351 0.380952 0.734767 0.377778 0.734767 0.374603 0.738351 0.368254 0.738351 0.365079 0.734767 0.358730 0.734767
0 0.403175 0.731183 0.396825 0.741935 0.396825 0.752688 0.403175 0.759857 0.409524 0.759857 0.412698 0.756272 0.419048 0.756272 0.419048 0.752688 0.422222 0.749104 0.422222 0.734767 0.419048 0.731183
0 0.136508 0.741935 0.133333 0.745520 0.133333 0.749104 0.130159 0.752688 0.130159 0.763441 0.133333 0.767025 0.142857 0.767025 0.142857 0.763441 0.146032 0.759857 0.146032 0.756272 0.149206 0.752688 0.146032 0.749104 0.146032 0.745520 0.142857 0.741935
0 0.333333 0.741935 0.330159 0.745520 0.330159 0.767025 0.333333 0.770609 0.333333 0.777778 0.336508 0.781362 0.342857 0.781362 0.349206 0.774194 0.349206 0.752688 0.342857 0.745520 0.342857 0.741935
0 0.177778 0.745520 0.165079 0.745520 0.161905 0.749104 0.161905 0.756272 0.158730 0.759857 0.158730 0.770609 0.165079 0.777778 0.168254 0.777778 0.171429 0.774194 0.174603 0.774194 0.177778 0.770609 0.177778 0.767025 0.180952 0.763441 0.180952 0.749104
0 0.231746 0.749104 0.225397 0.756272 0.225397 0.767025 0.228571 0.770609 0.228571 0.774194 0.234921 0.781362 0.247619 0.781362 0.247619 0.756272 0.241270 0.749104
0 0.298413 0.756272 0.282540 0.756272 0.276190 0.763441 0.276190 0.781362 0.279365 0.781362 0.282540 0.784946 0.285714 0.781362 0.288889 0.781362 0.295238 0.774194 0.298413 0.774194 0.301587 0.770609 0.301587 0.759857
0 0.438095 0.756272 0.431746 0.756272 0.425397 0.763441 0.425397 0.767025 0.422222 0.770609 0.422222 0.777778 0.425397 0.781362 0.428571 0.781362 0.431746 0.784946 0.434921 0.784946 0.441270 0.777778 0.441270 0.759857
0 0.568254 0.763441 0.561905 0.756272 0.546032 0.756272 0.536508 0.767025 0.536508 0.770609 0.530159 0.781362 0.530159 0.788530 0.533333 0.788530 0.536508 0.792115 0.552381 0.792115 0.561905 0.781362 0.565079 0.781362 0.568254 0.777778
0 0.584127 0.759857 0.574603 0.770609 0.571429 0.770609 0.571429 0.784946 0.574603 0.788530 0.574603 0.795699 0.577778 0.799283 0.577778 0.802867 0.580952 0.802867 0.584127 0.806452 0.596825 0.806452 0.606349 0.799283 0.606349 0.784946 0.596825 0.770609 0.596825 0.767025 0.593651 0.763441
0 0.495238 0.770609 0.492063 0.774194 0.492063 0.784946 0.495238 0.788530 0.501587 0.788530 0.504762 0.784946 0.504762 0.770609
0 0.304762 0.777778 0.298413 0.784946 0.298413 0.795699 0.301587 0.799283 0.301587 0.802867 0.304762 0.802867 0.311111 0.810036 0.317460 0.810036 0.320635 0.806452 0.320635 0.795699 0.317460 0.792115 0.317460 0.784946 0.311111 0.777778
0 0.396825 0.777778 0.387302 0.777778 0.380952 0.784946 0.380952 0.788530 0.377778 0.792115 0.377778 0.795699 0.384127 0.802867 0.387302 0.799283 0.390476 0.799283 0.393651 0.795699 0.393651 0.792115 0.400000 0.784946 0.400000 0.781362
0 0.873016 0.777778 0.857143 0.795699 0.857143 0.802867 0.860317 0.806452 0.860317 0.810036 0.869841 0.820789 0.873016 0.820789 0.876190 0.824373 0.882540 0.824373 0.885714 0.820789 0.888889 0.820789 0.898413 0.810036 0.898413 0.806452 0.901587 0.802867 0.901587 0.788530 0.888889 0.777778
0 0.165079 0.792115 0.165079 0.795699 0.161905 0.799283 0.165079 0.802867 0.165079 0.813620 0.168254 0.817204 0.171429 0.817204 0.174603 0.813620 0.174603 0.806452 0.177778 0.802867 0.177778 0.795699 0.174603 0.792115
0 0.222222 0.792115 0.219048 0.795699 0.219048 0.806452 0.222222 0.810036 0.222222 0.813620 0.231746 0.824373 0.234921 0.820789 0.238095 0.820789 0.238095 0.817204 0.241270 0.813620 0.241270 0.802867 0.234921 0.795699 0.231746 0.795699 0.228571 0.792115
0 0.422222 0.792115 0.419048 0.795699 0.412698 0.795699 0.409524 0.799283 0.409524 0.802867 0.406349 0.806452 0.406349 0.817204 0.412698 0.817204 0.425397 0.802867 0.425397 0.795699
0 0.482540 0.795699 0.479365 0.795699 0.476190 0.792115 0.473016 0.792115 0.469841 0.795699 0.463492 0.795699 0.453968 0.806452 0.453968 0.810036 0.450794 0.813620 0.450794 0.820789 0.460317 0.831541 0.466667 0.831541 0.469841 0.827957 0.479365 0.824373 0.488889 0.813620 0.488889 0.802867
0 0.365079 0.802867 0.361905 0.799283 0.349206 0.799283 0.346032 0.802867 0.349206 0.806452 0.346032 0.810036 0.346032 0.813620 0.342857 0.817204 0.346032 0.820789 0.349206 0.820789 0.355556 0.813620 0.358730 0.813620 0.361905 0.810036 0.361905 0.806452
0 0.117460 0.802867 0.111111 0.810036 0.111111 0.820789 0.114286 0.824373 0.114286 0.827957 0.117460 0.827957 0.120635 0.831541 0.126984 0.831541 0.133333 0.824373 0.133333 0.810036 0.126984 0.802867
