0 0.194268 0.111111 0.184713 0.114695 0.181529 0.118280 0.181529 0.125448 0.178344 0.129032 0.178344 0.157706 0.184713 0.164875 0.191083 0.164875 0.197452 0.157706 0.197452 0.150538 0.200637 0.146953 0.200637 0.129032 0.197452 0.125448 0.197452 0.118280 0.194268 0.114695
0 0.522293 0.118280 0.512739 0.121864 0.509554 0.125448 0.509554 0.129032 0.503185 0.139785 0.503185 0.150538 0.506369 0.154122 0.506369 0.157706 0.512739 0.164875 0.515924 0.164875 0.522293 0.157706 0.522293 0.150538 0.525478 0.146953 0.525478 0.121864
0 0.859873 0.118280 0.850318 0.129032 0.850318 0.139785 0.859873 0.146953 0.869427 0.146953 0.878981 0.136201 0.878981 0.129032 0.872611 0.118280
0 0.226115 0.125448 0.222930 0.129032 0.222930 0.146953 0.229299 0.154122 0.238854 0.154122 0.242038 0.150538 0.242038 0.146953 0.245223 0.143369 0.245223 0.132616 0.238854 0.125448
0 0.668790 0.146953 0.678344 0.157706 0.687898 0.157706 0.691083 0.154122 0.694268 0.154122 0.703822 0.143369 0.703822 0.139785 0.707006 0.136201 0.703822 0.132616 0.703822 0.129032 0.671975 0.129032 0.668790 0.132616
0 0.378981 0.132616 0.375796 0.136201 0.372611 0.136201 0.372611 0.143369 0.369427 0.146953 0.369427 0.157706 0.375796 0.164875 0.382166 0.164875 0.385350 0.168459 0.388535 0.168459 0.388535 0.161290 0.394904 0.150538 0.394904 0.139785 0.388535 0.132616
0 0.866242 0.150538 0.859873 0.157706 0.859873 0.172043 0.863057 0.175627 0.866242 0.175627 0.869427 0.179211 0.872611 0.179211 0.878981 0.172043 0.878981 0.168459 0.882166 0.164875 0.878981 0.161290 0.878981 0.154122 0.875796 0.150538
0 0.385350 0.172043 0.382166 0.168459 0.375796 0.168459 0.369427 0.161290 0.363057 0.168459 0.363057 0.172043 0.359873 0.175627 0.359873 0.189964 0.363057 0.193548 0.372611 0.193548 0.385350 0.179211
0 0.544586 0.161290 0.535032 0.172043 0.535032 0.186380 0.538217 0.189964 0.538217 0.200717 0.541401 0.204301 0.544586 0.215054 0.550955 0.215054 0.557325 0.207885 0.557325 0.204301 0.560510 0.200717 0.560510 0.179211 0.554140 0.172043 0.554140 0.168459
0 0.487261 0.164875 0.477707 0.164875 0.474522 0.168459 0.474522 0.175627 0.468153 0.182796 0.468153 0.189964 0.471338 0.193548 0.477707 0.193548 0.480892 0.189964 0.480892 0.186380 0.487261 0.179211
0 0.414013 0.168459 0.414013 0.186380 0.417197 0.189964 0.417197 0.197133 0.420382 0.200717 0.420382 0.204301 0.426752 0.211470 0.429936 0.211470 0.433121 0.215054 0.442675 0.204301 0.442675 0.186380 0.426752 0.168459
0 0.054140 0.175627 0.047771 0.182796 0.047771 0.189964 0.044586 0.193548 0.044586 0.207885 0.047771 0.211470 0.047771 0.215054 0.050955 0.215054 0.054140 0.218638 0.060510 0.218638 0.066879 0.211470 0.066879 0.186380 0.060510 0.175627
0 0.589172 0.204301 0.579618 0.215054 0.579618 0.218638 0.576433 0.222222 0.576433 0.229391 0.585987 0.236559 0.595541 0.236559 0.598726 0.232975 0.601911 0.232975 0.601911 0.225806 0.605096 0.222222 0.605096 0.218638 0.601911 0.215054 0.601911 0.211470 0.595541 0.204301
0 0.764331 0.204301 0.757962 0.211470 0.757962 0.225806 0.767516 0.232975 0.780255 0.232975 0.786624 0.225806 0.786624 0.218638 0.773885 0.204301
0 0.856688 0.207885 0.853503 0.207885 0.850318 0.211470 0.847134 0.211470 0.840764 0.218638 0.840764 0.222222 0.837580 0.225806 0.837580 0.236559 0.840764 0.240143 0.847134 0.240143 0.850318 0.236559 0.853503 0.236559 0.856688 0.232975 0.856688 0.225806 0.859873 0.222222 0.859873 0.211470
0 0.353503 0.218638 0.347134 0.218638 0.343949 0.222222 0.334395 0.222222 0.331210 0.225806 0.328025 0.225806 0.321656 0.232975 0.321656 0.236559 0.318471 0.240143 0.318471 0.247312 0.328025 0.258065 0.343949 0.258065 0.350318 0.250896 0.350318 0.247312 0.356688 0.236559 0.356688 0.222222
0 0.171975 0.222222 0.168790 0.225806 0.165605 0.225806 0.159236 0.232975 0.159236 0.236559 0.152866 0.247312 0.152866 0.268817 0.159236 0.275986 0.168790 0.272401 0.175159 0.265233 0.175159 0.261649 0.178344 0.258065 0.178344 0.250896 0.181529 0.247312 0.181529 0.236559 0.178344 0.232975 0.178344 0.229391
0 0.554140 0.232975 0.547771 0.232975 0.544586 0.236559 0.544586 0.240143 0.541401 0.243728 0.541401 0.250896 0.538217 0.254480 0.538217 0.258065 0.541401 0.261649 0.550955 0.261649 0.557325 0.254480 0.557325 0.236559
0 0.410828 0.240143 0.401274 0.240143 0.398089 0.243728 0.394904 0.243728 0.391720 0.247312 0.391720 0.250896 0.394904 0.254480 0.394904 0.258065 0.401274 0.265233 0.404459 0.265233 0.410828 0.258065 0.414013 0.258065 0.414013 0.243728
0 0.761146 0.247312 0.754777 0.247312 0.751592 0.250896 0.748408 0.250896 0.742038 0.258065 0.742038 0.261649 0.738854 0.265233 0.738854 0.268817 0.742038 0.272401 0.742038 0.275986 0.745223 0.275986 0.748408 0.279570 0.754777 0.279570 0.757962 0.275986 0.761146 0.275986 0.764331 0.272401 0.767516 0.272401 0.767516 0.268817 0.770701 0.265233 0.770701 0.258065
0 0.582803 0.258065 0.582803 0.272401 0.585987 0.275986 0.585987 0.279570 0.589172 0.283154 0.592357 0.283154 0.595541 0.286738 0.601911 0.286738 0.605096 0.283154 0.605096 0.268817 0.601911 0.265233 0.601911 0.261649 0.595541 0.254480 0.589172 0.254480 0.585987 0.258065
0 0.643312 0.254480 0.630573 0.254480 0.627389 0.258065 0.627389 0.261649 0.624204 0.265233 0.624204 0.275986 0.627389 0.279570 0.636943 0.279570 0.640127 0.275986 0.643312 0.275986 0.643312 0.272401 0.646497 0.268817 0.646497 0.261649 0.643312 0.258065
0 0.079618 0.268817 0.073248 0.268817 0.066879 0.311828 0.038217 0.347670 0.035032 0.362007 0.041401 0.369176 0.057325 0.365591 0.070064 0.351254 0.082803 0.293907 0.076433 0.283154
0 0.353503 0.268817 0.347134 0.268817 0.331210 0.286738 0.321656 0.308244 0.321656 0.326165 0.340764 0.358423 0.350318 0.351254 0.363057 0.311828 0.363057 0.283154
0 0.257962 0.290323 0.251592 0.297491 0.251592 0.315412 0.254777 0.318996 0.254777 0.326165 0.257962 0.329749 0.261146 0.329749 0.264331 0.326165 0.264331 0.297491
0 0.624204 0.290323 0.621019 0.293907 0.621019 0.304659 0.624204 0.308244 0.624204 0.311828 0.627389 0.315412 0.630573 0.326165 0.633758 0.329749 0.646497 0.329749 0.649682 0.326165 0.649682 0.315412 0.646497 0.311828 0.643312 0.301075 0.636943 0.293907 0.633758 0.293907 0.630573 0.290323
0 0.882166 0.293907 0.878981 0.297491 0.875796 0.297491 0.875796 0.304659 0.872611 0.308244 0.872611 0.311828 0.875796 0.315412 0.875796 0.318996 0.878981 0.322581 0.885350 0.322581 0.891720 0.315412 0.891720 0.301075 0.888535 0.297491 0.885350 0.297491
0 0.445860 0.304659 0.439490 0.297491 0.433121 0.297491 0.429936 0.301075 0.423567 0.301075 0.420382 0.304659 0.417197 0.304659 0.410828 0.311828 0.410828 0.315412 0.420382 0.326165 0.436306 0.326165 0.445860 0.315412
0 0.818471 0.301075 0.815287 0.304659 0.812102 0.304659 0.812102 0.315412 0.815287 0.318996 0.821656 0.318996 0.824841 0.315412 0.824841 0.311828 0.828025 0.308244 0.824841 0.304659 0.821656 0.304659
0 0.681529 0.308244 0.678344 0.308244 0.675159 0.311828 0.671975 0.311828 0.665605 0.318996 0.665605 0.333333 0.671975 0.340502 0.678344 0.340502 0.681529 0.336918 0.684713 0.336918 0.691083 0.329749 0.691083 0.326165 0.694268 0.322581 0.694268 0.318996 0.687898 0.311828 0.684713 0.311828
0 0.722930 0.329749 0.722930 0.336918 0.732484 0.344086 0.745223 0.344086 0.748408 0.340502 0.751592 0.340502 0.754777 0.344086 0.767516 0.344086 0.767516 0.333333 0.757962 0.326165 0.729299 0.326165 0.726115 0.329749
0 0.678344 0.351254 0.675159 0.347670 0.668790 0.347670 0.665605 0.344086 0.662420 0.347670 0.656051 0.347670 0.652866 0.351254 0.652866 0.358423 0.659236 0.365591 0.668790 0.365591 0.671975 0.362007 0.675159 0.362007 0.678344 0.358423
0 0.866242 0.369176 0.863057 0.372760 0.863057 0.387097 0.866242 0.390681 0.866242 0.394265 0.875796 0.394265 0.882166 0.387097 0.882166 0.379928 0.878981 0.376344 0.878981 0.372760 0.875796 0.369176
0 0.547771 0.387097 0.547771 0.390681 0.535032 0.415771 0.535032 0.422939 0.531847 0.426523 0.531847 0.437276 0.544586 0.451613 0.547771 0.451613 0.554140 0.444444 0.554140 0.437276 0.557325 0.433692 0.557325 0.422939 0.554140 0.419355 0.554140 0.405018 0.550955 0.401434 0.550955 0.390681
0 0.248408 0.405018 0.242038 0.412186 0.242038 0.415771 0.238854 0.419355 0.238854 0.433692 0.245223 0.444444 0.254777 0.448029 0.261146 0.440860 0.261146 0.433692 0.264331 0.430108 0.264331 0.415771 0.257962 0.405018
0 0.694268 0.426523 0.694268 0.444444 0.707006 0.458781 0.716561 0.458781 0.719745 0.455197 0.719745 0.437276 0.707006 0.422939 0.700637 0.422939 0.697452 0.426523
0 0.764331 0.455197 0.754777 0.455197 0.751592 0.458781 0.742038 0.462366 0.732484 0.473118 0.735669 0.483871 0.742038 0.491039 0.754777 0.491039 0.761146 0.483871 0.764331 0.483871 0.767516 0.480287 0.767516 0.476703 0.770701 0.473118 0.770701 0.462366
0 0.783439 0.487455 0.777070 0.494624 0.777070 0.498208 0.767516 0.512545 0.767516 0.526882 0.780255 0.537634 0.789809 0.537634 0.799363 0.526882 0.799363 0.498208 0.792994 0.487455
0 0.101911 0.512545 0.098726 0.516129 0.095541 0.516129 0.089172 0.526882 0.089172 0.544803 0.095541 0.555556 0.098726 0.555556 0.108280 0.544803 0.108280 0.516129 0.105096 0.516129
0 0.477707 0.530466 0.471338 0.530466 0.455414 0.544803 0.445860 0.548387 0.442675 0.551971 0.442675 0.559140 0.445860 0.562724 0.449045 0.562724 0.455414 0.569892 0.458599 0.569892 0.464968 0.562724 0.468153 0.562724 0.477707 0.551971 0.477707 0.548387 0.480892 0.544803 0.480892 0.534050
0 0.878981 0.530466 0.866242 0.530466 0.856688 0.541219 0.856688 0.555556 0.859873 0.559140 0.866242 0.559140 0.872611 0.551971 0.875796 0.551971 0.878981 0.548387 0.878981 0.544803 0.882166 0.541219 0.882166 0.534050
0 0.694268 0.555556 0.684713 0.555556 0.678344 0.562724 0.678344 0.580645 0.684713 0.587814 0.687898 0.587814 0.691083 0.584229 0.694268 0.584229 0.694268 0.577061 0.697452 0.573477 0.697452 0.559140
0 0.726115 0.562724 0.716561 0.562724 0.710191 0.569892 0.710191 0.573477 0.707006 0.577061 0.707006 0.591398 0.713376 0.602151 0.719745 0.602151 0.722930 0.598566 0.726115 0.598566 0.726115 0.594982 0.729299 0.591398 0.729299 0.584229 0.732484 0.580645 0.732484 0.577061 0.729299 0.573477 0.729299 0.566308
0 0.398089 0.577061 0.394904 0.577061 0.391720 0.580645 0.391720 0.584229 0.385350 0.591398 0.385350 0.594982 0.378981 0.605735 0.378981 0.630824 0.382166 0.634409 0.388535 0.634409 0.391720 0.630824 0.401274 0.627240 0.401274 0.623656 0.407643 0.616487 0.407643 0.594982
0 0.869427 0.594982 0.859873 0.605735 0.859873 0.609319 0.850318 0.627240 0.850318 0.637993 0.856688 0.645161 0.866242 0.645161 0.875796 0.634409 0.875796 0.627240 0.878981 0.623656 0.878981 0.609319 0.875796 0.605735 0.875796 0.598566 0.872611 0.598566
0 0.184713 0.602151 0.184713 0.609319 0.181529 0.612903 0.181529 0.620072 0.191083 0.620072 0.194268 0.616487 0.194268 0.602151
0 0.573248 0.612903 0.573248 0.616487 0.570064 0.620072 0.570064 0.645161 0.576433 0.655914 0.585987 0.655914 0.592357 0.648746 0.592357 0.623656 0.585987 0.616487 0.585987 0.612903
0 0.617834 0.645161 0.617834 0.648746 0.624204 0.655914 0.627389 0.655914 0.630573 0.659498 0.649682 0.659498 0.659236 0.652330 0.659236 0.637993 0.649682 0.630824 0.633758 0.630824 0.630573 0.634409 0.621019 0.637993 0.621019 0.641577
0 0.414013 0.637993 0.410828 0.637993 0.407643 0.641577 0.404459 0.641577 0.398089 0.652330 0.398089 0.659498 0.401274 0.663082 0.401274 0.670251 0.404459 0.673835 0.414013 0.673835 0.420382 0.666667 0.420382 0.655914 0.423567 0.652330 0.423567 0.648746 0.420382 0.645161 0.420382 0.641577 0.417197 0.641577
0 0.828025 0.637993 0.815287 0.637993 0.805732 0.645161 0.805732 0.648746 0.802548 0.652330 0.802548 0.663082 0.808917 0.670251 0.815287 0.670251 0.828025 0.655914 0.828025 0.652330 0.831210 0.648746 0.831210 0.641577
0 0.863057 0.673835 0.859873 0.673835 0.850318 0.684588 0.850318 0.698925 0.853503 0.702509 0.859873 0.702509 0.863057 0.698925 0.866242 0.698925 0.869427 0.695341 0.869427 0.691756 0.872611 0.688172 0.872611 0.684588
0 0.617834 0.695341 0.617834 0.713262 0.621019 0.716846 0.627389 0.716846 0.630573 0.720430 0.636943 0.720430 0.640127 0.716846 0.646497 0.716846 0.656051 0.706093 0.656051 0.691756 0.652866 0.688172 0.643312 0.688172 0.640127 0.684588 0.630573 0.684588 0.627389 0.688172 0.624204 0.688172
0 0.353503 0.688172 0.347134 0.695341 0.347134 0.716846 0.350318 0.720430 0.350318 0.724014 0.353503 0.724014 0.356688 0.727599 0.369427 0.727599 0.372611 0.724014 0.372611 0.702509 0.363057 0.691756
0 0.697452 0.698925 0.691083 0.706093 0.691083 0.713262 0.697452 0.720430 0.697452 0.727599 0.700637 0.731183 0.700637 0.734767 0.710191 0.745520 0.713376 0.745520 0.716561 0.741935 0.719745 0.741935 0.719745 0.716846 0.716561 0.713262 0.716561 0.709677 0.710191 0.702509 0.707006 0.702509 0.703822 0.698925
0 0.404459 0.706093 0.404459 0.741935 0.407643 0.741935 0.410828 0.745520 0.417197 0.738351 0.417197 0.734767 0.420382 0.731183 0.420382 0.724014 0.417197 0.720430 0.417197 0.709677 0.414013 0.706093
0 0.792994 0.713262 0.789809 0.709677 0.780255 0.709677 0.773885 0.716846 0.767516 0.716846 0.767516 0.720430 0.761146 0.727599 0.754777 0.727599 0.754777 0.734767 0.777070 0.734767 0.780255 0.731183 0.789809 0.727599 0.789809 0.724014 0.792994 0.720430
0 0.675159 0.727599 0.668790 0.731183 0.665605 0.741935 0.646497 0.763441 0.652866 0.774194 0.665605 0.781362 0.681529 0.784946 0.687898 0.774194 0.687898 0.745520 0.691083 0.741935 0.684713 0.731183
0 0.601911 0.745520 0.595541 0.752688 0.595541 0.759857 0.598726 0.763441 0.598726 0.767025 0.601911 0.770609 0.617834 0.770609 0.624204 0.763441 0.624204 0.756272 0.617834 0.749104 0.614650 0.749104 0.611465 0.745520
0 0.512739 0.749104 0.503185 0.752688 0.487261 0.770609 0.484076 0.777778 0.484076 0.784946 0.480892 0.788530 0.480892 0.813620 0.487261 0.820789 0.496815 0.817204 0.519108 0.784946 0.519108 0.777778 0.522293 0.774194 0.522293 0.759857 0.519108 0.752688
0 0.222930 0.752688 0.213376 0.756272 0.213376 0.759857 0.207006 0.767025 0.207006 0.774194 0.203822 0.777778 0.203822 0.788530 0.207006 0.792115 0.213376 0.792115 0.216561 0.795699 0.219745 0.795699 0.229299 0.788530 0.229299 0.784946 0.232484 0.781362 0.232484 0.774194 0.235669 0.770609 0.232484 0.767025 0.232484 0.763441
0 0.060510 0.781362 0.050955 0.781362 0.041401 0.792115 0.041401 0.817204 0.044586 0.817204 0.047771 0.820789 0.050955 0.817204 0.060510 0.813620 0.070064 0.802867 0.070064 0.795699 0.066879 0.792115 0.066879 0.788530
0 0.646497 0.795699 0.643312 0.799283 0.640127 0.799283 0.640127 0.802867 0.636943 0.806452 0.636943 0.820789 0.646497 0.827957 0.652866 0.827957 0.656051 0.824373 0.659236 0.824373 0.665605 0.817204 0.665605 0.806452 0.656051 0.795699
0 0.818471 0.806452 0.812102 0.813620 0.812102 0.845878 0.818471 0.853047 0.831210 0.853047 0.837580 0.842294 0.837580 0.824373 0.834395 0.820789 0.834395 0.817204 0.828025 0.810036 0.821656 0.810036
0 0.194268 0.810036 0.184713 0.820789 0.184713 0.824373 0.181529 0.827957 0.181529 0.845878 0.191083 0.856631 0.194268 0.856631 0.197452 0.860215 0.207006 0.860215 0.219745 0.849462 0.219745 0.842294 0.222930 0.838710 0.219745 0.835125 0.219745 0.827957 0.216561 0.824373 0.216561 0.820789 0.210191 0.813620 0.207006 0.813620 0.203822 0.810036
0 0.468153 0.817204 0.458599 0.817204 0.455414 0.820789 0.452229 0.820789 0.449045 0.824373 0.449045 0.827957 0.442675 0.835125 0.442675 0.860215 0.445860 0.863799 0.445860 0.867384 0.449045 0.867384 0.455414 0.860215 0.458599 0.860215 0.458599 0.856631 0.464968 0.845878 0.464968 0.838710 0.468153 0.835125 0.468153 0.827957 0.471338 0.824373 0.471338 0.820789
0 0.060510 0.824373 0.050955 0.835125 0.050955 0.856631 0.060510 0.874552 0.070064 0.874552 0.076433 0.863799 0.076433 0.831541 0.070064 0.824373
0 0.878981 0.827957 0.875796 0.831541 0.875796 0.835125 0.872611 0.838710 0.872611 0.845878 0.875796 0.849462 0.875796 0.853047 0.891720 0.853047 0.891720 0.849462 0.894904 0.845878 0.894904 0.838710 0.891720 0.835125 0.891720 0.831541 0.888535 0.827957
0 0.162420 0.853047 0.156051 0.853047 0.146497 0.863799 0.140127 0.878136 0.140127 0.885305 0.133758 0.899642 0.133758 0.917563 0.136943 0.921147 0.143312 0.921147 0.159236 0.896057 0.159236 0.888889 0.162420 0.885305 0.162420 0.870968 0.165605 0.867384 0.162420 0.863799
0 0.391720 0.853047 0.378981 0.853047 0.372611 0.856631 0.356688 0.874552 0.353503 0.881720 0.353503 0.892473 0.350318 0.896057 0.353503 0.903226 0.353503 0.913978 0.366242 0.917563 0.378981 0.903226 0.382166 0.903226 0.382166 0.896057 0.388535 0.888889 0.388535 0.878136 0.391720 0.874552
0 0.496815 0.856631 0.490446 0.856631 0.487261 0.860215 0.484076 0.860215 0.484076 0.863799 0.477707 0.870968 0.477707 0.874552 0.474522 0.878136 0.474522 0.892473 0.477707 0.896057 0.477707 0.903226 0.480892 0.906810 0.487261 0.906810 0.496815 0.896057 0.496815 0.892473 0.503185 0.881720 0.503185 0.867384
0 0.856688 0.863799 0.850318 0.874552 0.850318 0.888889 0.856688 0.896057 0.869427 0.896057 0.872611 0.892473 0.875796 0.892473 0.875796 0.878136 0.872611 0.874552 0.872611 0.870968 0.869427 0.870968 0.863057 0.863799
0 0.216561 0.867384 0.210191 0.874552 0.210191 0.878136 0.207006 0.881720 0.207006 0.885305 0.219745 0.899642 0.226115 0.899642 0.229299 0.896057 0.229299 0.892473 0.232484 0.888889 0.232484 0.878136 0.229299 0.874552 0.229299 0.870968 0.226115 0.867384
0 0.563694 0.870968 0.560510 0.867384 0.547771 0.867384 0.541401 0.874552 0.538217 0.874552 0.535032 0.878136 0.535032 0.892473 0.538217 0.896057 0.550955 0.896057 0.554140 0.892473 0.557325 0.892473 0.563694 0.885305
0 0.191083 0.878136 0.178344 0.878136 0.175159 0.881720 0.175159 0.888889 0.162420 0.906810 0.162420 0.913978 0.159236 0.917563 0.159236 0.928315 0.162420 0.935484 0.168790 0.935484 0.171975 0.939068 0.181529 0.935484 0.187898 0.928315 0.187898 0.921147 0.197452 0.910394 0.197452 0.896057 0.194268 0.892473 0.194268 0.881720
0 0.391720 0.888889 0.385350 0.896057 0.385350 0.903226 0.388535 0.903226 0.391720 0.906810 0.401274 0.906810 0.407643 0.899642 0.407643 0.888889
0 0.515924 0.924731 0.512739 0.924731 0.509554 0.921147 0.500000 0.924731 0.480892 0.946237 0.480892 0.964158 0.484076 0.967742 0.500000 0.967742 0.512739 0.956989 0.512739 0.953405 0.515924 0.949821 0.515924 0.942652 0.519108 0.939068 0.519108 0.928315
0 0.057325 0.928315 0.054140 0.928315 0.047771 0.935484 0.047771 0.942652 0.044586 0.946237 0.044586 0.953405 0.041401 0.956989 0.041401 0.971326 0.044586 0.971326 0.047771 0.967742 0.047771 0.960573 0.050955 0.956989 0.050955 0.949821 0.054140 0.946237 0.054140 0.939068 0.057325 0.935484
0 0.385350 0.928315 0.375796 0.939068 0.375796 0.953405 0.382166 0.960573 0.388535 0.960573 0.391720 0.964158 0.394904 0.960573 0.401274 0.960573 0.407643 0.949821 0.407643 0.939068 0.404459 0.935484 0.404459 0.931900 0.401274 0.928315
0 0.805732 0.928315 0.802548 0.931900 0.799363 0.931900 0.799363 0.935484 0.792994 0.946237 0.792994 0.964158 0.796178 0.967742 0.802548 0.985663 0.812102 0.985663 0.818471 0.974910 0.818471 0.949821 0.815287 0.946237 0.815287 0.931900 0.812102 0.928315
0 0.754777 0.939068 0.748408 0.946237 0.748408 0.949821 0.745223 0.953405 0.745223 0.967742 0.751592 0.974910 0.761146 0.974910 0.764331 0.971326 0.767516 0.971326 0.767516 0.967742 0.773885 0.956989 0.770701 0.953405 0.770701 0.949821 0.764331 0.942652 0.761146 0.942652 0.757962 0.939068
0 0.710191 0.942652 0.700637 0.942652 0.697452 0.946237 0.694268 0.946237 0.691083 0.949821 0.691083 0.953405 0.684713 0.960573 0.684713 0.974910 0.691083 0.982079 0.697452 0.982079 0.700637 0.978495 0.707006 0.978495 0.713376 0.971326 0.713376 0.967742 0.716561 0.964158 0.716561 0.949821
0 0.159236 0.949821 0.149682 0.953405 0.143312 0.964158 0.143312 0.974910 0.140127 0.978495 0.140127 0.992832 0.143312 0.996416 0.159236 0.996416 0.165605 0.989247 0.165605 0.974910 0.168790 0.971326 0.168790 0.964158 0.165605 0.960573 0.165605 0.956989
0 0.480892 0.989247 0.477707 0.985663 0.477707 0.982079 0.471338 0.974910 0.468153 0.974910 0.455414 0.989247 0.455414 0.992832 0.458599 0.996416 0.461783 0.996416 0.464968 0.992832 0.480892 0.992832
0 0.394904 0.992832 0.398089 0.996416 0.401274 0.996416 0.404459 0.992832 0.423567 0.992832 0.426752 0.989247 0.426752 0.985663 0.423567 0.985663 0.420382 0.982079 0.407643 0.982079 0.404459 0.985663 0.398089 0.985663 0.394904 0.989247
