0 0.156051 0.003597 0.156051 0.007194 0.171975 0.025180 0.175159 0.025180 0.178344 0.021583 0.181529 0.021583 0.187898 0.014388 0.187898 0.003597
0 0.474522 0.003597 0.474522 0.007194 0.480892 0.014388 0.496815 0.014388 0.503185 0.007194 0.503185 0.003597
0 0.681529 0.003597 0.678344 0.007194 0.678344 0.010791 0.681529 0.014388 0.681529 0.017986 0.687898 0.025180 0.694268 0.025180 0.694268 0.021583 0.700637 0.014388 0.700637 0.007194 0.697452 0.003597
0 0.875796 0.007194 0.878981 0.007194 0.882166 0.010791 0.898089 0.010791 0.901274 0.007194 0.904459 0.007194 0.907643 0.003597 0.875796 0.003597
0 0.000000 0.010791 0.000000 0.021583 0.003185 0.025180 0.000000 0.028777 0.003185 0.032374 0.003185 0.035971 0.006369 0.032374 0.006369 0.021583 0.003185 0.017986 0.003185 0.014388
0 0.203822 0.025180 0.207006 0.028777 0.226115 0.028777 0.229299 0.032374 0.232484 0.032374 0.242038 0.025180 0.242038 0.017986 0.210191 0.017986
0 0.525478 0.017986 0.515924 0.028777 0.515924 0.032374 0.512739 0.035971 0.512739 0.046763 0.515924 0.046763 0.525478 0.053957 0.547771 0.053957 0.547771 0.043165 0.541401 0.035971 0.541401 0.032374 0.528662 0.017986
0 0.802548 0.017986 0.799363 0.021583 0.799363 0.035971 0.802548 0.035971 0.805732 0.039568 0.815287 0.039568 0.818471 0.035971 0.818471 0.032374 0.821656 0.028777 0.818471 0.025180 0.818471 0.021583 0.815287 0.017986
0 0.656051 0.025180 0.649682 0.032374 0.649682 0.035971 0.652866 0.039568 0.652866 0.043165 0.659236 0.050360 0.662420 0.050360 0.665605 0.053957 0.668790 0.053957 0.675159 0.046763 0.675159 0.035971 0.668790 0.028777 0.668790 0.025180
0 0.863057 0.025180 0.856688 0.025180 0.853503 0.028777 0.850318 0.028777 0.840764 0.039568 0.840764 0.050360 0.843949 0.053957 0.847134 0.053957 0.850318 0.057554 0.859873 0.057554 0.869427 0.046763 0.869427 0.032374
0 0.429936 0.043165 0.423567 0.050360 0.423567 0.057554 0.429936 0.064748 0.429936 0.071942 0.433121 0.075540 0.439490 0.075540 0.442675 0.071942 0.442675 0.050360 0.439490 0.050360 0.436306 0.046763 0.436306 0.043165
0 0.621019 0.050360 0.621019 0.057554 0.617834 0.061151 0.621019 0.064748 0.621019 0.068345 0.624204 0.071942 0.636943 0.071942 0.643312 0.064748 0.643312 0.061151 0.640127 0.057554 0.640127 0.053957 0.636943 0.050360 0.633758 0.050360 0.630573 0.046763 0.627389 0.046763 0.624204 0.050360
0 0.767516 0.050360 0.761146 0.057554 0.761146 0.064748 0.767516 0.071942 0.773885 0.071942 0.777070 0.075540 0.780255 0.075540 0.786624 0.068345 0.786624 0.064748 0.783439 0.061151 0.783439 0.057554 0.780255 0.053957 0.777070 0.053957 0.773885 0.050360
0 0.506369 0.064748 0.503185 0.061151 0.493631 0.061151 0.490446 0.057554 0.480892 0.068345 0.464968 0.075540 0.464968 0.082734 0.471338 0.089928 0.480892 0.093525 0.487261 0.086331 0.487261 0.082734 0.496815 0.071942 0.506369 0.071942
0 0.716561 0.064748 0.713376 0.061151 0.710191 0.061151 0.707006 0.057554 0.703822 0.057554 0.700637 0.061151 0.694268 0.061151 0.691083 0.064748 0.691083 0.075540 0.697452 0.082734 0.710191 0.082734 0.713376 0.079137 0.713376 0.075540 0.716561 0.071942
0 0.840764 0.075540 0.843949 0.079137 0.843949 0.082734 0.856688 0.097122 0.866242 0.097122 0.869427 0.093525 0.869427 0.082734 0.863057 0.075540 0.859873 0.075540 0.856688 0.071942 0.843949 0.071942
0 0.566879 0.075540 0.560510 0.075540 0.554140 0.082734 0.554140 0.093525 0.557325 0.097122 0.560510 0.097122 0.563694 0.100719 0.566879 0.097122 0.570064 0.097122 0.576433 0.089928 0.576433 0.082734 0.573248 0.079137 0.570064 0.079137
0 0.127389 0.079137 0.121019 0.079137 0.114650 0.086331 0.095541 0.086331 0.092357 0.089928 0.092357 0.097122 0.098726 0.097122 0.101911 0.093525 0.117834 0.093525 0.127389 0.086331
0 0.522293 0.082734 0.515924 0.089928 0.515924 0.093525 0.512739 0.097122 0.512739 0.100719 0.519108 0.111511 0.522293 0.111511 0.525478 0.115108 0.535032 0.115108 0.541401 0.107914 0.541401 0.093525 0.535032 0.082734
0 0.254777 0.086331 0.238854 0.100719 0.238854 0.118705 0.251592 0.133094 0.261146 0.136691 0.270701 0.129496 0.270701 0.125899 0.273885 0.122302 0.273885 0.107914 0.270701 0.104317 0.267516 0.093525 0.264331 0.093525 0.261146 0.089928 0.261146 0.086331
0 0.751592 0.086331 0.745223 0.086331 0.742038 0.089928 0.738854 0.089928 0.735669 0.093525 0.735669 0.097122 0.732484 0.100719 0.735669 0.104317 0.735669 0.107914 0.738854 0.111511 0.745223 0.111511 0.748408 0.107914 0.751592 0.107914 0.757962 0.100719 0.757962 0.093525
0 0.624204 0.100719 0.624204 0.111511 0.627389 0.115108 0.627389 0.118705 0.633758 0.125899 0.636943 0.125899 0.640127 0.129496 0.646497 0.129496 0.649682 0.125899 0.652866 0.125899 0.652866 0.111511 0.646497 0.100719 0.643312 0.100719 0.640127 0.097122 0.627389 0.097122
0 0.799363 0.104317 0.792994 0.097122 0.783439 0.097122 0.780255 0.100719 0.773885 0.100719 0.767516 0.107914 0.767516 0.111511 0.764331 0.115108 0.764331 0.118705 0.767516 0.122302 0.789809 0.122302 0.799363 0.115108
0 0.394904 0.107914 0.388535 0.115108 0.388535 0.125899 0.391720 0.129496 0.391720 0.133094 0.401274 0.143885 0.417197 0.143885 0.420382 0.140288 0.420382 0.125899 0.407643 0.111511 0.404459 0.111511 0.401274 0.107914
0 0.283439 0.125899 0.283439 0.133094 0.286624 0.136691 0.289809 0.136691 0.299363 0.143885 0.308917 0.143885 0.312102 0.140288 0.315287 0.140288 0.315287 0.136691 0.318471 0.133094 0.318471 0.129496 0.308917 0.118705 0.302548 0.118705 0.299363 0.115108 0.296178 0.115108 0.292994 0.118705 0.289809 0.118705
0 0.471338 0.118705 0.471338 0.133094 0.474522 0.136691 0.474522 0.143885 0.477707 0.147482 0.480892 0.147482 0.487261 0.140288 0.487261 0.136691 0.484076 0.133094 0.484076 0.125899 0.480892 0.122302 0.480892 0.118705
0 0.563694 0.122302 0.557325 0.133094 0.560510 0.136691 0.560510 0.140288 0.563694 0.140288 0.573248 0.147482 0.582803 0.147482 0.592357 0.136691 0.592357 0.133094 0.585987 0.122302 0.576433 0.122302 0.573248 0.118705 0.570064 0.122302
0 0.595541 0.118705 0.592357 0.122302 0.592357 0.125899 0.595541 0.129496 0.595541 0.136691 0.598726 0.136691 0.601911 0.140288 0.601911 0.143885 0.608280 0.151079 0.614650 0.151079 0.617834 0.147482 0.617834 0.136691 0.614650 0.133094 0.614650 0.129496 0.605096 0.118705
0 0.697452 0.118705 0.687898 0.118705 0.684713 0.122302 0.681529 0.122302 0.681529 0.125899 0.678344 0.129496 0.681529 0.133094 0.694268 0.133094 0.697452 0.129496
0 0.777070 0.136691 0.764331 0.136691 0.751592 0.154676 0.745223 0.154676 0.742038 0.151079 0.738854 0.151079 0.738854 0.154676 0.745223 0.161871 0.745223 0.165468 0.754777 0.172662 0.757962 0.169065 0.761146 0.169065 0.767516 0.158273 0.777070 0.161871 0.783439 0.154676 0.783439 0.143885
0 0.802548 0.140288 0.799363 0.143885 0.799363 0.158273 0.805732 0.165468 0.818471 0.165468 0.818471 0.161871 0.821656 0.158273 0.821656 0.154676 0.818471 0.151079 0.818471 0.147482 0.812102 0.140288
0 0.863057 0.143885 0.859873 0.147482 0.853503 0.147482 0.850318 0.151079 0.850318 0.165468 0.856688 0.172662 0.866242 0.172662 0.869427 0.169065 0.872611 0.169065 0.875796 0.165468 0.875796 0.154676 0.869427 0.147482 0.866242 0.147482
0 0.541401 0.165468 0.541401 0.179856 0.547771 0.187050 0.566879 0.187050 0.570064 0.183453 0.570064 0.172662 0.563694 0.165468 0.560510 0.165468 0.557325 0.161871 0.547771 0.161871 0.544586 0.165468
0 0.640127 0.161871 0.633758 0.161871 0.627389 0.169065 0.624204 0.169065 0.617834 0.176259 0.617834 0.187050 0.624204 0.194245 0.633758 0.194245 0.636943 0.190647 0.643312 0.190647 0.643312 0.187050 0.646497 0.183453 0.646497 0.169065
0 0.496815 0.165468 0.493631 0.169065 0.493631 0.179856 0.496815 0.183453 0.506369 0.183453 0.509554 0.179856 0.509554 0.176259 0.512739 0.172662 0.506369 0.165468
0 0.713376 0.179856 0.713376 0.183453 0.716561 0.183453 0.719745 0.187050 0.726115 0.187050 0.729299 0.190647 0.732484 0.187050 0.732484 0.179856
0 0.662420 0.183453 0.659236 0.187050 0.659236 0.201439 0.662420 0.205036 0.671975 0.205036 0.671975 0.201439 0.675159 0.197842 0.675159 0.190647 0.668790 0.183453
0 0.885350 0.183453 0.882166 0.187050 0.878981 0.187050 0.872611 0.194245 0.872611 0.197842 0.869427 0.201439 0.869427 0.208633 0.875796 0.219424 0.891720 0.219424 0.891720 0.215827 0.894904 0.212230 0.894904 0.197842 0.891720 0.194245 0.891720 0.190647
0 0.522293 0.201439 0.522293 0.212230 0.531847 0.223022 0.535032 0.223022 0.538217 0.226619 0.547771 0.226619 0.550955 0.230216 0.560510 0.223022 0.560510 0.215827 0.547771 0.201439 0.544586 0.201439 0.541401 0.197842 0.525478 0.197842
0 0.700637 0.205036 0.700637 0.208633 0.703822 0.212230 0.703822 0.215827 0.710191 0.226619 0.716561 0.226619 0.719745 0.230216 0.729299 0.230216 0.732484 0.226619 0.732484 0.215827 0.726115 0.208633 0.722930 0.208633 0.713376 0.201439 0.703822 0.201439
0 0.445860 0.212230 0.442675 0.215827 0.442675 0.219424 0.449045 0.226619 0.449045 0.230216 0.452229 0.230216 0.458599 0.237410 0.464968 0.237410 0.471338 0.230216 0.471338 0.215827 0.468153 0.219424 0.464968 0.219424 0.458599 0.212230 0.455414 0.212230 0.452229 0.208633 0.449045 0.212230
0 0.815287 0.215827 0.808917 0.223022 0.812102 0.226619 0.812102 0.241007 0.818471 0.248201 0.828025 0.248201 0.831210 0.244604 0.831210 0.241007 0.834395 0.237410 0.831210 0.233813 0.831210 0.226619 0.824841 0.219424 0.821656 0.219424 0.818471 0.215827
0 0.633758 0.226619 0.633758 0.237410 0.640127 0.248201 0.643312 0.248201 0.646497 0.251799 0.652866 0.251799 0.656051 0.255396 0.662420 0.255396 0.665605 0.258993 0.668790 0.255396 0.671975 0.255396 0.671975 0.251799 0.665605 0.244604 0.665605 0.241007 0.649682 0.223022 0.636943 0.223022
0 0.614650 0.230216 0.598726 0.230216 0.592357 0.237410 0.592357 0.244604 0.595541 0.248201 0.595541 0.251799 0.601911 0.251799 0.605096 0.248201 0.608280 0.248201 0.611465 0.244604 0.611465 0.241007 0.614650 0.237410
0 0.621019 0.258993 0.621019 0.262590 0.617834 0.266187 0.617834 0.273381 0.621019 0.273381 0.624204 0.276978 0.630573 0.276978 0.636943 0.284173 0.646497 0.284173 0.649682 0.280576 0.649682 0.273381 0.643312 0.262590 0.640127 0.262590 0.636943 0.258993
0 0.799363 0.266187 0.799363 0.273381 0.808917 0.284173 0.808917 0.287770 0.815287 0.294964 0.818471 0.294964 0.821656 0.298561 0.828025 0.298561 0.837580 0.291367 0.837580 0.273381 0.834395 0.273381 0.831210 0.269784 0.824841 0.269784 0.821656 0.273381 0.815287 0.273381 0.805732 0.262590 0.802548 0.262590
0 0.528662 0.309353 0.525478 0.312950 0.525478 0.320144 0.535032 0.330935 0.541401 0.330935 0.547771 0.323741 0.544586 0.320144 0.544586 0.316547 0.541401 0.312950 0.538217 0.312950 0.535032 0.309353
0 0.719745 0.309353 0.719745 0.312950 0.716561 0.316547 0.716561 0.327338 0.722930 0.334532 0.722930 0.338129 0.726115 0.334532 0.729299 0.334532 0.732484 0.338129 0.735669 0.338129 0.738854 0.334532 0.742038 0.334532 0.742038 0.330935 0.745223 0.327338 0.742038 0.323741 0.742038 0.320144 0.735669 0.312950 0.732484 0.312950 0.729299 0.309353
0 0.697452 0.320144 0.694268 0.323741 0.694268 0.327338 0.697452 0.330935 0.697452 0.334532 0.700637 0.338129 0.700637 0.341727 0.710191 0.352518 0.713376 0.348921 0.716561 0.348921 0.716561 0.341727 0.719745 0.338129 0.719745 0.334532 0.713376 0.327338 0.713376 0.323741 0.707006 0.323741 0.703822 0.320144
0 0.608280 0.330935 0.605096 0.334532 0.608280 0.338129 0.608280 0.345324 0.611465 0.348921 0.614650 0.348921 0.617834 0.352518 0.624204 0.352518 0.627389 0.348921 0.627389 0.345324 0.621019 0.338129 0.617834 0.338129 0.614650 0.334532 0.611465 0.334532
0 0.783439 0.334532 0.783439 0.345324 0.789809 0.352518 0.802548 0.352518 0.802548 0.338129 0.799363 0.334532 0.796178 0.334532 0.792994 0.330935 0.789809 0.330935 0.786624 0.334532
0 0.656051 0.356115 0.656051 0.359712 0.662420 0.359712 0.665605 0.363309 0.671975 0.363309 0.678344 0.374101 0.684713 0.374101 0.687898 0.377698 0.691083 0.374101 0.694268 0.374101 0.694268 0.366906 0.687898 0.359712 0.681529 0.359712 0.678344 0.356115
0 0.853503 0.363309 0.837580 0.363309 0.828025 0.374101 0.828025 0.388489 0.831210 0.392086 0.831210 0.395683 0.837580 0.395683 0.840764 0.399281 0.843949 0.395683 0.853503 0.392086 0.853503 0.388489 0.859873 0.377698 0.859873 0.370504
0 0.754777 0.374101 0.754777 0.377698 0.751592 0.381295 0.754777 0.384892 0.754777 0.388489 0.764331 0.399281 0.777070 0.399281 0.780255 0.402878 0.783439 0.399281 0.786624 0.399281 0.786624 0.395683 0.789809 0.392086 0.789809 0.381295 0.786624 0.377698 0.786624 0.374101 0.780255 0.366906 0.773885 0.366906 0.764331 0.374101
0 0.885350 0.388489 0.878981 0.395683 0.878981 0.406475 0.882166 0.410072 0.885350 0.410072 0.888535 0.413669 0.898089 0.413669 0.904459 0.406475 0.904459 0.395683 0.898089 0.388489
0 0.015924 0.428058 0.015924 0.449640 0.025478 0.460432 0.035032 0.460432 0.038217 0.456835 0.041401 0.456835 0.041401 0.453237 0.044586 0.449640 0.044586 0.446043 0.041401 0.442446 0.041401 0.438849 0.035032 0.431655 0.031847 0.431655 0.022293 0.424460 0.019108 0.428058
0 0.159236 0.424460 0.156051 0.428058 0.156051 0.442446 0.159236 0.446043 0.159236 0.449640 0.175159 0.464029 0.178344 0.464029 0.187898 0.471223 0.194268 0.471223 0.197452 0.467626 0.197452 0.453237 0.194268 0.449640 0.194268 0.446043 0.171975 0.424460
0 0.500000 0.428058 0.493631 0.435252 0.493631 0.453237 0.496815 0.456835 0.496815 0.460432 0.503185 0.467626 0.509554 0.467626 0.519108 0.456835 0.519108 0.446043 0.506369 0.431655 0.506369 0.428058
0 0.697452 0.446043 0.697452 0.449640 0.694268 0.453237 0.694268 0.456835 0.697452 0.460432 0.697452 0.467626 0.703822 0.474820 0.713376 0.474820 0.716561 0.471223 0.716561 0.467626 0.719745 0.464029 0.719745 0.460432 0.716561 0.456835 0.716561 0.453237 0.710191 0.446043
0 0.859873 0.449640 0.859873 0.467626 0.863057 0.467626 0.866242 0.471223 0.869427 0.471223 0.872611 0.467626 0.878981 0.467626 0.878981 0.453237 0.872611 0.446043 0.866242 0.446043 0.863057 0.449640
0 0.557325 0.456835 0.554140 0.460432 0.554140 0.467626 0.560510 0.474820 0.560510 0.478417 0.566879 0.485612 0.570064 0.485612 0.585987 0.503597 0.595541 0.503597 0.595541 0.492806 0.585987 0.482014 0.585987 0.478417 0.582803 0.474820 0.579618 0.474820 0.570064 0.464029 0.566879 0.464029
0 0.786624 0.492806 0.786624 0.496403 0.792994 0.507194 0.812102 0.507194 0.815287 0.503597 0.821656 0.503597 0.821656 0.485612 0.818471 0.482014 0.815287 0.482014 0.805732 0.474820 0.796178 0.478417 0.789809 0.485612 0.789809 0.489209
0 0.617834 0.514388 0.617834 0.525180 0.621019 0.528777 0.621019 0.532374 0.627389 0.539568 0.630573 0.539568 0.640127 0.546763 0.649682 0.543165 0.649682 0.532374 0.633758 0.514388 0.630573 0.514388 0.627389 0.510791
0 0.792994 0.535971 0.792994 0.539568 0.799363 0.546763 0.818471 0.546763 0.824841 0.539568 0.824841 0.535971 0.821656 0.532374 0.818471 0.532374 0.815287 0.528777 0.799363 0.528777
0 0.105096 0.535971 0.105096 0.546763 0.114650 0.553957 0.136943 0.553957 0.140127 0.550360 0.140127 0.539568 0.136943 0.535971 0.117834 0.535971 0.114650 0.532374 0.108280 0.532374
0 0.738854 0.532374 0.738854 0.535971 0.732484 0.546763 0.732484 0.564748 0.735669 0.568345 0.748408 0.568345 0.754777 0.561151 0.754777 0.543165 0.748408 0.532374
0 0.452229 0.571942 0.445860 0.604317 0.445860 0.640288 0.471338 0.694245 0.484076 0.705036 0.490446 0.705036 0.493631 0.690647 0.474522 0.643885 0.468153 0.597122 0.458599 0.575540
0 0.732484 0.589928 0.729299 0.586331 0.726115 0.586331 0.722930 0.582734 0.719745 0.586331 0.713376 0.586331 0.713376 0.589928 0.710191 0.593525 0.713376 0.597122 0.713376 0.600719 0.716561 0.604317 0.719745 0.604317 0.722930 0.600719 0.729299 0.600719 0.729299 0.597122 0.732484 0.593525
0 0.748408 0.589928 0.748408 0.593525 0.751592 0.597122 0.754777 0.597122 0.757962 0.593525 0.764331 0.593525 0.767516 0.597122 0.764331 0.600719 0.770701 0.600719 0.773885 0.604317 0.777070 0.604317 0.783439 0.597122 0.783439 0.589928 0.780255 0.586331 0.770701 0.586331 0.767516 0.582734 0.754777 0.582734
0 0.815287 0.586331 0.812102 0.582734 0.802548 0.582734 0.792994 0.593525 0.792994 0.600719 0.796178 0.604317 0.808917 0.604317 0.815287 0.597122
0 0.563694 0.607914 0.557325 0.607914 0.544586 0.622302 0.544586 0.625899 0.550955 0.633094 0.554140 0.633094 0.557325 0.629496 0.560510 0.629496 0.560510 0.625899 0.563694 0.622302 0.563694 0.618705 0.566879 0.615108 0.566879 0.611511
0 0.254777 0.615108 0.245223 0.615108 0.232484 0.629496 0.232484 0.633094 0.229299 0.636691 0.229299 0.643885 0.232484 0.647482 0.232484 0.651079 0.238854 0.658273 0.248408 0.654676 0.248408 0.643885 0.254777 0.636691 0.254777 0.633094 0.257962 0.629496 0.257962 0.618705
0 0.582803 0.625899 0.582803 0.629496 0.579618 0.633094 0.579618 0.640288 0.576433 0.643885 0.576433 0.647482 0.579618 0.651079 0.579618 0.654676 0.582803 0.658273 0.592357 0.658273 0.592357 0.629496 0.589172 0.625899
0 0.840764 0.633094 0.831210 0.633094 0.828025 0.629496 0.824841 0.629496 0.818471 0.636691 0.815287 0.636691 0.815287 0.640288 0.812102 0.643885 0.812102 0.661871 0.815287 0.665468 0.815287 0.669065 0.821656 0.669065 0.824841 0.665468 0.834395 0.661871 0.840764 0.654676 0.840764 0.651079 0.843949 0.647482 0.843949 0.636691
0 0.713376 0.640288 0.710191 0.643885 0.710191 0.651079 0.713376 0.651079 0.716561 0.654676 0.716561 0.665468 0.719745 0.665468 0.726115 0.672662 0.726115 0.669065 0.729299 0.665468 0.729299 0.661871 0.726115 0.658273 0.726115 0.651079 0.716561 0.640288
0 0.175159 0.643885 0.168790 0.643885 0.165605 0.647482 0.165605 0.661871 0.162420 0.665468 0.159236 0.665468 0.162420 0.669065 0.162420 0.672662 0.165605 0.676259 0.175159 0.665468 0.175159 0.654676 0.178344 0.651079 0.178344 0.647482
0 0.187898 0.679856 0.181529 0.687050 0.181529 0.705036 0.184713 0.708633 0.184713 0.712230 0.191083 0.719424 0.197452 0.719424 0.203822 0.712230 0.203822 0.694245 0.200637 0.690647 0.200637 0.687050 0.194268 0.679856
0 0.519108 0.683453 0.519108 0.687050 0.515924 0.690647 0.515924 0.697842 0.519108 0.701439 0.519108 0.708633 0.525478 0.715827 0.525478 0.719424 0.535032 0.726619 0.550955 0.726619 0.550955 0.723022 0.547771 0.719424 0.547771 0.715827 0.550955 0.712230 0.547771 0.701439 0.544586 0.697842 0.541401 0.697842 0.535032 0.690647 0.531847 0.690647 0.525478 0.683453
0 0.308917 0.705036 0.302548 0.705036 0.289809 0.719424 0.289809 0.726619 0.283439 0.733813 0.273885 0.755396 0.273885 0.769784 0.286624 0.769784 0.312102 0.737410 0.315287 0.712230
0 0.347134 0.838129 0.337580 0.845324 0.337580 0.856115 0.340764 0.859712 0.343949 0.877698 0.350318 0.888489 0.363057 0.888489 0.369427 0.881295 0.369427 0.874101 0.372611 0.870504 0.372611 0.856115 0.359873 0.841727 0.353503 0.841727 0.350318 0.838129
0 0.480892 0.848921 0.477707 0.852518 0.474522 0.852518 0.471338 0.863309 0.474522 0.866906 0.477707 0.877698 0.480892 0.881295 0.490446 0.884892 0.493631 0.881295 0.496815 0.881295 0.503185 0.874101 0.503185 0.863309 0.500000 0.859712 0.500000 0.856115 0.496815 0.856115 0.487261 0.848921
0 0.264331 0.874101 0.261146 0.866906 0.238854 0.866906 0.235669 0.870504 0.213376 0.874101 0.191083 0.884892 0.184713 0.892086 0.184713 0.899281 0.187898 0.902878 0.200637 0.902878 0.203822 0.899281 0.226115 0.895683 0.238854 0.888489 0.261146 0.884892
