0 0.757962 0.103943 0.754777 0.107527 0.754777 0.114695 0.751592 0.118280 0.754777 0.121864 0.754777 0.125448 0.757962 0.129032 0.764331 0.129032 0.770701 0.121864 0.770701 0.118280 0.773885 0.114695 0.770701 0.111111 0.770701 0.107527 0.767516 0.107527 0.764331 0.103943
0 0.824841 0.111111 0.824841 0.118280 0.834395 0.129032 0.840764 0.129032 0.843949 0.125448 0.847134 0.125448 0.847134 0.121864 0.850318 0.118280 0.850318 0.111111 0.843949 0.103943 0.831210 0.103943
0 0.031847 0.107527 0.022293 0.107527 0.022293 0.146953 0.028662 0.139785 0.028662 0.136201 0.035032 0.129032 0.035032 0.114695 0.031847 0.111111
0 0.570064 0.111111 0.563694 0.118280 0.563694 0.125448 0.570064 0.132616 0.579618 0.132616 0.582803 0.129032 0.582803 0.114695 0.579618 0.114695 0.576433 0.111111
0 0.789809 0.121864 0.789809 0.132616 0.792994 0.136201 0.808917 0.136201 0.812102 0.132616 0.808917 0.129032 0.808917 0.125448 0.805732 0.121864 0.802548 0.121864 0.799363 0.118280 0.792994 0.118280
0 0.353503 0.121864 0.353503 0.129032 0.356688 0.132616 0.356688 0.136201 0.363057 0.143369 0.369427 0.143369 0.372611 0.146953 0.378981 0.146953 0.382166 0.143369 0.382166 0.136201 0.375796 0.129032 0.372611 0.129032 0.369427 0.125448 0.359873 0.125448 0.356688 0.121864
0 0.343949 0.129032 0.340764 0.129032 0.337580 0.125448 0.331210 0.125448 0.321656 0.136201 0.321656 0.146953 0.324841 0.150538 0.334395 0.150538 0.337580 0.146953 0.340764 0.146953 0.343949 0.143369
0 0.605096 0.132616 0.601911 0.129032 0.592357 0.129032 0.589172 0.132616 0.589172 0.136201 0.585987 0.139785 0.585987 0.143369 0.579618 0.150538 0.579618 0.154122 0.576433 0.157706 0.576433 0.161290 0.592357 0.161290 0.595541 0.157706 0.598726 0.157706 0.605096 0.150538
0 0.761146 0.132616 0.754777 0.139785 0.754777 0.154122 0.757962 0.157706 0.770701 0.157706 0.773885 0.154122 0.773885 0.150538 0.777070 0.146953 0.777070 0.143369 0.773885 0.139785 0.773885 0.136201 0.770701 0.132616
0 0.544586 0.136201 0.544586 0.143369 0.547771 0.146953 0.547771 0.150538 0.550955 0.154122 0.554140 0.154122 0.557325 0.157706 0.560510 0.157706 0.563694 0.154122 0.560510 0.150538 0.560510 0.146953 0.557325 0.143369 0.557325 0.139785 0.554140 0.136201
0 0.515924 0.150538 0.512739 0.154122 0.512739 0.168459 0.519108 0.175627 0.531847 0.175627 0.535032 0.172043 0.535032 0.168459 0.538217 0.164875 0.535032 0.161290 0.535032 0.157706 0.531847 0.154122 0.528662 0.154122 0.525478 0.150538
0 0.439490 0.157706 0.439490 0.172043 0.442675 0.175627 0.442675 0.179211 0.445860 0.179211 0.449045 0.175627 0.449045 0.161290 0.445860 0.157706
0 0.350318 0.161290 0.343949 0.168459 0.343949 0.182796 0.347134 0.186380 0.350318 0.186380 0.353503 0.189964 0.356688 0.189964 0.359873 0.186380 0.363057 0.186380 0.369427 0.179211 0.369427 0.175627 0.372611 0.172043 0.372611 0.168459 0.369427 0.168459 0.366242 0.164875 0.363057 0.168459 0.359873 0.164875 0.356688 0.164875 0.353503 0.161290
0 0.675159 0.164875 0.668790 0.172043 0.668790 0.175627 0.671975 0.179211 0.671975 0.182796 0.675159 0.182796 0.678344 0.186380 0.687898 0.186380 0.691083 0.182796 0.691083 0.172043 0.684713 0.164875
0 0.493631 0.168459 0.480892 0.168459 0.477707 0.172043 0.477707 0.189964 0.484076 0.197133 0.487261 0.197133 0.490446 0.193548 0.493631 0.193548 0.493631 0.189964 0.496815 0.186380 0.496815 0.172043
0 0.417197 0.172043 0.414013 0.175627 0.414013 0.182796 0.410828 0.186380 0.414013 0.189964 0.414013 0.204301 0.417197 0.207885 0.420382 0.207885 0.426752 0.200717 0.426752 0.197133 0.429936 0.193548 0.429936 0.182796 0.426752 0.179211 0.426752 0.175627 0.423567 0.175627 0.420382 0.172043
0 0.780255 0.179211 0.780255 0.193548 0.786624 0.200717 0.799363 0.200717 0.808917 0.193548 0.808917 0.182796 0.805732 0.179211 0.805732 0.175627 0.802548 0.175627 0.799363 0.172043 0.786624 0.172043
0 0.082803 0.175627 0.079618 0.179211 0.079618 0.193548 0.082803 0.197133 0.082803 0.200717 0.089172 0.207885 0.101911 0.207885 0.101911 0.204301 0.105096 0.200717 0.105096 0.189964 0.101911 0.186380 0.101911 0.182796 0.092357 0.175627
0 0.232484 0.182796 0.232484 0.189964 0.235669 0.193548 0.238854 0.193548 0.242038 0.189964 0.245223 0.189964 0.248408 0.186380 0.248408 0.179211 0.235669 0.179211
0 0.398089 0.179211 0.391720 0.179211 0.385350 0.186380 0.385350 0.189964 0.382166 0.193548 0.382166 0.204301 0.385350 0.207885 0.394904 0.207885 0.398089 0.204301 0.401274 0.204301 0.401274 0.200717 0.404459 0.197133 0.404459 0.189964 0.401274 0.186380 0.401274 0.182796
0 0.515924 0.182796 0.509554 0.189964 0.509554 0.197133 0.512739 0.200717 0.512739 0.204301 0.515924 0.207885 0.522293 0.207885 0.525478 0.204301 0.525478 0.193548
0 0.136943 0.193548 0.136943 0.200717 0.140127 0.204301 0.143312 0.204301 0.146497 0.207885 0.149682 0.207885 0.156051 0.200717 0.156051 0.193548 0.152866 0.193548 0.149682 0.189964 0.143312 0.189964 0.140127 0.193548
0 0.707006 0.193548 0.710191 0.197133 0.710191 0.200717 0.713376 0.204301 0.732484 0.204301 0.732484 0.200717 0.729299 0.197133 0.722930 0.197133 0.716561 0.189964 0.710191 0.189964
0 0.449045 0.197133 0.445860 0.200717 0.442675 0.200717 0.442675 0.222222 0.449045 0.229391 0.458599 0.229391 0.464968 0.222222 0.464968 0.218638 0.468153 0.215054 0.464968 0.211470 0.464968 0.204301 0.461783 0.204301 0.455414 0.197133
0 0.671975 0.204301 0.671975 0.218638 0.675159 0.218638 0.678344 0.222222 0.684713 0.222222 0.687898 0.218638 0.691083 0.218638 0.691083 0.215054 0.694268 0.211470 0.694268 0.207885 0.691083 0.204301
0 0.035032 0.207885 0.028662 0.215054 0.028662 0.225806 0.038217 0.236559 0.044586 0.236559 0.050955 0.229391 0.050955 0.218638 0.047771 0.215054 0.047771 0.211470 0.041401 0.211470 0.038217 0.207885
0 0.535032 0.207885 0.531847 0.211470 0.531847 0.215054 0.535032 0.218638 0.541401 0.218638 0.544586 0.215054 0.544586 0.211470 0.541401 0.207885
0 0.334395 0.211470 0.331210 0.215054 0.331210 0.222222 0.334395 0.225806 0.334395 0.229391 0.337580 0.232975 0.347134 0.232975 0.350318 0.229391 0.350318 0.218638 0.343949 0.211470
0 0.149682 0.218638 0.146497 0.222222 0.146497 0.232975 0.149682 0.236559 0.149682 0.240143 0.156051 0.247312 0.168790 0.247312 0.171975 0.243728 0.171975 0.236559 0.168790 0.232975 0.168790 0.229391 0.165605 0.225806 0.165605 0.222222 0.162420 0.222222 0.159236 0.218638
0 0.656051 0.218638 0.652866 0.218638 0.646497 0.225806 0.646497 0.240143 0.656051 0.240143 0.656051 0.236559 0.659236 0.232975 0.659236 0.222222
0 0.875796 0.218638 0.872611 0.222222 0.872611 0.232975 0.875796 0.236559 0.878981 0.236559 0.882166 0.232975 0.885350 0.232975 0.882166 0.229391 0.882166 0.222222 0.878981 0.218638
0 0.388535 0.222222 0.382166 0.229391 0.382166 0.236559 0.385350 0.240143 0.385350 0.243728 0.388535 0.243728 0.391720 0.247312 0.398089 0.247312 0.401274 0.243728 0.401274 0.229391 0.394904 0.222222
0 0.070064 0.229391 0.063694 0.229391 0.060510 0.232975 0.060510 0.240143 0.057325 0.243728 0.057325 0.254480 0.060510 0.258065 0.066879 0.258065 0.070064 0.254480 0.073248 0.254480 0.073248 0.236559 0.070064 0.232975
0 0.124204 0.229391 0.121019 0.232975 0.121019 0.240143 0.130573 0.250896 0.136943 0.250896 0.136943 0.240143 0.133758 0.236559 0.133758 0.232975 0.130573 0.229391
0 0.178344 0.229391 0.178344 0.232975 0.175159 0.236559 0.175159 0.243728 0.178344 0.247312 0.187898 0.247312 0.187898 0.243728 0.191083 0.240143 0.187898 0.236559 0.187898 0.229391
0 0.799363 0.229391 0.796178 0.232975 0.789809 0.232975 0.786624 0.236559 0.786624 0.247312 0.789809 0.250896 0.789809 0.254480 0.799363 0.254480 0.799363 0.247312 0.802548 0.243728 0.802548 0.232975
0 0.242038 0.236559 0.238854 0.240143 0.238854 0.247312 0.242038 0.250896 0.242038 0.261649 0.248408 0.268817 0.254777 0.268817 0.257962 0.265233 0.257962 0.254480 0.254777 0.250896 0.254777 0.243728 0.251592 0.240143 0.251592 0.236559
0 0.681529 0.236559 0.671975 0.236559 0.665605 0.243728 0.665605 0.254480 0.671975 0.261649 0.675159 0.261649 0.678344 0.258065 0.681529 0.258065 0.684713 0.254480 0.684713 0.250896 0.687898 0.247312 0.687898 0.243728
0 0.707006 0.236559 0.703822 0.240143 0.703822 0.258065 0.707006 0.258065 0.710191 0.261649 0.719745 0.261649 0.722930 0.258065 0.722930 0.240143 0.719745 0.236559
0 0.742038 0.240143 0.742038 0.247312 0.748408 0.254480 0.764331 0.254480 0.770701 0.247312 0.770701 0.243728 0.767516 0.240143 0.764331 0.240143 0.761146 0.236559 0.745223 0.236559
0 0.843949 0.236559 0.840764 0.240143 0.840764 0.268817 0.853503 0.268817 0.853503 0.261649 0.850318 0.258065 0.853503 0.254480 0.853503 0.240143 0.850318 0.236559
0 0.468153 0.243728 0.468153 0.261649 0.474522 0.268817 0.477707 0.268817 0.480892 0.272401 0.487261 0.272401 0.490446 0.268817 0.490446 0.258065 0.487261 0.254480 0.487261 0.250896 0.480892 0.243728
0 0.601911 0.243728 0.601911 0.258065 0.605096 0.261649 0.605096 0.265233 0.611465 0.272401 0.621019 0.272401 0.624204 0.268817 0.624204 0.254480 0.614650 0.243728
0 0.812102 0.243728 0.808917 0.247312 0.808917 0.258065 0.815287 0.265233 0.821656 0.265233 0.824841 0.261649 0.824841 0.247312 0.821656 0.243728
0 0.130573 0.254480 0.127389 0.258065 0.127389 0.272401 0.130573 0.275986 0.133758 0.275986 0.143312 0.283154 0.152866 0.283154 0.152866 0.279570 0.156051 0.275986 0.156051 0.272401 0.152866 0.268817 0.152866 0.265233 0.149682 0.261649 0.146497 0.261649 0.140127 0.254480
0 0.878981 0.261649 0.878981 0.268817 0.888535 0.279570 0.891720 0.279570 0.898089 0.286738 0.901274 0.286738 0.904459 0.283154 0.907643 0.283154 0.907643 0.265233 0.904459 0.261649 0.904459 0.258065 0.901274 0.258065 0.898089 0.254480 0.885350 0.254480
0 0.512739 0.268817 0.512739 0.275986 0.519108 0.283154 0.522293 0.279570 0.528662 0.279570 0.531847 0.275986 0.535032 0.275986 0.535032 0.272401 0.538217 0.268817 0.538217 0.265233 0.535032 0.261649 0.531847 0.261649 0.528662 0.258065 0.519108 0.258065 0.515924 0.261649 0.515924 0.265233
0 0.792994 0.258065 0.792994 0.272401 0.799363 0.279570 0.802548 0.279570 0.805732 0.275986 0.805732 0.272401 0.802548 0.268817 0.802548 0.261649 0.799363 0.258065
0 0.652866 0.265233 0.649682 0.265233 0.646497 0.261649 0.636943 0.272401 0.636943 0.275986 0.633758 0.279570 0.633758 0.286738 0.636943 0.290323 0.643312 0.290323 0.646497 0.286738 0.649682 0.286738 0.656051 0.279570 0.656051 0.268817
0 0.687898 0.268817 0.684713 0.272401 0.681529 0.272401 0.678344 0.275986 0.678344 0.286738 0.681529 0.290323 0.681529 0.293907 0.684713 0.293907 0.687898 0.297491 0.691083 0.297491 0.694268 0.301075 0.697452 0.297491 0.700637 0.297491 0.700637 0.293907 0.703822 0.290323 0.700637 0.286738 0.700637 0.279570 0.691083 0.268817
0 0.745223 0.268817 0.745223 0.279570 0.748408 0.283154 0.757962 0.283154 0.764331 0.275986 0.764331 0.268817
0 0.108280 0.275986 0.101911 0.275986 0.098726 0.279570 0.095541 0.279570 0.095541 0.283154 0.092357 0.286738 0.092357 0.297491 0.095541 0.301075 0.108280 0.301075 0.111465 0.297491 0.111465 0.293907 0.114650 0.290323 0.114650 0.283154
0 0.200637 0.275986 0.194268 0.283154 0.194268 0.293907 0.200637 0.301075 0.216561 0.301075 0.219745 0.297491 0.219745 0.290323 0.210191 0.279570 0.207006 0.279570 0.203822 0.275986
0 0.458599 0.275986 0.458599 0.290323 0.461783 0.293907 0.461783 0.297491 0.468153 0.304659 0.471338 0.304659 0.474522 0.301075 0.474522 0.286738 0.464968 0.275986
0 0.579618 0.279570 0.576433 0.283154 0.576433 0.290323 0.579618 0.293907 0.579618 0.301075 0.592357 0.315412 0.601911 0.315412 0.605096 0.311828 0.605096 0.308244 0.601911 0.304659 0.601911 0.301075 0.589172 0.286738 0.589172 0.283154 0.585987 0.279570
0 0.550955 0.290323 0.550955 0.301075 0.557325 0.308244 0.563694 0.308244 0.563694 0.293907 0.560510 0.290323 0.560510 0.286738 0.557325 0.286738 0.554140 0.290323
0 0.792994 0.293907 0.789809 0.290323 0.783439 0.290323 0.780255 0.286738 0.777070 0.290323 0.773885 0.290323 0.767516 0.297491 0.767516 0.304659 0.770701 0.308244 0.786624 0.308244 0.792994 0.301075
0 0.659236 0.293907 0.652866 0.301075 0.652866 0.304659 0.656051 0.308244 0.656051 0.311828 0.668790 0.311828 0.675159 0.304659 0.675159 0.297491 0.671975 0.293907
0 0.834395 0.293907 0.834395 0.297491 0.831210 0.301075 0.831210 0.308244 0.834395 0.311828 0.834395 0.315412 0.837580 0.318996 0.850318 0.318996 0.853503 0.315412 0.853503 0.301075 0.850318 0.297491 0.847134 0.297491 0.843949 0.293907
0 0.407643 0.304659 0.410828 0.308244 0.410828 0.311828 0.423567 0.311828 0.423567 0.308244 0.417197 0.301075 0.410828 0.301075
0 0.528662 0.304659 0.525478 0.308244 0.525478 0.322581 0.528662 0.326165 0.535032 0.326165 0.538217 0.322581 0.538217 0.308244 0.535032 0.304659
0 0.716561 0.308244 0.703822 0.308244 0.700637 0.311828 0.687898 0.311828 0.684713 0.315412 0.684713 0.322581 0.687898 0.326165 0.710191 0.326165 0.716561 0.318996
0 0.302548 0.311828 0.302548 0.315412 0.305732 0.318996 0.312102 0.318996 0.315287 0.322581 0.321656 0.322581 0.324841 0.318996 0.321656 0.315412 0.318471 0.315412 0.315287 0.311828
0 0.891720 0.311828 0.872611 0.311828 0.869427 0.315412 0.869427 0.336918 0.878981 0.347670 0.882166 0.347670 0.888535 0.340502 0.888535 0.336918 0.894904 0.326165 0.894904 0.315412
0 0.168790 0.318996 0.168790 0.333333 0.175159 0.340502 0.178344 0.340502 0.181529 0.344086 0.187898 0.344086 0.187898 0.333333 0.184713 0.329749 0.184713 0.326165 0.178344 0.318996
0 0.792994 0.318996 0.777070 0.318996 0.773885 0.322581 0.773885 0.333333 0.770701 0.336918 0.773885 0.340502 0.773885 0.344086 0.777070 0.347670 0.783439 0.347670 0.786624 0.344086 0.789809 0.344086 0.789809 0.340502 0.792994 0.336918
0 0.203822 0.322581 0.203822 0.326165 0.200637 0.329749 0.200637 0.333333 0.213376 0.347670 0.216561 0.347670 0.219745 0.344086 0.219745 0.340502 0.216561 0.336918 0.216561 0.326165 0.213376 0.322581
0 0.808917 0.322581 0.805732 0.326165 0.805732 0.340502 0.808917 0.344086 0.808917 0.351254 0.812102 0.354839 0.815287 0.354839 0.821656 0.347670 0.821656 0.333333 0.818471 0.329749 0.818471 0.326165 0.815287 0.322581
0 0.149682 0.326165 0.146497 0.329749 0.146497 0.340502 0.152866 0.347670 0.159236 0.347670 0.159236 0.344086 0.162420 0.340502 0.162420 0.333333 0.156051 0.326165
0 0.554140 0.326165 0.547771 0.333333 0.547771 0.344086 0.550955 0.347670 0.566879 0.347670 0.566879 0.344086 0.570064 0.340502 0.570064 0.329749 0.566879 0.326165
0 0.611465 0.333333 0.608280 0.333333 0.605096 0.329749 0.595541 0.329749 0.592357 0.333333 0.589172 0.333333 0.582803 0.344086 0.582803 0.358423 0.589172 0.365591 0.595541 0.365591 0.614650 0.344086
0 0.296178 0.333333 0.296178 0.344086 0.305732 0.351254 0.324841 0.351254 0.328025 0.354839 0.331210 0.351254 0.328025 0.347670 0.328025 0.344086 0.321656 0.336918 0.315287 0.336918 0.312102 0.333333
0 0.490446 0.336918 0.487261 0.340502 0.487261 0.347670 0.493631 0.354839 0.493631 0.358423 0.506369 0.358423 0.509554 0.354839 0.509554 0.347670 0.506369 0.344086 0.506369 0.340502 0.503185 0.340502 0.500000 0.336918
0 0.697452 0.336918 0.691083 0.344086 0.691083 0.358423 0.697452 0.365591 0.703822 0.365591 0.710191 0.358423 0.710191 0.344086 0.703822 0.336918
0 0.828025 0.336918 0.828025 0.340502 0.824841 0.344086 0.824841 0.347670 0.828025 0.351254 0.828025 0.354839 0.834395 0.362007 0.840764 0.362007 0.843949 0.358423 0.847134 0.358423 0.847134 0.344086 0.840764 0.336918
0 0.350318 0.347670 0.350318 0.358423 0.359873 0.369176 0.369427 0.369176 0.372611 0.365591 0.375796 0.365591 0.382166 0.358423 0.382166 0.351254 0.378981 0.347670 0.378981 0.344086 0.375796 0.344086 0.372611 0.340502 0.356688 0.340502
0 0.159236 0.351254 0.156051 0.354839 0.156051 0.365591 0.159236 0.369176 0.168790 0.369176 0.175159 0.362007 0.168790 0.354839 0.162420 0.354839
0 0.850318 0.354839 0.850318 0.358423 0.853503 0.362007 0.853503 0.387097 0.856688 0.390681 0.859873 0.390681 0.863057 0.387097 0.863057 0.376344 0.866242 0.372760 0.866242 0.362007 0.859873 0.354839
0 0.251592 0.358423 0.245223 0.365591 0.245223 0.379928 0.251592 0.387097 0.267516 0.387097 0.267516 0.372760 0.264331 0.369176 0.264331 0.365591 0.257962 0.358423
0 0.474522 0.358423 0.471338 0.362007 0.471338 0.372760 0.474522 0.376344 0.474522 0.379928 0.484076 0.390681 0.493631 0.390681 0.493631 0.376344 0.487261 0.369176 0.487261 0.365591 0.480892 0.358423
0 0.538217 0.369176 0.538217 0.383513 0.541401 0.387097 0.560510 0.387097 0.566879 0.379928 0.566879 0.372760 0.560510 0.365591 0.541401 0.365591
0 0.216561 0.369176 0.213376 0.372760 0.213376 0.383513 0.216561 0.387097 0.219745 0.387097 0.222930 0.390681 0.226115 0.390681 0.229299 0.387097 0.229299 0.376344 0.226115 0.372760 0.226115 0.369176
0 0.305732 0.372760 0.305732 0.383513 0.312102 0.390681 0.324841 0.390681 0.324841 0.372760 0.321656 0.369176 0.312102 0.369176 0.308917 0.372760
0 0.579618 0.397849 0.579618 0.408602 0.582803 0.412186 0.585987 0.412186 0.592357 0.419355 0.595541 0.419355 0.598726 0.415771 0.601911 0.415771 0.601911 0.412186 0.605096 0.408602 0.601911 0.405018 0.601911 0.397849 0.598726 0.397849 0.595541 0.394265 0.585987 0.394265 0.582803 0.397849
0 0.882166 0.394265 0.878981 0.394265 0.878981 0.397849 0.872611 0.405018 0.872611 0.408602 0.875796 0.412186 0.875796 0.415771 0.878981 0.415771 0.885350 0.408602 0.885350 0.397849
0 0.554140 0.397849 0.547771 0.405018 0.547771 0.412186 0.550955 0.415771 0.550955 0.419355 0.554140 0.422939 0.560510 0.422939 0.563694 0.419355 0.566879 0.419355 0.566879 0.415771 0.570064 0.412186 0.570064 0.405018 0.566879 0.401434 0.563694 0.401434 0.560510 0.397849
0 0.455414 0.401434 0.452229 0.401434 0.449045 0.405018 0.445860 0.405018 0.445860 0.412186 0.449045 0.415771 0.452229 0.415771 0.458599 0.408602 0.455414 0.405018
0 0.656051 0.401434 0.649682 0.401434 0.640127 0.412186 0.640127 0.430108 0.643312 0.430108 0.649682 0.422939 0.652866 0.422939 0.652866 0.419355 0.659236 0.412186 0.659236 0.405018
0 0.273885 0.405018 0.270701 0.408602 0.270701 0.415771 0.273885 0.419355 0.273885 0.426523 0.277070 0.430108 0.277070 0.433692 0.292994 0.451613 0.296178 0.451613 0.299363 0.448029 0.299363 0.440860 0.296178 0.437276 0.296178 0.433692 0.292994 0.430108 0.289809 0.419355 0.283439 0.412186 0.283439 0.408602 0.280255 0.405018
0 0.761146 0.422939 0.757962 0.426523 0.757962 0.433692 0.761146 0.437276 0.761146 0.440860 0.770701 0.440860 0.773885 0.437276 0.773885 0.433692 0.777070 0.430108 0.770701 0.422939
0 0.449045 0.433692 0.449045 0.448029 0.452229 0.451613 0.455414 0.451613 0.458599 0.455197 0.468153 0.455197 0.471338 0.451613 0.471338 0.440860 0.464968 0.433692
0 0.668790 0.433692 0.659236 0.433692 0.646497 0.448029 0.646497 0.455197 0.656051 0.455197 0.662420 0.448029 0.665605 0.448029 0.668790 0.444444
0 0.732484 0.437276 0.732484 0.440860 0.729299 0.444444 0.729299 0.451613 0.732484 0.455197 0.742038 0.455197 0.745223 0.451613 0.745223 0.437276
0 0.687898 0.444444 0.671975 0.444444 0.662420 0.455197 0.662420 0.462366 0.665605 0.465950 0.665605 0.469534 0.678344 0.469534 0.681529 0.465950 0.681529 0.462366 0.687898 0.455197
0 0.414013 0.458781 0.414013 0.465950 0.417197 0.469534 0.420382 0.469534 0.423567 0.473118 0.429936 0.473118 0.433121 0.469534 0.436306 0.469534 0.436306 0.465950 0.439490 0.462366 0.439490 0.458781 0.433121 0.451613 0.420382 0.451613
0 0.222930 0.455197 0.219745 0.458781 0.219745 0.473118 0.226115 0.480287 0.232484 0.480287 0.235669 0.476703 0.235669 0.473118 0.238854 0.469534 0.238854 0.462366 0.232484 0.455197
0 0.579618 0.458781 0.576433 0.462366 0.576433 0.476703 0.582803 0.483871 0.589172 0.483871 0.592357 0.480287 0.595541 0.480287 0.595541 0.476703 0.598726 0.473118 0.598726 0.462366 0.595541 0.462366 0.592357 0.458781
0 0.786624 0.465950 0.777070 0.473118 0.777070 0.476703 0.773885 0.480287 0.773885 0.483871 0.780255 0.491039 0.783439 0.491039 0.786624 0.494624 0.792994 0.494624 0.796178 0.491039 0.799363 0.491039 0.799363 0.487455 0.802548 0.483871 0.802548 0.476703 0.796178 0.465950
0 0.627389 0.469534 0.624204 0.473118 0.624204 0.483871 0.627389 0.487455 0.627389 0.491039 0.633758 0.498208 0.640127 0.498208 0.643312 0.494624 0.646497 0.494624 0.646497 0.491039 0.649682 0.487455 0.649682 0.480287 0.646497 0.476703 0.640127 0.476703 0.636943 0.473118 0.633758 0.473118 0.630573 0.469534
0 0.694268 0.473118 0.687898 0.480287 0.687898 0.487455 0.691083 0.487455 0.694268 0.491039 0.703822 0.491039 0.710191 0.483871 0.710191 0.476703 0.707006 0.473118
0 0.347134 0.498208 0.353503 0.505376 0.363057 0.505376 0.369427 0.498208 0.369427 0.494624 0.372611 0.491039 0.366242 0.491039 0.363057 0.487455 0.347134 0.487455
0 0.449045 0.491039 0.445860 0.491039 0.442675 0.487455 0.439490 0.491039 0.433121 0.491039 0.429936 0.494624 0.429936 0.501792 0.433121 0.505376 0.442675 0.505376 0.445860 0.501792 0.449045 0.501792
0 0.509554 0.487455 0.506369 0.491039 0.506369 0.498208 0.509554 0.501792 0.509554 0.505376 0.522293 0.505376 0.525478 0.501792 0.525478 0.494624 0.519108 0.487455
0 0.732484 0.491039 0.726115 0.498208 0.726115 0.508961 0.729299 0.512545 0.742038 0.512545 0.745223 0.508961 0.745223 0.494624 0.742038 0.491039
0 0.764331 0.494624 0.761146 0.498208 0.757962 0.498208 0.757962 0.512545 0.761146 0.516129 0.761146 0.519713 0.764331 0.523297 0.770701 0.523297 0.777070 0.516129 0.777070 0.508961 0.770701 0.501792 0.770701 0.498208 0.767516 0.498208
0 0.843949 0.498208 0.834395 0.498208 0.824841 0.505376 0.818471 0.505376 0.815287 0.508961 0.815287 0.523297 0.824841 0.530466 0.828025 0.526882 0.831210 0.526882 0.837580 0.519713 0.837580 0.516129 0.840764 0.512545 0.840764 0.505376 0.843949 0.501792
0 0.716561 0.508961 0.710191 0.501792 0.703822 0.501792 0.700637 0.505376 0.694268 0.505376 0.691083 0.508961 0.691083 0.516129 0.694268 0.519713 0.713376 0.519713 0.716561 0.516129
0 0.388535 0.505376 0.382166 0.512545 0.382166 0.516129 0.385350 0.519713 0.385350 0.523297 0.388535 0.526882 0.391720 0.526882 0.394904 0.530466 0.398089 0.530466 0.404459 0.523297 0.404459 0.516129 0.401274 0.512545 0.401274 0.508961 0.398089 0.505376
0 0.538217 0.508961 0.531847 0.516129 0.531847 0.526882 0.538217 0.534050 0.541401 0.534050 0.544586 0.537634 0.550955 0.537634 0.554140 0.534050 0.554140 0.530466 0.557325 0.526882 0.557325 0.523297 0.554140 0.519713 0.554140 0.516129 0.550955 0.512545 0.544586 0.512545 0.541401 0.508961
0 0.570064 0.516129 0.573248 0.519713 0.573248 0.526882 0.576433 0.526882 0.579618 0.530466 0.582803 0.530466 0.585987 0.526882 0.589172 0.526882 0.595541 0.519713 0.595541 0.516129 0.592357 0.512545 0.585987 0.512545 0.582803 0.508961 0.576433 0.508961
0 0.888535 0.512545 0.882166 0.519713 0.882166 0.530466 0.888535 0.537634 0.898089 0.537634 0.898089 0.534050 0.901274 0.530466 0.904459 0.530466 0.904459 0.526882 0.907643 0.523297 0.907643 0.519713 0.901274 0.512545
0 0.611465 0.516129 0.608280 0.519713 0.608280 0.523297 0.611465 0.526882 0.617834 0.526882 0.621019 0.523297 0.621019 0.519713 0.617834 0.516129
0 0.229299 0.523297 0.219745 0.523297 0.216561 0.526882 0.216561 0.534050 0.219745 0.537634 0.219745 0.541219 0.213376 0.548387 0.210191 0.548387 0.207006 0.551971 0.207006 0.559140 0.210191 0.559140 0.213376 0.555556 0.216561 0.555556 0.232484 0.537634 0.232484 0.526882
0 0.353503 0.526882 0.350318 0.530466 0.350318 0.541219 0.353503 0.544803 0.359873 0.544803 0.363057 0.541219 0.363057 0.526882
0 0.796178 0.537634 0.789809 0.544803 0.789809 0.548387 0.786624 0.551971 0.789809 0.555556 0.789809 0.559140 0.792994 0.562724 0.796178 0.562724 0.799363 0.566308 0.805732 0.566308 0.808917 0.562724 0.808917 0.551971 0.805732 0.548387 0.805732 0.544803 0.799363 0.537634
0 0.398089 0.548387 0.394904 0.544803 0.388535 0.544803 0.385350 0.541219 0.382166 0.544803 0.378981 0.544803 0.375796 0.548387 0.375796 0.559140 0.394904 0.559140 0.398089 0.555556
0 0.487261 0.551971 0.487261 0.555556 0.490446 0.559140 0.500000 0.559140 0.503185 0.562724 0.509554 0.562724 0.512739 0.566308 0.519108 0.566308 0.525478 0.559140 0.525478 0.548387 0.522293 0.544803 0.506369 0.544803 0.503185 0.548387 0.493631 0.548387 0.490446 0.551971
0 0.592357 0.548387 0.592357 0.551971 0.595541 0.555556 0.598726 0.555556 0.601911 0.559140 0.605096 0.559140 0.608280 0.555556 0.611465 0.555556 0.611465 0.548387 0.608280 0.544803 0.595541 0.544803
0 0.633758 0.544803 0.630573 0.548387 0.630573 0.559140 0.633758 0.562724 0.633758 0.566308 0.636943 0.569892 0.646497 0.569892 0.652866 0.562724 0.652866 0.559140 0.649682 0.555556 0.649682 0.548387 0.646497 0.544803
0 0.140127 0.555556 0.140127 0.562724 0.143312 0.566308 0.146497 0.566308 0.159236 0.580645 0.175159 0.580645 0.184713 0.569892 0.184713 0.562724 0.181529 0.559140 0.168790 0.559140 0.165605 0.555556 0.152866 0.555556 0.149682 0.551971 0.143312 0.551971
0 0.273885 0.551971 0.270701 0.555556 0.270701 0.562724 0.283439 0.577061 0.289809 0.577061 0.296178 0.584229 0.296178 0.580645 0.299363 0.577061 0.296178 0.573477 0.296178 0.569892 0.299363 0.566308 0.299363 0.559140 0.292994 0.551971
0 0.321656 0.559140 0.321656 0.566308 0.324841 0.569892 0.337580 0.569892 0.340764 0.566308 0.340764 0.559140 0.337580 0.555556 0.324841 0.555556
0 0.681529 0.555556 0.678344 0.559140 0.678344 0.573477 0.684713 0.580645 0.697452 0.580645 0.700637 0.577061 0.700637 0.566308 0.697452 0.562724 0.697452 0.559140 0.694268 0.555556
0 0.449045 0.562724 0.449045 0.566308 0.445860 0.569892 0.445860 0.584229 0.449045 0.587814 0.449045 0.591398 0.452229 0.591398 0.455414 0.594982 0.461783 0.594982 0.468153 0.587814 0.468153 0.577061 0.464968 0.573477 0.464968 0.569892 0.461783 0.569892 0.455414 0.562724
0 0.656051 0.562724 0.656051 0.569892 0.659236 0.573477 0.659236 0.577061 0.665605 0.577061 0.665605 0.566308 0.662420 0.562724
0 0.831210 0.562724 0.824841 0.569892 0.824841 0.587814 0.828025 0.591398 0.837580 0.591398 0.843949 0.584229 0.843949 0.577061 0.840764 0.573477 0.840764 0.566308 0.837580 0.562724
0 0.420382 0.569892 0.414013 0.569892 0.410828 0.573477 0.407643 0.573477 0.404459 0.577061 0.401274 0.577061 0.401274 0.580645 0.398089 0.584229 0.398089 0.591398 0.401274 0.594982 0.401274 0.598566 0.407643 0.598566 0.410828 0.602151 0.420382 0.591398 0.420382 0.587814 0.423567 0.584229 0.423567 0.573477
0 0.751592 0.577061 0.748408 0.573477 0.742038 0.573477 0.738854 0.577061 0.735669 0.577061 0.726115 0.587814 0.726115 0.594982 0.729299 0.598566 0.735669 0.598566 0.738854 0.594982 0.742038 0.594982 0.748408 0.587814 0.748408 0.584229 0.751592 0.580645
0 0.773885 0.580645 0.773885 0.591398 0.777070 0.594982 0.799363 0.594982 0.802548 0.591398 0.802548 0.587814 0.796178 0.580645 0.792994 0.580645 0.789809 0.577061 0.777070 0.577061
0 0.356688 0.587814 0.356688 0.594982 0.359873 0.598566 0.359873 0.602151 0.366242 0.609319 0.378981 0.609319 0.385350 0.602151 0.385350 0.594982 0.382166 0.591398 0.382166 0.587814 0.378981 0.587814 0.375796 0.584229 0.359873 0.584229
0 0.649682 0.612903 0.640127 0.602151 0.633758 0.598566 0.627389 0.602151 0.611465 0.602151 0.598726 0.612903 0.598726 0.627240 0.608280 0.641577 0.630573 0.641577 0.636943 0.637993 0.646497 0.627240 0.649682 0.620072
0 0.684713 0.602151 0.681529 0.605735 0.681529 0.612903 0.684713 0.616487 0.684713 0.620072 0.691083 0.627240 0.697452 0.627240 0.703822 0.620072 0.703822 0.609319 0.700637 0.605735 0.697452 0.605735 0.694268 0.602151
0 0.133758 0.609319 0.130573 0.612903 0.127389 0.612903 0.127389 0.630824 0.130573 0.634409 0.130573 0.637993 0.133758 0.637993 0.136943 0.634409 0.140127 0.637993 0.140127 0.641577 0.143312 0.641577 0.143312 0.630824 0.136943 0.623656 0.140127 0.620072 0.143312 0.620072 0.146497 0.623656 0.149682 0.620072 0.152866 0.620072 0.152866 0.612903 0.149682 0.609319
0 0.560510 0.627240 0.560510 0.630824 0.563694 0.634409 0.566879 0.634409 0.570064 0.637993 0.573248 0.637993 0.576433 0.634409 0.579618 0.634409 0.582803 0.630824 0.582803 0.627240 0.579618 0.623656 0.563694 0.623656
0 0.738854 0.623656 0.738854 0.627240 0.745223 0.634409 0.748408 0.634409 0.751592 0.630824 0.754777 0.630824 0.754777 0.623656
0 0.882166 0.634409 0.878981 0.637993 0.878981 0.655914 0.882166 0.659498 0.891720 0.659498 0.894904 0.655914 0.894904 0.637993 0.891720 0.634409
0 0.296178 0.637993 0.296178 0.641577 0.305732 0.652330 0.308917 0.652330 0.312102 0.655914 0.315287 0.652330 0.318471 0.655914 0.324841 0.655914 0.328025 0.659498 0.328025 0.652330 0.321656 0.645161 0.318471 0.645161 0.315287 0.641577 0.305732 0.641577 0.302548 0.637993
0 0.694268 0.648746 0.694268 0.659498 0.703822 0.670251 0.713376 0.670251 0.713376 0.652330 0.710191 0.648746 0.707006 0.648746 0.703822 0.645161 0.700637 0.645161 0.697452 0.648746
0 0.582803 0.652330 0.582803 0.655914 0.579618 0.659498 0.579618 0.663082 0.585987 0.670251 0.598726 0.670251 0.601911 0.666667 0.601911 0.652330 0.598726 0.648746 0.589172 0.648746 0.585987 0.652330
0 0.216561 0.652330 0.213376 0.655914 0.213376 0.659498 0.210191 0.663082 0.210191 0.666667 0.213376 0.670251 0.213376 0.673835 0.216561 0.677419 0.229299 0.677419 0.235669 0.670251 0.235669 0.659498 0.229299 0.652330
0 0.828025 0.659498 0.834395 0.670251 0.850318 0.670251 0.853503 0.673835 0.856688 0.673835 0.859873 0.670251 0.863057 0.670251 0.863057 0.663082 0.853503 0.652330 0.831210 0.652330 0.831210 0.655914
0 0.621019 0.663082 0.627389 0.670251 0.630573 0.670251 0.636943 0.677419 0.646497 0.677419 0.649682 0.673835 0.649682 0.666667 0.646497 0.666667 0.640127 0.659498 0.633758 0.659498 0.630573 0.655914 0.627389 0.659498 0.624204 0.659498
0 0.353503 0.673835 0.356688 0.684588 0.363057 0.684588 0.366242 0.688172 0.372611 0.681004 0.388535 0.681004 0.391720 0.684588 0.394904 0.681004 0.398089 0.681004 0.398089 0.677419 0.394904 0.673835 0.388535 0.673835 0.385350 0.670251 0.375796 0.670251 0.366242 0.663082 0.363057 0.666667 0.359873 0.666667
0 0.751592 0.673835 0.751592 0.684588 0.754777 0.688172 0.757962 0.688172 0.761146 0.691756 0.773885 0.691756 0.777070 0.688172 0.777070 0.681004 0.770701 0.673835
0 0.433121 0.684588 0.433121 0.698925 0.436306 0.702509 0.452229 0.702509 0.458599 0.695341 0.449045 0.684588 0.445860 0.684588 0.442675 0.681004 0.436306 0.681004
0 0.614650 0.681004 0.614650 0.684588 0.611465 0.688172 0.621019 0.698925 0.621019 0.702509 0.627389 0.709677 0.630573 0.706093 0.633758 0.706093 0.633758 0.688172 0.627389 0.681004
0 0.875796 0.684588 0.869427 0.684588 0.866242 0.688172 0.863057 0.688172 0.859873 0.691756 0.859873 0.706093 0.863057 0.709677 0.875796 0.709677 0.882166 0.702509 0.882166 0.698925 0.878981 0.695341 0.878981 0.688172
0 0.531847 0.691756 0.525478 0.698925 0.528662 0.702509 0.528662 0.706093 0.531847 0.706093 0.535032 0.709677 0.538217 0.709677 0.541401 0.713262 0.544586 0.713262 0.544586 0.702509 0.541401 0.698925 0.541401 0.695341 0.538217 0.695341 0.535032 0.691756
0 0.213376 0.695341 0.207006 0.695341 0.197452 0.706093 0.197452 0.720430 0.200637 0.724014 0.213376 0.724014 0.219745 0.716846 0.219745 0.702509
0 0.506369 0.702509 0.506369 0.706093 0.509554 0.709677 0.519108 0.713262 0.531847 0.727599 0.541401 0.727599 0.544586 0.716846 0.541401 0.716846 0.538217 0.713262 0.528662 0.709677 0.525478 0.706093 0.525478 0.702509 0.522293 0.702509 0.519108 0.706093 0.509554 0.698925
0 0.605096 0.706093 0.598726 0.713262 0.598726 0.724014 0.601911 0.727599 0.601911 0.731183 0.614650 0.731183 0.617834 0.727599 0.617834 0.724014 0.621019 0.720430 0.611465 0.709677 0.608280 0.709677
0 0.738854 0.709677 0.738854 0.724014 0.745223 0.731183 0.748408 0.731183 0.751592 0.734767 0.761146 0.734767 0.767516 0.727599 0.767516 0.724014 0.764331 0.720430 0.764331 0.716846 0.761146 0.713262 0.754777 0.713262 0.751592 0.709677
0 0.837580 0.713262 0.831210 0.713262 0.821656 0.724014 0.821656 0.727599 0.818471 0.731183 0.818471 0.738351 0.821656 0.741935 0.834395 0.741935 0.837580 0.738351 0.840764 0.738351 0.840764 0.734767 0.843949 0.731183 0.843949 0.720430
0 0.238854 0.720430 0.238854 0.727599 0.245223 0.734767 0.248408 0.734767 0.251592 0.738351 0.264331 0.738351 0.270701 0.731183 0.270701 0.724014 0.267516 0.720430 0.261146 0.720430 0.257962 0.716846 0.248408 0.716846 0.245223 0.720430
0 0.436306 0.720430 0.436306 0.724014 0.433121 0.727599 0.436306 0.731183 0.436306 0.734767 0.439490 0.738351 0.445860 0.738351 0.449045 0.734767 0.449045 0.724014 0.445860 0.720430
0 0.786624 0.720430 0.783439 0.724014 0.783439 0.731183 0.786624 0.734767 0.786624 0.745520 0.789809 0.749104 0.799363 0.749104 0.802548 0.745520 0.802548 0.727599 0.799363 0.724014 0.796178 0.724014 0.792994 0.720430
0 0.515924 0.727599 0.509554 0.734767 0.512739 0.738351 0.512739 0.741935 0.522293 0.741935 0.525478 0.738351 0.525478 0.734767 0.519108 0.727599
0 0.643312 0.731183 0.640127 0.734767 0.640127 0.741935 0.646497 0.749104 0.646497 0.752688 0.649682 0.752688 0.652866 0.756272 0.656051 0.752688 0.656051 0.734767 0.652866 0.731183
0 0.700637 0.734767 0.697452 0.734767 0.694268 0.731183 0.687898 0.731183 0.684713 0.734767 0.681529 0.734767 0.681529 0.738351 0.678344 0.741935 0.678344 0.745520 0.684713 0.752688 0.691083 0.752688 0.694268 0.749104 0.697452 0.749104 0.700637 0.745520
0 0.187898 0.745520 0.187898 0.749104 0.184713 0.752688 0.184713 0.756272 0.187898 0.759857 0.187898 0.770609 0.200637 0.784946 0.210191 0.788530 0.213376 0.784946 0.219745 0.784946 0.226115 0.777778 0.226115 0.770609 0.222930 0.767025 0.213376 0.763441 0.197452 0.745520
0 0.359873 0.752688 0.356688 0.752688 0.353503 0.749104 0.350318 0.749104 0.340764 0.756272 0.340764 0.767025 0.337580 0.770609 0.337580 0.774194 0.340764 0.777778 0.340764 0.781362 0.350318 0.781362 0.353503 0.777778 0.353503 0.767025 0.356688 0.763441 0.359873 0.763441 0.359873 0.759857 0.363057 0.756272
0 0.751592 0.749104 0.751592 0.756272 0.748408 0.759857 0.748408 0.767025 0.761146 0.767025 0.767516 0.759857 0.767516 0.756272 0.761146 0.749104
0 0.608280 0.756272 0.605096 0.759857 0.605096 0.763441 0.611465 0.770609 0.617834 0.770609 0.621019 0.767025 0.621019 0.763441 0.614650 0.756272
0 0.579618 0.759857 0.566879 0.759857 0.563694 0.763441 0.560510 0.763441 0.557325 0.767025 0.554140 0.767025 0.547771 0.774194 0.547771 0.781362 0.554140 0.788530 0.566879 0.788530 0.573248 0.781362 0.573248 0.774194 0.579618 0.767025
0 0.633758 0.763441 0.633758 0.781362 0.636943 0.784946 0.636943 0.788530 0.640127 0.788530 0.646497 0.781362 0.646497 0.770609 0.640127 0.763441
0 0.837580 0.770609 0.837580 0.774194 0.840764 0.777778 0.840764 0.781362 0.850318 0.792115 0.863057 0.792115 0.863057 0.788530 0.866242 0.784946 0.866242 0.777778 0.859873 0.770609 0.856688 0.770609 0.853503 0.767025 0.843949 0.767025 0.840764 0.770609
0 0.722930 0.770609 0.716561 0.777778 0.716561 0.784946 0.726115 0.795699 0.738854 0.795699 0.738854 0.781362 0.735669 0.777778 0.735669 0.774194 0.732484 0.770609
0 0.515924 0.774194 0.512739 0.777778 0.512739 0.781362 0.515924 0.784946 0.522293 0.784946 0.525478 0.781362 0.525478 0.777778 0.522293 0.774194
0 0.484076 0.781362 0.480892 0.777778 0.471338 0.777778 0.471338 0.781362 0.468153 0.784946 0.464968 0.784946 0.461783 0.788530 0.461783 0.792115 0.458599 0.795699 0.458599 0.806452 0.464968 0.806452 0.471338 0.799283 0.474522 0.799283 0.484076 0.788530
0 0.595541 0.777778 0.592357 0.781362 0.592357 0.788530 0.595541 0.792115 0.595541 0.795699 0.598726 0.795699 0.601911 0.799283 0.608280 0.799283 0.611465 0.795699 0.611465 0.781362 0.608280 0.777778
0 0.420382 0.781362 0.417197 0.781362 0.414013 0.784946 0.407643 0.784946 0.404459 0.788530 0.404459 0.799283 0.410828 0.806452 0.423567 0.806452 0.426752 0.802867 0.426752 0.788530
0 0.665605 0.788530 0.659236 0.795699 0.659236 0.806452 0.662420 0.810036 0.665605 0.810036 0.668790 0.813620 0.681529 0.813620 0.684713 0.810036 0.684713 0.802867 0.681529 0.799283 0.681529 0.795699 0.675159 0.788530
0 0.528662 0.795699 0.522293 0.795699 0.519108 0.799283 0.515924 0.799283 0.512739 0.802867 0.512739 0.820789 0.515924 0.824373 0.522293 0.824373 0.528662 0.817204 0.528662 0.813620 0.531847 0.810036 0.531847 0.799283
0 0.710191 0.802867 0.710191 0.817204 0.713376 0.817204 0.716561 0.820789 0.722930 0.813620 0.722930 0.810036 0.716561 0.802867
0 0.178344 0.810036 0.178344 0.813620 0.175159 0.817204 0.175159 0.824373 0.184713 0.835125 0.200637 0.835125 0.203822 0.831541 0.203822 0.817204 0.194268 0.806452 0.184713 0.806452 0.181529 0.810036
0 0.802548 0.813620 0.802548 0.820789 0.805732 0.820789 0.808917 0.824373 0.812102 0.820789 0.818471 0.820789 0.818471 0.810036 0.805732 0.810036
0 0.044586 0.817204 0.044586 0.820789 0.041401 0.824373 0.041401 0.831541 0.047771 0.838710 0.060510 0.838710 0.066879 0.831541 0.066879 0.820789 0.063694 0.817204 0.060510 0.817204 0.057325 0.813620 0.050955 0.813620 0.047771 0.817204
0 0.840764 0.813620 0.837580 0.817204 0.837580 0.820789 0.834395 0.824373 0.837580 0.827957 0.837580 0.831541 0.843949 0.838710 0.850318 0.838710 0.853503 0.835125 0.853503 0.831541 0.856688 0.827957 0.856688 0.820789 0.850318 0.813620
0 0.009554 0.817204 0.003185 0.824373 0.003185 0.831541 0.006369 0.835125 0.015924 0.835125 0.015924 0.831541 0.019108 0.827957 0.019108 0.824373 0.015924 0.820789 0.015924 0.817204
0 0.429936 0.817204 0.426752 0.820789 0.423567 0.820789 0.423567 0.824373 0.420382 0.827957 0.420382 0.842294 0.429936 0.853047 0.436306 0.853047 0.439490 0.849462 0.439490 0.827957 0.436306 0.824373 0.436306 0.820789 0.433121 0.817204
0 0.554140 0.820789 0.547771 0.831541 0.547771 0.842294 0.550955 0.845878 0.554140 0.856631 0.560510 0.863799 0.570064 0.863799 0.570064 0.860215 0.573248 0.856631 0.573248 0.853047 0.570064 0.849462 0.570064 0.842294 0.566879 0.838710 0.566879 0.835125
0 0.238854 0.827957 0.232484 0.827957 0.222930 0.838710 0.222930 0.842294 0.216561 0.849462 0.216561 0.856631 0.210191 0.870968 0.210191 0.881720 0.219745 0.896057 0.222930 0.896057 0.232484 0.885305 0.232484 0.863799 0.229299 0.860215 0.229299 0.845878 0.238854 0.835125
0 0.455414 0.835125 0.455414 0.838710 0.452229 0.842294 0.452229 0.860215 0.458599 0.867384 0.464968 0.867384 0.471338 0.860215 0.471338 0.849462 0.468153 0.845878 0.468153 0.842294 0.461783 0.835125
0 0.611465 0.842294 0.608280 0.845878 0.608280 0.860215 0.614650 0.867384 0.617834 0.867384 0.621019 0.870968 0.627389 0.870968 0.630573 0.867384 0.630573 0.863799 0.627389 0.860215 0.627389 0.856631 0.624204 0.853047 0.624204 0.849462 0.617834 0.842294
0 0.366242 0.856631 0.363057 0.860215 0.366242 0.863799 0.366242 0.867384 0.378981 0.881720 0.385350 0.881720 0.385350 0.874552 0.372611 0.860215 0.369427 0.860215
0 0.726115 0.856631 0.722930 0.860215 0.716561 0.860215 0.710191 0.867384 0.697452 0.867384 0.691083 0.874552 0.694268 0.885305 0.703822 0.896057 0.713376 0.896057 0.719745 0.888889 0.719745 0.878136 0.726115 0.870968 0.726115 0.863799 0.729299 0.860215
0 0.882166 0.874552 0.875796 0.881720 0.875796 0.892473 0.878981 0.896057 0.888535 0.896057 0.891720 0.892473 0.891720 0.878136 0.888535 0.878136 0.885350 0.874552
0 0.808917 0.881720 0.808917 0.892473 0.812102 0.896057 0.812102 0.899642 0.824841 0.899642 0.828025 0.896057 0.828025 0.892473 0.831210 0.888889 0.831210 0.878136 0.815287 0.878136 0.812102 0.881720
0 0.608280 0.881720 0.608280 0.892473 0.617834 0.892473 0.621019 0.888889 0.621019 0.885305 0.617834 0.881720
0 0.280255 0.888889 0.280255 0.892473 0.283439 0.896057 0.296178 0.896057 0.296178 0.892473 0.289809 0.885305 0.283439 0.885305
0 0.850318 0.888889 0.847134 0.892473 0.847134 0.896057 0.850318 0.899642 0.850318 0.903226 0.856688 0.910394 0.859873 0.910394 0.863057 0.913978 0.869427 0.913978 0.872611 0.910394 0.872611 0.906810 0.869427 0.903226 0.869427 0.896057 0.863057 0.888889
0 0.671975 0.899642 0.671975 0.903226 0.675159 0.906810 0.675159 0.910394 0.678344 0.910394 0.681529 0.913978 0.684713 0.913978 0.687898 0.910394 0.691083 0.910394 0.691083 0.906810 0.694268 0.903226 0.691083 0.899642 0.691083 0.892473 0.678344 0.892473
0 0.474522 0.896057 0.468153 0.896057 0.461783 0.903226 0.461783 0.913978 0.464968 0.917563 0.471338 0.917563 0.477707 0.910394 0.477707 0.899642
0 0.757962 0.910394 0.757962 0.917563 0.761146 0.921147 0.773885 0.921147 0.777070 0.917563 0.780255 0.917563 0.780255 0.903226 0.777070 0.899642 0.767516 0.899642 0.764331 0.903226 0.761146 0.903226 0.761146 0.906810
0 0.238854 0.906810 0.238854 0.917563 0.242038 0.921147 0.251592 0.921147 0.254777 0.917563 0.267516 0.917563 0.257962 0.906810
0 0.535032 0.906810 0.528662 0.913978 0.528662 0.917563 0.531847 0.921147 0.531847 0.924731 0.535032 0.928315 0.544586 0.928315 0.547771 0.924731 0.547771 0.917563 0.544586 0.913978 0.544586 0.910394 0.541401 0.910394 0.538217 0.906810
0 0.605096 0.917563 0.605096 0.921147 0.601911 0.924731 0.601911 0.931900 0.608280 0.939068 0.621019 0.939068 0.624204 0.935484 0.624204 0.924731 0.621019 0.921147 0.617834 0.921147 0.614650 0.917563
0 0.566879 0.924731 0.560510 0.924731 0.557325 0.928315 0.557325 0.931900 0.554140 0.935484 0.554140 0.942652 0.557325 0.946237 0.563694 0.946237 0.566879 0.942652 0.570064 0.942652 0.573248 0.939068 0.573248 0.931900
0 0.812102 0.935484 0.805732 0.942652 0.805732 0.946237 0.802548 0.949821 0.802548 0.956989 0.805732 0.960573 0.805732 0.964158 0.808917 0.967742 0.818471 0.967742 0.821656 0.964158 0.821656 0.939068 0.818471 0.939068 0.815287 0.935484
0 0.837580 0.935484 0.831210 0.942652 0.831210 0.953405 0.837580 0.960573 0.847134 0.960573 0.850318 0.956989 0.850318 0.942652 0.847134 0.939068 0.843949 0.939068 0.840764 0.935484
