0 0.158730 0.111111 0.155556 0.114695 0.152381 0.114695 0.152381 0.118280 0.149206 0.121864 0.149206 0.136201 0.152381 0.139785 0.152381 0.143369 0.158730 0.150538 0.168254 0.150538 0.174603 0.143369 0.174603 0.118280 0.171429 0.118280 0.168254 0.114695
0 0.425397 0.114695 0.419048 0.114695 0.412698 0.118280 0.406349 0.125448 0.403175 0.125448 0.396825 0.136201 0.396825 0.157706 0.406349 0.172043 0.412698 0.172043 0.422222 0.161290 0.425397 0.150538 0.431746 0.143369 0.431746 0.118280
0 0.850794 0.114695 0.844444 0.121864 0.844444 0.125448 0.841270 0.129032 0.841270 0.143369 0.844444 0.146953 0.863492 0.146953 0.866667 0.143369 0.869841 0.143369 0.873016 0.139785 0.873016 0.129032 0.863492 0.118280 0.857143 0.118280 0.853968 0.114695
0 0.355556 0.118280 0.352381 0.118280 0.342857 0.129032 0.342857 0.132616 0.339683 0.136201 0.339683 0.139785 0.336508 0.143369 0.339683 0.146953 0.346032 0.146953 0.346032 0.139785 0.349206 0.136201 0.349206 0.132616 0.355556 0.125448
0 0.774603 0.121864 0.768254 0.129032 0.768254 0.132616 0.771429 0.136201 0.771429 0.139785 0.774603 0.143369 0.774603 0.146953 0.780952 0.146953 0.784127 0.143369 0.784127 0.139785 0.780952 0.136201 0.780952 0.121864
0 0.726984 0.125448 0.723810 0.129032 0.720635 0.129032 0.711111 0.139785 0.711111 0.168459 0.714286 0.172043 0.730159 0.172043 0.733333 0.168459 0.736508 0.168459 0.742857 0.161290 0.742857 0.139785 0.733333 0.129032 0.730159 0.129032
0 0.507937 0.146953 0.498413 0.150538 0.488889 0.161290 0.488889 0.164875 0.485714 0.168459 0.485714 0.186380 0.495238 0.200717 0.504762 0.200717 0.511111 0.193548 0.511111 0.186380 0.514286 0.182796 0.514286 0.154122
0 0.330159 0.154122 0.314286 0.154122 0.311111 0.157706 0.311111 0.186380 0.307937 0.189964 0.307937 0.218638 0.311111 0.222222 0.320635 0.222222 0.326984 0.211470 0.326984 0.197133 0.333333 0.186380 0.333333 0.175627 0.336508 0.172043 0.336508 0.164875
0 0.149206 0.179211 0.142857 0.186380 0.142857 0.197133 0.146032 0.200717 0.146032 0.204301 0.152381 0.211470 0.158730 0.211470 0.161905 0.215054 0.165079 0.211470 0.168254 0.211470 0.171429 0.207885 0.171429 0.193548 0.168254 0.189964 0.168254 0.186380 0.161905 0.179211
0 0.396825 0.207885 0.390476 0.207885 0.380952 0.222222 0.380952 0.225806 0.377778 0.229391 0.377778 0.236559 0.374603 0.240143 0.374603 0.247312 0.371429 0.250896 0.371429 0.265233 0.380952 0.265233 0.384127 0.261649 0.387302 0.265233 0.396825 0.254480 0.396825 0.247312 0.400000 0.243728 0.400000 0.211470
0 0.819048 0.211470 0.815873 0.222222 0.825397 0.229391 0.828571 0.240143 0.834921 0.247312 0.841270 0.247312 0.847619 0.240143 0.847619 0.236559 0.844444 0.232975 0.844444 0.225806 0.831746 0.211470
0 0.120635 0.225806 0.120635 0.229391 0.123810 0.232975 0.123810 0.236559 0.136508 0.250896 0.149206 0.250896 0.152381 0.247312 0.152381 0.240143 0.139683 0.225806 0.136508 0.225806 0.133333 0.222222 0.123810 0.222222
0 0.993651 0.250896 0.990476 0.250896 0.987302 0.254480 0.984127 0.254480 0.984127 0.258065 0.977778 0.265233 0.977778 0.272401 0.974603 0.275986 0.977778 0.279570 0.977778 0.283154 0.984127 0.290323 0.993651 0.290323 0.993651 0.283154 0.996825 0.279570 0.996825 0.258065 0.993651 0.254480
0 0.400000 0.254480 0.384127 0.272401 0.384127 0.279570 0.377778 0.290323 0.377778 0.297491 0.374603 0.301075 0.374603 0.315412 0.377778 0.318996 0.380952 0.315412 0.387302 0.315412 0.400000 0.308244 0.400000 0.304659 0.406349 0.297491 0.406349 0.286738 0.409524 0.283154 0.409524 0.261649
0 0.923810 0.265233 0.917460 0.272401 0.926984 0.283154 0.930159 0.283154 0.933333 0.286738 0.933333 0.290323 0.939683 0.297491 0.942857 0.308244 0.949206 0.315412 0.952381 0.315412 0.958730 0.304659 0.955556 0.301075 0.952381 0.283154 0.939683 0.268817 0.936508 0.268817 0.933333 0.265233
0 0.234921 0.293907 0.222222 0.290323 0.193651 0.311828 0.158730 0.347670 0.152381 0.365591 0.168254 0.372760 0.187302 0.362007 0.209524 0.333333 0.219048 0.329749 0.231746 0.315412
0 0.971429 0.304659 0.968254 0.308244 0.968254 0.322581 0.980952 0.336918 0.987302 0.336918 0.990476 0.333333 0.993651 0.333333 0.993651 0.311828 0.990476 0.308244 0.980952 0.308244 0.977778 0.304659
0 0.860317 0.308244 0.850794 0.308244 0.847619 0.311828 0.841270 0.311828 0.834921 0.318996 0.831746 0.318996 0.831746 0.322581 0.828571 0.326165 0.828571 0.333333 0.834921 0.344086 0.838095 0.344086 0.841270 0.340502 0.850794 0.336918 0.860317 0.326165 0.860317 0.322581 0.863492 0.318996 0.863492 0.311828
0 0.917460 0.311828 0.911111 0.311828 0.907937 0.315412 0.904762 0.315412 0.888889 0.336918 0.888889 0.362007 0.892063 0.365591 0.901587 0.365591 0.911111 0.354839 0.911111 0.351254 0.920635 0.333333 0.920635 0.326165 0.923810 0.322581
0 0.336508 0.329749 0.333333 0.329749 0.326984 0.336918 0.323810 0.336918 0.323810 0.340502 0.320635 0.344086 0.320635 0.362007 0.326984 0.369176 0.330159 0.369176 0.333333 0.372760 0.336508 0.369176 0.339683 0.369176 0.346032 0.362007 0.346032 0.358423 0.349206 0.354839 0.349206 0.344086 0.346032 0.340502 0.346032 0.336918
0 0.466667 0.333333 0.457143 0.333333 0.450794 0.340502 0.450794 0.344086 0.447619 0.347670 0.447619 0.362007 0.450794 0.365591 0.450794 0.369176 0.460317 0.369176 0.463492 0.365591 0.466667 0.365591 0.466667 0.362007 0.469841 0.358423 0.469841 0.336918
0 0.720635 0.333333 0.717460 0.333333 0.714286 0.336918 0.711111 0.336918 0.704762 0.344086 0.704762 0.365591 0.707937 0.365591 0.714286 0.358423 0.717460 0.358423 0.717460 0.354839 0.720635 0.351254 0.720635 0.347670 0.723810 0.344086 0.723810 0.336918
0 0.993651 0.351254 0.990476 0.351254 0.987302 0.347670 0.984127 0.351254 0.977778 0.351254 0.974603 0.354839 0.974603 0.358423 0.971429 0.362007 0.971429 0.379928 0.974603 0.383513 0.990476 0.383513 0.993651 0.379928
0 0.393651 0.401434 0.390476 0.397849 0.387302 0.401434 0.380952 0.401434 0.380952 0.405018 0.377778 0.408602 0.377778 0.415771 0.387302 0.415771 0.390476 0.412186 0.390476 0.405018
0 0.790476 0.401434 0.790476 0.405018 0.787302 0.408602 0.787302 0.419355 0.790476 0.422939 0.790476 0.430108 0.793651 0.433692 0.800000 0.433692 0.806349 0.426523 0.806349 0.419355 0.809524 0.415771 0.809524 0.412186 0.806349 0.408602 0.806349 0.405018 0.803175 0.405018 0.800000 0.401434
0 0.698413 0.405018 0.695238 0.405018 0.682540 0.419355 0.682540 0.422939 0.679365 0.426523 0.679365 0.433692 0.676190 0.437276 0.682540 0.448029 0.692063 0.444444 0.695238 0.433692 0.701587 0.426523 0.701587 0.408602
0 0.987302 0.405018 0.987302 0.419355 0.993651 0.426523 0.993651 0.422939 0.996825 0.419355 0.996825 0.415771 0.993651 0.412186 0.993651 0.405018
0 0.425397 0.408602 0.419048 0.415771 0.419048 0.419355 0.415873 0.422939 0.415873 0.433692 0.425397 0.433692 0.425397 0.430108 0.428571 0.426523 0.428571 0.412186
0 0.507937 0.412186 0.501587 0.419355 0.501587 0.422939 0.498413 0.426523 0.498413 0.430108 0.504762 0.440860 0.507937 0.440860 0.511111 0.444444 0.520635 0.444444 0.526984 0.433692 0.526984 0.419355 0.520635 0.412186
0 0.393651 0.437276 0.390476 0.440860 0.390476 0.469534 0.393651 0.473118 0.393651 0.476703 0.403175 0.476703 0.409524 0.469534 0.409524 0.455197 0.406349 0.451613 0.406349 0.444444 0.403175 0.440860 0.403175 0.437276
0 0.565079 0.444444 0.552381 0.462366 0.558730 0.483871 0.565079 0.491039 0.577778 0.494624 0.580952 0.498208 0.584127 0.494624 0.593651 0.494624 0.603175 0.480287 0.600000 0.465950 0.587302 0.455197
0 0.663492 0.451613 0.660317 0.451613 0.657143 0.455197 0.653968 0.455197 0.638095 0.473118 0.638095 0.480287 0.641270 0.483871 0.650794 0.483871 0.663492 0.469534 0.663492 0.465950 0.666667 0.462366 0.666667 0.455197
0 0.530159 0.455197 0.526984 0.458781 0.526984 0.469534 0.530159 0.473118 0.542857 0.473118 0.542857 0.462366 0.546032 0.458781 0.542857 0.455197
0 0.139683 0.465950 0.136508 0.465950 0.123810 0.480287 0.123810 0.498208 0.133333 0.498208 0.136508 0.494624 0.139683 0.494624 0.146032 0.487455 0.146032 0.473118
0 0.695238 0.469534 0.688889 0.476703 0.688889 0.487455 0.698413 0.498208 0.707937 0.498208 0.717460 0.487455 0.717460 0.480287 0.711111 0.469534
0 0.358730 0.498208 0.352381 0.498208 0.346032 0.505376 0.346032 0.519713 0.349206 0.523297 0.355556 0.523297 0.358730 0.519713 0.358730 0.516129 0.361905 0.512545 0.361905 0.501792
0 0.507937 0.516129 0.507937 0.534050 0.523810 0.548387 0.549206 0.551971 0.555556 0.548387 0.568254 0.530466 0.568254 0.516129 0.561905 0.508961 0.555556 0.508961 0.552381 0.505376 0.533333 0.505376 0.526984 0.501792 0.523810 0.505376 0.517460 0.505376
0 0.990476 0.508961 0.987302 0.508961 0.980952 0.516129 0.980952 0.519713 0.977778 0.523297 0.977778 0.534050 0.974603 0.537634 0.974603 0.551971 0.977778 0.555556 0.980952 0.555556 0.980952 0.551971 0.984127 0.548387 0.984127 0.537634 0.990476 0.526882
0 0.403175 0.519713 0.400000 0.519713 0.384127 0.537634 0.384127 0.548387 0.387302 0.551971 0.390476 0.551971 0.393651 0.555556 0.403175 0.544803 0.403175 0.537634 0.406349 0.534050 0.406349 0.523297
0 0.831746 0.555556 0.825397 0.562724 0.825397 0.587814 0.834921 0.598566 0.838095 0.594982 0.834921 0.591398 0.834921 0.559140
0 0.552381 0.559140 0.542857 0.559140 0.523810 0.569892 0.523810 0.573477 0.514286 0.584229 0.514286 0.605735 0.520635 0.612903 0.533333 0.612903 0.546032 0.594982 0.555556 0.594982 0.565079 0.587814 0.565079 0.573477
0 0.396825 0.566308 0.393651 0.566308 0.390476 0.569892 0.387302 0.569892 0.387302 0.584229 0.390476 0.584229 0.393651 0.587814 0.396825 0.584229 0.400000 0.584229 0.400000 0.569892
0 0.304762 0.573477 0.298413 0.573477 0.298413 0.577061 0.295238 0.580645 0.295238 0.584229 0.292063 0.587814 0.292063 0.591398 0.288889 0.594982 0.288889 0.609319 0.298413 0.598566 0.298413 0.594982 0.304762 0.587814
0 0.409524 0.594982 0.409524 0.605735 0.412698 0.609319 0.422222 0.609319 0.431746 0.620072 0.444444 0.620072 0.447619 0.616487 0.450794 0.616487 0.450794 0.612903 0.453968 0.609319 0.453968 0.594982 0.444444 0.584229 0.419048 0.584229
0 0.206349 0.591398 0.200000 0.591398 0.196825 0.594982 0.196825 0.598566 0.190476 0.605735 0.190476 0.609319 0.184127 0.616487 0.184127 0.627240 0.187302 0.630824 0.196825 0.630824 0.206349 0.623656 0.206349 0.620072 0.209524 0.616487 0.209524 0.609319 0.206349 0.605735 0.209524 0.602151 0.209524 0.598566 0.206349 0.594982
0 0.146032 0.594982 0.139683 0.594982 0.136508 0.598566 0.136508 0.602151 0.133333 0.605735 0.139683 0.612903 0.142857 0.612903 0.149206 0.605735 0.149206 0.598566
0 0.987302 0.602151 0.984127 0.605735 0.984127 0.612903 0.980952 0.616487 0.980952 0.630824 0.984127 0.634409 0.984127 0.637993 0.990476 0.645161 0.993651 0.645161 0.996825 0.641577 0.996825 0.605735 0.993651 0.602151
0 0.669841 0.605735 0.663492 0.616487 0.663492 0.623656 0.660317 0.627240 0.660317 0.630824 0.666667 0.641577 0.669841 0.641577 0.673016 0.645161 0.679365 0.645161 0.685714 0.637993 0.685714 0.634409 0.688889 0.630824 0.688889 0.620072 0.685714 0.616487 0.685714 0.609319 0.682540 0.609319 0.679365 0.605735
0 0.707937 0.616487 0.701587 0.623656 0.701587 0.627240 0.698413 0.630824 0.698413 0.637993 0.704762 0.645161 0.711111 0.645161 0.714286 0.648746 0.720635 0.648746 0.723810 0.645161 0.723810 0.634409 0.720635 0.630824 0.720635 0.623656 0.714286 0.616487
0 0.130159 0.627240 0.126984 0.630824 0.126984 0.652330 0.130159 0.655914 0.130159 0.673835 0.155556 0.673835 0.158730 0.663082 0.155556 0.659498 0.155556 0.652330 0.152381 0.648746 0.152381 0.645161 0.139683 0.627240
0 0.422222 0.627240 0.409524 0.627240 0.406349 0.630824 0.406349 0.637993 0.403175 0.641577 0.403175 0.648746 0.406349 0.652330 0.406349 0.659498 0.412698 0.666667 0.422222 0.663082 0.428571 0.652330 0.428571 0.637993
0 0.298413 0.637993 0.292063 0.645161 0.292063 0.648746 0.288889 0.652330 0.288889 0.663082 0.292063 0.666667 0.292063 0.670251 0.298413 0.677419 0.301587 0.677419 0.304762 0.681004 0.314286 0.673835 0.314286 0.652330 0.311111 0.648746 0.307937 0.637993
0 0.326984 0.645161 0.317460 0.655914 0.317460 0.670251 0.320635 0.670251 0.330159 0.677419 0.336508 0.677419 0.339683 0.673835 0.339683 0.648746 0.336508 0.645161
0 0.282540 0.684588 0.273016 0.688172 0.273016 0.698925 0.260317 0.713262 0.250794 0.734767 0.250794 0.770609 0.257143 0.777778 0.266667 0.777778 0.279365 0.763441 0.282540 0.752688 0.282540 0.713262 0.279365 0.709677
0 0.298413 0.695341 0.298413 0.702509 0.301587 0.706093 0.304762 0.706093 0.314286 0.713262 0.323810 0.713262 0.326984 0.709677 0.330159 0.709677 0.336508 0.702509 0.330159 0.691756 0.317460 0.691756 0.314286 0.688172 0.307937 0.688172
0 0.463492 0.695341 0.463492 0.727599 0.466667 0.731183 0.466667 0.734767 0.469841 0.738351 0.473016 0.738351 0.485714 0.724014 0.488889 0.724014 0.492063 0.720430 0.492063 0.709677 0.482540 0.698925 0.479365 0.698925 0.476190 0.695341
0 0.361905 0.702509 0.358730 0.706093 0.358730 0.724014 0.371429 0.738351 0.374603 0.738351 0.377778 0.734767 0.377778 0.713262 0.374603 0.709677 0.374603 0.706093 0.371429 0.702509
0 0.666667 0.706093 0.663492 0.709677 0.663492 0.727599 0.666667 0.731183 0.666667 0.734767 0.673016 0.741935 0.679365 0.741935 0.685714 0.734767 0.685714 0.720430 0.682540 0.716846 0.682540 0.713262 0.676190 0.706093
0 0.733333 0.720430 0.730159 0.724014 0.730159 0.741935 0.733333 0.745520 0.736508 0.745520 0.736508 0.741935 0.739683 0.738351 0.739683 0.724014 0.736508 0.720430
0 0.901587 0.724014 0.895238 0.724014 0.882540 0.738351 0.882540 0.745520 0.866667 0.777778 0.866667 0.788530 0.873016 0.788530 0.876190 0.774194 0.895238 0.752688 0.898413 0.752688 0.904762 0.745520 0.904762 0.727599
0 0.133333 0.731183 0.126984 0.731183 0.120635 0.738351 0.120635 0.745520 0.117460 0.749104 0.117460 0.759857 0.120635 0.763441 0.120635 0.767025 0.130159 0.767025 0.136508 0.759857 0.136508 0.756272 0.139683 0.752688 0.139683 0.738351
0 0.834921 0.745520 0.831746 0.749104 0.831746 0.752688 0.828571 0.756272 0.828571 0.763441 0.831746 0.767025 0.831746 0.770609 0.841270 0.770609 0.853968 0.756272 0.853968 0.752688 0.850794 0.749104 0.847619 0.749104 0.844444 0.745520
0 0.809524 0.752688 0.806349 0.752688 0.803175 0.756272 0.800000 0.756272 0.793651 0.763441 0.793651 0.774194 0.800000 0.781362 0.812698 0.781362 0.815873 0.777778 0.815873 0.763441 0.812698 0.759857 0.812698 0.756272
0 0.920635 0.756272 0.920635 0.759857 0.914286 0.767025 0.914286 0.777778 0.911111 0.781362 0.914286 0.784946 0.914286 0.788530 0.920635 0.795699 0.933333 0.795699 0.936508 0.792115 0.936508 0.774194 0.933333 0.770609 0.933333 0.767025 0.926984 0.759857 0.926984 0.756272
0 0.673016 0.767025 0.669841 0.767025 0.666667 0.770609 0.663492 0.770609 0.660317 0.767025 0.653968 0.767025 0.650794 0.770609 0.650794 0.774194 0.647619 0.777778 0.647619 0.799283 0.653968 0.806452 0.663492 0.806452 0.673016 0.799283 0.673016 0.795699 0.676190 0.792115 0.676190 0.770609
0 0.993651 0.770609 0.987302 0.781362 0.987302 0.806452 0.993651 0.813620 0.993651 0.817204 0.996825 0.817204 0.996825 0.774194
0 0.619048 0.777778 0.612698 0.788530 0.612698 0.802867 0.622222 0.813620 0.628571 0.813620 0.631746 0.810036 0.634921 0.810036 0.634921 0.806452 0.638095 0.802867 0.638095 0.788530 0.631746 0.777778
0 0.695238 0.799283 0.685714 0.802867 0.679365 0.813620 0.679365 0.831541 0.676190 0.835125 0.679365 0.856631 0.685714 0.870968 0.695238 0.881720 0.711111 0.885305 0.717460 0.881720 0.730159 0.863799 0.726984 0.835125 0.720635 0.817204 0.707937 0.802867
0 0.965079 0.799283 0.961905 0.802867 0.961905 0.820789 0.971429 0.831541 0.974603 0.831541 0.977778 0.835125 0.977778 0.831541 0.980952 0.827957 0.980952 0.824373 0.977778 0.820789 0.977778 0.806452 0.971429 0.799283
0 0.939683 0.806452 0.936508 0.810036 0.936508 0.813620 0.939683 0.817204 0.939683 0.820789 0.942857 0.824373 0.942857 0.827957 0.946032 0.831541 0.949206 0.831541 0.952381 0.835125 0.955556 0.831541 0.955556 0.820789 0.952381 0.817204 0.952381 0.813620 0.949206 0.810036 0.946032 0.810036 0.942857 0.806452
0 0.860317 0.810036 0.853968 0.810036 0.844444 0.820789 0.844444 0.824373 0.841270 0.827957 0.850794 0.838710 0.853968 0.838710 0.857143 0.842294 0.860317 0.838710 0.863492 0.838710 0.863492 0.835125 0.869841 0.827957 0.869841 0.824373 0.866667 0.820789 0.866667 0.817204
0 0.257143 0.820789 0.257143 0.824373 0.253968 0.827957 0.253968 0.835125 0.257143 0.838710 0.257143 0.845878 0.266667 0.856631 0.269841 0.856631 0.276190 0.849462 0.276190 0.831541 0.269841 0.820789
0 0.647619 0.827957 0.647619 0.831541 0.650794 0.835125 0.650794 0.842294 0.657143 0.842294 0.660317 0.838710 0.663492 0.838710 0.663492 0.827957 0.660317 0.827957 0.657143 0.824373 0.650794 0.824373
0 0.600000 0.860215 0.596825 0.863799 0.596825 0.888889 0.603175 0.899642 0.612698 0.899642 0.619048 0.888889 0.619048 0.878136 0.615873 0.874552 0.615873 0.870968 0.609524 0.863799 0.606349 0.863799 0.603175 0.860215
0 0.984127 0.860215 0.980952 0.863799 0.977778 0.863799 0.977778 0.888889 0.987302 0.899642 0.993651 0.899642 0.996825 0.896057 0.996825 0.881720 0.993651 0.878136 0.993651 0.863799 0.990476 0.860215
0 0.196825 0.881720 0.190476 0.881720 0.187302 0.885305 0.184127 0.896057 0.177778 0.903226 0.177778 0.906810 0.174603 0.910394 0.174603 0.917563 0.184127 0.924731 0.196825 0.924731 0.200000 0.921147 0.203175 0.921147 0.203175 0.917563 0.206349 0.913978 0.206349 0.896057 0.203175 0.892473 0.203175 0.888889
0 0.796825 0.888889 0.796825 0.899642 0.803175 0.910394 0.803175 0.917563 0.806349 0.921147 0.806349 0.924731 0.809524 0.928315 0.819048 0.931900 0.822222 0.928315 0.822222 0.913978 0.806349 0.896057 0.806349 0.892473 0.803175 0.888889
0 0.603175 0.917563 0.590476 0.924731 0.580952 0.935484 0.577778 0.949821 0.580952 0.953405 0.580952 0.964158 0.593651 0.978495 0.600000 0.982079 0.615873 0.982079 0.622222 0.971326 0.622222 0.939068 0.619048 0.935484 0.615873 0.921147
0 0.952381 0.917563 0.942857 0.917563 0.942857 0.924731 0.939683 0.928315 0.939683 0.942652 0.942857 0.946237 0.942857 0.953405 0.946032 0.956989 0.949206 0.953405 0.952381 0.953405 0.961905 0.942652 0.961905 0.931900 0.958730 0.928315 0.958730 0.924731
0 0.336508 0.921147 0.333333 0.924731 0.333333 0.928315 0.330159 0.931900 0.330159 0.935484 0.333333 0.939068 0.333333 0.946237 0.346032 0.946237 0.349206 0.942652 0.349206 0.931900 0.346032 0.928315 0.346032 0.924731 0.342857 0.921147
0 0.295238 0.928315 0.288889 0.935484 0.288889 0.942652 0.295238 0.949821 0.307937 0.949821 0.311111 0.946237 0.311111 0.935484 0.307937 0.931900 0.304762 0.931900 0.301587 0.928315
0 0.850794 0.931900 0.850794 0.946237 0.853968 0.949821 0.853968 0.956989 0.860317 0.964158 0.863492 0.964158 0.866667 0.967742 0.873016 0.967742 0.879365 0.956989 0.876190 0.953405 0.876190 0.942652 0.873016 0.939068 0.873016 0.935484 0.869841 0.931900
0 0.876190 0.935484 0.876190 0.939068 0.879365 0.942652 0.879365 0.953405 0.892063 0.953405 0.895238 0.956989 0.901587 0.956989 0.911111 0.949821 0.911111 0.942652 0.901587 0.931900 0.882540 0.931900 0.879365 0.935484
0 0.422222 0.953405 0.422222 0.982079 0.419048 0.985663 0.419048 0.989247 0.428571 0.996416 0.431746 0.992832 0.434921 0.992832 0.434921 0.982079 0.431746 0.985663 0.425397 0.978495 0.428571 0.974910 0.428571 0.971326 0.425397 0.967742 0.425397 0.953405
0 0.203175 0.964158 0.196825 0.964158 0.193651 0.967742 0.190476 0.967742 0.187302 0.971326 0.187302 0.974910 0.184127 0.978495 0.184127 0.985663 0.190476 0.992832 0.203175 0.992832 0.206349 0.989247 0.209524 0.989247 0.209524 0.971326
0 0.304762 0.971326 0.304762 0.974910 0.301587 0.978495 0.301587 0.982079 0.304762 0.985663 0.304762 0.989247 0.307937 0.992832 0.311111 0.992832 0.314286 0.996416 0.323810 0.996416 0.326984 0.992832 0.326984 0.989247 0.323810 0.985663 0.323810 0.982079 0.314286 0.971326
0 0.358730 0.989247 0.349206 0.978495 0.342857 0.985663 0.342857 0.996416 0.352381 0.996416 0.355556 0.992832 0.358730 0.992832
0 0.819048 0.985663 0.819048 0.989247 0.825397 0.996416 0.828571 0.992832 0.866667 0.992832 0.860317 0.985663 0.844444 0.985663 0.841270 0.982079 0.831746 0.985663 0.825397 0.978495 0.822222 0.978495 0.822222 0.982079
