0 0.126984 0.003597 0.126984 0.010791 0.133333 0.017986 0.136508 0.017986 0.139683 0.021583 0.146032 0.021583 0.152381 0.014388 0.152381 0.007194 0.149206 0.003597 0.146032 0.003597 0.142857 0.000000 0.130159 0.000000
0 0.565079 0.025180 0.565079 0.032374 0.568254 0.035971 0.571429 0.046763 0.577778 0.053957 0.584127 0.053957 0.587302 0.050360 0.590476 0.050360 0.590476 0.046763 0.593651 0.043165 0.603175 0.043165 0.603175 0.032374 0.600000 0.032374 0.593651 0.025180 0.590476 0.025180 0.587302 0.021583 0.580952 0.021583 0.577778 0.017986 0.571429 0.017986
0 0.206349 0.035971 0.196825 0.046763 0.196825 0.053957 0.193651 0.057554 0.193651 0.068345 0.200000 0.075540 0.209524 0.075540 0.209524 0.043165 0.206349 0.039568
0 0.273016 0.050360 0.266667 0.050360 0.263492 0.053957 0.263492 0.061151 0.253968 0.071942 0.253968 0.075540 0.250794 0.079137 0.250794 0.086331 0.253968 0.089928 0.260317 0.089928 0.266667 0.082734 0.266667 0.079137 0.273016 0.068345
0 0.828571 0.050360 0.825397 0.053957 0.825397 0.061151 0.828571 0.064748 0.834921 0.064748 0.838095 0.061151 0.838095 0.057554 0.834921 0.053957 0.831746 0.053957
0 0.993651 0.053957 0.993651 0.057554 0.990476 0.061151 0.987302 0.061151 0.987302 0.068345 0.984127 0.071942 0.984127 0.075540 0.990476 0.082734 0.993651 0.079137
0 0.412698 0.068345 0.412698 0.079137 0.415873 0.082734 0.419048 0.093525 0.422222 0.093525 0.425397 0.097122 0.431746 0.097122 0.434921 0.093525 0.438095 0.093525 0.444444 0.086331 0.444444 0.082734 0.447619 0.079137 0.447619 0.075540 0.441270 0.068345 0.434921 0.068345 0.431746 0.064748 0.415873 0.064748
0 0.514286 0.068345 0.504762 0.079137 0.504762 0.086331 0.507937 0.089928 0.507937 0.097122 0.511111 0.100719 0.526984 0.100719 0.533333 0.093525 0.533333 0.089928 0.536508 0.086331 0.536508 0.082734 0.533333 0.079137 0.533333 0.075540 0.526984 0.068345
0 0.365079 0.082734 0.365079 0.086331 0.361905 0.089928 0.361905 0.100719 0.368254 0.107914 0.380952 0.107914 0.384127 0.104317 0.390476 0.104317 0.390476 0.089928 0.387302 0.086331 0.384127 0.086331 0.377778 0.079137 0.371429 0.079137 0.368254 0.082734
0 0.469841 0.082734 0.463492 0.082734 0.463492 0.093525 0.460317 0.097122 0.457143 0.097122 0.457143 0.107914 0.460317 0.111511 0.466667 0.111511 0.469841 0.107914 0.469841 0.093525 0.473016 0.089928 0.469841 0.086331
0 0.580952 0.089928 0.580952 0.107914 0.584127 0.111511 0.584127 0.115108 0.587302 0.115108 0.603175 0.125899 0.609524 0.125899 0.615873 0.118705 0.615873 0.115108 0.619048 0.111511 0.619048 0.097122 0.609524 0.086331 0.600000 0.086331 0.596825 0.082734 0.593651 0.086331 0.587302 0.086331 0.584127 0.089928
0 0.139683 0.086331 0.133333 0.086331 0.126984 0.093525 0.123810 0.107914 0.098413 0.133094 0.101587 0.143885 0.120635 0.129496 0.123810 0.133094 0.120635 0.136691 0.120635 0.147482 0.123810 0.147482 0.126984 0.143885 0.133333 0.143885 0.146032 0.129496 0.149206 0.118705 0.146032 0.115108 0.146032 0.104317
0 0.234921 0.093525 0.225397 0.100719 0.225397 0.104317 0.228571 0.107914 0.228571 0.133094 0.238095 0.140288 0.247619 0.140288 0.257143 0.129496 0.260317 0.118705 0.257143 0.115108 0.257143 0.107914 0.244444 0.093525
0 0.857143 0.111511 0.857143 0.122302 0.869841 0.136691 0.888889 0.136691 0.895238 0.133094 0.904762 0.122302 0.907937 0.115108 0.907937 0.107914 0.904762 0.100719 0.898413 0.097122 0.876190 0.097122 0.863492 0.104317
0 0.530159 0.118705 0.517460 0.118705 0.504762 0.133094 0.504762 0.147482 0.511111 0.158273 0.520635 0.158273 0.523810 0.154676 0.533333 0.151079 0.539683 0.143885 0.539683 0.129496
0 0.787302 0.118705 0.784127 0.122302 0.784127 0.143885 0.787302 0.147482 0.787302 0.151079 0.790476 0.151079 0.793651 0.154676 0.800000 0.154676 0.803175 0.151079 0.806349 0.151079 0.812698 0.140288 0.809524 0.129496 0.800000 0.118705
0 0.765079 0.136691 0.755556 0.136691 0.752381 0.140288 0.752381 0.147482 0.749206 0.151079 0.749206 0.169065 0.752381 0.172662 0.758730 0.172662 0.771429 0.158273 0.771429 0.151079 0.768254 0.147482 0.768254 0.140288
0 0.326984 0.140288 0.323810 0.143885 0.323810 0.158273 0.326984 0.161871 0.336508 0.161871 0.339683 0.158273 0.339683 0.143885 0.336508 0.140288
0 0.438095 0.158273 0.431746 0.158273 0.431746 0.161871 0.428571 0.165468 0.428571 0.179856 0.431746 0.183453 0.434921 0.183453 0.441270 0.176259 0.441270 0.161871
0 0.273016 0.165468 0.269841 0.165468 0.266667 0.161871 0.260317 0.161871 0.257143 0.165468 0.253968 0.165468 0.253968 0.169065 0.250794 0.172662 0.250794 0.183453 0.253968 0.183453 0.257143 0.187050 0.260317 0.183453 0.263492 0.183453 0.266667 0.179856 0.269841 0.179856 0.273016 0.176259
0 0.812698 0.169065 0.803175 0.165468 0.800000 0.169065 0.793651 0.169065 0.780952 0.179856 0.780952 0.183453 0.771429 0.194245 0.768254 0.208633 0.765079 0.212230 0.765079 0.223022 0.771429 0.230216 0.780952 0.226619 0.800000 0.201439 0.800000 0.197842 0.812698 0.179856
0 0.600000 0.176259 0.596825 0.176259 0.593651 0.172662 0.587302 0.172662 0.584127 0.176259 0.580952 0.176259 0.568254 0.190647 0.568254 0.208633 0.574603 0.215827 0.580952 0.215827 0.584127 0.212230 0.587302 0.212230 0.593651 0.205036 0.593651 0.201439 0.600000 0.194245 0.600000 0.190647 0.603175 0.187050 0.603175 0.179856
0 0.688889 0.187050 0.685714 0.187050 0.682540 0.190647 0.676190 0.190647 0.669841 0.197842 0.669841 0.219424 0.676190 0.226619 0.688889 0.226619 0.698413 0.215827 0.698413 0.208633 0.701587 0.205036 0.698413 0.201439 0.698413 0.197842
0 0.853968 0.190647 0.850794 0.190647 0.847619 0.194245 0.844444 0.194245 0.831746 0.208633 0.831746 0.219424 0.834921 0.223022 0.847619 0.223022 0.857143 0.215827 0.857143 0.212230 0.860317 0.208633 0.860317 0.197842
0 0.831746 0.233813 0.822222 0.241007 0.822222 0.251799 0.831746 0.269784 0.831746 0.280576 0.834921 0.284173 0.838095 0.280576 0.844444 0.280576 0.847619 0.284173 0.847619 0.294964 0.850794 0.294964 0.863492 0.276978 0.863492 0.269784 0.866667 0.266187 0.863492 0.262590 0.863492 0.255396 0.857143 0.248201 0.857143 0.244604 0.838095 0.233813
0 0.107937 0.241007 0.104762 0.248201 0.104762 0.266187 0.114286 0.276978 0.123810 0.280576 0.139683 0.302158 0.149206 0.302158 0.155556 0.294964 0.155556 0.276978 0.146032 0.262590 0.146032 0.255396 0.139683 0.255396 0.120635 0.237410
0 0.263492 0.248201 0.244444 0.248201 0.238095 0.251799 0.225397 0.269784 0.225397 0.284173 0.238095 0.302158 0.244444 0.302158 0.250794 0.298561 0.269841 0.266187 0.269841 0.255396
0 0.758730 0.262590 0.758730 0.273381 0.761905 0.276978 0.765079 0.276978 0.771429 0.284173 0.774603 0.284173 0.777778 0.280576 0.777778 0.276978 0.774603 0.273381 0.774603 0.269784 0.771429 0.266187 0.768254 0.266187 0.765079 0.262590
0 0.257143 0.320144 0.257143 0.330935 0.263492 0.338129 0.266667 0.338129 0.269841 0.341727 0.282540 0.341727 0.292063 0.334532 0.292063 0.320144 0.282540 0.309353 0.273016 0.309353 0.269841 0.312950 0.266667 0.312950
0 0.139683 0.338129 0.133333 0.330935 0.130159 0.334532 0.123810 0.334532 0.120635 0.338129 0.120635 0.348921 0.117460 0.352518 0.117460 0.356115 0.123810 0.356115 0.126984 0.352518 0.130159 0.352518 0.136508 0.345324 0.136508 0.341727
0 0.495238 0.341727 0.492063 0.341727 0.488889 0.338129 0.479365 0.338129 0.469841 0.345324 0.469841 0.348921 0.460317 0.363309 0.460317 0.377698 0.466667 0.384892 0.479365 0.384892 0.488889 0.374101 0.488889 0.370504 0.495238 0.359712
0 0.165079 0.341727 0.165079 0.345324 0.161905 0.348921 0.161905 0.366906 0.171429 0.374101 0.180952 0.374101 0.184127 0.370504 0.184127 0.356115 0.177778 0.348921 0.177778 0.345324 0.174603 0.341727
0 0.895238 0.356115 0.892063 0.359712 0.885714 0.359712 0.879365 0.366906 0.876190 0.384892 0.879365 0.388489 0.879365 0.395683 0.885714 0.402878 0.888889 0.402878 0.892063 0.406475 0.901587 0.406475 0.911111 0.392086 0.911111 0.374101 0.907937 0.370504 0.907937 0.366906
0 0.123810 0.359712 0.114286 0.359712 0.107937 0.366906 0.107937 0.370504 0.104762 0.374101 0.104762 0.395683 0.107937 0.399281 0.117460 0.399281 0.117460 0.395683 0.126984 0.384892 0.126984 0.377698 0.130159 0.374101 0.130159 0.370504
0 0.619048 0.388489 0.615873 0.388489 0.612698 0.392086 0.609524 0.392086 0.606349 0.395683 0.606349 0.402878 0.609524 0.406475 0.612698 0.406475 0.615873 0.410072 0.622222 0.402878 0.622222 0.392086
0 0.219048 0.399281 0.219048 0.402878 0.215873 0.406475 0.215873 0.424460 0.222222 0.431655 0.222222 0.435252 0.225397 0.438849 0.228571 0.438849 0.238095 0.453237 0.241270 0.453237 0.247619 0.442446 0.244444 0.438849 0.244444 0.435252 0.241270 0.435252 0.234921 0.428058 0.234921 0.413669 0.228571 0.406475 0.228571 0.402878 0.225397 0.399281
0 0.187302 0.406475 0.177778 0.406475 0.171429 0.413669 0.171429 0.417266 0.168254 0.420863 0.168254 0.428058 0.174603 0.435252 0.177778 0.435252 0.184127 0.428058 0.187302 0.428058 0.187302 0.424460 0.193651 0.417266 0.193651 0.413669
0 0.415873 0.417266 0.406349 0.417266 0.400000 0.424460 0.400000 0.428058 0.390476 0.438849 0.387302 0.438849 0.384127 0.442446 0.384127 0.460432 0.390476 0.460432 0.393651 0.464029 0.403175 0.464029 0.406349 0.460432 0.415873 0.456835 0.422222 0.449640 0.422222 0.446043 0.425397 0.442446 0.425397 0.431655
0 0.120635 0.428058 0.117460 0.431655 0.117460 0.435252 0.114286 0.438849 0.114286 0.453237 0.117460 0.456835 0.120635 0.456835 0.123810 0.460432 0.126984 0.460432 0.130159 0.456835 0.133333 0.456835 0.133333 0.449640 0.136508 0.446043 0.136508 0.442446 0.133333 0.438849 0.133333 0.435252 0.126984 0.428058
0 0.761905 0.438849 0.758730 0.442446 0.758730 0.471223 0.761905 0.474820 0.777778 0.474820 0.780952 0.471223 0.780952 0.453237 0.784127 0.449640 0.784127 0.446043 0.777778 0.438849
0 0.187302 0.449640 0.184127 0.453237 0.184127 0.464029 0.187302 0.467626 0.196825 0.467626 0.200000 0.464029 0.200000 0.456835 0.196825 0.453237 0.196825 0.449640
0 0.384127 0.464029 0.384127 0.471223 0.380952 0.474820 0.380952 0.478417 0.377778 0.482014 0.384127 0.489209 0.390476 0.489209 0.400000 0.478417 0.400000 0.467626 0.393651 0.467626 0.390476 0.464029
0 0.622222 0.474820 0.612698 0.467626 0.600000 0.467626 0.596825 0.464029 0.568254 0.474820 0.555556 0.492806 0.549206 0.521583 0.552381 0.525180 0.568254 0.525180 0.577778 0.517986 0.615873 0.503597 0.622222 0.496403 0.625397 0.485612
0 0.152381 0.471223 0.149206 0.474820 0.146032 0.474820 0.146032 0.482014 0.142857 0.485612 0.142857 0.503597 0.146032 0.507194 0.146032 0.510791 0.152381 0.517986 0.158730 0.517986 0.165079 0.507194 0.165079 0.482014 0.158730 0.474820 0.155556 0.474820
0 0.634921 0.474820 0.634921 0.482014 0.631746 0.485612 0.634921 0.489209 0.634921 0.503597 0.644444 0.517986 0.657143 0.525180 0.663492 0.525180 0.666667 0.528777 0.679365 0.517986 0.679365 0.507194 0.673016 0.492806 0.663492 0.482014 0.660317 0.482014 0.653968 0.474820
0 0.403175 0.503597 0.396825 0.503597 0.390476 0.510791 0.390476 0.514388 0.393651 0.517986 0.396825 0.514388 0.400000 0.514388 0.400000 0.510791 0.403175 0.507194
0 0.250794 0.535971 0.247619 0.535971 0.244444 0.539568 0.241270 0.539568 0.241270 0.557554 0.244444 0.561151 0.244444 0.564748 0.250794 0.564748 0.257143 0.557554 0.257143 0.550360 0.260317 0.546763 0.257143 0.543165 0.257143 0.539568 0.253968 0.539568
0 0.247619 0.571942 0.247619 0.589928 0.250794 0.593525 0.253968 0.593525 0.257143 0.589928 0.260317 0.589928 0.260317 0.575540 0.257143 0.575540 0.253968 0.571942
0 0.234921 0.607914 0.228571 0.615108 0.228571 0.625899 0.231746 0.629496 0.231746 0.633094 0.241270 0.633094 0.244444 0.629496 0.244444 0.611511 0.241270 0.607914
0 0.266667 0.607914 0.260317 0.615108 0.260317 0.629496 0.263492 0.633094 0.266667 0.633094 0.269841 0.629496 0.269841 0.611511
0 0.149206 0.618705 0.146032 0.622302 0.146032 0.636691 0.149206 0.640288 0.149206 0.643885 0.152381 0.643885 0.155556 0.647482 0.165079 0.647482 0.168254 0.643885 0.168254 0.618705 0.165079 0.615108 0.158730 0.615108 0.155556 0.618705
0 0.219048 0.672662 0.219048 0.676259 0.215873 0.679856 0.215873 0.694245 0.222222 0.701439 0.231746 0.701439 0.231746 0.679856 0.228571 0.676259 0.228571 0.672662
0 0.152381 0.719424 0.142857 0.719424 0.142857 0.723022 0.139683 0.726619 0.139683 0.730216 0.136508 0.733813 0.136508 0.748201 0.139683 0.751799 0.146032 0.751799 0.155556 0.741007 0.155556 0.737410 0.158730 0.733813 0.158730 0.726619
0 0.209524 0.723022 0.209524 0.741007 0.219048 0.751799 0.222222 0.751799 0.225397 0.755396 0.238095 0.755396 0.247619 0.748201 0.247619 0.737410 0.241270 0.730216 0.238095 0.730216 0.228571 0.723022 0.222222 0.723022 0.219048 0.719424 0.212698 0.719424
0 0.123810 0.791367 0.120635 0.794964 0.120635 0.798561 0.123810 0.802158 0.123810 0.805755 0.126984 0.809353 0.130159 0.809353 0.136508 0.816547 0.142857 0.816547 0.146032 0.812950 0.146032 0.805755 0.136508 0.794964 0.130159 0.794964 0.126984 0.791367
0 0.511111 0.830935 0.504762 0.838129 0.504762 0.841727 0.507937 0.845324 0.511111 0.845324 0.514286 0.848921 0.517460 0.848921 0.520635 0.852518 0.523810 0.852518 0.523810 0.841727 0.520635 0.838129 0.520635 0.834532 0.517460 0.830935
0 0.126984 0.845324 0.126984 0.848921 0.123810 0.852518 0.123810 0.859712 0.133333 0.870504 0.142857 0.870504 0.146032 0.866906 0.146032 0.852518 0.139683 0.845324
