0 0.422222 0.003597 0.415873 0.000000 0.406349 0.000000 0.403175 0.003597 0.352381 0.003597 0.352381 0.007194 0.361905 0.014388 0.409524 0.014388
0 0.453968 0.007194 0.447619 0.017986 0.447619 0.028777 0.453968 0.043165 0.457143 0.043165 0.463492 0.050360 0.479365 0.050360 0.485714 0.046763 0.492063 0.035971 0.492063 0.014388 0.485714 0.003597 0.460317 0.003597
0 0.561905 0.007194 0.577778 0.014388 0.574603 0.028777 0.584127 0.050360 0.596825 0.057554 0.615873 0.053957 0.619048 0.046763 0.615873 0.021583 0.600000 0.003597
0 0.079365 0.032374 0.079365 0.039568 0.082540 0.043165 0.085714 0.043165 0.095238 0.053957 0.098413 0.053957 0.107937 0.061151 0.114286 0.061151 0.123810 0.046763 0.123810 0.039568 0.114286 0.028777 0.107937 0.028777 0.104762 0.025180 0.098413 0.025180 0.095238 0.021583 0.085714 0.025180
0 0.298413 0.032374 0.295238 0.039568 0.295238 0.053957 0.301587 0.068345 0.320635 0.082734 0.342857 0.082734 0.355556 0.071942 0.355556 0.050360 0.352381 0.046763 0.352381 0.039568 0.339683 0.025180 0.333333 0.021583 0.314286 0.021583
0 0.863492 0.050360 0.866667 0.053957 0.866667 0.061151 0.873016 0.068345 0.873016 0.075540 0.885714 0.075540 0.888889 0.079137 0.914286 0.079137 0.926984 0.068345 0.926984 0.061151 0.920635 0.050360 0.907937 0.046763 0.898413 0.039568 0.876190 0.039568 0.873016 0.043165 0.866667 0.043165
0 0.279365 0.046763 0.273016 0.053957 0.273016 0.057554 0.269841 0.061151 0.269841 0.079137 0.273016 0.082734 0.273016 0.086331 0.276190 0.086331 0.279365 0.089928 0.285714 0.089928 0.288889 0.093525 0.298413 0.086331 0.298413 0.079137 0.301587 0.075540 0.301587 0.071942 0.292063 0.053957 0.292063 0.046763
0 0.501587 0.057554 0.501587 0.075540 0.504762 0.079137 0.504762 0.086331 0.511111 0.093525 0.511111 0.097122 0.514286 0.100719 0.520635 0.100719 0.523810 0.104317 0.526984 0.104317 0.530159 0.100719 0.536508 0.100719 0.536508 0.086331 0.530159 0.079137 0.530159 0.075540 0.517460 0.061151 0.514286 0.061151 0.511111 0.057554
0 0.853968 0.093525 0.857143 0.104317 0.866667 0.107914 0.873016 0.118705 0.879365 0.118705 0.882540 0.115108 0.904762 0.115108 0.907937 0.118705 0.920635 0.104317 0.920635 0.086331 0.917460 0.082734 0.888889 0.082734 0.885714 0.079137 0.869841 0.079137 0.866667 0.082734 0.860317 0.082734
0 0.358730 0.100719 0.358730 0.118705 0.377778 0.140288 0.384127 0.143885 0.400000 0.143885 0.406349 0.140288 0.412698 0.125899 0.412698 0.118705 0.406349 0.104317 0.393651 0.089928 0.387302 0.086331 0.374603 0.086331
0 0.428571 0.086331 0.422222 0.093525 0.422222 0.097122 0.425397 0.100719 0.425397 0.115108 0.431746 0.122302 0.441270 0.122302 0.444444 0.118705 0.444444 0.111511 0.447619 0.107914 0.447619 0.100719 0.444444 0.097122 0.444444 0.093525 0.438095 0.086331
0 0.825397 0.118705 0.812698 0.104317 0.806349 0.100719 0.796825 0.100719 0.777778 0.111511 0.774603 0.118705 0.774603 0.136691 0.777778 0.143885 0.784127 0.147482 0.812698 0.143885 0.815873 0.140288 0.822222 0.140288 0.828571 0.133094
0 0.231746 0.107914 0.228571 0.107914 0.225397 0.104317 0.219048 0.104317 0.212698 0.111511 0.212698 0.122302 0.206349 0.129496 0.206349 0.136691 0.209524 0.140288 0.212698 0.140288 0.219048 0.133094 0.238095 0.133094 0.238095 0.129496 0.241270 0.125899 0.234921 0.118705
0 0.911111 0.122302 0.904762 0.118705 0.882540 0.118705 0.879365 0.122302 0.866667 0.122302 0.850794 0.136691 0.850794 0.151079 0.863492 0.161871 0.892063 0.161871 0.911111 0.143885
0 0.777778 0.161871 0.777778 0.172662 0.780952 0.179856 0.800000 0.194245 0.825397 0.194245 0.834921 0.187050 0.841270 0.187050 0.844444 0.179856 0.844444 0.169065 0.838095 0.161871 0.815873 0.154676 0.812698 0.151079 0.790476 0.151079 0.787302 0.154676 0.780952 0.154676
0 0.828571 0.194245 0.819048 0.212230 0.819048 0.219424 0.828571 0.230216 0.847619 0.241007 0.860317 0.241007 0.869841 0.230216 0.869841 0.212230 0.866667 0.205036 0.857143 0.194245 0.850794 0.194245 0.847619 0.190647 0.834921 0.190647
0 0.768254 0.194245 0.761905 0.201439 0.761905 0.212230 0.758730 0.215827 0.761905 0.230216 0.765079 0.233813 0.765079 0.241007 0.771429 0.251799 0.774603 0.248201 0.790476 0.251799 0.806349 0.233813 0.803175 0.219424 0.780952 0.197842
0 0.711111 0.223022 0.695238 0.215827 0.685714 0.215827 0.682540 0.212230 0.666667 0.215827 0.653968 0.233813 0.657143 0.262590 0.673016 0.276978 0.695238 0.269784 0.717460 0.248201 0.717460 0.230216
0 0.419048 0.215827 0.425397 0.226619 0.425397 0.237410 0.422222 0.241007 0.422222 0.258993 0.425397 0.262590 0.438095 0.262590 0.438095 0.255396 0.441270 0.251799 0.441270 0.244604 0.444444 0.241007 0.444444 0.230216 0.428571 0.215827
0 0.790476 0.255396 0.793651 0.262590 0.806349 0.276978 0.806349 0.280576 0.831746 0.280576 0.844444 0.269784 0.844444 0.255396 0.834921 0.244604 0.819048 0.241007 0.809524 0.233813
0 0.730159 0.248201 0.726984 0.262590 0.723810 0.266187 0.726984 0.269784 0.726984 0.276978 0.733333 0.284173 0.746032 0.291367 0.771429 0.291367 0.777778 0.287770 0.777778 0.284173 0.784127 0.276978 0.780952 0.266187 0.761905 0.244604 0.739683 0.241007
0 0.701587 0.284173 0.692063 0.291367 0.692063 0.305755 0.698413 0.312950 0.707937 0.312950 0.711111 0.316547 0.711111 0.305755 0.717460 0.298561 0.720635 0.298561 0.723810 0.294964 0.714286 0.284173
0 0.787302 0.298561 0.787302 0.309353 0.796825 0.323741 0.796825 0.330935 0.819048 0.338129 0.822222 0.334532 0.834921 0.330935 0.844444 0.320144 0.844444 0.302158 0.831746 0.284173 0.803175 0.284173
0 0.209524 0.298561 0.219048 0.320144 0.238095 0.338129 0.250794 0.338129 0.263492 0.330935 0.269841 0.323741 0.269841 0.309353 0.266667 0.302158 0.253968 0.291367 0.225397 0.291367 0.222222 0.294964 0.212698 0.294964
0 0.676190 0.312950 0.688889 0.327338 0.692063 0.327338 0.692063 0.320144 0.688889 0.320144 0.685714 0.316547 0.682540 0.316547 0.679365 0.312950
0 0.660317 0.294964 0.660317 0.298561 0.663492 0.302158 0.673016 0.302158 0.676190 0.305755 0.679365 0.305755 0.679365 0.298561 0.676190 0.294964
0 0.714286 0.320144 0.714286 0.334532 0.720635 0.345324 0.726984 0.345324 0.730159 0.348921 0.733333 0.348921 0.736508 0.345324 0.755556 0.345324 0.755556 0.341727 0.758730 0.338129 0.758730 0.330935 0.755556 0.327338 0.755556 0.323741 0.746032 0.312950 0.736508 0.312950 0.733333 0.309353 0.726984 0.309353
0 0.774603 0.345324 0.774603 0.363309 0.784127 0.381295 0.796825 0.388489 0.822222 0.388489 0.828571 0.381295 0.831746 0.370504 0.819048 0.341727 0.803175 0.334532 0.787302 0.334532
0 0.368254 0.341727 0.365079 0.338129 0.352381 0.338129 0.349206 0.341727 0.349206 0.345324 0.346032 0.348921 0.346032 0.356115 0.349206 0.359712 0.352381 0.359712 0.355556 0.356115 0.361905 0.356115 0.368254 0.348921
0 0.606349 0.356115 0.600000 0.374101 0.603175 0.384892 0.619048 0.402878 0.641270 0.410072 0.644444 0.406475 0.657143 0.406475 0.666667 0.399281 0.669841 0.392086 0.669841 0.374101 0.666667 0.366906 0.641270 0.345324 0.619048 0.345324
0 0.736508 0.366906 0.733333 0.370504 0.733333 0.384892 0.736508 0.388489 0.733333 0.392086 0.752381 0.413669 0.755556 0.410072 0.758730 0.413669 0.768254 0.413669 0.774603 0.402878 0.771429 0.399281 0.771429 0.392086 0.765079 0.384892 0.765079 0.381295 0.752381 0.366906
0 0.714286 0.399281 0.714286 0.428058 0.717460 0.435252 0.733333 0.449640 0.746032 0.449640 0.755556 0.438849 0.755556 0.428058 0.749206 0.413669 0.730159 0.392086 0.726984 0.395683 0.720635 0.395683
0 0.212698 0.413669 0.203175 0.428058 0.203175 0.438849 0.206349 0.442446 0.206349 0.449640 0.219048 0.464029 0.225397 0.464029 0.228571 0.467626 0.241270 0.467626 0.260317 0.449640 0.260317 0.431655 0.250794 0.417266 0.234921 0.410072 0.219048 0.410072
0 0.546032 0.424460 0.542857 0.428058 0.533333 0.428058 0.526984 0.449640 0.530159 0.453237 0.530159 0.474820 0.536508 0.492806 0.546032 0.500000 0.552381 0.500000 0.561905 0.492806 0.568254 0.464029 0.565079 0.460432 0.565079 0.442446 0.555556 0.428058 0.549206 0.428058
0 0.276190 0.456835 0.276190 0.474820 0.282540 0.482014 0.288889 0.482014 0.292063 0.485612 0.314286 0.485612 0.326984 0.474820 0.326984 0.464029 0.320635 0.456835 0.320635 0.453237 0.314286 0.446043 0.307937 0.442446 0.301587 0.442446 0.298413 0.438849 0.288889 0.442446
0 0.771429 0.446043 0.771429 0.449640 0.768254 0.453237 0.768254 0.471223 0.774603 0.478417 0.780952 0.478417 0.787302 0.471223 0.787302 0.449640 0.784127 0.449640 0.780952 0.446043
0 0.673016 0.453237 0.653968 0.467626 0.650794 0.474820 0.650794 0.492806 0.657143 0.503597 0.669841 0.510791 0.679365 0.510791 0.685714 0.514388 0.692063 0.510791 0.707937 0.485612 0.707937 0.467626 0.692063 0.456835
0 0.726984 0.464029 0.717460 0.471223 0.717460 0.478417 0.714286 0.482014 0.714286 0.485612 0.717460 0.489209 0.717460 0.496403 0.726984 0.507194 0.730159 0.507194 0.733333 0.510791 0.742857 0.510791 0.749206 0.503597 0.749206 0.496403 0.752381 0.492806 0.752381 0.478417 0.746032 0.467626 0.742857 0.467626 0.739683 0.464029
0 0.473016 0.478417 0.463492 0.492806 0.463492 0.503597 0.460317 0.507194 0.473016 0.532374 0.482540 0.532374 0.488889 0.539568 0.501587 0.539568 0.514286 0.525180 0.517460 0.503597 0.495238 0.478417 0.488889 0.474820
0 0.203175 0.489209 0.203175 0.496403 0.209524 0.503597 0.212698 0.503597 0.215873 0.500000 0.215873 0.496403 0.209524 0.489209
0 0.428571 0.500000 0.422222 0.507194 0.415873 0.525180 0.444444 0.564748 0.450794 0.561151 0.466667 0.561151 0.473016 0.553957 0.473016 0.535971 0.463492 0.521583 0.460317 0.510791 0.441270 0.496403
0 0.736508 0.525180 0.733333 0.525180 0.726984 0.517986 0.714286 0.517986 0.701587 0.525180 0.688889 0.539568 0.688889 0.557554 0.695238 0.564748 0.695238 0.568345 0.698413 0.571942 0.717460 0.571942 0.723810 0.568345 0.736508 0.550360 0.736508 0.543165 0.739683 0.539568
0 0.403175 0.535971 0.403175 0.539568 0.400000 0.543165 0.400000 0.557554 0.403175 0.561151 0.403175 0.564748 0.412698 0.575540 0.419048 0.575540 0.422222 0.579137 0.425397 0.579137 0.428571 0.575540 0.434921 0.575540 0.441270 0.568345 0.444444 0.568345 0.428571 0.550360 0.428571 0.546763 0.419048 0.535971 0.419048 0.532374 0.415873 0.528777 0.412698 0.528777
0 0.212698 0.535971 0.206349 0.535971 0.193651 0.546763 0.193651 0.550360 0.184127 0.564748 0.184127 0.582734 0.190476 0.586331 0.196825 0.586331 0.200000 0.589928 0.206349 0.589928 0.222222 0.571942 0.225397 0.564748 0.225397 0.550360
0 0.984127 0.557554 0.984127 0.564748 0.987302 0.568345 0.987302 0.575540 0.993651 0.582734 0.993651 0.557554
0 0.584127 0.575540 0.580952 0.582734 0.580952 0.597122 0.590476 0.607914 0.612698 0.618705 0.628571 0.615108 0.634921 0.607914 0.641270 0.593525 0.634921 0.575540 0.622222 0.571942 0.619048 0.568345 0.593651 0.568345
0 0.238095 0.604317 0.225397 0.593525 0.212698 0.593525 0.209524 0.589928 0.187302 0.600719 0.177778 0.600719 0.171429 0.604317 0.165079 0.618705 0.165079 0.640288 0.174603 0.654676 0.184127 0.658273 0.212698 0.654676 0.231746 0.640288 0.238095 0.625899
0 0.993651 0.607914 0.990476 0.611511 0.987302 0.611511 0.977778 0.622302 0.977778 0.643885 0.984127 0.651079 0.993651 0.651079
0 0.666667 0.618705 0.660317 0.625899 0.663492 0.629496 0.663492 0.640288 0.673016 0.658273 0.673016 0.672662 0.676190 0.676259 0.682540 0.676259 0.682540 0.672662 0.685714 0.669065 0.685714 0.661871 0.688889 0.658273 0.685714 0.654676 0.685714 0.640288 0.676190 0.625899 0.676190 0.622302
0 0.295238 0.625899 0.279365 0.625899 0.273016 0.633094 0.273016 0.636691 0.269841 0.640288 0.269841 0.651079 0.266667 0.654676 0.269841 0.658273 0.269841 0.665468 0.273016 0.669065 0.276190 0.665468 0.279365 0.665468 0.288889 0.654676 0.288889 0.651079 0.295238 0.643885 0.295238 0.640288 0.298413 0.636691
0 0.133333 0.672662 0.133333 0.683453 0.152381 0.705036 0.171429 0.705036 0.174603 0.701439 0.187302 0.701439 0.196825 0.676259 0.187302 0.665468 0.177778 0.665468 0.174603 0.669065 0.168254 0.665468 0.139683 0.665468
0 0.241270 0.679856 0.225397 0.665468 0.206349 0.669065 0.196825 0.679856 0.196825 0.687050 0.190476 0.701439 0.193651 0.712230 0.200000 0.715827 0.231746 0.715827 0.231746 0.712230 0.241270 0.701439
0 0.720635 0.676259 0.704762 0.672662 0.701587 0.676259 0.695238 0.676259 0.688889 0.683453 0.688889 0.690647 0.682540 0.705036 0.682540 0.723022 0.695238 0.744604 0.711111 0.744604 0.717460 0.741007 0.733333 0.715827 0.733333 0.697842
0 0.130159 0.694245 0.117460 0.687050 0.107937 0.687050 0.104762 0.690647 0.092063 0.694245 0.079365 0.708633 0.076190 0.715827 0.076190 0.726619 0.085714 0.733813 0.101587 0.733813 0.104762 0.730216 0.120635 0.730216 0.126984 0.726619 0.133333 0.715827 0.133333 0.701439
0 0.866667 0.726619 0.866667 0.730216 0.885714 0.751799 0.904762 0.762590 0.914286 0.762590 0.930159 0.748201 0.930159 0.733813 0.923810 0.726619 0.911111 0.723022 0.907937 0.719424 0.901587 0.719424 0.898413 0.715827 0.879365 0.715827
0 0.187302 0.726619 0.180952 0.737410 0.180952 0.762590 0.187302 0.769784 0.203175 0.780576 0.219048 0.780576 0.238095 0.766187 0.244444 0.751799 0.244444 0.730216 0.234921 0.719424 0.196825 0.719424
0 0.139683 0.737410 0.126984 0.730216 0.120635 0.733813 0.088889 0.737410 0.069841 0.758993 0.069841 0.769784 0.073016 0.773381 0.101587 0.773381 0.104762 0.769784 0.114286 0.769784 0.136508 0.755396 0.139683 0.748201
0 0.819048 0.748201 0.815873 0.762590 0.828571 0.784173 0.853968 0.798561 0.866667 0.794964 0.866667 0.776978 0.847619 0.748201 0.841270 0.744604 0.825397 0.744604
0 0.993651 0.769784 0.977778 0.769784 0.961905 0.787770 0.961905 0.794964 0.955556 0.809353 0.955556 0.820144 0.958730 0.827338 0.965079 0.830935 0.974603 0.830935 0.977778 0.827338 0.993651 0.823741 0.993651 0.816547 0.996825 0.812950 0.996825 0.773381
0 0.219048 0.784173 0.200000 0.784173 0.180952 0.798561 0.177778 0.805755 0.177778 0.838129 0.187302 0.845324 0.206349 0.845324 0.215873 0.838129 0.228571 0.812950 0.225397 0.791367
0 0.796825 0.805755 0.809524 0.816547 0.831746 0.820144 0.853968 0.834532 0.863492 0.834532 0.866667 0.838129 0.882540 0.834532 0.882540 0.827338 0.876190 0.820144 0.866667 0.820144 0.863492 0.816547 0.838095 0.816547 0.828571 0.809353 0.819048 0.809353 0.806349 0.802158
0 0.126984 0.838129 0.107937 0.838129 0.095238 0.848921 0.092063 0.866906 0.101587 0.881295 0.111111 0.884892 0.123810 0.874101 0.123810 0.870504 0.133333 0.852518 0.133333 0.845324
0 0.784127 0.848921 0.787302 0.856115 0.803175 0.856115 0.806349 0.859712 0.834921 0.859712 0.841270 0.856115 0.860317 0.866906 0.885714 0.870504 0.876190 0.866906 0.866667 0.856115 0.828571 0.838129 0.800000 0.838129
0 0.146032 0.845324 0.136508 0.859712 0.136508 0.899281 0.142857 0.913669 0.158730 0.913669 0.168254 0.892086 0.168254 0.866906 0.155556 0.848921
0 0.317460 0.848921 0.301587 0.845324 0.285714 0.852518 0.273016 0.866906 0.269841 0.866906 0.260317 0.884892 0.263492 0.899281 0.279365 0.913669 0.288889 0.913669 0.301587 0.906475 0.320635 0.877698 0.320635 0.856115
