0 0.787302 0.000000 0.784127 0.000000 0.780952 0.003597 0.771429 0.003597 0.768254 0.007194 0.774603 0.017986 0.774603 0.032374 0.777778 0.035971 0.787302 0.035971 0.790476 0.032374 0.790476 0.003597
0 0.806349 0.003597 0.806349 0.010791 0.809524 0.014388 0.809524 0.017986 0.822222 0.028777 0.828571 0.028777 0.838095 0.014388 0.841270 0.017986 0.841270 0.014388 0.844444 0.010791 0.853968 0.010791 0.857143 0.007194 0.850794 0.007194 0.847619 0.003597 0.834921 0.003597 0.831746 0.000000 0.819048 0.000000 0.815873 0.003597
0 0.920635 0.000000 0.914286 0.007194 0.914286 0.021583 0.920635 0.028777 0.930159 0.028777 0.933333 0.025180 0.936508 0.025180 0.942857 0.017986 0.942857 0.007194 0.933333 0.000000
0 0.415873 0.003597 0.403175 0.003597 0.396825 0.010791 0.396825 0.014388 0.387302 0.025180 0.387302 0.028777 0.380952 0.035971 0.380952 0.043165 0.384127 0.046763 0.393651 0.046763 0.396825 0.043165 0.400000 0.043165 0.409524 0.032374 0.409524 0.028777 0.412698 0.025180 0.412698 0.017986 0.415873 0.014388
0 0.438095 0.003597 0.438095 0.007194 0.434921 0.010791 0.438095 0.014388 0.438095 0.021583 0.444444 0.028777 0.447619 0.028777 0.450794 0.032374 0.466667 0.032374 0.466667 0.028777 0.469841 0.025180 0.469841 0.014388 0.463492 0.003597
0 0.622222 0.003597 0.622222 0.010791 0.625397 0.014388 0.625397 0.017986 0.628571 0.021583 0.631746 0.021583 0.634921 0.017986 0.638095 0.017986 0.638095 0.007194 0.634921 0.007194 0.631746 0.003597
0 0.882540 0.003597 0.882540 0.010791 0.885714 0.014388 0.888889 0.014388 0.892063 0.017986 0.898413 0.010791 0.898413 0.003597
0 0.142857 0.014388 0.142857 0.028777 0.152381 0.039568 0.174603 0.039568 0.177778 0.035971 0.180952 0.035971 0.180952 0.028777 0.171429 0.017986 0.168254 0.017986 0.161905 0.010791 0.152381 0.010791 0.149206 0.007194
0 0.749206 0.014388 0.739683 0.014388 0.733333 0.021583 0.733333 0.025180 0.730159 0.028777 0.730159 0.050360 0.736508 0.057554 0.736508 0.061151 0.742857 0.061151 0.746032 0.057554 0.749206 0.057554 0.749206 0.053957 0.755556 0.043165 0.755556 0.025180
0 0.263492 0.021583 0.250794 0.021583 0.247619 0.025180 0.247619 0.028777 0.244444 0.032374 0.244444 0.050360 0.257143 0.050360 0.266667 0.039568 0.266667 0.025180
0 0.695238 0.021583 0.688889 0.028777 0.688889 0.046763 0.685714 0.050360 0.688889 0.053957 0.688889 0.068345 0.695238 0.079137 0.701587 0.082734 0.707937 0.082734 0.714286 0.079137 0.717460 0.071942 0.717460 0.046763 0.714286 0.043165 0.714286 0.035971 0.711111 0.028777 0.704762 0.021583
0 0.657143 0.032374 0.657143 0.043165 0.666667 0.053957 0.676190 0.053957 0.679365 0.050360 0.679365 0.046763 0.666667 0.032374
0 0.841270 0.043165 0.841270 0.046763 0.838095 0.050360 0.841270 0.053957 0.841270 0.061151 0.844444 0.064748 0.847619 0.064748 0.850794 0.068345 0.863492 0.068345 0.866667 0.064748 0.866667 0.053957 0.857143 0.043165 0.853968 0.043165 0.850794 0.039568 0.847619 0.039568 0.844444 0.043165
0 0.288889 0.043165 0.279365 0.053957 0.279365 0.068345 0.288889 0.079137 0.295238 0.079137 0.301587 0.071942 0.301587 0.050360 0.295238 0.043165
0 0.482540 0.057554 0.482540 0.061151 0.488889 0.068345 0.492063 0.068345 0.495238 0.071942 0.498413 0.071942 0.501587 0.075540 0.507937 0.075540 0.511111 0.071942 0.511111 0.061151 0.507937 0.057554 0.507937 0.053957 0.504762 0.053957 0.501587 0.050360 0.495238 0.050360 0.492063 0.053957 0.485714 0.053957
0 0.536508 0.064748 0.530159 0.071942 0.530159 0.082734 0.533333 0.086331 0.533333 0.089928 0.536508 0.089928 0.539683 0.093525 0.546032 0.093525 0.549206 0.089928 0.552381 0.089928 0.552381 0.082734 0.555556 0.079137 0.552381 0.075540 0.552381 0.071942 0.546032 0.064748
0 0.165079 0.075540 0.149206 0.075540 0.139683 0.086331 0.139683 0.097122 0.146032 0.104317 0.149206 0.104317 0.152381 0.107914 0.155556 0.107914 0.158730 0.104317 0.161905 0.104317 0.171429 0.093525 0.171429 0.082734
0 0.241270 0.079137 0.234921 0.086331 0.234921 0.104317 0.238095 0.107914 0.244444 0.107914 0.247619 0.111511 0.253968 0.111511 0.257143 0.115108 0.260317 0.115108 0.260317 0.111511 0.263492 0.107914 0.263492 0.100719 0.260317 0.097122 0.260317 0.093525 0.253968 0.086331 0.253968 0.082734 0.250794 0.079137
0 0.488889 0.086331 0.479365 0.086331 0.476190 0.089928 0.473016 0.089928 0.466667 0.097122 0.466667 0.100719 0.463492 0.104317 0.466667 0.115108 0.473016 0.122302 0.476190 0.122302 0.479365 0.125899 0.482540 0.125899 0.492063 0.115108 0.492063 0.111511 0.498413 0.100719 0.495238 0.097122 0.495238 0.089928 0.492063 0.089928
0 0.847619 0.093525 0.844444 0.097122 0.844444 0.100719 0.847619 0.104317 0.847619 0.111511 0.850794 0.115108 0.850794 0.118705 0.853968 0.122302 0.857143 0.133094 0.860317 0.133094 0.863492 0.136691 0.869841 0.129496 0.869841 0.118705 0.857143 0.104317 0.857143 0.100719
0 0.784127 0.097122 0.774603 0.111511 0.774603 0.115108 0.777778 0.118705 0.777778 0.125899 0.790476 0.140288 0.793651 0.140288 0.796825 0.143885 0.803175 0.143885 0.812698 0.129496 0.812698 0.118705 0.803175 0.104317 0.800000 0.104317 0.790476 0.097122
0 0.406349 0.104317 0.403175 0.107914 0.403175 0.143885 0.406349 0.147482 0.431746 0.147482 0.434921 0.143885 0.434921 0.140288 0.431746 0.136691 0.431746 0.129496 0.428571 0.125899 0.425397 0.115108 0.415873 0.104317
0 0.634921 0.115108 0.622222 0.111511 0.609524 0.125899 0.606349 0.136691 0.600000 0.143885 0.596825 0.151079 0.596825 0.165468 0.603175 0.176259 0.612698 0.176259 0.628571 0.161871 0.634921 0.147482 0.634921 0.140288 0.638095 0.136691 0.638095 0.122302
0 0.822222 0.111511 0.822222 0.115108 0.819048 0.118705 0.822222 0.122302 0.822222 0.133094 0.825397 0.136691 0.825397 0.147482 0.828571 0.151079 0.831746 0.151079 0.838095 0.158273 0.847619 0.151079 0.847619 0.143885 0.844444 0.140288 0.844444 0.133094 0.831746 0.111511
0 0.434921 0.129496 0.434921 0.136691 0.441270 0.147482 0.444444 0.147482 0.453968 0.154676 0.457143 0.151079 0.463492 0.151079 0.463492 0.143885 0.460317 0.140288 0.460317 0.133094 0.453968 0.122302 0.450794 0.122302 0.447619 0.118705 0.444444 0.122302 0.441270 0.122302 0.441270 0.125899 0.438095 0.129496
0 0.222222 0.122302 0.215873 0.129496 0.215873 0.136691 0.219048 0.140288 0.219048 0.143885 0.231746 0.158273 0.234921 0.158273 0.241270 0.165468 0.244444 0.165468 0.247619 0.169065 0.253968 0.169065 0.257143 0.165468 0.257143 0.154676 0.253968 0.151079 0.253968 0.140288 0.241270 0.125899 0.238095 0.125899 0.234921 0.122302
0 0.980952 0.122302 0.980952 0.129496 0.977778 0.133094 0.977778 0.143885 0.980952 0.147482 0.980952 0.151079 0.984127 0.151079 0.987302 0.154676 0.993651 0.154676 0.996825 0.151079 0.996825 0.143885 0.993651 0.140288 0.993651 0.122302
0 0.888889 0.133094 0.882540 0.140288 0.882540 0.158273 0.898413 0.176259 0.898413 0.179856 0.901587 0.183453 0.907937 0.183453 0.907937 0.161871 0.901587 0.151079 0.901587 0.143885 0.895238 0.136691 0.892063 0.136691
0 0.850794 0.154676 0.841270 0.158273 0.834921 0.169065 0.834921 0.179856 0.838095 0.183453 0.841270 0.194245 0.853968 0.194245 0.860317 0.183453 0.860317 0.165468 0.857143 0.161871 0.857143 0.158273 0.853968 0.158273
0 0.095238 0.169065 0.092063 0.172662 0.092063 0.176259 0.095238 0.179856 0.095238 0.187050 0.098413 0.190647 0.098413 0.194245 0.114286 0.212230 0.117460 0.212230 0.120635 0.215827 0.130159 0.215827 0.130159 0.201439 0.126984 0.197842 0.123810 0.187050 0.111111 0.172662 0.107937 0.172662 0.104762 0.169065
0 0.336508 0.169065 0.330159 0.176259 0.330159 0.187050 0.333333 0.190647 0.333333 0.194245 0.336508 0.194245 0.339683 0.197842 0.349206 0.197842 0.358730 0.187050 0.358730 0.179856 0.355556 0.176259 0.355556 0.172662 0.352381 0.172662 0.349206 0.169065
0 0.752381 0.169065 0.746032 0.179856 0.746032 0.197842 0.749206 0.201439 0.749206 0.205036 0.758730 0.215827 0.768254 0.215827 0.771429 0.212230 0.774603 0.212230 0.780952 0.201439 0.777778 0.183453 0.765079 0.169065
0 0.431746 0.176259 0.428571 0.176259 0.425397 0.172662 0.412698 0.172662 0.409524 0.176259 0.406349 0.176259 0.400000 0.183453 0.400000 0.194245 0.403175 0.197842 0.403175 0.201439 0.409524 0.208633 0.415873 0.208633 0.419048 0.205036 0.422222 0.205036 0.425397 0.201439 0.425397 0.197842 0.431746 0.187050
0 0.568254 0.194245 0.565079 0.190647 0.558730 0.190647 0.555556 0.194245 0.552381 0.194245 0.549206 0.197842 0.549206 0.201439 0.539683 0.212230 0.539683 0.223022 0.542857 0.223022 0.546032 0.226619 0.549206 0.226619 0.552381 0.223022 0.558730 0.223022 0.558730 0.219424 0.565079 0.212230 0.565079 0.208633 0.568254 0.205036
0 0.209524 0.197842 0.209524 0.201439 0.206349 0.205036 0.206349 0.219424 0.209524 0.223022 0.209524 0.230216 0.212698 0.233813 0.212698 0.237410 0.222222 0.244604 0.234921 0.244604 0.238095 0.241007 0.238095 0.233813 0.241270 0.230216 0.238095 0.226619 0.238095 0.219424 0.222222 0.197842
0 0.142857 0.201439 0.142857 0.212230 0.149206 0.223022 0.149206 0.230216 0.152381 0.233813 0.158730 0.251799 0.161905 0.251799 0.168254 0.258993 0.174603 0.258993 0.174603 0.251799 0.161905 0.237410 0.158730 0.226619 0.152381 0.219424 0.152381 0.215827 0.149206 0.212230 0.149206 0.205036 0.146032 0.201439
0 0.482540 0.201439 0.482540 0.208633 0.488889 0.219424 0.488889 0.233813 0.492063 0.237410 0.492063 0.241007 0.495238 0.244604 0.504762 0.244604 0.511111 0.233813 0.511111 0.223022 0.504762 0.215827 0.498413 0.215827 0.495238 0.212230 0.492063 0.212230
0 0.977778 0.201439 0.971429 0.208633 0.971429 0.223022 0.974603 0.226619 0.980952 0.226619 0.984127 0.230216 0.987302 0.226619 0.993651 0.226619 0.993651 0.205036 0.990476 0.201439
0 0.168254 0.205036 0.161905 0.212230 0.161905 0.219424 0.171429 0.230216 0.171429 0.233813 0.174603 0.237410 0.177778 0.237410 0.180952 0.241007 0.190476 0.241007 0.193651 0.237410 0.193651 0.223022 0.190476 0.219424 0.190476 0.212230 0.184127 0.205036
0 0.669841 0.208633 0.660317 0.223022 0.660317 0.244604 0.663492 0.248201 0.663492 0.251799 0.673016 0.262590 0.676190 0.262590 0.679365 0.266187 0.688889 0.258993 0.688889 0.248201 0.692063 0.244604 0.692063 0.241007 0.688889 0.237410 0.688889 0.226619 0.685714 0.223022 0.682540 0.212230 0.679365 0.208633
0 0.447619 0.215827 0.447619 0.237410 0.457143 0.244604 0.469841 0.244604 0.473016 0.241007 0.473016 0.226619 0.469841 0.223022 0.469841 0.219424 0.463492 0.212230 0.453968 0.212230 0.450794 0.215827
0 0.279365 0.219424 0.279365 0.223022 0.276190 0.226619 0.276190 0.233813 0.279365 0.233813 0.282540 0.237410 0.288889 0.237410 0.292063 0.233813 0.295238 0.233813 0.295238 0.223022 0.292063 0.219424
0 0.876190 0.219424 0.873016 0.223022 0.873016 0.237410 0.879365 0.244604 0.885714 0.244604 0.888889 0.241007 0.888889 0.237410 0.885714 0.233813 0.885714 0.230216 0.888889 0.226619 0.888889 0.223022 0.885714 0.219424
0 0.844444 0.233813 0.844444 0.237410 0.841270 0.241007 0.841270 0.244604 0.844444 0.248201 0.844444 0.251799 0.841270 0.255396 0.841270 0.269784 0.847619 0.276978 0.850794 0.276978 0.857143 0.269784 0.857143 0.237410 0.853968 0.237410 0.850794 0.233813
0 0.117460 0.237410 0.114286 0.241007 0.114286 0.255396 0.117460 0.258993 0.117460 0.262590 0.123810 0.273381 0.133333 0.273381 0.139683 0.266187 0.139683 0.255396 0.133333 0.244604 0.130159 0.244604 0.126984 0.241007 0.120635 0.241007
0 0.580952 0.237410 0.577778 0.241007 0.577778 0.269784 0.580952 0.273381 0.584127 0.284173 0.593651 0.284173 0.593651 0.280576 0.600000 0.269784 0.600000 0.244604 0.593651 0.237410
0 0.603175 0.262590 0.619048 0.262590 0.622222 0.258993 0.634921 0.258993 0.634921 0.255396 0.638095 0.251799 0.631746 0.244604 0.603175 0.244604
0 0.993651 0.248201 0.987302 0.248201 0.984127 0.251799 0.977778 0.251799 0.977778 0.258993 0.974603 0.262590 0.974603 0.266187 0.977778 0.269784 0.977778 0.276978 0.984127 0.284173 0.990476 0.284173 0.993651 0.280576
0 0.457143 0.262590 0.453968 0.266187 0.453968 0.284173 0.463492 0.291367 0.476190 0.291367 0.479365 0.287770 0.479365 0.269784 0.473016 0.262590 0.469841 0.262590 0.466667 0.258993 0.463492 0.258993 0.460317 0.262590
0 0.787302 0.262590 0.796825 0.280576 0.796825 0.291367 0.806349 0.312950 0.812698 0.316547 0.825397 0.316547 0.825397 0.302158 0.815873 0.280576 0.803175 0.266187 0.796825 0.262590
0 0.552381 0.269784 0.549206 0.266187 0.542857 0.266187 0.533333 0.276978 0.523810 0.276978 0.514286 0.269784 0.507937 0.269784 0.507937 0.273381 0.504762 0.276978 0.507937 0.280576 0.507937 0.287770 0.511111 0.291367 0.511111 0.294964 0.514286 0.294964 0.517460 0.298561 0.526984 0.298561 0.530159 0.294964 0.536508 0.294964 0.539683 0.291367 0.542857 0.291367 0.552381 0.280576
0 0.358730 0.269784 0.358730 0.273381 0.355556 0.276978 0.355556 0.291367 0.358730 0.294964 0.361905 0.294964 0.365079 0.298561 0.374603 0.298561 0.384127 0.291367 0.384127 0.280576 0.380952 0.276978 0.380952 0.273381 0.377778 0.273381 0.374603 0.269784
0 0.711111 0.273381 0.704762 0.280576 0.704762 0.287770 0.701587 0.291367 0.701587 0.294964 0.704762 0.298561 0.704762 0.305755 0.707937 0.309353 0.711111 0.309353 0.717460 0.316547 0.723810 0.316547 0.726984 0.312950 0.726984 0.287770 0.723810 0.284173 0.720635 0.273381
0 0.933333 0.273381 0.923810 0.284173 0.923810 0.287770 0.926984 0.291367 0.926984 0.298561 0.933333 0.305755 0.949206 0.305755 0.955556 0.298561 0.955556 0.280576 0.949206 0.273381
0 0.879365 0.276978 0.869841 0.276978 0.866667 0.280576 0.863492 0.280576 0.853968 0.291367 0.853968 0.309353 0.857143 0.312950 0.873016 0.312950 0.885714 0.298561 0.885714 0.287770
0 0.165079 0.280576 0.158730 0.287770 0.158730 0.305755 0.161905 0.309353 0.161905 0.316547 0.168254 0.330935 0.177778 0.341727 0.187302 0.341727 0.193651 0.330935 0.193651 0.312950 0.187302 0.298561 0.177778 0.287770
0 0.761905 0.284173 0.758730 0.287770 0.758730 0.302158 0.765079 0.309353 0.768254 0.309353 0.771429 0.312950 0.774603 0.309353 0.777778 0.309353 0.780952 0.305755 0.780952 0.294964 0.771429 0.284173
0 0.425397 0.302158 0.425397 0.309353 0.428571 0.312950 0.431746 0.312950 0.438095 0.320144 0.441270 0.320144 0.450794 0.327338 0.457143 0.327338 0.463492 0.320144 0.463492 0.312950 0.460317 0.309353 0.450794 0.305755 0.444444 0.298561 0.441270 0.298561 0.438095 0.294964 0.434921 0.294964
0 0.571429 0.312950 0.568254 0.323741 0.580952 0.338129 0.587302 0.338129 0.600000 0.345324 0.609524 0.345324 0.619048 0.330935 0.619048 0.316547 0.609524 0.305755 0.587302 0.305755 0.584127 0.309353 0.574603 0.309353
0 0.298413 0.327338 0.298413 0.338129 0.301587 0.338129 0.304762 0.341727 0.314286 0.334532 0.320635 0.334532 0.323810 0.338129 0.326984 0.338129 0.330159 0.334532 0.330159 0.330935 0.323810 0.323741 0.320635 0.323741 0.317460 0.320144 0.307937 0.320144
0 0.631746 0.334532 0.631746 0.338129 0.628571 0.341727 0.628571 0.356115 0.638095 0.363309 0.650794 0.363309 0.653968 0.359712 0.653968 0.341727 0.650794 0.338129 0.650794 0.334532 0.647619 0.334532 0.644444 0.330935 0.638095 0.330935 0.634921 0.334532
0 0.673016 0.330935 0.673016 0.363309 0.676190 0.366906 0.676190 0.377698 0.685714 0.399281 0.692063 0.402878 0.695238 0.395683 0.695238 0.374101 0.692063 0.370504 0.695238 0.366906 0.695238 0.356115 0.692063 0.352518 0.692063 0.341727
0 0.857143 0.338129 0.857143 0.352518 0.860317 0.356115 0.860317 0.359712 0.866667 0.366906 0.869841 0.366906 0.873016 0.370504 0.882540 0.370504 0.885714 0.366906 0.888889 0.366906 0.888889 0.363309 0.895238 0.356115 0.895238 0.338129 0.885714 0.330935 0.866667 0.330935
0 0.333333 0.334532 0.330159 0.338129 0.330159 0.345324 0.333333 0.348921 0.333333 0.352518 0.336508 0.356115 0.336508 0.359712 0.346032 0.359712 0.346032 0.352518 0.339683 0.345324 0.339683 0.341727
0 0.939683 0.334532 0.926984 0.334532 0.917460 0.341727 0.917460 0.363309 0.926984 0.374101 0.933333 0.374101 0.936508 0.370504 0.946032 0.366906 0.946032 0.338129 0.942857 0.338129
0 0.196825 0.348921 0.196825 0.363309 0.203175 0.370504 0.203175 0.374101 0.206349 0.374101 0.209524 0.377698 0.215873 0.377698 0.219048 0.374101 0.219048 0.363309 0.212698 0.356115 0.212698 0.352518 0.209524 0.348921
0 0.711111 0.348921 0.704762 0.356115 0.704762 0.366906 0.707937 0.370504 0.707937 0.374101 0.711111 0.377698 0.723810 0.377698 0.730159 0.370504 0.730159 0.356115 0.723810 0.348921
0 0.514286 0.370504 0.514286 0.381295 0.520635 0.388489 0.520635 0.392086 0.523810 0.392086 0.526984 0.395683 0.533333 0.395683 0.536508 0.392086 0.536508 0.377698 0.533333 0.374101 0.533333 0.370504 0.530159 0.370504 0.526984 0.366906 0.520635 0.366906 0.517460 0.370504
0 0.622222 0.377698 0.619048 0.381295 0.619048 0.395683 0.622222 0.399281 0.622222 0.402878 0.625397 0.406475 0.631746 0.406475 0.638095 0.399281 0.638095 0.384892 0.631746 0.377698
0 0.876190 0.388489 0.876190 0.395683 0.879365 0.395683 0.882540 0.399281 0.895238 0.399281 0.895238 0.395683 0.898413 0.392086 0.898413 0.388489 0.895238 0.384892 0.885714 0.384892 0.882540 0.388489
0 0.244444 0.392086 0.244444 0.417266 0.247619 0.420863 0.250794 0.438849 0.257143 0.446043 0.257143 0.453237 0.263492 0.460432 0.273016 0.464029 0.276190 0.460432 0.276190 0.435252 0.260317 0.399281 0.257143 0.395683
0 0.726984 0.392086 0.723810 0.395683 0.720635 0.395683 0.717460 0.399281 0.714286 0.399281 0.714286 0.413669 0.720635 0.420863 0.723810 0.420863 0.726984 0.424460 0.730159 0.424460 0.733333 0.420863 0.736508 0.420863 0.736508 0.417266 0.739683 0.413669 0.739683 0.399281 0.736508 0.395683 0.733333 0.395683 0.730159 0.392086
0 0.285714 0.399281 0.285714 0.402878 0.282540 0.406475 0.282540 0.424460 0.285714 0.428058 0.288889 0.438849 0.295238 0.446043 0.304762 0.446043 0.307937 0.442446 0.307937 0.420863 0.304762 0.417266 0.304762 0.410072 0.295238 0.399281
0 0.857143 0.406475 0.853968 0.410072 0.853968 0.424460 0.850794 0.428058 0.850794 0.446043 0.857143 0.453237 0.860317 0.453237 0.869841 0.442446 0.869841 0.428058 0.866667 0.424460 0.866667 0.417266 0.863492 0.413669 0.863492 0.410072 0.860317 0.410072
0 0.209524 0.413669 0.206349 0.417266 0.206349 0.424460 0.209524 0.428058 0.209524 0.431655 0.215873 0.438849 0.222222 0.438849 0.225397 0.435252 0.225397 0.431655 0.222222 0.428058 0.222222 0.424460 0.212698 0.413669
0 0.568254 0.413669 0.565079 0.413669 0.552381 0.428058 0.552381 0.438849 0.558730 0.446043 0.565079 0.446043 0.568254 0.442446 0.571429 0.442446 0.577778 0.435252 0.577778 0.424460 0.574603 0.420863 0.574603 0.417266 0.571429 0.417266
0 0.892063 0.424460 0.892063 0.435252 0.898413 0.442446 0.901587 0.442446 0.904762 0.446043 0.911111 0.446043 0.914286 0.449640 0.920635 0.449640 0.923810 0.453237 0.926984 0.449640 0.930159 0.449640 0.930159 0.438849 0.920635 0.428058 0.914286 0.428058 0.911111 0.424460
0 0.425397 0.428058 0.422222 0.431655 0.422222 0.442446 0.425397 0.446043 0.425397 0.449640 0.431746 0.449640 0.434921 0.446043 0.438095 0.446043 0.438095 0.435252 0.431746 0.428058
0 0.390476 0.431655 0.384127 0.438849 0.384127 0.442446 0.380952 0.446043 0.380952 0.456835 0.384127 0.460432 0.384127 0.464029 0.387302 0.464029 0.390476 0.467626 0.400000 0.471223 0.409524 0.464029 0.409524 0.460432 0.412698 0.456835 0.412698 0.442446 0.403175 0.431655
0 0.787302 0.431655 0.787302 0.453237 0.790476 0.456835 0.790476 0.464029 0.800000 0.474820 0.800000 0.478417 0.815873 0.478417 0.815873 0.474820 0.819048 0.471223 0.815873 0.467626 0.809524 0.449640 0.796825 0.435252 0.790476 0.435252
0 0.638095 0.453237 0.638095 0.456835 0.634921 0.460432 0.638095 0.464029 0.638095 0.467626 0.647619 0.478417 0.657143 0.478417 0.663492 0.467626 0.663492 0.460432 0.660317 0.456835 0.660317 0.453237 0.657143 0.453237 0.653968 0.449640 0.644444 0.449640 0.641270 0.453237
0 0.200000 0.464029 0.200000 0.474820 0.203175 0.478417 0.203175 0.482014 0.209524 0.489209 0.219048 0.489209 0.225397 0.482014 0.228571 0.482014 0.228571 0.464029 0.222222 0.456835 0.206349 0.456835
0 0.952381 0.456835 0.952381 0.471223 0.961905 0.482014 0.974603 0.482014 0.974603 0.478417 0.977778 0.474820 0.977778 0.471223 0.974603 0.467626 0.974603 0.464029 0.968254 0.456835
0 0.682540 0.460432 0.679365 0.464029 0.676190 0.464029 0.676190 0.485612 0.679365 0.489209 0.688889 0.489209 0.692063 0.485612 0.692063 0.474820 0.688889 0.471223 0.688889 0.467626
0 0.533333 0.467626 0.530159 0.471223 0.530159 0.478417 0.533333 0.482014 0.533333 0.485612 0.542857 0.496403 0.542857 0.500000 0.546032 0.500000 0.549206 0.496403 0.549206 0.489209 0.546032 0.485612 0.546032 0.478417 0.536508 0.467626
0 0.593651 0.467626 0.593651 0.471223 0.590476 0.474820 0.590476 0.492806 0.593651 0.496403 0.603175 0.496403 0.606349 0.492806 0.606349 0.489209 0.609524 0.485612 0.606349 0.482014 0.606349 0.474820 0.603175 0.471223 0.603175 0.467626
0 0.904762 0.478417 0.898413 0.485612 0.895238 0.485612 0.895238 0.489209 0.892063 0.492806 0.892063 0.500000 0.895238 0.503597 0.898413 0.514388 0.901587 0.514388 0.904762 0.517986 0.914286 0.517986 0.923810 0.510791 0.923810 0.503597 0.926984 0.500000 0.926984 0.496403 0.923810 0.492806 0.923810 0.485612 0.917460 0.478417
0 0.279365 0.482014 0.276190 0.485612 0.276190 0.492806 0.279365 0.496403 0.279365 0.500000 0.282540 0.503597 0.282540 0.507194 0.288889 0.514388 0.298413 0.514388 0.298413 0.510791 0.301587 0.507194 0.301587 0.492806 0.298413 0.489209 0.298413 0.485612 0.295238 0.482014
0 0.257143 0.500000 0.257143 0.514388 0.260317 0.517986 0.260317 0.521583 0.269841 0.521583 0.269841 0.510791 0.266667 0.507194 0.266667 0.503597 0.263492 0.503597 0.260317 0.500000
0 0.825397 0.500000 0.819048 0.507194 0.819048 0.525180 0.825397 0.532374 0.828571 0.532374 0.831746 0.535971 0.834921 0.532374 0.838095 0.532374 0.838095 0.528777 0.841270 0.525180 0.841270 0.521583 0.844444 0.517986 0.844444 0.514388 0.838095 0.503597 0.834921 0.503597 0.831746 0.500000
0 0.384127 0.503597 0.384127 0.507194 0.380952 0.510791 0.380952 0.525180 0.384127 0.528777 0.384127 0.532374 0.393651 0.543165 0.403175 0.543165 0.406349 0.539568 0.409524 0.539568 0.415873 0.528777 0.415873 0.517986 0.403175 0.503597
0 0.146032 0.514388 0.146032 0.528777 0.149206 0.532374 0.152381 0.532374 0.155556 0.535971 0.168254 0.535971 0.171429 0.539568 0.180952 0.539568 0.177778 0.535971 0.177778 0.532374 0.168254 0.521583 0.168254 0.517986 0.165079 0.514388 0.158730 0.514388 0.155556 0.510791
0 0.444444 0.514388 0.434921 0.525180 0.434921 0.528777 0.431746 0.532374 0.431746 0.543165 0.434921 0.546763 0.434921 0.550360 0.447619 0.564748 0.450794 0.564748 0.453968 0.568345 0.460317 0.568345 0.460317 0.528777 0.457143 0.525180 0.457143 0.517986 0.453968 0.514388
0 0.625397 0.514388 0.619048 0.521583 0.619048 0.528777 0.625397 0.535971 0.628571 0.535971 0.631746 0.539568 0.634921 0.539568 0.634921 0.535971 0.641270 0.528777 0.641270 0.521583 0.634921 0.514388
0 0.673016 0.514388 0.673016 0.517986 0.669841 0.521583 0.669841 0.525180 0.673016 0.528777 0.673016 0.532374 0.676190 0.532374 0.682540 0.539568 0.685714 0.539568 0.688889 0.543165 0.698413 0.543165 0.698413 0.539568 0.701587 0.535971 0.701587 0.528777 0.695238 0.521583 0.695238 0.517986 0.692063 0.517986 0.688889 0.514388
0 0.853968 0.514388 0.850794 0.517986 0.850794 0.550360 0.853968 0.553957 0.853968 0.557554 0.863492 0.557554 0.869841 0.550360 0.869841 0.543165 0.873016 0.539568 0.873016 0.528777 0.869841 0.525180 0.869841 0.521583 0.863492 0.514388
0 0.333333 0.517986 0.326984 0.525180 0.326984 0.539568 0.333333 0.550360 0.336508 0.550360 0.339683 0.553957 0.342857 0.553957 0.346032 0.550360 0.349206 0.550360 0.349206 0.546763 0.352381 0.543165 0.352381 0.528777 0.342857 0.517986
0 0.479365 0.517986 0.476190 0.521583 0.473016 0.521583 0.473016 0.539568 0.476190 0.543165 0.476190 0.561151 0.482540 0.568345 0.488889 0.568345 0.495238 0.557554 0.495238 0.546763 0.498413 0.543165 0.498413 0.539568 0.495238 0.535971 0.495238 0.528777 0.488889 0.521583 0.482540 0.521583
0 0.933333 0.532374 0.942857 0.543165 0.955556 0.543165 0.958730 0.539568 0.958730 0.528777 0.955556 0.525180 0.949206 0.525180 0.946032 0.521583 0.942857 0.525180 0.939683 0.525180
0 0.746032 0.535971 0.749206 0.539568 0.752381 0.539568 0.768254 0.550360 0.780952 0.550360 0.784127 0.546763 0.787302 0.546763 0.787302 0.543165 0.790476 0.539568 0.787302 0.528777 0.784127 0.528777 0.780952 0.525180 0.758730 0.525180 0.755556 0.528777 0.752381 0.528777
0 0.930159 0.528777 0.920635 0.528777 0.914286 0.535971 0.911111 0.535971 0.907937 0.539568 0.907937 0.546763 0.917460 0.557554 0.920635 0.553957 0.923810 0.553957 0.930159 0.546763 0.930159 0.543165 0.933333 0.539568 0.933333 0.535971 0.930159 0.532374
0 0.257143 0.535971 0.250794 0.535971 0.247619 0.539568 0.244444 0.539568 0.244444 0.543165 0.241270 0.546763 0.241270 0.557554 0.247619 0.564748 0.253968 0.564748 0.260317 0.557554 0.260317 0.550360 0.263492 0.546763 0.263492 0.543165
0 0.282540 0.535971 0.279365 0.535971 0.273016 0.543165 0.273016 0.550360 0.266667 0.561151 0.266667 0.568345 0.260317 0.575540 0.260317 0.579137 0.253968 0.589928 0.253968 0.593525 0.257143 0.597122 0.266667 0.597122 0.276190 0.579137 0.276190 0.571942 0.279365 0.568345 0.279365 0.564748 0.282540 0.561151 0.282540 0.553957 0.285714 0.550360 0.285714 0.539568
0 0.577778 0.553957 0.577778 0.561151 0.580952 0.564748 0.580952 0.568345 0.600000 0.568345 0.603175 0.564748 0.606349 0.564748 0.606349 0.561151 0.609524 0.557554 0.606349 0.553957 0.606349 0.550360 0.600000 0.543165 0.587302 0.543165
0 0.511111 0.553957 0.504762 0.561151 0.504762 0.564748 0.501587 0.568345 0.501587 0.575540 0.507937 0.582734 0.520635 0.582734 0.523810 0.579137 0.523810 0.571942 0.526984 0.568345 0.523810 0.564748 0.523810 0.561151 0.517460 0.553957
0 0.885714 0.553957 0.882540 0.557554 0.879365 0.557554 0.873016 0.568345 0.873016 0.582734 0.876190 0.586331 0.888889 0.586331 0.898413 0.575540 0.898413 0.564748 0.892063 0.557554 0.888889 0.557554
0 0.419048 0.561151 0.409524 0.568345 0.409524 0.575540 0.406349 0.579137 0.406349 0.589928 0.409524 0.593525 0.409524 0.597122 0.412698 0.597122 0.415873 0.600719 0.428571 0.600719 0.438095 0.589928 0.438095 0.575540 0.428571 0.564748
0 0.352381 0.564748 0.339683 0.582734 0.346032 0.586331 0.355556 0.600719 0.352381 0.607914 0.358730 0.618705 0.361905 0.618705 0.374603 0.633094 0.384127 0.633094 0.387302 0.636691 0.384127 0.629496 0.384127 0.615108 0.374603 0.600719 0.374603 0.589928 0.361905 0.564748
0 0.714286 0.564748 0.714286 0.582734 0.717460 0.586331 0.717460 0.589928 0.723810 0.597122 0.726984 0.597122 0.730159 0.600719 0.736508 0.600719 0.739683 0.597122 0.739683 0.586331 0.736508 0.582734 0.736508 0.579137 0.733333 0.575540 0.733333 0.571942 0.726984 0.564748
0 0.780952 0.571942 0.780952 0.586331 0.787302 0.593525 0.806349 0.593525 0.812698 0.586331 0.812698 0.571942 0.806349 0.564748 0.790476 0.564748
0 0.139683 0.568345 0.139683 0.575540 0.142857 0.579137 0.142857 0.582734 0.149206 0.589928 0.149206 0.593525 0.152381 0.597122 0.155556 0.597122 0.155556 0.589928 0.152381 0.586331 0.152381 0.582734 0.146032 0.575540 0.146032 0.571942 0.142857 0.568345
0 0.552381 0.568345 0.542857 0.568345 0.542857 0.571942 0.539683 0.575540 0.539683 0.579137 0.536508 0.582734 0.536508 0.589928 0.539683 0.593525 0.542857 0.593525 0.546032 0.597122 0.549206 0.593525 0.552381 0.593525 0.555556 0.589928 0.558730 0.589928 0.561905 0.586331 0.561905 0.579137 0.558730 0.579137 0.555556 0.575540 0.555556 0.571942
0 0.180952 0.571942 0.180952 0.582734 0.187302 0.589928 0.187302 0.597122 0.190476 0.600719 0.190476 0.604317 0.196825 0.611511 0.200000 0.611511 0.203175 0.607914 0.203175 0.600719 0.200000 0.597122 0.200000 0.593525 0.196825 0.589928 0.196825 0.586331 0.193651 0.582734 0.193651 0.579137 0.187302 0.571942
0 0.298413 0.571942 0.292063 0.571942 0.279365 0.593525 0.279365 0.604317 0.276190 0.607914 0.276190 0.622302 0.279365 0.625899 0.279365 0.629496 0.285714 0.629496 0.288889 0.618705 0.295238 0.611511 0.298413 0.611511 0.298413 0.607914 0.301587 0.604317 0.301587 0.579137 0.298413 0.575540
0 0.993651 0.575540 0.990476 0.571942 0.984127 0.571942 0.980952 0.575540 0.974603 0.575540 0.971429 0.579137 0.968254 0.579137 0.965079 0.582734 0.965079 0.597122 0.968254 0.597122 0.971429 0.600719 0.977778 0.600719 0.980952 0.597122 0.987302 0.597122 0.987302 0.593525 0.993651 0.586331
0 0.923810 0.579137 0.914286 0.579137 0.907937 0.586331 0.907937 0.597122 0.911111 0.597122 0.917460 0.589928 0.920635 0.589928 0.923810 0.586331
0 0.117460 0.586331 0.117460 0.597122 0.120635 0.600719 0.120635 0.604317 0.126984 0.611511 0.130159 0.611511 0.133333 0.615108 0.139683 0.615108 0.146032 0.607914 0.146032 0.604317 0.142857 0.604317 0.126984 0.586331
0 0.692063 0.586331 0.685714 0.597122 0.685714 0.607914 0.688889 0.611511 0.688889 0.615108 0.707937 0.633094 0.714286 0.633094 0.717460 0.629496 0.720635 0.629496 0.720635 0.625899 0.723810 0.622302 0.720635 0.618705 0.717460 0.607914 0.711111 0.600719 0.707937 0.589928 0.704762 0.589928 0.701587 0.586331
0 0.615873 0.604317 0.612698 0.607914 0.612698 0.618705 0.622222 0.629496 0.625397 0.629496 0.628571 0.633094 0.638095 0.633094 0.644444 0.622302 0.641270 0.618705 0.641270 0.615108 0.631746 0.604317 0.628571 0.604317 0.625397 0.600719 0.622222 0.600719 0.619048 0.604317
0 0.838095 0.607914 0.828571 0.600719 0.822222 0.600719 0.806349 0.611511 0.800000 0.611511 0.796825 0.615108 0.793651 0.615108 0.790476 0.618705 0.790476 0.625899 0.793651 0.625899 0.796825 0.629496 0.812698 0.629496 0.815873 0.625899 0.828571 0.625899 0.838095 0.618705
0 0.552381 0.618705 0.549206 0.622302 0.549206 0.636691 0.555556 0.643885 0.558730 0.643885 0.561905 0.647482 0.565079 0.647482 0.568254 0.643885 0.571429 0.643885 0.574603 0.640288 0.574603 0.633094 0.571429 0.629496 0.571429 0.625899 0.565079 0.618705
0 0.961905 0.636691 0.958730 0.636691 0.955556 0.633094 0.949206 0.633094 0.946032 0.636691 0.942857 0.636691 0.942857 0.640288 0.939683 0.643885 0.939683 0.654676 0.936508 0.658273 0.942857 0.665468 0.955556 0.665468 0.961905 0.658273 0.965079 0.658273 0.968254 0.654676 0.968254 0.647482
0 0.676190 0.636691 0.669841 0.647482 0.669841 0.654676 0.673016 0.658273 0.673016 0.665468 0.679365 0.672662 0.688889 0.676259 0.692063 0.672662 0.695238 0.672662 0.704762 0.661871 0.704762 0.658273 0.707937 0.654676 0.704762 0.651079 0.704762 0.647482 0.701587 0.647482 0.695238 0.640288 0.692063 0.640288 0.688889 0.636691
0 0.346032 0.643885 0.349206 0.654676 0.339683 0.661871 0.339683 0.683453 0.349206 0.694245 0.352381 0.694245 0.355556 0.690647 0.358730 0.690647 0.365079 0.683453 0.365079 0.676259 0.368254 0.672662 0.368254 0.661871 0.358730 0.651079 0.352381 0.651079
0 0.587302 0.647482 0.580952 0.658273 0.580952 0.665468 0.584127 0.669065 0.584127 0.672662 0.596825 0.672662 0.606349 0.679856 0.612698 0.679856 0.615873 0.676259 0.615873 0.669065 0.612698 0.665468 0.606349 0.665468 0.603175 0.661871 0.603175 0.658273 0.596825 0.647482
0 0.222222 0.658273 0.219048 0.661871 0.219048 0.672662 0.222222 0.676259 0.222222 0.683453 0.225397 0.687050 0.225397 0.690647 0.234921 0.701439 0.238095 0.701439 0.241270 0.705036 0.250794 0.705036 0.253968 0.701439 0.253968 0.694245 0.250794 0.690647 0.250794 0.687050 0.238095 0.672662 0.238095 0.669065 0.231746 0.661871
0 0.723810 0.661871 0.720635 0.665468 0.717460 0.665468 0.717460 0.672662 0.714286 0.676259 0.714286 0.690647 0.717460 0.694245 0.717460 0.701439 0.720635 0.705036 0.720635 0.708633 0.733333 0.708633 0.742857 0.697842 0.742857 0.683453 0.739683 0.679856 0.739683 0.676259 0.730159 0.665468 0.726984 0.665468
0 0.304762 0.665468 0.298413 0.676259 0.298413 0.683453 0.301587 0.687050 0.301587 0.694245 0.304762 0.697842 0.307937 0.708633 0.311111 0.708633 0.317460 0.715827 0.323810 0.715827 0.326984 0.705036 0.323810 0.701439 0.323810 0.697842 0.317460 0.690647 0.311111 0.669065 0.307937 0.665468
0 0.434921 0.665468 0.434921 0.683453 0.438095 0.687050 0.438095 0.690647 0.441270 0.690647 0.450794 0.697842 0.457143 0.697842 0.460317 0.694245 0.463492 0.694245 0.463492 0.679856 0.453968 0.669065 0.450794 0.669065 0.447619 0.665468
0 0.514286 0.669065 0.511111 0.672662 0.507937 0.672662 0.501587 0.679856 0.501587 0.690647 0.507937 0.697842 0.511111 0.697842 0.514286 0.701439 0.520635 0.701439 0.530159 0.694245 0.530159 0.687050 0.533333 0.683453 0.530159 0.679856 0.530159 0.676259 0.523810 0.669065
0 0.955556 0.690647 0.958730 0.694245 0.958730 0.697842 0.968254 0.705036 0.984127 0.705036 0.987302 0.701439 0.990476 0.701439 0.990476 0.697842 0.993651 0.694245 0.993651 0.679856 0.984127 0.669065 0.971429 0.669065 0.958730 0.683453 0.958730 0.687050
0 0.111111 0.672662 0.107937 0.676259 0.107937 0.694245 0.111111 0.697842 0.111111 0.712230 0.117460 0.719424 0.123810 0.719424 0.123810 0.715827 0.126984 0.712230 0.126984 0.705036 0.130159 0.701439 0.126984 0.697842 0.123810 0.687050
0 0.387302 0.672662 0.380952 0.672662 0.368254 0.687050 0.368254 0.712230 0.371429 0.715827 0.371429 0.719424 0.374603 0.719424 0.380952 0.712230 0.384127 0.712230 0.393651 0.701439 0.393651 0.679856
0 0.765079 0.676259 0.761905 0.679856 0.761905 0.690647 0.765079 0.690647 0.768254 0.694245 0.771429 0.694245 0.774603 0.697842 0.777778 0.697842 0.784127 0.690647 0.784127 0.687050 0.777778 0.679856 0.774603 0.679856 0.771429 0.676259
0 0.898413 0.679856 0.892063 0.679856 0.888889 0.683453 0.888889 0.687050 0.885714 0.690647 0.885714 0.705036 0.888889 0.708633 0.892063 0.708633 0.901587 0.697842 0.901587 0.683453
0 0.809524 0.683453 0.806349 0.687050 0.803175 0.687050 0.803175 0.690647 0.796825 0.701439 0.796825 0.708633 0.803175 0.715827 0.806349 0.715827 0.809524 0.719424 0.815873 0.719424 0.825397 0.708633 0.825397 0.705036 0.828571 0.701439 0.825397 0.697842 0.825397 0.694245 0.819048 0.687050
0 0.857143 0.687050 0.857143 0.701439 0.860317 0.705036 0.863492 0.705036 0.866667 0.708633 0.866667 0.687050
0 0.936508 0.687050 0.936508 0.694245 0.942857 0.701439 0.942857 0.705036 0.946032 0.708633 0.946032 0.719424 0.952381 0.719424 0.955556 0.715827 0.955556 0.705036 0.949206 0.697842 0.949206 0.694245 0.946032 0.690647 0.942857 0.690647 0.939683 0.687050
0 0.606349 0.701439 0.603175 0.705036 0.600000 0.705036 0.600000 0.712230 0.596825 0.715827 0.596825 0.726619 0.593651 0.730216 0.593651 0.741007 0.596825 0.744604 0.600000 0.755396 0.609524 0.758993 0.612698 0.755396 0.612698 0.737410 0.615873 0.733813 0.615873 0.719424 0.612698 0.715827 0.612698 0.705036 0.609524 0.705036
0 0.447619 0.715827 0.450794 0.719424 0.450794 0.723022 0.453968 0.726619 0.457143 0.726619 0.460317 0.730216 0.469841 0.730216 0.469841 0.712230 0.450794 0.712230
0 0.561905 0.712230 0.555556 0.719424 0.555556 0.730216 0.561905 0.741007 0.565079 0.741007 0.571429 0.748201 0.577778 0.748201 0.580952 0.744604 0.580952 0.723022 0.574603 0.712230
0 0.914286 0.712230 0.911111 0.715827 0.907937 0.715827 0.907937 0.719424 0.901587 0.730216 0.904762 0.733813 0.904762 0.737410 0.907937 0.741007 0.911111 0.741007 0.923810 0.758993 0.930159 0.758993 0.933333 0.755396 0.936508 0.755396 0.942857 0.744604 0.942857 0.741007 0.939683 0.737410 0.939683 0.730216 0.923810 0.712230
0 0.244444 0.719424 0.244444 0.726619 0.250794 0.733813 0.260317 0.733813 0.260317 0.726619 0.257143 0.723022 0.253968 0.723022 0.250794 0.719424
0 0.834921 0.723022 0.831746 0.726619 0.831746 0.737410 0.834921 0.741007 0.834921 0.748201 0.844444 0.755396 0.850794 0.755396 0.853968 0.751799 0.857143 0.751799 0.857143 0.737410 0.847619 0.726619 0.844444 0.726619 0.841270 0.723022
0 0.993651 0.733813 0.987302 0.733813 0.971429 0.751799 0.971429 0.766187 0.980952 0.773381 0.987302 0.773381 0.990476 0.769784 0.993651 0.769784
0 0.536508 0.737410 0.533333 0.741007 0.530159 0.741007 0.530159 0.762590 0.533333 0.766187 0.533333 0.769784 0.539683 0.776978 0.549206 0.776978 0.549206 0.773381 0.552381 0.769784 0.552381 0.762590 0.555556 0.758993 0.555556 0.751799 0.546032 0.741007
0 0.806349 0.744604 0.800000 0.737410 0.787302 0.737410 0.784127 0.741007 0.780952 0.741007 0.780952 0.744604 0.774603 0.751799 0.761905 0.751799 0.761905 0.758993 0.768254 0.766187 0.771429 0.766187 0.774603 0.769784 0.784127 0.769784 0.787302 0.773381 0.806349 0.755396
0 0.714286 0.741007 0.707937 0.741007 0.704762 0.744604 0.701587 0.744604 0.701587 0.748201 0.698413 0.751799 0.698413 0.762590 0.704762 0.769784 0.711111 0.769784 0.717460 0.762590 0.717460 0.744604
0 0.374603 0.748201 0.374603 0.751799 0.371429 0.755396 0.371429 0.758993 0.374603 0.762590 0.374603 0.766187 0.384127 0.773381 0.393651 0.773381 0.400000 0.762590 0.400000 0.758993 0.396825 0.755396 0.396825 0.751799 0.393651 0.748201 0.393651 0.744604 0.380952 0.744604 0.377778 0.748201
0 0.644444 0.744604 0.634921 0.755396 0.634921 0.769784 0.641270 0.780576 0.653968 0.780576 0.660317 0.773381 0.660317 0.769784 0.663492 0.766187 0.663492 0.762590 0.660317 0.758993 0.660317 0.755396 0.650794 0.744604
0 0.822222 0.758993 0.819048 0.762590 0.819048 0.769784 0.822222 0.773381 0.822222 0.780576 0.828571 0.780576 0.834921 0.773381 0.831746 0.769784 0.831746 0.762590 0.828571 0.758993
0 0.279365 0.769784 0.279365 0.773381 0.276190 0.776978 0.276190 0.784173 0.279365 0.787770 0.282540 0.787770 0.285714 0.791367 0.298413 0.791367 0.301587 0.787770 0.301587 0.773381 0.298413 0.773381 0.295238 0.769784 0.292063 0.769784 0.288889 0.766187 0.285714 0.766187 0.282540 0.769784
0 0.580952 0.766187 0.577778 0.769784 0.574603 0.769784 0.574603 0.773381 0.571429 0.776978 0.571429 0.791367 0.577778 0.798561 0.587302 0.798561 0.590476 0.794964 0.593651 0.794964 0.600000 0.787770 0.600000 0.773381 0.596825 0.769784 0.590476 0.769784 0.587302 0.766187
0 0.949206 0.769784 0.946032 0.766187 0.942857 0.766187 0.939683 0.769784 0.933333 0.769784 0.930159 0.773381 0.926984 0.773381 0.917460 0.784173 0.917460 0.798561 0.920635 0.798561 0.923810 0.802158 0.926984 0.798561 0.933333 0.798561 0.936508 0.794964 0.939683 0.794964 0.939683 0.791367 0.942857 0.787770 0.946032 0.787770 0.946032 0.784173 0.949206 0.780576
0 0.104762 0.780576 0.101587 0.784173 0.098413 0.784173 0.098413 0.787770 0.095238 0.791367 0.095238 0.794964 0.098413 0.798561 0.098413 0.805755 0.101587 0.809353 0.107937 0.809353 0.117460 0.820144 0.123810 0.809353 0.120635 0.805755 0.120635 0.802158 0.114286 0.794964 0.111111 0.784173 0.107937 0.784173
0 0.853968 0.784173 0.850794 0.787770 0.850794 0.794964 0.853968 0.798561 0.857143 0.809353 0.863492 0.816547 0.866667 0.816547 0.869841 0.820144 0.879365 0.820144 0.885714 0.812950 0.885714 0.809353 0.888889 0.805755 0.888889 0.794964 0.885714 0.791367 0.885714 0.787770 0.876190 0.780576 0.860317 0.780576 0.857143 0.784173
0 0.339683 0.784173 0.333333 0.791367 0.333333 0.812950 0.342857 0.830935 0.342857 0.838129 0.346032 0.841727 0.349206 0.841727 0.352381 0.838129 0.352381 0.834532 0.365079 0.823741 0.365079 0.809353 0.361905 0.805755 0.361905 0.802158 0.346032 0.784173
0 0.387302 0.798561 0.387302 0.802158 0.384127 0.805755 0.387302 0.809353 0.387302 0.816547 0.393651 0.823741 0.396825 0.823741 0.400000 0.827338 0.412698 0.827338 0.422222 0.820144 0.422222 0.809353 0.419048 0.805755 0.419048 0.802158 0.409524 0.791367 0.393651 0.791367
0 0.784127 0.802158 0.777778 0.794964 0.771429 0.794964 0.768254 0.798561 0.758730 0.798561 0.755556 0.802158 0.752381 0.802158 0.746032 0.812950 0.752381 0.820144 0.755556 0.820144 0.758730 0.823741 0.777778 0.823741 0.784127 0.816547
0 0.231746 0.809353 0.231746 0.823741 0.234921 0.827338 0.234921 0.830935 0.238095 0.830935 0.241270 0.834532 0.257143 0.834532 0.260317 0.838129 0.269841 0.838129 0.273016 0.834532 0.269841 0.816547 0.266667 0.812950 0.266667 0.809353 0.257143 0.798561 0.244444 0.798561
0 0.507937 0.798561 0.482540 0.798561 0.479365 0.802158 0.479365 0.827338 0.482540 0.830935 0.482540 0.838129 0.492063 0.845324 0.495238 0.845324 0.504762 0.834532 0.504762 0.830935 0.511111 0.820144 0.511111 0.802158
0 0.968254 0.805755 0.961905 0.805755 0.958730 0.802158 0.955556 0.802158 0.952381 0.805755 0.946032 0.805755 0.933333 0.820144 0.933333 0.830935 0.936508 0.834532 0.936508 0.838129 0.939683 0.838129 0.946032 0.845324 0.952381 0.845324 0.955556 0.841727 0.958730 0.841727 0.971429 0.823741 0.971429 0.809353
0 0.726984 0.816547 0.714286 0.816547 0.711111 0.820144 0.707937 0.820144 0.707937 0.823741 0.704762 0.827338 0.704762 0.845324 0.711111 0.856115 0.717460 0.856115 0.717460 0.848921 0.723810 0.841727 0.723810 0.838129 0.726984 0.834532 0.726984 0.827338 0.730159 0.823741 0.730159 0.820144
0 0.380952 0.838129 0.371429 0.838129 0.361905 0.848921 0.361905 0.859712 0.368254 0.866906 0.371429 0.866906 0.374603 0.863309 0.377778 0.863309 0.384127 0.856115 0.384127 0.845324 0.380952 0.841727
0 0.793651 0.838129 0.784127 0.838129 0.774603 0.848921 0.774603 0.852518 0.771429 0.856115 0.771429 0.866906 0.768254 0.870504 0.774603 0.881295 0.777778 0.881295 0.780952 0.877698 0.787302 0.877698 0.787302 0.874101 0.793651 0.866906 0.793651 0.863309 0.796825 0.859712 0.796825 0.841727
0 0.158730 0.841727 0.155556 0.845324 0.155556 0.856115 0.152381 0.859712 0.152381 0.863309 0.155556 0.866906 0.155556 0.870504 0.161905 0.881295 0.171429 0.881295 0.171429 0.866906 0.168254 0.863309 0.168254 0.856115 0.165079 0.852518 0.165079 0.848921 0.161905 0.845324 0.161905 0.841727
0 0.739683 0.841727 0.730159 0.848921 0.723810 0.870504 0.733333 0.884892 0.736508 0.884892 0.739683 0.888489 0.749206 0.888489 0.758730 0.870504 0.758730 0.848921 0.749206 0.841727
0 0.834921 0.845324 0.834921 0.848921 0.831746 0.852518 0.831746 0.863309 0.838095 0.870504 0.857143 0.870504 0.860317 0.866906 0.860317 0.852518 0.857143 0.848921 0.853968 0.848921 0.850794 0.845324 0.844444 0.845324 0.841270 0.841727 0.838095 0.845324
0 0.650794 0.845324 0.647619 0.848921 0.647619 0.852518 0.650794 0.856115 0.650794 0.874101 0.653968 0.877698 0.653968 0.881295 0.657143 0.884892 0.669841 0.884892 0.673016 0.881295 0.673016 0.866906 0.669841 0.863309 0.669841 0.859712 0.663492 0.852518 0.660317 0.852518 0.653968 0.845324
0 0.285714 0.866906 0.279365 0.859712 0.266667 0.859712 0.260317 0.866906 0.250794 0.870504 0.247619 0.874101 0.247619 0.881295 0.250794 0.884892 0.250794 0.888489 0.253968 0.888489 0.257143 0.892086 0.263492 0.892086 0.266667 0.888489 0.276190 0.884892 0.282540 0.877698
0 0.304762 0.863309 0.304762 0.870504 0.314286 0.881295 0.314286 0.884892 0.317460 0.888489 0.326984 0.888489 0.330159 0.884892 0.330159 0.881295 0.333333 0.877698 0.333333 0.870504 0.330159 0.866906 0.326984 0.866906 0.323810 0.870504 0.317460 0.870504 0.311111 0.859712 0.307937 0.863309
