0 0.428571 0.093190 0.415873 0.103943 0.415873 0.107527 0.412698 0.111111 0.412698 0.118280 0.415873 0.121864 0.415873 0.125448 0.428571 0.139785 0.441270 0.139785 0.453968 0.129032 0.453968 0.121864 0.457143 0.118280 0.457143 0.114695 0.453968 0.111111 0.453968 0.103943 0.447619 0.096774 0.444444 0.096774 0.441270 0.093190
0 0.590476 0.111111 0.590476 0.114695 0.584127 0.125448 0.584127 0.139785 0.587302 0.143369 0.590476 0.154122 0.593651 0.157706 0.603175 0.161290 0.606349 0.157706 0.606349 0.136201 0.603175 0.132616 0.603175 0.118280 0.600000 0.114695 0.600000 0.111111
0 0.825397 0.114695 0.825397 0.132616 0.828571 0.136201 0.841270 0.136201 0.844444 0.132616 0.847619 0.132616 0.847619 0.129032 0.850794 0.125448 0.850794 0.118280 0.844444 0.111111 0.831746 0.111111 0.828571 0.114695
0 0.923810 0.118280 0.917460 0.111111 0.907937 0.111111 0.904762 0.114695 0.904762 0.118280 0.898413 0.125448 0.898413 0.132616 0.901587 0.136201 0.907937 0.136201 0.911111 0.132616 0.914286 0.132616 0.917460 0.129032 0.920635 0.129032 0.923810 0.125448
0 0.352381 0.114695 0.352381 0.118280 0.349206 0.121864 0.349206 0.125448 0.352381 0.129032 0.352381 0.132616 0.355556 0.136201 0.358730 0.136201 0.365079 0.129032 0.365079 0.121864 0.361905 0.118280 0.361905 0.114695
0 0.292063 0.121864 0.285714 0.121864 0.269841 0.139785 0.269841 0.146953 0.276190 0.154122 0.282540 0.154122 0.285714 0.150538 0.292063 0.150538 0.301587 0.143369 0.301587 0.132616
0 0.184127 0.125448 0.177778 0.132616 0.177778 0.136201 0.174603 0.139785 0.174603 0.150538 0.184127 0.161290 0.200000 0.161290 0.206349 0.154122 0.206349 0.139785 0.193651 0.125448
0 0.476190 0.125448 0.466667 0.125448 0.466667 0.129032 0.453968 0.146953 0.453968 0.161290 0.457143 0.161290 0.463492 0.168459 0.473016 0.164875 0.473016 0.161290 0.476190 0.157706 0.476190 0.139785 0.479365 0.136201 0.476190 0.132616
0 0.546032 0.125448 0.542857 0.129032 0.539683 0.129032 0.539683 0.146953 0.542857 0.150538 0.542857 0.154122 0.549206 0.161290 0.558730 0.164875 0.561905 0.161290 0.565079 0.161290 0.565079 0.146953 0.561905 0.143369 0.561905 0.136201 0.555556 0.129032 0.549206 0.129032
0 0.117460 0.132616 0.117460 0.164875 0.120635 0.168459 0.126984 0.168459 0.133333 0.161290 0.133333 0.143369 0.123810 0.132616
0 0.320635 0.139785 0.314286 0.146953 0.314286 0.157706 0.317460 0.161290 0.333333 0.161290 0.336508 0.157706 0.336508 0.143369 0.333333 0.139785
0 0.863492 0.139785 0.860317 0.143369 0.857143 0.143369 0.853968 0.146953 0.853968 0.150538 0.850794 0.154122 0.850794 0.168459 0.853968 0.172043 0.860317 0.172043 0.869841 0.161290 0.869841 0.146953
0 0.914286 0.143369 0.911111 0.146953 0.904762 0.146953 0.901587 0.150538 0.901587 0.164875 0.904762 0.168459 0.911111 0.168459 0.914286 0.172043 0.917460 0.168459 0.920635 0.168459 0.923810 0.164875 0.923810 0.161290 0.926984 0.157706 0.926984 0.154122 0.923810 0.150538 0.923810 0.146953 0.917460 0.146953
0 0.365079 0.154122 0.365079 0.172043 0.374603 0.186380 0.380952 0.186380 0.384127 0.189964 0.393651 0.189964 0.396825 0.186380 0.400000 0.186380 0.409524 0.175627 0.409524 0.164875 0.406349 0.161290 0.406349 0.157706 0.393651 0.146953 0.374603 0.146953
0 0.701587 0.161290 0.692063 0.157706 0.688889 0.161290 0.682540 0.161290 0.679365 0.164875 0.679365 0.168459 0.676190 0.172043 0.676190 0.182796 0.682540 0.193548 0.695238 0.193548 0.701587 0.186380 0.701587 0.179211 0.704762 0.175627 0.704762 0.168459 0.701587 0.164875
0 0.520635 0.168459 0.511111 0.164875 0.507937 0.168459 0.501587 0.168459 0.498413 0.172043 0.498413 0.175627 0.495238 0.179211 0.495238 0.189964 0.501587 0.200717 0.514286 0.200717 0.523810 0.189964 0.523810 0.175627 0.520635 0.172043
0 0.619048 0.172043 0.612698 0.182796 0.612698 0.193548 0.619048 0.200717 0.634921 0.200717 0.634921 0.197133 0.641270 0.186380 0.638095 0.182796 0.638095 0.179211 0.631746 0.172043
0 0.311111 0.179211 0.307937 0.182796 0.307937 0.189964 0.311111 0.193548 0.311111 0.197133 0.317460 0.204301 0.326984 0.204301 0.330159 0.200717 0.330159 0.182796 0.326984 0.179211
0 0.133333 0.182796 0.126984 0.189964 0.126984 0.200717 0.130159 0.204301 0.133333 0.215054 0.139683 0.222222 0.142857 0.222222 0.146032 0.225806 0.155556 0.218638 0.155556 0.197133 0.149206 0.186380 0.146032 0.186380 0.142857 0.182796
0 0.653968 0.182796 0.644444 0.186380 0.638095 0.197133 0.638095 0.215054 0.641270 0.218638 0.641270 0.222222 0.644444 0.222222 0.647619 0.225806 0.650794 0.225806 0.660317 0.215054 0.660317 0.211470 0.663492 0.207885 0.663492 0.197133 0.660317 0.193548 0.660317 0.189964
0 0.796825 0.186380 0.796825 0.189964 0.793651 0.193548 0.793651 0.197133 0.796825 0.200717 0.796825 0.207885 0.806349 0.218638 0.815873 0.218638 0.819048 0.215054 0.822222 0.215054 0.822222 0.211470 0.825397 0.207885 0.825397 0.193548 0.822222 0.189964 0.822222 0.186380 0.819048 0.186380 0.815873 0.182796 0.803175 0.182796 0.800000 0.186380
0 0.977778 0.186380 0.974603 0.189964 0.974603 0.204301 0.977778 0.207885 0.977778 0.211470 0.980952 0.211470 0.984127 0.215054 0.987302 0.215054 0.993651 0.207885 0.993651 0.193548 0.987302 0.186380
0 0.714286 0.200717 0.707937 0.211470 0.711111 0.215054 0.711111 0.218638 0.720635 0.229391 0.723810 0.229391 0.726984 0.232975 0.733333 0.232975 0.739683 0.225806 0.739683 0.215054 0.736508 0.211470 0.736508 0.207885 0.730159 0.200717
0 0.882540 0.204301 0.879365 0.207885 0.879365 0.218638 0.882540 0.222222 0.895238 0.222222 0.898413 0.218638 0.898413 0.211470 0.895238 0.207885 0.892063 0.207885 0.888889 0.204301
0 0.936508 0.204301 0.936508 0.207885 0.933333 0.211470 0.933333 0.222222 0.936508 0.225806 0.936508 0.229391 0.942857 0.236559 0.946032 0.236559 0.949206 0.240143 0.955556 0.240143 0.965079 0.229391 0.965079 0.215054 0.958730 0.207885 0.955556 0.207885 0.952381 0.204301
0 0.352381 0.207885 0.349206 0.211470 0.342857 0.211470 0.339683 0.215054 0.339683 0.232975 0.346032 0.240143 0.355556 0.240143 0.365079 0.229391 0.365079 0.222222 0.361905 0.218638 0.361905 0.215054
0 0.384127 0.215054 0.384127 0.229391 0.387302 0.229391 0.390476 0.232975 0.390476 0.236559 0.393651 0.236559 0.396825 0.240143 0.400000 0.240143 0.403175 0.236559 0.415873 0.236559 0.422222 0.229391 0.422222 0.218638 0.406349 0.207885 0.390476 0.207885
0 0.466667 0.211470 0.453968 0.211470 0.447619 0.218638 0.447619 0.247312 0.450794 0.250896 0.450794 0.254480 0.460317 0.254480 0.463492 0.250896 0.466667 0.250896 0.466667 0.243728 0.469841 0.240143 0.469841 0.218638 0.466667 0.215054
0 0.247619 0.225806 0.244444 0.229391 0.244444 0.243728 0.250794 0.250896 0.250794 0.254480 0.257143 0.261649 0.260317 0.261649 0.269841 0.268817 0.279365 0.268817 0.282540 0.272401 0.285714 0.272401 0.288889 0.268817 0.288889 0.261649 0.285714 0.258065 0.285714 0.254480 0.263492 0.229391 0.260317 0.229391 0.257143 0.225806
0 0.771429 0.225806 0.761905 0.232975 0.761905 0.250896 0.765079 0.254480 0.771429 0.254480 0.774603 0.258065 0.777778 0.258065 0.780952 0.254480 0.784127 0.254480 0.790476 0.247312 0.790476 0.232975 0.787302 0.229391 0.780952 0.229391 0.777778 0.225806
0 0.812698 0.240143 0.806349 0.247312 0.806349 0.250896 0.803175 0.254480 0.803175 0.275986 0.809524 0.283154 0.819048 0.286738 0.822222 0.283154 0.825397 0.283154 0.831746 0.275986 0.831746 0.268817 0.834921 0.265233 0.834921 0.261649 0.831746 0.258065 0.831746 0.250896 0.822222 0.240143
0 0.876190 0.243728 0.873016 0.240143 0.869841 0.240143 0.866667 0.243728 0.863492 0.243728 0.863492 0.254480 0.873016 0.254480 0.876190 0.250896
0 0.498413 0.250896 0.498413 0.261649 0.504762 0.268817 0.507937 0.268817 0.511111 0.272401 0.530159 0.272401 0.530159 0.254480 0.523810 0.247312 0.517460 0.247312 0.514286 0.243728 0.511111 0.247312 0.501587 0.247312
0 0.409524 0.258065 0.403175 0.265233 0.406349 0.268817 0.406349 0.275986 0.409524 0.279570 0.409524 0.283154 0.419048 0.290323 0.425397 0.290323 0.434921 0.279570 0.434921 0.272401 0.431746 0.268817 0.431746 0.265233 0.422222 0.258065
0 0.669841 0.261649 0.653968 0.261649 0.650794 0.265233 0.650794 0.283154 0.653968 0.283154 0.657143 0.286738 0.660317 0.286738 0.663492 0.283154 0.666667 0.283154 0.669841 0.279570 0.669841 0.275986 0.673016 0.272401 0.673016 0.268817 0.669841 0.265233
0 0.714286 0.261649 0.707937 0.268817 0.707937 0.290323 0.711111 0.293907 0.720635 0.293907 0.726984 0.286738 0.726984 0.283154 0.730159 0.279570 0.730159 0.272401 0.726984 0.268817 0.726984 0.265233 0.723810 0.265233 0.720635 0.261649
0 0.882540 0.265233 0.879365 0.268817 0.879365 0.272401 0.876190 0.275986 0.876190 0.283154 0.879365 0.286738 0.882540 0.286738 0.885714 0.290323 0.888889 0.290323 0.892063 0.286738 0.892063 0.268817 0.888889 0.265233
0 0.771429 0.272401 0.765079 0.272401 0.761905 0.268817 0.758730 0.268817 0.749206 0.275986 0.749206 0.279570 0.742857 0.286738 0.742857 0.301075 0.749206 0.308244 0.755556 0.308244 0.761905 0.301075 0.761905 0.297491 0.768254 0.290323 0.768254 0.286738 0.771429 0.283154
0 0.987302 0.275986 0.984127 0.279570 0.980952 0.279570 0.980952 0.283154 0.977778 0.286738 0.977778 0.301075 0.980952 0.304659 0.980952 0.308244 0.984127 0.308244 0.990476 0.315412 0.993651 0.315412 0.993651 0.311828 0.996825 0.308244 0.996825 0.293907 0.993651 0.290323 0.996825 0.286738 0.996825 0.283154 0.993651 0.279570 0.993651 0.275986
0 0.622222 0.279570 0.619048 0.283154 0.619048 0.311828 0.625397 0.322581 0.628571 0.322581 0.631746 0.326165 0.638095 0.326165 0.644444 0.318996 0.644444 0.301075 0.641270 0.297491 0.638095 0.286738 0.631746 0.279570
0 0.241270 0.290323 0.238095 0.293907 0.238095 0.322581 0.244444 0.333333 0.250794 0.333333 0.257143 0.326165 0.257143 0.322581 0.260317 0.318996 0.260317 0.301075 0.250794 0.290323
0 0.101587 0.297491 0.098413 0.301075 0.095238 0.301075 0.095238 0.308244 0.092063 0.311828 0.092063 0.326165 0.098413 0.336918 0.107937 0.340502 0.111111 0.336918 0.114286 0.336918 0.120635 0.329749 0.123810 0.318996 0.120635 0.315412 0.120635 0.311828 0.107937 0.297491
0 0.685714 0.304659 0.682540 0.308244 0.679365 0.308244 0.679365 0.333333 0.685714 0.340502 0.695238 0.340502 0.707937 0.326165 0.707937 0.322581 0.695238 0.308244 0.692063 0.308244 0.688889 0.304659
0 0.828571 0.304659 0.812698 0.304659 0.803175 0.315412 0.803175 0.333333 0.806349 0.336918 0.815873 0.336918 0.828571 0.322581 0.828571 0.318996 0.831746 0.315412 0.831746 0.311828 0.828571 0.308244
0 0.955556 0.311828 0.949206 0.318996 0.949206 0.333333 0.955556 0.340502 0.961905 0.340502 0.965079 0.344086 0.968254 0.344086 0.971429 0.340502 0.974603 0.340502 0.977778 0.336918 0.977778 0.322581 0.968254 0.311828
0 0.790476 0.318996 0.787302 0.315412 0.777778 0.315412 0.774603 0.318996 0.771429 0.318996 0.765079 0.326165 0.765079 0.344086 0.780952 0.344086 0.787302 0.336918 0.787302 0.329749 0.790476 0.326165
0 0.473016 0.322581 0.469841 0.326165 0.469841 0.344086 0.473016 0.347670 0.473016 0.351254 0.476190 0.354839 0.485714 0.354839 0.485714 0.351254 0.488889 0.347670 0.488889 0.336918 0.482540 0.329749 0.482540 0.326165 0.479365 0.322581
0 0.723810 0.336918 0.723810 0.344086 0.726984 0.347670 0.742857 0.347670 0.742857 0.344086 0.746032 0.340502 0.746032 0.333333 0.742857 0.329749 0.730159 0.329749
0 0.174603 0.340502 0.174603 0.347670 0.180952 0.354839 0.190476 0.358423 0.196825 0.365591 0.203175 0.365591 0.206349 0.362007 0.212698 0.362007 0.219048 0.354839 0.219048 0.347670 0.215873 0.347670 0.206349 0.340502 0.200000 0.340502 0.196825 0.336918 0.177778 0.336918
0 0.628571 0.336918 0.625397 0.340502 0.625397 0.362007 0.628571 0.365591 0.638095 0.365591 0.641270 0.362007 0.641270 0.358423 0.644444 0.354839 0.644444 0.340502 0.641270 0.340502 0.638095 0.336918
0 0.130159 0.344086 0.117460 0.358423 0.117460 0.365591 0.120635 0.369176 0.120635 0.372760 0.130159 0.383513 0.139683 0.383513 0.146032 0.372760 0.146032 0.351254 0.139683 0.344086
0 0.793651 0.347670 0.790476 0.347670 0.784127 0.354839 0.780952 0.354839 0.780952 0.369176 0.784127 0.372760 0.796825 0.372760 0.796825 0.369176 0.800000 0.365591 0.800000 0.354839
0 0.387302 0.351254 0.380952 0.358423 0.380952 0.372760 0.384127 0.376344 0.384127 0.379928 0.387302 0.379928 0.396825 0.387097 0.406349 0.383513 0.412698 0.376344 0.412698 0.372760 0.409524 0.369176 0.406349 0.358423 0.396825 0.351254
0 0.517460 0.354839 0.511111 0.365591 0.511111 0.383513 0.520635 0.394265 0.523810 0.394265 0.530159 0.387097 0.530159 0.379928 0.533333 0.376344 0.533333 0.369176 0.530159 0.365591 0.530159 0.362007 0.523810 0.354839
0 0.714286 0.358423 0.707937 0.365591 0.707937 0.379928 0.711111 0.383513 0.720635 0.383513 0.726984 0.376344 0.726984 0.369176 0.723810 0.365591 0.723810 0.362007 0.720635 0.358423
0 0.552381 0.369176 0.546032 0.369176 0.536508 0.379928 0.533333 0.379928 0.533333 0.387097 0.526984 0.394265 0.530159 0.397849 0.530159 0.405018 0.536508 0.412186 0.539683 0.412186 0.542857 0.415771 0.546032 0.412186 0.549206 0.412186 0.549206 0.408602 0.555556 0.401434 0.555556 0.372760
0 0.257143 0.372760 0.247619 0.383513 0.247619 0.405018 0.250794 0.408602 0.250794 0.412186 0.257143 0.419355 0.263492 0.419355 0.269841 0.408602 0.269841 0.379928 0.263492 0.372760
0 0.317460 0.379928 0.307937 0.379928 0.298413 0.397849 0.298413 0.444444 0.307937 0.451613 0.317460 0.448029 0.323810 0.440860 0.323810 0.433692 0.326984 0.430108 0.326984 0.397849 0.323810 0.394265 0.323810 0.387097
0 0.603175 0.383513 0.596825 0.397849 0.596825 0.415771 0.603175 0.430108 0.615873 0.444444 0.622222 0.444444 0.631746 0.430108 0.631746 0.422939 0.634921 0.419355 0.634921 0.408602 0.619048 0.387097 0.612698 0.383513
0 0.219048 0.387097 0.212698 0.394265 0.212698 0.415771 0.219048 0.426523 0.225397 0.426523 0.228571 0.430108 0.234921 0.430108 0.241270 0.419355 0.238095 0.415771 0.238095 0.405018 0.231746 0.394265 0.231746 0.387097
0 0.790476 0.390681 0.777778 0.390681 0.774603 0.394265 0.774603 0.412186 0.777778 0.412186 0.780952 0.415771 0.784127 0.415771 0.787302 0.412186 0.787302 0.408602 0.790476 0.405018
0 0.901587 0.401434 0.901587 0.405018 0.904762 0.408602 0.917460 0.408602 0.920635 0.405018 0.920635 0.401434 0.917460 0.401434 0.914286 0.397849 0.904762 0.397849
0 0.415873 0.405018 0.409524 0.405018 0.406349 0.408602 0.403175 0.408602 0.393651 0.419355 0.393651 0.422939 0.390476 0.426523 0.390476 0.440860 0.393651 0.444444 0.406349 0.444444 0.406349 0.440860 0.412698 0.433692 0.412698 0.430108 0.415873 0.426523 0.415873 0.419355 0.419048 0.415771
0 0.888889 0.415771 0.885714 0.419355 0.885714 0.451613 0.892063 0.451613 0.898413 0.444444 0.898413 0.440860 0.901587 0.437276 0.901587 0.430108
0 0.695238 0.419355 0.688889 0.426523 0.688889 0.437276 0.692063 0.440860 0.692063 0.448029 0.698413 0.455197 0.707937 0.455197 0.711111 0.451613 0.714286 0.451613 0.717460 0.448029 0.717460 0.433692 0.714286 0.430108 0.714286 0.426523 0.704762 0.419355
0 0.476190 0.426523 0.476190 0.440860 0.479365 0.444444 0.479365 0.448029 0.482540 0.448029 0.485714 0.451613 0.495238 0.451613 0.495238 0.448029 0.498413 0.444444 0.498413 0.440860 0.495238 0.437276 0.495238 0.433692 0.488889 0.426523
0 0.869841 0.437276 0.866667 0.433692 0.863492 0.437276 0.860317 0.437276 0.857143 0.440860 0.857143 0.444444 0.853968 0.448029 0.850794 0.448029 0.841270 0.458781 0.841270 0.465950 0.853968 0.465950 0.869841 0.448029
0 0.984127 0.440860 0.980952 0.437276 0.968254 0.437276 0.961905 0.444444 0.961905 0.448029 0.958730 0.451613 0.958730 0.458781 0.961905 0.462366 0.971429 0.462366 0.974603 0.458781 0.977778 0.458781 0.984127 0.451613
0 0.653968 0.440860 0.650794 0.444444 0.644444 0.444444 0.638095 0.451613 0.638095 0.455197 0.634921 0.458781 0.634921 0.469534 0.641270 0.480287 0.650794 0.480287 0.657143 0.473118 0.657143 0.469534 0.660317 0.465950 0.660317 0.455197 0.663492 0.451613 0.663492 0.448029
0 0.206349 0.444444 0.200000 0.451613 0.200000 0.476703 0.203175 0.480287 0.206349 0.491039 0.212698 0.498208 0.212698 0.501792 0.222222 0.501792 0.225397 0.498208 0.225397 0.491039 0.228571 0.487455 0.228571 0.480287 0.231746 0.476703 0.231746 0.462366 0.222222 0.451613
0 0.768254 0.448029 0.765079 0.448029 0.761905 0.444444 0.749206 0.444444 0.746032 0.448029 0.742857 0.448029 0.730159 0.462366 0.730159 0.469534 0.733333 0.473118 0.733333 0.476703 0.742857 0.487455 0.755556 0.487455 0.758730 0.483871 0.768254 0.480287 0.774603 0.469534 0.774603 0.455197
0 0.542857 0.451613 0.539683 0.455197 0.539683 0.458781 0.542857 0.462366 0.542857 0.469534 0.546032 0.473118 0.552381 0.473118 0.552381 0.462366 0.549206 0.458781 0.549206 0.455197 0.546032 0.451613
0 0.568254 0.458781 0.568254 0.462366 0.571429 0.465950 0.571429 0.469534 0.580952 0.480287 0.584127 0.480287 0.587302 0.483871 0.590476 0.483871 0.593651 0.480287 0.596825 0.480287 0.596825 0.476703 0.600000 0.473118 0.596825 0.469534 0.596825 0.462366 0.593651 0.458781 0.590476 0.458781 0.580952 0.451613 0.574603 0.451613
0 0.358730 0.462366 0.355556 0.462366 0.352381 0.458781 0.342857 0.458781 0.339683 0.462366 0.336508 0.462366 0.336508 0.465950 0.333333 0.469534 0.333333 0.487455 0.336508 0.491039 0.346032 0.491039 0.349206 0.487455 0.352381 0.487455 0.361905 0.476703 0.361905 0.469534 0.358730 0.465950
0 0.292063 0.473118 0.282540 0.480287 0.282540 0.498208 0.288889 0.505376 0.288889 0.508961 0.292063 0.512545 0.295238 0.512545 0.301587 0.519713 0.304762 0.519713 0.304762 0.516129 0.307937 0.512545 0.307937 0.494624 0.304762 0.491039 0.304762 0.483871 0.298413 0.476703 0.295238 0.476703
0 0.692063 0.476703 0.692063 0.494624 0.704762 0.508961 0.714286 0.508961 0.720635 0.498208 0.720635 0.494624 0.717460 0.491039 0.717460 0.483871 0.707937 0.473118 0.698413 0.473118 0.695238 0.476703
0 0.501587 0.487455 0.495238 0.494624 0.495238 0.505376 0.498413 0.508961 0.498413 0.512545 0.507937 0.523297 0.511111 0.523297 0.514286 0.526882 0.523810 0.523297 0.526984 0.519713 0.526984 0.501792 0.517460 0.491039 0.514286 0.491039 0.511111 0.487455
0 0.841270 0.487455 0.834921 0.494624 0.834921 0.508961 0.841270 0.516129 0.850794 0.516129 0.857143 0.508961 0.857143 0.505376 0.860317 0.501792 0.860317 0.498208 0.857143 0.494624 0.857143 0.491039 0.853968 0.491039 0.850794 0.487455
0 0.371429 0.494624 0.365079 0.494624 0.361905 0.498208 0.358730 0.498208 0.352381 0.505376 0.352381 0.508961 0.349206 0.512545 0.349206 0.523297 0.358730 0.534050 0.368254 0.534050 0.377778 0.523297 0.377778 0.501792
0 0.647619 0.498208 0.644444 0.501792 0.641270 0.501792 0.634921 0.508961 0.634921 0.523297 0.641270 0.534050 0.657143 0.534050 0.666667 0.523297 0.666667 0.519713 0.669841 0.516129 0.669841 0.508961 0.666667 0.505376 0.666667 0.501792 0.663492 0.501792 0.660317 0.498208
0 0.269841 0.508961 0.269841 0.512545 0.266667 0.516129 0.266667 0.530466 0.269841 0.534050 0.282540 0.534050 0.285714 0.530466 0.285714 0.519713 0.276190 0.508961
0 0.231746 0.519713 0.228571 0.523297 0.225397 0.523297 0.225397 0.526882 0.222222 0.530466 0.222222 0.537634 0.228571 0.544803 0.238095 0.544803 0.244444 0.537634 0.244444 0.526882 0.241270 0.523297 0.241270 0.519713
0 0.561905 0.519713 0.561905 0.530466 0.565079 0.534050 0.565079 0.537634 0.568254 0.541219 0.574603 0.541219 0.577778 0.537634 0.577778 0.530466 0.574603 0.526882 0.574603 0.523297 0.571429 0.519713
0 0.482540 0.526882 0.479365 0.530466 0.479365 0.544803 0.482540 0.548387 0.482540 0.566308 0.485714 0.569892 0.485714 0.573477 0.495238 0.577061 0.501587 0.569892 0.501587 0.566308 0.498413 0.562724 0.498413 0.555556 0.492063 0.544803 0.492063 0.537634 0.488889 0.534050 0.488889 0.530466 0.485714 0.530466
0 0.898413 0.526882 0.895238 0.526882 0.892063 0.530466 0.888889 0.530466 0.888889 0.534050 0.885714 0.537634 0.885714 0.562724 0.888889 0.566308 0.892063 0.566308 0.907937 0.548387 0.907937 0.534050
0 0.444444 0.537634 0.441270 0.541219 0.441270 0.569892 0.444444 0.573477 0.447619 0.584229 0.450794 0.584229 0.453968 0.587814 0.460317 0.587814 0.466667 0.577061 0.466667 0.569892 0.463492 0.566308 0.463492 0.559140 0.460317 0.555556 0.460317 0.551971 0.447619 0.537634
0 0.520635 0.541219 0.517460 0.544803 0.517460 0.551971 0.520635 0.555556 0.523810 0.555556 0.526984 0.551971 0.526984 0.548387 0.530159 0.544803 0.526984 0.544803 0.523810 0.541219
0 0.768254 0.544803 0.765079 0.544803 0.761905 0.541219 0.755556 0.541219 0.752381 0.544803 0.752381 0.569892 0.755556 0.569892 0.761905 0.562724 0.765079 0.562724 0.768254 0.559140 0.768254 0.555556 0.771429 0.551971 0.768254 0.548387
0 0.387302 0.551971 0.380952 0.544803 0.377778 0.544803 0.374603 0.548387 0.365079 0.548387 0.361905 0.551971 0.358730 0.551971 0.352381 0.559140 0.352381 0.566308 0.355556 0.566308 0.358730 0.569892 0.368254 0.569892 0.371429 0.566308 0.374603 0.566308 0.377778 0.562724 0.380952 0.562724
0 0.200000 0.548387 0.196825 0.548387 0.190476 0.555556 0.190476 0.569892 0.193651 0.573477 0.200000 0.573477 0.206349 0.566308 0.206349 0.555556
0 0.295238 0.548387 0.292063 0.548387 0.285714 0.559140 0.282540 0.559140 0.279365 0.555556 0.266667 0.555556 0.263492 0.559140 0.260317 0.559140 0.260317 0.562724 0.263492 0.566308 0.263492 0.573477 0.273016 0.584229 0.285714 0.584229 0.292063 0.573477 0.292063 0.566308 0.298413 0.559140 0.298413 0.551971
0 0.625397 0.555556 0.625397 0.566308 0.628571 0.569892 0.628571 0.573477 0.644444 0.584229 0.660317 0.584229 0.666667 0.577061 0.666667 0.562724 0.660317 0.555556 0.660317 0.551971 0.657143 0.551971 0.653968 0.548387 0.634921 0.548387
0 0.828571 0.559140 0.825397 0.559140 0.822222 0.562724 0.815873 0.562724 0.809524 0.569892 0.809524 0.584229 0.812698 0.587814 0.815873 0.598566 0.828571 0.598566 0.831746 0.594982 0.831746 0.591398 0.838095 0.580645 0.838095 0.569892
0 0.565079 0.562724 0.558730 0.569892 0.558730 0.587814 0.561905 0.591398 0.580952 0.591398 0.584127 0.587814 0.584127 0.577061 0.571429 0.562724
0 0.695238 0.566308 0.692063 0.569892 0.692063 0.584229 0.698413 0.591398 0.711111 0.591398 0.711111 0.587814 0.714286 0.584229 0.714286 0.566308 0.711111 0.562724 0.701587 0.562724 0.698413 0.566308
0 0.326984 0.569892 0.320635 0.569892 0.314286 0.577061 0.314286 0.587814 0.320635 0.587814 0.326984 0.580645
0 0.155556 0.594982 0.142857 0.594982 0.136508 0.605735 0.136508 0.630824 0.139683 0.634409 0.139683 0.637993 0.142857 0.637993 0.155556 0.623656 0.155556 0.620072 0.158730 0.616487 0.158730 0.598566
0 0.292063 0.602151 0.285714 0.612903 0.285714 0.616487 0.288889 0.620072 0.288889 0.648746 0.295238 0.659498 0.298413 0.659498 0.301587 0.663082 0.304762 0.659498 0.307937 0.663082 0.314286 0.652330 0.314286 0.637993 0.311111 0.634409 0.307937 0.623656 0.295238 0.605735 0.295238 0.602151
0 0.330159 0.602151 0.330159 0.605735 0.326984 0.609319 0.326984 0.620072 0.330159 0.623656 0.336508 0.623656 0.339683 0.620072 0.339683 0.616487 0.336508 0.612903 0.336508 0.609319 0.333333 0.605735 0.333333 0.602151
0 0.876190 0.602151 0.869841 0.605735 0.863492 0.616487 0.863492 0.648746 0.879365 0.677419 0.888889 0.677419 0.888889 0.670251 0.892063 0.666667 0.892063 0.612903 0.885714 0.602151
0 0.425397 0.620072 0.415873 0.623656 0.415873 0.645161 0.406349 0.659498 0.409524 0.663082 0.409524 0.673835 0.400000 0.684588 0.393651 0.698925 0.396825 0.713262 0.403175 0.720430 0.412698 0.713262 0.425397 0.673835 0.425397 0.641577 0.422222 0.637993
0 0.730159 0.623656 0.723810 0.623656 0.717460 0.630824 0.717460 0.648746 0.730159 0.648746 0.736508 0.641577 0.736508 0.630824
0 0.250794 0.627240 0.247619 0.630824 0.247619 0.645161 0.250794 0.648746 0.253968 0.659498 0.257143 0.659498 0.260317 0.663082 0.260317 0.666667 0.266667 0.666667 0.273016 0.659498 0.273016 0.637993 0.266667 0.627240
0 0.600000 0.634409 0.590476 0.627240 0.587302 0.627240 0.584127 0.630824 0.577778 0.630824 0.568254 0.641577 0.568254 0.645161 0.561905 0.652330 0.561905 0.655914 0.568254 0.663082 0.577778 0.663082 0.580952 0.659498 0.587302 0.659498 0.600000 0.645161
0 0.384127 0.637993 0.380952 0.641577 0.377778 0.641577 0.377778 0.648746 0.374603 0.652330 0.377778 0.655914 0.377778 0.670251 0.384127 0.677419 0.390476 0.677419 0.400000 0.670251 0.400000 0.666667 0.403175 0.663082 0.403175 0.655914 0.400000 0.652330 0.400000 0.648746 0.393651 0.641577
0 0.612698 0.648746 0.609524 0.652330 0.609524 0.655914 0.603175 0.663082 0.603175 0.673835 0.619048 0.684588 0.634921 0.684588 0.638095 0.681004 0.638095 0.659498 0.634921 0.655914 0.634921 0.652330 0.628571 0.645161 0.619048 0.645161 0.615873 0.648746
0 0.993651 0.648746 0.990476 0.652330 0.990476 0.663082 0.993651 0.666667 0.993651 0.670251 0.996825 0.670251 0.996825 0.652330
0 0.812698 0.652330 0.803175 0.652330 0.800000 0.655914 0.793651 0.655914 0.777778 0.666667 0.777778 0.681004 0.790476 0.695341 0.803175 0.695341 0.806349 0.691756 0.809524 0.691756 0.809524 0.688172 0.819048 0.670251 0.819048 0.663082
0 0.298413 0.663082 0.285714 0.663082 0.279365 0.670251 0.279365 0.673835 0.276190 0.677419 0.276190 0.688172 0.279365 0.691756 0.292063 0.691756 0.298413 0.684588 0.298413 0.681004 0.301587 0.677419 0.301587 0.666667
0 0.847619 0.666667 0.844444 0.670251 0.844444 0.706093 0.850794 0.713262 0.863492 0.713262 0.869841 0.706093 0.869841 0.702509 0.873016 0.698925 0.873016 0.691756 0.850794 0.666667
0 0.555556 0.688172 0.555556 0.698925 0.558730 0.702509 0.565079 0.702509 0.565079 0.691756 0.561905 0.688172
0 0.761905 0.688172 0.761905 0.698925 0.771429 0.698925 0.774603 0.695341 0.774603 0.691756 0.771429 0.688172
0 0.352381 0.709677 0.349206 0.713262 0.349206 0.724014 0.352381 0.727599 0.355556 0.727599 0.358730 0.731183 0.361905 0.731183 0.368254 0.738351 0.374603 0.738351 0.377778 0.734767 0.377778 0.731183 0.371429 0.724014 0.371429 0.720430 0.368254 0.716846 0.368254 0.713262 0.365079 0.709677
0 0.158730 0.716846 0.142857 0.727599 0.136508 0.727599 0.136508 0.763441 0.139683 0.767025 0.149206 0.767025 0.155556 0.759857 0.155556 0.756272 0.161905 0.745520 0.161905 0.720430
0 0.853968 0.716846 0.853968 0.720430 0.844444 0.738351 0.844444 0.756272 0.847619 0.759857 0.863492 0.759857 0.863492 0.756272 0.866667 0.752688 0.866667 0.745520 0.869841 0.741935 0.869841 0.727599 0.863492 0.716846
0 0.517460 0.720430 0.517460 0.767025 0.520635 0.770609 0.520635 0.774194 0.526984 0.774194 0.526984 0.734767 0.523810 0.731183 0.523810 0.720430
0 0.546032 0.731183 0.546032 0.749104 0.549206 0.752688 0.549206 0.759857 0.552381 0.763441 0.565079 0.763441 0.574603 0.756272 0.574603 0.749104 0.577778 0.745520 0.577778 0.741935 0.568254 0.731183 0.558730 0.731183 0.555556 0.727599
0 0.615873 0.727599 0.609524 0.734767 0.609524 0.749104 0.619048 0.759857 0.628571 0.759857 0.634921 0.752688 0.634921 0.734767 0.628571 0.727599
0 0.323810 0.752688 0.323810 0.759857 0.326984 0.763441 0.326984 0.767025 0.339683 0.767025 0.342857 0.763441 0.346032 0.763441 0.355556 0.756272 0.355556 0.749104 0.349206 0.741935 0.346032 0.741935 0.342857 0.738351 0.333333 0.738351 0.326984 0.745520 0.326984 0.749104
0 0.400000 0.763441 0.396825 0.763441 0.393651 0.767025 0.390476 0.767025 0.390476 0.784946 0.393651 0.788530 0.400000 0.788530 0.406349 0.781362 0.406349 0.770609
0 0.114286 0.767025 0.114286 0.770609 0.111111 0.774194 0.111111 0.784946 0.114286 0.788530 0.114286 0.792115 0.120635 0.792115 0.123810 0.788530 0.120635 0.784946 0.120635 0.767025
0 0.723810 0.767025 0.717460 0.767025 0.717460 0.774194 0.714286 0.777778 0.714286 0.792115 0.711111 0.795699 0.714286 0.799283 0.714286 0.806452 0.717460 0.810036 0.720635 0.806452 0.723810 0.806452
0 0.263492 0.774194 0.257143 0.774194 0.253968 0.777778 0.253968 0.781362 0.250794 0.784946 0.250794 0.795699 0.253968 0.799283 0.253968 0.802867 0.260317 0.802867 0.269841 0.792115 0.269841 0.784946 0.266667 0.781362 0.266667 0.777778
0 0.352381 0.777778 0.349206 0.781362 0.349206 0.802867 0.352381 0.806452 0.352381 0.810036 0.358730 0.817204 0.361905 0.817204 0.368254 0.810036 0.368254 0.806452 0.371429 0.802867 0.371429 0.799283 0.368254 0.795699 0.368254 0.784946 0.361905 0.777778
0 0.866667 0.784946 0.866667 0.792115 0.873016 0.802867 0.873016 0.813620 0.882540 0.824373 0.885714 0.824373 0.888889 0.827957 0.892063 0.824373 0.898413 0.824373 0.898413 0.806452 0.892063 0.799283 0.892063 0.795699 0.876190 0.784946
0 0.549206 0.802867 0.546032 0.802867 0.536508 0.813620 0.536508 0.831541 0.539683 0.835125 0.539683 0.838710 0.549206 0.838710 0.555556 0.831541 0.558730 0.831541 0.558730 0.827957 0.561905 0.824373 0.561905 0.813620 0.555556 0.806452 0.552381 0.806452
0 0.577778 0.810036 0.577778 0.817204 0.580952 0.820789 0.584127 0.820789 0.587302 0.817204 0.590476 0.817204 0.590476 0.810036 0.587302 0.806452 0.580952 0.806452
0 0.666667 0.806452 0.663492 0.810036 0.663492 0.813620 0.660317 0.817204 0.660317 0.824373 0.666667 0.824373 0.669841 0.820789 0.669841 0.810036
0 0.768254 0.806452 0.758730 0.817204 0.758730 0.820789 0.761905 0.824373 0.761905 0.827957 0.765079 0.831541 0.777778 0.831541 0.777778 0.827957 0.780952 0.824373 0.780952 0.806452
0 0.453968 0.810036 0.447619 0.810036 0.444444 0.817204 0.444444 0.824373 0.441270 0.827957 0.441270 0.867384 0.447619 0.874552 0.460317 0.867384 0.466667 0.856631 0.466667 0.835125 0.463492 0.831541 0.463492 0.824373 0.460317 0.817204
0 0.923810 0.810036 0.923810 0.831541 0.926984 0.835125 0.930159 0.835125 0.933333 0.838710 0.939683 0.838710 0.942857 0.835125 0.946032 0.835125 0.946032 0.820789 0.942857 0.817204 0.942857 0.813620 0.939683 0.810036
0 0.965079 0.824373 0.961905 0.827957 0.958730 0.827957 0.955556 0.831541 0.955556 0.838710 0.958730 0.842294 0.958730 0.849462 0.965079 0.856631 0.968254 0.853047 0.968254 0.849462 0.971429 0.845878 0.971429 0.831541
0 0.571429 0.838710 0.568254 0.838710 0.565079 0.842294 0.561905 0.842294 0.561905 0.845878 0.555556 0.853047 0.555556 0.856631 0.552381 0.860215 0.555556 0.863799 0.555556 0.867384 0.558730 0.867384 0.561905 0.870968 0.565079 0.870968 0.568254 0.867384 0.571429 0.867384 0.574603 0.863799 0.577778 0.863799 0.580952 0.860215 0.584127 0.860215 0.584127 0.853047 0.580952 0.849462 0.580952 0.845878 0.577778 0.845878
0 0.504762 0.842294 0.504762 0.856631 0.501587 0.860215 0.501587 0.863799 0.504762 0.867384 0.504762 0.870968 0.507937 0.874552 0.517460 0.874552 0.517460 0.853047 0.514286 0.849462 0.514286 0.842294
0 0.866667 0.842294 0.866667 0.853047 0.869841 0.853047 0.882540 0.867384 0.888889 0.867384 0.892063 0.870968 0.892063 0.856631 0.888889 0.853047 0.888889 0.849462 0.885714 0.845878 0.879365 0.845878 0.876190 0.842294
0 0.907937 0.845878 0.907937 0.860215 0.911111 0.863799 0.911111 0.867384 0.917460 0.874552 0.942857 0.874552 0.949206 0.867384 0.949206 0.860215 0.942857 0.853047 0.936508 0.853047 0.933333 0.849462 0.926984 0.849462 0.923810 0.845878 0.914286 0.845878 0.911111 0.842294
0 0.142857 0.853047 0.142857 0.863799 0.146032 0.863799 0.149206 0.867384 0.155556 0.867384 0.158730 0.863799 0.161905 0.863799 0.161905 0.853047 0.158730 0.849462 0.146032 0.849462
0 0.203175 0.856631 0.196825 0.863799 0.196825 0.870968 0.193651 0.874552 0.196825 0.878136 0.196825 0.881720 0.203175 0.888889 0.206349 0.888889 0.215873 0.896057 0.215873 0.892473 0.222222 0.881720 0.222222 0.867384 0.215873 0.860215 0.212698 0.860215 0.209524 0.856631
0 0.990476 0.860215 0.987302 0.863799 0.984127 0.863799 0.980952 0.867384 0.980952 0.888889 0.984127 0.892473 0.987302 0.892473 0.990476 0.896057 0.993651 0.896057 0.996825 0.892473 0.996825 0.863799 0.993651 0.860215
0 0.396825 0.870968 0.396825 0.878136 0.403175 0.885305 0.406349 0.885305 0.409524 0.888889 0.419048 0.888889 0.419048 0.885305 0.422222 0.881720 0.422222 0.867384 0.419048 0.863799 0.409524 0.863799 0.406349 0.867384 0.400000 0.867384
0 0.361905 0.888889 0.358730 0.892473 0.358730 0.899642 0.355556 0.903226 0.355556 0.910394 0.358730 0.913978 0.358730 0.917563 0.368254 0.924731 0.371429 0.921147 0.374603 0.921147 0.380952 0.913978 0.380952 0.899642 0.371429 0.888889
0 0.482540 0.888889 0.476190 0.896057 0.476190 0.913978 0.479365 0.917563 0.479365 0.924731 0.485714 0.931900 0.501587 0.931900 0.504762 0.928315 0.504762 0.913978 0.492063 0.899642 0.488889 0.888889
0 0.888889 0.906810 0.888889 0.910394 0.892063 0.913978 0.892063 0.917563 0.898413 0.924731 0.904762 0.924731 0.907937 0.928315 0.911111 0.924731 0.917460 0.924731 0.917460 0.917563 0.907937 0.906810 0.904762 0.906810 0.901587 0.903226 0.898413 0.903226 0.895238 0.899642
0 0.304762 0.906810 0.301587 0.910394 0.298413 0.910394 0.298413 0.917563 0.295238 0.921147 0.295238 0.928315 0.304762 0.939068 0.314286 0.939068 0.320635 0.931900 0.320635 0.910394 0.317460 0.906810
0 0.787302 0.906810 0.780952 0.906810 0.777778 0.910394 0.774603 0.910394 0.774603 0.913978 0.771429 0.917563 0.771429 0.924731 0.768254 0.928315 0.768254 0.942652 0.771429 0.946237 0.780952 0.946237 0.784127 0.942652 0.784127 0.939068 0.787302 0.935484 0.787302 0.931900 0.793651 0.921147 0.793651 0.917563
0 0.266667 0.913978 0.266667 0.928315 0.269841 0.931900 0.279365 0.931900 0.279365 0.928315 0.276190 0.924731 0.276190 0.921147 0.273016 0.917563 0.273016 0.913978
0 0.457143 0.913978 0.447619 0.917563 0.434921 0.931900 0.434921 0.942652 0.438095 0.946237 0.438095 0.949821 0.444444 0.956989 0.457143 0.956989 0.463492 0.949821 0.463492 0.946237 0.466667 0.942652 0.466667 0.935484 0.463492 0.931900 0.463492 0.921147
0 0.603175 0.913978 0.600000 0.917563 0.600000 0.931900 0.603175 0.935484 0.603175 0.939068 0.612698 0.946237 0.619048 0.946237 0.622222 0.949821 0.631746 0.949821 0.631746 0.939068 0.619048 0.924731 0.619048 0.921147 0.612698 0.913978
0 0.936508 0.917563 0.930159 0.924731 0.930159 0.928315 0.933333 0.931900 0.942857 0.931900 0.942857 0.921147 0.939683 0.917563
0 0.819048 0.935484 0.822222 0.939068 0.822222 0.942652 0.828571 0.942652 0.831746 0.939068 0.838095 0.939068 0.844444 0.931900 0.850794 0.931900 0.850794 0.928315 0.847619 0.928315 0.844444 0.924731 0.831746 0.924731 0.828571 0.928315 0.822222 0.928315 0.822222 0.931900
0 0.968254 0.924731 0.965079 0.924731 0.958730 0.931900 0.958730 0.946237 0.971429 0.946237 0.974603 0.942652 0.974603 0.935484 0.971429 0.931900 0.971429 0.928315
0 0.707937 0.928315 0.701587 0.928315 0.698413 0.931900 0.692063 0.946237 0.692063 0.953405 0.688889 0.956989 0.688889 0.967742 0.692063 0.971326 0.692063 0.989247 0.695238 0.992832 0.704762 0.992832 0.711111 0.978495 0.711111 0.960573 0.714286 0.953405 0.711111 0.949821 0.711111 0.931900
0 0.282540 0.946237 0.282540 0.960573 0.279365 0.964158 0.279365 0.971326 0.288889 0.982079 0.298413 0.982079 0.301587 0.978495 0.304762 0.978495 0.307937 0.974910 0.307937 0.960573 0.304762 0.956989 0.304762 0.953405 0.301587 0.949821 0.295238 0.949821 0.292063 0.946237
0 0.482540 0.953405 0.482540 0.956989 0.495238 0.971326 0.495238 0.978495 0.498413 0.978495 0.501587 0.974910 0.501587 0.971326 0.498413 0.967742 0.498413 0.960573 0.492063 0.953405
0 0.555556 0.953405 0.549206 0.964158 0.549206 0.967742 0.552381 0.971326 0.552381 0.978495 0.558730 0.985663 0.561905 0.985663 0.565079 0.989247 0.574603 0.989247 0.577778 0.985663 0.577778 0.978495 0.580952 0.974910 0.577778 0.964158 0.574603 0.960573 0.571429 0.960573 0.565079 0.953405
0 0.828571 0.953405 0.815873 0.967742 0.822222 0.978495 0.825397 0.978495 0.834921 0.985663 0.841270 0.985663 0.844444 0.982079 0.844444 0.974910 0.847619 0.971326 0.847619 0.967742 0.844444 0.964158 0.844444 0.960573 0.841270 0.960573 0.834921 0.953405
0 0.257143 0.964158 0.257143 0.971326 0.260317 0.974910 0.263492 0.974910 0.269841 0.982079 0.276190 0.982079 0.276190 0.971326 0.269841 0.964158
0 0.869841 0.989247 0.873016 0.992832 0.882540 0.992832 0.885714 0.989247 0.885714 0.985663 0.882540 0.985663 0.879365 0.982079 0.876190 0.982079
0 0.739683 0.985663 0.739683 0.992832 0.752381 0.992832 0.755556 0.996416 0.768254 0.996416 0.768254 0.992832 0.761905 0.985663
