0 0.232484 0.017986 0.222930 0.010791 0.207006 0.010791 0.197452 0.017986 0.197452 0.021583 0.194268 0.025180 0.194268 0.039568 0.203822 0.046763 0.207006 0.046763 0.210191 0.043165 0.216561 0.043165 0.232484 0.032374 0.232484 0.028777 0.235669 0.025180 0.232484 0.021583
0 0.493631 0.021583 0.484076 0.028777 0.484076 0.032374 0.480892 0.035971 0.480892 0.039568 0.484076 0.043165 0.484076 0.046763 0.487261 0.046763 0.490446 0.050360 0.500000 0.050360 0.509554 0.039568 0.509554 0.028777 0.500000 0.021583
0 0.461783 0.050360 0.461783 0.061151 0.468153 0.068345 0.474522 0.068345 0.474522 0.057554 0.468153 0.050360
0 0.366242 0.053957 0.366242 0.057554 0.363057 0.061151 0.366242 0.071942 0.385350 0.089928 0.401274 0.097122 0.404459 0.093525 0.404459 0.089928 0.401274 0.086331 0.401274 0.082734 0.394904 0.075540 0.394904 0.071942 0.385350 0.061151 0.382166 0.061151 0.372611 0.053957
0 0.047771 0.057554 0.038217 0.057554 0.003185 0.075540 0.000000 0.082734 0.000000 0.140288 0.003185 0.143885 0.012739 0.136691 0.015924 0.111511 0.022293 0.097122 0.035032 0.086331 0.054140 0.079137 0.054140 0.064748
0 0.687898 0.064748 0.678344 0.064748 0.675159 0.068345 0.671975 0.068345 0.671975 0.071942 0.668790 0.075540 0.668790 0.082734 0.665605 0.086331 0.665605 0.097122 0.671975 0.104317 0.675159 0.104317 0.678344 0.107914 0.681529 0.104317 0.684713 0.104317 0.691083 0.093525 0.691083 0.086331 0.687898 0.082734 0.687898 0.079137 0.691083 0.075540 0.691083 0.068345
0 0.722930 0.068345 0.713376 0.068345 0.707006 0.075540 0.707006 0.082734 0.703822 0.086331 0.703822 0.111511 0.707006 0.115108 0.707006 0.118705 0.710191 0.118705 0.713376 0.122302 0.726115 0.111511 0.729299 0.111511 0.738854 0.100719 0.738854 0.086331 0.735669 0.082734 0.735669 0.079137
0 0.831210 0.079137 0.821656 0.086331 0.821656 0.089928 0.818471 0.093525 0.818471 0.100719 0.821656 0.104317 0.824841 0.115108 0.834395 0.125899 0.843949 0.125899 0.853503 0.118705 0.853503 0.111511 0.850318 0.107914 0.850318 0.093525 0.847134 0.089928 0.847134 0.082734 0.843949 0.079137
0 0.477707 0.082734 0.477707 0.097122 0.484076 0.107914 0.484076 0.115108 0.493631 0.125899 0.503185 0.125899 0.506369 0.122302 0.509554 0.122302 0.512739 0.118705 0.512739 0.115108 0.509554 0.115108 0.500000 0.104317 0.500000 0.100719 0.496815 0.100719 0.480892 0.082734
0 0.888535 0.097122 0.878981 0.097122 0.866242 0.111511 0.866242 0.129496 0.872611 0.136691 0.882166 0.136691 0.888535 0.125899
0 0.541401 0.111511 0.538217 0.115108 0.538217 0.133094 0.541401 0.136691 0.541401 0.140288 0.554140 0.140288 0.563694 0.129496 0.563694 0.125899 0.560510 0.122302 0.557325 0.122302 0.547771 0.111511
0 0.359873 0.118705 0.359873 0.125899 0.363057 0.129496 0.369427 0.129496 0.372611 0.133094 0.375796 0.133094 0.378981 0.136691 0.388535 0.140288 0.394904 0.151079 0.398089 0.147482 0.398089 0.136691 0.391720 0.125899 0.388535 0.125899 0.382166 0.118705 0.378981 0.118705 0.375796 0.115108 0.363057 0.115108
0 0.729299 0.129496 0.726115 0.133094 0.722930 0.133094 0.722930 0.136691 0.716561 0.143885 0.716561 0.154676 0.726115 0.165468 0.729299 0.165468 0.732484 0.169065 0.742038 0.169065 0.748408 0.161871 0.748408 0.158273 0.751592 0.154676 0.751592 0.147482 0.742038 0.129496
0 0.178344 0.147482 0.175159 0.147482 0.171975 0.151079 0.168790 0.151079 0.168790 0.165468 0.171975 0.169065 0.171975 0.172662 0.178344 0.172662 0.187898 0.161871 0.187898 0.154676 0.184713 0.151079 0.181529 0.151079
0 0.665605 0.176259 0.668790 0.179856 0.671975 0.190647 0.684713 0.190647 0.687898 0.187050 0.703822 0.179856 0.710191 0.169065 0.700637 0.158273 0.694268 0.158273 0.691083 0.154676 0.675159 0.154676 0.668790 0.161871 0.668790 0.165468 0.665605 0.169065
0 0.847134 0.165468 0.847134 0.172662 0.850318 0.176259 0.850318 0.179856 0.859873 0.187050 0.869427 0.187050 0.872611 0.183453 0.875796 0.183453 0.882166 0.176259 0.882166 0.165468 0.875796 0.158273 0.872611 0.158273 0.869427 0.154676 0.853503 0.154676
0 0.426752 0.194245 0.426752 0.205036 0.429936 0.208633 0.436306 0.208633 0.439490 0.212230 0.452229 0.212230 0.455414 0.208633 0.458599 0.208633 0.464968 0.201439 0.464968 0.197842 0.458599 0.190647 0.455414 0.190647 0.452229 0.187050 0.433121 0.187050
0 0.579618 0.194245 0.570064 0.194245 0.557325 0.208633 0.557325 0.212230 0.554140 0.215827 0.560510 0.226619 0.566879 0.226619 0.566879 0.223022 0.570064 0.219424 0.576433 0.219424 0.579618 0.223022 0.582803 0.223022 0.582803 0.219424 0.579618 0.215827 0.579618 0.208633 0.582803 0.205036
0 0.719745 0.212230 0.719745 0.219424 0.729299 0.230216 0.735669 0.230216 0.738854 0.233813 0.742038 0.233813 0.745223 0.230216 0.754777 0.230216 0.761146 0.223022 0.764331 0.223022 0.764331 0.208633 0.761146 0.205036 0.761146 0.201439 0.751592 0.194245 0.732484 0.194245 0.722930 0.205036 0.722930 0.208633
0 0.442675 0.223022 0.439490 0.226619 0.433121 0.226619 0.426752 0.233813 0.426752 0.251799 0.433121 0.258993 0.442675 0.258993 0.445860 0.262590 0.449045 0.258993 0.452229 0.258993 0.458599 0.251799 0.458599 0.233813 0.452229 0.226619
0 0.050955 0.237410 0.047771 0.241007 0.047771 0.255396 0.044586 0.258993 0.044586 0.269784 0.047771 0.273381 0.047771 0.280576 0.054140 0.287770 0.060510 0.287770 0.063694 0.284173 0.073248 0.280576 0.079618 0.273381 0.079618 0.255396 0.076433 0.251799 0.076433 0.248201 0.066879 0.237410
0 0.761146 0.241007 0.757962 0.244604 0.751592 0.244604 0.745223 0.251799 0.745223 0.266187 0.751592 0.276978 0.751592 0.287770 0.754777 0.294964 0.764331 0.302158 0.773885 0.302158 0.783439 0.294964 0.792994 0.273381 0.789809 0.269784 0.786624 0.255396 0.780255 0.248201 0.767516 0.241007
0 0.401274 0.291367 0.394904 0.298561 0.394904 0.309353 0.404459 0.320144 0.407643 0.320144 0.417197 0.327338 0.426752 0.327338 0.433121 0.320144 0.433121 0.312950 0.436306 0.309353 0.436306 0.302158 0.429936 0.294964 0.429936 0.291367 0.420382 0.284173 0.414013 0.284173 0.410828 0.287770
0 0.589172 0.320144 0.579618 0.323741 0.573248 0.338129 0.550955 0.359712 0.544586 0.370504 0.541401 0.384892 0.544586 0.381295 0.550955 0.392086 0.560510 0.392086 0.573248 0.384892 0.573248 0.370504 0.576433 0.366906 0.576433 0.359712 0.582803 0.352518 0.582803 0.345324 0.585987 0.341727 0.582803 0.338129 0.589172 0.330935
0 0.328025 0.334532 0.331210 0.338129 0.331210 0.341727 0.340764 0.352518 0.340764 0.356115 0.343949 0.356115 0.353503 0.363309 0.369427 0.363309 0.372611 0.359712 0.375796 0.359712 0.372611 0.341727 0.363057 0.330935 0.359873 0.330935 0.356688 0.327338 0.350318 0.327338 0.347134 0.323741 0.343949 0.323741 0.340764 0.327338 0.334395 0.327338
0 0.092357 0.338129 0.089172 0.341727 0.089172 0.356115 0.098726 0.366906 0.108280 0.366906 0.114650 0.359712 0.114650 0.348921 0.111465 0.345324 0.111465 0.341727 0.101911 0.334532 0.098726 0.338129
0 0.273885 0.352518 0.277070 0.356115 0.289809 0.356115 0.289809 0.352518 0.292994 0.348921 0.289809 0.345324 0.280255 0.345324
0 0.277070 0.374101 0.277070 0.384892 0.280255 0.388489 0.286624 0.388489 0.289809 0.392086 0.296178 0.392086 0.299363 0.395683 0.302548 0.395683 0.308917 0.384892 0.308917 0.377698 0.305732 0.374101 0.305732 0.370504 0.280255 0.370504
0 0.372611 0.384892 0.369427 0.384892 0.359873 0.374101 0.356688 0.374101 0.353503 0.370504 0.347134 0.370504 0.331210 0.381295 0.331210 0.388489 0.328025 0.392086 0.328025 0.402878 0.334395 0.413669 0.347134 0.413669 0.350318 0.410072 0.353503 0.410072 0.369427 0.392086 0.372611 0.392086
0 0.601911 0.388489 0.595541 0.392086 0.592357 0.388489 0.579618 0.388489 0.576433 0.384892 0.570064 0.392086 0.563694 0.392086 0.560510 0.395683 0.550955 0.395683 0.547771 0.392086 0.541401 0.399281 0.541401 0.420863 0.554140 0.435252 0.573248 0.435252 0.579618 0.431655 0.601911 0.406475
0 0.044586 0.402878 0.041401 0.406475 0.041401 0.410072 0.038217 0.413669 0.038217 0.417266 0.035032 0.420863 0.047771 0.420863 0.050955 0.424460 0.050955 0.431655 0.054140 0.431655 0.054140 0.428058 0.057325 0.424460 0.057325 0.417266 0.054140 0.417266 0.050955 0.413669 0.050955 0.406475 0.047771 0.402878
0 0.598726 0.442446 0.592357 0.442446 0.585987 0.438849 0.579618 0.446043 0.570064 0.446043 0.566879 0.449640 0.554140 0.449640 0.550955 0.446043 0.541401 0.446043 0.535032 0.449640 0.541401 0.456835 0.573248 0.456835 0.576433 0.460432 0.582803 0.460432 0.595541 0.453237 0.598726 0.449640
0 0.089172 0.464029 0.085987 0.467626 0.082803 0.467626 0.082803 0.471223 0.079618 0.474820 0.079618 0.478417 0.082803 0.482014 0.082803 0.489209 0.085987 0.492806 0.095541 0.492806 0.101911 0.485612 0.101911 0.471223 0.095541 0.464029
0 0.130573 0.471223 0.130573 0.482014 0.156051 0.503597 0.162420 0.503597 0.165605 0.507194 0.175159 0.503597 0.175159 0.485612 0.165605 0.471223 0.162420 0.471223 0.159236 0.467626 0.133758 0.467626
0 0.480892 0.489209 0.477707 0.492806 0.474522 0.492806 0.464968 0.503597 0.464968 0.514388 0.468153 0.517986 0.474522 0.517986 0.477707 0.521583 0.490446 0.521583 0.490446 0.510791 0.493631 0.507194 0.493631 0.503597 0.490446 0.500000 0.490446 0.496403 0.484076 0.489209
0 0.624204 0.510791 0.611465 0.500000 0.605096 0.500000 0.573248 0.517986 0.566879 0.525180 0.563694 0.535971 0.576433 0.543165 0.582803 0.543165 0.585987 0.539568 0.592357 0.539568 0.595541 0.543165 0.611465 0.525180 0.617834 0.525180 0.624204 0.517986
0 0.136943 0.539568 0.124204 0.528777 0.092357 0.521583 0.066879 0.525180 0.038217 0.535971 0.031847 0.543165 0.031847 0.557554 0.038217 0.568345 0.050955 0.571942 0.073248 0.550360 0.117834 0.550360 0.133758 0.546763
0 0.378981 0.535971 0.375796 0.546763 0.378981 0.550360 0.378981 0.553957 0.385350 0.561151 0.388535 0.561151 0.391720 0.564748 0.414013 0.564748 0.414013 0.553957 0.410828 0.550360 0.410828 0.543165 0.401274 0.532374 0.398089 0.532374 0.394904 0.528777 0.388535 0.528777
0 0.308917 0.550360 0.289809 0.550360 0.283439 0.557554 0.283439 0.575540 0.286624 0.579137 0.283439 0.615108 0.289809 0.618705 0.296178 0.618705 0.321656 0.604317 0.331210 0.589928 0.331210 0.579137
0 0.009554 0.575540 0.003185 0.582734 0.003185 0.593525 0.019108 0.611511 0.035032 0.611511 0.041401 0.604317 0.041401 0.586331 0.025478 0.575540
0 0.525478 0.579137 0.519108 0.582734 0.512739 0.593525 0.515924 0.629496 0.557325 0.661871 0.560510 0.658273 0.560510 0.640288 0.554140 0.618705 0.544586 0.600719 0.547771 0.586331 0.541401 0.579137
0 0.184713 0.589928 0.181529 0.593525 0.181529 0.604317 0.184713 0.607914 0.187898 0.618705 0.197452 0.629496 0.200637 0.629496 0.203822 0.633094 0.216561 0.633094 0.222930 0.622302 0.222930 0.607914 0.219745 0.604317 0.219745 0.600719 0.216561 0.597122 0.213376 0.597122 0.203822 0.582734 0.200637 0.586331 0.191083 0.586331 0.187898 0.589928
0 0.722930 0.607914 0.713376 0.607914 0.710191 0.611511 0.707006 0.611511 0.697452 0.622302 0.697452 0.636691 0.707006 0.647482 0.716561 0.647482 0.719745 0.643885 0.722930 0.643885 0.732484 0.633094 0.732484 0.618705
0 0.420382 0.625899 0.417197 0.629496 0.417197 0.640288 0.426752 0.651079 0.426752 0.654676 0.429936 0.658273 0.442675 0.658273 0.449045 0.651079 0.449045 0.633094 0.439490 0.622302 0.426752 0.622302 0.423567 0.625899
0 0.856688 0.629496 0.853503 0.625899 0.840764 0.625899 0.837580 0.629496 0.834395 0.629496 0.834395 0.633094 0.824841 0.643885 0.824841 0.647482 0.821656 0.651079 0.824841 0.661871 0.837580 0.661871 0.843949 0.654676 0.847134 0.654676 0.847134 0.651079 0.850318 0.647482 0.853503 0.647482 0.853503 0.643885 0.856688 0.640288
0 0.783439 0.643885 0.780255 0.647482 0.780255 0.654676 0.783439 0.658273 0.783439 0.672662 0.786624 0.676259 0.792994 0.676259 0.792994 0.672662 0.796178 0.669065 0.792994 0.665468 0.792994 0.647482 0.789809 0.643885
0 0.277070 0.661871 0.270701 0.654676 0.254777 0.654676 0.251592 0.658273 0.248408 0.658273 0.242038 0.665468 0.238854 0.665468 0.238854 0.679856 0.245223 0.687050 0.261146 0.687050 0.264331 0.683453 0.270701 0.683453 0.277070 0.676259
0 0.761146 0.669065 0.745223 0.669065 0.738854 0.676259 0.738854 0.687050 0.742038 0.690647 0.748408 0.690647 0.751592 0.694245 0.754777 0.690647 0.757962 0.690647 0.761146 0.687050 0.761146 0.683453 0.764331 0.679856 0.764331 0.672662
0 0.391720 0.683453 0.375796 0.672662 0.369427 0.672662 0.347134 0.694245 0.324841 0.733813 0.328025 0.758993 0.343949 0.766187 0.356688 0.766187 0.366242 0.758993 0.378981 0.733813 0.391720 0.730216
0 0.095541 0.676259 0.089172 0.687050 0.092357 0.690647 0.092357 0.694245 0.105096 0.708633 0.108280 0.708633 0.114650 0.715827 0.124204 0.715827 0.133758 0.701439 0.133758 0.690647 0.124204 0.679856 0.117834 0.679856 0.114650 0.676259
0 0.401274 0.679856 0.398089 0.683453 0.394904 0.683453 0.394904 0.733813 0.417197 0.733813 0.423567 0.723022 0.423567 0.694245 0.417197 0.687050 0.414013 0.687050 0.410828 0.683453 0.404459 0.683453
0 0.493631 0.690647 0.474522 0.690647 0.445860 0.719424 0.436306 0.737410 0.436306 0.755396 0.439490 0.758993 0.455414 0.762590 0.461783 0.755396 0.464968 0.737410 0.471338 0.733813 0.496815 0.701439 0.496815 0.694245
0 0.633758 0.694245 0.627389 0.705036 0.627389 0.712230 0.630573 0.715827 0.630573 0.719424 0.640127 0.730216 0.656051 0.730216 0.659236 0.726619 0.662420 0.726619 0.662420 0.694245 0.659236 0.694245 0.656051 0.690647 0.643312 0.690647 0.640127 0.694245
0 0.296178 0.730216 0.289809 0.723022 0.270701 0.723022 0.264331 0.730216 0.264331 0.733813 0.257962 0.744604 0.257962 0.751799 0.261146 0.755396 0.261146 0.758993 0.270701 0.758993 0.270701 0.755396 0.280255 0.744604 0.283439 0.744604 0.286624 0.741007 0.292994 0.741007
0 0.863057 0.730216 0.859873 0.723022 0.828025 0.723022 0.824841 0.726619 0.808917 0.726619 0.805732 0.730216 0.799363 0.730216 0.792994 0.737410 0.792994 0.744604 0.799363 0.748201 0.808917 0.748201 0.812102 0.751799 0.840764 0.755396 0.843949 0.751799 0.850318 0.751799 0.859873 0.741007
0 0.433121 0.784173 0.433121 0.791367 0.439490 0.798561 0.458599 0.798561 0.468153 0.791367 0.484076 0.791367 0.487261 0.787770 0.487261 0.784173 0.484076 0.780576 0.477707 0.780576 0.474522 0.776978 0.468153 0.776978 0.464968 0.773381 0.445860 0.773381
0 0.818471 0.787770 0.818471 0.794964 0.824841 0.805755 0.831210 0.809353 0.840764 0.809353 0.843949 0.812950 0.859873 0.812950 0.863057 0.809353 0.869427 0.809353 0.888535 0.794964 0.888535 0.784173 0.869427 0.773381 0.831210 0.773381
0 0.292994 0.794964 0.277070 0.794964 0.270701 0.802158 0.270701 0.805755 0.267516 0.809353 0.267516 0.823741 0.273885 0.830935 0.277070 0.830935 0.283439 0.823741 0.283439 0.812950 0.286624 0.809353 0.289809 0.809353 0.296178 0.798561
0 0.487261 0.816547 0.487261 0.830935 0.490446 0.838129 0.503185 0.848921 0.519108 0.848921 0.528662 0.841727 0.535032 0.841727 0.544586 0.830935 0.541401 0.812950 0.538217 0.812950 0.531847 0.805755 0.522293 0.805755 0.519108 0.802158 0.506369 0.802158 0.503185 0.805755 0.496815 0.805755
0 0.792994 0.841727 0.792994 0.852518 0.812102 0.874101 0.818471 0.874101 0.821656 0.877698 0.837580 0.874101 0.847134 0.866906 0.853503 0.852518 0.853503 0.834532 0.843949 0.827338 0.818471 0.827338 0.815287 0.830935 0.808917 0.827338 0.796178 0.834532
0 0.605096 0.834532 0.595541 0.845324 0.595541 0.859712 0.608280 0.874101 0.621019 0.874101 0.624204 0.870504 0.624204 0.863309 0.627389 0.859712 0.627389 0.852518 0.624204 0.848921 0.624204 0.845324 0.614650 0.834532
0 0.649682 0.877698 0.649682 0.888489 0.652866 0.892086 0.656051 0.892086 0.659236 0.895683 0.665605 0.895683 0.668790 0.892086 0.675159 0.892086 0.678344 0.888489 0.678344 0.881295 0.668790 0.870504 0.656051 0.870504
