0 0.847134 0.043011 0.847134 0.071685 0.875796 0.118280 0.888535 0.186380 0.901274 0.207885 0.914013 0.211470 0.923567 0.186380 0.907643 0.125448 0.866242 0.053763
0 0.095541 0.096774 0.095541 0.114695 0.098726 0.118280 0.101911 0.129032 0.108280 0.136201 0.117834 0.136201 0.127389 0.125448 0.127389 0.114695 0.124204 0.111111 0.124204 0.107527 0.114650 0.096774 0.111465 0.096774 0.108280 0.093190 0.101911 0.093190 0.098726 0.096774
0 0.598726 0.111111 0.595541 0.114695 0.592357 0.114695 0.592357 0.118280 0.589172 0.121864 0.589172 0.129032 0.592357 0.132616 0.592357 0.136201 0.601911 0.146953 0.608280 0.146953 0.605096 0.143369 0.608280 0.139785 0.614650 0.139785 0.614650 0.125448 0.611465 0.121864 0.611465 0.114695 0.608280 0.114695 0.605096 0.111111
0 0.461783 0.125448 0.452229 0.132616 0.452229 0.136201 0.449045 0.139785 0.449045 0.150538 0.452229 0.154122 0.452229 0.157706 0.455414 0.157706 0.458599 0.161290 0.471338 0.161290 0.477707 0.150538 0.477707 0.139785 0.471338 0.129032
0 0.805732 0.125448 0.799363 0.132616 0.799363 0.143369 0.802548 0.146953 0.805732 0.164875 0.818471 0.182796 0.824841 0.182796 0.824841 0.179211 0.828025 0.175627 0.828025 0.150538 0.824841 0.146953 0.824841 0.136201 0.815287 0.125448
0 0.194268 0.129032 0.184713 0.139785 0.184713 0.146953 0.181529 0.150538 0.181529 0.179211 0.184713 0.186380 0.197452 0.200717 0.203822 0.200717 0.210191 0.189964 0.210191 0.179211 0.213376 0.175627 0.213376 0.143369 0.203822 0.129032
0 0.382166 0.143369 0.372611 0.157706 0.372611 0.175627 0.385350 0.186380 0.394904 0.186380 0.404459 0.179211 0.414013 0.154122 0.404459 0.143369
0 0.146497 0.154122 0.136943 0.154122 0.133758 0.157706 0.130573 0.168459 0.124204 0.175627 0.124204 0.189964 0.127389 0.193548 0.127389 0.197133 0.136943 0.204301 0.140127 0.204301 0.149682 0.193548 0.149682 0.182796 0.152866 0.179211 0.149682 0.175627 0.149682 0.164875 0.146497 0.161290
0 0.340764 0.168459 0.331210 0.168459 0.318471 0.175627 0.312102 0.189964 0.312102 0.207885 0.321656 0.218638 0.328025 0.222222 0.343949 0.215054 0.350318 0.204301 0.350318 0.189964
0 0.601911 0.182796 0.592357 0.182796 0.585987 0.189964 0.585987 0.207885 0.595541 0.207885 0.601911 0.200717
0 0.455414 0.186380 0.449045 0.193548 0.449045 0.197133 0.445860 0.200717 0.445860 0.215054 0.449045 0.218638 0.449045 0.225806 0.452229 0.229391 0.464968 0.229391 0.474522 0.218638 0.474522 0.211470 0.477707 0.207885 0.477707 0.204301 0.474522 0.200717 0.474522 0.193548 0.471338 0.189964 0.468153 0.189964 0.464968 0.186380
0 0.818471 0.189964 0.815287 0.193548 0.815287 0.207885 0.818471 0.211470 0.818471 0.225806 0.821656 0.229391 0.821656 0.240143 0.824841 0.243728 0.834395 0.243728 0.834395 0.218638 0.828025 0.207885 0.828025 0.200717
0 0.095541 0.200717 0.095541 0.218638 0.098726 0.222222 0.098726 0.225806 0.105096 0.232975 0.114650 0.232975 0.114650 0.215054 0.111465 0.211470 0.111465 0.207885 0.108280 0.204301 0.108280 0.200717
0 0.264331 0.200717 0.257962 0.211470 0.257962 0.225806 0.264331 0.236559 0.273885 0.236559 0.280255 0.229391 0.283439 0.229391 0.283439 0.225806 0.286624 0.222222 0.289809 0.211470 0.286624 0.207885 0.286624 0.204301 0.283439 0.204301 0.280255 0.200717
0 0.038217 0.211470 0.031847 0.222222 0.031847 0.232975 0.028662 0.236559 0.028662 0.240143 0.031847 0.243728 0.047771 0.243728 0.050955 0.240143 0.054140 0.240143 0.054140 0.236559 0.057325 0.232975 0.057325 0.222222 0.050955 0.215054 0.047771 0.215054 0.044586 0.211470
0 0.159236 0.215054 0.156051 0.218638 0.152866 0.218638 0.152866 0.247312 0.162420 0.258065 0.171975 0.258065 0.178344 0.247312 0.178344 0.236559 0.175159 0.232975 0.171975 0.222222 0.165605 0.215054
0 0.735669 0.250896 0.735669 0.272401 0.738854 0.275986 0.745223 0.275986 0.748408 0.272401 0.751592 0.272401 0.751592 0.258065 0.748408 0.254480 0.745223 0.254480 0.742038 0.250896
0 0.681529 0.268817 0.681529 0.272401 0.694268 0.286738 0.710191 0.286738 0.713376 0.283154 0.713376 0.272401 0.703822 0.261649 0.687898 0.261649
0 0.605096 0.275986 0.598726 0.283154 0.598726 0.286738 0.595541 0.290323 0.595541 0.297491 0.598726 0.301075 0.598726 0.308244 0.601911 0.311828 0.608280 0.329749 0.611465 0.333333 0.617834 0.333333 0.627389 0.322581 0.627389 0.311828 0.630573 0.308244 0.630573 0.301075 0.627389 0.297491 0.627389 0.290323 0.624204 0.286738 0.624204 0.283154 0.617834 0.275986
0 0.003185 0.279570 0.000000 0.283154 0.000000 0.315412 0.006369 0.326165 0.015924 0.326165 0.019108 0.322581 0.019108 0.318996 0.015924 0.315412 0.019108 0.311828 0.019108 0.304659 0.015924 0.301075 0.015924 0.293907 0.012739 0.290323 0.012739 0.286738 0.006369 0.279570
0 0.070064 0.279570 0.060510 0.286738 0.060510 0.304659 0.073248 0.318996 0.082803 0.318996 0.085987 0.315412 0.085987 0.297491 0.082803 0.293907 0.082803 0.290323 0.076433 0.283154 0.073248 0.283154
0 0.117834 0.279570 0.105096 0.293907 0.105096 0.308244 0.108280 0.311828 0.133758 0.311828 0.140127 0.304659 0.140127 0.301075 0.143312 0.297491 0.140127 0.293907 0.140127 0.286738 0.133758 0.279570
0 0.748408 0.290323 0.738854 0.297491 0.738854 0.301075 0.735669 0.304659 0.735669 0.308244 0.738854 0.311828 0.738854 0.318996 0.742038 0.322581 0.745223 0.322581 0.748408 0.326165 0.751592 0.326165 0.761146 0.315412 0.761146 0.301075 0.757962 0.297491 0.757962 0.293907 0.754777 0.293907 0.751592 0.290323
0 0.273885 0.297491 0.264331 0.297491 0.261146 0.301075 0.257962 0.301075 0.251592 0.308244 0.251592 0.311828 0.248408 0.315412 0.248408 0.329749 0.254777 0.336918 0.267516 0.336918 0.280255 0.322581 0.280255 0.304659
0 0.394904 0.311828 0.388535 0.304659 0.372611 0.301075 0.350318 0.322581 0.350318 0.326165 0.347134 0.329749 0.347134 0.336918 0.356688 0.344086 0.375796 0.344086 0.388535 0.333333 0.388535 0.329749 0.394904 0.318996
0 0.038217 0.311828 0.035032 0.315412 0.035032 0.329749 0.041401 0.336918 0.057325 0.336918 0.057325 0.333333 0.060510 0.329749 0.057325 0.326165 0.057325 0.318996 0.054140 0.318996 0.047771 0.311828
0 0.656051 0.311828 0.652866 0.315412 0.652866 0.326165 0.668790 0.344086 0.675159 0.344086 0.678344 0.340502 0.678344 0.322581 0.671975 0.315412 0.668790 0.315412 0.665605 0.311828
0 0.105096 0.329749 0.095541 0.340502 0.095541 0.358423 0.105096 0.358423 0.108280 0.354839 0.111465 0.362007 0.098726 0.369176 0.108280 0.383513 0.124204 0.383513 0.133758 0.372760 0.133758 0.365591 0.136943 0.362007 0.133758 0.354839 0.133758 0.344086 0.124204 0.329749
0 0.506369 0.329749 0.500000 0.336918 0.500000 0.347670 0.509554 0.358423 0.519108 0.358423 0.522293 0.354839 0.522293 0.336918 0.515924 0.329749
0 0.703822 0.329749 0.697452 0.336918 0.694268 0.362007 0.697452 0.365591 0.697452 0.372760 0.707006 0.383513 0.716561 0.387097 0.719745 0.383513 0.722930 0.383513 0.726115 0.372760 0.722930 0.369176 0.722930 0.362007 0.716561 0.351254 0.716561 0.333333 0.713376 0.329749
0 0.296178 0.336918 0.289809 0.347670 0.292994 0.351254 0.292994 0.372760 0.296178 0.376344 0.302548 0.376344 0.305732 0.372760 0.305732 0.365591 0.308917 0.362007 0.308917 0.340502 0.305732 0.336918
0 0.837580 0.344086 0.831210 0.344086 0.828025 0.347670 0.824841 0.347670 0.824841 0.351254 0.818471 0.362007 0.818471 0.365591 0.821656 0.369176 0.821656 0.376344 0.824841 0.379928 0.837580 0.379928 0.847134 0.369176 0.847134 0.354839
0 0.270701 0.347670 0.264331 0.347670 0.261146 0.351254 0.251592 0.354839 0.251592 0.358423 0.248408 0.362007 0.248408 0.376344 0.254777 0.383513 0.273885 0.383513 0.277070 0.379928 0.277070 0.376344 0.280255 0.372760 0.280255 0.358423
0 0.394904 0.362007 0.388535 0.362007 0.385350 0.365591 0.382166 0.365591 0.369427 0.379928 0.369427 0.394265 0.375796 0.401434 0.394904 0.401434 0.401274 0.394265 0.401274 0.387097 0.404459 0.383513 0.404459 0.379928 0.401274 0.376344 0.401274 0.369176
0 0.025478 0.394265 0.019108 0.394265 0.012739 0.405018 0.012739 0.430108 0.022293 0.437276 0.031847 0.426523 0.031847 0.405018
0 0.464968 0.397849 0.461783 0.397849 0.452229 0.408602 0.452229 0.415771 0.455414 0.415771 0.458599 0.419355 0.461783 0.415771 0.464968 0.415771 0.468153 0.412186 0.468153 0.401434
0 0.847134 0.397849 0.834395 0.397849 0.821656 0.412186 0.821656 0.415771 0.818471 0.419355 0.818471 0.433692 0.821656 0.437276 0.821656 0.444444 0.828025 0.455197 0.837580 0.455197 0.843949 0.448029 0.843949 0.433692 0.847134 0.430108 0.847134 0.419355 0.850318 0.415771
0 0.146497 0.401434 0.117834 0.401434 0.111465 0.408602 0.111465 0.419355 0.108280 0.422939 0.108280 0.433692 0.105096 0.437276 0.105096 0.444444 0.111465 0.444444 0.114650 0.448029 0.124204 0.433692 0.146497 0.422939 0.149682 0.419355
0 0.054140 0.408602 0.047771 0.415771 0.047771 0.437276 0.054140 0.444444 0.057325 0.444444 0.060510 0.448029 0.066879 0.448029 0.070064 0.444444 0.076433 0.444444 0.079618 0.440860 0.079618 0.433692 0.082803 0.430108 0.079618 0.426523 0.079618 0.422939 0.073248 0.422939 0.070064 0.419355 0.070064 0.412186 0.066879 0.408602
0 0.621019 0.408602 0.611465 0.408602 0.601911 0.426523 0.601911 0.437276 0.605096 0.440860 0.605096 0.444444 0.614650 0.451613 0.617834 0.448029 0.621019 0.448029 0.630573 0.437276 0.630573 0.419355 0.627389 0.415771 0.627389 0.412186 0.624204 0.412186
0 0.321656 0.419355 0.312102 0.419355 0.305732 0.426523 0.305732 0.430108 0.302548 0.433692 0.302548 0.458781 0.305732 0.462366 0.305732 0.465950 0.305732 0.462366 0.315287 0.451613 0.318471 0.451613 0.318471 0.448029 0.324841 0.440860 0.324841 0.437276 0.328025 0.433692 0.328025 0.426523
0 0.547771 0.430108 0.541401 0.430108 0.528662 0.444444 0.528662 0.448029 0.525478 0.451613 0.525478 0.458781 0.535032 0.469534 0.541401 0.469534 0.544586 0.465950 0.547771 0.465950 0.547771 0.462366 0.550955 0.458781 0.550955 0.433692
0 0.799363 0.430108 0.789809 0.440860 0.789809 0.462366 0.796178 0.473118 0.808917 0.473118 0.808917 0.469534 0.812102 0.465950 0.812102 0.448029 0.808917 0.444444 0.808917 0.437276
0 0.859873 0.444444 0.853503 0.455197 0.853503 0.483871 0.856688 0.487455 0.856688 0.491039 0.859873 0.494624 0.863057 0.494624 0.866242 0.491039 0.866242 0.469534 0.869427 0.465950 0.869427 0.462366 0.866242 0.458781 0.866242 0.448029 0.863057 0.444444
0 0.359873 0.451613 0.359873 0.455197 0.356688 0.458781 0.359873 0.462366 0.359873 0.465950 0.363057 0.469534 0.363057 0.473118 0.372611 0.480287 0.378981 0.480287 0.385350 0.473118 0.385350 0.455197 0.375796 0.448029 0.366242 0.448029 0.363057 0.451613
0 0.149682 0.451613 0.143312 0.451613 0.127389 0.469534 0.124204 0.476703 0.124204 0.505376 0.130573 0.516129 0.136943 0.516129 0.143312 0.512545 0.143312 0.508961 0.152866 0.494624 0.152866 0.458781
0 0.315287 0.491039 0.315287 0.494624 0.324841 0.494624 0.328025 0.498208 0.337580 0.498208 0.340764 0.501792 0.350318 0.501792 0.353503 0.505376 0.356688 0.501792 0.363057 0.501792 0.366242 0.498208 0.366242 0.491039 0.363057 0.491039 0.359873 0.487455 0.359873 0.483871 0.356688 0.483871 0.350318 0.476703 0.350318 0.473118 0.347134 0.473118 0.343949 0.469534 0.334395 0.473118 0.318471 0.491039
0 0.439490 0.476703 0.436306 0.480287 0.433121 0.480287 0.433121 0.483871 0.429936 0.487455 0.429936 0.491039 0.426752 0.494624 0.426752 0.498208 0.429936 0.501792 0.429936 0.505376 0.433121 0.505376 0.436306 0.508961 0.439490 0.508961 0.445860 0.501792 0.445860 0.480287 0.442675 0.480287
0 0.496815 0.476703 0.493631 0.480287 0.490446 0.480287 0.490446 0.483871 0.487261 0.487455 0.487261 0.505376 0.490446 0.508961 0.490446 0.530466 0.493631 0.534050 0.500000 0.534050 0.509554 0.523297 0.509554 0.519713 0.512739 0.516129 0.512739 0.491039 0.503185 0.480287 0.500000 0.480287
0 0.716561 0.476703 0.713376 0.480287 0.710191 0.480287 0.710191 0.498208 0.713376 0.501792 0.719745 0.501792 0.722930 0.498208 0.726115 0.498208 0.726115 0.483871 0.722930 0.480287 0.719745 0.480287
0 0.687898 0.483871 0.678344 0.491039 0.678344 0.498208 0.675159 0.501792 0.678344 0.505376 0.678344 0.508961 0.681529 0.512545 0.681529 0.516129 0.684713 0.516129 0.687898 0.519713 0.697452 0.519713 0.700637 0.516129 0.700637 0.494624 0.691083 0.483871
0 0.834395 0.498208 0.824841 0.498208 0.818471 0.501792 0.799363 0.519713 0.792994 0.534050 0.792994 0.544803 0.789809 0.548387 0.789809 0.559140 0.792994 0.562724 0.799363 0.562724 0.808917 0.551971 0.815287 0.551971 0.837580 0.523297 0.840764 0.508961
0 0.219745 0.519713 0.216561 0.526882 0.216561 0.555556 0.232484 0.584229 0.242038 0.591398 0.254777 0.591398 0.261146 0.584229 0.261146 0.566308 0.238854 0.526882 0.229299 0.516129
0 0.585987 0.523297 0.582803 0.526882 0.582803 0.537634 0.585987 0.541219 0.585987 0.544803 0.589172 0.548387 0.589172 0.551971 0.598726 0.562724 0.605096 0.562724 0.608280 0.559140 0.608280 0.551971 0.605096 0.548387 0.605096 0.541219 0.601911 0.537634 0.601911 0.534050 0.595541 0.526882 0.592357 0.526882 0.589172 0.523297
0 0.656051 0.530466 0.652866 0.534050 0.643312 0.537634 0.643312 0.541219 0.640127 0.544803 0.640127 0.559140 0.646497 0.566308 0.646497 0.569892 0.649682 0.573477 0.656051 0.573477 0.659236 0.577061 0.665605 0.577061 0.671975 0.569892 0.671975 0.544803 0.668790 0.541219 0.668790 0.537634 0.662420 0.530466
0 0.697452 0.537634 0.687898 0.544803 0.687898 0.559140 0.694268 0.566308 0.697452 0.566308 0.700637 0.569892 0.707006 0.569892 0.710191 0.566308 0.710191 0.562724 0.713376 0.559140 0.713376 0.555556 0.710191 0.551971 0.710191 0.544803 0.707006 0.541219 0.703822 0.541219 0.700637 0.537634
0 0.101911 0.541219 0.095541 0.548387 0.095541 0.562724 0.098726 0.566308 0.101911 0.566308 0.108280 0.573477 0.114650 0.573477 0.117834 0.569892 0.117834 0.548387 0.114650 0.544803 0.114650 0.541219
0 0.850318 0.541219 0.847134 0.541219 0.840764 0.551971 0.840764 0.562724 0.837580 0.566308 0.837580 0.577061 0.840764 0.580645 0.840764 0.584229 0.850318 0.584229 0.853503 0.580645 0.853503 0.544803
0 0.866242 0.555556 0.866242 0.573477 0.869427 0.577061 0.869427 0.594982 0.872611 0.594982 0.875796 0.591398 0.875796 0.566308 0.872611 0.562724 0.872611 0.559140 0.869427 0.555556
0 0.560510 0.559140 0.550955 0.559140 0.547771 0.562724 0.544586 0.562724 0.535032 0.580645 0.535032 0.587814 0.538217 0.591398 0.538217 0.594982 0.544586 0.602151 0.550955 0.602151 0.554140 0.598566 0.557325 0.598566 0.563694 0.591398 0.563694 0.587814 0.566879 0.584229 0.566879 0.566308
0 0.079618 0.566308 0.073248 0.566308 0.063694 0.577061 0.060510 0.577061 0.060510 0.580645 0.057325 0.584229 0.057325 0.598566 0.063694 0.605735 0.073248 0.605735 0.076433 0.602151 0.079618 0.602151 0.085987 0.591398 0.085987 0.577061
0 0.630573 0.577061 0.624204 0.587814 0.627389 0.612903 0.640127 0.637993 0.652866 0.648746 0.662420 0.620072 0.652866 0.602151 0.652866 0.594982 0.640127 0.580645
0 0.375796 0.580645 0.372611 0.584229 0.369427 0.584229 0.363057 0.591398 0.363057 0.602151 0.369427 0.609319 0.375796 0.609319 0.378981 0.612903 0.385350 0.612903 0.391720 0.605735 0.391720 0.591398 0.388535 0.587814 0.388535 0.584229 0.385350 0.584229 0.382166 0.580645
0 0.687898 0.580645 0.684713 0.584229 0.684713 0.602151 0.687898 0.602151 0.691083 0.605735 0.694268 0.605735 0.703822 0.594982 0.703822 0.587814 0.700637 0.584229 0.697452 0.584229 0.694268 0.580645
0 0.522293 0.598566 0.506369 0.598566 0.500000 0.605735 0.500000 0.612903 0.496815 0.616487 0.496815 0.623656 0.500000 0.627240 0.500000 0.630824 0.509554 0.634409 0.512739 0.630824 0.522293 0.627240 0.528662 0.620072 0.528662 0.609319
0 0.350318 0.612903 0.347134 0.612903 0.337580 0.620072 0.337580 0.641577 0.343949 0.652330 0.347134 0.652330 0.356688 0.641577 0.356688 0.634409 0.359873 0.630824 0.356688 0.627240 0.356688 0.616487 0.353503 0.616487
0 0.789809 0.612903 0.780255 0.612903 0.777070 0.616487 0.773885 0.616487 0.767516 0.623656 0.767516 0.637993 0.770701 0.641577 0.783439 0.641577 0.792994 0.630824 0.792994 0.616487
0 0.410828 0.623656 0.407643 0.627240 0.407643 0.634409 0.404459 0.637993 0.407643 0.648746 0.414013 0.655914 0.433121 0.655914 0.436306 0.652330 0.436306 0.645161 0.439490 0.641577 0.439490 0.634409 0.436306 0.630824 0.436306 0.627240 0.426752 0.620072 0.417197 0.620072 0.414013 0.623656
0 0.675159 0.620072 0.665605 0.620072 0.665605 0.623656 0.659236 0.634409 0.659236 0.641577 0.656051 0.645161 0.656051 0.648746 0.665605 0.659498 0.668790 0.659498 0.675159 0.652330 0.675159 0.648746 0.678344 0.645161 0.678344 0.627240 0.675159 0.623656
0 0.092357 0.630824 0.076433 0.630824 0.073248 0.627240 0.063694 0.634409 0.063694 0.637993 0.060510 0.641577 0.060510 0.659498 0.070064 0.670251 0.073248 0.666667 0.079618 0.666667 0.082803 0.663082 0.085987 0.663082 0.092357 0.655914 0.092357 0.652330 0.095541 0.648746 0.095541 0.634409
0 0.216561 0.634409 0.216561 0.637993 0.213376 0.641577 0.213376 0.652330 0.219745 0.659498 0.232484 0.659498 0.235669 0.655914 0.235669 0.652330 0.242038 0.645161 0.242038 0.637993 0.235669 0.630824 0.222930 0.630824 0.219745 0.634409
0 0.703822 0.634409 0.700637 0.637993 0.700637 0.652330 0.703822 0.655914 0.703822 0.659498 0.707006 0.659498 0.722930 0.670251 0.729299 0.670251 0.732484 0.666667 0.738854 0.648746 0.729299 0.637993 0.726115 0.637993 0.722930 0.634409 0.716561 0.634409 0.713376 0.630824
0 0.611465 0.637993 0.595541 0.645161 0.582803 0.663082 0.582803 0.670251 0.585987 0.673835 0.589172 0.688172 0.601911 0.698925 0.614650 0.695341 0.621019 0.688172 0.624204 0.688172 0.627389 0.681004 0.627389 0.659498 0.617834 0.645161 0.617834 0.641577
0 0.538217 0.645161 0.535032 0.641577 0.519108 0.641577 0.509554 0.652330 0.509554 0.666667 0.512739 0.670251 0.522293 0.670251 0.531847 0.659498 0.535032 0.659498 0.538217 0.655914
0 0.464968 0.648746 0.452229 0.648746 0.436306 0.670251 0.436306 0.706093 0.445860 0.720430 0.458599 0.716846 0.474522 0.688172 0.474522 0.670251
0 0.847134 0.655914 0.847134 0.673835 0.850318 0.677419 0.850318 0.688172 0.853503 0.691756 0.853503 0.698925 0.856688 0.698925 0.859873 0.695341 0.859873 0.663082 0.853503 0.655914
0 0.296178 0.659498 0.286624 0.670251 0.286624 0.681004 0.289809 0.684588 0.289809 0.688172 0.292994 0.688172 0.296178 0.691756 0.308917 0.691756 0.318471 0.681004 0.318471 0.670251 0.315287 0.666667 0.315287 0.663082 0.312102 0.663082 0.308917 0.659498
0 0.156051 0.666667 0.152866 0.666667 0.149682 0.670251 0.146497 0.670251 0.146497 0.673835 0.140127 0.684588 0.140127 0.698925 0.143312 0.702509 0.156051 0.702509 0.159236 0.698925 0.159236 0.688172 0.162420 0.684588 0.162420 0.681004 0.159236 0.677419 0.159236 0.670251
0 0.643312 0.681004 0.643312 0.684588 0.646497 0.684588 0.649682 0.688172 0.659236 0.688172 0.659236 0.681004 0.652866 0.673835 0.649682 0.673835
0 0.878981 0.684588 0.875796 0.684588 0.875796 0.695341 0.872611 0.698925 0.872611 0.738351 0.875796 0.741935 0.875796 0.738351 0.878981 0.734767 0.878981 0.702509 0.882166 0.698925 0.882166 0.695341 0.878981 0.691756
0 0.101911 0.691756 0.095541 0.698925 0.095541 0.702509 0.092357 0.706093 0.092357 0.713262 0.095541 0.716846 0.095541 0.724014 0.098726 0.727599 0.098726 0.734767 0.101911 0.738351 0.111465 0.738351 0.117834 0.727599 0.117834 0.702509 0.111465 0.695341
0 0.796178 0.691756 0.780255 0.706093 0.780255 0.731183 0.796178 0.756272 0.812102 0.756272 0.815287 0.749104 0.815287 0.702509 0.808917 0.691756
0 0.636943 0.702509 0.630573 0.713262 0.630573 0.727599 0.633758 0.731183 0.633758 0.738351 0.640127 0.745520 0.643312 0.745520 0.646497 0.749104 0.652866 0.749104 0.652866 0.745520 0.659236 0.738351 0.659236 0.720430 0.649682 0.709677 0.646497 0.709677 0.640127 0.702509
0 0.528662 0.709677 0.522293 0.716846 0.522293 0.727599 0.528662 0.738351 0.541401 0.738351 0.547771 0.731183 0.547771 0.713262 0.544586 0.713262 0.541401 0.709677
0 0.579618 0.709677 0.579618 0.713262 0.576433 0.716846 0.576433 0.734767 0.579618 0.738351 0.579618 0.745520 0.582803 0.749104 0.582803 0.756272 0.585987 0.759857 0.592357 0.759857 0.592357 0.756272 0.595541 0.752688 0.595541 0.731183 0.592357 0.727599 0.592357 0.720430 0.589172 0.716846 0.589172 0.713262 0.585987 0.709677
0 0.391720 0.713262 0.385350 0.713262 0.369427 0.727599 0.366242 0.745520 0.353503 0.763441 0.350318 0.774194 0.350318 0.792115 0.366242 0.806452 0.378981 0.802867 0.388535 0.792115 0.394904 0.777778 0.394904 0.749104 0.391720 0.745520 0.394904 0.720430
0 0.713376 0.727599 0.703822 0.734767 0.703822 0.738351 0.694268 0.756272 0.694268 0.770609 0.697452 0.774194 0.700637 0.784946 0.713376 0.784946 0.722930 0.770609 0.722930 0.749104 0.713376 0.741935 0.713376 0.734767 0.716561 0.731183
0 0.292994 0.738351 0.289809 0.741935 0.286624 0.741935 0.286624 0.749104 0.283439 0.752688 0.283439 0.756272 0.289809 0.763441 0.296178 0.763441 0.299363 0.767025 0.302548 0.763441 0.305732 0.763441 0.308917 0.759857 0.308917 0.745520 0.302548 0.738351
0 0.121019 0.756272 0.117834 0.756272 0.111465 0.763441 0.108280 0.777778 0.105096 0.781362 0.105096 0.788530 0.101911 0.792115 0.101911 0.802867 0.098726 0.806452 0.098726 0.817204 0.101911 0.824373 0.108280 0.827957 0.124204 0.827957 0.133758 0.813620 0.133758 0.770609 0.130573 0.763441
0 0.754777 0.774194 0.745223 0.795699 0.745223 0.813620 0.748408 0.817204 0.748408 0.827957 0.761146 0.838710 0.773885 0.827957 0.777070 0.810036 0.773885 0.806452 0.773885 0.799283 0.770701 0.795699 0.767516 0.777778 0.764331 0.774194
0 0.554140 0.781362 0.547771 0.792115 0.547771 0.813620 0.550955 0.817204 0.550955 0.824373 0.560510 0.831541 0.563694 0.827957 0.573248 0.824373 0.573248 0.817204 0.570064 0.813620 0.570064 0.806452 0.566879 0.802867 0.566879 0.795699 0.563694 0.792115 0.563694 0.784946 0.560510 0.781362
0 0.452229 0.784946 0.436306 0.784946 0.426752 0.795699 0.426752 0.799283 0.423567 0.802867 0.423567 0.824373 0.426752 0.827957 0.433121 0.827957 0.442675 0.817204
0 0.066879 0.795699 0.063694 0.799283 0.063694 0.810036 0.066879 0.813620 0.066879 0.824373 0.070064 0.827957 0.070064 0.831541 0.073248 0.831541 0.076433 0.827957 0.076433 0.810036 0.073248 0.806452 0.073248 0.799283 0.070064 0.795699
0 0.681529 0.795699 0.675159 0.795699 0.675159 0.806452 0.671975 0.810036 0.668790 0.806452 0.668790 0.813620 0.671975 0.817204 0.678344 0.817204 0.681529 0.813620 0.684713 0.813620 0.684713 0.799283
0 0.305732 0.802867 0.296178 0.813620 0.296178 0.817204 0.289809 0.824373 0.289809 0.827957 0.296178 0.827957 0.299363 0.824373 0.302548 0.824373 0.305732 0.820789 0.305732 0.817204 0.308917 0.813620 0.308917 0.806452
0 0.207006 0.827957 0.197452 0.842294 0.200637 0.849462 0.200637 0.856631 0.210191 0.870968 0.213376 0.870968 0.219745 0.878136 0.226115 0.878136 0.235669 0.867384 0.238854 0.867384 0.242038 0.860215 0.242038 0.849462 0.232484 0.845878 0.216561 0.827957
0 0.464968 0.827957 0.455414 0.827957 0.452229 0.831541 0.445860 0.831541 0.433121 0.842294 0.426752 0.856631 0.426752 0.870968 0.433121 0.878136 0.445860 0.878136 0.449045 0.874552 0.455414 0.874552 0.471338 0.860215 0.471338 0.835125
0 0.130573 0.835125 0.127389 0.835125 0.124204 0.831541 0.117834 0.831541 0.117834 0.835125 0.114650 0.838710 0.111465 0.838710 0.101911 0.849462 0.101911 0.860215 0.111465 0.867384 0.117834 0.867384 0.121019 0.863799 0.124204 0.863799 0.130573 0.856631 0.130573 0.849462 0.133758 0.845878
0 0.308917 0.831541 0.305732 0.835125 0.305732 0.838710 0.302548 0.842294 0.302548 0.856631 0.308917 0.863799 0.318471 0.863799 0.321656 0.860215 0.321656 0.838710 0.315287 0.831541
0 0.792994 0.835125 0.783439 0.845878 0.783439 0.863799 0.796178 0.899642 0.799363 0.928315 0.805732 0.942652 0.815287 0.946237 0.815287 0.931900 0.818471 0.928315 0.815287 0.856631 0.805732 0.835125
0 0.633758 0.838710 0.633758 0.853047 0.636943 0.856631 0.636943 0.860215 0.640127 0.863799 0.646497 0.863799 0.646497 0.849462 0.643312 0.845878 0.643312 0.842294 0.640127 0.838710
0 0.850318 0.845878 0.840764 0.845878 0.834395 0.856631 0.834395 0.881720 0.840764 0.888889 0.843949 0.888889 0.850318 0.881720 0.850318 0.878136 0.853503 0.874552 0.853503 0.849462
0 0.579618 0.867384 0.576433 0.867384 0.573248 0.870968 0.570064 0.870968 0.560510 0.881720 0.560510 0.892473 0.563694 0.896057 0.563694 0.899642 0.566879 0.899642 0.570064 0.903226 0.576433 0.903226 0.582803 0.892473 0.582803 0.870968
0 0.707006 0.870968 0.700637 0.878136 0.700637 0.896057 0.710191 0.906810 0.713376 0.906810 0.716561 0.910394 0.732484 0.910394 0.735669 0.906810 0.735669 0.888889 0.732484 0.885305 0.732484 0.881720 0.729299 0.878136 0.726115 0.878136 0.719745 0.870968
0 0.089172 0.888889 0.089172 0.896057 0.092357 0.899642 0.092357 0.903226 0.095541 0.903226 0.098726 0.906810 0.105096 0.906810 0.108280 0.903226 0.111465 0.903226 0.117834 0.896057 0.117834 0.885305 0.114650 0.885305 0.111465 0.881720 0.095541 0.881720
0 0.544586 0.896057 0.541401 0.892473 0.538217 0.892473 0.535032 0.888889 0.528662 0.888889 0.525478 0.885305 0.522293 0.885305 0.519108 0.888889 0.509554 0.888889 0.500000 0.906810 0.500000 0.913978 0.503185 0.917563 0.503185 0.921147 0.525478 0.921147 0.528662 0.917563 0.538217 0.913978 0.544586 0.906810
0 0.474522 0.892473 0.471338 0.892473 0.468153 0.888889 0.461783 0.888889 0.458599 0.892473 0.445860 0.892473 0.436306 0.906810 0.436306 0.928315 0.442675 0.935484 0.452229 0.935484 0.455414 0.931900 0.458599 0.931900 0.458599 0.928315 0.464968 0.921147 0.464968 0.917563 0.474522 0.903226
0 0.414013 0.892473 0.410828 0.892473 0.407643 0.896057 0.404459 0.896057 0.401274 0.899642 0.401274 0.903226 0.398089 0.906810 0.398089 0.917563 0.401274 0.921147 0.401274 0.924731 0.410828 0.924731 0.414013 0.921147 0.414013 0.917563 0.417197 0.913978 0.417197 0.910394 0.420382 0.906810 0.420382 0.899642
0 0.302548 0.899642 0.299363 0.903226 0.296178 0.903226 0.296178 0.906810 0.292994 0.910394 0.292994 0.917563 0.289809 0.921147 0.299363 0.931900 0.308917 0.931900 0.312102 0.928315 0.312102 0.921147 0.315287 0.917563 0.315287 0.913978 0.318471 0.910394 0.318471 0.906810 0.312102 0.899642
0 0.337580 0.899642 0.328025 0.913978 0.328025 0.924731 0.324841 0.928315 0.328025 0.931900 0.328025 0.942652 0.340764 0.956989 0.353503 0.956989 0.363057 0.942652 0.363057 0.910394 0.350318 0.899642
0 0.770701 0.903226 0.764331 0.910394 0.764331 0.917563 0.767516 0.921147 0.767516 0.928315 0.770701 0.931900 0.773885 0.942652 0.783439 0.953405 0.789809 0.953405 0.792994 0.949821 0.792994 0.935484 0.789809 0.931900 0.786624 0.921147 0.780255 0.913978 0.780255 0.910394 0.773885 0.903226
0 0.222930 0.910394 0.219745 0.913978 0.219745 0.942652 0.222930 0.946237 0.222930 0.960573 0.226115 0.964158 0.232484 0.964158 0.242038 0.953405 0.242038 0.949821 0.245223 0.946237 0.245223 0.931900 0.229299 0.910394
0 0.289809 0.924731 0.289809 0.928315 0.286624 0.931900 0.280255 0.931900 0.277070 0.935484 0.273885 0.935484 0.267516 0.946237 0.267516 0.953405 0.273885 0.960573 0.273885 0.964158 0.277070 0.964158 0.280255 0.967742 0.289809 0.964158 0.299363 0.953405 0.299363 0.935484
0 0.576433 0.924731 0.570064 0.931900 0.570064 0.946237 0.573248 0.949821 0.573248 0.956989 0.576433 0.960573 0.585987 0.960573 0.592357 0.953405 0.592357 0.949821 0.595541 0.946237 0.595541 0.942652 0.592357 0.939068 0.592357 0.931900 0.589172 0.931900 0.582803 0.924731
0 0.754777 0.924731 0.742038 0.924731 0.732484 0.935484 0.732484 0.949821 0.735669 0.953405 0.735669 0.956989 0.745223 0.960573 0.748408 0.956989 0.754777 0.956989 0.761146 0.949821 0.761146 0.939068 0.757962 0.935484 0.757962 0.928315
0 0.210191 0.939068 0.200637 0.928315 0.194268 0.928315 0.191083 0.931900 0.187898 0.931900 0.178344 0.942652 0.178344 0.949821 0.175159 0.953405 0.178344 0.956989 0.178344 0.960573 0.200637 0.960573 0.203822 0.956989 0.207006 0.956989 0.207006 0.953405 0.210191 0.949821
0 0.095541 0.931900 0.089172 0.939068 0.089172 0.942652 0.085987 0.946237 0.085987 0.949821 0.089172 0.953405 0.089172 0.956989 0.095541 0.964158 0.105096 0.964158 0.108280 0.960573 0.108280 0.953405 0.111465 0.949821 0.111465 0.946237 0.108280 0.942652 0.108280 0.935484 0.105096 0.935484 0.101911 0.931900
0 0.878981 0.956989 0.866242 0.956989 0.859873 0.964158 0.859873 0.967742 0.853503 0.974910 0.853503 0.978495 0.843949 0.985663 0.843949 0.992832 0.859873 0.992832 0.863057 0.996416 0.882166 0.996416 0.885350 0.992832 0.885350 0.974910 0.882166 0.971326 0.882166 0.964158 0.878981 0.960573
0 0.439490 0.960573 0.429936 0.960573 0.426752 0.964158 0.423567 0.964158 0.423567 0.967742 0.420382 0.971326 0.423567 0.974910 0.423567 0.982079 0.426752 0.985663 0.426752 0.989247 0.429936 0.989247 0.433121 0.992832 0.439490 0.985663
0 0.550955 0.964158 0.535032 0.964158 0.528662 0.971326 0.528662 0.982079 0.535032 0.989247 0.541401 0.989247 0.544586 0.985663 0.547771 0.985663 0.547771 0.982079 0.550955 0.978495
0 0.770701 0.964158 0.767516 0.964158 0.764331 0.967742 0.761146 0.967742 0.754777 0.974910 0.754777 0.978495 0.751592 0.982079 0.754777 0.985663 0.754777 0.992832 0.757962 0.992832 0.761146 0.996416 0.770701 0.996416 0.773885 0.992832 0.780255 0.992832 0.783439 0.989247 0.783439 0.982079 0.780255 0.978495 0.780255 0.974910
0 0.710191 0.982079 0.710191 0.992832 0.729299 0.992832 0.732484 0.989247 0.732484 0.985663 0.729299 0.982079 0.729299 0.978495 0.726115 0.974910 0.716561 0.974910
0 0.216561 0.985663 0.213376 0.982079 0.203822 0.982079 0.200637 0.985663 0.184713 0.985663 0.181529 0.989247 0.181529 0.992832 0.216561 0.992832
