0 0.407643 0.096774 0.401274 0.111111 0.401274 0.121864 0.410828 0.136201 0.423567 0.139785 0.426752 0.143369 0.433121 0.143369 0.436306 0.146953 0.449045 0.146953 0.455414 0.139785 0.455414 0.129032 0.452229 0.125448 0.449045 0.107527 0.436306 0.093190 0.429936 0.089606 0.417197 0.089606 0.410828 0.096774
0 0.095541 0.125448 0.085987 0.118280 0.066879 0.118280 0.063694 0.121864 0.057325 0.121864 0.041401 0.132616 0.031847 0.143369 0.031847 0.157706 0.041401 0.168459 0.060510 0.168459 0.089172 0.150538 0.098726 0.132616
0 0.675159 0.132616 0.662420 0.139785 0.646497 0.157706 0.640127 0.179211 0.659236 0.211470 0.678344 0.215054 0.687898 0.222222 0.719745 0.197133 0.722930 0.168459 0.710191 0.143369 0.687898 0.132616
0 0.585987 0.157706 0.589172 0.182796 0.601911 0.193548 0.617834 0.215054 0.627389 0.222222 0.643312 0.222222 0.656051 0.215054 0.640127 0.182796 0.624204 0.168459 0.621019 0.157706 0.608280 0.143369 0.595541 0.146953
0 0.385350 0.175627 0.388535 0.189964 0.398089 0.197133 0.407643 0.197133 0.410828 0.200717 0.442675 0.200717 0.449045 0.197133 0.449045 0.186380 0.445860 0.179211 0.436306 0.168459 0.423567 0.161290 0.398089 0.161290 0.391720 0.164875
0 0.363057 0.179211 0.350318 0.172043 0.315287 0.186380 0.305732 0.200717 0.305732 0.218638 0.318471 0.229391 0.347134 0.229391 0.359873 0.222222 0.369427 0.204301 0.369427 0.193548
0 0.866242 0.193548 0.859873 0.200717 0.859873 0.207885 0.863057 0.211470 0.863057 0.229391 0.866242 0.229391 0.872611 0.236559 0.888535 0.240143 0.898089 0.229391 0.898089 0.225806 0.901274 0.222222 0.901274 0.207885 0.891720 0.197133 0.885350 0.197133 0.882166 0.193548
0 0.853503 0.200717 0.847134 0.200717 0.843949 0.197133 0.834395 0.197133 0.821656 0.204301 0.812102 0.215054 0.812102 0.240143 0.821656 0.247312 0.837580 0.247312 0.850318 0.240143 0.859873 0.229391 0.859873 0.211470
0 0.550955 0.215054 0.531847 0.232975 0.538217 0.261649 0.554140 0.293907 0.560510 0.297491 0.579618 0.297491 0.585987 0.293907 0.589172 0.265233 0.582803 0.254480 0.582803 0.247312 0.570064 0.229391
0 0.216561 0.222222 0.203822 0.229391 0.184713 0.250896 0.181529 0.283154 0.191083 0.304659 0.216561 0.329749 0.229299 0.329749 0.251592 0.308244 0.254777 0.268817 0.245223 0.236559 0.229299 0.222222
0 0.407643 0.243728 0.410828 0.258065 0.426752 0.272401 0.449045 0.272401 0.452229 0.268817 0.458599 0.268817 0.464968 0.261649 0.464968 0.243728 0.452229 0.232975 0.429936 0.229391 0.426752 0.232975 0.417197 0.232975
0 0.611465 0.258065 0.595541 0.272401 0.598726 0.293907 0.605096 0.301075 0.608280 0.311828 0.621019 0.326165 0.636943 0.329749 0.652866 0.315412 0.652866 0.308244 0.656051 0.304659 0.652866 0.290323 0.624204 0.261649
0 0.802548 0.272401 0.796178 0.286738 0.796178 0.301075 0.805732 0.322581 0.818471 0.336918 0.828025 0.336918 0.831210 0.340502 0.843949 0.340502 0.850318 0.336918 0.859873 0.322581 0.856688 0.304659 0.831210 0.275986 0.831210 0.272401 0.824841 0.268817 0.808917 0.268817
0 0.356688 0.315412 0.356688 0.329749 0.366242 0.340502 0.407643 0.365591 0.439490 0.365591 0.464968 0.336918 0.461783 0.308244 0.445860 0.290323 0.436306 0.286738 0.382166 0.293907
0 0.101911 0.304659 0.089172 0.318996 0.085987 0.329749 0.089172 0.354839 0.105096 0.397849 0.121019 0.415771 0.130573 0.415771 0.140127 0.408602 0.146497 0.394265 0.140127 0.372760 0.143312 0.326165 0.127389 0.308244
0 0.802548 0.322581 0.780255 0.322581 0.748408 0.340502 0.745223 0.347670 0.748408 0.365591 0.761146 0.387097 0.770701 0.390681 0.773885 0.387097 0.783439 0.387097 0.799363 0.376344 0.815287 0.358423 0.818471 0.340502
0 0.270701 0.362007 0.273885 0.372760 0.286624 0.379928 0.302548 0.379928 0.305732 0.383513 0.334395 0.383513 0.340764 0.379928 0.347134 0.369176 0.343949 0.354839 0.324841 0.336918 0.312102 0.329749 0.299363 0.329749 0.289809 0.336918
0 0.044586 0.336918 0.015924 0.340502 0.003185 0.347670 0.000000 0.354839 0.003185 0.422939 0.019108 0.437276 0.041401 0.433692 0.060510 0.415771 0.066879 0.401434 0.063694 0.362007 0.054140 0.344086
0 0.872611 0.344086 0.866242 0.347670 0.856688 0.362007 0.853503 0.372760 0.853503 0.401434 0.856688 0.412186 0.866242 0.422939 0.882166 0.422939 0.891720 0.419355 0.901274 0.394265 0.901274 0.379928 0.898089 0.376344 0.894904 0.351254 0.885350 0.344086
0 0.659236 0.358423 0.659236 0.372760 0.665605 0.383513 0.691083 0.397849 0.697452 0.405018 0.722930 0.405018 0.729299 0.401434 0.732484 0.394265 0.729299 0.379928 0.713376 0.362007 0.687898 0.347670 0.668790 0.347670
0 0.605096 0.358423 0.598726 0.372760 0.605096 0.383513 0.605096 0.390681 0.608280 0.397849 0.614650 0.405018 0.630573 0.405018 0.646497 0.390681 0.646497 0.376344 0.636943 0.362007 0.624204 0.354839 0.611465 0.354839
0 0.636943 0.437276 0.640127 0.448029 0.659236 0.462366 0.684713 0.462366 0.691083 0.465950 0.694268 0.462366 0.707006 0.462366 0.716561 0.455197 0.716561 0.440860 0.707006 0.422939 0.691083 0.412186 0.668790 0.405018 0.652866 0.408602 0.643312 0.419355
0 0.535032 0.419355 0.525478 0.430108 0.525478 0.440860 0.538217 0.469534 0.554140 0.483871 0.579618 0.480287 0.589172 0.469534 0.592357 0.458781 0.589172 0.444444 0.576433 0.437276 0.557325 0.419355
0 0.331210 0.448029 0.343949 0.462366 0.356688 0.469534 0.369427 0.469534 0.398089 0.491039 0.410828 0.491039 0.429936 0.473118 0.426752 0.458781 0.391720 0.440860 0.378981 0.440860 0.363057 0.433692 0.343949 0.433692
0 0.429936 0.444444 0.429936 0.469534 0.439490 0.476703 0.445860 0.476703 0.449045 0.480287 0.477707 0.480287 0.480892 0.476703 0.487261 0.476703 0.493631 0.469534 0.490446 0.458781 0.464968 0.433692 0.445860 0.433692
0 0.130573 0.448029 0.124204 0.440860 0.111465 0.440860 0.108280 0.444444 0.089172 0.448029 0.079618 0.455197 0.073248 0.455197 0.063694 0.465950 0.063694 0.476703 0.073248 0.483871 0.101911 0.483871 0.105096 0.487455 0.121019 0.473118 0.130573 0.455197
0 0.162420 0.451613 0.133758 0.455197 0.124204 0.473118 0.105096 0.491039 0.105096 0.498208 0.130573 0.516129 0.149682 0.516129 0.162420 0.508961 0.175159 0.483871 0.175159 0.462366
0 0.675159 0.494624 0.671975 0.505376 0.684713 0.523297 0.707006 0.526882 0.729299 0.548387 0.745223 0.548387 0.757962 0.537634 0.754777 0.516129 0.735669 0.494624 0.716561 0.483871 0.700637 0.480287 0.681529 0.487455
0 0.656051 0.491039 0.652866 0.491039 0.643312 0.483871 0.636943 0.483871 0.633758 0.487455 0.630573 0.487455 0.621019 0.498208 0.617834 0.508961 0.624204 0.516129 0.627389 0.516129 0.630573 0.519713 0.640127 0.519713 0.643312 0.516129 0.652866 0.512545 0.659236 0.505376 0.659236 0.498208 0.656051 0.494624
0 0.455414 0.519713 0.455414 0.526882 0.471338 0.544803 0.506369 0.562724 0.519108 0.562724 0.535032 0.555556 0.547771 0.541219 0.550955 0.516129 0.541401 0.501792 0.506369 0.491039 0.477707 0.494624
0 0.187898 0.494624 0.184713 0.498208 0.184713 0.508961 0.194268 0.519713 0.197452 0.519713 0.200637 0.516129 0.203822 0.516129 0.203822 0.505376 0.200637 0.501792 0.200637 0.498208 0.197452 0.494624
0 0.601911 0.508961 0.589172 0.519713 0.576433 0.566308 0.589172 0.577061 0.611465 0.580645 0.621019 0.573477 0.624204 0.566308 0.627389 0.534050 0.624204 0.530466 0.624204 0.519713 0.617834 0.512545
0 0.321656 0.516129 0.305732 0.537634 0.305732 0.555556 0.324841 0.566308 0.347134 0.566308 0.353503 0.559140 0.356688 0.559140 0.363057 0.544803 0.359873 0.534050 0.340764 0.516129 0.334395 0.516129 0.331210 0.512545 0.328025 0.516129
0 0.773885 0.519713 0.770701 0.551971 0.783439 0.566308 0.799363 0.573477 0.808917 0.562724 0.808917 0.534050 0.805732 0.530466 0.805732 0.519713 0.802548 0.516129 0.783439 0.516129 0.780255 0.519713
0 0.414013 0.537634 0.407643 0.548387 0.407643 0.566308 0.420382 0.591398 0.439490 0.605735 0.464968 0.605735 0.474522 0.594982 0.477707 0.584229 0.474522 0.548387 0.455414 0.530466 0.426752 0.530466
0 0.025478 0.555556 0.019108 0.566308 0.025478 0.594982 0.035032 0.602151 0.054140 0.630824 0.076433 0.634409 0.085987 0.630824 0.095541 0.620072 0.101911 0.602151 0.101911 0.587814 0.082803 0.559140 0.070064 0.559140 0.050955 0.548387 0.035032 0.548387
0 0.003185 0.566308 0.003185 0.616487 0.012739 0.616487 0.019108 0.605735 0.019108 0.594982 0.022293 0.591398 0.022293 0.587814 0.019108 0.584229 0.015924 0.573477 0.009554 0.573477
0 0.735669 0.566308 0.713376 0.587814 0.710191 0.602151 0.716561 0.616487 0.729299 0.630824 0.735669 0.634409 0.761146 0.634409 0.773885 0.620072 0.780255 0.605735 0.780255 0.587814 0.770701 0.577061 0.757962 0.569892
0 0.162420 0.573477 0.143312 0.569892 0.140127 0.573477 0.130573 0.573477 0.124204 0.577061 0.117834 0.584229 0.117834 0.594982 0.124204 0.609319 0.136943 0.616487 0.146497 0.616487 0.149682 0.612903 0.162420 0.609319 0.171975 0.591398
0 0.299363 0.587814 0.299363 0.616487 0.312102 0.648746 0.321656 0.659498 0.331210 0.663082 0.369427 0.659498 0.382166 0.652330 0.388535 0.641577 0.391720 0.616487 0.378981 0.594982 0.366242 0.587814 0.337580 0.587814 0.321656 0.577061 0.312102 0.577061
0 0.487261 0.591398 0.490446 0.612903 0.522293 0.652330 0.535032 0.659498 0.554140 0.659498 0.566879 0.648746 0.566879 0.634409 0.570064 0.630824 0.544586 0.598566 0.512739 0.584229 0.496815 0.584229
0 0.194268 0.637993 0.194268 0.648746 0.203822 0.659498 0.254777 0.677419 0.277070 0.677419 0.289809 0.663082 0.289809 0.648746 0.277070 0.634409 0.248408 0.623656 0.222930 0.620072 0.203822 0.627240
0 0.821656 0.630824 0.812102 0.641577 0.812102 0.652330 0.815287 0.655914 0.815287 0.659498 0.821656 0.666667 0.824841 0.666667 0.828025 0.670251 0.837580 0.670251 0.840764 0.666667 0.843949 0.666667 0.843949 0.663082 0.847134 0.659498 0.847134 0.645161 0.834395 0.630824
0 0.105096 0.655914 0.105096 0.677419 0.114650 0.698925 0.143312 0.738351 0.165605 0.745520 0.187898 0.734767 0.194268 0.720430 0.191083 0.695341 0.175159 0.677419 0.130573 0.659498 0.124204 0.652330
0 0.031847 0.677419 0.031847 0.688172 0.035032 0.691756 0.044586 0.695341 0.050955 0.702509 0.066879 0.702509 0.073248 0.695341 0.073248 0.684588 0.063694 0.673835 0.060510 0.673835 0.057325 0.670251 0.038217 0.670251
0 0.038217 0.695341 0.031847 0.695341 0.012739 0.706093 0.003185 0.716846 0.003185 0.777778 0.006369 0.781362 0.025478 0.770609 0.038217 0.756272 0.050955 0.727599 0.050955 0.706093
0 0.098726 0.706093 0.089172 0.720430 0.089172 0.738351 0.095541 0.752688 0.114650 0.777778 0.117834 0.788530 0.130573 0.784946 0.136943 0.774194 0.133758 0.749104 0.117834 0.720430 0.105096 0.706093
0 0.557325 0.734767 0.550955 0.727599 0.544586 0.727599 0.541401 0.724014 0.538217 0.724014 0.531847 0.731183 0.528662 0.731183 0.519108 0.741935 0.519108 0.749104 0.522293 0.752688 0.538217 0.752688 0.541401 0.749104 0.544586 0.749104 0.554140 0.738351 0.557325 0.738351
0 0.382166 0.763441 0.385350 0.777778 0.407643 0.795699 0.414013 0.795699 0.417197 0.799283 0.429936 0.799283 0.436306 0.792115 0.436306 0.777778 0.433121 0.774194 0.433121 0.767025 0.417197 0.749104 0.407643 0.749104 0.404459 0.745520 0.401274 0.749104 0.394904 0.749104
0 0.687898 0.756272 0.687898 0.759857 0.691083 0.763441 0.694268 0.763441 0.697452 0.767025 0.707006 0.767025 0.710191 0.770609 0.719745 0.770609 0.722930 0.767025 0.732484 0.767025 0.732484 0.763441 0.722930 0.752688 0.722930 0.745520 0.707006 0.745520 0.703822 0.749104 0.697452 0.749104
0 0.796178 0.767025 0.799363 0.770609 0.805732 0.770609 0.808917 0.774194 0.812102 0.774194 0.815287 0.770609 0.821656 0.770609 0.824841 0.767025 0.831210 0.767025 0.834395 0.763441 0.837580 0.763441 0.847134 0.752688 0.843949 0.749104 0.840764 0.752688 0.828025 0.752688 0.824841 0.749104 0.808917 0.745520 0.805732 0.749104 0.796178 0.752688
0 0.181529 0.781362 0.175159 0.784946 0.162420 0.802867 0.159236 0.820789 0.162420 0.824373 0.162420 0.831541 0.168790 0.838710 0.184713 0.849462 0.197452 0.849462 0.210191 0.838710 0.210191 0.831541 0.216561 0.824373 0.210191 0.813620 0.210191 0.799283 0.207006 0.792115 0.194268 0.781362
0 0.216561 0.781362 0.210191 0.788530 0.210191 0.795699 0.213376 0.799283 0.213376 0.813620 0.216561 0.817204 0.216561 0.820789 0.219745 0.824373 0.238854 0.824373 0.242038 0.820789 0.242038 0.810036 0.238854 0.806452 0.235669 0.795699 0.229299 0.788530 0.229299 0.784946 0.226115 0.781362
0 0.805732 0.813620 0.796178 0.827957 0.796178 0.860215 0.802548 0.874552 0.808917 0.881720 0.821656 0.885305 0.828025 0.881720 0.831210 0.874552 0.831210 0.863799 0.834395 0.860215 0.831210 0.856631 0.831210 0.849462 0.818471 0.831541 0.815287 0.817204 0.812102 0.813620
0 0.299363 0.853047 0.299363 0.867384 0.302548 0.870968 0.302548 0.874552 0.305732 0.874552 0.308917 0.878136 0.318471 0.878136 0.321656 0.881720 0.328025 0.881720 0.331210 0.878136 0.337580 0.878136 0.347134 0.870968 0.347134 0.860215 0.343949 0.856631 0.343949 0.853047 0.340764 0.853047 0.337580 0.849462 0.337580 0.845878 0.318471 0.845878 0.315287 0.849462 0.305732 0.849462 0.302548 0.853047
0 0.707006 0.853047 0.703822 0.853047 0.700637 0.856631 0.691083 0.856631 0.687898 0.860215 0.684713 0.860215 0.684713 0.863799 0.681529 0.867384 0.675159 0.867384 0.671975 0.870968 0.668790 0.870968 0.668790 0.874552 0.684713 0.885305 0.691083 0.885305 0.700637 0.874552
0 0.222930 0.860215 0.216561 0.860215 0.216561 0.863799 0.213376 0.867384 0.210191 0.867384 0.207006 0.870968 0.203822 0.870968 0.203822 0.881720 0.207006 0.885305 0.213376 0.885305 0.226115 0.870968 0.226115 0.863799
0 0.089172 0.867384 0.085987 0.870968 0.085987 0.881720 0.089172 0.885305 0.089172 0.892473 0.092357 0.896057 0.105096 0.896057 0.111465 0.888889 0.111465 0.878136 0.108280 0.874552 0.105096 0.874552 0.101911 0.870968 0.098726 0.870968 0.095541 0.867384
0 0.270701 0.896057 0.270701 0.921147 0.273885 0.924731 0.273885 0.935484 0.277070 0.942652 0.283439 0.949821 0.299363 0.949821 0.305732 0.946237 0.308917 0.939068 0.308917 0.928315 0.312102 0.924731 0.312102 0.910394 0.302548 0.899642 0.289809 0.896057 0.286624 0.892473 0.277070 0.892473
0 0.121019 0.910394 0.105096 0.917563 0.095541 0.928315 0.082803 0.953405 0.082803 0.971326 0.098726 0.985663 0.111465 0.978495 0.130573 0.942652 0.130573 0.921147
0 0.009554 0.921147 0.003185 0.921147 0.000000 0.924731 0.000000 0.939068 0.003185 0.942652 0.003185 0.956989 0.000000 0.960573 0.000000 0.967742 0.003185 0.971326 0.003185 0.974910 0.009554 0.967742 0.012739 0.967742 0.012739 0.964158 0.022293 0.946237 0.022293 0.939068 0.019108 0.935484 0.015924 0.924731 0.012739 0.924731
0 0.057325 0.974910 0.054140 0.971326 0.044586 0.971326 0.035032 0.978495 0.028662 0.978495 0.022293 0.985663 0.022293 0.989247 0.028662 0.996416 0.047771 0.996416 0.057325 0.989247
