0 0.041401 0.107527 0.038217 0.107527 0.035032 0.111111 0.031847 0.111111 0.022293 0.121864 0.022293 0.132616 0.025478 0.136201 0.035032 0.136201 0.038217 0.132616 0.041401 0.132616 0.041401 0.129032 0.044586 0.125448 0.044586 0.111111
0 0.257962 0.107527 0.254777 0.111111 0.251592 0.111111 0.251592 0.114695 0.248408 0.118280 0.248408 0.136201 0.254777 0.143369 0.257962 0.143369 0.261146 0.146953 0.270701 0.150538 0.273885 0.146953 0.273885 0.125448 0.270701 0.121864 0.270701 0.118280 0.261146 0.107527
0 0.751592 0.111111 0.748408 0.114695 0.748408 0.129032 0.754777 0.136201 0.767516 0.136201 0.777070 0.125448 0.777070 0.114695 0.770701 0.107527 0.757962 0.107527 0.754777 0.111111
0 0.079618 0.121864 0.079618 0.132616 0.089172 0.143369 0.092357 0.143369 0.095541 0.146953 0.098726 0.146953 0.101911 0.143369 0.105096 0.143369 0.114650 0.136201 0.114650 0.129032 0.108280 0.118280 0.095541 0.118280 0.092357 0.114695 0.085987 0.114695
0 0.382166 0.114695 0.378981 0.118280 0.378981 0.136201 0.382166 0.139785 0.394904 0.139785 0.394904 0.136201 0.398089 0.132616 0.398089 0.121864 0.391720 0.114695
0 0.184713 0.118280 0.184713 0.121864 0.181529 0.125448 0.181529 0.132616 0.184713 0.136201 0.184713 0.139785 0.187898 0.143369 0.203822 0.143369 0.207006 0.139785 0.207006 0.136201 0.210191 0.132616 0.210191 0.129032 0.203822 0.121864 0.197452 0.121864 0.194268 0.118280
0 0.146497 0.121864 0.146497 0.136201 0.149682 0.136201 0.156051 0.143369 0.156051 0.146953 0.162420 0.157706 0.171975 0.157706 0.178344 0.146953 0.175159 0.143369 0.175159 0.136201 0.162420 0.121864
0 0.455414 0.121864 0.449045 0.129032 0.449045 0.143369 0.452229 0.146953 0.452229 0.154122 0.455414 0.157706 0.455414 0.161290 0.464968 0.168459 0.468153 0.164875 0.471338 0.164875 0.471338 0.161290 0.474522 0.157706 0.474522 0.136201 0.471338 0.132616 0.471338 0.125448 0.468153 0.121864
0 0.633758 0.121864 0.633758 0.129032 0.630573 0.132616 0.630573 0.154122 0.633758 0.157706 0.633758 0.175627 0.640127 0.182796 0.640127 0.186380 0.646497 0.193548 0.649682 0.193548 0.656051 0.186380 0.656051 0.150538 0.652866 0.146953 0.652866 0.136201 0.640127 0.121864
0 0.292994 0.129032 0.292994 0.139785 0.296178 0.143369 0.296178 0.157706 0.302548 0.168459 0.308917 0.168459 0.315287 0.157706 0.315287 0.143369 0.312102 0.139785 0.312102 0.136201 0.308917 0.136201 0.299363 0.129032
0 0.805732 0.136201 0.799363 0.129032 0.792994 0.129032 0.789809 0.132616 0.786624 0.132616 0.773885 0.150538 0.773885 0.154122 0.777070 0.157706 0.777070 0.161290 0.792994 0.161290 0.796178 0.157706 0.799363 0.157706 0.805732 0.150538
0 0.340764 0.139785 0.334395 0.146953 0.334395 0.161290 0.343949 0.172043 0.347134 0.172043 0.350318 0.175627 0.353503 0.172043 0.356688 0.172043 0.363057 0.164875 0.363057 0.150538 0.359873 0.146953 0.356688 0.146953 0.347134 0.139785
0 0.840764 0.139785 0.828025 0.139785 0.821656 0.146953 0.821656 0.161290 0.828025 0.168459 0.828025 0.172043 0.831210 0.172043 0.834395 0.175627 0.840764 0.168459 0.840764 0.161290 0.843949 0.157706 0.843949 0.143369
0 0.888535 0.143369 0.885350 0.146953 0.882166 0.146953 0.875796 0.154122 0.872611 0.154122 0.872611 0.168459 0.875796 0.172043 0.882166 0.172043 0.888535 0.164875 0.891720 0.164875 0.891720 0.161290 0.894904 0.157706 0.894904 0.150538
0 0.589172 0.150538 0.585987 0.154122 0.585987 0.186380 0.589172 0.189964 0.589172 0.200717 0.598726 0.222222 0.611465 0.232975 0.617834 0.222222 0.617834 0.204301 0.601911 0.172043 0.598726 0.157706 0.592357 0.150538
0 0.232484 0.154122 0.226115 0.161290 0.226115 0.168459 0.222930 0.172043 0.222930 0.182796 0.235669 0.197133 0.245223 0.197133 0.251592 0.189964 0.254777 0.189964 0.257962 0.186380 0.257962 0.175627 0.254777 0.175627 0.251592 0.172043 0.251592 0.168459 0.245223 0.161290 0.245223 0.157706 0.242038 0.157706 0.238854 0.154122
0 0.200637 0.157706 0.197452 0.157706 0.194268 0.161290 0.191083 0.161290 0.187898 0.164875 0.187898 0.168459 0.181529 0.179211 0.181529 0.182796 0.187898 0.193548 0.203822 0.193548 0.210191 0.182796 0.210191 0.168459
0 0.407643 0.157706 0.391720 0.157706 0.385350 0.164875 0.385350 0.179211 0.391720 0.186380 0.398089 0.186380 0.401274 0.182796 0.401274 0.179211 0.404459 0.175627 0.404459 0.172043 0.407643 0.168459
0 0.614650 0.157706 0.614650 0.179211 0.617834 0.182796 0.617834 0.189964 0.621019 0.193548 0.621019 0.200717 0.630573 0.200717 0.630573 0.175627 0.627389 0.172043 0.627389 0.168459 0.617834 0.157706
0 0.101911 0.164875 0.095541 0.172043 0.095541 0.186380 0.101911 0.193548 0.111465 0.193548 0.114650 0.189964 0.114650 0.186380 0.117834 0.182796 0.117834 0.175627 0.114650 0.172043 0.114650 0.168459 0.111465 0.164875
0 0.503185 0.164875 0.503185 0.189964 0.506369 0.193548 0.506369 0.197133 0.509554 0.197133 0.512739 0.200717 0.515924 0.200717 0.519108 0.197133 0.522293 0.197133 0.528662 0.189964 0.528662 0.182796 0.525478 0.179211 0.525478 0.172043 0.519108 0.164875
0 0.050955 0.182796 0.050955 0.197133 0.054140 0.200717 0.057325 0.200717 0.063694 0.193548 0.063694 0.186380 0.057325 0.186380 0.054140 0.182796
0 0.366242 0.186380 0.359873 0.193548 0.359873 0.211470 0.363057 0.215054 0.375796 0.215054 0.378981 0.211470 0.378981 0.197133 0.375796 0.193548 0.375796 0.189964 0.372611 0.186380
0 0.152866 0.193548 0.152866 0.200717 0.159236 0.207885 0.168790 0.207885 0.171975 0.204301 0.171975 0.193548 0.168790 0.193548 0.165605 0.189964 0.162420 0.189964 0.159236 0.193548
0 0.328025 0.189964 0.324841 0.193548 0.324841 0.197133 0.321656 0.200717 0.321656 0.204301 0.318471 0.207885 0.318471 0.218638 0.321656 0.222222 0.324841 0.222222 0.328025 0.225806 0.331210 0.225806 0.334395 0.222222 0.337580 0.222222 0.337580 0.200717 0.334395 0.197133 0.334395 0.193548 0.331210 0.189964
0 0.414013 0.193548 0.407643 0.204301 0.407643 0.222222 0.410828 0.225806 0.410828 0.229391 0.417197 0.236559 0.426752 0.240143 0.436306 0.229391 0.436306 0.204301 0.429936 0.193548
0 0.729299 0.197133 0.722930 0.200717 0.719745 0.207885 0.719745 0.229391 0.722930 0.232975 0.726115 0.265233 0.729299 0.272401 0.738854 0.279570 0.745223 0.272401 0.745223 0.265233 0.751592 0.250896 0.751592 0.236559 0.748408 0.232975 0.748408 0.215054 0.745223 0.207885 0.735669 0.197133
0 0.875796 0.197133 0.872611 0.200717 0.872611 0.215054 0.875796 0.218638 0.885350 0.218638 0.888535 0.215054 0.888535 0.200717 0.885350 0.197133
0 0.267516 0.204301 0.267516 0.229391 0.270701 0.232975 0.270701 0.236559 0.280255 0.236559 0.286624 0.229391 0.286624 0.211470 0.280255 0.204301
0 0.130573 0.211470 0.127389 0.207885 0.121019 0.207885 0.117834 0.211470 0.114650 0.211470 0.108280 0.218638 0.108280 0.225806 0.111465 0.229391 0.117834 0.229391 0.130573 0.215054
0 0.181529 0.218638 0.181529 0.225806 0.184713 0.229391 0.194268 0.229391 0.197452 0.232975 0.203822 0.232975 0.207006 0.229391 0.213376 0.229391 0.213376 0.225806 0.216561 0.222222 0.216561 0.218638 0.210191 0.211470 0.191083 0.211470
0 0.006369 0.215054 0.000000 0.215054 0.000000 0.222222 0.003185 0.225806 0.003185 0.243728 0.006369 0.240143 0.006369 0.232975 0.009554 0.229391 0.009554 0.225806 0.006369 0.222222
0 0.770701 0.215054 0.770701 0.236559 0.777070 0.243728 0.780255 0.243728 0.783439 0.247312 0.792994 0.243728 0.802548 0.232975 0.802548 0.229391 0.805732 0.225806 0.805732 0.218638 0.796178 0.218638 0.792994 0.215054
0 0.535032 0.225806 0.528662 0.218638 0.525478 0.218638 0.522293 0.222222 0.515924 0.222222 0.509554 0.229391 0.509554 0.240143 0.512739 0.243728 0.525478 0.243728 0.535032 0.232975
0 0.378981 0.243728 0.369427 0.243728 0.359873 0.254480 0.359873 0.268817 0.363057 0.272401 0.363057 0.275986 0.372611 0.275986 0.375796 0.272401 0.375796 0.268817 0.378981 0.265233 0.378981 0.258065 0.382166 0.254480 0.382166 0.250896 0.378981 0.247312
0 0.168790 0.247312 0.168790 0.254480 0.171975 0.258065 0.175159 0.258065 0.178344 0.254480 0.181529 0.254480 0.181529 0.247312
0 0.305732 0.250896 0.302548 0.254480 0.302548 0.275986 0.305732 0.279570 0.315287 0.279570 0.318471 0.275986 0.321656 0.275986 0.321656 0.272401 0.324841 0.268817 0.324841 0.261649 0.321656 0.258065 0.321656 0.254480 0.318471 0.254480 0.315287 0.250896
0 0.213376 0.258065 0.210191 0.261649 0.207006 0.261649 0.197452 0.272401 0.197452 0.283154 0.200637 0.283154 0.207006 0.290323 0.207006 0.297491 0.210191 0.301075 0.210191 0.304659 0.222930 0.304659 0.229299 0.293907 0.229299 0.279570 0.226115 0.275986 0.226115 0.268817 0.219745 0.261649 0.216561 0.261649
0 0.595541 0.261649 0.592357 0.268817 0.592357 0.301075 0.595541 0.304659 0.601911 0.329749 0.611465 0.340502 0.617834 0.340502 0.624204 0.333333 0.624204 0.311828 0.621019 0.308244 0.617834 0.283154 0.608280 0.261649
0 0.022293 0.265233 0.015924 0.272401 0.015924 0.290323 0.019108 0.293907 0.019108 0.297491 0.025478 0.304659 0.035032 0.304659 0.035032 0.301075 0.038217 0.297491 0.038217 0.275986 0.031847 0.268817 0.031847 0.265233
0 0.140127 0.265233 0.127389 0.265233 0.117834 0.275986 0.117834 0.279570 0.114650 0.283154 0.114650 0.293907 0.117834 0.297491 0.117834 0.301075 0.121019 0.301075 0.124204 0.304659 0.133758 0.304659 0.133758 0.301075 0.140127 0.290323 0.140127 0.283154 0.146497 0.275986 0.146497 0.268817 0.143312 0.268817
0 0.398089 0.275986 0.394904 0.275986 0.385350 0.286738 0.385350 0.290323 0.378981 0.297491 0.382166 0.301075 0.388535 0.301075 0.391720 0.297491 0.398089 0.297491 0.401274 0.293907 0.401274 0.279570
0 0.340764 0.279570 0.337580 0.279570 0.334395 0.283154 0.328025 0.283154 0.321656 0.290323 0.321656 0.301075 0.328025 0.308244 0.337580 0.308244 0.343949 0.301075 0.343949 0.293907 0.347134 0.290323 0.347134 0.286738
0 0.487261 0.279570 0.477707 0.279570 0.468153 0.286738 0.468153 0.304659 0.477707 0.311828 0.480892 0.311828 0.484076 0.308244 0.487261 0.308244 0.487261 0.304659 0.490446 0.301075 0.490446 0.283154
0 0.165605 0.286738 0.159236 0.286738 0.156051 0.290323 0.156051 0.297491 0.152866 0.301075 0.152866 0.326165 0.159236 0.326165 0.171975 0.311828 0.171975 0.301075 0.168790 0.297491 0.168790 0.290323
0 0.535032 0.301075 0.535032 0.304659 0.531847 0.308244 0.531847 0.315412 0.535032 0.318996 0.535032 0.322581 0.541401 0.322581 0.544586 0.326165 0.547771 0.326165 0.554140 0.318996 0.554140 0.311828 0.550955 0.308244 0.550955 0.304659 0.547771 0.301075
0 0.754777 0.304659 0.748408 0.315412 0.748408 0.322581 0.751592 0.326165 0.751592 0.340502 0.761146 0.347670 0.764331 0.344086 0.767516 0.344086 0.767516 0.340502 0.770701 0.336918 0.770701 0.318996 0.767516 0.315412 0.767516 0.311828 0.761146 0.304659
0 0.423567 0.315412 0.420382 0.311828 0.417197 0.311828 0.414013 0.308244 0.410828 0.308244 0.407643 0.311828 0.404459 0.311828 0.398089 0.318996 0.398089 0.326165 0.401274 0.329749 0.417197 0.329749 0.420382 0.326165 0.423567 0.326165
0 0.242038 0.315412 0.242038 0.329749 0.248408 0.336918 0.248408 0.340502 0.254777 0.347670 0.261146 0.347670 0.267516 0.336918 0.264331 0.333333 0.264331 0.326165 0.261146 0.322581 0.261146 0.318996 0.257962 0.318996 0.251592 0.311828 0.248408 0.311828 0.245223 0.315412
0 0.318471 0.311828 0.308917 0.311828 0.302548 0.318996 0.302548 0.322581 0.299363 0.326165 0.299363 0.340502 0.302548 0.344086 0.312102 0.344086 0.318471 0.336918 0.318471 0.333333 0.321656 0.329749 0.321656 0.318996 0.318471 0.315412
0 0.487261 0.322581 0.480892 0.329749 0.480892 0.340502 0.484076 0.344086 0.484076 0.358423 0.487261 0.362007 0.487261 0.365591 0.493631 0.372760 0.503185 0.372760 0.503185 0.369176 0.506369 0.365591 0.506369 0.347670 0.503185 0.344086 0.503185 0.333333 0.493631 0.322581
0 0.528662 0.336918 0.525478 0.340502 0.528662 0.376344 0.541401 0.412186 0.544586 0.415771 0.550955 0.415771 0.560510 0.401434 0.554140 0.362007 0.547771 0.347670 0.544586 0.347670 0.535032 0.336918
0 0.063694 0.340502 0.057325 0.347670 0.057325 0.362007 0.060510 0.365591 0.060510 0.369176 0.063694 0.372760 0.070064 0.372760 0.076433 0.365591 0.076433 0.351254 0.070064 0.344086 0.066879 0.344086
0 0.003185 0.347670 0.003185 0.351254 0.000000 0.354839 0.000000 0.362007 0.003185 0.365591 0.003185 0.369176 0.006369 0.372760 0.009554 0.372760 0.012739 0.376344 0.022293 0.376344 0.022293 0.362007 0.019108 0.358423 0.019108 0.354839 0.012739 0.347670
0 0.375796 0.347670 0.369427 0.354839 0.369427 0.358423 0.363057 0.369176 0.363057 0.376344 0.359873 0.379928 0.359873 0.387097 0.363057 0.390681 0.363057 0.394265 0.372611 0.401434 0.375796 0.397849 0.375796 0.376344 0.372611 0.372760 0.372611 0.369176 0.378981 0.358423 0.378981 0.351254
0 0.152866 0.351254 0.149682 0.354839 0.149682 0.369176 0.152866 0.372760 0.152866 0.376344 0.156051 0.376344 0.159236 0.379928 0.162420 0.379928 0.162420 0.376344 0.165605 0.372760 0.165605 0.358423 0.159236 0.351254
0 0.582803 0.351254 0.582803 0.354839 0.576433 0.365591 0.576433 0.372760 0.579618 0.376344 0.579618 0.379928 0.585987 0.387097 0.589172 0.387097 0.592357 0.390681 0.598726 0.383513 0.598726 0.379928 0.601911 0.376344 0.601911 0.358423 0.595541 0.351254
0 0.273885 0.354839 0.267516 0.362007 0.267516 0.369176 0.264331 0.372760 0.267516 0.376344 0.267516 0.379928 0.273885 0.387097 0.277070 0.387097 0.280255 0.390681 0.286624 0.390681 0.292994 0.383513 0.292994 0.379928 0.296178 0.376344 0.292994 0.372760 0.292994 0.369176 0.286624 0.358423 0.283439 0.358423 0.280255 0.354839
0 0.461783 0.354839 0.458599 0.354839 0.455414 0.358423 0.452229 0.358423 0.445860 0.365591 0.445860 0.383513 0.449045 0.383513 0.452229 0.387097 0.458599 0.387097 0.461783 0.383513 0.464968 0.383513 0.471338 0.376344 0.471338 0.362007
0 0.312102 0.362007 0.305732 0.372760 0.305732 0.383513 0.308917 0.387097 0.308917 0.390681 0.312102 0.390681 0.315287 0.394265 0.318471 0.394265 0.321656 0.390681 0.324841 0.390681 0.331210 0.383513 0.331210 0.372760 0.328025 0.369176 0.328025 0.365591 0.324841 0.365591 0.321656 0.362007
0 0.840764 0.379928 0.843949 0.383513 0.843949 0.387097 0.847134 0.387097 0.850318 0.390681 0.869427 0.390681 0.872611 0.387097 0.872611 0.376344 0.866242 0.369176 0.863057 0.369176 0.859873 0.365591 0.850318 0.365591 0.843949 0.372760 0.843949 0.376344
0 0.089172 0.369176 0.082803 0.376344 0.082803 0.383513 0.079618 0.387097 0.079618 0.390681 0.085987 0.401434 0.098726 0.401434 0.101911 0.397849 0.101911 0.390681 0.105096 0.387097 0.105096 0.376344 0.098726 0.369176
0 0.792994 0.387097 0.783439 0.387097 0.777070 0.394265 0.770701 0.412186 0.770701 0.451613 0.777070 0.465950 0.777070 0.476703 0.780255 0.476703 0.780255 0.465950 0.789809 0.448029 0.789809 0.440860 0.799363 0.419355 0.799363 0.397849
0 0.003185 0.390681 0.003185 0.401434 0.006369 0.405018 0.006369 0.408602 0.009554 0.408602 0.012739 0.412186 0.012739 0.397849 0.006369 0.390681
0 0.487261 0.390681 0.484076 0.394265 0.484076 0.397849 0.487261 0.401434 0.487261 0.405018 0.490446 0.408602 0.490446 0.412186 0.493631 0.412186 0.500000 0.419355 0.503185 0.415771 0.503185 0.401434 0.496815 0.394265 0.493631 0.394265 0.490446 0.390681
0 0.662420 0.394265 0.662420 0.405018 0.668790 0.412186 0.687898 0.412186 0.691083 0.408602 0.691083 0.401434 0.684713 0.394265 0.681529 0.394265 0.678344 0.390681 0.671975 0.390681 0.668790 0.394265
0 0.117834 0.405018 0.117834 0.415771 0.124204 0.422939 0.136943 0.422939 0.140127 0.419355 0.140127 0.412186 0.133758 0.405018 0.130573 0.405018 0.127389 0.401434 0.124204 0.401434 0.121019 0.405018
0 0.340764 0.401434 0.337580 0.405018 0.337580 0.408602 0.334395 0.412186 0.334395 0.415771 0.337580 0.419355 0.337580 0.422939 0.343949 0.430108 0.347134 0.430108 0.350318 0.426523 0.353503 0.426523 0.356688 0.422939 0.356688 0.412186 0.350318 0.405018 0.347134 0.405018 0.343949 0.401434
0 0.458599 0.401434 0.455414 0.405018 0.452229 0.405018 0.449045 0.408602 0.449045 0.422939 0.452229 0.426523 0.455414 0.426523 0.458599 0.430108 0.464968 0.430108 0.474522 0.419355 0.474522 0.405018 0.471338 0.405018 0.468153 0.401434
0 0.818471 0.412186 0.818471 0.419355 0.821656 0.419355 0.824841 0.422939 0.831210 0.422939 0.834395 0.426523 0.837580 0.426523 0.840764 0.422939 0.843949 0.422939 0.850318 0.415771 0.850318 0.405018 0.847134 0.401434 0.828025 0.401434
0 0.057325 0.405018 0.050955 0.412186 0.050955 0.433692 0.054140 0.433692 0.060510 0.440860 0.070064 0.440860 0.076433 0.430108 0.076433 0.422939 0.073248 0.419355 0.073248 0.415771 0.063694 0.405018
0 0.089172 0.415771 0.085987 0.419355 0.085987 0.437276 0.089172 0.440860 0.092357 0.440860 0.095541 0.444444 0.101911 0.444444 0.105096 0.440860 0.108280 0.440860 0.111465 0.437276 0.111465 0.433692 0.108280 0.430108 0.108280 0.422939 0.101911 0.415771
0 0.579618 0.415771 0.570064 0.415771 0.554140 0.433692 0.554140 0.440860 0.550955 0.444444 0.550955 0.462366 0.557325 0.476703 0.563694 0.483871 0.576433 0.483871 0.585987 0.473118 0.589172 0.458781 0.592357 0.455197 0.589172 0.430108
0 0.420382 0.419355 0.420382 0.426523 0.426752 0.433692 0.426752 0.437276 0.436306 0.448029 0.436306 0.444444 0.433121 0.440860 0.433121 0.426523 0.426752 0.419355
0 0.264331 0.422939 0.257962 0.433692 0.257962 0.437276 0.261146 0.440860 0.261146 0.448029 0.264331 0.451613 0.277070 0.451613 0.283439 0.444444 0.283439 0.440860 0.286624 0.437276 0.286624 0.433692 0.280255 0.422939
0 0.334395 0.422939 0.331210 0.422939 0.328025 0.426523 0.324841 0.426523 0.318471 0.437276 0.318471 0.444444 0.321656 0.448029 0.321656 0.451613 0.328025 0.458781 0.331210 0.458781 0.340764 0.451613 0.340764 0.430108
0 0.687898 0.430108 0.671975 0.430108 0.671975 0.437276 0.665605 0.440860 0.665605 0.444444 0.668790 0.444444 0.671975 0.451613 0.668790 0.455197 0.665605 0.451613 0.665605 0.458781 0.662420 0.462366 0.662420 0.480287 0.665605 0.487455 0.675159 0.494624 0.678344 0.494624 0.691083 0.476703 0.691083 0.458781 0.694268 0.455197 0.694268 0.448029 0.687898 0.437276
0 0.503185 0.437276 0.496815 0.444444 0.496815 0.458781 0.500000 0.458781 0.503185 0.462366 0.512739 0.462366 0.522293 0.451613 0.522293 0.440860 0.519108 0.437276
0 0.828025 0.448029 0.818471 0.437276 0.808917 0.437276 0.799363 0.448029 0.799363 0.458781 0.796178 0.462366 0.799363 0.465950 0.799363 0.469534 0.815287 0.469534 0.818471 0.465950 0.821656 0.465950 0.828025 0.458781
0 0.127389 0.440860 0.121019 0.448029 0.121019 0.462366 0.124204 0.462366 0.127389 0.465950 0.140127 0.465950 0.143312 0.462366 0.143312 0.455197 0.140127 0.451613 0.140127 0.448029 0.136943 0.444444 0.133758 0.444444 0.130573 0.440860
0 0.375796 0.444444 0.366242 0.444444 0.359873 0.451613 0.359873 0.455197 0.356688 0.458781 0.356688 0.469534 0.353503 0.473118 0.353503 0.476703 0.356688 0.480287 0.356688 0.487455 0.363057 0.494624 0.366242 0.491039 0.369427 0.491039 0.369427 0.487455 0.372611 0.483871 0.372611 0.473118 0.375796 0.469534
0 0.843949 0.448029 0.843949 0.462366 0.850318 0.469534 0.853503 0.469534 0.856688 0.473118 0.863057 0.473118 0.866242 0.469534 0.869427 0.469534 0.869427 0.462366 0.872611 0.458781 0.869427 0.455197 0.869427 0.451613 0.863057 0.444444 0.847134 0.444444
0 0.175159 0.448029 0.168790 0.448029 0.165605 0.451613 0.162420 0.451613 0.162420 0.458781 0.159236 0.462366 0.159236 0.469534 0.162420 0.473118 0.162420 0.476703 0.175159 0.476703 0.178344 0.473118 0.178344 0.469534 0.181529 0.465950 0.181529 0.458781 0.178344 0.455197 0.178344 0.451613
0 0.407643 0.451613 0.401274 0.462366 0.401274 0.483871 0.407643 0.494624 0.426752 0.494624 0.433121 0.483871 0.433121 0.476703 0.429936 0.473118 0.426752 0.462366 0.420382 0.455197 0.417197 0.455197 0.414013 0.451613
0 0.038217 0.455197 0.035032 0.458781 0.035032 0.473118 0.044586 0.483871 0.054140 0.483871 0.057325 0.480287 0.057325 0.476703 0.060510 0.473118 0.060510 0.462366 0.054140 0.455197
0 0.222930 0.455197 0.210191 0.455197 0.200637 0.465950 0.200637 0.480287 0.203822 0.483871 0.216561 0.483871 0.226115 0.473118 0.226115 0.469534 0.229299 0.465950
0 0.283439 0.462366 0.277070 0.473118 0.280255 0.476703 0.280255 0.480287 0.289809 0.487455 0.289809 0.494624 0.292994 0.498208 0.299363 0.491039 0.299363 0.480287 0.302548 0.476703 0.299363 0.473118 0.299363 0.469534 0.292994 0.462366
0 0.605096 0.473118 0.601911 0.476703 0.598726 0.476703 0.598726 0.498208 0.605096 0.505376 0.614650 0.505376 0.617834 0.501792 0.617834 0.491039 0.614650 0.487455 0.614650 0.480287 0.608280 0.473118
0 0.242038 0.476703 0.235669 0.483871 0.235669 0.487455 0.232484 0.491039 0.232484 0.498208 0.242038 0.508961 0.248408 0.508961 0.254777 0.501792 0.254777 0.494624 0.257962 0.491039 0.257962 0.487455 0.254777 0.483871 0.254777 0.480287 0.251592 0.476703
0 0.318471 0.480287 0.318471 0.483871 0.315287 0.487455 0.315287 0.505376 0.318471 0.508961 0.340764 0.508961 0.340764 0.505376 0.343949 0.501792 0.343949 0.494624 0.340764 0.491039 0.340764 0.483871 0.331210 0.476703 0.324841 0.476703 0.321656 0.480287
0 0.143312 0.491039 0.136943 0.483871 0.133758 0.483871 0.130573 0.480287 0.127389 0.480287 0.124204 0.483871 0.121019 0.483871 0.114650 0.491039 0.111465 0.491039 0.111465 0.501792 0.117834 0.508961 0.130573 0.508961 0.140127 0.498208 0.140127 0.494624
0 0.022293 0.494624 0.019108 0.494624 0.015924 0.498208 0.009554 0.498208 0.003185 0.505376 0.003185 0.516129 0.006369 0.516129 0.009554 0.519713 0.012739 0.519713 0.015924 0.523297 0.019108 0.519713 0.022293 0.519713 0.025478 0.516129 0.028662 0.516129 0.028662 0.501792
0 0.219745 0.494624 0.213376 0.494624 0.210191 0.498208 0.207006 0.498208 0.207006 0.501792 0.203822 0.505376 0.203822 0.512545 0.207006 0.516129 0.207006 0.519713 0.216561 0.519713 0.222930 0.512545 0.222930 0.508961 0.226115 0.505376 0.222930 0.501792 0.222930 0.498208
0 0.162420 0.512545 0.149682 0.512545 0.146497 0.516129 0.143312 0.516129 0.140127 0.519713 0.140127 0.526882 0.136943 0.530466 0.136943 0.534050 0.143312 0.541219 0.152866 0.541219 0.156051 0.537634 0.156051 0.534050 0.159236 0.530466 0.159236 0.526882 0.165605 0.516129
0 0.678344 0.512545 0.675159 0.516129 0.675159 0.551971 0.681529 0.559140 0.684713 0.559140 0.691083 0.548387 0.691083 0.534050 0.687898 0.530466 0.687898 0.516129 0.684713 0.512545
0 0.121019 0.523297 0.114650 0.530466 0.114650 0.534050 0.117834 0.537634 0.117834 0.541219 0.121019 0.544803 0.127389 0.544803 0.127389 0.541219 0.130573 0.537634 0.130573 0.534050
0 0.646497 0.523297 0.643312 0.526882 0.643312 0.559140 0.646497 0.562724 0.646497 0.573477 0.649682 0.573477 0.652866 0.577061 0.659236 0.577061 0.662420 0.573477 0.662420 0.555556 0.659236 0.551971 0.659236 0.537634 0.656051 0.534050 0.656051 0.526882 0.652866 0.523297
0 0.242038 0.526882 0.232484 0.537634 0.232484 0.541219 0.235669 0.544803 0.235669 0.548387 0.242038 0.555556 0.245223 0.555556 0.248408 0.559140 0.251592 0.559140 0.261146 0.551971 0.261146 0.534050 0.254777 0.526882
0 0.331210 0.526882 0.324841 0.534050 0.324841 0.551971 0.328025 0.555556 0.328025 0.559140 0.334395 0.566308 0.343949 0.566308 0.347134 0.562724 0.350318 0.551971 0.356688 0.544803 0.356688 0.541219 0.350318 0.530466 0.347134 0.530466 0.343949 0.526882
0 0.598726 0.530466 0.582803 0.544803 0.579618 0.551971 0.579618 0.573477 0.582803 0.577061 0.582803 0.584229 0.592357 0.594982 0.601911 0.598566 0.611465 0.609319 0.621019 0.609319 0.627389 0.602151 0.627389 0.569892 0.611465 0.530466
0 0.031847 0.534050 0.031847 0.537634 0.028662 0.541219 0.035032 0.548387 0.038217 0.548387 0.041401 0.551971 0.044586 0.551971 0.044586 0.534050
0 0.006369 0.537634 0.000000 0.537634 0.000000 0.566308 0.003185 0.569892 0.006369 0.566308 0.006369 0.559140 0.009554 0.555556 0.009554 0.544803 0.006369 0.541219
0 0.401274 0.544803 0.401274 0.551971 0.410828 0.562724 0.414013 0.562724 0.417197 0.566308 0.426752 0.566308 0.429936 0.562724 0.433121 0.562724 0.433121 0.559140 0.436306 0.555556 0.436306 0.551971 0.433121 0.548387 0.433121 0.544803 0.426752 0.537634 0.407643 0.537634
0 0.089172 0.544803 0.082803 0.544803 0.079618 0.541219 0.076433 0.544803 0.073248 0.544803 0.070064 0.548387 0.066879 0.548387 0.066879 0.562724 0.070064 0.566308 0.082803 0.566308 0.089172 0.559140
0 0.359873 0.541219 0.359873 0.544803 0.353503 0.551971 0.353503 0.555556 0.347134 0.566308 0.347134 0.569892 0.350318 0.573477 0.363057 0.573477 0.372611 0.566308 0.372611 0.555556 0.369427 0.551971 0.369427 0.548387 0.366242 0.548387
0 0.203822 0.544803 0.200637 0.548387 0.200637 0.555556 0.197452 0.559140 0.197452 0.591398 0.200637 0.594982 0.210191 0.594982 0.219745 0.584229 0.219745 0.566308 0.216561 0.562724 0.216561 0.559140
0 0.283439 0.555556 0.280255 0.559140 0.280255 0.577061 0.283439 0.580645 0.292994 0.580645 0.296178 0.577061 0.296178 0.559140 0.292994 0.555556
0 0.493631 0.555556 0.487261 0.559140 0.484076 0.566308 0.490446 0.620072 0.506369 0.648746 0.515924 0.648746 0.519108 0.641577 0.519108 0.612903 0.515924 0.609319 0.515924 0.598566 0.509554 0.587814 0.509554 0.580645
0 0.713376 0.555556 0.710191 0.555556 0.700637 0.566308 0.700637 0.573477 0.707006 0.580645 0.710191 0.577061 0.710191 0.573477 0.713376 0.569892
0 0.162420 0.566308 0.159236 0.569892 0.159236 0.573477 0.156051 0.577061 0.156051 0.580645 0.159236 0.584229 0.159236 0.587814 0.162420 0.591398 0.175159 0.591398 0.178344 0.587814 0.178344 0.577061 0.175159 0.573477 0.175159 0.569892 0.171975 0.566308
0 0.015924 0.577061 0.012739 0.580645 0.012739 0.587814 0.009554 0.591398 0.012739 0.594982 0.012739 0.602151 0.019108 0.609319 0.019108 0.612903 0.022293 0.616487 0.025478 0.616487 0.028662 0.620072 0.035032 0.620072 0.041401 0.612903 0.041401 0.587814 0.035032 0.577061
0 0.315287 0.577061 0.312102 0.580645 0.312102 0.584229 0.308917 0.587814 0.308917 0.598566 0.315287 0.605735 0.328025 0.605735 0.331210 0.602151 0.331210 0.598566 0.334395 0.594982 0.334395 0.584229 0.328025 0.577061
0 0.366242 0.591398 0.366242 0.594982 0.363057 0.598566 0.363057 0.609319 0.366242 0.612903 0.366242 0.616487 0.375796 0.623656 0.382166 0.623656 0.385350 0.620072 0.388535 0.620072 0.388535 0.616487 0.391720 0.612903 0.391720 0.602151 0.388535 0.598566 0.388535 0.594982 0.385350 0.591398 0.378981 0.591398 0.375796 0.587814 0.372611 0.591398
0 0.136943 0.594982 0.136943 0.598566 0.133758 0.602151 0.133758 0.616487 0.136943 0.620072 0.136943 0.623656 0.152866 0.623656 0.152866 0.620072 0.156051 0.616487 0.156051 0.605735 0.152866 0.602151 0.152866 0.598566 0.149682 0.598566 0.146497 0.594982
0 0.270701 0.598566 0.264331 0.605735 0.264331 0.620072 0.267516 0.623656 0.267516 0.627240 0.273885 0.634409 0.277070 0.634409 0.280255 0.630824 0.283439 0.630824 0.283439 0.627240 0.286624 0.623656 0.286624 0.609319 0.277070 0.598566
0 0.636943 0.605735 0.633758 0.609319 0.633758 0.630824 0.636943 0.634409 0.640127 0.645161 0.646497 0.645161 0.649682 0.648746 0.652866 0.645161 0.656051 0.645161 0.656051 0.641577 0.659236 0.637993 0.656051 0.634409 0.656051 0.616487 0.649682 0.605735
0 0.168790 0.627240 0.168790 0.630824 0.165605 0.634409 0.165605 0.641577 0.175159 0.641577 0.178344 0.637993 0.178344 0.634409 0.181529 0.630824 0.178344 0.627240
0 0.210191 0.627240 0.200637 0.627240 0.197452 0.630824 0.194268 0.630824 0.191083 0.634409 0.191083 0.637993 0.187898 0.641577 0.187898 0.652330 0.194268 0.659498 0.200637 0.659498 0.207006 0.652330 0.207006 0.648746 0.210191 0.645161
0 0.229299 0.641577 0.229299 0.648746 0.235669 0.648746 0.238854 0.652330 0.251592 0.652330 0.254777 0.648746 0.254777 0.645161 0.251592 0.641577 0.251592 0.637993 0.245223 0.630824 0.238854 0.630824
0 0.054140 0.634409 0.050955 0.637993 0.050955 0.645161 0.054140 0.648746 0.054140 0.652330 0.057325 0.655914 0.060510 0.655914 0.060510 0.652330 0.063694 0.648746 0.063694 0.637993 0.060510 0.634409
0 0.445860 0.637993 0.439490 0.648746 0.439490 0.666667 0.442675 0.670251 0.445860 0.695341 0.455414 0.713262 0.455414 0.731183 0.461783 0.734767 0.471338 0.716846 0.471338 0.706093 0.464968 0.688172 0.464968 0.655914 0.455414 0.634409
0 0.729299 0.634409 0.722930 0.634409 0.713376 0.645161 0.713376 0.648746 0.703822 0.659498 0.700637 0.673835 0.684713 0.688172 0.681529 0.702509 0.687898 0.702509 0.700637 0.695341 0.729299 0.659498 0.732484 0.652330 0.732484 0.637993
0 0.601911 0.637993 0.592357 0.645161 0.592357 0.663082 0.601911 0.673835 0.608280 0.673835 0.614650 0.666667 0.614650 0.663082 0.617834 0.659498 0.617834 0.655914 0.614650 0.652330 0.614650 0.648746 0.608280 0.641577 0.605096 0.641577
0 0.025478 0.645161 0.025478 0.655914 0.028662 0.659498 0.031847 0.659498 0.035032 0.663082 0.044586 0.663082 0.044586 0.648746 0.038217 0.641577 0.031847 0.641577 0.028662 0.645161
0 0.343949 0.641577 0.334395 0.648746 0.334395 0.663082 0.343949 0.673835 0.353503 0.673835 0.359873 0.663082 0.359873 0.652330 0.353503 0.645161 0.350318 0.645161 0.347134 0.641577
0 0.082803 0.645161 0.082803 0.648746 0.079618 0.652330 0.079618 0.666667 0.085987 0.673835 0.095541 0.673835 0.098726 0.670251 0.098726 0.652330 0.092357 0.645161
0 0.140127 0.645161 0.136943 0.648746 0.133758 0.648746 0.133758 0.652330 0.130573 0.655914 0.130573 0.666667 0.133758 0.670251 0.136943 0.670251 0.140127 0.673835 0.146497 0.673835 0.149682 0.670251 0.149682 0.666667 0.152866 0.663082 0.152866 0.655914 0.146497 0.648746 0.143312 0.648746
0 0.286624 0.663082 0.270701 0.663082 0.267516 0.666667 0.264331 0.666667 0.257962 0.673835 0.257962 0.684588 0.261146 0.688172 0.261146 0.691756 0.267516 0.698925 0.270701 0.698925 0.273885 0.702509 0.277070 0.698925 0.280255 0.698925 0.289809 0.688172 0.289809 0.681004 0.292994 0.677419 0.292994 0.673835
0 0.184713 0.670251 0.171975 0.670251 0.162420 0.681004 0.162420 0.688172 0.159236 0.691756 0.165605 0.702509 0.178344 0.702509 0.184713 0.695341 0.184713 0.691756 0.191083 0.684588 0.191083 0.681004
0 0.480892 0.673835 0.477707 0.677419 0.477707 0.691756 0.484076 0.698925 0.496815 0.698925 0.500000 0.695341 0.500000 0.681004 0.493631 0.673835 0.490446 0.673835 0.487261 0.670251 0.484076 0.673835
0 0.882166 0.670251 0.875796 0.670251 0.869427 0.681004 0.869427 0.724014 0.875796 0.731183 0.885350 0.727599 0.894904 0.709677 0.894904 0.688172 0.891720 0.684588 0.891720 0.681004
0 0.006369 0.677419 0.006369 0.691756 0.009554 0.695341 0.009554 0.698925 0.012739 0.698925 0.019108 0.706093 0.025478 0.706093 0.028662 0.702509 0.031847 0.702509 0.031847 0.698925 0.035032 0.695341 0.035032 0.688172 0.028662 0.677419 0.025478 0.677419 0.022293 0.673835 0.012739 0.673835 0.009554 0.677419
0 0.328025 0.681004 0.324841 0.684588 0.321656 0.684588 0.321656 0.688172 0.318471 0.691756 0.318471 0.706093 0.321656 0.709677 0.321656 0.713262 0.328025 0.720430 0.337580 0.720430 0.343949 0.713262 0.343949 0.709677 0.347134 0.706093 0.347134 0.695341 0.343949 0.691756 0.343949 0.688172 0.340764 0.688172 0.337580 0.684588
0 0.378981 0.681004 0.366242 0.681004 0.366242 0.684588 0.359873 0.695341 0.359873 0.698925 0.363057 0.702509 0.363057 0.709677 0.366242 0.709677 0.369427 0.713262 0.372611 0.713262 0.375796 0.709677 0.378981 0.709677 0.378981 0.706093 0.382166 0.702509 0.382166 0.684588
0 0.066879 0.688172 0.060510 0.695341 0.060510 0.706093 0.063694 0.709677 0.063694 0.713262 0.066879 0.713262 0.070064 0.716846 0.073248 0.716846 0.079618 0.709677 0.079618 0.691756 0.076433 0.688172
0 0.101911 0.691756 0.098726 0.695341 0.095541 0.695341 0.092357 0.698925 0.092357 0.716846 0.098726 0.724014 0.105096 0.724014 0.111465 0.716846 0.114650 0.716846 0.111465 0.713262 0.111465 0.698925 0.108280 0.695341 0.105096 0.695341
0 0.130573 0.691756 0.124204 0.691756 0.124204 0.706093 0.121019 0.709677 0.121019 0.713262 0.114650 0.720430 0.114650 0.724014 0.117834 0.727599 0.124204 0.727599 0.130573 0.720430 0.130573 0.716846 0.133758 0.713262 0.133758 0.695341
0 0.213376 0.691756 0.203822 0.691756 0.194268 0.702509 0.194268 0.706093 0.191083 0.709677 0.191083 0.724014 0.197452 0.731183 0.210191 0.731183 0.216561 0.724014 0.216561 0.720430 0.219745 0.716846 0.219745 0.698925
0 0.423567 0.691756 0.417197 0.702509 0.417197 0.716846 0.414013 0.720430 0.417197 0.724014 0.417197 0.731183 0.420382 0.734767 0.420382 0.738351 0.433121 0.752688 0.436306 0.752688 0.442675 0.741935 0.442675 0.720430 0.439490 0.716846 0.439490 0.702509 0.433121 0.695341 0.433121 0.691756
0 0.550955 0.691756 0.544586 0.698925 0.544586 0.702509 0.541401 0.706093 0.544586 0.709677 0.544586 0.713262 0.547771 0.716846 0.550955 0.716846 0.554140 0.720430 0.560510 0.720430 0.563694 0.716846 0.566879 0.716846 0.566879 0.698925 0.563694 0.695341 0.563694 0.691756
0 0.576433 0.691756 0.576433 0.706093 0.579618 0.709677 0.579618 0.727599 0.582803 0.731183 0.582803 0.738351 0.585987 0.741935 0.585987 0.745520 0.592357 0.745520 0.595541 0.741935 0.595541 0.720430 0.592357 0.716846 0.592357 0.709677 0.589172 0.706093 0.585987 0.695341 0.582803 0.691756
0 0.738854 0.698925 0.732484 0.709677 0.732484 0.720430 0.735669 0.724014 0.735669 0.734767 0.742038 0.741935 0.748408 0.741935 0.748408 0.738351 0.751592 0.734767 0.751592 0.724014 0.748408 0.720430 0.748408 0.709677 0.745223 0.706093 0.745223 0.702509 0.742038 0.698925
0 0.627389 0.716846 0.621019 0.724014 0.621019 0.734767 0.630573 0.745520 0.646497 0.745520 0.646497 0.741935 0.649682 0.738351 0.649682 0.731183 0.646497 0.727599 0.646497 0.724014 0.636943 0.716846
0 0.238854 0.720430 0.219745 0.741935 0.216561 0.741935 0.216561 0.745520 0.213376 0.749104 0.216561 0.752688 0.216561 0.756272 0.226115 0.756272 0.238854 0.741935 0.238854 0.738351 0.242038 0.734767 0.242038 0.727599 0.238854 0.724014
0 0.490446 0.720430 0.484076 0.727599 0.484076 0.738351 0.487261 0.741935 0.487261 0.749104 0.490446 0.752688 0.490446 0.756272 0.500000 0.756272 0.506369 0.749104 0.506369 0.741935 0.509554 0.738351 0.509554 0.724014 0.506369 0.720430
0 0.006369 0.727599 0.003185 0.731183 0.003185 0.734767 0.000000 0.738351 0.000000 0.752688 0.003185 0.756272 0.003185 0.759857 0.006369 0.759857 0.015924 0.749104 0.015924 0.734767 0.012739 0.731183 0.009554 0.731183
0 0.060510 0.734767 0.054140 0.741935 0.054140 0.752688 0.057325 0.756272 0.057325 0.759857 0.066879 0.767025 0.073248 0.767025 0.076433 0.763441 0.079618 0.763441 0.082803 0.759857 0.082803 0.749104 0.073248 0.738351 0.070064 0.738351 0.066879 0.734767
0 0.707006 0.734767 0.703822 0.738351 0.703822 0.752688 0.707006 0.756272 0.707006 0.759857 0.713376 0.767025 0.726115 0.767025 0.726115 0.752688 0.722930 0.749104 0.722930 0.745520 0.719745 0.741935 0.719745 0.738351 0.716561 0.734767
0 0.152866 0.738351 0.152866 0.741935 0.149682 0.745520 0.149682 0.763441 0.156051 0.774194 0.159236 0.774194 0.165605 0.781362 0.171975 0.781362 0.175159 0.777778 0.175159 0.774194 0.171975 0.770609 0.171975 0.763441 0.168790 0.759857 0.168790 0.752688 0.165605 0.749104 0.165605 0.745520 0.159236 0.738351
0 0.308917 0.738351 0.302548 0.749104 0.302548 0.763441 0.308917 0.774194 0.312102 0.774194 0.315287 0.777778 0.324841 0.777778 0.331210 0.767025 0.331210 0.759857 0.328025 0.756272 0.328025 0.749104 0.318471 0.738351
0 0.519108 0.745520 0.512739 0.752688 0.512739 0.767025 0.509554 0.770609 0.512739 0.774194 0.512739 0.784946 0.515924 0.784946 0.522293 0.792115 0.528662 0.781362 0.528662 0.767025 0.531847 0.763441 0.528662 0.759857 0.528662 0.749104
0 0.471338 0.749104 0.468153 0.749104 0.458599 0.759857 0.458599 0.777778 0.461783 0.781362 0.474522 0.781362 0.480892 0.774194 0.480892 0.767025 0.477707 0.763441 0.477707 0.756272
0 0.187898 0.752688 0.187898 0.759857 0.191083 0.763441 0.191083 0.799283 0.194268 0.802867 0.194268 0.806452 0.197452 0.806452 0.207006 0.795699 0.210191 0.795699 0.210191 0.777778 0.207006 0.774194 0.207006 0.767025 0.203822 0.763441 0.203822 0.759857 0.194268 0.752688
0 0.038217 0.756272 0.031847 0.756272 0.028662 0.759857 0.025478 0.759857 0.019108 0.767025 0.019108 0.770609 0.015924 0.774194 0.015924 0.781362 0.019108 0.784946 0.019108 0.788530 0.031847 0.788530 0.038217 0.781362 0.038217 0.777778 0.041401 0.774194 0.041401 0.763441 0.038217 0.759857
0 0.671975 0.756272 0.665605 0.756272 0.659236 0.763441 0.659236 0.767025 0.656051 0.770609 0.656051 0.788530 0.659236 0.788530 0.662420 0.792115 0.668790 0.792115 0.678344 0.781362 0.678344 0.777778 0.681529 0.774194 0.681529 0.767025 0.678344 0.763441 0.678344 0.759857 0.675159 0.759857
0 0.264331 0.759857 0.257962 0.759857 0.248408 0.770609 0.248408 0.774194 0.245223 0.777778 0.245223 0.781362 0.251592 0.792115 0.264331 0.792115 0.270701 0.781362 0.270701 0.767025
0 0.356688 0.770609 0.347134 0.781362 0.347134 0.795699 0.350318 0.799283 0.350318 0.802867 0.353503 0.802867 0.363057 0.813620 0.372611 0.813620 0.372611 0.810036 0.375796 0.806452 0.375796 0.788530 0.372611 0.784946 0.372611 0.777778 0.366242 0.770609
0 0.751592 0.770609 0.748408 0.774194 0.748408 0.788530 0.754777 0.802867 0.754777 0.813620 0.764331 0.831541 0.767516 0.845878 0.773885 0.856631 0.780255 0.856631 0.786624 0.845878 0.786624 0.824373 0.773885 0.799283 0.764331 0.788530 0.761146 0.777778
0 0.101911 0.774194 0.092357 0.774194 0.082803 0.784946 0.082803 0.788530 0.079618 0.792115 0.082803 0.795699 0.082803 0.799283 0.085987 0.802867 0.089172 0.802867 0.092357 0.799283 0.095541 0.802867 0.095541 0.799283 0.101911 0.792115 0.101911 0.788530 0.105096 0.784946 0.105096 0.777778
0 0.882166 0.784946 0.882166 0.792115 0.885350 0.795699 0.885350 0.799283 0.888535 0.802867 0.888535 0.810036 0.894904 0.817204 0.898089 0.817204 0.901274 0.820789 0.901274 0.806452 0.894904 0.799283 0.894904 0.795699 0.891720 0.792115 0.891720 0.788530 0.888535 0.788530 0.885350 0.784946
0 0.296178 0.788530 0.292994 0.788530 0.289809 0.792115 0.286624 0.792115 0.283439 0.795699 0.283439 0.810036 0.289809 0.817204 0.296178 0.817204 0.299363 0.813620 0.302548 0.813620 0.302548 0.810036 0.305732 0.806452 0.305732 0.795699 0.302548 0.792115 0.299363 0.792115
0 0.621019 0.799283 0.617834 0.806452 0.617834 0.835125 0.621019 0.838710 0.621019 0.853047 0.627389 0.863799 0.630573 0.878136 0.640127 0.885305 0.649682 0.870968 0.646497 0.831541 0.636943 0.806452 0.630573 0.799283
0 0.098726 0.802867 0.098726 0.810036 0.095541 0.813620 0.095541 0.824373 0.098726 0.827957 0.098726 0.831541 0.101911 0.831541 0.105096 0.835125 0.111465 0.835125 0.117834 0.827957 0.117834 0.813620 0.111465 0.806452 0.108280 0.806452 0.105096 0.802867
0 0.464968 0.802867 0.458599 0.810036 0.458599 0.831541 0.461783 0.835125 0.461783 0.838710 0.464968 0.838710 0.468153 0.842294 0.474522 0.842294 0.480892 0.835125 0.480892 0.831541 0.484076 0.827957 0.484076 0.810036 0.477707 0.802867
0 0.726115 0.806452 0.722930 0.813620 0.722930 0.874552 0.729299 0.892473 0.732484 0.896057 0.742038 0.896057 0.745223 0.888889 0.745223 0.827957 0.742038 0.824373 0.742038 0.817204 0.732484 0.806452
0 0.324841 0.813620 0.321656 0.817204 0.321656 0.827957 0.324841 0.831541 0.324841 0.835125 0.340764 0.853047 0.350318 0.853047 0.353503 0.849462 0.353503 0.842294 0.347134 0.831541 0.347134 0.820789 0.337580 0.810036 0.331210 0.810036 0.328025 0.813620
0 0.226115 0.813620 0.222930 0.817204 0.219745 0.817204 0.210191 0.827957 0.210191 0.849462 0.216561 0.860215 0.229299 0.860215 0.229299 0.856631 0.235669 0.845878 0.235669 0.838710 0.238854 0.835125 0.238854 0.827957 0.235669 0.824373 0.235669 0.820789
0 0.560510 0.817204 0.560510 0.835125 0.563694 0.838710 0.563694 0.845878 0.570064 0.853047 0.570064 0.860215 0.579618 0.870968 0.592357 0.870968 0.592357 0.867384 0.595541 0.863799 0.592357 0.860215 0.592357 0.845878 0.589172 0.842294 0.589172 0.835125 0.576433 0.817204
0 0.057325 0.831541 0.057325 0.835125 0.054140 0.838710 0.054140 0.849462 0.057325 0.853047 0.063694 0.853047 0.066879 0.849462 0.070064 0.849462 0.070064 0.835125 0.066879 0.831541
0 0.847134 0.835125 0.840764 0.845878 0.840764 0.860215 0.843949 0.863799 0.843949 0.870968 0.850318 0.878136 0.859873 0.878136 0.869427 0.870968 0.869427 0.867384 0.872611 0.863799 0.872611 0.853047 0.869427 0.849462 0.866242 0.838710 0.863057 0.838710 0.859873 0.835125
0 0.445860 0.838710 0.439490 0.845878 0.439490 0.892473 0.445860 0.899642 0.458599 0.899642 0.464968 0.888889 0.464968 0.863799
0 0.261146 0.845878 0.251592 0.845878 0.245223 0.853047 0.245223 0.860215 0.242038 0.863799 0.242038 0.870968 0.251592 0.878136 0.254777 0.874552 0.257962 0.874552 0.267516 0.867384 0.267516 0.849462 0.264331 0.849462
0 0.369427 0.849462 0.366242 0.853047 0.366242 0.856631 0.363057 0.860215 0.363057 0.863799 0.366242 0.867384 0.366242 0.874552 0.369427 0.874552 0.375796 0.881720 0.378981 0.881720 0.382166 0.878136 0.385350 0.878136 0.385350 0.874552 0.388535 0.870968 0.388535 0.856631 0.382166 0.849462
0 0.127389 0.853047 0.121019 0.860215 0.121019 0.867384 0.124204 0.870968 0.124204 0.874552 0.127389 0.878136 0.130573 0.878136 0.133758 0.881720 0.136943 0.881720 0.140127 0.878136 0.140127 0.867384 0.136943 0.863799 0.136943 0.860215 0.130573 0.853047
0 0.031847 0.860215 0.028662 0.863799 0.028662 0.878136 0.044586 0.878136 0.044586 0.874552 0.047771 0.870968 0.041401 0.863799 0.041401 0.860215
0 0.652866 0.867384 0.652866 0.870968 0.646497 0.878136 0.646497 0.881720 0.643312 0.885305 0.643312 0.892473 0.649682 0.903226 0.649682 0.910394 0.652866 0.913978 0.652866 0.917563 0.656051 0.917563 0.659236 0.921147 0.665605 0.913978 0.665605 0.910394 0.668790 0.906810 0.668790 0.892473 0.671975 0.888889 0.668790 0.885305 0.668790 0.881720 0.659236 0.870968 0.656051 0.870968
0 0.050955 0.870968 0.047771 0.874552 0.047771 0.896057 0.050955 0.899642 0.050955 0.906810 0.060510 0.917563 0.063694 0.917563 0.070064 0.906810 0.063694 0.896057 0.063694 0.878136 0.057325 0.870968
0 0.299363 0.870968 0.296178 0.874552 0.292994 0.874552 0.289809 0.878136 0.289809 0.888889 0.292994 0.892473 0.292994 0.896057 0.296178 0.896057 0.299363 0.899642 0.302548 0.899642 0.305732 0.896057 0.305732 0.892473 0.308917 0.888889 0.312102 0.888889 0.308917 0.885305 0.308917 0.881720 0.305732 0.878136 0.305732 0.874552 0.302548 0.870968
0 0.098726 0.881720 0.092357 0.881720 0.089172 0.885305 0.089172 0.888889 0.085987 0.892473 0.085987 0.899642 0.082803 0.903226 0.082803 0.921147 0.085987 0.924731 0.085987 0.928315 0.089172 0.928315 0.092357 0.931900 0.101911 0.924731 0.101911 0.921147 0.108280 0.910394 0.108280 0.896057 0.105096 0.892473 0.105096 0.888889
0 0.331210 0.881720 0.321656 0.881720 0.318471 0.885305 0.315287 0.885305 0.315287 0.899642 0.321656 0.906810 0.321656 0.910394 0.324841 0.906810 0.331210 0.906810 0.334395 0.903226 0.337580 0.903226 0.340764 0.899642 0.340764 0.892473
0 0.222930 0.885305 0.222930 0.896057 0.229299 0.903226 0.232484 0.899642 0.232484 0.896057 0.229299 0.892473 0.232484 0.888889 0.229299 0.885305
0 0.490446 0.885305 0.484076 0.888889 0.477707 0.899642 0.477707 0.906810 0.474522 0.910394 0.474522 0.928315 0.477707 0.931900 0.480892 0.960573 0.487261 0.967742 0.493631 0.967742 0.496815 0.971326 0.503185 0.960573 0.503185 0.924731 0.500000 0.921147 0.500000 0.899642
0 0.245223 0.903226 0.248408 0.906810 0.248408 0.910394 0.251592 0.913978 0.267516 0.913978 0.273885 0.906810 0.273885 0.899642 0.267516 0.892473 0.251592 0.892473 0.248408 0.896057 0.248408 0.899642
0 0.171975 0.899642 0.168790 0.903226 0.168790 0.906810 0.165605 0.910394 0.165605 0.917563 0.171975 0.924731 0.181529 0.924731 0.184713 0.921147 0.187898 0.921147 0.187898 0.917563 0.191083 0.913978 0.191083 0.910394 0.181529 0.899642
0 0.388535 0.899642 0.382166 0.906810 0.382166 0.921147 0.391720 0.931900 0.398089 0.931900 0.404459 0.924731 0.404459 0.917563 0.401274 0.913978 0.401274 0.906810 0.398089 0.903226 0.398089 0.899642
0 0.337580 0.906810 0.334395 0.906810 0.331210 0.910394 0.324841 0.910394 0.321656 0.913978 0.324841 0.917563 0.324841 0.931900 0.328025 0.935484 0.340764 0.935484 0.340764 0.931900 0.343949 0.928315 0.343949 0.921147 0.340764 0.917563 0.340764 0.913978 0.337580 0.910394
0 0.815287 0.910394 0.802548 0.921147 0.802548 0.928315 0.799363 0.931900 0.799363 0.939068 0.802548 0.942652 0.802548 0.971326 0.805732 0.974910 0.805732 0.989247 0.815287 0.996416 0.824841 0.989247 0.824841 0.974910 0.828025 0.971326 0.828025 0.924731 0.824841 0.917563
0 0.442675 0.917563 0.436306 0.924731 0.436306 0.928315 0.433121 0.931900 0.433121 0.939068 0.436306 0.942652 0.436306 0.946237 0.455414 0.946237 0.461783 0.935484 0.461783 0.928315 0.458599 0.924731 0.458599 0.921147 0.455414 0.921147 0.452229 0.917563
0 0.133758 0.921147 0.127389 0.931900 0.127389 0.942652 0.130573 0.946237 0.130573 0.949821 0.136943 0.956989 0.149682 0.956989 0.156051 0.946237 0.156051 0.935484 0.146497 0.924731 0.143312 0.924731 0.140127 0.921147
0 0.009554 0.928315 0.003185 0.939068 0.006369 0.949821 0.009554 0.953405 0.012739 0.953405 0.022293 0.960573 0.028662 0.960573 0.035032 0.949821 0.031847 0.946237 0.031847 0.931900 0.025478 0.924731 0.015924 0.924731 0.012739 0.928315
0 0.366242 0.924731 0.363057 0.928315 0.363057 0.935484 0.359873 0.939068 0.359873 0.942652 0.366242 0.953405 0.369427 0.953405 0.372611 0.956989 0.378981 0.956989 0.388535 0.946237 0.388535 0.939068 0.375796 0.924731
0 0.248408 0.928315 0.245223 0.931900 0.245223 0.942652 0.248408 0.946237 0.248408 0.949821 0.254777 0.956989 0.261146 0.956989 0.264331 0.953405 0.264331 0.935484 0.257962 0.928315
0 0.891720 0.935484 0.882166 0.935484 0.878981 0.939068 0.878981 0.956989 0.885350 0.964158 0.891720 0.956989 0.891720 0.946237 0.894904 0.942652 0.894904 0.939068
0 0.076433 0.939068 0.066879 0.939068 0.063694 0.942652 0.063694 0.949821 0.070064 0.956989 0.076433 0.949821
0 0.684713 0.939068 0.665605 0.939068 0.662420 0.942652 0.659236 0.942652 0.659236 0.949821 0.656051 0.953405 0.656051 0.967742 0.662420 0.974910 0.675159 0.974910 0.678344 0.971326 0.678344 0.967742 0.691083 0.953405 0.687898 0.949821 0.687898 0.942652
0 0.191083 0.956989 0.187898 0.953405 0.184713 0.953405 0.181529 0.949821 0.175159 0.956989 0.175159 0.960573 0.187898 0.960573
0 0.073248 0.956989 0.063694 0.967742 0.063694 0.971326 0.060510 0.974910 0.060510 0.985663 0.066879 0.992832 0.076433 0.992832 0.085987 0.982079 0.085987 0.967742 0.079618 0.960573 0.076433 0.960573
0 0.563694 0.960573 0.560510 0.964158 0.560510 0.974910 0.563694 0.978495 0.563694 0.982079 0.566879 0.982079 0.573248 0.989247 0.582803 0.989247 0.589172 0.982079 0.589172 0.967742 0.585987 0.964158 0.585987 0.960573 0.582803 0.960573 0.579618 0.956989 0.570064 0.956989 0.566879 0.960573
0 0.691083 0.956989 0.681529 0.967742 0.681529 0.971326 0.678344 0.974910 0.678344 0.982079 0.684713 0.992832 0.700637 0.992832 0.703822 0.989247 0.703822 0.971326 0.700637 0.967742 0.700637 0.964158 0.694268 0.956989
0 0.735669 0.956989 0.726115 0.956989 0.726115 0.960573 0.722930 0.964158 0.719745 0.964158 0.719745 0.967742 0.716561 0.971326 0.716561 0.985663 0.719745 0.989247 0.732484 0.989247 0.732484 0.985663 0.738854 0.974910 0.738854 0.964158 0.735669 0.960573
