0 0.342857 0.125448 0.336508 0.125448 0.336508 0.129032 0.330159 0.136201 0.330159 0.139785 0.326984 0.143369 0.326984 0.154122 0.330159 0.157706 0.336508 0.157706 0.339683 0.154122 0.339683 0.150538 0.342857 0.146953 0.342857 0.136201 0.346032 0.132616 0.342857 0.129032
0 0.317460 0.172043 0.314286 0.168459 0.307937 0.168459 0.304762 0.172043 0.295238 0.172043 0.292063 0.175627 0.292063 0.189964 0.295238 0.193548 0.301587 0.193548 0.304762 0.189964 0.307937 0.189964 0.314286 0.182796 0.314286 0.175627
0 0.790476 0.179211 0.790476 0.186380 0.800000 0.204301 0.825397 0.204301 0.825397 0.189964 0.828571 0.186380 0.822222 0.175627 0.815873 0.175627 0.812698 0.172043 0.800000 0.172043
0 0.596825 0.189964 0.593651 0.189964 0.590476 0.186380 0.577778 0.186380 0.574603 0.189964 0.565079 0.189964 0.561905 0.193548 0.558730 0.193548 0.549206 0.204301 0.549206 0.207885 0.552381 0.211470 0.568254 0.211470 0.571429 0.207885 0.584127 0.207885 0.587302 0.204301 0.596825 0.200717
0 0.466667 0.204301 0.463492 0.200717 0.450794 0.200717 0.403175 0.247312 0.400000 0.261649 0.409524 0.268817 0.441270 0.247312 0.457143 0.229391 0.463492 0.218638
0 0.142857 0.215054 0.133333 0.204301 0.126984 0.204301 0.123810 0.207885 0.120635 0.207885 0.104762 0.229391 0.104762 0.232975 0.101587 0.236559 0.101587 0.243728 0.104762 0.247312 0.117460 0.247312 0.123810 0.240143 0.126984 0.240143 0.139683 0.225806
0 0.555556 0.243728 0.546032 0.247312 0.539683 0.254480 0.539683 0.258065 0.536508 0.261649 0.536508 0.272401 0.533333 0.275986 0.533333 0.283154 0.536508 0.286738 0.536508 0.290323 0.539683 0.290323 0.542857 0.293907 0.546032 0.290323 0.549206 0.290323 0.565079 0.268817 0.565079 0.250896
0 0.726984 0.265233 0.723810 0.268817 0.723810 0.275986 0.726984 0.279570 0.733333 0.297491 0.739683 0.304659 0.742857 0.304659 0.746032 0.308244 0.752381 0.308244 0.755556 0.304659 0.758730 0.304659 0.758730 0.290323 0.755556 0.286738 0.755556 0.283154 0.749206 0.275986 0.749206 0.272401 0.739683 0.265233
0 0.825397 0.275986 0.815873 0.275986 0.815873 0.279570 0.812698 0.283154 0.809524 0.301075 0.803175 0.311828 0.803175 0.326165 0.806349 0.329749 0.819048 0.329749 0.825397 0.318996 0.825397 0.304659 0.828571 0.301075 0.828571 0.279570
0 0.895238 0.283154 0.892063 0.283154 0.888889 0.286738 0.885714 0.286738 0.879365 0.293907 0.879365 0.301075 0.876190 0.304659 0.876190 0.311828 0.882540 0.318996 0.888889 0.318996 0.898413 0.308244 0.898413 0.304659 0.901587 0.301075 0.901587 0.290323
0 0.212698 0.304659 0.215873 0.308244 0.225397 0.308244 0.228571 0.304659 0.231746 0.304659 0.234921 0.301075 0.234921 0.297491 0.215873 0.297491 0.212698 0.301075
0 0.707937 0.301075 0.707937 0.308244 0.714286 0.315412 0.717460 0.315412 0.720635 0.318996 0.730159 0.318996 0.733333 0.315412 0.730159 0.311828 0.730159 0.308244 0.726984 0.308244 0.723810 0.304659 0.720635 0.304659 0.717460 0.301075
0 0.984127 0.308244 0.977778 0.308244 0.968254 0.326165 0.968254 0.333333 0.965079 0.336918 0.965079 0.351254 0.961905 0.354839 0.961905 0.362007 0.965079 0.365591 0.971429 0.354839 0.971429 0.347670 0.974603 0.344086 0.974603 0.340502 0.987302 0.326165 0.987302 0.311828
0 0.457143 0.311828 0.453968 0.315412 0.453968 0.329749 0.463492 0.340502 0.476190 0.340502 0.476190 0.336918 0.479365 0.333333 0.479365 0.326165 0.476190 0.322581 0.476190 0.318996 0.469841 0.311828
0 0.273016 0.354839 0.260317 0.354839 0.247619 0.365591 0.244444 0.365591 0.238095 0.372760 0.234921 0.372760 0.228571 0.379928 0.228571 0.387097 0.231746 0.390681 0.231746 0.394265 0.244444 0.394265 0.253968 0.383513 0.257143 0.383513 0.266667 0.372760 0.269841 0.372760 0.273016 0.369176
0 0.552381 0.376344 0.549206 0.372760 0.530159 0.390681 0.511111 0.397849 0.488889 0.415771 0.482540 0.415771 0.479365 0.419355 0.479365 0.426523 0.485714 0.430108 0.501587 0.430108 0.507937 0.422939 0.514286 0.422939 0.523810 0.415771 0.546032 0.387097 0.549206 0.387097
0 0.758730 0.440860 0.758730 0.448029 0.761905 0.451613 0.765079 0.451613 0.771429 0.458781 0.771429 0.448029 0.768254 0.444444 0.768254 0.440860
0 0.215873 0.508961 0.215873 0.512545 0.219048 0.516129 0.219048 0.519713 0.234921 0.519713 0.241270 0.512545 0.241270 0.505376 0.238095 0.501792 0.219048 0.501792 0.219048 0.505376
0 0.863492 0.516129 0.863492 0.519713 0.853968 0.530466 0.853968 0.562724 0.860317 0.569892 0.876190 0.569892 0.892063 0.551971 0.892063 0.541219 0.888889 0.537634 0.879365 0.537634 0.873016 0.530466 0.873016 0.519713 0.866667 0.519713
0 0.330159 0.587814 0.320635 0.587814 0.317460 0.591398 0.311111 0.591398 0.304762 0.598566 0.304762 0.605735 0.295238 0.623656 0.295238 0.634409 0.292063 0.637993 0.295238 0.645161 0.301587 0.645161 0.314286 0.630824 0.317460 0.620072 0.333333 0.598566 0.333333 0.591398
0 0.133333 0.630824 0.126984 0.637993 0.126984 0.641577 0.130159 0.645161 0.130159 0.648746 0.136508 0.655914 0.139683 0.655914 0.142857 0.659498 0.149206 0.659498 0.155556 0.652330 0.152381 0.648746 0.152381 0.645161 0.146032 0.637993 0.146032 0.634409 0.142857 0.630824
0 0.609524 0.637993 0.606349 0.641577 0.606349 0.655914 0.609524 0.659498 0.609524 0.666667 0.612698 0.670251 0.612698 0.673835 0.619048 0.681004 0.625397 0.681004 0.628571 0.677419 0.628571 0.666667 0.625397 0.663082 0.625397 0.659498 0.622222 0.655914 0.622222 0.652330 0.619048 0.648746 0.619048 0.645161 0.612698 0.637993
0 0.393651 0.655914 0.390476 0.659498 0.390476 0.673835 0.393651 0.677419 0.400000 0.677419 0.403175 0.673835 0.403175 0.670251 0.400000 0.666667 0.400000 0.655914
0 0.577778 0.659498 0.574603 0.663082 0.574603 0.666667 0.577778 0.670251 0.577778 0.673835 0.580952 0.677419 0.580952 0.681004 0.593651 0.681004 0.593651 0.670251 0.590476 0.666667 0.590476 0.663082 0.587302 0.659498
0 0.552381 0.670251 0.552381 0.677419 0.561905 0.688172 0.574603 0.688172 0.577778 0.684588 0.580952 0.684588 0.577778 0.681004 0.577778 0.677419 0.574603 0.673835 0.574603 0.670251 0.571429 0.666667 0.571429 0.663082 0.561905 0.663082 0.558730 0.666667 0.555556 0.666667
0 0.114286 0.706093 0.107937 0.706093 0.107937 0.709677 0.104762 0.713262 0.104762 0.724014 0.101587 0.727599 0.101587 0.759857 0.104762 0.763441 0.111111 0.763441 0.114286 0.759857 0.117460 0.759857 0.117460 0.745520 0.114286 0.741935
0 0.346032 0.716846 0.342857 0.720430 0.342857 0.724014 0.346032 0.727599 0.346032 0.731183 0.349206 0.734767 0.349206 0.738351 0.352381 0.741935 0.358730 0.741935 0.358730 0.738351 0.361905 0.734767 0.361905 0.727599 0.358730 0.724014 0.358730 0.716846
0 0.333333 0.724014 0.330159 0.724014 0.326984 0.727599 0.326984 0.731183 0.323810 0.734767 0.326984 0.738351 0.326984 0.741935 0.333333 0.741935 0.333333 0.738351 0.336508 0.734767 0.336508 0.727599
0 0.187302 0.752688 0.177778 0.756272 0.177778 0.763441 0.168254 0.774194 0.168254 0.799283 0.171429 0.799283 0.174603 0.802867 0.184127 0.799283 0.193651 0.788530 0.193651 0.756272 0.190476 0.756272
0 0.349206 0.756272 0.346032 0.759857 0.346032 0.770609 0.352381 0.777778 0.358730 0.777778 0.358730 0.763441 0.355556 0.763441
0 0.368254 0.759857 0.368254 0.770609 0.377778 0.781362 0.380952 0.781362 0.384127 0.784946 0.387302 0.784946 0.390476 0.781362 0.393651 0.781362 0.400000 0.774194 0.403175 0.774194 0.403175 0.763441 0.396825 0.756272 0.371429 0.756272
0 0.476190 0.788530 0.473016 0.792115 0.469841 0.792115 0.463492 0.799283 0.463492 0.810036 0.466667 0.813620 0.466667 0.817204 0.469841 0.820789 0.479365 0.820789 0.485714 0.813620 0.485714 0.799283 0.482540 0.795699 0.482540 0.792115 0.479365 0.792115
0 0.638095 0.788530 0.638095 0.802867 0.641270 0.806452 0.644444 0.806452 0.647619 0.810036 0.650794 0.810036 0.653968 0.806452 0.657143 0.806452 0.660317 0.802867 0.660317 0.792115 0.657143 0.792115 0.653968 0.788530
0 0.911111 0.838710 0.917460 0.845878 0.926984 0.845878 0.939683 0.835125 0.942857 0.835125 0.952381 0.827957 0.958730 0.827957 0.961905 0.824373 0.961905 0.817204 0.923810 0.817204 0.914286 0.824373 0.914286 0.831541 0.911111 0.835125
0 0.857143 0.853047 0.857143 0.860215 0.860317 0.860215 0.863492 0.863799 0.892063 0.863799 0.895238 0.867384 0.898413 0.867384 0.901587 0.863799 0.901587 0.856631 0.898413 0.853047 0.888889 0.849462 0.882540 0.842294 0.869841 0.842294 0.863492 0.849462 0.860317 0.849462
0 0.206349 0.903226 0.206349 0.942652 0.209524 0.946237 0.215873 0.946237 0.222222 0.939068 0.222222 0.924731 0.225397 0.921147 0.225397 0.910394 0.219048 0.903226
0 0.869841 0.931900 0.873016 0.935484 0.873016 0.939068 0.876190 0.942652 0.888889 0.942652 0.892063 0.939068 0.895238 0.939068 0.895238 0.935484 0.898413 0.931900 0.898413 0.928315 0.895238 0.924731 0.895238 0.921147 0.892063 0.917563 0.879365 0.917563 0.873016 0.924731 0.873016 0.928315
0 0.771429 0.924731 0.765079 0.931900 0.765079 0.939068 0.771429 0.946237 0.784127 0.946237 0.787302 0.942652 0.787302 0.928315 0.780952 0.928315 0.777778 0.924731
0 0.911111 0.978495 0.907937 0.974910 0.907937 0.971326 0.904762 0.967742 0.901587 0.967742 0.898413 0.971326 0.895238 0.971326 0.888889 0.978495 0.882540 0.978495 0.879365 0.982079 0.869841 0.982079 0.866667 0.985663 0.866667 0.989247 0.869841 0.992832 0.882540 0.992832 0.885714 0.989247 0.892063 0.989247 0.895238 0.985663 0.907937 0.985663 0.907937 0.982079
0 0.590476 0.992832 0.590476 0.989247 0.580952 0.978495 0.571429 0.978495 0.568254 0.982079 0.542857 0.982079 0.539683 0.985663 0.539683 0.989247 0.542857 0.992832 0.555556 0.992832 0.558730 0.996416 0.587302 0.996416
