0 0.930159 0.003597 0.926984 0.007194 0.926984 0.010791 0.936508 0.021583 0.936508 0.025180 0.946032 0.035971 0.952381 0.028777 0.952381 0.025180 0.949206 0.021583 0.949206 0.003597
0 0.714286 0.007194 0.711111 0.010791 0.711111 0.032374 0.717460 0.039568 0.717460 0.050360 0.723810 0.057554 0.723810 0.043165 0.717460 0.032374 0.717460 0.007194
0 0.561905 0.053957 0.561905 0.071942 0.571429 0.082734 0.577778 0.082734 0.580952 0.079137 0.580952 0.075540 0.584127 0.071942 0.584127 0.068345 0.577778 0.061151 0.577778 0.057554 0.574603 0.053957
0 0.977778 0.071942 0.974603 0.075540 0.971429 0.075540 0.968254 0.079137 0.968254 0.082734 0.971429 0.086331 0.980952 0.111511 0.993651 0.125899 0.996825 0.125899 0.996825 0.115108 0.993651 0.111511 0.993651 0.075540 0.990476 0.075540 0.987302 0.071942
0 0.266667 0.079137 0.260317 0.086331 0.260317 0.093525 0.250794 0.107914 0.250794 0.118705 0.247619 0.122302 0.247619 0.143885 0.250794 0.147482 0.257143 0.140288 0.257143 0.136691 0.260317 0.133094 0.260317 0.125899 0.269841 0.107914 0.269841 0.082734
0 0.717460 0.086331 0.717460 0.107914 0.714286 0.111511 0.714286 0.136691 0.711111 0.140288 0.711111 0.151079 0.714286 0.158273 0.720635 0.161871 0.726984 0.158273 0.726984 0.154676 0.733333 0.147482 0.736508 0.140288 0.736508 0.125899 0.726984 0.107914 0.723810 0.089928
0 0.809524 0.107914 0.809524 0.118705 0.822222 0.133094 0.828571 0.133094 0.828571 0.122302 0.819048 0.111511 0.812698 0.111511
0 0.892063 0.107914 0.882540 0.118705 0.882540 0.125899 0.885714 0.129496 0.885714 0.133094 0.892063 0.140288 0.898413 0.140288 0.904762 0.133094 0.907937 0.133094 0.911111 0.129496 0.914286 0.129496 0.914286 0.118705 0.907937 0.111511 0.904762 0.111511 0.901587 0.107914
0 0.850794 0.136691 0.847619 0.140288 0.847619 0.169065 0.844444 0.172662 0.844444 0.179856 0.853968 0.201439 0.863492 0.212230 0.869841 0.212230 0.876190 0.208633 0.882540 0.197842 0.882540 0.187050 0.879365 0.183453 0.879365 0.158273 0.876190 0.154676 0.876190 0.147482 0.866667 0.136691
0 0.206349 0.169065 0.196825 0.165468 0.193651 0.169065 0.187302 0.169065 0.180952 0.176259 0.180952 0.179856 0.177778 0.183453 0.177778 0.190647 0.174603 0.194245 0.174603 0.212230 0.177778 0.215827 0.187302 0.215827 0.193651 0.208633 0.196825 0.197842 0.203175 0.190647 0.203175 0.183453 0.206349 0.179856
0 0.682540 0.165468 0.682540 0.169065 0.679365 0.172662 0.679365 0.201439 0.682540 0.205036 0.682540 0.208633 0.692063 0.208633 0.695238 0.205036 0.695238 0.197842 0.698413 0.194245 0.698413 0.187050 0.695238 0.183453 0.695238 0.172662 0.688889 0.165468
0 0.971429 0.187050 0.968254 0.190647 0.968254 0.194245 0.965079 0.197842 0.965079 0.201439 0.968254 0.205036 0.968254 0.208633 0.971429 0.212230 0.971429 0.223022 0.977778 0.223022 0.977778 0.194245 0.974603 0.190647 0.974603 0.187050
0 0.834921 0.194245 0.831746 0.197842 0.828571 0.197842 0.825397 0.201439 0.825397 0.219424 0.834921 0.230216 0.838095 0.230216 0.841270 0.226619 0.841270 0.223022 0.844444 0.219424 0.844444 0.212230 0.841270 0.208633 0.841270 0.201439
0 0.558730 0.197842 0.552381 0.205036 0.552381 0.219424 0.555556 0.223022 0.555556 0.226619 0.558730 0.230216 0.561905 0.230216 0.565079 0.233813 0.568254 0.233813 0.568254 0.230216 0.571429 0.226619 0.571429 0.215827 0.568254 0.212230 0.568254 0.205036 0.561905 0.197842
0 0.942857 0.208633 0.939683 0.212230 0.939683 0.230216 0.949206 0.241007 0.949206 0.244604 0.952381 0.248201 0.955556 0.248201 0.958730 0.244604 0.958730 0.233813 0.955556 0.230216 0.955556 0.223022 0.952381 0.219424 0.952381 0.215827 0.946032 0.208633
0 0.326984 0.212230 0.320635 0.212230 0.320635 0.215827 0.311111 0.226619 0.307937 0.226619 0.307937 0.230216 0.298413 0.241007 0.295238 0.251799 0.301587 0.258993 0.314286 0.258993 0.320635 0.251799 0.320635 0.244604 0.326984 0.237410 0.326984 0.233813 0.330159 0.230216 0.330159 0.223022 0.333333 0.219424
0 0.812698 0.233813 0.812698 0.237410 0.809524 0.241007 0.809524 0.244604 0.812698 0.248201 0.812698 0.258993 0.809524 0.262590 0.812698 0.266187 0.822222 0.266187 0.822222 0.248201 0.819048 0.244604 0.819048 0.233813
0 0.596825 0.241007 0.593651 0.241007 0.587302 0.248201 0.587302 0.266187 0.584127 0.269784 0.584127 0.273381 0.587302 0.276978 0.596825 0.276978 0.600000 0.273381 0.600000 0.269784 0.603175 0.266187 0.603175 0.248201
0 0.161905 0.244604 0.149206 0.244604 0.146032 0.248201 0.142857 0.248201 0.130159 0.262590 0.130159 0.266187 0.126984 0.269784 0.126984 0.276978 0.136508 0.287770 0.139683 0.287770 0.142857 0.284173 0.149206 0.284173 0.165079 0.266187 0.165079 0.262590 0.168254 0.258993 0.168254 0.251799
0 0.212698 0.244604 0.206349 0.244604 0.200000 0.251799 0.200000 0.255396 0.196825 0.258993 0.196825 0.284173 0.200000 0.284173 0.206349 0.276978 0.206349 0.273381 0.212698 0.262590
0 0.561905 0.266187 0.555556 0.273381 0.555556 0.284173 0.565079 0.294964 0.574603 0.294964 0.584127 0.284173 0.584127 0.276978 0.577778 0.266187
0 0.768254 0.276978 0.765079 0.276978 0.761905 0.280576 0.758730 0.280576 0.749206 0.291367 0.749206 0.309353 0.755556 0.316547 0.761905 0.316547 0.765079 0.312950 0.765079 0.309353 0.771429 0.298561 0.771429 0.280576
0 0.876190 0.276978 0.876190 0.287770 0.879365 0.291367 0.879365 0.298561 0.882540 0.302158 0.882540 0.305755 0.885714 0.309353 0.888889 0.309353 0.892063 0.305755 0.892063 0.298561 0.888889 0.294964 0.888889 0.291367 0.885714 0.287770 0.885714 0.280576 0.882540 0.276978
0 0.501587 0.305755 0.501587 0.316547 0.504762 0.320144 0.504762 0.327338 0.511111 0.334532 0.511111 0.338129 0.514286 0.338129 0.517460 0.341727 0.523810 0.341727 0.526984 0.338129 0.526984 0.334532 0.520635 0.327338 0.520635 0.323741 0.504762 0.305755
0 0.542857 0.320144 0.539683 0.323741 0.539683 0.341727 0.549206 0.352518 0.549206 0.356115 0.555556 0.363309 0.561905 0.363309 0.565079 0.359712 0.565079 0.352518 0.555556 0.341727 0.555556 0.334532 0.549206 0.327338 0.549206 0.323741 0.546032 0.320144
0 0.377778 0.334532 0.374603 0.338129 0.374603 0.352518 0.377778 0.356115 0.377778 0.359712 0.380952 0.363309 0.380952 0.366906 0.384127 0.370504 0.390476 0.370504 0.390476 0.366906 0.393651 0.363309 0.390476 0.359712 0.390476 0.341727 0.384127 0.334532
0 0.790476 0.334532 0.787302 0.338129 0.784127 0.338129 0.784127 0.341727 0.780952 0.345324 0.780952 0.348921 0.784127 0.352518 0.787302 0.348921 0.793651 0.348921 0.793651 0.338129
0 0.660317 0.345324 0.660317 0.359712 0.663492 0.363309 0.663492 0.377698 0.666667 0.381295 0.666667 0.406475 0.663492 0.410072 0.663492 0.417266 0.669841 0.417266 0.669841 0.413669 0.679365 0.399281 0.679365 0.388489 0.682540 0.381295 0.679365 0.377698 0.679365 0.366906 0.673016 0.359712 0.666667 0.345324
0 0.463492 0.356115 0.463492 0.359712 0.460317 0.363309 0.460317 0.366906 0.457143 0.370504 0.457143 0.374101 0.460317 0.377698 0.469841 0.377698 0.473016 0.374101 0.473016 0.356115
0 0.736508 0.399281 0.723810 0.399281 0.720635 0.402878 0.717460 0.402878 0.714286 0.406475 0.714286 0.417266 0.717460 0.420863 0.720635 0.420863 0.723810 0.424460 0.730159 0.424460 0.739683 0.413669 0.739683 0.406475 0.736508 0.402878
0 0.380952 0.413669 0.380952 0.431655 0.384127 0.431655 0.387302 0.435252 0.390476 0.431655 0.390476 0.417266 0.387302 0.413669
0 0.355556 0.417266 0.352381 0.417266 0.349206 0.420863 0.346032 0.420863 0.346032 0.428058 0.342857 0.431655 0.342857 0.435252 0.346032 0.438849 0.346032 0.442446 0.355556 0.442446 0.358730 0.438849 0.358730 0.435252 0.361905 0.431655 0.361905 0.424460
0 0.733333 0.431655 0.723810 0.438849 0.723810 0.453237 0.733333 0.464029 0.739683 0.464029 0.742857 0.467626 0.746032 0.464029 0.749206 0.464029 0.749206 0.456835 0.752381 0.453237 0.752381 0.449640 0.749206 0.446043 0.749206 0.438849 0.742857 0.431655
0 0.993651 0.435252 0.984127 0.442446 0.980952 0.467626 0.977778 0.471223 0.971429 0.471223 0.971429 0.478417 0.974603 0.482014 0.971429 0.485612 0.984127 0.503597 0.990476 0.503597 0.993651 0.507194
0 0.425397 0.453237 0.425397 0.460432 0.431746 0.467626 0.434921 0.467626 0.438095 0.471223 0.444444 0.471223 0.447619 0.474820 0.457143 0.474820 0.460317 0.471223 0.463492 0.471223 0.463492 0.453237 0.453968 0.442446 0.450794 0.442446 0.447619 0.438849 0.444444 0.438849 0.441270 0.442446 0.434921 0.442446
0 0.952381 0.446043 0.949206 0.449640 0.949206 0.456835 0.946032 0.460432 0.952381 0.467626 0.958730 0.467626 0.961905 0.464029 0.961905 0.460432 0.958730 0.456835 0.958730 0.453237 0.961905 0.449640 0.958730 0.446043
0 0.815873 0.453237 0.806349 0.464029 0.806349 0.471223 0.800000 0.482014 0.800000 0.496403 0.803175 0.500000 0.803175 0.507194 0.812698 0.517986 0.822222 0.517986 0.831746 0.507194 0.838095 0.492806 0.838095 0.467626 0.828571 0.456835
0 0.269841 0.474820 0.269841 0.478417 0.266667 0.482014 0.266667 0.492806 0.269841 0.496403 0.273016 0.507194 0.279365 0.514388 0.292063 0.514388 0.295238 0.510791 0.295238 0.507194 0.292063 0.503597 0.292063 0.500000 0.288889 0.496403 0.285714 0.485612 0.276190 0.474820
0 0.580952 0.478417 0.580952 0.482014 0.577778 0.485612 0.580952 0.489209 0.580952 0.496403 0.584127 0.500000 0.590476 0.500000 0.593651 0.496403 0.593651 0.485612 0.587302 0.478417
0 0.469841 0.517986 0.463492 0.507194 0.460317 0.510791 0.457143 0.510791 0.460317 0.514388 0.457143 0.517986 0.450794 0.517986 0.447619 0.514388 0.441270 0.514388 0.441270 0.525180 0.447619 0.532374 0.466667 0.532374 0.469841 0.528777
0 0.952381 0.510791 0.949206 0.514388 0.949206 0.525180 0.952381 0.528777 0.952381 0.532374 0.955556 0.535971 0.955556 0.539568 0.961905 0.546763 0.968254 0.546763 0.974603 0.539568 0.974603 0.532374 0.971429 0.528777 0.971429 0.525180 0.968254 0.521583 0.968254 0.517986 0.961905 0.510791
0 0.542857 0.525180 0.539683 0.528777 0.539683 0.535971 0.542857 0.539568 0.542857 0.543165 0.549206 0.550360 0.561905 0.550360 0.561905 0.535971 0.555556 0.528777 0.552381 0.528777 0.549206 0.525180
0 0.879365 0.539568 0.863492 0.553957 0.853968 0.575540 0.850794 0.604317 0.860317 0.629496 0.866667 0.629496 0.885714 0.604317 0.885714 0.586331 0.888889 0.582734 0.888889 0.543165 0.882540 0.543165
0 0.819048 0.550360 0.815873 0.553957 0.812698 0.553957 0.806349 0.564748 0.806349 0.582734 0.809524 0.586331 0.809524 0.589928 0.815873 0.597122 0.828571 0.597122 0.828571 0.593525 0.831746 0.589928 0.831746 0.557554 0.825397 0.550360
0 0.228571 0.575540 0.228571 0.582734 0.231746 0.586331 0.231746 0.589928 0.238095 0.597122 0.257143 0.597122 0.263492 0.589928 0.263492 0.582734 0.253968 0.571942 0.250794 0.571942 0.247619 0.568345 0.234921 0.568345
0 0.320635 0.571942 0.320635 0.579137 0.333333 0.593525 0.346032 0.593525 0.349206 0.589928 0.349206 0.579137 0.342857 0.571942 0.339683 0.571942 0.336508 0.568345 0.323810 0.568345
0 0.171429 0.582734 0.171429 0.600719 0.177778 0.607914 0.187302 0.607914 0.190476 0.604317 0.190476 0.600719 0.193651 0.597122 0.193651 0.593525 0.184127 0.582734
0 0.904762 0.593525 0.898413 0.600719 0.898413 0.615108 0.901587 0.618705 0.901587 0.625899 0.904762 0.629496 0.904762 0.636691 0.911111 0.643885 0.914286 0.643885 0.917460 0.640288 0.917460 0.615108 0.914286 0.611511 0.914286 0.604317 0.911111 0.600719 0.911111 0.597122 0.907937 0.597122
0 0.558730 0.607914 0.558730 0.611511 0.555556 0.615108 0.555556 0.640288 0.561905 0.647482 0.568254 0.647482 0.568254 0.640288 0.565079 0.636691 0.568254 0.633094 0.568254 0.618705 0.571429 0.615108 0.571429 0.611511 0.568254 0.607914
0 0.869841 0.651079 0.866667 0.654676 0.866667 0.658273 0.863492 0.661871 0.863492 0.676259 0.869841 0.676259 0.869841 0.672662 0.873016 0.669065 0.873016 0.654676
0 0.171429 0.654676 0.165079 0.661871 0.165079 0.676259 0.168254 0.679856 0.168254 0.683453 0.174603 0.690647 0.177778 0.690647 0.180952 0.694245 0.190476 0.687050 0.190476 0.683453 0.193651 0.679856 0.196825 0.669065 0.193651 0.665468 0.193651 0.661871 0.187302 0.654676
0 0.368254 0.654676 0.361905 0.661871 0.361905 0.669065 0.371429 0.679856 0.374603 0.679856 0.377778 0.683453 0.380952 0.683453 0.384127 0.679856 0.384127 0.665468 0.374603 0.654676
0 0.584127 0.665468 0.565079 0.665468 0.561905 0.669065 0.561905 0.672662 0.558730 0.676259 0.558730 0.683453 0.561905 0.687050 0.561905 0.694245 0.568254 0.701439 0.571429 0.701439 0.580952 0.690647 0.587302 0.690647 0.587302 0.683453 0.590476 0.679856 0.590476 0.672662
0 0.838095 0.669065 0.828571 0.669065 0.819048 0.679856 0.819048 0.694245 0.822222 0.694245 0.825397 0.697842 0.834921 0.687050 0.834921 0.683453 0.841270 0.676259 0.841270 0.672662
0 0.301587 0.683453 0.307937 0.683453 0.311111 0.687050 0.314286 0.687050 0.323810 0.694245 0.333333 0.694245 0.336508 0.690647 0.336508 0.679856 0.333333 0.676259 0.314286 0.676259 0.311111 0.679856 0.304762 0.679856
0 0.714286 0.676259 0.701587 0.676259 0.698413 0.679856 0.698413 0.683453 0.695238 0.687050 0.698413 0.690647 0.698413 0.708633 0.704762 0.708633 0.714286 0.697842
0 0.863492 0.719424 0.860317 0.723022 0.853968 0.723022 0.850794 0.726619 0.850794 0.737410 0.853968 0.741007 0.853968 0.744604 0.860317 0.751799 0.863492 0.751799 0.866667 0.755396 0.869841 0.751799 0.873016 0.751799 0.873016 0.748201 0.876190 0.744604 0.876190 0.730216 0.869841 0.723022 0.866667 0.723022
0 0.961905 0.748201 0.961905 0.758993 0.968254 0.766187 0.968254 0.769784 0.971429 0.769784 0.980952 0.780576 0.993651 0.780576 0.993651 0.758993 0.990476 0.758993 0.980952 0.748201 0.977778 0.748201 0.974603 0.744604 0.968254 0.744604 0.965079 0.748201
0 0.584127 0.748201 0.580952 0.748201 0.561905 0.773381 0.561905 0.787770 0.565079 0.791367 0.568254 0.791367 0.584127 0.773381 0.584127 0.769784 0.590476 0.758993 0.590476 0.755396
0 0.311111 0.751799 0.311111 0.755396 0.307937 0.758993 0.311111 0.762590 0.311111 0.769784 0.320635 0.780576 0.326984 0.780576 0.330159 0.776978 0.333333 0.776978 0.333333 0.762590 0.330159 0.758993 0.326984 0.758993 0.320635 0.751799
0 0.111111 0.773381 0.111111 0.784173 0.114286 0.787770 0.114286 0.791367 0.130159 0.798561 0.136508 0.805755 0.149206 0.805755 0.152381 0.802158 0.152381 0.791367 0.123810 0.766187 0.120635 0.766187
0 0.460317 0.766187 0.453968 0.776978 0.453968 0.798561 0.457143 0.802158 0.457143 0.805755 0.460317 0.809353 0.463492 0.809353 0.469841 0.802158 0.469841 0.794964 0.473016 0.791367 0.473016 0.780576 0.469841 0.776978 0.469841 0.773381 0.463492 0.766187
0 0.666667 0.766187 0.650794 0.766187 0.641270 0.773381 0.641270 0.776978 0.634921 0.787770 0.634921 0.794964 0.644444 0.809353 0.653968 0.809353 0.657143 0.805755 0.660317 0.805755 0.673016 0.791367 0.673016 0.787770 0.676190 0.784173 0.676190 0.776978
0 0.888889 0.766187 0.882540 0.766187 0.873016 0.773381 0.869841 0.769784 0.853968 0.769784 0.850794 0.773381 0.850794 0.780576 0.847619 0.784173 0.847619 0.791367 0.857143 0.802158 0.866667 0.802158 0.876190 0.791367 0.879365 0.780576 0.888889 0.769784
0 0.517460 0.780576 0.514286 0.780576 0.507937 0.787770 0.504762 0.787770 0.504762 0.791367 0.501587 0.794964 0.501587 0.802158 0.498413 0.805755 0.498413 0.812950 0.501587 0.816547 0.520635 0.816547 0.523810 0.812950 0.523810 0.794964 0.520635 0.791367 0.520635 0.787770 0.517460 0.784173
0 0.987302 0.798561 0.987302 0.802158 0.984127 0.805755 0.984127 0.812950 0.987302 0.816547 0.987302 0.823741 0.990476 0.827338 0.990476 0.830935 0.993651 0.834532 0.993651 0.838129 0.993651 0.834532 0.996825 0.830935 0.996825 0.802158 0.993651 0.798561
0 0.552381 0.816547 0.549206 0.820144 0.549206 0.823741 0.546032 0.827338 0.549206 0.830935 0.546032 0.834532 0.549206 0.838129 0.549206 0.841727 0.552381 0.841727 0.555556 0.838129 0.555556 0.820144
0 0.234921 0.820144 0.234921 0.827338 0.238095 0.830935 0.238095 0.834532 0.244444 0.845324 0.244444 0.852518 0.247619 0.856115 0.257143 0.856115 0.260317 0.852518 0.260317 0.845324 0.247619 0.830935 0.247619 0.827338 0.241270 0.820144
0 0.511111 0.830935 0.507937 0.830935 0.501587 0.838129 0.501587 0.856115 0.504762 0.859712 0.507937 0.859712 0.511111 0.856115 0.514286 0.856115 0.520635 0.848921 0.520635 0.841727 0.517460 0.838129 0.517460 0.834532 0.514286 0.834532
0 0.320635 0.852518 0.314286 0.852518 0.311111 0.848921 0.307937 0.852518 0.301587 0.852518 0.295238 0.859712 0.292063 0.859712 0.288889 0.863309 0.288889 0.877698 0.292063 0.881295 0.314286 0.881295 0.320635 0.874101 0.320635 0.870504 0.323810 0.866906 0.323810 0.859712 0.320635 0.856115
0 0.682540 0.852518 0.682540 0.863309 0.685714 0.866906 0.688889 0.866906 0.695238 0.874101 0.698413 0.874101 0.707937 0.881295 0.717460 0.881295 0.717460 0.870504 0.711111 0.863309 0.711111 0.859712 0.707937 0.859712 0.698413 0.852518 0.688889 0.852518 0.685714 0.848921
0 0.187302 0.863309 0.184127 0.866906 0.184127 0.874101 0.187302 0.877698 0.187302 0.884892 0.193651 0.884892 0.196825 0.881295 0.196825 0.870504 0.190476 0.863309
