0 0.171429 0.003597 0.168254 0.003597 0.165079 0.000000 0.161905 0.003597 0.155556 0.003597 0.152381 0.007194 0.155556 0.010791 0.168254 0.010791 0.171429 0.007194
0 0.546032 0.003597 0.546032 0.007194 0.552381 0.014388 0.555556 0.014388 0.565079 0.021583 0.571429 0.021583 0.574603 0.025180 0.584127 0.025180 0.587302 0.021583 0.590476 0.021583 0.600000 0.007194 0.593651 0.000000 0.561905 0.000000 0.558730 0.003597
0 0.212698 0.003597 0.212698 0.014388 0.215873 0.017986 0.228571 0.017986 0.228571 0.007194 0.225397 0.003597
0 0.476190 0.003597 0.476190 0.010791 0.479365 0.014388 0.479365 0.017986 0.482540 0.021583 0.482540 0.025180 0.485714 0.021583 0.488889 0.021583 0.498413 0.010791 0.498413 0.003597
0 0.701587 0.003597 0.695238 0.010791 0.695238 0.017986 0.701587 0.025180 0.707937 0.025180 0.714286 0.017986 0.714286 0.007194 0.711111 0.003597
0 0.304762 0.014388 0.301587 0.014388 0.298413 0.010791 0.295238 0.014388 0.282540 0.014388 0.276190 0.021583 0.276190 0.028777 0.279365 0.032374 0.288889 0.032374 0.298413 0.021583 0.301587 0.021583 0.304762 0.017986
0 0.403175 0.010791 0.390476 0.010791 0.387302 0.014388 0.387302 0.017986 0.384127 0.021583 0.384127 0.028777 0.387302 0.032374 0.387302 0.035971 0.390476 0.039568 0.393651 0.035971 0.396825 0.035971 0.403175 0.028777 0.406349 0.028777 0.406349 0.014388
0 0.180952 0.017986 0.174603 0.025180 0.174603 0.028777 0.177778 0.032374 0.177778 0.035971 0.180952 0.039568 0.184127 0.039568 0.187302 0.043165 0.190476 0.043165 0.196825 0.035971 0.196825 0.021583 0.193651 0.021583 0.190476 0.017986
0 0.238095 0.021583 0.238095 0.025180 0.241270 0.028777 0.241270 0.032374 0.244444 0.035971 0.247619 0.035971 0.250794 0.032374 0.250794 0.028777 0.244444 0.021583
0 0.457143 0.025180 0.450794 0.025180 0.447619 0.028777 0.444444 0.028777 0.444444 0.043165 0.447619 0.046763 0.447619 0.050360 0.450794 0.053957 0.450794 0.057554 0.453968 0.057554 0.457143 0.053957 0.457143 0.050360 0.460317 0.046763 0.460317 0.028777
0 0.530159 0.028777 0.523810 0.039568 0.526984 0.064748 0.549206 0.086331 0.555556 0.089928 0.568254 0.089928 0.577778 0.079137 0.577778 0.068345 0.580952 0.064748 0.574603 0.046763 0.555556 0.028777 0.549206 0.028777 0.546032 0.025180
0 0.431746 0.028777 0.425397 0.035971 0.425397 0.061151 0.431746 0.071942 0.444444 0.071942 0.450794 0.061151 0.441270 0.043165 0.441270 0.028777
0 0.120635 0.043165 0.117460 0.043165 0.111111 0.050360 0.111111 0.053957 0.107937 0.057554 0.107937 0.061151 0.111111 0.064748 0.111111 0.068345 0.123810 0.068345 0.126984 0.064748 0.126984 0.057554 0.130159 0.053957
0 0.384127 0.043165 0.380952 0.046763 0.380952 0.057554 0.384127 0.061151 0.384127 0.064748 0.387302 0.068345 0.403175 0.068345 0.403175 0.064748 0.406349 0.061151 0.406349 0.057554 0.393651 0.043165
0 0.225397 0.053957 0.225397 0.057554 0.228571 0.061151 0.228571 0.064748 0.231746 0.068345 0.234921 0.068345 0.238095 0.064748 0.244444 0.064748 0.247619 0.061151 0.247619 0.057554 0.244444 0.053957 0.244444 0.050360 0.241270 0.046763 0.231746 0.046763
0 0.307937 0.050360 0.288889 0.050360 0.288889 0.053957 0.282540 0.064748 0.282540 0.071942 0.288889 0.082734 0.285714 0.100719 0.288889 0.100719 0.292063 0.097122 0.292063 0.093525 0.307937 0.075540 0.311111 0.075540 0.311111 0.071942 0.314286 0.068345 0.314286 0.057554
0 0.269841 0.057554 0.260317 0.057554 0.253968 0.064748 0.253968 0.068345 0.250794 0.071942 0.250794 0.082734 0.257143 0.089928 0.263492 0.089928 0.266667 0.086331 0.266667 0.079137 0.269841 0.075540
0 0.136508 0.071942 0.136508 0.082734 0.146032 0.082734 0.149206 0.086331 0.161905 0.086331 0.165079 0.082734 0.165079 0.075540 0.158730 0.068345 0.139683 0.068345
0 0.180952 0.071942 0.180952 0.075540 0.177778 0.079137 0.180952 0.082734 0.180952 0.086331 0.184127 0.086331 0.187302 0.089928 0.193651 0.089928 0.200000 0.082734 0.200000 0.079137 0.203175 0.075540 0.200000 0.071942 0.200000 0.068345 0.187302 0.068345 0.184127 0.071942
0 0.219048 0.079137 0.219048 0.089928 0.222222 0.093525 0.228571 0.093525 0.231746 0.097122 0.234921 0.097122 0.238095 0.093525 0.238095 0.086331 0.231746 0.079137 0.228571 0.079137 0.225397 0.075540 0.222222 0.079137
0 0.352381 0.097122 0.346032 0.097122 0.342857 0.100719 0.342857 0.107914 0.339683 0.111511 0.339683 0.115108 0.342857 0.118705 0.342857 0.136691 0.339683 0.140288 0.342857 0.151079 0.349206 0.151079 0.349206 0.147482 0.352381 0.143885 0.352381 0.118705 0.355556 0.115108 0.355556 0.100719
0 0.136508 0.104317 0.136508 0.111511 0.139683 0.115108 0.155556 0.115108 0.161905 0.107914 0.158730 0.104317 0.155556 0.104317 0.152381 0.100719 0.139683 0.100719
0 0.165079 0.107914 0.168254 0.111511 0.168254 0.115108 0.174603 0.122302 0.187302 0.122302 0.190476 0.118705 0.190476 0.111511 0.184127 0.104317 0.180952 0.104317 0.177778 0.100719 0.174603 0.104317 0.168254 0.104317
0 0.536508 0.100719 0.530159 0.107914 0.526984 0.125899 0.533333 0.140288 0.539683 0.147482 0.546032 0.161871 0.546032 0.169065 0.561905 0.169065 0.565079 0.165468 0.565079 0.140288 0.561905 0.136691 0.561905 0.129496 0.555556 0.115108 0.546032 0.104317
0 0.263492 0.104317 0.260317 0.104317 0.257143 0.107914 0.253968 0.107914 0.247619 0.115108 0.247619 0.129496 0.250794 0.129496 0.253968 0.133094 0.257143 0.133094 0.266667 0.122302 0.266667 0.115108 0.269841 0.111511
0 0.215873 0.111511 0.215873 0.115108 0.212698 0.118705 0.212698 0.122302 0.215873 0.125899 0.215873 0.129496 0.222222 0.136691 0.228571 0.136691 0.234921 0.129496 0.234921 0.118705 0.231746 0.115108 0.231746 0.111511
0 0.444444 0.111511 0.431746 0.111511 0.425397 0.118705 0.425397 0.122302 0.422222 0.125899 0.422222 0.129496 0.425397 0.133094 0.425397 0.140288 0.428571 0.140288 0.431746 0.143885 0.434921 0.143885 0.441270 0.136691 0.441270 0.133094 0.447619 0.122302 0.447619 0.115108
0 0.507937 0.118705 0.498413 0.129496 0.498413 0.140288 0.495238 0.143885 0.498413 0.165468 0.504762 0.179856 0.517460 0.194245 0.523810 0.194245 0.526984 0.197842 0.539683 0.187050 0.546032 0.172662 0.536508 0.147482 0.523810 0.125899 0.523810 0.118705
0 0.155556 0.133094 0.152381 0.133094 0.149206 0.136691 0.146032 0.136691 0.142857 0.140288 0.142857 0.151079 0.149206 0.158273 0.155556 0.158273 0.165079 0.147482 0.165079 0.143885 0.161905 0.140288 0.161905 0.136691 0.158730 0.136691
0 0.190476 0.140288 0.187302 0.143885 0.187302 0.154676 0.196825 0.165468 0.206349 0.165468 0.209524 0.161871 0.209524 0.154676 0.196825 0.140288
0 0.428571 0.158273 0.425397 0.158273 0.422222 0.161871 0.422222 0.169065 0.419048 0.172662 0.419048 0.179856 0.422222 0.183453 0.428571 0.176259 0.428571 0.169065 0.431746 0.165468 0.431746 0.161871
0 0.146032 0.176259 0.146032 0.179856 0.142857 0.183453 0.146032 0.187050 0.146032 0.190647 0.149206 0.190647 0.152381 0.194245 0.168254 0.194245 0.177778 0.183453 0.177778 0.172662 0.174603 0.172662 0.171429 0.169065 0.158730 0.169065 0.155556 0.172662 0.152381 0.172662 0.149206 0.176259
0 0.304762 0.183453 0.304762 0.194245 0.307937 0.197842 0.311111 0.197842 0.314286 0.201439 0.317460 0.201439 0.320635 0.205036 0.323810 0.205036 0.326984 0.201439 0.330159 0.201439 0.330159 0.197842 0.333333 0.194245 0.333333 0.190647 0.330159 0.187050 0.330159 0.183453 0.326984 0.183453 0.323810 0.179856 0.307937 0.179856
0 0.707937 0.179856 0.695238 0.194245 0.695238 0.219424 0.707937 0.230216 0.717460 0.230216 0.730159 0.219424 0.730159 0.215827 0.733333 0.212230 0.733333 0.194245 0.723810 0.179856
0 0.479365 0.190647 0.473016 0.197842 0.466667 0.215827 0.466667 0.241007 0.469841 0.244604 0.469841 0.251799 0.485714 0.266187 0.495238 0.266187 0.507937 0.251799 0.507937 0.219424 0.498413 0.197842 0.488889 0.190647
0 0.377778 0.194245 0.371429 0.194245 0.371429 0.197842 0.368254 0.201439 0.365079 0.201439 0.365079 0.205036 0.361905 0.208633 0.361905 0.215827 0.368254 0.223022 0.371429 0.223022 0.377778 0.215827 0.377778 0.212230 0.380952 0.208633 0.380952 0.197842
0 0.225397 0.201439 0.225397 0.208633 0.231746 0.215827 0.234921 0.215827 0.234921 0.205036 0.231746 0.201439
0 0.177778 0.215827 0.165079 0.215827 0.161905 0.219424 0.161905 0.223022 0.155556 0.230216 0.155556 0.237410 0.161905 0.244604 0.165079 0.244604 0.168254 0.241007 0.174603 0.241007 0.184127 0.230216 0.184127 0.223022
0 0.330159 0.230216 0.323810 0.230216 0.323810 0.233813 0.317460 0.241007 0.317460 0.244604 0.314286 0.248201 0.314286 0.255396 0.311111 0.258993 0.311111 0.266187 0.317460 0.266187 0.323810 0.258993 0.323810 0.255396 0.326984 0.251799 0.326984 0.248201 0.333333 0.237410 0.330159 0.233813
0 0.765079 0.269784 0.768254 0.273381 0.787302 0.273381 0.790476 0.269784 0.796825 0.269784 0.809524 0.258993 0.809524 0.244604 0.806349 0.244604 0.800000 0.237410 0.780952 0.237410 0.768254 0.248201 0.768254 0.251799 0.765079 0.255396
0 0.120635 0.244604 0.117460 0.244604 0.114286 0.241007 0.111111 0.241007 0.107937 0.244604 0.104762 0.244604 0.101587 0.248201 0.098413 0.248201 0.098413 0.251799 0.095238 0.255396 0.095238 0.258993 0.098413 0.262590 0.098413 0.266187 0.101587 0.266187 0.104762 0.269784 0.107937 0.269784 0.114286 0.262590 0.117460 0.262590 0.117460 0.258993 0.120635 0.255396
0 0.384127 0.244604 0.380952 0.244604 0.377778 0.248201 0.377778 0.251799 0.374603 0.255396 0.374603 0.262590 0.377778 0.266187 0.380952 0.266187 0.384127 0.262590 0.387302 0.262590 0.387302 0.248201
0 0.419048 0.251799 0.406349 0.251799 0.403175 0.255396 0.403175 0.258993 0.396825 0.266187 0.396825 0.269784 0.390476 0.276978 0.390476 0.280576 0.384127 0.291367 0.384127 0.294964 0.387302 0.298561 0.406349 0.298561 0.412698 0.291367 0.412698 0.287770 0.415873 0.284173 0.415873 0.276978 0.419048 0.273381 0.419048 0.266187 0.422222 0.262590 0.422222 0.255396
0 0.142857 0.258993 0.142857 0.269784 0.146032 0.273381 0.158730 0.273381 0.165079 0.266187 0.165079 0.262590 0.161905 0.258993 0.152381 0.258993 0.149206 0.255396 0.146032 0.255396
0 0.453968 0.269784 0.438095 0.291367 0.438095 0.312950 0.441270 0.316547 0.441270 0.323741 0.447619 0.330935 0.453968 0.334532 0.466667 0.334532 0.469841 0.330935 0.476190 0.330935 0.482540 0.323741 0.482540 0.316547 0.485714 0.312950 0.485714 0.287770 0.479365 0.276978 0.469841 0.269784
0 0.660317 0.269784 0.657143 0.269784 0.653968 0.273381 0.644444 0.273381 0.641270 0.276978 0.641270 0.280576 0.638095 0.284173 0.638095 0.294964 0.644444 0.302158 0.650794 0.302158 0.660317 0.294964 0.660317 0.291367 0.663492 0.287770 0.663492 0.276978 0.660317 0.273381
0 0.126984 0.276978 0.123810 0.280576 0.120635 0.280576 0.117460 0.284173 0.117460 0.298561 0.120635 0.302158 0.126984 0.302158 0.130159 0.298561 0.133333 0.298561 0.136508 0.294964 0.136508 0.284173 0.133333 0.280576 0.130159 0.280576
0 0.787302 0.284173 0.780952 0.284173 0.774603 0.291367 0.774603 0.298561 0.771429 0.302158 0.771429 0.305755 0.774603 0.309353 0.784127 0.309353 0.787302 0.305755 0.787302 0.302158 0.790476 0.298561 0.790476 0.291367 0.787302 0.287770
0 0.876190 0.284173 0.866667 0.294964 0.866667 0.312950 0.869841 0.320144 0.876190 0.327338 0.879365 0.327338 0.885714 0.338129 0.892063 0.341727 0.898413 0.341727 0.907937 0.330935 0.907937 0.305755 0.904762 0.298561 0.892063 0.284173
0 0.146032 0.294964 0.142857 0.298561 0.142857 0.309353 0.139683 0.312950 0.142857 0.316547 0.142857 0.323741 0.146032 0.327338 0.146032 0.330935 0.149206 0.334532 0.152381 0.334532 0.152381 0.327338 0.149206 0.323741 0.149206 0.309353 0.152381 0.305755 0.152381 0.298561 0.149206 0.294964
0 0.247619 0.316547 0.250794 0.316547 0.253968 0.320144 0.257143 0.320144 0.260317 0.316547 0.266667 0.316547 0.269841 0.312950 0.276190 0.312950 0.279365 0.309353 0.282540 0.309353 0.282540 0.298561 0.279365 0.294964 0.260317 0.294964 0.257143 0.298561 0.253968 0.298561 0.253968 0.305755
0 0.371429 0.316547 0.371429 0.323741 0.377778 0.323741 0.380952 0.327338 0.384127 0.327338 0.387302 0.330935 0.393651 0.330935 0.400000 0.323741 0.396825 0.323741 0.387302 0.312950 0.374603 0.312950
0 0.114286 0.323741 0.107937 0.330935 0.107937 0.334532 0.104762 0.338129 0.104762 0.345324 0.111111 0.352518 0.120635 0.352518 0.123810 0.348921 0.126984 0.348921 0.130159 0.345324 0.130159 0.330935 0.123810 0.323741
0 0.288889 0.330935 0.285714 0.334532 0.285714 0.345324 0.288889 0.348921 0.288889 0.352518 0.292063 0.352518 0.295238 0.348921 0.295238 0.334532 0.292063 0.330935
0 0.358730 0.334532 0.358730 0.338129 0.355556 0.341727 0.355556 0.348921 0.361905 0.356115 0.374603 0.356115 0.377778 0.352518 0.377778 0.345324 0.365079 0.330935 0.361905 0.334532
0 0.425397 0.341727 0.419048 0.341727 0.409524 0.352518 0.409524 0.359712 0.403175 0.374101 0.403175 0.395683 0.406349 0.399281 0.406349 0.406475 0.412698 0.413669 0.419048 0.413669 0.425397 0.406475 0.428571 0.392086 0.431746 0.388489 0.431746 0.377698 0.434921 0.374101 0.434921 0.366906 0.431746 0.363309 0.431746 0.348921
0 0.260317 0.348921 0.257143 0.352518 0.253968 0.352518 0.247619 0.359712 0.247619 0.370504 0.253968 0.377698 0.266667 0.377698 0.269841 0.374101 0.269841 0.359712 0.266667 0.356115 0.266667 0.352518 0.263492 0.352518
0 0.155556 0.356115 0.146032 0.366906 0.146032 0.377698 0.158730 0.392086 0.165079 0.392086 0.171429 0.384892 0.171429 0.366906 0.174603 0.363309 0.171429 0.359712 0.171429 0.356115
0 0.215873 0.359712 0.212698 0.356115 0.203175 0.356115 0.200000 0.359712 0.196825 0.359712 0.193651 0.363309 0.193651 0.366906 0.187302 0.374101 0.187302 0.377698 0.190476 0.381295 0.190476 0.384892 0.203175 0.384892 0.206349 0.381295 0.212698 0.381295 0.215873 0.377698
0 0.104762 0.381295 0.104762 0.399281 0.107937 0.402878 0.120635 0.402878 0.123810 0.399281 0.126984 0.399281 0.130159 0.395683 0.130159 0.381295 0.126984 0.377698 0.111111 0.377698 0.107937 0.381295
0 0.711111 0.381295 0.704762 0.388489 0.698413 0.402878 0.698413 0.410072 0.707937 0.428058 0.726984 0.438849 0.736508 0.438849 0.742857 0.431655 0.742857 0.420863 0.746032 0.417266 0.742857 0.410072 0.742857 0.399281 0.733333 0.384892 0.726984 0.381295
0 0.279365 0.384892 0.276190 0.384892 0.273016 0.388489 0.269841 0.388489 0.263492 0.395683 0.263492 0.399281 0.266667 0.402878 0.273016 0.402878 0.276190 0.399281 0.276190 0.388489
0 0.234921 0.388489 0.228571 0.395683 0.231746 0.399281 0.231746 0.406475 0.234921 0.410072 0.234921 0.417266 0.238095 0.420863 0.238095 0.424460 0.241270 0.424460 0.244444 0.428058 0.247619 0.428058 0.253968 0.420863 0.253968 0.406475 0.241270 0.392086 0.238095 0.392086
0 0.841270 0.395683 0.850794 0.406475 0.863492 0.406475 0.863492 0.395683 0.857143 0.395683 0.853968 0.392086 0.847619 0.392086 0.844444 0.395683
0 0.809524 0.402878 0.806349 0.399281 0.796825 0.399281 0.793651 0.402878 0.790476 0.402878 0.777778 0.417266 0.777778 0.424460 0.784127 0.424460 0.787302 0.420863 0.793651 0.420863 0.800000 0.413669 0.803175 0.413669 0.809524 0.406475
0 0.209524 0.402878 0.203175 0.410072 0.203175 0.413669 0.209524 0.420863 0.219048 0.420863 0.219048 0.413669 0.215873 0.410072 0.215873 0.406475 0.212698 0.402878
0 0.136508 0.410072 0.133333 0.410072 0.130159 0.413669 0.126984 0.413669 0.120635 0.420863 0.120635 0.428058 0.123810 0.431655 0.123810 0.435252 0.126984 0.435252 0.130159 0.431655 0.133333 0.431655 0.136508 0.428058 0.136508 0.424460 0.139683 0.420863 0.139683 0.413669
0 0.307937 0.410072 0.298413 0.410072 0.295238 0.413669 0.292063 0.413669 0.292063 0.417266 0.288889 0.420863 0.288889 0.428058 0.292063 0.431655 0.292063 0.435252 0.304762 0.435252 0.307937 0.431655 0.307937 0.428058 0.311111 0.424460 0.311111 0.413669
0 0.834921 0.413669 0.828571 0.420863 0.828571 0.428058 0.831746 0.431655 0.844444 0.431655 0.847619 0.428058 0.847619 0.420863 0.841270 0.413669
0 0.869841 0.420863 0.866667 0.420863 0.857143 0.431655 0.857143 0.435252 0.853968 0.438849 0.853968 0.460432 0.857143 0.464029 0.857143 0.467626 0.860317 0.467626 0.863492 0.471223 0.869841 0.471223 0.873016 0.467626 0.876190 0.467626 0.885714 0.449640 0.885714 0.442446 0.882540 0.438849 0.879365 0.428058
0 0.165079 0.428058 0.158730 0.435252 0.158730 0.449640 0.161905 0.453237 0.165079 0.453237 0.165079 0.449640 0.168254 0.446043 0.168254 0.431655
0 0.269841 0.428058 0.263492 0.435252 0.263492 0.446043 0.266667 0.449640 0.279365 0.449640 0.279365 0.428058
0 0.384127 0.428058 0.377778 0.435252 0.377778 0.442446 0.380952 0.446043 0.380952 0.449640 0.393651 0.464029 0.400000 0.464029 0.400000 0.449640 0.393651 0.438849 0.393651 0.431655 0.390476 0.428058
0 0.565079 0.453237 0.561905 0.471223 0.568254 0.485612 0.590476 0.500000 0.625397 0.503597 0.638095 0.496403 0.647619 0.482014 0.647619 0.464029 0.638095 0.442446 0.619048 0.428058 0.593651 0.428058 0.574603 0.438849
0 0.809524 0.428058 0.806349 0.431655 0.806349 0.435252 0.803175 0.438849 0.803175 0.442446 0.806349 0.446043 0.806349 0.449640 0.809524 0.453237 0.819048 0.453237 0.822222 0.449640 0.822222 0.435252 0.819048 0.431655 0.819048 0.428058
0 0.152381 0.456835 0.142857 0.446043 0.139683 0.449640 0.133333 0.449640 0.123810 0.471223 0.114286 0.482014 0.114286 0.485612 0.101587 0.496403 0.104762 0.500000 0.114286 0.500000 0.120635 0.492806 0.133333 0.489209 0.149206 0.471223
0 0.288889 0.453237 0.285714 0.453237 0.282540 0.449640 0.279365 0.453237 0.279365 0.456835 0.273016 0.464029 0.273016 0.471223 0.279365 0.471223 0.282540 0.467626 0.285714 0.467626 0.285714 0.464029 0.288889 0.460432
0 0.209524 0.453237 0.209524 0.460432 0.212698 0.464029 0.212698 0.471223 0.215873 0.474820 0.222222 0.474820 0.225397 0.471223 0.225397 0.456835 0.222222 0.453237
0 0.193651 0.456835 0.180952 0.456835 0.180952 0.460432 0.177778 0.464029 0.177778 0.482014 0.180952 0.482014 0.184127 0.485612 0.187302 0.485612 0.187302 0.482014 0.196825 0.471223 0.196825 0.460432
0 0.152381 0.485612 0.146032 0.492806 0.146032 0.496403 0.142857 0.500000 0.142857 0.503597 0.146032 0.507194 0.146032 0.510791 0.161905 0.510791 0.165079 0.507194 0.165079 0.489209 0.161905 0.485612
0 0.247619 0.496403 0.234921 0.496403 0.228571 0.503597 0.228571 0.510791 0.238095 0.510791 0.241270 0.507194 0.244444 0.507194 0.247619 0.503597
0 0.209524 0.503597 0.203175 0.503597 0.200000 0.507194 0.196825 0.507194 0.196825 0.521583 0.200000 0.525180 0.203175 0.525180 0.206349 0.521583 0.209524 0.521583 0.212698 0.517986 0.212698 0.507194
0 0.288889 0.510791 0.285714 0.507194 0.279365 0.507194 0.276190 0.510791 0.269841 0.510791 0.260317 0.517986 0.253968 0.517986 0.250794 0.521583 0.247619 0.521583 0.238095 0.532374 0.238095 0.539568 0.241270 0.539568 0.244444 0.543165 0.263492 0.543165 0.266667 0.539568 0.276190 0.535971 0.285714 0.525180 0.285714 0.521583 0.288889 0.517986
0 0.549206 0.510791 0.539683 0.525180 0.539683 0.539568 0.546032 0.553957 0.555556 0.561151 0.577778 0.564748 0.580952 0.561151 0.587302 0.561151 0.596825 0.550360 0.593651 0.528777 0.580952 0.514388 0.565079 0.507194
0 0.120635 0.517986 0.120635 0.528777 0.126984 0.535971 0.139683 0.535971 0.146032 0.528777 0.142857 0.525180 0.142857 0.517986 0.139683 0.514388 0.123810 0.514388
0 0.161905 0.521583 0.161905 0.525180 0.165079 0.528777 0.180952 0.528777 0.184127 0.525180 0.184127 0.521583 0.180952 0.517986 0.180952 0.514388 0.171429 0.514388 0.168254 0.517986 0.165079 0.517986
0 0.361905 0.532374 0.361905 0.539568 0.374603 0.553957 0.377778 0.553957 0.380952 0.557554 0.390476 0.557554 0.400000 0.550360 0.400000 0.532374 0.390476 0.521583 0.371429 0.521583
0 0.685714 0.535971 0.685714 0.539568 0.682540 0.543165 0.682540 0.553957 0.688889 0.561151 0.688889 0.564748 0.698413 0.575540 0.711111 0.575540 0.717460 0.568345 0.717460 0.553957 0.714286 0.550360 0.714286 0.543165 0.707937 0.535971 0.704762 0.535971 0.701587 0.532374 0.695238 0.532374 0.692063 0.535971
0 0.333333 0.546763 0.326984 0.553957 0.326984 0.561151 0.323810 0.564748 0.323810 0.582734 0.326984 0.586331 0.339683 0.586331 0.349206 0.579137 0.346032 0.575540 0.342857 0.575540 0.339683 0.571942 0.339683 0.568345 0.333333 0.561151
0 0.542857 0.575540 0.536508 0.582734 0.536508 0.607914 0.539683 0.611511 0.539683 0.618705 0.552381 0.636691 0.565079 0.636691 0.577778 0.622302 0.577778 0.600719 0.574603 0.593525 0.558730 0.575540
0 0.187302 0.589928 0.180952 0.582734 0.152381 0.582734 0.126984 0.597122 0.123810 0.611511 0.139683 0.625899 0.146032 0.622302 0.152381 0.611511 0.174603 0.600719
0 0.492063 0.600719 0.488889 0.600719 0.485714 0.604317 0.482540 0.604317 0.476190 0.611511 0.476190 0.618705 0.479365 0.618705 0.485714 0.611511 0.488889 0.611511 0.492063 0.607914
0 0.285714 0.629496 0.282540 0.633094 0.276190 0.633094 0.266667 0.647482 0.266667 0.669065 0.276190 0.679856 0.295238 0.679856 0.304762 0.672662 0.304762 0.658273 0.298413 0.651079 0.292063 0.633094 0.288889 0.633094
0 0.479365 0.643885 0.476190 0.647482 0.476190 0.654676 0.482540 0.661871 0.488889 0.661871 0.495238 0.669065 0.495238 0.672662 0.501587 0.672662 0.501587 0.661871 0.498413 0.658273 0.498413 0.654676 0.495238 0.651079 0.495238 0.647482 0.485714 0.640288 0.482540 0.643885
0 0.212698 0.651079 0.209524 0.654676 0.206349 0.654676 0.206349 0.658273 0.203175 0.661871 0.203175 0.665468 0.206349 0.669065 0.206349 0.672662 0.212698 0.683453 0.222222 0.683453 0.228571 0.676259 0.228571 0.658273 0.219048 0.651079
0 0.479365 0.683453 0.479365 0.697842 0.482540 0.697842 0.485714 0.701439 0.485714 0.697842 0.488889 0.694245 0.488889 0.690647 0.485714 0.687050 0.485714 0.683453
0 0.450794 0.690647 0.453968 0.708633 0.447619 0.712230 0.450794 0.715827 0.444444 0.723022 0.431746 0.708633 0.422222 0.730216 0.425397 0.751799 0.441270 0.733813 0.450794 0.737410 0.447619 0.741007 0.447619 0.762590 0.469841 0.748201 0.476190 0.726619 0.469841 0.705036
0 0.285714 0.694245 0.282540 0.694245 0.273016 0.705036 0.273016 0.715827 0.269841 0.719424 0.269841 0.726619 0.273016 0.730216 0.276190 0.730216 0.285714 0.719424 0.285714 0.712230 0.288889 0.708633 0.288889 0.697842
0 0.387302 0.726619 0.384127 0.726619 0.380952 0.723022 0.377778 0.723022 0.361905 0.741007 0.361905 0.744604 0.358730 0.748201 0.365079 0.755396 0.368254 0.755396 0.374603 0.748201 0.377778 0.748201 0.387302 0.737410
0 0.171429 0.802158 0.158730 0.802158 0.155556 0.805755 0.152381 0.805755 0.139683 0.820144 0.139683 0.827338 0.136508 0.830935 0.136508 0.834532 0.139683 0.838129 0.139683 0.841727 0.149206 0.852518 0.161905 0.852518 0.165079 0.848921 0.168254 0.848921 0.168254 0.845324 0.171429 0.841727 0.171429 0.834532 0.174603 0.830935 0.174603 0.805755
0 0.336508 0.802158 0.333333 0.802158 0.330159 0.805755 0.326984 0.805755 0.323810 0.809353 0.323810 0.823741 0.326984 0.827338 0.336508 0.827338 0.342857 0.820144 0.342857 0.809353
0 0.209524 0.809353 0.206349 0.805755 0.196825 0.805755 0.193651 0.809353 0.190476 0.809353 0.184127 0.816547 0.184127 0.827338 0.187302 0.830935 0.200000 0.830935 0.209524 0.820144
0 0.958730 0.809353 0.949206 0.820144 0.949206 0.859712 0.965079 0.881295 0.980952 0.888489 0.990476 0.888489 0.996825 0.881295 0.993651 0.820144 0.980952 0.809353
0 0.434921 0.816547 0.428571 0.827338 0.428571 0.845324 0.431746 0.848921 0.434921 0.859712 0.438095 0.859712 0.441270 0.863309 0.450794 0.863309 0.453968 0.859712 0.457143 0.859712 0.466667 0.848921 0.466667 0.830935 0.463492 0.827338 0.463492 0.823741 0.453968 0.816547
0 0.904762 0.816547 0.895238 0.830935 0.895238 0.856115 0.911111 0.877698 0.917460 0.881295 0.926984 0.881295 0.933333 0.874101 0.933333 0.866906 0.936508 0.863309 0.930159 0.834532 0.923810 0.820144 0.917460 0.816547
0 0.593651 0.859712 0.590476 0.863309 0.590476 0.870504 0.596825 0.877698 0.600000 0.877698 0.603175 0.881295 0.606349 0.881295 0.609524 0.884892 0.615873 0.877698 0.615873 0.870504 0.609524 0.863309 0.609524 0.859712
