0 0.841270 0.075269 0.819048 0.089606 0.812698 0.100358 0.812698 0.129032 0.825397 0.146953 0.838095 0.154122 0.860317 0.154122 0.873016 0.139785 0.879365 0.125448 0.879365 0.100358 0.863492 0.078853
0 0.139683 0.111111 0.133333 0.103943 0.120635 0.103943 0.117460 0.100358 0.107937 0.100358 0.101587 0.103943 0.095238 0.111111 0.092063 0.125448 0.088889 0.129032 0.088889 0.139785 0.095238 0.150538 0.111111 0.150538 0.117460 0.146953 0.139683 0.121864
0 0.263492 0.118280 0.260317 0.114695 0.244444 0.114695 0.222222 0.139785 0.222222 0.143369 0.219048 0.146953 0.219048 0.157706 0.222222 0.161290 0.238095 0.161290 0.241270 0.157706 0.244444 0.157706 0.260317 0.139785 0.260317 0.136201 0.263492 0.132616
0 0.377778 0.118280 0.371429 0.118280 0.368254 0.114695 0.365079 0.114695 0.361905 0.118280 0.355556 0.118280 0.349206 0.129032 0.349206 0.136201 0.352381 0.139785 0.352381 0.143369 0.358730 0.143369 0.361905 0.146953 0.368254 0.146953 0.377778 0.136201 0.377778 0.132616 0.380952 0.129032 0.380952 0.121864
0 0.707937 0.136201 0.698413 0.150538 0.698413 0.164875 0.704762 0.179211 0.711111 0.186380 0.717460 0.186380 0.720635 0.189964 0.726984 0.186380 0.742857 0.186380 0.752381 0.172043 0.752381 0.154122 0.739683 0.139785 0.726984 0.132616 0.714286 0.132616
0 0.171429 0.143369 0.161905 0.143369 0.158730 0.146953 0.152381 0.146953 0.146032 0.154122 0.142857 0.154122 0.133333 0.164875 0.126984 0.182796 0.130159 0.186380 0.139683 0.186380 0.146032 0.179211 0.152381 0.179211 0.155556 0.175627 0.158730 0.175627 0.171429 0.161290 0.171429 0.154122 0.174603 0.150538 0.171429 0.146953
0 0.266667 0.168459 0.263492 0.172043 0.263492 0.179211 0.266667 0.182796 0.266667 0.204301 0.269841 0.204301 0.273016 0.207885 0.279365 0.207885 0.285714 0.200717 0.285714 0.197133 0.288889 0.193548 0.288889 0.179211 0.282540 0.172043 0.279365 0.172043 0.276190 0.168459
0 0.260317 0.175627 0.250794 0.175627 0.247619 0.179211 0.241270 0.179211 0.234921 0.186380 0.234921 0.193548 0.231746 0.197133 0.234921 0.200717 0.234921 0.204301 0.238095 0.204301 0.241270 0.207885 0.253968 0.207885 0.257143 0.204301 0.260317 0.204301 0.263492 0.200717 0.263492 0.182796 0.260317 0.179211
0 0.339683 0.175627 0.330159 0.189964 0.330159 0.211470 0.333333 0.218638 0.342857 0.229391 0.355556 0.236559 0.358730 0.232975 0.368254 0.232975 0.374603 0.229391 0.380952 0.222222 0.380952 0.200717 0.374603 0.193548 0.374603 0.189964 0.361905 0.175627
0 0.660317 0.197133 0.660317 0.222222 0.666667 0.236559 0.679365 0.250896 0.685714 0.250896 0.688889 0.254480 0.707937 0.254480 0.711111 0.247312 0.711111 0.222222 0.698413 0.197133 0.685714 0.186380 0.673016 0.186380
0 0.720635 0.193548 0.717460 0.211470 0.720635 0.215054 0.720635 0.225806 0.726984 0.243728 0.742857 0.258065 0.761905 0.254480 0.771429 0.240143 0.771429 0.229391 0.761905 0.204301 0.746032 0.189964 0.726984 0.189964
0 0.158730 0.193548 0.155556 0.193548 0.155556 0.197133 0.152381 0.200717 0.149206 0.200717 0.136508 0.215054 0.136508 0.218638 0.139683 0.222222 0.146032 0.222222 0.149206 0.218638 0.149206 0.215054 0.155556 0.207885 0.155556 0.200717 0.158730 0.197133
0 0.174603 0.207885 0.174603 0.218638 0.180952 0.225806 0.180952 0.229391 0.184127 0.232975 0.193651 0.232975 0.193651 0.225806 0.190476 0.222222 0.190476 0.218638 0.187302 0.215054 0.187302 0.211470 0.184127 0.207885
0 0.625397 0.211470 0.612698 0.215054 0.606349 0.222222 0.606349 0.229391 0.603175 0.232975 0.606349 0.258065 0.609524 0.265233 0.619048 0.272401 0.622222 0.268817 0.634921 0.265233 0.641270 0.258065 0.644444 0.258065 0.647619 0.250896 0.647619 0.236559 0.641270 0.222222
0 0.228571 0.225806 0.228571 0.236559 0.231746 0.240143 0.231746 0.243728 0.238095 0.250896 0.241270 0.250896 0.244444 0.254480 0.253968 0.254480 0.263492 0.247312 0.263492 0.229391 0.253968 0.218638 0.234921 0.218638
0 0.555556 0.261649 0.536508 0.279570 0.533333 0.286738 0.533333 0.308244 0.539683 0.326165 0.546032 0.333333 0.571429 0.333333 0.590476 0.318996 0.593651 0.311828 0.593651 0.290323 0.580952 0.268817 0.568254 0.261649
0 0.279365 0.275986 0.266667 0.265233 0.247619 0.272401 0.225397 0.293907 0.215873 0.315412 0.219048 0.318996 0.225397 0.318996 0.228571 0.315412 0.253968 0.315412 0.266667 0.308244 0.279365 0.286738
0 0.831746 0.272401 0.828571 0.268817 0.819048 0.268817 0.815873 0.272401 0.806349 0.272401 0.803175 0.275986 0.796825 0.275986 0.793651 0.279570 0.793651 0.286738 0.803175 0.293907 0.809524 0.293907 0.812698 0.290323 0.819048 0.290323 0.822222 0.286738 0.825397 0.286738 0.831746 0.279570
0 0.222222 0.272401 0.209524 0.272401 0.206349 0.275986 0.200000 0.275986 0.193651 0.283154 0.193651 0.293907 0.196825 0.297491 0.209524 0.297491 0.212698 0.293907 0.215873 0.293907 0.222222 0.286738 0.225397 0.286738 0.225397 0.279570 0.222222 0.275986
0 0.666667 0.272401 0.653968 0.279570 0.647619 0.293907 0.647619 0.308244 0.660317 0.326165 0.666667 0.329749 0.682540 0.329749 0.692063 0.322581 0.695238 0.308244 0.698413 0.304659 0.698413 0.293907 0.695238 0.290323 0.695238 0.283154 0.685714 0.272401
0 0.431746 0.301075 0.422222 0.308244 0.415873 0.322581 0.415873 0.344086 0.422222 0.358423 0.431746 0.369176 0.447619 0.372760 0.463492 0.358423 0.466667 0.336918 0.463492 0.333333 0.460317 0.315412 0.447619 0.301075
0 0.793651 0.344086 0.796825 0.347670 0.806349 0.347670 0.809524 0.344086 0.815873 0.344086 0.822222 0.336918 0.822222 0.333333 0.819048 0.329749 0.815873 0.329749 0.812698 0.326165 0.796825 0.326165 0.796825 0.329749 0.793651 0.333333
0 0.130159 0.340502 0.126984 0.336918 0.111111 0.336918 0.107937 0.340502 0.098413 0.344086 0.088889 0.354839 0.088889 0.365591 0.095238 0.372760 0.104762 0.372760 0.107937 0.369176 0.117460 0.365591 0.126984 0.354839 0.126984 0.351254 0.130159 0.347670
0 0.565079 0.336918 0.549206 0.336918 0.533333 0.347670 0.533333 0.358423 0.542857 0.376344 0.552381 0.376344 0.571429 0.354839 0.571429 0.347670 0.565079 0.340502
0 0.777778 0.358423 0.777778 0.369176 0.780952 0.372760 0.780952 0.379928 0.784127 0.379928 0.787302 0.383513 0.793651 0.376344 0.793651 0.372760 0.800000 0.365591 0.793651 0.358423 0.790476 0.362007 0.787302 0.358423
0 0.749206 0.365591 0.746032 0.369176 0.746032 0.376344 0.742857 0.379928 0.742857 0.397849 0.746032 0.401434 0.746032 0.405018 0.749206 0.405018 0.758730 0.412186 0.765079 0.412186 0.768254 0.408602 0.771429 0.408602 0.771429 0.405018 0.774603 0.401434 0.774603 0.390681 0.771429 0.387097 0.768254 0.376344 0.758730 0.365591
0 0.266667 0.376344 0.263492 0.379928 0.263492 0.390681 0.266667 0.394265 0.266667 0.401434 0.269841 0.405018 0.269841 0.412186 0.276190 0.422939 0.282540 0.422939 0.285714 0.419355 0.288889 0.419355 0.288889 0.415771 0.292063 0.412186 0.292063 0.394265 0.276190 0.376344
0 0.342857 0.376344 0.339683 0.379928 0.336508 0.379928 0.330159 0.387097 0.330159 0.394265 0.336508 0.401434 0.339683 0.401434 0.342857 0.405018 0.346032 0.405018 0.349206 0.408602 0.352381 0.408602 0.361905 0.401434 0.361905 0.390681 0.352381 0.379928 0.349206 0.379928 0.346032 0.376344
0 0.139683 0.401434 0.136508 0.397849 0.136508 0.394265 0.130159 0.387097 0.126984 0.387097 0.123810 0.383513 0.117460 0.383513 0.114286 0.387097 0.107937 0.387097 0.104762 0.390681 0.101587 0.390681 0.098413 0.394265 0.098413 0.401434 0.095238 0.405018 0.101587 0.415771 0.107937 0.415771 0.111111 0.419355 0.120635 0.419355 0.123810 0.415771 0.130159 0.415771 0.136508 0.408602 0.136508 0.405018
0 0.834921 0.387097 0.828571 0.387097 0.825397 0.383513 0.822222 0.387097 0.812698 0.387097 0.806349 0.394265 0.806349 0.408602 0.809524 0.412186 0.831746 0.412186 0.838095 0.405018 0.838095 0.394265 0.834921 0.390681
0 0.228571 0.390681 0.222222 0.397849 0.222222 0.401434 0.219048 0.405018 0.219048 0.412186 0.228571 0.419355 0.247619 0.419355 0.250794 0.415771 0.250794 0.408602 0.244444 0.401434 0.244444 0.397849 0.238095 0.390681
0 0.860317 0.415771 0.860317 0.444444 0.866667 0.455197 0.888889 0.473118 0.907937 0.473118 0.917460 0.462366 0.917460 0.437276 0.911111 0.422939 0.888889 0.405018 0.873016 0.405018
0 0.304762 0.426523 0.307937 0.430108 0.307937 0.433692 0.314286 0.433692 0.317460 0.437276 0.320635 0.433692 0.326984 0.433692 0.330159 0.430108 0.333333 0.430108 0.333333 0.419355 0.326984 0.412186 0.311111 0.412186 0.307937 0.415771 0.307937 0.422939
0 0.415873 0.433692 0.415873 0.440860 0.419048 0.444444 0.422222 0.444444 0.428571 0.451613 0.431746 0.451613 0.434921 0.455197 0.444444 0.455197 0.447619 0.451613 0.447619 0.437276 0.441270 0.430108 0.425397 0.430108 0.422222 0.433692
0 0.777778 0.433692 0.774603 0.430108 0.765079 0.430108 0.761905 0.433692 0.752381 0.433692 0.749206 0.437276 0.749206 0.448029 0.752381 0.451613 0.768254 0.451613 0.771429 0.448029 0.774603 0.448029 0.777778 0.444444
0 0.831746 0.451613 0.828571 0.448029 0.825397 0.448029 0.822222 0.444444 0.819048 0.448029 0.809524 0.448029 0.806349 0.451613 0.806349 0.462366 0.812698 0.469534 0.822222 0.469534 0.825397 0.465950 0.825397 0.462366 0.831746 0.455197
0 0.720635 0.448029 0.701587 0.448029 0.688889 0.455197 0.679365 0.465950 0.679365 0.473118 0.676190 0.476703 0.682540 0.494624 0.692063 0.505376 0.707937 0.512545 0.726984 0.505376 0.736508 0.494624 0.736508 0.487455 0.739683 0.483871 0.739683 0.469534 0.733333 0.455197
0 0.352381 0.462366 0.349206 0.458781 0.346032 0.458781 0.342857 0.455197 0.339683 0.458781 0.336508 0.458781 0.333333 0.462366 0.333333 0.465950 0.330159 0.469534 0.330159 0.473118 0.333333 0.476703 0.346032 0.476703 0.352381 0.469534
0 0.403175 0.458781 0.403175 0.480287 0.406349 0.483871 0.409524 0.483871 0.412698 0.487455 0.422222 0.487455 0.425397 0.483871 0.428571 0.483871 0.434921 0.476703 0.434921 0.465950 0.428571 0.458781 0.419048 0.458781 0.415873 0.455197 0.406349 0.455197
0 0.841270 0.462366 0.831746 0.473118 0.831746 0.480287 0.828571 0.483871 0.828571 0.494624 0.825397 0.498208 0.828571 0.501792 0.828571 0.516129 0.841270 0.534050 0.857143 0.537634 0.863492 0.534050 0.876190 0.516129 0.876190 0.487455 0.863492 0.465950 0.857143 0.462366
0 0.196825 0.469534 0.190476 0.469534 0.177778 0.480287 0.174603 0.480287 0.174603 0.483871 0.171429 0.487455 0.171429 0.494624 0.168254 0.498208 0.171429 0.508961 0.174603 0.508961 0.184127 0.516129 0.196825 0.516129 0.209524 0.505376 0.212698 0.487455 0.206349 0.480287 0.206349 0.476703
0 0.225397 0.473118 0.219048 0.483871 0.219048 0.487455 0.222222 0.491039 0.222222 0.494624 0.228571 0.501792 0.231746 0.501792 0.234921 0.505376 0.241270 0.505376 0.247619 0.498208 0.247619 0.491039 0.244444 0.487455 0.244444 0.483871 0.241270 0.480287 0.238095 0.480287 0.234921 0.476703 0.231746 0.476703 0.228571 0.473118
0 0.530159 0.487455 0.514286 0.501792 0.511111 0.523297 0.520635 0.544803 0.530159 0.555556 0.546032 0.562724 0.565079 0.551971 0.568254 0.544803 0.568254 0.526882 0.558730 0.505376 0.546032 0.491039
0 0.304762 0.501792 0.301587 0.498208 0.285714 0.498208 0.279365 0.505376 0.276190 0.505376 0.269841 0.512545 0.269841 0.516129 0.266667 0.519713 0.269841 0.523297 0.273016 0.534050 0.288889 0.534050 0.292063 0.530466 0.295238 0.530466 0.304762 0.512545
0 0.384127 0.498208 0.384127 0.501792 0.380952 0.505376 0.380952 0.516129 0.384127 0.519713 0.384127 0.526882 0.390476 0.534050 0.403175 0.534050 0.406349 0.530466 0.409524 0.530466 0.415873 0.519713 0.412698 0.516129 0.412698 0.512545 0.406349 0.505376 0.403175 0.505376 0.393651 0.498208
0 0.669841 0.516129 0.666667 0.519713 0.666667 0.541219 0.669841 0.544803 0.669841 0.551971 0.685714 0.569892 0.692063 0.573477 0.707937 0.573477 0.717460 0.562724 0.717460 0.555556 0.720635 0.551971 0.717460 0.548387 0.717460 0.541219 0.695238 0.523297
0 0.473016 0.569892 0.463492 0.577061 0.463492 0.580645 0.460317 0.584229 0.460317 0.591398 0.457143 0.594982 0.457143 0.605735 0.466667 0.620072 0.469841 0.620072 0.473016 0.623656 0.479365 0.623656 0.482540 0.620072 0.485714 0.620072 0.492063 0.609319 0.492063 0.587814 0.482540 0.573477
0 0.673016 0.605735 0.663492 0.616487 0.663492 0.623656 0.660317 0.627240 0.663492 0.652330 0.673016 0.666667 0.688889 0.666667 0.701587 0.655914 0.704762 0.641577 0.707937 0.637993 0.707937 0.627240 0.695238 0.609319 0.688889 0.605735
0 0.342857 0.623656 0.339683 0.623656 0.336508 0.627240 0.330159 0.627240 0.326984 0.630824 0.326984 0.634409 0.323810 0.637993 0.323810 0.641577 0.330159 0.648746 0.333333 0.648746 0.336508 0.645161 0.342857 0.645161 0.346032 0.641577 0.349206 0.641577 0.349206 0.630824
0 0.441270 0.623656 0.425397 0.637993 0.415873 0.655914 0.434921 0.691756 0.441270 0.695341 0.453968 0.695341 0.460317 0.691756 0.473016 0.673835 0.473016 0.648746 0.463492 0.634409 0.447619 0.623656
0 0.628571 0.630824 0.622222 0.630824 0.612698 0.645161 0.600000 0.655914 0.603175 0.659498 0.600000 0.666667 0.603175 0.670251 0.606349 0.695341 0.615873 0.706093 0.628571 0.706093 0.641270 0.698925 0.650794 0.684588 0.650794 0.663082 0.641270 0.641577
0 0.374603 0.666667 0.374603 0.695341 0.400000 0.734767 0.422222 0.738351 0.431746 0.727599 0.434921 0.713262 0.431746 0.709677 0.431746 0.691756 0.412698 0.655914 0.387302 0.655914
0 0.355556 0.706093 0.346032 0.720430 0.346032 0.731183 0.352381 0.749104 0.380952 0.774194 0.390476 0.774194 0.400000 0.763441 0.396825 0.731183 0.374603 0.698925
0 0.314286 0.756272 0.292063 0.749104 0.288889 0.752688 0.282540 0.752688 0.269841 0.767025 0.266667 0.792115 0.279365 0.810036 0.288889 0.810036 0.292063 0.806452 0.307937 0.802867 0.320635 0.788530 0.323810 0.781362 0.323810 0.770609
0 0.126984 0.802867 0.120635 0.802867 0.117460 0.799283 0.114286 0.802867 0.104762 0.806452 0.104762 0.810036 0.098413 0.817204 0.098413 0.820789 0.095238 0.824373 0.095238 0.838710 0.098413 0.842294 0.104762 0.842294 0.107937 0.845878 0.111111 0.842294 0.117460 0.842294 0.126984 0.831541 0.126984 0.827957 0.130159 0.824373 0.130159 0.806452
0 0.282540 0.813620 0.279365 0.838710 0.285714 0.853047 0.304762 0.867384 0.336508 0.867384 0.349206 0.860215 0.358730 0.842294 0.355556 0.824373 0.311111 0.802867
0 0.187302 0.842294 0.184127 0.842294 0.177778 0.849462 0.177778 0.867384 0.184127 0.867384 0.184127 0.856631 0.187302 0.853047
0 0.238095 0.856631 0.228571 0.863799 0.228571 0.867384 0.225397 0.870968 0.225397 0.878136 0.228571 0.881720 0.228571 0.885305 0.234921 0.892473 0.244444 0.892473 0.250794 0.881720 0.250794 0.870968 0.247619 0.867384 0.247619 0.863799
0 0.993651 0.867384 0.984127 0.874552 0.984127 0.878136 0.977778 0.888889 0.977778 0.903226 0.980952 0.906810 0.980952 0.910394 0.984127 0.910394 0.993651 0.917563
0 0.276190 0.878136 0.263492 0.896057 0.260317 0.924731 0.266667 0.931900 0.288889 0.942652 0.314286 0.939068 0.330159 0.917563 0.330159 0.899642 0.326984 0.892473 0.301587 0.874552 0.282540 0.874552
0 0.206349 0.896057 0.200000 0.896057 0.196825 0.899642 0.193651 0.899642 0.190476 0.903226 0.190476 0.906810 0.187302 0.910394 0.187302 0.924731 0.190476 0.928315 0.200000 0.928315 0.209524 0.917563 0.209524 0.899642
0 0.968254 0.928315 0.958730 0.939068 0.955556 0.953405 0.958730 0.960573 0.977778 0.982079 0.993651 0.989247 0.996825 0.985663 0.996825 0.935484 0.993651 0.928315
0 0.866667 0.942652 0.866667 0.960573 0.869841 0.967742 0.885714 0.982079 0.895238 0.982079 0.898413 0.985663 0.923810 0.985663 0.933333 0.974910 0.933333 0.964158 0.923810 0.949821 0.904762 0.935484 0.898413 0.935484 0.895238 0.931900 0.879365 0.931900
