0 0.184127 0.100358 0.180952 0.100358 0.177778 0.103943 0.174603 0.103943 0.168254 0.111111 0.168254 0.114695 0.161905 0.121864 0.161905 0.129032 0.165079 0.132616 0.174603 0.132616 0.187302 0.118280 0.187302 0.103943
0 0.698413 0.111111 0.695238 0.111111 0.692063 0.107527 0.682540 0.107527 0.676190 0.114695 0.676190 0.118280 0.673016 0.121864 0.673016 0.143369 0.676190 0.146953 0.688889 0.146953 0.692063 0.143369 0.695238 0.143369 0.695238 0.139785 0.701587 0.132616 0.701587 0.118280 0.698413 0.114695
0 0.346032 0.118280 0.336508 0.129032 0.320635 0.157706 0.320635 0.186380 0.317460 0.189964 0.320635 0.193548 0.320635 0.200717 0.326984 0.200717 0.346032 0.179211 0.346032 0.172043 0.355556 0.154122 0.355556 0.121864
0 0.415873 0.118280 0.406349 0.118280 0.393651 0.132616 0.393651 0.146953 0.396825 0.150538 0.406349 0.150538 0.412698 0.143369 0.412698 0.139785 0.415873 0.136201
0 0.542857 0.125448 0.536508 0.132616 0.536508 0.139785 0.533333 0.143369 0.539683 0.154122 0.542857 0.154122 0.546032 0.157706 0.552381 0.157706 0.555556 0.154122 0.558730 0.154122 0.558730 0.150538 0.565079 0.143369 0.565079 0.132616 0.558730 0.125448
0 0.171429 0.146953 0.171429 0.154122 0.168254 0.157706 0.171429 0.161290 0.171429 0.164875 0.177778 0.172043 0.187302 0.172043 0.190476 0.168459 0.190476 0.164875 0.193651 0.161290 0.193651 0.146953 0.190476 0.146953 0.187302 0.143369 0.177778 0.143369 0.174603 0.146953
0 0.987302 0.146953 0.980952 0.146953 0.980952 0.150538 0.977778 0.154122 0.977778 0.161290 0.968254 0.179211 0.968254 0.197133 0.977778 0.211470 0.984127 0.211470 0.984127 0.207885 0.987302 0.204301 0.987302 0.179211 0.990476 0.175627 0.990476 0.150538
0 0.101587 0.157706 0.095238 0.164875 0.095238 0.175627 0.098413 0.179211 0.098413 0.182796 0.101587 0.186380 0.111111 0.186380 0.114286 0.182796 0.114286 0.172043 0.111111 0.168459 0.111111 0.164875 0.104762 0.157706
0 0.920635 0.161290 0.917460 0.161290 0.914286 0.157706 0.911111 0.157706 0.907937 0.161290 0.904762 0.161290 0.898413 0.168459 0.898413 0.182796 0.901587 0.186380 0.904762 0.186380 0.907937 0.182796 0.911111 0.182796 0.920635 0.172043
0 0.219048 0.161290 0.219048 0.164875 0.215873 0.168459 0.215873 0.175627 0.219048 0.179211 0.219048 0.189964 0.225397 0.197133 0.231746 0.189964 0.231746 0.164875 0.228571 0.161290
0 0.247619 0.161290 0.241270 0.168459 0.241270 0.179211 0.244444 0.182796 0.253968 0.182796 0.260317 0.175627 0.260317 0.168459 0.253968 0.161290
0 0.396825 0.168459 0.387302 0.168459 0.384127 0.172043 0.384127 0.175627 0.377778 0.182796 0.377778 0.189964 0.393651 0.189964 0.396825 0.186380
0 0.155556 0.172043 0.155556 0.186380 0.158730 0.189964 0.165079 0.189964 0.165079 0.179211 0.161905 0.175627 0.161905 0.172043
0 0.653968 0.182796 0.647619 0.189964 0.647619 0.193548 0.644444 0.197133 0.644444 0.204301 0.647619 0.207885 0.657143 0.207885 0.660317 0.211470 0.663492 0.211470 0.673016 0.218638 0.679365 0.211470 0.679365 0.200717 0.663492 0.182796
0 0.228571 0.218638 0.225397 0.218638 0.219048 0.225806 0.219048 0.229391 0.215873 0.232975 0.215873 0.240143 0.219048 0.243728 0.219048 0.247312 0.222222 0.250896 0.228571 0.250896 0.234921 0.243728 0.234921 0.232975 0.238095 0.229391 0.234921 0.225806 0.234921 0.222222 0.231746 0.222222
0 0.507937 0.229391 0.498413 0.229391 0.485714 0.243728 0.485714 0.250896 0.482540 0.254480 0.485714 0.258065 0.485714 0.261649 0.492063 0.261649 0.507937 0.243728
0 0.142857 0.232975 0.136508 0.232975 0.123810 0.254480 0.123810 0.265233 0.126984 0.268817 0.126984 0.272401 0.136508 0.272401 0.149206 0.250896 0.149206 0.240143
0 0.187302 0.236559 0.177778 0.240143 0.155556 0.268817 0.155556 0.275986 0.152381 0.279570 0.158730 0.290323 0.165079 0.290323 0.168254 0.286738 0.177778 0.283154 0.187302 0.272401 0.187302 0.268817 0.193651 0.258065 0.193651 0.243728
0 0.374603 0.247312 0.365079 0.247312 0.358730 0.254480 0.355556 0.254480 0.333333 0.283154 0.330159 0.308244 0.336508 0.315412 0.346032 0.315412 0.355556 0.304659 0.358730 0.304659 0.377778 0.261649 0.377778 0.250896
0 0.647619 0.254480 0.628571 0.254480 0.619048 0.265233 0.619048 0.290323 0.622222 0.293907 0.628571 0.293907 0.631746 0.290323 0.634921 0.290323 0.647619 0.275986 0.647619 0.268817 0.650794 0.265233 0.650794 0.258065
0 0.314286 0.279570 0.307937 0.279570 0.301587 0.286738 0.301587 0.293907 0.298413 0.297491 0.298413 0.308244 0.301587 0.311828 0.311111 0.311828 0.314286 0.308244 0.314286 0.301075 0.317460 0.297491 0.317460 0.283154
0 0.504762 0.304659 0.495238 0.304659 0.495238 0.308244 0.492063 0.311828 0.492063 0.315412 0.488889 0.318996 0.488889 0.336918 0.498413 0.336918 0.498413 0.333333 0.501587 0.329749 0.501587 0.322581 0.504762 0.318996
0 0.615873 0.322581 0.609524 0.333333 0.609524 0.351254 0.612698 0.354839 0.612698 0.358423 0.615873 0.362007 0.619048 0.362007 0.628571 0.351254 0.628571 0.347670 0.631746 0.344086 0.631746 0.336918 0.622222 0.326165 0.619048 0.326165
0 0.130159 0.326165 0.120635 0.326165 0.111111 0.336918 0.111111 0.340502 0.107937 0.344086 0.107937 0.354839 0.114286 0.362007 0.117460 0.362007 0.120635 0.358423 0.123810 0.358423 0.133333 0.347670 0.133333 0.340502 0.136508 0.336918
0 0.152381 0.336918 0.152381 0.344086 0.155556 0.347670 0.168254 0.347670 0.168254 0.344086 0.165079 0.340502 0.165079 0.336918
0 0.285714 0.347670 0.285714 0.351254 0.282540 0.354839 0.292063 0.365591 0.298413 0.365591 0.301587 0.369176 0.314286 0.369176 0.320635 0.358423 0.320635 0.351254 0.311111 0.340502 0.307937 0.340502 0.304762 0.344086 0.301587 0.340502 0.295238 0.340502 0.288889 0.347670
0 0.784127 0.340502 0.777778 0.347670 0.777778 0.358423 0.784127 0.365591 0.796825 0.365591 0.800000 0.362007 0.800000 0.358423 0.803175 0.354839 0.800000 0.351254 0.800000 0.347670 0.796825 0.344086 0.790476 0.344086 0.787302 0.340502
0 0.177778 0.369176 0.174603 0.369176 0.171429 0.365591 0.165079 0.365591 0.158730 0.372760 0.155556 0.372760 0.155556 0.387097 0.161905 0.394265 0.168254 0.394265 0.171429 0.390681 0.174603 0.390681 0.180952 0.383513 0.180952 0.372760
0 0.219048 0.372760 0.209524 0.379928 0.209524 0.419355 0.212698 0.422939 0.212698 0.437276 0.219048 0.451613 0.225397 0.455197 0.228571 0.444444 0.238095 0.430108 0.238095 0.415771 0.234921 0.412186 0.234921 0.394265 0.228571 0.379928
0 0.400000 0.372760 0.400000 0.390681 0.406349 0.397849 0.409524 0.397849 0.415873 0.390681 0.415873 0.376344 0.412698 0.372760
0 0.946032 0.376344 0.942857 0.376344 0.939683 0.372760 0.926984 0.372760 0.920635 0.379928 0.920635 0.383513 0.917460 0.387097 0.917460 0.405018 0.923810 0.412186 0.926984 0.412186 0.942857 0.401434 0.942857 0.397849 0.949206 0.387097
0 0.298413 0.379928 0.282540 0.379928 0.279365 0.383513 0.279365 0.408602 0.282540 0.408602 0.285714 0.412186 0.288889 0.408602 0.292063 0.408602 0.301587 0.397849 0.301587 0.383513
0 0.819048 0.383513 0.809524 0.387097 0.803175 0.394265 0.803175 0.397849 0.800000 0.401434 0.800000 0.415771 0.806349 0.422939 0.812698 0.422939 0.815873 0.419355 0.819048 0.419355 0.825397 0.412186 0.825397 0.408602 0.831746 0.397849 0.831746 0.394265 0.825397 0.387097 0.822222 0.387097
0 0.552381 0.394265 0.546032 0.394265 0.536508 0.405018 0.536508 0.412186 0.530159 0.422939 0.530159 0.433692 0.526984 0.437276 0.526984 0.448029 0.530159 0.448029 0.533333 0.451613 0.539683 0.451613 0.546032 0.444444 0.546032 0.437276 0.552381 0.426523 0.552381 0.419355 0.555556 0.415771 0.555556 0.397849
0 0.615873 0.397849 0.609524 0.397849 0.600000 0.405018 0.600000 0.408602 0.596825 0.412186 0.596825 0.422939 0.593651 0.426523 0.593651 0.430108 0.596825 0.433692 0.596825 0.444444 0.606349 0.451613 0.609524 0.448029 0.615873 0.448029 0.625397 0.430108 0.625397 0.412186
0 0.180952 0.401434 0.177778 0.405018 0.174603 0.405018 0.168254 0.412186 0.165079 0.422939 0.168254 0.426523 0.168254 0.430108 0.174603 0.437276 0.180952 0.437276 0.184127 0.440860 0.187302 0.440860 0.193651 0.433692 0.193651 0.408602 0.190476 0.405018 0.190476 0.401434
0 0.485714 0.415771 0.482540 0.419355 0.479365 0.419355 0.473016 0.426523 0.473016 0.430108 0.463492 0.440860 0.463492 0.444444 0.466667 0.448029 0.469841 0.448029 0.473016 0.444444 0.476190 0.444444 0.479365 0.440860 0.479365 0.437276 0.485714 0.430108
0 0.330159 0.422939 0.320635 0.419355 0.314286 0.426523 0.314286 0.430108 0.307937 0.437276 0.307937 0.440860 0.301587 0.451613 0.301587 0.462366 0.311111 0.462366 0.314286 0.458781 0.323810 0.455197 0.333333 0.444444 0.333333 0.430108 0.330159 0.426523
0 0.095238 0.433692 0.095238 0.440860 0.101587 0.448029 0.120635 0.448029 0.123810 0.444444 0.126984 0.444444 0.126984 0.440860 0.130159 0.437276 0.130159 0.430108 0.123810 0.422939 0.101587 0.422939
0 0.723810 0.437276 0.714286 0.437276 0.704762 0.444444 0.704762 0.448029 0.698413 0.458781 0.698413 0.476703 0.701587 0.480287 0.711111 0.480287 0.714286 0.476703 0.717460 0.476703 0.730159 0.458781 0.730159 0.444444
0 0.400000 0.440860 0.393651 0.440860 0.377778 0.458781 0.380952 0.462366 0.377778 0.465950 0.377778 0.469534 0.384127 0.476703 0.396825 0.476703 0.403175 0.469534 0.403175 0.448029 0.400000 0.444444
0 0.955556 0.448029 0.949206 0.448029 0.939683 0.458781 0.939683 0.469534 0.942857 0.473118 0.949206 0.473118 0.955556 0.465950 0.955556 0.462366 0.958730 0.458781 0.958730 0.451613
0 0.530159 0.465950 0.514286 0.465950 0.507937 0.473118 0.507937 0.476703 0.504762 0.480287 0.504762 0.494624 0.507937 0.498208 0.507937 0.501792 0.514286 0.508961 0.520635 0.508961 0.523810 0.505376 0.526984 0.505376 0.533333 0.498208 0.533333 0.494624 0.536508 0.491039 0.536508 0.483871 0.539683 0.480287 0.539683 0.476703 0.536508 0.473118 0.536508 0.469534 0.533333 0.469534
0 0.603175 0.469534 0.596825 0.469534 0.584127 0.480287 0.565079 0.526882 0.565079 0.541219 0.568254 0.544803 0.571429 0.544803 0.600000 0.508961 0.600000 0.501792 0.609524 0.483871
0 0.558730 0.473118 0.555556 0.473118 0.555556 0.476703 0.552381 0.480287 0.552381 0.491039 0.549206 0.494624 0.549206 0.501792 0.546032 0.505376 0.546032 0.512545 0.552381 0.512545 0.552381 0.508961 0.555556 0.505376 0.555556 0.491039 0.558730 0.487455
0 0.669841 0.480287 0.660317 0.480287 0.657143 0.483871 0.657143 0.487455 0.653968 0.491039 0.653968 0.498208 0.650794 0.501792 0.650794 0.508961 0.653968 0.512545 0.660317 0.512545 0.666667 0.505376 0.666667 0.498208 0.669841 0.494624
0 0.720635 0.494624 0.714286 0.494624 0.707937 0.501792 0.707937 0.505376 0.704762 0.508961 0.704762 0.523297 0.707937 0.526882 0.714286 0.526882 0.717460 0.523297 0.717460 0.519713 0.720635 0.516129 0.720635 0.508961 0.723810 0.505376 0.723810 0.498208
0 0.139683 0.501792 0.133333 0.501792 0.130159 0.505376 0.120635 0.505376 0.117460 0.508961 0.114286 0.508961 0.107937 0.519713 0.107937 0.526882 0.111111 0.530466 0.114286 0.530466 0.117460 0.526882 0.120635 0.526882 0.123810 0.523297 0.126984 0.523297 0.133333 0.516129 0.133333 0.512545
0 0.603175 0.512545 0.600000 0.512545 0.580952 0.534050 0.580952 0.537634 0.577778 0.541219 0.584127 0.548387 0.580952 0.551971 0.580952 0.559140 0.590476 0.559140 0.593651 0.555556 0.596825 0.544803 0.603175 0.537634 0.603175 0.530466 0.606349 0.526882 0.606349 0.516129
0 0.847619 0.512545 0.847619 0.516129 0.844444 0.519713 0.844444 0.530466 0.841270 0.534050 0.838095 0.534050 0.838095 0.541219 0.834921 0.544803 0.834921 0.562724 0.841270 0.551971 0.841270 0.544803 0.844444 0.541219 0.844444 0.537634 0.847619 0.534050 0.847619 0.526882 0.850794 0.523297 0.847619 0.519713
0 0.485714 0.523297 0.479365 0.523297 0.473016 0.530466 0.473016 0.534050 0.469841 0.537634 0.469841 0.551971 0.479365 0.551971 0.488889 0.541219 0.488889 0.526882
0 0.177778 0.544803 0.174603 0.544803 0.171429 0.541219 0.165079 0.541219 0.161905 0.544803 0.158730 0.544803 0.152381 0.551971 0.152381 0.555556 0.149206 0.559140 0.149206 0.573477 0.155556 0.580645 0.165079 0.580645 0.174603 0.569892 0.174603 0.566308 0.177778 0.562724
0 0.511111 0.544803 0.507937 0.548387 0.504762 0.548387 0.495238 0.559140 0.495238 0.580645 0.501587 0.591398 0.504762 0.591398 0.507937 0.594982 0.517460 0.594982 0.530159 0.584229 0.530159 0.577061 0.533333 0.573477 0.533333 0.562724 0.523810 0.548387 0.520635 0.548387 0.517460 0.544803
0 0.441270 0.569892 0.431746 0.559140 0.425397 0.559140 0.422222 0.562724 0.415873 0.562724 0.412698 0.566308 0.409524 0.566308 0.403175 0.577061 0.406349 0.580645 0.406349 0.584229 0.419048 0.584229 0.422222 0.580645 0.438095 0.580645 0.441270 0.577061
0 0.800000 0.577061 0.787302 0.577061 0.784127 0.580645 0.784127 0.584229 0.777778 0.594982 0.777778 0.620072 0.793651 0.620072 0.803175 0.609319 0.803175 0.605735 0.806349 0.602151 0.806349 0.587814
0 0.898413 0.577061 0.895238 0.577061 0.888889 0.584229 0.885714 0.584229 0.873016 0.598566 0.873016 0.602151 0.869841 0.605735 0.869841 0.627240 0.882540 0.627240 0.892063 0.620072 0.892063 0.612903 0.895238 0.609319 0.895238 0.598566 0.898413 0.594982
0 0.126984 0.587814 0.117460 0.587814 0.114286 0.591398 0.111111 0.602151 0.104762 0.609319 0.104762 0.612903 0.107937 0.616487 0.107937 0.630824 0.111111 0.634409 0.114286 0.634409 0.126984 0.620072 0.126984 0.616487 0.130159 0.612903 0.130159 0.605735 0.133333 0.602151 0.133333 0.594982
0 0.457143 0.591398 0.444444 0.591398 0.441270 0.594982 0.441270 0.598566 0.434921 0.605735 0.434921 0.627240 0.438095 0.627240 0.441270 0.630824 0.450794 0.630824 0.457143 0.623656 0.457143 0.620072 0.460317 0.616487 0.460317 0.594982
0 0.320635 0.605735 0.307937 0.605735 0.304762 0.609319 0.301587 0.609319 0.295238 0.616487 0.295238 0.634409 0.298413 0.634409 0.301587 0.637993 0.307937 0.637993 0.314286 0.630824 0.317460 0.630824 0.317460 0.627240 0.323810 0.616487 0.323810 0.609319
0 0.504762 0.612903 0.501587 0.616487 0.501587 0.630824 0.504762 0.634409 0.504762 0.652330 0.507937 0.655914 0.514286 0.655914 0.514286 0.652330 0.517460 0.648746 0.517460 0.641577 0.520635 0.637993 0.520635 0.623656 0.514286 0.612903
0 0.539683 0.645161 0.536508 0.645161 0.511111 0.673835 0.504762 0.688172 0.504762 0.698925 0.501587 0.702509 0.507937 0.713262 0.520635 0.713262 0.526984 0.706093 0.530159 0.691756 0.533333 0.688172 0.533333 0.673835 0.536508 0.670251 0.536508 0.655914 0.539683 0.652330
0 0.301587 0.652330 0.295238 0.659498 0.298413 0.663082 0.295238 0.666667 0.295238 0.670251 0.298413 0.673835 0.298413 0.677419 0.301587 0.681004 0.304762 0.677419 0.307937 0.677419 0.311111 0.673835 0.311111 0.666667 0.307937 0.663082 0.307937 0.655914 0.304762 0.655914
0 0.406349 0.670251 0.387302 0.673835 0.377778 0.684588 0.377778 0.691756 0.374603 0.695341 0.374603 0.706093 0.380952 0.720430 0.390476 0.731183 0.400000 0.731183 0.406349 0.727599 0.415873 0.716846 0.415873 0.709677 0.419048 0.706093 0.419048 0.688172 0.412698 0.673835
0 0.673016 0.688172 0.666667 0.688172 0.666667 0.713262 0.657143 0.716846 0.653968 0.724014 0.650794 0.749104 0.641270 0.774194 0.644444 0.784946 0.650794 0.784946 0.666667 0.763441 0.673016 0.734767 0.679365 0.724014 0.676190 0.716846 0.676190 0.691756
0 0.901587 0.688172 0.895238 0.688172 0.892063 0.695341 0.882540 0.695341 0.869841 0.706093 0.866667 0.706093 0.857143 0.716846 0.853968 0.724014 0.853968 0.731183 0.857143 0.734767 0.869841 0.734767 0.876190 0.727599 0.879365 0.727599 0.888889 0.716846 0.888889 0.713262 0.901587 0.695341
0 0.993651 0.691756 0.987302 0.691756 0.984127 0.695341 0.984127 0.698925 0.977778 0.706093 0.977778 0.709677 0.971429 0.716846 0.968254 0.727599 0.974603 0.734767 0.980952 0.734767 0.984127 0.731183 0.987302 0.731183 0.987302 0.727599 0.993651 0.720430
0 0.168254 0.702509 0.158730 0.706093 0.149206 0.716846 0.149206 0.720430 0.146032 0.724014 0.146032 0.734767 0.152381 0.741935 0.165079 0.741935 0.171429 0.731183 0.171429 0.716846 0.174603 0.713262 0.174603 0.709677
0 0.266667 0.706093 0.257143 0.713262 0.257143 0.716846 0.253968 0.720430 0.253968 0.731183 0.257143 0.734767 0.257143 0.741935 0.260317 0.745520 0.263492 0.745520 0.266667 0.749104 0.266667 0.752688 0.276190 0.756272 0.276190 0.752688 0.279365 0.749104 0.279365 0.720430 0.282540 0.716846 0.279365 0.713262 0.279365 0.709677 0.276190 0.709677 0.273016 0.706093
0 0.368254 0.734767 0.358730 0.745520 0.358730 0.749104 0.361905 0.752688 0.365079 0.752688 0.374603 0.763441 0.377778 0.763441 0.380952 0.767025 0.384127 0.767025 0.387302 0.763441 0.387302 0.756272 0.384127 0.752688 0.377778 0.752688 0.374603 0.749104 0.377778 0.745520 0.377778 0.738351 0.374603 0.734767
0 0.634921 0.745520 0.631746 0.745520 0.628571 0.749104 0.628571 0.752688 0.622222 0.759857 0.622222 0.763441 0.619048 0.767025 0.619048 0.774194 0.615873 0.777778 0.615873 0.781362 0.619048 0.781362 0.628571 0.770609 0.628571 0.767025 0.631746 0.763441 0.631746 0.759857 0.634921 0.756272
0 0.307937 0.749104 0.298413 0.752688 0.288889 0.767025 0.288889 0.788530 0.292063 0.792115 0.292063 0.795699 0.301587 0.802867 0.311111 0.799283 0.320635 0.788530 0.320635 0.767025 0.317460 0.763441 0.314286 0.752688 0.311111 0.752688
0 0.333333 0.792115 0.339683 0.802867 0.361905 0.802867 0.368254 0.795699 0.371429 0.795699 0.374603 0.792115 0.374603 0.784946 0.371429 0.781362 0.371429 0.777778 0.368254 0.777778 0.361905 0.770609 0.346032 0.770609 0.339683 0.777778 0.339683 0.781362
0 0.755556 0.770609 0.749206 0.770609 0.742857 0.777778 0.742857 0.781362 0.739683 0.784946 0.739683 0.810036 0.742857 0.813620 0.752381 0.813620 0.755556 0.810036 0.755556 0.806452 0.761905 0.799283 0.761905 0.777778
0 0.673016 0.810036 0.666667 0.817204 0.666667 0.824373 0.663492 0.827957 0.663492 0.835125 0.660317 0.838710 0.660317 0.860215 0.663492 0.860215 0.666667 0.856631 0.666667 0.831541 0.673016 0.820789
0 0.117460 0.817204 0.107937 0.817204 0.104762 0.820789 0.104762 0.824373 0.111111 0.831541 0.111111 0.849462 0.104762 0.856631 0.104762 0.874552 0.111111 0.874552 0.114286 0.870968 0.117460 0.853047 0.123810 0.842294 0.123810 0.838710 0.120635 0.835125 0.123810 0.831541 0.120635 0.827957 0.120635 0.820789
0 0.558730 0.817204 0.555556 0.820789 0.552381 0.820789 0.539683 0.835125 0.539683 0.838710 0.536508 0.842294 0.536508 0.856631 0.546032 0.863799 0.555556 0.860215 0.568254 0.838710 0.568254 0.824373
0 0.228571 0.835125 0.219048 0.824373 0.212698 0.824373 0.209524 0.827957 0.206349 0.827957 0.196825 0.838710 0.196825 0.860215 0.209524 0.860215 0.215873 0.853047 0.225397 0.849462 0.225397 0.845878 0.228571 0.842294
0 0.330159 0.824373 0.330159 0.827957 0.326984 0.831541 0.326984 0.838710 0.323810 0.842294 0.323810 0.845878 0.326984 0.849462 0.326984 0.856631 0.333333 0.863799 0.346032 0.863799 0.346032 0.860215 0.349206 0.856631 0.349206 0.835125 0.342857 0.824373
0 0.469841 0.824373 0.466667 0.824373 0.463492 0.827957 0.457143 0.827957 0.453968 0.831541 0.453968 0.835125 0.450794 0.838710 0.450794 0.842294 0.460317 0.853047 0.466667 0.853047 0.473016 0.845878 0.473016 0.827957
0 0.174603 0.827957 0.168254 0.827957 0.158730 0.838710 0.158730 0.853047 0.165079 0.860215 0.171429 0.860215 0.174603 0.856631 0.177778 0.856631 0.177778 0.853047 0.180952 0.849462 0.180952 0.835125
0 0.739683 0.831541 0.736508 0.831541 0.733333 0.835125 0.730159 0.845878 0.723810 0.853047 0.723810 0.856631 0.714286 0.874552 0.714286 0.881720 0.711111 0.885305 0.711111 0.888889 0.714286 0.892473 0.723810 0.888889 0.736508 0.874552 0.736508 0.870968 0.739683 0.867384 0.739683 0.860215 0.742857 0.856631 0.742857 0.835125
0 0.790476 0.831541 0.787302 0.831541 0.784127 0.835125 0.784127 0.838710 0.780952 0.842294 0.780952 0.860215 0.784127 0.860215 0.796825 0.845878 0.796825 0.838710
0 0.314286 0.874552 0.314286 0.885305 0.323810 0.896057 0.336508 0.896057 0.336508 0.892473 0.339683 0.888889 0.336508 0.885305 0.336508 0.881720 0.330159 0.874552 0.326984 0.874552 0.323810 0.870968 0.320635 0.870968 0.317460 0.874552
0 0.933333 0.878136 0.926984 0.870968 0.917460 0.870968 0.914286 0.874552 0.911111 0.874552 0.911111 0.878136 0.907937 0.881720 0.907937 0.896057 0.920635 0.896057 0.933333 0.881720
0 0.457143 0.874552 0.444444 0.874552 0.438095 0.881720 0.438095 0.899642 0.441270 0.903226 0.447619 0.903226 0.453968 0.896057 0.453968 0.892473 0.457143 0.888889 0.457143 0.885305 0.460317 0.881720 0.457143 0.878136
0 0.533333 0.874552 0.530159 0.874552 0.523810 0.881720 0.523810 0.885305 0.517460 0.896057 0.517460 0.903226 0.523810 0.910394 0.533333 0.910394 0.542857 0.899642 0.542857 0.885305
0 0.241270 0.899642 0.238095 0.896057 0.231746 0.896057 0.228571 0.892473 0.225397 0.896057 0.222222 0.896057 0.215873 0.903226 0.215873 0.906810 0.212698 0.910394 0.219048 0.921147 0.228571 0.921147 0.231746 0.917563 0.238095 0.917563 0.241270 0.913978
0 0.326984 0.913978 0.314286 0.913978 0.307937 0.921147 0.307937 0.946237 0.314286 0.953405 0.320635 0.953405 0.330159 0.942652 0.330159 0.931900 0.333333 0.928315 0.333333 0.924731
0 0.409524 0.935484 0.396825 0.924731 0.387302 0.924731 0.384127 0.928315 0.377778 0.928315 0.374603 0.931900 0.371429 0.931900 0.368254 0.935484 0.368254 0.942652 0.371429 0.946237 0.371429 0.960573 0.374603 0.960573 0.377778 0.964158 0.396825 0.964158 0.400000 0.960573 0.403175 0.960573 0.409524 0.953405
0 0.168254 0.931900 0.158730 0.931900 0.155556 0.935484 0.155556 0.939068 0.152381 0.942652 0.152381 0.956989 0.155556 0.960573 0.161905 0.960573 0.168254 0.953405 0.168254 0.949821 0.171429 0.946237 0.171429 0.935484
0 0.346032 0.935484 0.339683 0.942652 0.339683 0.953405 0.346032 0.960573 0.352381 0.960573 0.355556 0.964158 0.365079 0.964158 0.368254 0.960573 0.368254 0.946237 0.365079 0.942652 0.365079 0.935484 0.355556 0.935484 0.352381 0.931900 0.349206 0.935484
0 0.203175 0.939068 0.200000 0.942652 0.200000 0.949821 0.203175 0.953405 0.206349 0.953405 0.206349 0.949821 0.209524 0.946237 0.209524 0.942652 0.206349 0.939068
0 0.123810 0.985663 0.123810 0.992832 0.126984 0.996416 0.130159 0.992832 0.139683 0.992832 0.139683 0.985663 0.136508 0.982079 0.130159 0.982079 0.126984 0.985663
