0 0.003185 0.007194 0.003185 0.014388 0.012739 0.028777 0.025478 0.035971 0.031847 0.035971 0.035032 0.039568 0.047771 0.035971 0.060510 0.017986 0.060510 0.003597 0.054140 0.000000 0.035032 0.000000 0.031847 0.003597 0.006369 0.003597
0 0.108280 0.003597 0.108280 0.014388 0.111465 0.017986 0.114650 0.028777 0.117834 0.028777 0.121019 0.032374 0.133758 0.032374 0.136943 0.028777 0.146497 0.025180 0.146497 0.007194 0.143312 0.003597 0.143312 0.000000 0.111465 0.000000
0 0.312102 0.025180 0.315287 0.028777 0.331210 0.028777 0.343949 0.017986 0.363057 0.017986 0.378981 0.007194 0.375796 0.003597 0.331210 0.003597 0.324841 0.007194 0.312102 0.021583
0 0.684713 0.007194 0.684713 0.010791 0.694268 0.021583 0.694268 0.025180 0.707006 0.035971 0.716561 0.035971 0.726115 0.028777 0.732484 0.028777 0.742038 0.014388 0.742038 0.003597 0.687898 0.003597
0 0.458599 0.021583 0.445860 0.021583 0.439490 0.028777 0.429936 0.032374 0.420382 0.043165 0.423567 0.046763 0.423567 0.053957 0.426752 0.057554 0.445860 0.057554 0.455414 0.046763 0.455414 0.039568 0.461783 0.028777 0.458599 0.025180
0 0.312102 0.028777 0.308917 0.025180 0.305732 0.028777 0.289809 0.028777 0.283439 0.032374 0.264331 0.050360 0.264331 0.057554 0.273885 0.068345 0.280255 0.071942 0.292994 0.071942 0.305732 0.057554 0.308917 0.050360 0.308917 0.035971
0 0.359873 0.043165 0.353503 0.039568 0.337580 0.039568 0.334395 0.043165 0.328025 0.043165 0.312102 0.061151 0.305732 0.075540 0.305732 0.086331 0.312102 0.089928 0.315287 0.086331 0.328025 0.086331 0.331210 0.082734 0.343949 0.079137 0.359873 0.061151
0 0.168790 0.043165 0.159236 0.043165 0.156051 0.046763 0.149682 0.046763 0.143312 0.053957 0.143312 0.068345 0.159236 0.079137 0.162420 0.079137 0.165605 0.075540 0.171975 0.075540 0.178344 0.068345 0.178344 0.053957
0 0.388535 0.046763 0.388535 0.050360 0.398089 0.053957 0.410828 0.068345 0.423567 0.068345 0.426752 0.064748 0.426752 0.061151 0.420382 0.053957 0.420382 0.046763 0.417197 0.043165 0.394904 0.043165 0.391720 0.046763
0 0.684713 0.050360 0.668790 0.050360 0.665605 0.053957 0.662420 0.053957 0.649682 0.068345 0.646497 0.068345 0.643312 0.071942 0.640127 0.082734 0.643312 0.086331 0.652866 0.086331 0.659236 0.079137 0.668790 0.079137 0.671975 0.075540 0.675159 0.075540 0.675159 0.071942 0.684713 0.061151
0 0.764331 0.053957 0.748408 0.053957 0.738854 0.061151 0.738854 0.064748 0.729299 0.079137 0.729299 0.089928 0.726115 0.093525 0.729299 0.107914 0.745223 0.107914 0.770701 0.093525 0.773885 0.086331 0.773885 0.064748
0 0.073248 0.071942 0.076433 0.093525 0.085987 0.100719 0.095541 0.100719 0.111465 0.107914 0.133758 0.107914 0.146497 0.097122 0.146497 0.089928 0.136943 0.079137 0.130573 0.079137 0.117834 0.068345 0.095541 0.057554 0.079618 0.061151
0 0.388535 0.075540 0.382166 0.071942 0.372611 0.071942 0.350318 0.100719 0.350318 0.125899 0.356688 0.133094 0.382166 0.133094 0.394904 0.122302 0.398089 0.115108 0.398089 0.089928
0 0.684713 0.082734 0.681529 0.086331 0.681529 0.122302 0.684713 0.125899 0.684713 0.133094 0.687898 0.136691 0.697452 0.136691 0.700637 0.133094 0.703822 0.133094 0.703822 0.129496 0.710191 0.118705 0.710191 0.111511 0.707006 0.107914 0.707006 0.100719 0.703822 0.097122 0.700637 0.086331 0.697452 0.082734
0 0.229299 0.104317 0.229299 0.118705 0.242038 0.133094 0.261146 0.133094 0.261146 0.125899 0.264331 0.122302 0.267516 0.122302 0.267516 0.115108 0.264331 0.111511 0.264331 0.107914 0.248408 0.097122 0.238854 0.097122
0 0.831210 0.100719 0.808917 0.122302 0.805732 0.143885 0.815287 0.165468 0.824841 0.176259 0.840764 0.183453 0.853503 0.183453 0.869427 0.172662 0.872611 0.147482 0.859873 0.118705 0.847134 0.104317
0 0.480892 0.107914 0.480892 0.118705 0.484076 0.122302 0.484076 0.125899 0.493631 0.136691 0.500000 0.136691 0.503185 0.140288 0.515924 0.140288 0.525478 0.125899 0.525478 0.111511 0.509554 0.111511 0.506369 0.107914 0.493631 0.107914 0.490446 0.104317 0.484076 0.104317
0 0.022293 0.115108 0.022293 0.122302 0.025478 0.122302 0.028662 0.125899 0.073248 0.125899 0.073248 0.118705 0.070064 0.118705 0.066879 0.115108 0.060510 0.115108 0.057325 0.111511 0.025478 0.111511
0 0.777070 0.111511 0.761146 0.111511 0.757962 0.115108 0.754777 0.115108 0.751592 0.118705 0.748408 0.118705 0.742038 0.125899 0.742038 0.133094 0.748408 0.140288 0.761146 0.140288 0.770701 0.129496 0.770701 0.125899 0.777070 0.118705
0 0.538217 0.133094 0.538217 0.140288 0.544586 0.147482 0.550955 0.147482 0.554140 0.151079 0.566879 0.151079 0.570064 0.147482 0.573248 0.147482 0.573248 0.143885 0.576433 0.140288 0.576433 0.129496 0.570064 0.122302 0.566879 0.122302 0.563694 0.118705 0.557325 0.118705 0.554140 0.122302 0.547771 0.122302
0 0.608280 0.118705 0.605096 0.125899 0.605096 0.147482 0.608280 0.151079 0.608280 0.161871 0.611465 0.165468 0.611465 0.179856 0.614650 0.187050 0.627389 0.187050 0.636943 0.179856 0.636943 0.158273 0.627389 0.147482 0.617834 0.122302 0.614650 0.118705
0 0.656051 0.136691 0.652866 0.140288 0.652866 0.158273 0.662420 0.169065 0.668790 0.169065 0.684713 0.179856 0.691083 0.179856 0.694268 0.176259 0.694268 0.158273 0.687898 0.151079 0.687898 0.147482 0.678344 0.140288 0.668790 0.140288 0.665605 0.136691
0 0.729299 0.140288 0.726115 0.136691 0.713376 0.136691 0.710191 0.140288 0.707006 0.140288 0.703822 0.143885 0.703822 0.147482 0.697452 0.154676 0.697452 0.165468 0.700637 0.169065 0.713376 0.169065 0.716561 0.165468 0.719745 0.165468 0.719745 0.161871 0.726115 0.154676 0.726115 0.151079 0.729299 0.147482
0 0.210191 0.154676 0.200637 0.147482 0.191083 0.147482 0.181529 0.154676 0.175159 0.154676 0.171975 0.158273 0.165605 0.158273 0.162420 0.161871 0.159236 0.161871 0.156051 0.165468 0.156051 0.172662 0.162420 0.179856 0.181529 0.179856 0.184713 0.176259 0.191083 0.176259 0.194268 0.172662 0.197452 0.172662 0.210191 0.158273
0 0.003185 0.154676 0.003185 0.161871 0.009554 0.172662 0.041401 0.172662 0.041401 0.169065 0.038217 0.169065 0.028662 0.158273 0.025478 0.158273 0.015924 0.151079 0.006369 0.151079
0 0.254777 0.161871 0.242038 0.161871 0.226115 0.176259 0.226115 0.179856 0.222930 0.183453 0.222930 0.194245 0.229299 0.201439 0.235669 0.201439 0.245223 0.190647 0.245223 0.187050 0.251592 0.179856 0.254777 0.179856 0.254777 0.176259 0.257962 0.172662 0.257962 0.165468
0 0.417197 0.165468 0.414013 0.169065 0.414013 0.176259 0.417197 0.179856 0.417197 0.183453 0.429936 0.197842 0.433121 0.197842 0.436306 0.201439 0.439490 0.197842 0.442675 0.197842 0.449045 0.190647 0.449045 0.176259 0.439490 0.165468 0.436306 0.165468 0.433121 0.161871 0.426752 0.161871 0.423567 0.165468
0 0.509554 0.179856 0.509554 0.190647 0.519108 0.197842 0.535032 0.197842 0.538217 0.194245 0.544586 0.194245 0.544586 0.190647 0.547771 0.187050 0.547771 0.183453 0.538217 0.172662 0.535032 0.172662 0.531847 0.169065 0.522293 0.169065 0.519108 0.172662 0.515924 0.172662
0 0.121019 0.183453 0.121019 0.187050 0.117834 0.190647 0.117834 0.201439 0.127389 0.212230 0.149682 0.212230 0.156051 0.205036 0.156051 0.194245 0.146497 0.183453 0.143312 0.183453 0.140127 0.179856 0.127389 0.179856 0.124204 0.183453
0 0.353503 0.187050 0.353503 0.194245 0.359873 0.205036 0.385350 0.219424 0.394904 0.219424 0.414013 0.208633 0.410828 0.201439 0.394904 0.187050 0.385350 0.187050 0.382166 0.183453 0.356688 0.183453
0 0.729299 0.205036 0.729299 0.208633 0.726115 0.212230 0.729299 0.215827 0.729299 0.223022 0.742038 0.241007 0.751592 0.244604 0.757962 0.233813 0.757962 0.223022 0.754777 0.219424 0.754777 0.215827 0.745223 0.205036 0.745223 0.201439 0.735669 0.201439 0.732484 0.205036
0 0.070064 0.205036 0.070064 0.208633 0.066879 0.212230 0.066879 0.219424 0.063694 0.223022 0.063694 0.230216 0.073248 0.241007 0.082803 0.241007 0.089172 0.233813 0.089172 0.223022 0.092357 0.219424 0.092357 0.212230 0.085987 0.205036
0 0.554140 0.212230 0.554140 0.215827 0.563694 0.223022 0.563694 0.230216 0.579618 0.251799 0.585987 0.255396 0.601911 0.255396 0.611465 0.244604 0.611465 0.215827 0.601911 0.212230 0.595541 0.205036 0.592357 0.205036 0.579618 0.219424 0.557325 0.208633
0 0.006369 0.215827 0.006369 0.223022 0.012739 0.230216 0.012739 0.237410 0.015924 0.241007 0.019108 0.251799 0.025478 0.258993 0.028662 0.258993 0.031847 0.262590 0.038217 0.262590 0.044586 0.251799 0.044586 0.233813 0.035032 0.223022 0.031847 0.223022 0.028662 0.219424 0.015924 0.219424 0.012739 0.215827 0.009554 0.219424
0 0.000000 0.248201 0.000000 0.255396 0.003185 0.258993 0.003185 0.276978 0.009554 0.276978 0.012739 0.273381 0.012739 0.266187 0.009554 0.262590 0.009554 0.258993 0.006369 0.255396 0.006369 0.248201
0 0.184713 0.258993 0.184713 0.262590 0.187898 0.266187 0.187898 0.269784 0.197452 0.280576 0.200637 0.280576 0.203822 0.276978 0.210191 0.276978 0.216561 0.269784 0.216561 0.262590 0.210191 0.255396 0.207006 0.255396 0.203822 0.251799 0.191083 0.251799
0 0.703822 0.251799 0.697452 0.258993 0.697452 0.266187 0.713376 0.302158 0.726115 0.312950 0.751592 0.320144 0.751592 0.294964 0.742038 0.280576 0.735669 0.262590 0.722930 0.251799
0 0.277070 0.269784 0.267516 0.258993 0.245223 0.258993 0.242038 0.262590 0.235669 0.262590 0.226115 0.273381 0.222930 0.291367 0.229299 0.302158 0.248408 0.302158 0.261146 0.294964 0.267516 0.287770 0.273885 0.287770 0.277070 0.280576
0 0.614650 0.280576 0.614650 0.291367 0.630573 0.316547 0.643312 0.320144 0.646497 0.323741 0.665605 0.323741 0.668790 0.320144 0.659236 0.302158 0.659236 0.294964 0.652866 0.280576 0.646497 0.273381 0.640127 0.269784 0.627389 0.269784
0 0.152866 0.294964 0.152866 0.302158 0.159236 0.309353 0.162420 0.309353 0.165605 0.312950 0.171975 0.312950 0.175159 0.316547 0.178344 0.312950 0.187898 0.312950 0.197452 0.305755 0.197452 0.294964 0.187898 0.284173 0.178344 0.284173 0.175159 0.280576 0.165605 0.280576
0 0.092357 0.312950 0.095541 0.316547 0.098726 0.316547 0.101911 0.312950 0.111465 0.312950 0.114650 0.309353 0.117834 0.309353 0.124204 0.302158 0.127389 0.302158 0.130573 0.298561 0.130573 0.291367 0.127389 0.287770 0.121019 0.287770 0.117834 0.284173 0.111465 0.284173 0.108280 0.287770 0.105096 0.284173 0.101911 0.284173 0.098726 0.287770 0.098726 0.291367 0.092357 0.298561
0 0.350318 0.284173 0.343949 0.291367 0.343949 0.302158 0.350318 0.312950 0.350318 0.320144 0.359873 0.330935 0.366242 0.330935 0.372611 0.323741 0.372611 0.320144 0.375796 0.316547 0.375796 0.305755 0.372611 0.302158 0.372611 0.298561 0.363057 0.287770 0.359873 0.287770 0.356688 0.284173
0 0.700637 0.316547 0.697452 0.327338 0.700637 0.330935 0.703822 0.341727 0.713376 0.352518 0.716561 0.352518 0.719745 0.356115 0.729299 0.356115 0.732484 0.352518 0.729299 0.348921 0.729299 0.345324 0.722930 0.338129 0.722930 0.334532 0.719745 0.330935 0.716561 0.320144 0.710191 0.312950
0 0.238854 0.345324 0.229299 0.327338 0.216561 0.320144 0.213376 0.323741 0.200637 0.323741 0.184713 0.338129 0.181529 0.359712 0.184713 0.366906 0.210191 0.370504 0.232484 0.356115 0.232484 0.352518
0 0.321656 0.320144 0.312102 0.327338 0.312102 0.330935 0.308917 0.334532 0.308917 0.345324 0.315287 0.356115 0.321656 0.356115 0.324841 0.359712 0.328025 0.359712 0.331210 0.356115 0.334395 0.356115 0.343949 0.345324 0.343949 0.341727 0.340764 0.338129 0.337580 0.327338 0.331210 0.320144
0 0.136943 0.334532 0.136943 0.341727 0.143312 0.348921 0.146497 0.348921 0.149682 0.352518 0.165605 0.352518 0.168790 0.348921 0.168790 0.341727 0.165605 0.338129 0.165605 0.334532 0.162420 0.334532 0.156051 0.327338 0.143312 0.327338
0 0.414013 0.330935 0.410828 0.338129 0.410828 0.345324 0.414013 0.348921 0.414013 0.363309 0.417197 0.366906 0.417197 0.374101 0.426752 0.384892 0.439490 0.384892 0.449045 0.374101 0.449045 0.348921 0.445860 0.341727 0.436306 0.334532
0 0.273885 0.334532 0.267516 0.341727 0.267516 0.348921 0.280255 0.363309 0.283439 0.363309 0.286624 0.366906 0.296178 0.366906 0.299363 0.363309 0.299363 0.352518 0.296178 0.348921 0.296178 0.345324 0.289809 0.338129 0.286624 0.338129 0.283439 0.334532
0 0.092357 0.345324 0.092357 0.352518 0.095541 0.356115 0.095541 0.359712 0.098726 0.359712 0.101911 0.363309 0.108280 0.363309 0.111465 0.359712 0.121019 0.359712 0.124204 0.356115 0.124204 0.348921 0.121019 0.345324 0.121019 0.341727 0.117834 0.341727 0.114650 0.338129 0.098726 0.338129
0 0.649682 0.345324 0.646497 0.341727 0.630573 0.341727 0.627389 0.345324 0.617834 0.348921 0.611465 0.356115 0.608280 0.356115 0.605096 0.366906 0.614650 0.377698 0.633758 0.377698 0.636943 0.374101 0.643312 0.374101 0.652866 0.359712 0.652866 0.352518 0.649682 0.348921
0 0.031847 0.348921 0.028662 0.348921 0.025478 0.352518 0.019108 0.352518 0.012739 0.363309 0.012739 0.374101 0.019108 0.381295 0.022293 0.381295 0.025478 0.384892 0.031847 0.384892 0.035032 0.381295 0.041401 0.381295 0.047771 0.374101 0.047771 0.363309 0.044586 0.359712 0.044586 0.356115 0.041401 0.356115
0 0.366242 0.352518 0.350318 0.352518 0.337580 0.366906 0.337580 0.370504 0.334395 0.374101 0.334395 0.381295 0.340764 0.392086 0.347134 0.392086 0.350318 0.395683 0.353503 0.395683 0.356688 0.392086 0.359873 0.392086 0.372611 0.377698 0.372611 0.356115 0.369427 0.356115
0 0.777070 0.370504 0.773885 0.366906 0.757962 0.366906 0.754777 0.370504 0.751592 0.370504 0.738854 0.384892 0.742038 0.395683 0.745223 0.399281 0.761146 0.399281 0.764331 0.395683 0.767516 0.395683 0.777070 0.384892
0 0.073248 0.388489 0.073248 0.395683 0.076433 0.399281 0.076433 0.402878 0.082803 0.410072 0.089172 0.410072 0.092357 0.413669 0.114650 0.413669 0.124204 0.406475 0.121019 0.395683 0.114650 0.388489 0.111465 0.388489 0.098726 0.377698 0.079618 0.377698
0 0.834395 0.392086 0.837580 0.402878 0.840764 0.406475 0.847134 0.406475 0.850318 0.410072 0.869427 0.410072 0.859873 0.399281 0.863057 0.395683 0.866242 0.395683 0.869427 0.399281 0.875796 0.399281 0.878981 0.402878 0.875796 0.392086 0.866242 0.384892 0.850318 0.384892 0.847134 0.388489 0.837580 0.388489
0 0.439490 0.406475 0.439490 0.413669 0.449045 0.424460 0.452229 0.424460 0.455414 0.428058 0.468153 0.428058 0.471338 0.424460 0.474522 0.424460 0.474522 0.420863 0.477707 0.417266 0.477707 0.402878 0.474522 0.399281 0.468153 0.399281 0.464968 0.395683 0.455414 0.395683 0.452229 0.399281 0.445860 0.399281
0 0.662420 0.413669 0.662420 0.424460 0.671975 0.435252 0.691083 0.435252 0.694268 0.431655 0.697452 0.431655 0.697452 0.428058 0.700637 0.424460 0.700637 0.413669 0.697452 0.410072 0.697452 0.406475 0.691083 0.399281 0.675159 0.399281
0 0.178344 0.417266 0.175159 0.420863 0.171975 0.420863 0.162420 0.431655 0.162420 0.449640 0.175159 0.464029 0.191083 0.464029 0.203822 0.449640 0.203822 0.435252 0.197452 0.424460 0.194268 0.424460 0.191083 0.420863 0.181529 0.420863
0 0.369427 0.435252 0.369427 0.449640 0.385350 0.460432 0.407643 0.460432 0.410828 0.456835 0.423567 0.456835 0.436306 0.446043 0.429936 0.435252 0.426752 0.435252 0.420382 0.428058 0.410828 0.428058 0.407643 0.424460 0.382166 0.424460
0 0.585987 0.428058 0.579618 0.438849 0.579618 0.442446 0.582803 0.446043 0.582803 0.449640 0.592357 0.456835 0.601911 0.456835 0.611465 0.446043 0.611465 0.438849 0.601911 0.428058
0 0.630573 0.431655 0.624204 0.442446 0.624204 0.453237 0.633758 0.464029 0.649682 0.464029 0.652866 0.460432 0.656051 0.460432 0.662420 0.453237 0.662420 0.442446 0.652866 0.431655 0.646497 0.431655 0.643312 0.428058 0.640127 0.428058 0.636943 0.431655
0 0.312102 0.446043 0.312102 0.456835 0.318471 0.464029 0.324841 0.464029 0.328025 0.467626 0.350318 0.467626 0.353503 0.464029 0.359873 0.464029 0.359873 0.460432 0.363057 0.456835 0.363057 0.453237 0.356688 0.446043 0.353503 0.446043 0.343949 0.438849 0.324841 0.438849 0.321656 0.442446 0.315287 0.442446
0 0.719745 0.449640 0.716561 0.453237 0.716561 0.456835 0.713376 0.460432 0.716561 0.464029 0.716561 0.467626 0.719745 0.467626 0.722930 0.471223 0.735669 0.471223 0.738854 0.467626 0.738854 0.453237 0.735669 0.453237 0.732484 0.449640
0 0.060510 0.460432 0.060510 0.471223 0.070064 0.482014 0.076433 0.482014 0.079618 0.485612 0.085987 0.485612 0.089172 0.482014 0.098726 0.482014 0.098726 0.478417 0.101911 0.474820 0.101911 0.467626 0.092357 0.456835 0.085987 0.456835 0.082803 0.453237 0.066879 0.453237
0 0.003185 0.460432 0.000000 0.464029 0.000000 0.478417 0.003185 0.482014 0.000000 0.485612 0.003185 0.489209 0.009554 0.489209 0.009554 0.485612 0.012739 0.482014 0.012739 0.471223 0.009554 0.467626 0.009554 0.464029 0.006369 0.460432
0 0.659236 0.482014 0.659236 0.492806 0.662420 0.496403 0.662420 0.500000 0.671975 0.507194 0.694268 0.507194 0.700637 0.500000 0.700637 0.492806 0.697452 0.489209 0.697452 0.485612 0.687898 0.478417 0.665605 0.478417 0.662420 0.482014
0 0.786624 0.496403 0.786624 0.500000 0.792994 0.507194 0.796178 0.507194 0.799363 0.510791 0.802548 0.510791 0.805732 0.507194 0.815287 0.507194 0.818471 0.503597 0.818471 0.500000 0.815287 0.496403 0.812102 0.496403 0.802548 0.485612 0.799363 0.485612 0.796178 0.489209 0.792994 0.489209
0 0.347134 0.500000 0.347134 0.510791 0.350318 0.514388 0.350318 0.517986 0.356688 0.525180 0.375796 0.525180 0.382166 0.514388 0.382166 0.503597 0.372611 0.492806 0.356688 0.492806
0 0.764331 0.503597 0.751592 0.492806 0.738854 0.492806 0.735669 0.496403 0.729299 0.496403 0.716561 0.503597 0.710191 0.510791 0.707006 0.521583 0.710191 0.528777 0.716561 0.532374 0.745223 0.528777 0.757962 0.521583 0.764331 0.514388
0 0.828025 0.521583 0.828025 0.535971 0.837580 0.550360 0.859873 0.550360 0.872611 0.539568 0.872611 0.528777 0.869427 0.525180 0.869427 0.521583 0.856688 0.510791 0.840764 0.510791
0 0.624204 0.517986 0.624204 0.528777 0.630573 0.535971 0.633758 0.532374 0.636943 0.532374 0.640127 0.528777 0.643312 0.528777 0.643312 0.517986 0.640127 0.514388 0.627389 0.514388
0 0.283439 0.532374 0.289809 0.543165 0.292994 0.543165 0.296178 0.546763 0.302548 0.546763 0.305732 0.543165 0.308917 0.543165 0.318471 0.532374 0.318471 0.525180 0.315287 0.521583 0.292994 0.521583
0 0.353503 0.543165 0.343949 0.553957 0.337580 0.568345 0.334395 0.586331 0.347134 0.589928 0.350318 0.593525 0.356688 0.593525 0.359873 0.597122 0.369427 0.597122 0.385350 0.571942 0.385350 0.561151 0.372611 0.546763 0.366242 0.543165
0 0.439490 0.550360 0.439490 0.561151 0.442675 0.564748 0.442675 0.568345 0.445860 0.568345 0.452229 0.575540 0.458599 0.575540 0.461783 0.571942 0.464968 0.571942 0.471338 0.564748 0.471338 0.561151 0.474522 0.557554 0.474522 0.553957 0.468153 0.546763 0.442675 0.546763
0 0.006369 0.557554 0.006369 0.564748 0.015924 0.571942 0.035032 0.571942 0.038217 0.568345 0.041401 0.568345 0.041401 0.564748 0.038217 0.561151 0.025478 0.561151 0.015924 0.553957 0.009554 0.553957
0 0.818471 0.557554 0.815287 0.553957 0.802548 0.553957 0.799363 0.557554 0.792994 0.557554 0.789809 0.561151 0.789809 0.568345 0.792994 0.571942 0.812102 0.571942 0.818471 0.564748
0 0.299363 0.561151 0.296178 0.561151 0.292994 0.557554 0.286624 0.557554 0.283439 0.561151 0.277070 0.561151 0.267516 0.571942 0.267516 0.586331 0.277070 0.593525 0.280255 0.593525 0.283439 0.589928 0.292994 0.586331 0.299363 0.579137 0.299363 0.571942 0.302548 0.568345 0.302548 0.564748
0 0.111465 0.568345 0.101911 0.568345 0.079618 0.586331 0.076433 0.593525 0.079618 0.600719 0.079618 0.611511 0.082803 0.611511 0.089172 0.618705 0.105096 0.622302 0.114650 0.615108 0.114650 0.600719 0.117834 0.597122 0.117834 0.586331 0.121019 0.582734
0 0.506369 0.586331 0.506369 0.593525 0.515924 0.604317 0.541401 0.604317 0.544586 0.600719 0.547771 0.600719 0.554140 0.589928 0.554140 0.586331 0.547771 0.579137 0.531847 0.579137 0.528662 0.575540 0.519108 0.575540 0.515924 0.579137 0.512739 0.579137
0 0.334395 0.589928 0.328025 0.597122 0.328025 0.615108 0.331210 0.618705 0.331210 0.622302 0.334395 0.622302 0.343949 0.629496 0.353503 0.629496 0.366242 0.615108 0.366242 0.611511 0.369427 0.607914 0.369427 0.600719 0.359873 0.600719 0.356688 0.597122 0.350318 0.597122 0.347134 0.593525 0.340764 0.593525 0.337580 0.589928
0 0.388535 0.600719 0.378981 0.615108 0.375796 0.633094 0.385350 0.640288 0.388535 0.636691 0.391720 0.640288 0.398089 0.640288 0.401274 0.636691 0.410828 0.633094 0.410828 0.629496 0.417197 0.622302 0.417197 0.618705 0.414013 0.615108 0.414013 0.611511 0.404459 0.600719
0 0.308917 0.607914 0.292994 0.607914 0.283439 0.618705 0.283439 0.633094 0.292994 0.640288 0.299363 0.640288 0.302548 0.636691 0.305732 0.636691 0.315287 0.625899 0.315287 0.622302 0.318471 0.618705
0 0.461783 0.636691 0.461783 0.643885 0.471338 0.654676 0.500000 0.654676 0.525478 0.643885 0.535032 0.643885 0.541401 0.629496 0.531847 0.615108 0.525478 0.615108 0.522293 0.611511 0.496815 0.611511 0.493631 0.615108 0.477707 0.618705
0 0.643312 0.618705 0.636943 0.611511 0.595541 0.618705 0.538217 0.643885 0.531847 0.661871 0.541401 0.669065 0.557325 0.669065 0.605096 0.654676 0.630573 0.640288
0 0.006369 0.622302 0.003185 0.625899 0.003185 0.647482 0.006369 0.651079 0.009554 0.647482 0.015924 0.647482 0.019108 0.643885 0.022293 0.643885 0.022293 0.636691 0.015924 0.629496 0.015924 0.625899 0.009554 0.625899
0 0.732484 0.633094 0.732484 0.636691 0.735669 0.640288 0.735669 0.643885 0.738854 0.643885 0.742038 0.647482 0.751592 0.647482 0.754777 0.651079 0.764331 0.651079 0.764331 0.640288 0.761146 0.636691 0.761146 0.629496 0.757962 0.629496 0.754777 0.625899 0.738854 0.625899
0 0.305732 0.661871 0.302548 0.658273 0.292994 0.658273 0.289809 0.661871 0.286624 0.661871 0.280255 0.669065 0.270701 0.672662 0.267516 0.676259 0.267516 0.683453 0.270701 0.683453 0.273885 0.687050 0.280255 0.687050 0.283439 0.683453 0.289809 0.683453 0.292994 0.679856 0.296178 0.679856 0.305732 0.672662
0 0.824841 0.661871 0.821656 0.658273 0.818471 0.658273 0.815287 0.661871 0.808917 0.661871 0.805732 0.665468 0.796178 0.665468 0.796178 0.676259 0.805732 0.676259 0.808917 0.672662 0.815287 0.672662 0.818471 0.669065 0.824841 0.669065
0 0.751592 0.672662 0.742038 0.665468 0.735669 0.665468 0.732484 0.661871 0.726115 0.661871 0.713376 0.676259 0.713376 0.687050 0.719745 0.694245 0.732484 0.694245 0.735669 0.690647 0.738854 0.690647 0.751592 0.676259
0 0.229299 0.683453 0.194268 0.683453 0.191083 0.687050 0.171975 0.687050 0.159236 0.701439 0.159236 0.712230 0.171975 0.712230 0.175159 0.715827 0.191083 0.712230 0.197452 0.705036 0.210191 0.697842 0.226115 0.694245 0.229299 0.690647
0 0.420382 0.683453 0.417197 0.687050 0.407643 0.687050 0.401274 0.694245 0.398089 0.694245 0.394904 0.701439 0.394904 0.712230 0.398089 0.719424 0.407643 0.730216 0.414013 0.730216 0.417197 0.733813 0.433121 0.726619 0.439490 0.715827 0.439490 0.694245
0 0.678344 0.683453 0.659236 0.683453 0.656051 0.687050 0.652866 0.687050 0.643312 0.697842 0.643312 0.708633 0.656051 0.708633 0.659236 0.705036 0.662420 0.705036 0.675159 0.690647 0.675159 0.687050
0 0.471338 0.694245 0.468153 0.697842 0.464968 0.697842 0.455414 0.708633 0.455414 0.712230 0.449045 0.723022 0.449045 0.741007 0.452229 0.741007 0.455414 0.744604 0.468153 0.744604 0.474522 0.737410 0.474522 0.715827 0.477707 0.712230 0.477707 0.701439
0 0.130573 0.726619 0.130573 0.733813 0.133758 0.737410 0.146497 0.741007 0.149682 0.744604 0.156051 0.744604 0.159236 0.741007 0.165605 0.741007 0.168790 0.744604 0.187898 0.741007 0.197452 0.730216 0.194268 0.723022 0.175159 0.719424 0.171975 0.715827 0.159236 0.715827 0.156051 0.719424
0 0.700637 0.733813 0.694268 0.726619 0.687898 0.726619 0.684713 0.723022 0.668790 0.726619 0.643312 0.744604 0.636943 0.758993 0.640127 0.758993 0.649682 0.769784 0.656051 0.769784 0.659236 0.773381 0.662420 0.769784 0.681529 0.766187 0.694268 0.751799 0.694268 0.748201 0.700637 0.741007
0 0.662420 0.780576 0.646497 0.769784 0.643312 0.773381 0.633758 0.769784 0.630573 0.773381 0.605096 0.776978 0.573248 0.802158 0.570064 0.816547 0.573248 0.820144 0.598726 0.820144 0.601911 0.816547 0.636943 0.812950 0.662420 0.791367
0 0.452229 0.784173 0.449045 0.780576 0.449045 0.776978 0.445860 0.776978 0.442675 0.773381 0.426752 0.776978 0.414013 0.787770 0.410828 0.787770 0.404459 0.794964 0.404459 0.805755 0.423567 0.805755 0.426752 0.802158 0.436306 0.802158 0.439490 0.798561 0.449045 0.794964
0 0.197452 0.784173 0.197452 0.791367 0.200637 0.794964 0.200637 0.798561 0.213376 0.812950 0.216561 0.812950 0.219745 0.816547 0.232484 0.816547 0.235669 0.812950 0.238854 0.812950 0.238854 0.809353 0.232484 0.798561 0.232484 0.791367 0.229299 0.794964 0.226115 0.794964 0.219745 0.787770 0.216561 0.787770 0.213376 0.784173 0.207006 0.784173 0.203822 0.780576 0.200637 0.784173
0 0.028662 0.784173 0.028662 0.787770 0.031847 0.787770 0.035032 0.791367 0.060510 0.791367 0.060510 0.784173
0 0.235669 0.791367 0.235669 0.798561 0.238854 0.802158 0.238854 0.805755 0.242038 0.809353 0.242038 0.812950 0.248408 0.812950 0.251592 0.809353 0.257962 0.809353 0.261146 0.805755 0.261146 0.802158 0.264331 0.798561 0.264331 0.794964 0.257962 0.787770 0.238854 0.787770
0 0.095541 0.794964 0.089172 0.802158 0.089172 0.809353 0.095541 0.816547 0.098726 0.816547 0.101911 0.820144 0.108280 0.820144 0.111465 0.816547 0.111465 0.809353 0.108280 0.805755 0.108280 0.798561 0.105096 0.794964
0 0.824841 0.809353 0.831210 0.816547 0.837580 0.816547 0.840764 0.820144 0.853503 0.820144 0.856688 0.816547 0.863057 0.816547 0.866242 0.812950 0.866242 0.802158 0.863057 0.802158 0.859873 0.798561 0.834395 0.798561 0.831210 0.802158 0.828025 0.802158 0.828025 0.805755
0 0.707006 0.805755 0.707006 0.820144 0.722930 0.841727 0.735669 0.841727 0.738854 0.838129 0.742038 0.838129 0.742038 0.834532 0.745223 0.830935 0.745223 0.816547 0.735669 0.805755 0.729299 0.805755 0.726115 0.802158 0.713376 0.802158 0.710191 0.805755
0 0.382166 0.820144 0.375796 0.812950 0.363057 0.812950 0.359873 0.816547 0.350318 0.820144 0.337580 0.834532 0.334395 0.834532 0.331210 0.838129 0.331210 0.848921 0.340764 0.848921 0.343949 0.845324 0.350318 0.845324 0.353503 0.841727 0.359873 0.841727 0.363057 0.838129 0.372611 0.838129 0.382166 0.827338
0 0.117834 0.834532 0.127389 0.841727 0.165605 0.841727 0.171975 0.834532 0.165605 0.827338 0.146497 0.827338 0.143312 0.823741 0.140127 0.827338 0.130573 0.823741 0.127389 0.827338 0.124204 0.827338
0 0.576433 0.848921 0.573248 0.845324 0.557325 0.845324 0.554140 0.848921 0.535032 0.848921 0.531847 0.852518 0.525478 0.852518 0.512739 0.859712 0.528662 0.870504 0.544586 0.870504 0.547771 0.866906 0.560510 0.866906 0.566879 0.863309 0.576433 0.852518
0 0.742038 0.877698 0.742038 0.888489 0.745223 0.895683 0.751592 0.902878 0.757962 0.902878 0.761146 0.906475 0.789809 0.899281 0.802548 0.888489 0.802548 0.877698 0.792994 0.866906 0.773885 0.863309 0.770701 0.859712 0.754777 0.863309
0 0.621019 0.870504 0.608280 0.863309 0.582803 0.866906 0.579618 0.870504 0.573248 0.870504 0.557325 0.881295 0.557325 0.892086 0.566879 0.899281 0.592357 0.895683 0.611465 0.884892 0.617834 0.884892
