0 0.282540 0.118280 0.285714 0.121864 0.295238 0.121864 0.298413 0.125448 0.304762 0.125448 0.311111 0.118280 0.307937 0.114695 0.307937 0.111111 0.301587 0.103943 0.292063 0.103943 0.285714 0.111111 0.285714 0.114695
0 0.914286 0.118280 0.914286 0.132616 0.923810 0.143369 0.939683 0.143369 0.949206 0.132616 0.949206 0.129032 0.939683 0.118280
0 0.120635 0.132616 0.123810 0.136201 0.123810 0.139785 0.126984 0.143369 0.142857 0.143369 0.146032 0.139785 0.149206 0.139785 0.152381 0.136201 0.152381 0.129032 0.146032 0.121864 0.130159 0.121864 0.126984 0.125448 0.123810 0.125448 0.123810 0.129032
0 0.453968 0.136201 0.444444 0.125448 0.419048 0.125448 0.412698 0.129032 0.393651 0.150538 0.393651 0.157706 0.396825 0.161290 0.403175 0.161290 0.406349 0.157706 0.428571 0.157706 0.431746 0.154122 0.441270 0.154122 0.453968 0.143369
0 0.596825 0.139785 0.565079 0.136201 0.501587 0.143369 0.473016 0.154122 0.469841 0.164875 0.473016 0.172043 0.488889 0.179211 0.520635 0.179211 0.587302 0.154122
0 0.641270 0.168459 0.619048 0.157706 0.587302 0.161290 0.546032 0.182796 0.542857 0.189964 0.565079 0.200717 0.603175 0.197133 0.638095 0.175627
0 0.273016 0.175627 0.266667 0.168459 0.257143 0.168459 0.253968 0.172043 0.244444 0.172043 0.241270 0.175627 0.238095 0.175627 0.225397 0.189964 0.225397 0.200717 0.228571 0.200717 0.231746 0.204301 0.241270 0.204301 0.244444 0.200717 0.253968 0.200717 0.269841 0.189964 0.269841 0.186380 0.273016 0.182796
0 0.857143 0.200717 0.863492 0.204301 0.873016 0.197133 0.882540 0.200717 0.923810 0.197133 0.926984 0.193548 0.936508 0.193548 0.946032 0.182796 0.946032 0.175627 0.936508 0.172043 0.895238 0.172043 0.885714 0.168459 0.857143 0.193548
0 0.460317 0.179211 0.457143 0.172043 0.409524 0.175627 0.400000 0.182796 0.374603 0.182796 0.361905 0.189964 0.361905 0.193548 0.396825 0.204301 0.403175 0.200717 0.425397 0.200717 0.457143 0.186380
0 0.342857 0.211470 0.336508 0.204301 0.311111 0.200717 0.307937 0.204301 0.295238 0.204301 0.282540 0.211470 0.279365 0.222222 0.295238 0.236559 0.323810 0.236559 0.339683 0.222222
0 0.641270 0.204301 0.638095 0.204301 0.634921 0.200717 0.628571 0.200717 0.625397 0.204301 0.622222 0.204301 0.619048 0.207885 0.615873 0.207885 0.615873 0.211470 0.612698 0.215054 0.612698 0.222222 0.619048 0.229391 0.634921 0.229391 0.641270 0.222222 0.641270 0.218638 0.644444 0.215054 0.644444 0.211470 0.641270 0.207885
0 0.390476 0.229391 0.403175 0.236559 0.419048 0.236559 0.431746 0.229391 0.438095 0.222222 0.441270 0.222222 0.444444 0.218638 0.444444 0.211470 0.441270 0.207885 0.431746 0.207885 0.428571 0.204301 0.403175 0.204301 0.390476 0.211470
0 0.873016 0.222222 0.873016 0.232975 0.885714 0.247312 0.888889 0.247312 0.892063 0.250896 0.901587 0.250896 0.907937 0.243728 0.907937 0.232975 0.904762 0.232975 0.898413 0.225806 0.892063 0.225806 0.888889 0.222222
0 0.565079 0.236559 0.555556 0.229391 0.542857 0.229391 0.533333 0.236559 0.523810 0.236559 0.520635 0.240143 0.514286 0.240143 0.507937 0.243728 0.507937 0.254480 0.511111 0.261649 0.526984 0.261649 0.539683 0.250896 0.561905 0.247312 0.565079 0.243728
0 0.819048 0.240143 0.815873 0.236559 0.800000 0.236559 0.796825 0.240143 0.790476 0.240143 0.787302 0.243728 0.784127 0.243728 0.780952 0.247312 0.780952 0.250896 0.784127 0.250896 0.787302 0.254480 0.815873 0.254480 0.819048 0.250896
0 0.453968 0.254480 0.453968 0.261649 0.476190 0.279570 0.479365 0.279570 0.482540 0.275986 0.488889 0.275986 0.495238 0.268817 0.495238 0.261649 0.479365 0.243728 0.463492 0.243728 0.460317 0.247312 0.457143 0.247312 0.457143 0.250896
0 0.260317 0.265233 0.263492 0.275986 0.288889 0.290323 0.304762 0.290323 0.320635 0.279570 0.326984 0.268817 0.326984 0.261649 0.317460 0.254480 0.307937 0.254480 0.304762 0.250896 0.273016 0.250896 0.266667 0.254480
0 0.892063 0.275986 0.898413 0.283154 0.907937 0.283154 0.911111 0.286738 0.914286 0.286738 0.917460 0.283154 0.926984 0.283154 0.926984 0.279570 0.930159 0.275986 0.923810 0.268817 0.901587 0.268817
0 0.698413 0.293907 0.698413 0.297491 0.701587 0.301075 0.707937 0.301075 0.711111 0.297491 0.733333 0.297491 0.733333 0.290323 0.730159 0.286738 0.730159 0.283154 0.726984 0.283154 0.723810 0.279570 0.704762 0.279570 0.701587 0.283154 0.701587 0.290323
0 0.660317 0.290323 0.650794 0.301075 0.650794 0.311828 0.657143 0.322581 0.666667 0.322581 0.669841 0.318996 0.673016 0.318996 0.679365 0.311828 0.679365 0.301075 0.669841 0.290323
0 0.746032 0.293907 0.746032 0.301075 0.749206 0.304659 0.758730 0.304659 0.765079 0.297491 0.761905 0.293907 0.761905 0.290323 0.752381 0.290323 0.749206 0.293907
0 0.380952 0.293907 0.377778 0.297491 0.377778 0.318996 0.371429 0.329749 0.374603 0.333333 0.374603 0.336918 0.377778 0.336918 0.380952 0.340502 0.396825 0.340502 0.403175 0.333333 0.403175 0.322581 0.400000 0.318996 0.400000 0.301075 0.393651 0.293907
0 0.984127 0.301075 0.971429 0.301075 0.961905 0.311828 0.961905 0.315412 0.955556 0.322581 0.955556 0.326165 0.952381 0.329749 0.952381 0.333333 0.961905 0.333333 0.965079 0.329749 0.968254 0.329749 0.984127 0.311828
0 0.174603 0.304659 0.168254 0.311828 0.168254 0.315412 0.165079 0.318996 0.165079 0.322581 0.171429 0.329749 0.187302 0.329749 0.193651 0.322581 0.193651 0.318996 0.196825 0.315412 0.193651 0.311828 0.193651 0.308244 0.190476 0.304659
0 0.317460 0.308244 0.311111 0.315412 0.311111 0.322581 0.320635 0.333333 0.326984 0.333333 0.330159 0.336918 0.336508 0.336918 0.339683 0.333333 0.339683 0.322581 0.336508 0.318996 0.336508 0.315412 0.326984 0.308244
0 0.584127 0.308244 0.580952 0.311828 0.580952 0.333333 0.584127 0.336918 0.584127 0.344086 0.593651 0.351254 0.600000 0.351254 0.606349 0.344086 0.606349 0.333333 0.603175 0.329749 0.603175 0.322581 0.596825 0.311828 0.593651 0.311828 0.590476 0.308244
0 0.450794 0.315412 0.447619 0.318996 0.444444 0.318996 0.444444 0.322581 0.441270 0.326165 0.441270 0.329749 0.444444 0.333333 0.444444 0.336918 0.447619 0.340502 0.447619 0.344086 0.453968 0.344086 0.457143 0.347670 0.460317 0.347670 0.463492 0.344086 0.466667 0.344086 0.466667 0.340502 0.469841 0.336918 0.469841 0.329749 0.466667 0.326165 0.466667 0.322581 0.460317 0.315412
0 0.241270 0.318996 0.241270 0.333333 0.250794 0.344086 0.263492 0.344086 0.269841 0.336918 0.292063 0.336918 0.292063 0.322581 0.288889 0.318996 0.282540 0.326165 0.260317 0.326165 0.250794 0.318996
0 0.212698 0.322581 0.209524 0.326165 0.209524 0.336918 0.212698 0.340502 0.212698 0.344086 0.215873 0.347670 0.215873 0.351254 0.225397 0.351254 0.228571 0.347670 0.228571 0.333333 0.222222 0.326165 0.222222 0.322581
0 0.698413 0.336918 0.688889 0.347670 0.688889 0.354839 0.695238 0.365591 0.698413 0.365591 0.701587 0.369176 0.707937 0.369176 0.711111 0.365591 0.714286 0.365591 0.714286 0.362007 0.717460 0.358423 0.717460 0.347670 0.711111 0.336918
0 0.860317 0.344086 0.857143 0.347670 0.853968 0.358423 0.866667 0.376344 0.876190 0.376344 0.882540 0.369176 0.882540 0.362007 0.888889 0.351254 0.882540 0.344086
0 0.177778 0.358423 0.177778 0.369176 0.193651 0.369176 0.196825 0.372760 0.203175 0.372760 0.206349 0.376344 0.228571 0.376344 0.231746 0.372760 0.231746 0.365591 0.222222 0.354839 0.206349 0.354839 0.203175 0.358423 0.180952 0.354839
0 0.123810 0.372760 0.117460 0.387097 0.117460 0.401434 0.126984 0.412186 0.139683 0.412186 0.146032 0.419355 0.155556 0.422939 0.177778 0.415771 0.190476 0.394265 0.180952 0.372760 0.174603 0.372760 0.149206 0.358423 0.136508 0.362007
0 0.266667 0.369176 0.260317 0.376344 0.260317 0.379928 0.257143 0.383513 0.257143 0.387097 0.260317 0.390681 0.260317 0.394265 0.266667 0.401434 0.279365 0.401434 0.279365 0.397849 0.282540 0.394265 0.282540 0.387097 0.279365 0.383513 0.279365 0.376344 0.273016 0.369176
0 0.901587 0.390681 0.901587 0.401434 0.904762 0.405018 0.904762 0.408602 0.907937 0.408602 0.911111 0.412186 0.920635 0.412186 0.923810 0.415771 0.933333 0.415771 0.942857 0.408602 0.942857 0.401434 0.939683 0.397849 0.936508 0.397849 0.933333 0.394265 0.930159 0.394265 0.914286 0.383513 0.907937 0.383513
0 0.838095 0.387097 0.825397 0.387097 0.812698 0.405018 0.812698 0.408602 0.803175 0.426523 0.803175 0.430108 0.809524 0.437276 0.828571 0.437276 0.838095 0.426523 0.838095 0.412186 0.841270 0.408602 0.841270 0.394265 0.838095 0.390681
0 0.806349 0.394265 0.803175 0.390681 0.793651 0.390681 0.790476 0.394265 0.774603 0.394265 0.771429 0.397849 0.768254 0.397849 0.758730 0.412186 0.758730 0.422939 0.771429 0.422939 0.777778 0.415771 0.780952 0.415771 0.793651 0.401434 0.800000 0.401434 0.803175 0.397849 0.806349 0.397849
0 0.952381 0.401434 0.961905 0.412186 0.984127 0.412186 0.987302 0.408602 0.980952 0.397849 0.977778 0.397849 0.974603 0.394265 0.968254 0.394265 0.965079 0.390681 0.961905 0.390681 0.958730 0.394265 0.955556 0.394265 0.955556 0.397849
0 0.473016 0.415771 0.473016 0.422939 0.476190 0.426523 0.476190 0.430108 0.482540 0.430108 0.485714 0.433692 0.507937 0.433692 0.523810 0.422939 0.523810 0.415771 0.520635 0.412186 0.520635 0.408602 0.507937 0.397849 0.495238 0.397849 0.492063 0.401434 0.482540 0.405018
0 0.403175 0.408602 0.400000 0.412186 0.400000 0.426523 0.406349 0.433692 0.422222 0.433692 0.425397 0.430108 0.425397 0.422939 0.428571 0.419355 0.428571 0.415771 0.425397 0.412186 0.425397 0.408602 0.422222 0.408602 0.419048 0.405018 0.409524 0.405018 0.406349 0.408602
0 0.869841 0.408602 0.857143 0.408602 0.853968 0.412186 0.850794 0.412186 0.850794 0.415771 0.844444 0.426523 0.844444 0.430108 0.850794 0.440860 0.863492 0.440860 0.873016 0.433692 0.873016 0.430108 0.876190 0.426523 0.876190 0.415771
0 0.269841 0.415771 0.263492 0.422939 0.263492 0.430108 0.266667 0.433692 0.266667 0.437276 0.269841 0.440860 0.282540 0.440860 0.282540 0.437276 0.285714 0.433692 0.282540 0.430108 0.282540 0.426523 0.273016 0.415771
0 0.336508 0.433692 0.339683 0.444444 0.342857 0.444444 0.346032 0.448029 0.371429 0.448029 0.380952 0.440860 0.380952 0.433692 0.377778 0.433692 0.371429 0.426523 0.368254 0.426523 0.365079 0.422939 0.342857 0.422939
0 0.711111 0.422939 0.707937 0.426523 0.707937 0.455197 0.711111 0.458781 0.714286 0.469534 0.726984 0.469534 0.733333 0.458781 0.733333 0.440860 0.730159 0.437276 0.730159 0.433692 0.720635 0.422939
0 0.580952 0.437276 0.580952 0.444444 0.590476 0.455197 0.593651 0.455197 0.596825 0.458781 0.600000 0.458781 0.603175 0.462366 0.609524 0.462366 0.609524 0.451613 0.603175 0.444444 0.600000 0.444444 0.596825 0.440860 0.593651 0.440860 0.590476 0.437276
0 0.628571 0.440860 0.628571 0.451613 0.634921 0.455197 0.657143 0.480287 0.660317 0.498208 0.666667 0.505376 0.673016 0.505376 0.676190 0.494624 0.673016 0.491039 0.673016 0.480287 0.666667 0.473118 0.666667 0.469534 0.663492 0.469534 0.641270 0.440860
0 0.523810 0.458781 0.523810 0.465950 0.530159 0.473118 0.539683 0.473118 0.542857 0.469534 0.549206 0.469534 0.552381 0.465950 0.552381 0.462366 0.546032 0.455197 0.542857 0.455197 0.539683 0.451613 0.530159 0.451613
0 0.406349 0.469534 0.406349 0.483871 0.409524 0.483871 0.412698 0.487455 0.428571 0.487455 0.434921 0.480287 0.434921 0.473118 0.431746 0.469534 0.428571 0.469534 0.425397 0.465950 0.412698 0.465950 0.409524 0.469534
0 0.853968 0.469534 0.841270 0.469534 0.838095 0.473118 0.831746 0.473118 0.831746 0.476703 0.828571 0.480287 0.828571 0.491039 0.831746 0.494624 0.831746 0.505376 0.841270 0.516129 0.844444 0.516129 0.847619 0.512545 0.853968 0.512545 0.860317 0.505376 0.860317 0.494624 0.857143 0.491039 0.857143 0.483871 0.853968 0.480287
0 0.901587 0.469534 0.885714 0.469534 0.882540 0.473118 0.879365 0.473118 0.876190 0.476703 0.873016 0.476703 0.869841 0.480287 0.869841 0.487455 0.876190 0.494624 0.882540 0.494624 0.885714 0.491039 0.888889 0.491039 0.892063 0.487455 0.895238 0.487455 0.901587 0.480287
0 0.301587 0.487455 0.292063 0.480287 0.279365 0.480287 0.276190 0.483871 0.273016 0.483871 0.273016 0.487455 0.269841 0.491039 0.269841 0.501792 0.266667 0.505376 0.266667 0.512545 0.269841 0.516129 0.276190 0.516129 0.279365 0.512545 0.285714 0.512545 0.288889 0.508961 0.298413 0.505376 0.301587 0.501792
0 0.352381 0.480287 0.349206 0.483871 0.349206 0.494624 0.352381 0.498208 0.352381 0.501792 0.365079 0.501792 0.371429 0.494624 0.371429 0.491039 0.368254 0.487455 0.368254 0.480287
0 0.911111 0.498208 0.904762 0.491039 0.901587 0.491039 0.898413 0.494624 0.895238 0.494624 0.892063 0.498208 0.888889 0.498208 0.885714 0.501792 0.885714 0.508961 0.888889 0.512545 0.892063 0.508961 0.898413 0.508961 0.901587 0.505376 0.907937 0.505376 0.907937 0.501792
0 0.949206 0.491039 0.949206 0.501792 0.961905 0.501792 0.965079 0.505376 0.974603 0.505376 0.974603 0.501792 0.968254 0.494624 0.961905 0.494624 0.958730 0.491039
0 0.911111 0.501792 0.911111 0.505376 0.920635 0.516129 0.923810 0.516129 0.926984 0.519713 0.930159 0.516129 0.933333 0.516129 0.933333 0.501792 0.930159 0.498208 0.920635 0.498208 0.917460 0.501792
0 0.584127 0.512545 0.580952 0.508961 0.571429 0.508961 0.568254 0.512545 0.565079 0.512545 0.561905 0.516129 0.558730 0.516129 0.558730 0.519713 0.565079 0.526882 0.571429 0.526882
0 0.971429 0.519713 0.961905 0.530466 0.961905 0.534050 0.965079 0.537634 0.965079 0.541219 0.968254 0.544803 0.977778 0.544803 0.977778 0.526882 0.974603 0.523297 0.974603 0.519713
0 0.463492 0.526882 0.463492 0.530466 0.469841 0.537634 0.473016 0.537634 0.479365 0.544803 0.492063 0.544803 0.492063 0.541219 0.488889 0.537634 0.488889 0.534050 0.479365 0.523297 0.466667 0.523297
0 0.892063 0.541219 0.888889 0.544803 0.888889 0.548387 0.885714 0.551971 0.888889 0.555556 0.888889 0.559140 0.892063 0.562724 0.907937 0.562724 0.911111 0.559140 0.911111 0.548387 0.904762 0.541219
0 0.936508 0.544803 0.930159 0.551971 0.930159 0.555556 0.926984 0.559140 0.930159 0.569892 0.936508 0.577061 0.939683 0.577061 0.942857 0.580645 0.958730 0.580645 0.968254 0.569892 0.968254 0.559140 0.965079 0.555556 0.965079 0.551971 0.961905 0.548387 0.955556 0.548387 0.952381 0.544803
0 0.742857 0.551971 0.739683 0.551971 0.730159 0.562724 0.730159 0.566308 0.726984 0.569892 0.726984 0.584229 0.733333 0.584229 0.736508 0.580645 0.739683 0.584229 0.746032 0.577061 0.746032 0.559140 0.742857 0.555556
0 0.301587 0.566308 0.298413 0.566308 0.295238 0.562724 0.282540 0.562724 0.279365 0.566308 0.269841 0.569892 0.269841 0.573477 0.266667 0.577061 0.266667 0.598566 0.269841 0.602151 0.276190 0.602151 0.279365 0.605735 0.282540 0.605735 0.285714 0.602151 0.292063 0.602151 0.304762 0.587814 0.304762 0.580645 0.307937 0.577061
0 0.368254 0.569892 0.358730 0.577061 0.358730 0.580645 0.355556 0.584229 0.355556 0.587814 0.358730 0.591398 0.358730 0.598566 0.361905 0.602151 0.365079 0.602151 0.368254 0.605735 0.374603 0.605735 0.380952 0.598566 0.380952 0.577061 0.374603 0.569892
0 0.831746 0.594982 0.828571 0.598566 0.822222 0.598566 0.819048 0.602151 0.815873 0.602151 0.815873 0.612903 0.825397 0.623656 0.831746 0.623656 0.834921 0.620072 0.838095 0.620072 0.841270 0.616487 0.841270 0.602151 0.838095 0.598566 0.834921 0.598566
0 0.939683 0.594982 0.930159 0.594982 0.926984 0.598566 0.920635 0.598566 0.914286 0.605735 0.914286 0.612903 0.920635 0.623656 0.923810 0.623656 0.926984 0.627240 0.933333 0.627240 0.942857 0.620072 0.942857 0.602151 0.939683 0.598566
0 0.142857 0.598566 0.139683 0.598566 0.133333 0.605735 0.133333 0.612903 0.126984 0.623656 0.126984 0.627240 0.136508 0.634409 0.142857 0.634409 0.146032 0.630824 0.149206 0.630824 0.155556 0.623656 0.155556 0.612903 0.152381 0.609319 0.152381 0.605735
0 0.866667 0.616487 0.863492 0.620072 0.863492 0.634409 0.869841 0.641577 0.876190 0.641577 0.882540 0.634409 0.882540 0.623656 0.879365 0.620072 0.876190 0.620072 0.873016 0.616487
0 0.339683 0.637993 0.339683 0.641577 0.336508 0.645161 0.336508 0.648746 0.342857 0.655914 0.361905 0.655914 0.365079 0.652330 0.365079 0.645161 0.355556 0.634409 0.346032 0.634409 0.342857 0.637993
0 0.892063 0.641577 0.888889 0.645161 0.888889 0.655914 0.895238 0.663082 0.907937 0.663082 0.914286 0.655914 0.914286 0.645161 0.911111 0.641577 0.904762 0.641577 0.901587 0.637993 0.898413 0.637993 0.895238 0.641577
0 0.949206 0.659498 0.939683 0.659498 0.936508 0.663082 0.933333 0.663082 0.933333 0.666667 0.926984 0.673835 0.926984 0.684588 0.930159 0.684588 0.933333 0.688172 0.946032 0.688172 0.955556 0.677419 0.955556 0.666667
0 0.434921 0.666667 0.434921 0.673835 0.438095 0.677419 0.441270 0.688172 0.444444 0.688172 0.450794 0.695341 0.476190 0.695341 0.482540 0.688172 0.482540 0.677419 0.479365 0.673835 0.473016 0.673835 0.457143 0.663082 0.438095 0.663082
0 0.412698 0.670251 0.412698 0.681004 0.409524 0.684588 0.406349 0.684588 0.406349 0.695341 0.409524 0.698925 0.415873 0.698925 0.419048 0.702509 0.422222 0.702509 0.428571 0.695341 0.428571 0.684588 0.425397 0.681004 0.425397 0.677419 0.419048 0.670251
0 0.619048 0.673835 0.619048 0.684588 0.625397 0.691756 0.628571 0.691756 0.631746 0.695341 0.647619 0.695341 0.653968 0.684588 0.653968 0.681004 0.650794 0.677419 0.650794 0.673835 0.647619 0.673835 0.644444 0.670251 0.622222 0.670251
0 0.860317 0.677419 0.860317 0.688172 0.863492 0.691756 0.863492 0.695341 0.879365 0.709677 0.898413 0.709677 0.904762 0.702509 0.904762 0.695341 0.898413 0.688172 0.898413 0.684588 0.888889 0.681004 0.882540 0.673835 0.866667 0.673835 0.863492 0.677419
0 0.971429 0.677419 0.968254 0.681004 0.968254 0.688172 0.965079 0.691756 0.965079 0.716846 0.968254 0.716846 0.974603 0.724014 0.980952 0.724014 0.984127 0.720430 0.987302 0.720430 0.993651 0.713262 0.993651 0.698925 0.990476 0.695341 0.990476 0.691756 0.977778 0.677419
0 0.104762 0.695341 0.104762 0.698925 0.101587 0.702509 0.104762 0.706093 0.104762 0.709677 0.107937 0.709677 0.117460 0.716846 0.126984 0.716846 0.130159 0.720430 0.136508 0.720430 0.142857 0.713262 0.142857 0.709677 0.139683 0.706093 0.139683 0.702509 0.133333 0.695341 0.133333 0.691756 0.130159 0.691756 0.120635 0.684588 0.111111 0.688172
0 0.819048 0.706093 0.822222 0.724014 0.831746 0.741935 0.838095 0.741935 0.841270 0.745520 0.844444 0.745520 0.853968 0.734767 0.857143 0.734767 0.857143 0.731183 0.860317 0.727599 0.857143 0.724014 0.857143 0.716846 0.844444 0.702509 0.825397 0.702509 0.822222 0.706093
0 0.304762 0.713262 0.301587 0.709677 0.298413 0.709677 0.295238 0.713262 0.288889 0.713262 0.279365 0.724014 0.279365 0.727599 0.295238 0.727599 0.298413 0.724014 0.301587 0.724014 0.301587 0.720430 0.304762 0.716846
0 0.695238 0.716846 0.695238 0.727599 0.704762 0.738351 0.714286 0.738351 0.717460 0.734767 0.723810 0.734767 0.733333 0.727599 0.733333 0.720430 0.726984 0.713262 0.720635 0.713262 0.717460 0.709677 0.701587 0.709677
0 0.911111 0.720430 0.907937 0.724014 0.907937 0.738351 0.914286 0.745520 0.930159 0.745520 0.936508 0.734767 0.936508 0.727599 0.930159 0.720430 0.926984 0.720430 0.923810 0.716846 0.917460 0.716846 0.914286 0.720430
0 0.552381 0.720430 0.552381 0.724014 0.549206 0.727599 0.549206 0.738351 0.546032 0.741935 0.549206 0.745520 0.555556 0.745520 0.558730 0.741935 0.565079 0.741935 0.568254 0.738351 0.568254 0.724014 0.565079 0.720430
0 0.596825 0.724014 0.590476 0.724014 0.584127 0.734767 0.584127 0.759857 0.593651 0.767025 0.596825 0.763441 0.606349 0.759857 0.612698 0.749104 0.612698 0.741935 0.609524 0.738351 0.609524 0.734767 0.603175 0.727599 0.600000 0.727599
0 0.660317 0.727599 0.660317 0.731183 0.663492 0.734767 0.663492 0.738351 0.666667 0.738351 0.673016 0.745520 0.673016 0.749104 0.685714 0.749104 0.685714 0.745520 0.679365 0.738351 0.679365 0.734767 0.676190 0.731183 0.676190 0.727599 0.673016 0.724014 0.663492 0.724014
0 0.104762 0.734767 0.104762 0.749104 0.111111 0.756272 0.123810 0.756272 0.126984 0.752688 0.126984 0.741935 0.120635 0.734767 0.117460 0.734767 0.114286 0.731183 0.111111 0.731183 0.107937 0.734767
0 0.276190 0.731183 0.269841 0.731183 0.266667 0.734767 0.263492 0.734767 0.260317 0.738351 0.260317 0.749104 0.269841 0.749104 0.273016 0.745520 0.273016 0.741935 0.276190 0.738351
0 0.885714 0.734767 0.876190 0.734767 0.873016 0.738351 0.866667 0.738351 0.863492 0.741935 0.863492 0.749104 0.879365 0.767025 0.879365 0.770609 0.882540 0.767025 0.888889 0.767025 0.895238 0.759857 0.895238 0.741935
0 0.247619 0.738351 0.244444 0.738351 0.241270 0.741935 0.234921 0.741935 0.228571 0.749104 0.228571 0.752688 0.225397 0.756272 0.225397 0.767025 0.231746 0.777778 0.238095 0.777778 0.241270 0.774194 0.244444 0.774194 0.250794 0.763441 0.250794 0.741935
0 0.209524 0.745520 0.203175 0.745520 0.200000 0.749104 0.196825 0.749104 0.196825 0.756272 0.193651 0.759857 0.193651 0.767025 0.190476 0.770609 0.190476 0.777778 0.187302 0.781362 0.193651 0.792115 0.203175 0.792115 0.212698 0.781362 0.212698 0.777778 0.215873 0.774194 0.215873 0.763441 0.219048 0.759857 0.215873 0.756272 0.215873 0.752688
0 0.146032 0.756272 0.146032 0.763441 0.152381 0.763441 0.155556 0.767025 0.165079 0.767025 0.168254 0.763441 0.168254 0.759857 0.165079 0.756272 0.155556 0.756272 0.152381 0.752688 0.149206 0.752688
0 0.850794 0.756272 0.850794 0.759857 0.844444 0.770609 0.850794 0.777778 0.857143 0.777778 0.860317 0.781362 0.869841 0.781362 0.876190 0.774194 0.876190 0.767025 0.863492 0.752688 0.860317 0.752688 0.857143 0.756272
0 0.520635 0.763441 0.517460 0.759857 0.514286 0.759857 0.511111 0.763441 0.501587 0.763441 0.498413 0.767025 0.495238 0.767025 0.492063 0.770609 0.488889 0.770609 0.485714 0.774194 0.485714 0.777778 0.495238 0.777778 0.501587 0.770609 0.517460 0.770609 0.520635 0.767025
0 0.796825 0.759857 0.790476 0.767025 0.790476 0.777778 0.793651 0.781362 0.796825 0.781362 0.800000 0.784946 0.809524 0.784946 0.812698 0.781362 0.812698 0.767025 0.809524 0.767025 0.806349 0.763441 0.800000 0.763441
0 0.625397 0.763441 0.615873 0.763441 0.612698 0.767025 0.609524 0.767025 0.606349 0.770609 0.606349 0.774194 0.603175 0.777778 0.603175 0.788530 0.606349 0.792115 0.615873 0.792115 0.625397 0.781362 0.625397 0.777778 0.628571 0.774194 0.628571 0.767025
0 0.736508 0.767025 0.726984 0.767025 0.717460 0.777778 0.717460 0.781362 0.714286 0.784946 0.714286 0.792115 0.711111 0.795699 0.714286 0.806452 0.723810 0.810036 0.733333 0.802867 0.733333 0.799283 0.736508 0.795699
0 0.831746 0.774194 0.828571 0.777778 0.828571 0.784946 0.831746 0.788530 0.831746 0.792115 0.834921 0.795699 0.834921 0.799283 0.841270 0.806452 0.850794 0.806452 0.853968 0.802867 0.853968 0.792115 0.850794 0.788530 0.850794 0.781362 0.844444 0.774194 0.841270 0.774194 0.838095 0.770609 0.834921 0.774194
0 0.993651 0.792115 0.987302 0.784946 0.977778 0.784946 0.974603 0.788530 0.971429 0.788530 0.965079 0.795699 0.965079 0.806452 0.968254 0.810036 0.977778 0.810036 0.980952 0.806452 0.984127 0.806452 0.987302 0.802867 0.990476 0.802867 0.993651 0.799283
0 0.266667 0.788530 0.257143 0.788530 0.253968 0.792115 0.253968 0.799283 0.250794 0.802867 0.250794 0.831541 0.253968 0.835125 0.257143 0.835125 0.263492 0.827957 0.263492 0.824373 0.273016 0.813620 0.273016 0.795699
0 0.920635 0.788530 0.914286 0.795699 0.914286 0.802867 0.917460 0.806452 0.917460 0.810036 0.923810 0.817204 0.930159 0.817204 0.933333 0.813620 0.936508 0.813620 0.942857 0.802867 0.942857 0.792115 0.939683 0.792115 0.936508 0.788530
0 0.660317 0.813620 0.660317 0.827957 0.663492 0.831541 0.685714 0.831541 0.688889 0.827957 0.704762 0.824373 0.704762 0.813620 0.701587 0.810036 0.701587 0.806452 0.698413 0.806452 0.695238 0.802867 0.673016 0.802867 0.669841 0.806452 0.663492 0.806452 0.663492 0.810036
0 0.809524 0.806452 0.806349 0.810036 0.806349 0.824373 0.819048 0.824373 0.819048 0.820789 0.822222 0.817204 0.819048 0.813620 0.819048 0.810036 0.815873 0.810036 0.812698 0.806452
0 0.860317 0.817204 0.857143 0.820789 0.853968 0.820789 0.847619 0.831541 0.850794 0.835125 0.850794 0.842294 0.860317 0.853047 0.869841 0.853047 0.876190 0.845878 0.876190 0.835125 0.879365 0.831541 0.879365 0.827957 0.873016 0.817204
0 0.790476 0.824373 0.784127 0.831541 0.784127 0.849462 0.790476 0.860215 0.796825 0.860215 0.806349 0.849462 0.806349 0.845878 0.809524 0.842294 0.809524 0.838710 0.803175 0.831541 0.803175 0.827957 0.796825 0.827957 0.793651 0.824373
0 0.165079 0.831541 0.158730 0.838710 0.158730 0.842294 0.155556 0.845878 0.155556 0.863799 0.158730 0.867384 0.158730 0.874552 0.165079 0.881720 0.171429 0.881720 0.180952 0.874552 0.180952 0.870968 0.184127 0.867384 0.184127 0.853047 0.180952 0.849462 0.180952 0.842294 0.171429 0.831541
0 0.828571 0.831541 0.825397 0.835125 0.825397 0.856631 0.828571 0.860215 0.831746 0.860215 0.834921 0.863799 0.838095 0.863799 0.841270 0.860215 0.841270 0.856631 0.844444 0.853047 0.844444 0.845878 0.841270 0.842294 0.841270 0.838710 0.838095 0.835125 0.838095 0.831541
0 0.917460 0.849462 0.907937 0.849462 0.904762 0.853047 0.904762 0.867384 0.907937 0.870968 0.911111 0.870968 0.920635 0.860215 0.920635 0.853047
0 0.663492 0.856631 0.660317 0.860215 0.660317 0.867384 0.657143 0.870968 0.657143 0.878136 0.653968 0.881720 0.657143 0.885305 0.657143 0.888889 0.660317 0.892473 0.660317 0.896057 0.673016 0.896057 0.679365 0.888889 0.679365 0.878136 0.676190 0.874552 0.676190 0.870968 0.673016 0.867384 0.673016 0.863799
0 0.288889 0.867384 0.285714 0.863799 0.282540 0.863799 0.266667 0.874552 0.257143 0.874552 0.253968 0.878136 0.250794 0.878136 0.247619 0.881720 0.247619 0.892473 0.250794 0.896057 0.263492 0.896057 0.269841 0.888889 0.273016 0.888889 0.288889 0.870968
0 0.920635 0.863799 0.914286 0.870968 0.914286 0.885305 0.920635 0.892473 0.930159 0.892473 0.939683 0.881720 0.939683 0.874552 0.936508 0.870968 0.933333 0.870968 0.930159 0.867384 0.926984 0.867384 0.923810 0.863799
0 0.546032 0.896057 0.546032 0.903226 0.549206 0.906810 0.549206 0.910394 0.558730 0.917563 0.574603 0.917563 0.577778 0.913978 0.580952 0.913978 0.584127 0.910394 0.590476 0.910394 0.593651 0.906810 0.593651 0.903226 0.584127 0.903226 0.571429 0.888889 0.565079 0.888889 0.561905 0.885305 0.552381 0.885305
0 0.644444 0.892473 0.638095 0.885305 0.625397 0.885305 0.615873 0.896057 0.615873 0.899642 0.612698 0.903226 0.612698 0.910394 0.615873 0.913978 0.625397 0.913978 0.628571 0.910394 0.634921 0.910394 0.644444 0.903226
0 0.457143 0.906810 0.457143 0.913978 0.460317 0.917563 0.460317 0.921147 0.463492 0.921147 0.466667 0.924731 0.473016 0.924731 0.476190 0.928315 0.498413 0.928315 0.498413 0.921147 0.488889 0.910394 0.485714 0.910394 0.476190 0.903226 0.460317 0.903226
0 0.987302 0.906810 0.980952 0.913978 0.977778 0.913978 0.977778 0.928315 0.980952 0.931900 0.984127 0.931900 0.987302 0.935484 0.993651 0.935484 0.993651 0.924731 0.987302 0.924731 0.984127 0.921147 0.993651 0.910394 0.993651 0.906810
0 0.238095 0.910394 0.234921 0.913978 0.234921 0.917563 0.225397 0.928315 0.225397 0.939068 0.234921 0.949821 0.244444 0.949821 0.253968 0.939068 0.253968 0.935484 0.257143 0.931900 0.257143 0.924731 0.253968 0.921147 0.253968 0.917563 0.247619 0.910394
0 0.892063 0.921147 0.888889 0.931900 0.892063 0.935484 0.892063 0.939068 0.898413 0.946237 0.901587 0.946237 0.911111 0.953405 0.920635 0.953405 0.926984 0.946237 0.926984 0.931900 0.920635 0.921147 0.917460 0.921147 0.914286 0.917563 0.898413 0.917563 0.895238 0.921147
0 0.400000 0.921147 0.396825 0.924731 0.393651 0.924731 0.393651 0.928315 0.390476 0.931900 0.390476 0.949821 0.396825 0.956989 0.396825 0.960573 0.412698 0.960573 0.422222 0.949821 0.422222 0.935484 0.412698 0.924731 0.409524 0.924731 0.406349 0.921147
0 0.869841 0.921147 0.863492 0.921147 0.857143 0.928315 0.853968 0.928315 0.850794 0.931900 0.850794 0.942652 0.853968 0.946237 0.857143 0.946237 0.860317 0.949821 0.863492 0.946237 0.869841 0.946237 0.876190 0.939068 0.876190 0.928315
0 0.520635 0.942652 0.514286 0.949821 0.514286 0.960573 0.520635 0.967742 0.533333 0.967742 0.536508 0.964158 0.536508 0.960573 0.539683 0.956989 0.539683 0.946237 0.533333 0.946237 0.530159 0.942652
0 0.717460 0.946237 0.714286 0.946237 0.711111 0.942652 0.701587 0.942652 0.698413 0.946237 0.688889 0.946237 0.685714 0.949821 0.679365 0.949821 0.666667 0.964158 0.666667 0.974910 0.669841 0.978495 0.698413 0.978495 0.701587 0.974910 0.704762 0.974910 0.717460 0.960573
0 0.387302 0.949821 0.384127 0.949821 0.380952 0.953405 0.374603 0.953405 0.368254 0.960573 0.368254 0.964158 0.365079 0.967742 0.365079 0.978495 0.371429 0.989247 0.377778 0.989247 0.390476 0.974910 0.390476 0.971326 0.393651 0.967742 0.393651 0.956989
0 0.965079 0.949821 0.961905 0.953405 0.961905 0.971326 0.965079 0.971326 0.971429 0.978495 0.974603 0.978495 0.977778 0.982079 0.990476 0.982079 0.993651 0.978495 0.993651 0.964158 0.984127 0.953405 0.980952 0.953405 0.977778 0.949821
0 0.485714 0.956989 0.473016 0.956989 0.460317 0.971326 0.460317 0.974910 0.453968 0.985663 0.453968 0.992832 0.460317 0.992832 0.463492 0.996416 0.473016 0.996416 0.476190 0.992832 0.482540 0.992832 0.482540 0.989247 0.485714 0.985663 0.485714 0.978495 0.488889 0.974910 0.488889 0.964158 0.485714 0.960573
0 0.288889 0.967742 0.273016 0.967742 0.269841 0.971326 0.266667 0.971326 0.263492 0.974910 0.263492 0.978495 0.260317 0.982079 0.260317 0.989247 0.273016 0.989247 0.279365 0.982079 0.282540 0.982079 0.282540 0.978495 0.288889 0.971326
0 0.746032 0.978495 0.746032 0.989247 0.749206 0.992832 0.758730 0.992832 0.761905 0.996416 0.787302 0.996416 0.790476 0.992832 0.787302 0.982079 0.780952 0.974910 0.777778 0.974910 0.768254 0.967742 0.752381 0.967742
0 0.619048 0.978495 0.615873 0.978495 0.612698 0.974910 0.606349 0.974910 0.603175 0.978495 0.600000 0.978495 0.596825 0.982079 0.590476 0.982079 0.587302 0.985663 0.587302 0.992832 0.615873 0.992832 0.619048 0.989247
0 0.161905 0.989247 0.155556 0.982079 0.152381 0.985663 0.146032 0.985663 0.142857 0.989247 0.139683 0.989247 0.139683 0.992832 0.158730 0.992832
0 0.422222 0.985663 0.419048 0.982079 0.415873 0.985663 0.403175 0.985663 0.400000 0.989247 0.393651 0.989247 0.393651 0.992832 0.419048 0.992832 0.422222 0.989247
