0 0.117834 0.100358 0.105096 0.086022 0.085987 0.082437 0.050955 0.121864 0.041401 0.125448 0.041401 0.129032 0.057325 0.146953 0.085987 0.139785 0.089172 0.136201 0.098726 0.136201 0.105096 0.132616 0.117834 0.114695
0 0.146497 0.107527 0.149682 0.150538 0.168790 0.179211 0.191083 0.186380 0.226115 0.186380 0.254777 0.172043 0.257962 0.164875 0.251592 0.136201 0.235669 0.118280 0.207006 0.103943 0.159236 0.096774
0 0.757962 0.096774 0.754777 0.100358 0.757962 0.103943 0.757962 0.121864 0.770701 0.154122 0.789809 0.175627 0.805732 0.186380 0.831210 0.189964 0.824841 0.161290 0.789809 0.111111 0.773885 0.096774
0 0.866242 0.114695 0.856688 0.118280 0.843949 0.139785 0.843949 0.175627 0.850318 0.186380 0.853503 0.204301 0.863057 0.204301 0.878981 0.189964 0.882166 0.179211 0.882166 0.164875 0.872611 0.146953
0 0.331210 0.139785 0.324841 0.132616 0.321656 0.132616 0.318471 0.129032 0.308917 0.129032 0.305732 0.132616 0.302548 0.132616 0.296178 0.139785 0.292994 0.139785 0.286624 0.146953 0.286624 0.154122 0.292994 0.154122 0.296178 0.157706 0.302548 0.157706 0.305732 0.154122 0.321656 0.154122 0.331210 0.146953
0 0.054140 0.157706 0.054140 0.168459 0.073248 0.179211 0.114650 0.182796 0.140127 0.189964 0.152866 0.182796 0.152866 0.172043 0.146497 0.161290 0.124204 0.139785 0.101911 0.136201 0.057325 0.150538
0 0.563694 0.164875 0.560510 0.186380 0.598726 0.218638 0.630573 0.222222 0.636943 0.211470 0.633758 0.182796 0.617834 0.154122 0.611465 0.150538 0.592357 0.150538
0 0.630573 0.225806 0.640127 0.236559 0.662420 0.247312 0.684713 0.247312 0.697452 0.232975 0.697452 0.222222 0.694268 0.215054 0.678344 0.197133 0.662420 0.197133 0.646497 0.204301 0.646497 0.207885 0.640127 0.211470 0.640127 0.215054 0.633758 0.218638
0 0.786624 0.240143 0.777070 0.258065 0.777070 0.279570 0.789809 0.290323 0.818471 0.290323 0.831210 0.279570 0.834395 0.272401 0.834395 0.254480 0.824841 0.240143 0.812102 0.232975 0.799363 0.232975
0 0.509554 0.240143 0.506369 0.243728 0.506369 0.247312 0.522293 0.272401 0.531847 0.272401 0.544586 0.258065 0.544586 0.250896 0.541401 0.247312 0.541401 0.243728 0.538217 0.243728 0.531847 0.236559 0.515924 0.236559 0.512739 0.240143
0 0.047771 0.250896 0.041401 0.243728 0.025478 0.243728 0.022293 0.247312 0.006369 0.254480 0.003185 0.258065 0.003185 0.279570 0.006369 0.283154 0.009554 0.279570 0.019108 0.279570 0.022293 0.275986 0.028662 0.275986 0.031847 0.272401 0.038217 0.272401 0.041401 0.268817 0.044586 0.268817 0.047771 0.265233
0 0.471338 0.250896 0.455414 0.250896 0.449045 0.254480 0.436306 0.268817 0.433121 0.275986 0.436306 0.283154 0.455414 0.293907 0.474522 0.286738 0.480892 0.279570 0.484076 0.268817 0.480892 0.261649
0 0.388535 0.268817 0.388535 0.275986 0.398089 0.286738 0.398089 0.304659 0.401274 0.308244 0.414013 0.308244 0.423567 0.301075 0.423567 0.283154 0.417197 0.275986 0.414013 0.275986 0.410828 0.272401 0.404459 0.272401 0.401274 0.268817
0 0.738854 0.275986 0.732484 0.268817 0.719745 0.268817 0.716561 0.272401 0.707006 0.272401 0.691083 0.283154 0.675159 0.301075 0.668790 0.315412 0.668790 0.329749 0.675159 0.336918 0.684713 0.336918 0.687898 0.340502 0.703822 0.340502 0.719745 0.333333 0.742038 0.304659
0 0.050955 0.304659 0.038217 0.293907 0.022293 0.293907 0.019108 0.297491 0.006369 0.301075 0.003185 0.304659 0.003185 0.326165 0.000000 0.329749 0.000000 0.340502 0.006369 0.347670 0.025478 0.344086 0.035032 0.333333 0.038217 0.333333 0.050955 0.315412
0 0.837580 0.340502 0.828025 0.326165 0.815287 0.326165 0.812102 0.329749 0.777070 0.329749 0.748408 0.347670 0.757962 0.354839 0.770701 0.354839 0.792994 0.365591 0.815287 0.365591 0.831210 0.358423 0.837580 0.347670
0 0.538217 0.351254 0.538217 0.354839 0.544586 0.362007 0.554140 0.362007 0.557325 0.358423 0.560510 0.358423 0.563694 0.354839 0.566879 0.354839 0.566879 0.347670 0.563694 0.347670 0.557325 0.340502 0.547771 0.340502 0.544586 0.344086 0.541401 0.344086 0.541401 0.347670
0 0.184713 0.347670 0.181529 0.344086 0.175159 0.344086 0.171975 0.347670 0.171975 0.351254 0.168790 0.354839 0.168790 0.358423 0.165605 0.362007 0.165605 0.365591 0.175159 0.365591 0.178344 0.362007 0.178344 0.358423 0.181529 0.354839 0.181529 0.351254
0 0.245223 0.347670 0.238854 0.344086 0.226115 0.344086 0.219745 0.347670 0.194268 0.379928 0.191083 0.387097 0.191083 0.397849 0.197452 0.405018 0.213376 0.405018 0.219745 0.401434 0.245223 0.365591
0 0.471338 0.362007 0.458599 0.351254 0.445860 0.351254 0.442675 0.354839 0.439490 0.354839 0.426752 0.369176 0.426752 0.383513 0.436306 0.387097 0.439490 0.383513 0.455414 0.383513 0.458599 0.379928 0.464968 0.379928 0.471338 0.372760
0 0.009554 0.383513 0.006369 0.397849 0.012739 0.412186 0.035032 0.433692 0.047771 0.437276 0.076433 0.462366 0.089172 0.462366 0.098726 0.451613 0.101911 0.426523 0.092357 0.405018 0.057325 0.376344 0.038217 0.372760 0.019108 0.376344
0 0.646497 0.379928 0.640127 0.379928 0.636943 0.376344 0.633758 0.379928 0.630573 0.379928 0.617834 0.394265 0.611465 0.415771 0.621019 0.430108 0.633758 0.430108 0.636943 0.426523 0.640127 0.426523 0.649682 0.415771 0.649682 0.387097 0.646497 0.383513
0 0.124204 0.390681 0.121019 0.394265 0.114650 0.394265 0.111465 0.397849 0.111465 0.405018 0.108280 0.408602 0.108280 0.415771 0.111465 0.419355 0.111465 0.430108 0.117834 0.437276 0.124204 0.437276 0.136943 0.422939 0.136943 0.405018 0.133758 0.401434 0.133758 0.397849
0 0.722930 0.397849 0.710191 0.397849 0.703822 0.405018 0.700637 0.405018 0.691083 0.415771 0.691083 0.430108 0.707006 0.440860 0.710191 0.440860 0.713376 0.437276 0.719745 0.437276 0.726115 0.430108 0.726115 0.422939 0.729299 0.419355 0.729299 0.408602
0 0.273885 0.440860 0.267516 0.426523 0.245223 0.405018 0.197452 0.408602 0.165605 0.437276 0.149682 0.480287 0.159236 0.491039 0.245223 0.476703 0.270701 0.462366
0 0.515924 0.408602 0.512739 0.412186 0.509554 0.412186 0.493631 0.433692 0.493631 0.451613 0.506369 0.462366 0.512739 0.462366 0.515924 0.458781 0.519108 0.458781 0.519108 0.451613 0.522293 0.448029 0.522293 0.412186 0.519108 0.412186
0 0.585987 0.433692 0.576433 0.433692 0.570064 0.440860 0.563694 0.455197 0.563694 0.462366 0.547771 0.487455 0.547771 0.501792 0.554140 0.505376 0.566879 0.501792 0.582803 0.487455 0.595541 0.462366 0.595541 0.440860
0 0.869427 0.437276 0.859873 0.458781 0.863057 0.483871 0.869427 0.494624 0.869427 0.501792 0.875796 0.508961 0.898089 0.508961 0.904459 0.505376 0.910828 0.494624 0.910828 0.476703 0.901274 0.455197 0.882166 0.437276
0 0.840764 0.444444 0.828025 0.444444 0.802548 0.476703 0.805732 0.498208 0.815287 0.512545 0.815287 0.537634 0.818471 0.534050 0.837580 0.534050 0.847134 0.526882 0.850318 0.483871 0.847134 0.480287 0.847134 0.451613
0 0.296178 0.505376 0.273885 0.508961 0.242038 0.541219 0.238854 0.548387 0.245223 0.559140 0.248408 0.577061 0.261146 0.587814 0.280255 0.584229 0.305732 0.555556 0.305732 0.516129
0 0.560510 0.541219 0.557325 0.548387 0.560510 0.562724 0.585987 0.594982 0.605096 0.602151 0.621019 0.594982 0.627389 0.587814 0.630573 0.559140 0.624204 0.544803 0.598726 0.530466 0.573248 0.530466
0 0.248408 0.580645 0.238854 0.551971 0.222930 0.544803 0.191083 0.548387 0.162420 0.566308 0.162420 0.584229 0.171975 0.594982 0.197452 0.605735 0.232484 0.602151 0.242038 0.594982
0 0.372611 0.544803 0.369427 0.548387 0.369427 0.562724 0.372611 0.566308 0.372611 0.569892 0.382166 0.580645 0.398089 0.580645 0.398089 0.577061 0.401274 0.573477 0.401274 0.559140 0.391720 0.548387 0.385350 0.548387 0.382166 0.544803
0 0.471338 0.548387 0.461783 0.555556 0.461783 0.562724 0.464968 0.566308 0.464968 0.577061 0.468153 0.580645 0.471338 0.591398 0.477707 0.598566 0.480892 0.598566 0.480892 0.594982 0.484076 0.591398 0.484076 0.584229 0.487261 0.580645 0.490446 0.569892 0.496815 0.562724 0.496815 0.559140 0.490446 0.551971 0.480892 0.551971 0.477707 0.548387
0 0.433121 0.551971 0.429936 0.555556 0.426752 0.555556 0.417197 0.569892 0.417197 0.594982 0.429936 0.609319 0.439490 0.609319 0.445860 0.602151 0.445860 0.562724 0.442675 0.559140 0.442675 0.551971
0 0.732484 0.584229 0.722930 0.594982 0.722930 0.616487 0.732484 0.623656 0.751592 0.623656 0.754777 0.620072 0.754777 0.612903 0.757962 0.609319 0.757962 0.598566 0.754777 0.594982 0.754777 0.587814 0.751592 0.584229
0 0.184713 0.655914 0.171975 0.645161 0.149682 0.645161 0.143312 0.648746 0.124204 0.670251 0.124204 0.681004 0.136943 0.698925 0.156051 0.698925 0.184713 0.670251
0 0.617834 0.648746 0.592357 0.648746 0.589172 0.652330 0.579618 0.652330 0.566879 0.659498 0.557325 0.670251 0.557325 0.681004 0.563694 0.688172 0.585987 0.688172 0.617834 0.659498
0 0.656051 0.659498 0.649682 0.655914 0.640127 0.655914 0.633758 0.659498 0.624204 0.670251 0.624204 0.673835 0.611465 0.691756 0.608280 0.702509 0.621019 0.709677 0.624204 0.706093 0.636943 0.702509 0.659236 0.677419 0.659236 0.666667
0 0.484076 0.666667 0.474522 0.677419 0.474522 0.691756 0.480892 0.702509 0.500000 0.702509 0.506369 0.695341 0.506369 0.691756 0.509554 0.688172 0.509554 0.681004 0.503185 0.673835 0.503185 0.670251 0.500000 0.670251 0.496815 0.666667
0 0.070064 0.688172 0.066879 0.691756 0.063694 0.709677 0.082803 0.727599 0.085987 0.741935 0.089172 0.745520 0.101911 0.745520 0.108280 0.741935 0.114650 0.734767 0.114650 0.727599 0.117834 0.724014 0.117834 0.706093 0.114650 0.698925 0.098726 0.688172
0 0.238854 0.688172 0.226115 0.688172 0.219745 0.698925 0.219745 0.741935 0.222930 0.749104 0.229299 0.752688 0.238854 0.749104 0.245223 0.741935 0.245223 0.734767 0.248408 0.731183 0.248408 0.706093 0.245223 0.702509 0.245223 0.695341
0 0.691083 0.709677 0.681529 0.702509 0.675159 0.702509 0.671975 0.706093 0.668790 0.706093 0.665605 0.709677 0.662420 0.709677 0.659236 0.713262 0.659236 0.720430 0.656051 0.724014 0.659236 0.727599 0.671975 0.727599 0.675159 0.724014 0.678344 0.724014 0.681529 0.720430 0.684713 0.720430 0.691083 0.713262
0 0.751592 0.709677 0.742038 0.709677 0.738854 0.713262 0.735669 0.713262 0.729299 0.720430 0.729299 0.727599 0.732484 0.731183 0.745223 0.731183 0.751592 0.724014 0.751592 0.720430 0.754777 0.716846 0.751592 0.713262
0 0.394904 0.713262 0.382166 0.713262 0.378981 0.716846 0.375796 0.716846 0.363057 0.731183 0.366242 0.734767 0.366242 0.759857 0.375796 0.759857 0.382166 0.752688 0.385350 0.752688 0.398089 0.738351 0.398089 0.716846
0 0.796178 0.727599 0.796178 0.738351 0.802548 0.745520 0.805732 0.745520 0.818471 0.759857 0.821656 0.759857 0.824841 0.763441 0.834395 0.756272 0.831210 0.745520 0.828025 0.741935 0.824841 0.741935 0.812102 0.727599 0.812102 0.724014 0.808917 0.724014 0.805732 0.720430
0 0.359873 0.727599 0.350318 0.727599 0.331210 0.741935 0.328025 0.756272 0.324841 0.759857 0.324841 0.770609 0.321656 0.774194 0.321656 0.781362 0.324841 0.784946 0.331210 0.784946 0.340764 0.777778 0.347134 0.777778 0.363057 0.759857 0.363057 0.734767
0 0.331210 0.738351 0.318471 0.734767 0.315287 0.738351 0.305732 0.738351 0.292994 0.749104 0.289809 0.763441 0.286624 0.767025 0.286624 0.784946 0.289809 0.792115 0.302548 0.792115 0.312102 0.781362 0.318471 0.781362 0.321656 0.759857
0 0.780255 0.738351 0.777070 0.734767 0.773885 0.738351 0.767516 0.738351 0.764331 0.741935 0.761146 0.741935 0.761146 0.745520 0.754777 0.752688 0.754777 0.759857 0.761146 0.759857 0.764331 0.756272 0.767516 0.756272 0.780255 0.741935
0 0.872611 0.738351 0.866242 0.738351 0.850318 0.756272 0.853503 0.759857 0.856688 0.759857 0.859873 0.756272 0.863057 0.756272 0.869427 0.749104 0.869427 0.741935
0 0.484076 0.770609 0.487261 0.774194 0.506369 0.774194 0.509554 0.770609 0.515924 0.770609 0.519108 0.767025 0.519108 0.756272 0.515924 0.752688 0.496815 0.752688 0.490446 0.759857 0.487261 0.759857 0.487261 0.763441 0.484076 0.767025
0 0.608280 0.752688 0.598726 0.752688 0.595541 0.756272 0.592357 0.752688 0.589172 0.756272 0.570064 0.756272 0.560510 0.763441 0.560510 0.770609 0.570064 0.777778 0.595541 0.777778 0.608280 0.763441
0 0.888535 0.763441 0.885350 0.759857 0.878981 0.759857 0.875796 0.763441 0.872611 0.763441 0.866242 0.770609 0.866242 0.777778 0.869427 0.781362 0.875796 0.781362 0.878981 0.777778 0.882166 0.777778 0.888535 0.770609
0 0.789809 0.763441 0.780255 0.763441 0.773885 0.770609 0.770701 0.770609 0.761146 0.781362 0.761146 0.788530 0.767516 0.788530 0.773885 0.781362 0.773885 0.777778 0.780255 0.770609 0.786624 0.770609 0.789809 0.767025
0 0.735669 0.767025 0.729299 0.767025 0.722930 0.774194 0.719745 0.770609 0.716561 0.774194 0.716561 0.777778 0.710191 0.784946 0.710191 0.788530 0.716561 0.788530 0.719745 0.792115 0.722930 0.788530 0.729299 0.788530 0.732484 0.784946 0.735669 0.784946 0.738854 0.781362 0.738854 0.774194 0.735669 0.770609
0 0.792994 0.777778 0.792994 0.781362 0.789809 0.784946 0.789809 0.792115 0.796178 0.799283 0.808917 0.799283 0.812102 0.795699 0.812102 0.788530 0.808917 0.784946 0.808917 0.781362 0.805732 0.777778 0.802548 0.777778 0.799363 0.774194 0.796178 0.777778
0 0.108280 0.777778 0.089172 0.777778 0.085987 0.781362 0.079618 0.781362 0.070064 0.792115 0.070064 0.795699 0.066879 0.799283 0.066879 0.810036 0.070064 0.813620 0.070064 0.817204 0.073248 0.820789 0.089172 0.820789 0.098726 0.810036 0.101911 0.799283 0.108280 0.792115 0.111465 0.792115 0.111465 0.788530 0.108280 0.784946
0 0.847134 0.777778 0.834395 0.777778 0.831210 0.781362 0.828025 0.781362 0.824841 0.784946 0.824841 0.792115 0.828025 0.792115 0.831210 0.795699 0.834395 0.792115 0.840764 0.792115 0.847134 0.784946
0 0.707006 0.788530 0.703822 0.784946 0.697452 0.784946 0.694268 0.788530 0.691083 0.788530 0.681529 0.799283 0.681529 0.806452 0.684713 0.806452 0.687898 0.810036 0.691083 0.810036 0.694268 0.806452 0.697452 0.806452 0.703822 0.799283 0.703822 0.795699 0.707006 0.792115
0 0.850318 0.810036 0.863057 0.810036 0.866242 0.806452 0.869427 0.806452 0.872611 0.802867 0.875796 0.802867 0.869427 0.795699 0.859873 0.795699 0.856688 0.799283 0.853503 0.799283 0.853503 0.806452
0 0.207006 0.806452 0.191083 0.806452 0.184713 0.813620 0.184713 0.817204 0.181529 0.820789 0.181529 0.824373 0.187898 0.831541 0.191083 0.831541 0.194268 0.835125 0.197452 0.831541 0.200637 0.831541 0.213376 0.817204
0 0.455414 0.810036 0.452229 0.810036 0.449045 0.813620 0.445860 0.813620 0.442675 0.817204 0.442675 0.820789 0.452229 0.820789 0.455414 0.817204
0 0.592357 0.820789 0.589172 0.817204 0.582803 0.817204 0.579618 0.820789 0.573248 0.820789 0.566879 0.827957 0.566879 0.831541 0.563694 0.835125 0.563694 0.838710 0.566879 0.842294 0.579618 0.842294 0.592357 0.827957
0 0.232484 0.820789 0.213376 0.820789 0.200637 0.835125 0.197452 0.835125 0.197452 0.838710 0.203822 0.845878 0.207006 0.845878 0.216561 0.853047 0.222930 0.845878 0.226115 0.845878 0.229299 0.842294 0.229299 0.835125 0.232484 0.831541
0 0.675159 0.827957 0.671975 0.824373 0.665605 0.824373 0.662420 0.820789 0.656051 0.820789 0.652866 0.824373 0.646497 0.824373 0.636943 0.835125 0.636943 0.838710 0.640127 0.842294 0.649682 0.842294 0.652866 0.838710 0.659236 0.838710 0.668790 0.831541 0.671975 0.835125 0.675159 0.831541
0 0.363057 0.824373 0.353503 0.824373 0.350318 0.827957 0.340764 0.831541 0.337580 0.835125 0.334395 0.845878 0.343949 0.856631 0.350318 0.856631 0.353503 0.853047 0.356688 0.853047 0.369427 0.838710 0.369427 0.831541
0 0.378981 0.842294 0.382166 0.845878 0.391720 0.845878 0.394904 0.842294 0.398089 0.842294 0.401274 0.838710 0.401274 0.827957 0.385350 0.827957 0.382166 0.831541 0.382166 0.835125 0.378981 0.838710
0 0.289809 0.838710 0.280255 0.831541 0.270701 0.831541 0.267516 0.835125 0.257962 0.838710 0.248408 0.856631 0.251592 0.860215 0.251592 0.863799 0.257962 0.870968 0.277070 0.870968 0.283439 0.863799 0.283439 0.860215 0.289809 0.849462
0 0.716561 0.849462 0.716561 0.853047 0.722930 0.860215 0.726115 0.860215 0.729299 0.863799 0.745223 0.863799 0.745223 0.860215 0.751592 0.853047 0.751592 0.845878 0.742038 0.835125 0.729299 0.835125
0 0.614650 0.838710 0.605096 0.838710 0.601911 0.842294 0.598726 0.842294 0.595541 0.845878 0.595541 0.849462 0.592357 0.853047 0.592357 0.863799 0.595541 0.867384 0.605096 0.867384 0.611465 0.860215 0.614650 0.860215 0.614650 0.856631 0.617834 0.853047 0.617834 0.842294
0 0.216561 0.863799 0.213376 0.860215 0.213376 0.853047 0.210191 0.853047 0.200637 0.845878 0.191083 0.853047 0.178344 0.853047 0.175159 0.856631 0.171975 0.856631 0.165605 0.867384 0.178344 0.881720 0.194268 0.881720 0.197452 0.878136 0.203822 0.878136 0.207006 0.874552 0.210191 0.874552 0.216561 0.867384
0 0.445860 0.853047 0.436306 0.845878 0.426752 0.845878 0.423567 0.849462 0.417197 0.849462 0.410828 0.856631 0.410828 0.863799 0.420382 0.874552 0.433121 0.874552 0.436306 0.870968 0.439490 0.870968 0.439490 0.867384 0.445860 0.860215
0 0.095541 0.870968 0.092357 0.867384 0.092357 0.863799 0.082803 0.863799 0.079618 0.867384 0.073248 0.867384 0.070064 0.870968 0.063694 0.870968 0.060510 0.874552 0.060510 0.878136 0.063694 0.881720 0.082803 0.881720 0.085987 0.878136 0.089172 0.878136
0 0.576433 0.867384 0.563694 0.867384 0.560510 0.870968 0.557325 0.870968 0.550955 0.878136 0.550955 0.892473 0.557325 0.899642 0.560510 0.899642 0.563694 0.896057 0.566879 0.896057 0.573248 0.888889 0.576433 0.888889 0.579618 0.885305 0.579618 0.881720 0.582803 0.878136 0.582803 0.874552
0 0.468153 0.878136 0.461783 0.870968 0.452229 0.870968 0.449045 0.874552 0.445860 0.874552 0.439490 0.885305 0.439490 0.899642 0.452229 0.899642 0.461783 0.888889 0.464968 0.888889 0.464968 0.885305 0.468153 0.881720
0 0.308917 0.881720 0.308917 0.888889 0.315287 0.896057 0.321656 0.896057 0.324841 0.892473 0.334395 0.892473 0.337580 0.888889 0.340764 0.888889 0.343949 0.885305 0.343949 0.874552 0.318471 0.874552
0 0.493631 0.892473 0.493631 0.903226 0.500000 0.910394 0.509554 0.910394 0.512739 0.906810 0.515924 0.906810 0.522293 0.899642 0.522293 0.888889 0.519108 0.885305 0.500000 0.885305
0 0.136943 0.899642 0.136943 0.903226 0.143312 0.910394 0.162420 0.910394 0.168790 0.903226 0.168790 0.892473 0.165605 0.892473 0.162420 0.888889 0.149682 0.888889 0.146497 0.892473 0.143312 0.892473
0 0.388535 0.899642 0.388535 0.906810 0.391720 0.910394 0.391720 0.913978 0.394904 0.913978 0.398089 0.917563 0.404459 0.917563 0.407643 0.913978 0.414013 0.913978 0.420382 0.906810 0.420382 0.903226 0.417197 0.899642 0.417197 0.896057 0.407643 0.888889 0.398089 0.888889
0 0.356688 0.903226 0.356688 0.910394 0.359873 0.913978 0.359873 0.917563 0.375796 0.917563 0.382166 0.910394 0.385350 0.910394 0.385350 0.899642 0.378981 0.892473 0.366242 0.892473
0 0.722930 0.892473 0.716561 0.892473 0.700637 0.910394 0.700637 0.913978 0.697452 0.917563 0.697452 0.924731 0.703822 0.931900 0.713376 0.931900 0.716561 0.928315 0.719745 0.928315 0.726115 0.921147 0.726115 0.896057
0 0.261146 0.906810 0.257962 0.906810 0.254777 0.903226 0.248408 0.903226 0.245223 0.906810 0.238854 0.906810 0.232484 0.913978 0.232484 0.917563 0.229299 0.921147 0.229299 0.935484 0.251592 0.935484 0.261146 0.924731 0.261146 0.921147 0.264331 0.917563
0 0.041401 0.906810 0.028662 0.906810 0.025478 0.910394 0.022293 0.910394 0.015924 0.917563 0.012739 0.928315 0.022293 0.939068 0.025478 0.939068 0.028662 0.942652 0.038217 0.939068 0.041401 0.935484 0.041401 0.931900 0.047771 0.924731 0.047771 0.910394 0.044586 0.910394
0 0.302548 0.913978 0.292994 0.913978 0.289809 0.917563 0.286624 0.913978 0.283439 0.917563 0.280255 0.917563 0.273885 0.924731 0.273885 0.935484 0.280255 0.942652 0.283439 0.942652 0.286624 0.939068 0.289809 0.939068 0.292994 0.935484 0.296178 0.935484 0.302548 0.924731
0 0.538217 0.917563 0.528662 0.917563 0.528662 0.921147 0.525478 0.924731 0.525478 0.931900 0.528662 0.935484 0.531847 0.935484 0.538217 0.928315
0 0.095541 0.928315 0.092357 0.924731 0.076433 0.924731 0.073248 0.928315 0.066879 0.928315 0.054140 0.939068 0.054140 0.942652 0.050955 0.946237 0.050955 0.953405 0.057325 0.960573 0.073248 0.960573 0.076433 0.956989 0.092357 0.949821 0.098726 0.942652 0.098726 0.935484 0.095541 0.931900
0 0.636943 0.935484 0.636943 0.939068 0.649682 0.953405 0.659236 0.953405 0.662420 0.949821 0.665605 0.949821 0.668790 0.946237 0.671975 0.946237 0.671975 0.935484 0.665605 0.928315 0.659236 0.928315 0.656051 0.924731 0.646497 0.924731 0.643312 0.928315 0.640127 0.928315 0.640127 0.931900
0 0.165605 0.939068 0.165605 0.946237 0.168790 0.949821 0.168790 0.953405 0.191083 0.953405 0.197452 0.946237 0.197452 0.942652 0.191083 0.935484 0.187898 0.935484 0.184713 0.931900 0.171975 0.931900
0 0.576433 0.946237 0.573248 0.942652 0.560510 0.942652 0.557325 0.946237 0.554140 0.946237 0.544586 0.956989 0.544586 0.967742 0.560510 0.967742 0.563694 0.964158 0.566879 0.964158 0.576433 0.953405
0 0.614650 0.949821 0.611465 0.949821 0.608280 0.946237 0.598726 0.946237 0.592357 0.953405 0.589172 0.953405 0.589172 0.956989 0.579618 0.967742 0.576433 0.978495 0.579618 0.978495 0.582803 0.982079 0.589172 0.982079 0.598726 0.974910 0.605096 0.974910 0.614650 0.964158 0.614650 0.960573 0.617834 0.956989 0.614650 0.953405
0 0.500000 0.964158 0.496815 0.960573 0.484076 0.960573 0.480892 0.964158 0.477707 0.964158 0.471338 0.971326 0.471338 0.974910 0.468153 0.978495 0.471338 0.982079 0.484076 0.982079 0.487261 0.978495 0.493631 0.978495 0.500000 0.971326
0 0.184713 0.974910 0.184713 0.989247 0.187898 0.989247 0.191083 0.992832 0.226115 0.992832 0.229299 0.989247 0.226115 0.985663 0.226115 0.982079 0.219745 0.974910 0.219745 0.971326 0.216561 0.971326 0.213376 0.967742 0.197452 0.967742 0.194268 0.971326
0 0.025478 0.978495 0.022293 0.974910 0.012739 0.974910 0.012739 0.978495 0.009554 0.982079 0.006369 0.982079 0.003185 0.985663 0.003185 0.992832 0.006369 0.996416 0.009554 0.992832 0.019108 0.992832 0.025478 0.985663
