0 0.560510 0.154122 0.560510 0.172043 0.573248 0.182796 0.605096 0.182796 0.617834 0.172043 0.617834 0.164875 0.621019 0.161290 0.608280 0.143369 0.595541 0.136201 0.576433 0.136201 0.570064 0.139785
0 0.082803 0.139785 0.079618 0.143369 0.079618 0.157706 0.082803 0.161290 0.082803 0.164875 0.085987 0.164875 0.095541 0.175627 0.105096 0.175627 0.105096 0.157706 0.101911 0.154122 0.101911 0.150538 0.095541 0.143369 0.092357 0.143369 0.089172 0.139785
0 0.821656 0.146953 0.808917 0.157706 0.808917 0.179211 0.815287 0.193548 0.834395 0.215054 0.840764 0.215054 0.847134 0.211470 0.856688 0.197133 0.856688 0.168459 0.843949 0.154122
0 0.668790 0.215054 0.665605 0.211470 0.665605 0.207885 0.662420 0.207885 0.659236 0.204301 0.652866 0.204301 0.649682 0.207885 0.646497 0.207885 0.643312 0.211470 0.633758 0.215054 0.627389 0.222222 0.627389 0.225806 0.633758 0.232975 0.643312 0.232975 0.646497 0.236559 0.649682 0.236559 0.652866 0.232975 0.659236 0.232975 0.665605 0.225806
0 0.251592 0.211470 0.232484 0.211470 0.222930 0.218638 0.216561 0.218638 0.210191 0.229391 0.216561 0.236559 0.219745 0.236559 0.222930 0.232975 0.226115 0.232975 0.229299 0.229391 0.238854 0.225806 0.245223 0.218638 0.248408 0.218638 0.251592 0.215054
0 0.783439 0.211470 0.777070 0.218638 0.777070 0.240143 0.780255 0.243728 0.783439 0.254480 0.789809 0.261649 0.789809 0.265233 0.802548 0.265233 0.802548 0.261649 0.805732 0.258065 0.805732 0.229391 0.802548 0.225806 0.802548 0.222222 0.792994 0.211470
0 0.146497 0.215054 0.143312 0.218638 0.140127 0.218638 0.133758 0.229391 0.133758 0.247312 0.143312 0.258065 0.156051 0.258065 0.159236 0.254480 0.162420 0.254480 0.168790 0.247312 0.168790 0.229391 0.165605 0.225806 0.165605 0.218638 0.162420 0.215054
0 0.308917 0.222222 0.308917 0.240143 0.318471 0.247312 0.331210 0.247312 0.334395 0.243728 0.343949 0.240143 0.343949 0.225806 0.328025 0.215054 0.318471 0.215054
0 0.687898 0.261649 0.684713 0.258065 0.671975 0.258065 0.668790 0.254480 0.665605 0.258065 0.652866 0.258065 0.649682 0.268817 0.652866 0.272401 0.652866 0.275986 0.656051 0.275986 0.659236 0.279570 0.668790 0.272401 0.678344 0.272401 0.681529 0.268817 0.684713 0.268817 0.687898 0.265233
0 0.522293 0.265233 0.512739 0.258065 0.506369 0.258065 0.503185 0.261649 0.500000 0.261649 0.493631 0.268817 0.493631 0.275986 0.490446 0.279570 0.490446 0.286738 0.493631 0.290323 0.493631 0.293907 0.506369 0.293907 0.509554 0.290323 0.512739 0.290323 0.522293 0.279570 0.522293 0.275986 0.525478 0.272401 0.522293 0.268817
0 0.191083 0.265233 0.184713 0.272401 0.184713 0.293907 0.187898 0.297491 0.187898 0.308244 0.191083 0.315412 0.200637 0.326165 0.219745 0.326165 0.226115 0.322581 0.232484 0.315412 0.232484 0.297491 0.229299 0.290323 0.213376 0.272401 0.200637 0.265233
0 0.407643 0.297491 0.410828 0.297491 0.414013 0.301075 0.426752 0.301075 0.433121 0.293907 0.426752 0.286738 0.410828 0.286738 0.410828 0.290323 0.407643 0.293907
0 0.140127 0.297491 0.127389 0.308244 0.127389 0.322581 0.130573 0.326165 0.130573 0.329749 0.146497 0.347670 0.156051 0.347670 0.159236 0.344086 0.159236 0.333333 0.162420 0.329749 0.162420 0.311828 0.152866 0.297491
0 0.659236 0.308244 0.656051 0.308244 0.652866 0.311828 0.646497 0.311828 0.640127 0.318996 0.640127 0.322581 0.636943 0.326165 0.640127 0.336918 0.649682 0.344086 0.659236 0.344086 0.662420 0.340502 0.665605 0.340502 0.671975 0.333333 0.671975 0.318996 0.665605 0.311828 0.662420 0.311828
0 0.694268 0.311828 0.691083 0.311828 0.684713 0.318996 0.684713 0.326165 0.687898 0.329749 0.694268 0.329749 0.697452 0.326165 0.700637 0.326165 0.700637 0.318996
0 0.821656 0.329749 0.821656 0.351254 0.831210 0.362007 0.834395 0.362007 0.837580 0.365591 0.859873 0.365591 0.863057 0.362007 0.863057 0.358423 0.866242 0.354839 0.866242 0.347670 0.856688 0.333333 0.853503 0.333333 0.850318 0.329749 0.843949 0.329749 0.840764 0.326165 0.828025 0.326165 0.824841 0.329749
0 0.512739 0.362007 0.512739 0.365591 0.525478 0.379928 0.531847 0.379928 0.535032 0.383513 0.538217 0.379928 0.541401 0.379928 0.544586 0.376344 0.544586 0.372760 0.541401 0.369176 0.541401 0.365591 0.535032 0.358423 0.515924 0.358423
0 0.563694 0.365591 0.560510 0.369176 0.560510 0.379928 0.566879 0.387097 0.573248 0.387097 0.576433 0.383513 0.576433 0.379928 0.573248 0.376344 0.573248 0.372760 0.566879 0.365591
0 0.490446 0.369176 0.487261 0.372760 0.487261 0.383513 0.490446 0.387097 0.490446 0.390681 0.493631 0.394265 0.503185 0.394265 0.506369 0.390681 0.506369 0.383513 0.503185 0.379928 0.503185 0.372760 0.500000 0.369176
0 0.442675 0.383513 0.439490 0.383513 0.436306 0.387097 0.433121 0.387097 0.426752 0.394265 0.426752 0.397849 0.423567 0.401434 0.423567 0.408602 0.429936 0.408602 0.442675 0.394265
0 0.270701 0.387097 0.267516 0.390681 0.267516 0.394265 0.273885 0.401434 0.270701 0.405018 0.270701 0.408602 0.273885 0.412186 0.273885 0.419355 0.280255 0.426523 0.283439 0.422939 0.283439 0.412186 0.280255 0.408602 0.280255 0.397849 0.283439 0.394265 0.277070 0.387097
0 0.519108 0.387097 0.512739 0.394265 0.512739 0.412186 0.515924 0.415771 0.525478 0.415771 0.531847 0.408602 0.531847 0.397849 0.528662 0.394265 0.528662 0.390681 0.525478 0.387097
0 0.608280 0.390681 0.605096 0.390681 0.601911 0.387097 0.598726 0.387097 0.592357 0.394265 0.592357 0.401434 0.589172 0.405018 0.589172 0.408602 0.592357 0.412186 0.598726 0.412186 0.608280 0.401434
0 0.783439 0.401434 0.770701 0.390681 0.757962 0.390681 0.738854 0.401434 0.732484 0.408602 0.732484 0.422939 0.742038 0.433692 0.754777 0.433692 0.757962 0.430108 0.764331 0.430108 0.777070 0.422939 0.786624 0.412186
0 0.334395 0.394265 0.328025 0.401434 0.328025 0.412186 0.331210 0.415771 0.340764 0.415771 0.347134 0.408602 0.347134 0.405018 0.350318 0.401434 0.343949 0.394265
0 0.818471 0.394265 0.805732 0.401434 0.796178 0.412186 0.796178 0.440860 0.815287 0.458781 0.837580 0.458781 0.847134 0.444444 0.847134 0.433692 0.850318 0.426523 0.843949 0.408602 0.834395 0.397849 0.828025 0.394265
0 0.713376 0.405018 0.703822 0.397849 0.691083 0.401434 0.681529 0.412186 0.671975 0.415771 0.662420 0.426523 0.665605 0.437276 0.678344 0.448029 0.700637 0.448029 0.707006 0.444444 0.716561 0.430108 0.716561 0.412186
0 0.455414 0.405018 0.449045 0.405018 0.439490 0.415771 0.429936 0.419355 0.423567 0.430108 0.423567 0.440860 0.433121 0.451613 0.436306 0.451613 0.439490 0.455197 0.449045 0.451613 0.458599 0.440860 0.458599 0.408602
0 0.566879 0.405018 0.560510 0.405018 0.557325 0.408602 0.557325 0.412186 0.554140 0.415771 0.554140 0.419355 0.550955 0.422939 0.550955 0.437276 0.557325 0.437276 0.560510 0.433692 0.557325 0.430108 0.557325 0.426523 0.560510 0.422939 0.560510 0.419355 0.566879 0.412186
0 0.232484 0.412186 0.226115 0.419355 0.226115 0.422939 0.235669 0.444444 0.235669 0.473118 0.245223 0.476703 0.257962 0.458781 0.257962 0.444444 0.254777 0.437276 0.245223 0.426523 0.245223 0.422939 0.235669 0.412186
0 0.171975 0.415771 0.165605 0.426523 0.165605 0.451613 0.168790 0.458781 0.171975 0.458781 0.175159 0.465950 0.181529 0.469534 0.197452 0.469534 0.203822 0.465950 0.210191 0.458781 0.210191 0.440860 0.207006 0.433692 0.197452 0.422939 0.184713 0.415771
0 0.385350 0.437276 0.375796 0.430108 0.356688 0.430108 0.353503 0.433692 0.343949 0.433692 0.337580 0.440860 0.337580 0.455197 0.343949 0.465950 0.343949 0.473118 0.347134 0.476703 0.356688 0.476703 0.363057 0.469534 0.363057 0.465950 0.382166 0.444444
0 0.611465 0.433692 0.608280 0.430108 0.595541 0.430108 0.592357 0.433692 0.585987 0.433692 0.573248 0.440860 0.563694 0.455197 0.563694 0.462366 0.560510 0.465950 0.563694 0.473118 0.570064 0.476703 0.589172 0.476703 0.592357 0.473118 0.598726 0.473118 0.614650 0.448029
0 0.315287 0.458781 0.302548 0.458781 0.296178 0.465950 0.289809 0.480287 0.289809 0.494624 0.292994 0.498208 0.292994 0.508961 0.302548 0.516129 0.308917 0.512545 0.315287 0.512545 0.328025 0.498208 0.328025 0.491039 0.331210 0.487455 0.331210 0.480287 0.328025 0.473118
0 0.843949 0.473118 0.843949 0.480287 0.847134 0.483871 0.847134 0.491039 0.853503 0.491039 0.856688 0.494624 0.869427 0.494624 0.872611 0.491039 0.878981 0.491039 0.882166 0.487455 0.882166 0.469534 0.875796 0.462366 0.872611 0.462366 0.869427 0.458781 0.856688 0.458781 0.853503 0.462366 0.850318 0.462366 0.850318 0.465950
0 0.404459 0.469534 0.398089 0.462366 0.394904 0.462366 0.391720 0.465950 0.388535 0.465950 0.378981 0.476703 0.378981 0.483871 0.382166 0.487455 0.385350 0.487455 0.388535 0.483871 0.391720 0.483871 0.394904 0.480287 0.398089 0.480287 0.401274 0.476703 0.401274 0.473118
0 0.633758 0.476703 0.633758 0.491039 0.636943 0.498208 0.649682 0.505376 0.675159 0.505376 0.678344 0.501792 0.684713 0.501792 0.694268 0.491039 0.694268 0.473118 0.675159 0.462366 0.652866 0.462366 0.640127 0.469534
0 0.764331 0.476703 0.764331 0.483871 0.777070 0.498208 0.789809 0.501792 0.792994 0.505376 0.821656 0.505376 0.828025 0.498208 0.828025 0.487455 0.821656 0.473118 0.808917 0.465950 0.783439 0.465950
0 0.452229 0.491039 0.449045 0.491039 0.445860 0.487455 0.429936 0.487455 0.417197 0.501792 0.417197 0.505376 0.414013 0.508961 0.414013 0.526882 0.429936 0.526882 0.433121 0.523297 0.436306 0.523297 0.449045 0.505376 0.449045 0.498208 0.452229 0.494624
0 0.538217 0.498208 0.525478 0.498208 0.522293 0.501792 0.519108 0.501792 0.506369 0.516129 0.506369 0.526882 0.509554 0.530466 0.509554 0.534050 0.519108 0.544803 0.528662 0.544803 0.547771 0.523297 0.547771 0.508961
0 0.716561 0.512545 0.716561 0.526882 0.722930 0.534050 0.722930 0.537634 0.735669 0.544803 0.761146 0.544803 0.773885 0.534050 0.773885 0.516129 0.770701 0.508961 0.757962 0.498208 0.729299 0.498208
0 0.359873 0.512545 0.356688 0.508961 0.343949 0.508961 0.343949 0.512545 0.328025 0.530466 0.324841 0.530466 0.324841 0.534050 0.321656 0.537634 0.321656 0.544803 0.324841 0.548387 0.334395 0.548387 0.337580 0.544803 0.343949 0.544803 0.350318 0.537634 0.353503 0.537634 0.359873 0.526882
0 0.853503 0.523297 0.853503 0.541219 0.863057 0.551971 0.869427 0.551971 0.872611 0.555556 0.898089 0.555556 0.904459 0.551971 0.914013 0.537634 0.910828 0.523297 0.901274 0.512545 0.894904 0.512545 0.891720 0.508961 0.875796 0.508961 0.872611 0.512545 0.863057 0.512545
0 0.694268 0.526882 0.684713 0.519713 0.675159 0.519713 0.671975 0.516129 0.652866 0.519713 0.640127 0.530466 0.640127 0.551971 0.643312 0.559140 0.652866 0.566308 0.675159 0.566308 0.687898 0.559140 0.694268 0.551971 0.697452 0.544803 0.697452 0.534050
0 0.280255 0.526882 0.254777 0.519713 0.242038 0.530466 0.238854 0.544803 0.226115 0.559140 0.219745 0.577061 0.219745 0.587814 0.229299 0.598566 0.238854 0.598566 0.242038 0.580645 0.273885 0.551971 0.280255 0.537634
0 0.000000 0.526882 0.000000 0.548387 0.003185 0.551971 0.003185 0.559140 0.000000 0.562724 0.000000 0.566308 0.003185 0.569892 0.006369 0.569892 0.006369 0.534050 0.003185 0.530466 0.003185 0.526882
0 0.847134 0.548387 0.840764 0.544803 0.824841 0.544803 0.805732 0.555556 0.802548 0.562724 0.802548 0.587814 0.808917 0.598566 0.815287 0.602151 0.828025 0.602151 0.840764 0.594982 0.847134 0.587814 0.853503 0.573477 0.853503 0.559140
0 0.369427 0.562724 0.359873 0.559140 0.340764 0.573477 0.331210 0.594982 0.331210 0.605735 0.324841 0.616487 0.324841 0.627240 0.331210 0.634409 0.356688 0.630824 0.369427 0.620072 0.372611 0.591398 0.375796 0.587814 0.375796 0.573477
0 0.232484 0.673835 0.226115 0.673835 0.219745 0.681004 0.219745 0.684588 0.213376 0.695341 0.213376 0.716846 0.216561 0.720430 0.216561 0.724014 0.222930 0.724014 0.229299 0.716846 0.229299 0.709677 0.235669 0.698925 0.235669 0.691756 0.238854 0.688172 0.238854 0.681004
0 0.840764 0.688172 0.824841 0.702509 0.821656 0.727599 0.828025 0.738351 0.840764 0.745520 0.859873 0.745520 0.875796 0.731183 0.878981 0.724014 0.878981 0.713262 0.872611 0.698925 0.859873 0.688172
0 0.786624 0.691756 0.773885 0.702509 0.773885 0.706093 0.770701 0.709677 0.770701 0.716846 0.773885 0.720430 0.773885 0.727599 0.783439 0.738351 0.796178 0.738351 0.799363 0.734767 0.802548 0.734767 0.802548 0.731183 0.808917 0.724014 0.808917 0.698925 0.802548 0.691756
0 0.729299 0.749104 0.722930 0.749104 0.719745 0.745520 0.713376 0.745520 0.710191 0.749104 0.707006 0.749104 0.700637 0.756272 0.700637 0.759857 0.697452 0.763441 0.697452 0.781362 0.703822 0.788530 0.707006 0.788530 0.710191 0.784946 0.716561 0.784946 0.726115 0.774194 0.726115 0.770609 0.729299 0.767025
0 0.891720 0.745520 0.888535 0.745520 0.882166 0.752688 0.875796 0.752688 0.872611 0.756272 0.859873 0.756272 0.856688 0.759857 0.840764 0.759857 0.837580 0.763441 0.837580 0.767025 0.856688 0.767025 0.859873 0.763441 0.866242 0.763441 0.869427 0.759857 0.882166 0.759857 0.891720 0.752688
0 0.184713 0.763441 0.168790 0.763441 0.159236 0.774194 0.162420 0.777778 0.162420 0.792115 0.168790 0.792115 0.181529 0.777778 0.181529 0.774194 0.184713 0.770609
0 0.630573 0.792115 0.630573 0.799283 0.640127 0.806452 0.662420 0.806452 0.678344 0.795699 0.662420 0.784946 0.646497 0.784946 0.643312 0.788530 0.636943 0.788530 0.633758 0.792115
0 0.458599 0.792115 0.436306 0.795699 0.426752 0.802867 0.417197 0.817204 0.420382 0.820789 0.423567 0.838710 0.439490 0.853047 0.461783 0.849462 0.468153 0.838710 0.471338 0.817204 0.474522 0.813620 0.471338 0.810036 0.471338 0.802867
0 0.515924 0.813620 0.515924 0.820789 0.528662 0.835125 0.541401 0.835125 0.544586 0.831541 0.550955 0.831541 0.557325 0.824373 0.557325 0.820789 0.560510 0.817204 0.560510 0.813620 0.550955 0.802867 0.531847 0.802867 0.528662 0.806452 0.522293 0.806452
0 0.808917 0.827957 0.799363 0.827957 0.796178 0.831541 0.786624 0.831541 0.780255 0.838710 0.780255 0.842294 0.783439 0.845878 0.786624 0.845878 0.789809 0.849462 0.796178 0.842294 0.799363 0.842294 0.808917 0.831541
0 0.401274 0.842294 0.391720 0.842294 0.385350 0.845878 0.366242 0.870968 0.366242 0.892473 0.375796 0.899642 0.398089 0.899642 0.410828 0.885305 0.414013 0.878136 0.414013 0.867384 0.410828 0.863799 0.407643 0.849462
0 0.859873 0.849462 0.850318 0.845878 0.847134 0.849462 0.837580 0.849462 0.831210 0.856631 0.828025 0.856631 0.815287 0.870968 0.815287 0.881720 0.818471 0.888889 0.828025 0.896057 0.840764 0.896057 0.847134 0.892473 0.859873 0.878136 0.863057 0.870968 0.863057 0.856631
0 0.105096 0.853047 0.101911 0.856631 0.101911 0.863799 0.108280 0.870968 0.111465 0.870968 0.114650 0.874552 0.121019 0.874552 0.124204 0.870968 0.124204 0.863799 0.121019 0.860215 0.121019 0.856631 0.117834 0.853047
0 0.802548 0.892473 0.783439 0.888889 0.780255 0.892473 0.764331 0.896057 0.751592 0.913978 0.751592 0.931900 0.754777 0.939068 0.773885 0.953405 0.789809 0.949821 0.808917 0.924731 0.808917 0.903226
0 0.334395 0.903226 0.334395 0.906810 0.340764 0.913978 0.353503 0.913978 0.356688 0.910394 0.359873 0.910394 0.363057 0.906810 0.363057 0.896057 0.359873 0.892473 0.343949 0.892473
0 0.445860 0.899642 0.445860 0.903226 0.452229 0.910394 0.461783 0.910394 0.468153 0.903226 0.468153 0.896057 0.464968 0.892473 0.455414 0.892473 0.452229 0.896057 0.449045 0.896057
0 0.585987 0.906810 0.582803 0.903226 0.579618 0.903226 0.576433 0.899642 0.573248 0.903226 0.570064 0.903226 0.566879 0.906810 0.566879 0.913978 0.570064 0.917563 0.582803 0.917563 0.585987 0.913978
0 0.382166 0.913978 0.382166 0.917563 0.385350 0.921147 0.410828 0.921147 0.414013 0.917563 0.417197 0.917563 0.417197 0.913978 0.414013 0.910394 0.394904 0.910394 0.391720 0.913978
0 0.070064 0.913978 0.070064 0.921147 0.079618 0.931900 0.082803 0.931900 0.092357 0.942652 0.098726 0.942652 0.098726 0.939068 0.092357 0.931900 0.092357 0.928315 0.085987 0.921147 0.082803 0.921147 0.076433 0.913978
0 0.461783 0.935484 0.442675 0.935484 0.429936 0.942652 0.417197 0.960573 0.398089 0.960573 0.394904 0.964158 0.388535 0.964158 0.382166 0.971326 0.385350 0.974910 0.394904 0.974910 0.398089 0.971326 0.414013 0.971326 0.417197 0.974910 0.420382 0.971326 0.433121 0.971326 0.452229 0.956989 0.452229 0.946237 0.458599 0.942652
0 0.636943 0.960573 0.646497 0.971326 0.659236 0.974910 0.675159 0.964158 0.694268 0.960573 0.697452 0.953405 0.691083 0.946237 0.691083 0.942652 0.681529 0.935484 0.649682 0.935484 0.636943 0.949821
0 0.057325 0.942652 0.057325 0.949821 0.054140 0.953405 0.060510 0.964158 0.073248 0.964158 0.076433 0.967742 0.085987 0.967742 0.089172 0.964158 0.089172 0.953405 0.085987 0.953405 0.082803 0.949821 0.079618 0.949821 0.073248 0.942652
0 0.267516 0.946237 0.264331 0.949821 0.261146 0.949821 0.261146 0.953405 0.254777 0.964158 0.257962 0.967742 0.257962 0.971326 0.267516 0.982079 0.273885 0.982079 0.283439 0.971326 0.283439 0.967742 0.286624 0.964158 0.286624 0.956989 0.280255 0.949821 0.277070 0.949821 0.273885 0.946237
0 0.525478 0.985663 0.525478 0.996416 0.573248 0.996416 0.579618 0.992832 0.573248 0.971326 0.566879 0.964158 0.566879 0.960573 0.560510 0.956989 0.544586 0.956989 0.531847 0.971326
0 0.707006 0.985663 0.703822 0.982079 0.703822 0.978495 0.694268 0.967742 0.694268 0.964158 0.687898 0.964158 0.684713 0.967742 0.675159 0.967742 0.671975 0.971326 0.656051 0.978495 0.659236 0.982079 0.659236 0.992832 0.662420 0.996416 0.703822 0.996416 0.707006 0.992832
0 0.493631 0.982079 0.490446 0.978495 0.490446 0.971326 0.487261 0.971326 0.484076 0.967742 0.471338 0.967742 0.468153 0.971326 0.461783 0.971326 0.455414 0.978495 0.452229 0.978495 0.445860 0.985663 0.445860 0.992832 0.449045 0.996416 0.487261 0.996416 0.493631 0.989247
0 0.095541 0.989247 0.095541 0.992832 0.111465 0.992832 0.111465 0.989247 0.108280 0.985663 0.098726 0.985663
