0 0.257143 0.003597 0.257143 0.010791 0.266667 0.014388 0.273016 0.021583 0.285714 0.021583 0.288889 0.017986 0.304762 0.010791 0.304762 0.003597 0.301587 0.000000 0.260317 0.000000
0 0.568254 0.003597 0.568254 0.010791 0.574603 0.017986 0.574603 0.021583 0.584127 0.032374 0.590476 0.035971 0.596825 0.035971 0.603175 0.039568 0.609524 0.035971 0.615873 0.025180 0.615873 0.003597 0.612698 0.000000 0.574603 0.000000
0 0.187302 0.021583 0.190476 0.032374 0.196825 0.039568 0.209524 0.043165 0.212698 0.046763 0.234921 0.046763 0.241270 0.039568 0.241270 0.021583 0.234921 0.007194 0.228571 0.003597 0.196825 0.003597
0 0.476190 0.032374 0.460317 0.032374 0.444444 0.046763 0.441270 0.061151 0.438095 0.064748 0.438095 0.079137 0.444444 0.093525 0.450794 0.097122 0.463492 0.097122 0.476190 0.086331 0.485714 0.064748 0.485714 0.043165
0 0.273016 0.043165 0.263492 0.050360 0.263492 0.071942 0.276190 0.089928 0.276190 0.093525 0.279365 0.093525 0.285714 0.100719 0.292063 0.100719 0.298413 0.097122 0.311111 0.079137 0.311111 0.057554 0.307937 0.053957 0.311111 0.050360 0.304762 0.043165
0 0.657143 0.046763 0.641270 0.046763 0.631746 0.050360 0.619048 0.064748 0.612698 0.079137 0.612698 0.097122 0.622222 0.111511 0.628571 0.115108 0.647619 0.115108 0.657143 0.111511 0.673016 0.089928 0.673016 0.079137 0.676190 0.075540 0.669841 0.057554
0 0.161905 0.050360 0.149206 0.057554 0.146032 0.064748 0.146032 0.093525 0.158730 0.111511 0.174603 0.111511 0.196825 0.089928 0.200000 0.082734 0.200000 0.064748 0.196825 0.057554 0.184127 0.050360
0 0.530159 0.068345 0.523810 0.071942 0.511111 0.086331 0.504762 0.100719 0.504762 0.107914 0.520635 0.125899 0.536508 0.125899 0.549206 0.115108 0.549206 0.089928 0.539683 0.075540 0.539683 0.071942 0.533333 0.071942
0 0.311111 0.104317 0.317460 0.115108 0.342857 0.115108 0.346032 0.118705 0.349206 0.118705 0.352381 0.115108 0.352381 0.104317 0.346032 0.097122 0.333333 0.097122 0.330159 0.093525 0.326984 0.097122 0.317460 0.097122
0 0.130159 0.104317 0.120635 0.104317 0.107937 0.122302 0.107937 0.129496 0.104762 0.133094 0.111111 0.158273 0.123810 0.172662 0.133333 0.165468 0.136508 0.151079 0.139683 0.147482 0.139683 0.122302
0 0.568254 0.133094 0.571429 0.140288 0.609524 0.176259 0.625397 0.183453 0.641270 0.176259 0.644444 0.161871 0.625397 0.133094 0.596825 0.122302 0.574603 0.122302
0 0.177778 0.133094 0.171429 0.133094 0.161905 0.143885 0.161905 0.147482 0.158730 0.151079 0.158730 0.169065 0.161905 0.172662 0.161905 0.176259 0.165079 0.176259 0.168254 0.179856 0.177778 0.176259 0.177778 0.172662 0.180952 0.169065 0.180952 0.136691
0 0.295238 0.133094 0.288889 0.133094 0.285714 0.136691 0.282540 0.136691 0.282540 0.140288 0.279365 0.143885 0.279365 0.154676 0.282540 0.158273 0.288889 0.158273 0.298413 0.147482 0.298413 0.136691
0 0.253968 0.147482 0.253968 0.154676 0.257143 0.158273 0.263492 0.158273 0.266667 0.154676 0.263492 0.151079 0.263492 0.147482
0 0.704762 0.161871 0.698413 0.169065 0.698413 0.179856 0.701587 0.183453 0.701587 0.212230 0.707937 0.226619 0.739683 0.223022 0.749206 0.208633 0.749206 0.194245 0.742857 0.179856 0.726984 0.158273
0 0.244444 0.169065 0.244444 0.176259 0.247619 0.179856 0.247619 0.187050 0.250794 0.190647 0.260317 0.190647 0.263492 0.187050 0.266667 0.187050 0.269841 0.183453 0.269841 0.179856 0.266667 0.176259 0.253968 0.176259 0.247619 0.169065
0 0.549206 0.212230 0.546032 0.215827 0.546032 0.226619 0.555556 0.226619 0.555556 0.223022 0.558730 0.219424 0.558730 0.212230
0 0.400000 0.230216 0.390476 0.223022 0.374603 0.223022 0.352381 0.248201 0.352381 0.258993 0.365079 0.258993 0.374603 0.251799 0.380952 0.251799 0.390476 0.241007 0.400000 0.237410
0 0.853968 0.280576 0.853968 0.284173 0.869841 0.302158 0.873016 0.302158 0.879365 0.312950 0.895238 0.312950 0.904762 0.302158 0.904762 0.284173 0.907937 0.280576 0.907937 0.273381 0.904762 0.266187 0.898413 0.262590 0.873016 0.262590 0.863492 0.280576
0 0.473016 0.284173 0.473016 0.302158 0.488889 0.323741 0.498413 0.327338 0.514286 0.316547 0.517460 0.309353 0.520635 0.309353 0.523810 0.302158 0.523810 0.287770 0.514286 0.276978 0.507937 0.276978 0.504762 0.273381 0.479365 0.273381
0 0.431746 0.280576 0.431746 0.284173 0.428571 0.287770 0.428571 0.291367 0.434921 0.298561 0.438095 0.298561 0.441270 0.302158 0.447619 0.302158 0.450794 0.298561 0.450794 0.287770 0.447619 0.284173 0.447619 0.280576 0.444444 0.276978 0.438095 0.276978 0.434921 0.280576
0 0.098413 0.309353 0.092063 0.316547 0.092063 0.320144 0.095238 0.323741 0.104762 0.323741 0.111111 0.316547 0.111111 0.312950 0.107937 0.309353
0 0.161905 0.312950 0.155556 0.312950 0.149206 0.320144 0.146032 0.320144 0.142857 0.323741 0.142857 0.330935 0.146032 0.334532 0.152381 0.334532 0.155556 0.338129 0.158730 0.338129 0.158730 0.330935 0.161905 0.327338 0.161905 0.323741 0.165079 0.320144 0.165079 0.316547
0 0.536508 0.316547 0.526984 0.320144 0.514286 0.334532 0.514286 0.338129 0.511111 0.341727 0.511111 0.352518 0.520635 0.363309 0.530159 0.363309 0.536508 0.356115 0.536508 0.352518 0.539683 0.348921 0.539683 0.341727 0.542857 0.338129 0.542857 0.327338
0 0.298413 0.366906 0.307937 0.381295 0.314286 0.381295 0.317460 0.384892 0.326984 0.384892 0.330159 0.381295 0.336508 0.381295 0.342857 0.374101 0.349206 0.356115 0.346032 0.352518 0.311111 0.352518 0.307937 0.356115 0.298413 0.359712
0 0.580952 0.359712 0.571429 0.352518 0.568254 0.356115 0.565079 0.356115 0.561905 0.359712 0.558730 0.359712 0.555556 0.363309 0.552381 0.363309 0.552381 0.366906 0.549206 0.370504 0.549206 0.374101 0.555556 0.381295 0.561905 0.381295 0.565079 0.377698 0.568254 0.377698 0.571429 0.374101 0.574603 0.374101 0.580952 0.366906
0 0.984127 0.356115 0.984127 0.363309 0.987302 0.366906 0.993651 0.366906 0.996825 0.363309 0.996825 0.359712 0.993651 0.356115
0 0.349206 0.388489 0.352381 0.399281 0.358730 0.406475 0.365079 0.406475 0.377778 0.413669 0.400000 0.410072 0.412698 0.399281 0.412698 0.384892 0.396825 0.370504 0.365079 0.370504 0.358730 0.374101
0 0.250794 0.392086 0.250794 0.399281 0.257143 0.406475 0.257143 0.410072 0.263492 0.410072 0.266667 0.413669 0.279365 0.413669 0.282540 0.410072 0.288889 0.410072 0.288889 0.406475 0.292063 0.402878 0.292063 0.395683 0.288889 0.392086 0.288889 0.388489 0.279365 0.381295 0.260317 0.381295
0 0.704762 0.384892 0.701587 0.388489 0.701587 0.395683 0.698413 0.399281 0.698413 0.406475 0.701587 0.410072 0.701587 0.420863 0.707937 0.428058 0.711111 0.428058 0.717460 0.417266 0.717460 0.392086 0.711111 0.384892
0 0.574603 0.406475 0.574603 0.413669 0.577778 0.417266 0.577778 0.420863 0.587302 0.428058 0.603175 0.428058 0.612698 0.417266 0.615873 0.417266 0.619048 0.413669 0.603175 0.402878 0.596825 0.402878 0.593651 0.399281 0.587302 0.399281 0.584127 0.395683
0 0.498413 0.417266 0.498413 0.428058 0.504762 0.435252 0.507937 0.435252 0.517460 0.442446 0.533333 0.442446 0.533333 0.435252 0.520635 0.420863 0.520635 0.417266 0.517460 0.417266 0.514286 0.413669 0.501587 0.413669
0 0.663492 0.428058 0.660317 0.431655 0.660317 0.442446 0.663492 0.446043 0.676190 0.446043 0.685714 0.456835 0.685714 0.474820 0.692063 0.474820 0.695238 0.464029 0.692063 0.460432 0.682540 0.435252 0.676190 0.428058
0 0.739683 0.431655 0.739683 0.453237 0.742857 0.456835 0.742857 0.467626 0.746032 0.471223 0.746032 0.474820 0.752381 0.474820 0.755556 0.471223 0.755556 0.449640 0.752381 0.446043 0.752381 0.438849 0.749206 0.435252 0.749206 0.431655
0 0.219048 0.435252 0.215873 0.438849 0.215873 0.446043 0.219048 0.449640 0.219048 0.453237 0.222222 0.453237 0.225397 0.456835 0.228571 0.456835 0.231746 0.460432 0.238095 0.460432 0.241270 0.456835 0.241270 0.442446 0.234921 0.435252
0 0.266667 0.446043 0.260317 0.446043 0.257143 0.449640 0.257143 0.453237 0.253968 0.456835 0.253968 0.471223 0.257143 0.471223 0.260317 0.474820 0.266667 0.467626
0 0.438095 0.449640 0.431746 0.456835 0.431746 0.471223 0.441270 0.482014 0.450794 0.482014 0.453968 0.478417 0.453968 0.460432 0.450794 0.456835 0.450794 0.453237 0.447619 0.449640
0 0.342857 0.456835 0.342857 0.460432 0.339683 0.464029 0.339683 0.474820 0.342857 0.478417 0.346032 0.478417 0.349206 0.482014 0.361905 0.482014 0.368254 0.474820 0.368254 0.464029 0.365079 0.460432 0.365079 0.456835 0.361905 0.456835 0.358730 0.453237 0.349206 0.453237 0.346032 0.456835
0 0.104762 0.467626 0.098413 0.474820 0.098413 0.485612 0.104762 0.492806 0.107937 0.492806 0.111111 0.496403 0.114286 0.496403 0.117460 0.492806 0.120635 0.492806 0.120635 0.489209 0.123810 0.485612 0.123810 0.474820 0.120635 0.471223 0.117460 0.471223 0.114286 0.467626
0 0.390476 0.467626 0.387302 0.471223 0.384127 0.471223 0.384127 0.478417 0.380952 0.482014 0.380952 0.485612 0.384127 0.489209 0.384127 0.500000 0.387302 0.503597 0.390476 0.503597 0.396825 0.510791 0.403175 0.510791 0.406349 0.514388 0.409524 0.510791 0.409524 0.500000 0.400000 0.489209 0.400000 0.478417 0.396825 0.474820 0.396825 0.471223 0.393651 0.467626
0 0.653968 0.478417 0.653968 0.485612 0.663492 0.496403 0.666667 0.496403 0.669841 0.492806 0.669841 0.482014 0.666667 0.478417
0 0.622222 0.482014 0.619048 0.485612 0.619048 0.492806 0.625397 0.507194 0.631746 0.514388 0.631746 0.517986 0.644444 0.532374 0.657143 0.539568 0.663492 0.539568 0.666667 0.535971 0.666667 0.528777 0.660317 0.514388 0.653968 0.507194 0.653968 0.503597 0.638095 0.485612 0.631746 0.482014
0 0.161905 0.489209 0.152381 0.489209 0.149206 0.492806 0.146032 0.492806 0.146032 0.496403 0.139683 0.503597 0.139683 0.510791 0.146032 0.517986 0.158730 0.517986 0.168254 0.510791 0.168254 0.496403
0 0.209524 0.492806 0.206349 0.492806 0.203175 0.496403 0.193651 0.496403 0.190476 0.500000 0.190476 0.510791 0.196825 0.517986 0.206349 0.517986 0.215873 0.507194 0.215873 0.500000
0 0.704762 0.500000 0.704762 0.503597 0.707937 0.507194 0.720635 0.507194 0.723810 0.503597 0.723810 0.496403 0.720635 0.492806 0.711111 0.492806
0 0.234921 0.496403 0.231746 0.500000 0.231746 0.517986 0.238095 0.525180 0.247619 0.525180 0.250794 0.521583 0.250794 0.507194 0.247619 0.503597 0.247619 0.500000 0.244444 0.496403
0 0.273016 0.500000 0.266667 0.507194 0.266667 0.525180 0.269841 0.528777 0.279365 0.528777 0.288889 0.517986 0.288889 0.507194 0.285714 0.503597 0.282540 0.503597 0.279365 0.500000
0 0.298413 0.514388 0.298413 0.525180 0.304762 0.532374 0.314286 0.532374 0.317460 0.528777 0.317460 0.525180 0.314286 0.521583 0.314286 0.517986 0.311111 0.514388 0.307937 0.514388 0.304762 0.510791 0.301587 0.514388
0 0.549206 0.510791 0.546032 0.514388 0.546032 0.517986 0.549206 0.521583 0.549206 0.532374 0.552381 0.535971 0.552381 0.539568 0.561905 0.539568 0.568254 0.532374 0.568254 0.528777 0.571429 0.525180 0.571429 0.514388 0.568254 0.514388 0.565079 0.510791
0 0.507937 0.514388 0.507937 0.528777 0.526984 0.528777 0.530159 0.532374 0.536508 0.532374 0.536508 0.521583 0.533333 0.521583 0.530159 0.517986 0.520635 0.517986 0.517460 0.514388
0 0.333333 0.517986 0.333333 0.532374 0.336508 0.535971 0.339683 0.535971 0.342857 0.539568 0.346032 0.539568 0.352381 0.532374 0.352381 0.525180 0.346032 0.517986
0 0.371429 0.517986 0.365079 0.525180 0.365079 0.532374 0.371429 0.539568 0.374603 0.539568 0.377778 0.543165 0.384127 0.543165 0.393651 0.532374 0.393651 0.528777 0.387302 0.521583 0.384127 0.521583 0.380952 0.517986
0 0.584127 0.521583 0.584127 0.525180 0.580952 0.528777 0.580952 0.535971 0.593651 0.550360 0.603175 0.550360 0.606349 0.546763 0.606349 0.532374 0.600000 0.525180 0.596825 0.525180 0.593651 0.521583
0 0.476190 0.532374 0.473016 0.535971 0.473016 0.557554 0.476190 0.561151 0.485714 0.561151 0.488889 0.557554 0.492063 0.557554 0.498413 0.550360 0.498413 0.535971 0.495238 0.535971 0.492063 0.532374
0 0.501587 0.535971 0.501587 0.550360 0.507937 0.550360 0.511111 0.553957 0.520635 0.553957 0.523810 0.550360 0.530159 0.550360 0.536508 0.543165 0.536508 0.535971 0.530159 0.535971 0.526984 0.532374 0.511111 0.532374 0.507937 0.535971
0 0.406349 0.546763 0.406349 0.561151 0.409524 0.564748 0.422222 0.564748 0.425397 0.561151 0.428571 0.561151 0.428571 0.543165 0.425397 0.543165 0.422222 0.539568 0.412698 0.539568
0 0.615873 0.546763 0.615873 0.557554 0.622222 0.564748 0.631746 0.564748 0.634921 0.568345 0.641270 0.568345 0.644444 0.564748 0.644444 0.557554 0.641270 0.553957 0.638095 0.553957 0.631746 0.546763 0.628571 0.546763 0.625397 0.543165 0.619048 0.543165
0 0.330159 0.550360 0.320635 0.561151 0.320635 0.571942 0.323810 0.575540 0.326984 0.575540 0.336508 0.586331 0.339683 0.586331 0.342857 0.582734 0.342857 0.575540 0.352381 0.564748 0.352381 0.557554 0.342857 0.550360
0 0.704762 0.557554 0.707937 0.561151 0.707937 0.564748 0.720635 0.564748 0.720635 0.557554 0.717460 0.553957 0.707937 0.553957
0 0.225397 0.557554 0.219048 0.564748 0.219048 0.571942 0.228571 0.582734 0.238095 0.582734 0.244444 0.575540 0.244444 0.571942 0.247619 0.568345 0.244444 0.564748 0.244444 0.561151 0.241270 0.557554
0 0.549206 0.568345 0.546032 0.564748 0.542857 0.564748 0.539683 0.561151 0.536508 0.564748 0.530159 0.564748 0.520635 0.575540 0.523810 0.579137 0.523810 0.582734 0.526984 0.586331 0.539683 0.586331 0.549206 0.575540
0 0.571429 0.564748 0.568254 0.568345 0.565079 0.568345 0.565079 0.571942 0.561905 0.575540 0.561905 0.582734 0.568254 0.582734 0.574603 0.575540 0.574603 0.568345
0 0.609524 0.571942 0.606349 0.571942 0.603175 0.568345 0.596825 0.568345 0.593651 0.571942 0.590476 0.571942 0.590476 0.575540 0.587302 0.579137 0.587302 0.589928 0.590476 0.593525 0.603175 0.593525 0.606349 0.589928 0.609524 0.589928
0 0.187302 0.575540 0.184127 0.579137 0.184127 0.604317 0.193651 0.604317 0.193651 0.600719 0.196825 0.597122 0.196825 0.589928 0.200000 0.586331 0.200000 0.579137 0.196825 0.575540
0 0.447619 0.579137 0.444444 0.575540 0.438095 0.575540 0.434921 0.579137 0.425397 0.579137 0.422222 0.582734 0.419048 0.582734 0.415873 0.579137 0.415873 0.586331 0.419048 0.586331 0.425397 0.593525 0.428571 0.593525 0.431746 0.597122 0.434921 0.593525 0.441270 0.593525 0.447619 0.586331
0 0.253968 0.586331 0.253968 0.597122 0.257143 0.600719 0.263492 0.600719 0.266667 0.604317 0.269841 0.604317 0.273016 0.600719 0.276190 0.600719 0.282540 0.593525 0.282540 0.586331 0.276190 0.579137 0.260317 0.579137
0 0.473016 0.579137 0.466667 0.586331 0.466667 0.597122 0.476190 0.607914 0.485714 0.607914 0.488889 0.604317 0.488889 0.582734 0.485714 0.579137
0 0.828571 0.593525 0.828571 0.597122 0.831746 0.600719 0.831746 0.604317 0.834921 0.604317 0.838095 0.607914 0.844444 0.607914 0.847619 0.611511 0.853968 0.611511 0.857143 0.607914 0.860317 0.607914 0.866667 0.597122 0.860317 0.589928 0.853968 0.589928 0.850794 0.586331 0.838095 0.586331
0 0.212698 0.589928 0.209524 0.593525 0.209524 0.597122 0.206349 0.600719 0.206349 0.611511 0.209524 0.615108 0.212698 0.615108 0.215873 0.618705 0.222222 0.618705 0.225397 0.615108 0.228571 0.615108 0.231746 0.611511 0.231746 0.600719 0.228571 0.597122 0.228571 0.593525 0.225397 0.589928
0 0.504762 0.597122 0.504762 0.600719 0.507937 0.604317 0.523810 0.604317 0.526984 0.600719 0.526984 0.597122 0.523810 0.593525 0.507937 0.593525
0 0.692063 0.600719 0.695238 0.611511 0.714286 0.633094 0.717460 0.633094 0.723810 0.640288 0.736508 0.640288 0.742857 0.633094 0.739683 0.625899 0.739683 0.615108 0.736508 0.607914 0.726984 0.597122 0.695238 0.597122
0 0.161905 0.600719 0.155556 0.600719 0.146032 0.611511 0.146032 0.622302 0.152381 0.629496 0.155556 0.625899 0.158730 0.625899 0.165079 0.618705 0.165079 0.604317
0 0.549206 0.607914 0.549206 0.611511 0.558730 0.618705 0.561905 0.615108 0.584127 0.615108 0.587302 0.611511 0.587302 0.607914 0.577778 0.600719 0.555556 0.600719
0 0.390476 0.611511 0.390476 0.615108 0.393651 0.615108 0.396825 0.618705 0.400000 0.618705 0.403175 0.615108 0.406349 0.615108 0.406349 0.607914 0.403175 0.607914 0.400000 0.604317 0.396825 0.604317
0 0.304762 0.629496 0.307937 0.633094 0.320635 0.633094 0.326984 0.625899 0.326984 0.622302 0.330159 0.618705 0.333333 0.618705 0.336508 0.615108 0.339683 0.615108 0.330159 0.615108 0.326984 0.611511 0.311111 0.611511 0.304762 0.618705
0 0.447619 0.618705 0.447619 0.629496 0.450794 0.633094 0.457143 0.633094 0.460317 0.636691 0.463492 0.633094 0.469841 0.633094 0.476190 0.625899 0.476190 0.622302 0.466667 0.611511 0.453968 0.611511
0 0.273016 0.615108 0.269841 0.618705 0.269841 0.633094 0.273016 0.636691 0.273016 0.643885 0.285714 0.643885 0.292063 0.636691 0.292063 0.622302 0.285714 0.615108
0 0.380952 0.615108 0.368254 0.615108 0.365079 0.618705 0.361905 0.618705 0.358730 0.622302 0.358730 0.636691 0.368254 0.643885 0.374603 0.643885 0.377778 0.640288 0.380952 0.640288 0.380952 0.636691 0.384127 0.633094 0.384127 0.618705
0 0.168254 0.629496 0.168254 0.643885 0.171429 0.647482 0.174603 0.647482 0.177778 0.651079 0.184127 0.651079 0.190476 0.643885 0.190476 0.629496 0.187302 0.625899 0.174603 0.625899 0.171429 0.629496
0 0.117460 0.636691 0.111111 0.643885 0.111111 0.647482 0.114286 0.651079 0.114286 0.654676 0.126984 0.669065 0.130159 0.669065 0.136508 0.661871 0.136508 0.658273 0.139683 0.654676 0.139683 0.651079 0.136508 0.647482 0.136508 0.643885 0.130159 0.636691
0 0.250794 0.640288 0.247619 0.640288 0.244444 0.636691 0.234921 0.636691 0.228571 0.643885 0.228571 0.647482 0.225397 0.651079 0.228571 0.654676 0.228571 0.658273 0.231746 0.661871 0.238095 0.661871 0.241270 0.658273 0.244444 0.658273 0.247619 0.654676 0.250794 0.654676
0 0.895238 0.636691 0.892063 0.640288 0.892063 0.654676 0.895238 0.658273 0.898413 0.658273 0.901587 0.661871 0.907937 0.654676 0.907937 0.643885 0.901587 0.636691
0 0.349206 0.647482 0.342857 0.640288 0.339683 0.643885 0.336508 0.643885 0.336508 0.654676 0.346032 0.654676 0.346032 0.651079
0 0.552381 0.643885 0.549206 0.640288 0.533333 0.640288 0.530159 0.643885 0.526984 0.643885 0.520635 0.651079 0.520635 0.661871 0.539683 0.661871 0.542857 0.658273 0.546032 0.658273 0.549206 0.654676 0.552381 0.654676
0 0.155556 0.647482 0.152381 0.647482 0.146032 0.654676 0.146032 0.665468 0.152381 0.672662 0.155556 0.669065 0.158730 0.669065 0.161905 0.665468 0.161905 0.651079 0.158730 0.651079
0 0.253968 0.651079 0.253968 0.654676 0.250794 0.658273 0.250794 0.661871 0.253968 0.665468 0.253968 0.669065 0.257143 0.672662 0.269841 0.672662 0.273016 0.669065 0.273016 0.661871 0.266667 0.654676 0.263492 0.654676 0.260317 0.651079
0 0.295238 0.654676 0.292063 0.658273 0.292063 0.672662 0.295238 0.676259 0.311111 0.676259 0.314286 0.672662 0.314286 0.669065 0.317460 0.665468 0.317460 0.661871 0.314286 0.658273 0.314286 0.654676 0.311111 0.651079 0.301587 0.651079 0.298413 0.654676
0 0.749206 0.651079 0.742857 0.658273 0.742857 0.672662 0.746032 0.676259 0.746032 0.683453 0.749206 0.687050 0.758730 0.687050 0.758730 0.683453 0.761905 0.679856 0.761905 0.661871 0.752381 0.651079
0 0.495238 0.665468 0.495238 0.672662 0.498413 0.676259 0.511111 0.676259 0.511111 0.665468 0.507937 0.661871 0.498413 0.661871
0 0.374603 0.665468 0.361905 0.665468 0.355556 0.672662 0.355556 0.683453 0.358730 0.687050 0.358730 0.690647 0.361905 0.690647 0.365079 0.694245 0.368254 0.694245 0.371429 0.690647 0.374603 0.690647 0.374603 0.687050 0.377778 0.683453 0.380952 0.683453 0.380952 0.672662
0 0.206349 0.676259 0.215873 0.687050 0.225397 0.687050 0.228571 0.683453 0.228571 0.679856 0.219048 0.669065 0.212698 0.669065
0 0.787302 0.672662 0.784127 0.676259 0.784127 0.687050 0.793651 0.697842 0.793651 0.701439 0.796825 0.705036 0.800000 0.705036 0.803175 0.701439 0.803175 0.690647 0.800000 0.687050 0.800000 0.679856 0.796825 0.676259 0.790476 0.676259
0 0.517460 0.687050 0.511111 0.679856 0.498413 0.679856 0.488889 0.690647 0.488889 0.701439 0.492063 0.705036 0.504762 0.705036 0.511111 0.697842 0.514286 0.697842 0.517460 0.694245
0 0.412698 0.690647 0.406349 0.683453 0.403175 0.687050 0.400000 0.687050 0.393651 0.694245 0.390476 0.694245 0.390476 0.705036 0.396825 0.705036 0.400000 0.701439 0.406349 0.701439 0.412698 0.694245
0 0.904762 0.687050 0.898413 0.694245 0.898413 0.708633 0.901587 0.708633 0.904762 0.712230 0.907937 0.712230 0.911111 0.715827 0.917460 0.715827 0.920635 0.712230 0.920635 0.705036
0 0.180952 0.694245 0.180952 0.708633 0.184127 0.708633 0.187302 0.712230 0.203175 0.712230 0.203175 0.701439 0.196825 0.694245 0.196825 0.690647 0.184127 0.690647
0 0.136508 0.697842 0.136508 0.701439 0.133333 0.705036 0.133333 0.708633 0.139683 0.715827 0.152381 0.715827 0.152381 0.701439 0.149206 0.701439 0.146032 0.697842
0 0.279365 0.701439 0.279365 0.708633 0.282540 0.712230 0.282540 0.715827 0.288889 0.723022 0.298413 0.723022 0.301587 0.719424 0.301587 0.697842 0.285714 0.697842 0.282540 0.701439
0 0.244444 0.705036 0.241270 0.708633 0.241270 0.715827 0.244444 0.719424 0.244444 0.723022 0.247619 0.726619 0.253968 0.726619 0.257143 0.730216 0.260317 0.730216 0.266667 0.723022 0.266667 0.719424 0.263492 0.715827 0.263492 0.712230 0.260317 0.708633 0.260317 0.705036 0.257143 0.705036 0.253968 0.701439 0.250794 0.701439 0.247619 0.705036
0 0.412698 0.719424 0.409524 0.715827 0.403175 0.715827 0.400000 0.719424 0.393651 0.719424 0.390476 0.723022 0.390476 0.733813 0.393651 0.737410 0.403175 0.737410 0.409524 0.730216 0.409524 0.723022
0 0.828571 0.730216 0.831746 0.733813 0.834921 0.730216 0.844444 0.730216 0.847619 0.733813 0.860317 0.733813 0.860317 0.730216 0.857143 0.726619 0.857143 0.723022 0.853968 0.719424 0.850794 0.719424 0.847619 0.715827 0.844444 0.715827 0.834921 0.726619 0.831746 0.726619
0 0.123810 0.719424 0.123810 0.723022 0.120635 0.726619 0.123810 0.730216 0.123810 0.733813 0.126984 0.737410 0.133333 0.737410 0.136508 0.733813 0.136508 0.723022 0.133333 0.719424
0 0.180952 0.719424 0.168254 0.719424 0.165079 0.723022 0.165079 0.730216 0.161905 0.733813 0.161905 0.737410 0.165079 0.741007 0.165079 0.744604 0.168254 0.748201 0.168254 0.751799 0.174603 0.751799 0.184127 0.741007 0.184127 0.737410 0.187302 0.733813 0.187302 0.726619
0 0.326984 0.730216 0.326984 0.737410 0.333333 0.744604 0.349206 0.744604 0.349206 0.726619 0.342857 0.719424 0.339683 0.719424 0.336508 0.723022 0.333333 0.723022
0 0.514286 0.719424 0.501587 0.719424 0.498413 0.723022 0.498413 0.737410 0.501587 0.737410 0.504762 0.741007 0.507937 0.741007 0.517460 0.730216 0.517460 0.723022
0 0.746032 0.726619 0.726984 0.744604 0.726984 0.758993 0.733333 0.773381 0.746032 0.787770 0.752381 0.791367 0.761905 0.791367 0.771429 0.780576 0.771429 0.751799 0.755556 0.730216
0 0.958730 0.726619 0.958730 0.730216 0.955556 0.733813 0.955556 0.737410 0.958730 0.741007 0.958730 0.748201 0.965079 0.755396 0.974603 0.755396 0.977778 0.751799 0.977778 0.737410 0.974603 0.733813 0.974603 0.730216 0.971429 0.730216 0.968254 0.726619
0 0.863492 0.733813 0.863492 0.737410 0.869841 0.744604 0.876190 0.744604 0.882540 0.737410 0.882540 0.733813 0.879365 0.730216 0.869841 0.730216 0.866667 0.733813
0 0.352381 0.737410 0.352381 0.744604 0.355556 0.744604 0.361905 0.751799 0.361905 0.755396 0.368254 0.762590 0.377778 0.762590 0.380952 0.758993 0.380952 0.744604 0.377778 0.741007 0.377778 0.737410 0.374603 0.737410 0.371429 0.733813 0.358730 0.733813 0.355556 0.737410
0 0.200000 0.741007 0.200000 0.744604 0.196825 0.748201 0.200000 0.751799 0.200000 0.755396 0.209524 0.755396 0.212698 0.751799 0.212698 0.748201 0.206349 0.741007
0 0.323810 0.751799 0.317460 0.758993 0.320635 0.762590 0.320635 0.766187 0.323810 0.769784 0.323810 0.773381 0.326984 0.776978 0.336508 0.776978 0.342857 0.769784 0.342857 0.766187 0.336508 0.758993 0.333333 0.758993 0.326984 0.751799
0 0.146032 0.755396 0.142857 0.758993 0.142857 0.766187 0.146032 0.766187 0.149206 0.769784 0.149206 0.776978 0.152381 0.780576 0.161905 0.780576 0.161905 0.776978 0.158730 0.773381 0.158730 0.766187 0.152381 0.758993 0.149206 0.758993
0 0.546032 0.755396 0.536508 0.769784 0.536508 0.791367 0.571429 0.816547 0.593651 0.816547 0.600000 0.809353 0.600000 0.787770 0.571429 0.755396
0 0.946032 0.755396 0.936508 0.755396 0.923810 0.769784 0.923810 0.773381 0.920635 0.776978 0.920635 0.784173 0.923810 0.787770 0.930159 0.787770 0.939683 0.776978 0.942857 0.776978 0.949206 0.769784 0.949206 0.758993
0 0.231746 0.762590 0.231746 0.773381 0.241270 0.784173 0.253968 0.784173 0.260317 0.776978 0.260317 0.773381 0.257143 0.769784 0.257143 0.766187 0.253968 0.762590 0.247619 0.762590 0.244444 0.758993 0.241270 0.762590
0 0.184127 0.769784 0.184127 0.773381 0.187302 0.776978 0.187302 0.780576 0.190476 0.784173 0.193651 0.784173 0.196825 0.787770 0.200000 0.787770 0.203175 0.784173 0.206349 0.784173 0.209524 0.780576 0.209524 0.769784 0.206349 0.766187 0.203175 0.766187 0.200000 0.762590 0.190476 0.762590
0 0.298413 0.762590 0.295238 0.766187 0.288889 0.766187 0.282540 0.773381 0.282540 0.787770 0.288889 0.794964 0.298413 0.794964 0.301587 0.791367 0.304762 0.791367 0.304762 0.766187 0.301587 0.766187
0 0.403175 0.773381 0.400000 0.773381 0.396825 0.769784 0.393651 0.769784 0.384127 0.780576 0.384127 0.791367 0.387302 0.794964 0.396825 0.794964 0.406349 0.784173 0.406349 0.780576 0.403175 0.776978
0 0.228571 0.773381 0.225397 0.776978 0.222222 0.776978 0.219048 0.780576 0.215873 0.780576 0.215873 0.791367 0.219048 0.794964 0.219048 0.798561 0.231746 0.798561 0.234921 0.794964 0.234921 0.791367 0.238095 0.787770 0.238095 0.784173
0 0.993651 0.773381 0.990476 0.776978 0.980952 0.776978 0.980952 0.780576 0.977778 0.784173 0.977778 0.787770 0.980952 0.791367 0.980952 0.794964 0.984127 0.798561 0.993651 0.798561 0.993651 0.791367 0.996825 0.787770 0.996825 0.784173 0.993651 0.780576
0 0.104762 0.776978 0.098413 0.784173 0.098413 0.794964 0.101587 0.798561 0.101587 0.802158 0.104762 0.802158 0.107937 0.805755 0.123810 0.805755 0.130159 0.794964 0.130159 0.791367 0.126984 0.787770 0.126984 0.784173 0.120635 0.776978
0 0.866667 0.776978 0.860317 0.776978 0.857143 0.780576 0.857143 0.791367 0.860317 0.791367 0.863492 0.794964 0.866667 0.791367 0.869841 0.791367 0.873016 0.787770 0.873016 0.784173
0 0.326984 0.784173 0.317460 0.784173 0.314286 0.787770 0.311111 0.787770 0.311111 0.791367 0.304762 0.802158 0.304762 0.812950 0.320635 0.812950 0.330159 0.802158 0.330159 0.794964 0.326984 0.791367
0 0.257143 0.802158 0.257143 0.805755 0.266667 0.816547 0.273016 0.816547 0.276190 0.812950 0.279365 0.812950 0.279365 0.805755 0.273016 0.798561 0.269841 0.798561 0.266667 0.794964 0.263492 0.794964
0 0.361905 0.794964 0.361905 0.809353 0.365079 0.812950 0.368254 0.812950 0.371429 0.809353 0.371429 0.802158 0.368254 0.798561 0.368254 0.794964
0 0.625397 0.802158 0.622222 0.805755 0.622222 0.816547 0.619048 0.820144 0.619048 0.845324 0.628571 0.856115 0.631746 0.856115 0.634921 0.852518 0.638095 0.852518 0.638095 0.848921 0.641270 0.845324 0.641270 0.823741 0.638095 0.820144 0.634921 0.809353 0.628571 0.802158
0 0.212698 0.805755 0.209524 0.809353 0.209524 0.812950 0.215873 0.820144 0.219048 0.820144 0.225397 0.827338 0.225397 0.830935 0.228571 0.834532 0.228571 0.827338 0.231746 0.823741 0.231746 0.812950 0.225397 0.805755
0 0.907937 0.816547 0.907937 0.809353 0.904762 0.805755 0.901587 0.805755 0.898413 0.809353 0.888889 0.809353 0.885714 0.812950 0.892063 0.820144 0.895238 0.820144 0.898413 0.816547
0 0.977778 0.809353 0.974603 0.805755 0.971429 0.805755 0.968254 0.809353 0.961905 0.809353 0.958730 0.812950 0.955556 0.812950 0.949206 0.820144 0.949206 0.827338 0.952381 0.827338 0.955556 0.830935 0.961905 0.830935 0.977778 0.812950
0 0.142857 0.816547 0.142857 0.823741 0.149206 0.830935 0.149206 0.834532 0.152381 0.838129 0.155556 0.838129 0.158730 0.841727 0.165079 0.841727 0.171429 0.834532 0.171429 0.827338 0.165079 0.820144 0.161905 0.820144 0.158730 0.816547
0 0.253968 0.816547 0.250794 0.820144 0.250794 0.834532 0.253968 0.838129 0.253968 0.841727 0.257143 0.845324 0.273016 0.845324 0.273016 0.841727 0.276190 0.838129 0.276190 0.834532 0.269841 0.827338 0.269841 0.823741 0.266667 0.820144 0.263492 0.820144 0.260317 0.816547
0 0.993651 0.816547 0.990476 0.816547 0.984127 0.823741 0.984127 0.834532 0.987302 0.838129 0.993651 0.838129
0 0.406349 0.820144 0.403175 0.823741 0.403175 0.834532 0.406349 0.834532 0.409524 0.838129 0.415873 0.838129 0.419048 0.834532 0.419048 0.827338 0.415873 0.823741 0.409524 0.823741
0 0.126984 0.827338 0.123810 0.830935 0.123810 0.841727 0.126984 0.845324 0.130159 0.845324 0.133333 0.841727 0.133333 0.834532
0 0.825397 0.830935 0.819048 0.841727 0.819048 0.856115 0.822222 0.859712 0.822222 0.866906 0.825397 0.870504 0.834921 0.870504 0.838095 0.866906 0.838095 0.856115 0.841270 0.852518 0.841270 0.845324 0.838095 0.841727 0.838095 0.834532 0.834921 0.830935
0 0.098413 0.838129 0.092063 0.845324 0.092063 0.848921 0.095238 0.852518 0.095238 0.856115 0.101587 0.863309 0.107937 0.863309 0.114286 0.856115 0.111111 0.852518 0.111111 0.845324 0.104762 0.838129
0 0.895238 0.838129 0.892063 0.841727 0.892063 0.856115 0.898413 0.863309 0.901587 0.863309 0.904762 0.866906 0.907937 0.866906 0.911111 0.863309 0.914286 0.863309 0.920635 0.852518 0.917460 0.848921 0.917460 0.845324 0.911111 0.838129
0 0.450794 0.841727 0.438095 0.841727 0.428571 0.852518 0.422222 0.852518 0.419048 0.856115 0.419048 0.859712 0.412698 0.866906 0.431746 0.866906 0.434921 0.870504 0.444444 0.870504 0.444444 0.866906 0.447619 0.863309 0.447619 0.856115 0.450794 0.852518
0 0.660317 0.845324 0.657143 0.848921 0.657143 0.870504 0.663492 0.877698 0.669841 0.877698 0.676190 0.870504 0.676190 0.863309 0.679365 0.859712 0.679365 0.852518 0.673016 0.845324
0 0.304762 0.859712 0.304762 0.870504 0.311111 0.877698 0.314286 0.877698 0.317460 0.874101 0.320635 0.874101 0.320635 0.870504 0.323810 0.866906 0.320635 0.863309 0.320635 0.859712 0.311111 0.859712 0.307937 0.863309
0 0.358730 0.859712 0.355556 0.863309 0.355556 0.870504 0.358730 0.874101 0.358730 0.877698 0.361905 0.877698 0.371429 0.888489 0.374603 0.888489 0.374603 0.863309 0.371429 0.863309 0.368254 0.859712
0 0.577778 0.877698 0.577778 0.888489 0.587302 0.895683 0.606349 0.895683 0.612698 0.888489 0.615873 0.888489 0.612698 0.884892 0.615873 0.881295 0.615873 0.877698 0.612698 0.874101 0.606349 0.874101 0.603175 0.870504 0.596825 0.870504 0.593651 0.866906 0.590476 0.870504 0.584127 0.870504
0 0.771429 0.866906 0.771429 0.874101 0.777778 0.881295 0.780952 0.881295 0.784127 0.884892 0.787302 0.884892 0.793651 0.892086 0.800000 0.892086 0.803175 0.888489 0.803175 0.884892 0.796825 0.874101 0.793651 0.874101 0.784127 0.866906
0 0.930159 0.866906 0.930159 0.881295 0.939683 0.892086 0.949206 0.892086 0.955556 0.884892 0.955556 0.881295 0.952381 0.877698 0.952381 0.874101 0.949206 0.870504 0.946032 0.870504 0.942857 0.866906
