0 0.088889 0.093190 0.069841 0.111111 0.085714 0.161290 0.101587 0.175627 0.104762 0.186380 0.120635 0.189964 0.136508 0.168459 0.136508 0.125448 0.117460 0.100358 0.104762 0.100358
0 0.352381 0.125448 0.346032 0.132616 0.342857 0.179211 0.349206 0.189964 0.365079 0.189964 0.380952 0.179211 0.387302 0.168459 0.387302 0.161290 0.393651 0.154122 0.393651 0.143369 0.365079 0.125448
0 0.514286 0.146953 0.507937 0.146953 0.504762 0.143369 0.488889 0.143369 0.473016 0.157706 0.463492 0.186380 0.463492 0.197133 0.473016 0.207885 0.485714 0.207885 0.507937 0.189964 0.520635 0.168459 0.520635 0.157706
0 0.698413 0.154122 0.688889 0.164875 0.688889 0.172043 0.685714 0.175627 0.685714 0.189964 0.688889 0.193548 0.688889 0.200717 0.701587 0.215054 0.707937 0.218638 0.714286 0.218638 0.723810 0.207885 0.723810 0.197133 0.720635 0.193548 0.720635 0.186380
0 0.593651 0.157706 0.574603 0.164875 0.561905 0.175627 0.558730 0.207885 0.568254 0.215054 0.580952 0.243728 0.590476 0.250896 0.603175 0.250896 0.625397 0.229391 0.628571 0.200717 0.615873 0.168459 0.609524 0.161290
0 0.993651 0.168459 0.987302 0.161290 0.984127 0.161290 0.980952 0.164875 0.977778 0.164875 0.968254 0.175627 0.958730 0.175627 0.955556 0.179211 0.961905 0.189964 0.977778 0.189964 0.980952 0.186380 0.984127 0.186380 0.993651 0.175627
0 0.231746 0.189964 0.231746 0.211470 0.244444 0.229391 0.257143 0.236559 0.292063 0.236559 0.298413 0.232975 0.307937 0.218638 0.304762 0.197133 0.292063 0.186380 0.247619 0.179211
0 0.536508 0.186380 0.511111 0.211470 0.492063 0.250896 0.482540 0.279570 0.482540 0.304659 0.485714 0.308244 0.495238 0.308244 0.511111 0.290323 0.520635 0.232975 0.539683 0.193548
0 0.441270 0.211470 0.431746 0.204301 0.415873 0.204301 0.374603 0.236559 0.374603 0.250896 0.393651 0.265233 0.409524 0.265233 0.425397 0.258065 0.444444 0.232975 0.444444 0.218638
0 0.352381 0.250896 0.346032 0.243728 0.339683 0.243728 0.314286 0.258065 0.311111 0.265233 0.298413 0.275986 0.298413 0.279570 0.304762 0.279570 0.317460 0.290323 0.320635 0.286738 0.326984 0.286738 0.349206 0.265233 0.352381 0.258065
0 0.536508 0.247312 0.530159 0.261649 0.530159 0.279570 0.533333 0.283154 0.533333 0.311828 0.542857 0.326165 0.549206 0.326165 0.558730 0.311828 0.561905 0.290323 0.552381 0.272401 0.552381 0.261649 0.549206 0.254480
0 0.904762 0.250896 0.904762 0.261649 0.907937 0.265233 0.907937 0.268817 0.911111 0.268817 0.920635 0.275986 0.923810 0.272401 0.926984 0.272401 0.933333 0.265233 0.933333 0.254480 0.926984 0.247312 0.907937 0.247312
0 0.092063 0.254480 0.085714 0.258065 0.076190 0.272401 0.073016 0.304659 0.092063 0.322581 0.111111 0.322581 0.130159 0.308244 0.139683 0.286738 0.139683 0.265233 0.126984 0.254480
0 0.152381 0.293907 0.165079 0.301075 0.253968 0.297491 0.260317 0.279570 0.231746 0.261649 0.177778 0.258065 0.168254 0.261649 0.155556 0.275986
0 0.600000 0.279570 0.593651 0.279570 0.580952 0.293907 0.571429 0.315412 0.565079 0.318996 0.555556 0.340502 0.555556 0.365591 0.558730 0.369176 0.565079 0.369176 0.577778 0.351254 0.603175 0.293907
0 0.692063 0.279570 0.679365 0.279570 0.676190 0.283154 0.666667 0.286738 0.660317 0.293907 0.657143 0.293907 0.657143 0.297491 0.653968 0.301075 0.660317 0.308244 0.663492 0.308244 0.666667 0.304659 0.676190 0.304659 0.679365 0.301075 0.688889 0.297491 0.688889 0.293907 0.692063 0.290323
0 0.990476 0.283154 0.977778 0.283154 0.971429 0.290323 0.968254 0.290323 0.958730 0.301075 0.958730 0.304659 0.955556 0.308244 0.955556 0.315412 0.961905 0.315412 0.965079 0.311828 0.974603 0.311828 0.987302 0.297491 0.987302 0.293907 0.990476 0.290323
0 0.380952 0.290323 0.358730 0.290323 0.336508 0.308244 0.323810 0.333333 0.323810 0.351254 0.339683 0.365591 0.361905 0.365591 0.374603 0.354839 0.387302 0.322581 0.387302 0.297491
0 0.450794 0.293907 0.438095 0.297491 0.428571 0.322581 0.428571 0.344086 0.431746 0.347670 0.431746 0.365591 0.434921 0.372760 0.447619 0.372760 0.460317 0.365591 0.466667 0.358423 0.469841 0.336918 0.473016 0.333333 0.463492 0.301075
0 0.771429 0.301075 0.761905 0.293907 0.742857 0.301075 0.730159 0.315412 0.730159 0.326165 0.733333 0.329749 0.755556 0.329749 0.758730 0.326165 0.765079 0.326165 0.771429 0.315412
0 0.422222 0.301075 0.409524 0.301075 0.403175 0.308244 0.393651 0.329749 0.390476 0.358423 0.377778 0.387097 0.377778 0.401434 0.390476 0.419355 0.400000 0.419355 0.409524 0.408602 0.422222 0.379928 0.422222 0.351254 0.428571 0.308244
0 0.190476 0.340502 0.190476 0.351254 0.196825 0.358423 0.215873 0.358423 0.231746 0.369176 0.250794 0.369176 0.260317 0.362007 0.266667 0.344086 0.266667 0.333333 0.263492 0.326165 0.257143 0.322581 0.219048 0.315412 0.196825 0.329749
0 0.844444 0.322581 0.841270 0.322581 0.838095 0.318996 0.834921 0.318996 0.819048 0.336918 0.819048 0.347670 0.822222 0.351254 0.831746 0.351254 0.844444 0.336918 0.844444 0.333333 0.847619 0.329749 0.844444 0.326165
0 0.984127 0.333333 0.974603 0.333333 0.971429 0.336918 0.968254 0.336918 0.965079 0.340502 0.965079 0.354839 0.968254 0.358423 0.980952 0.358423 0.984127 0.354839 0.987302 0.354839 0.987302 0.336918
0 0.790476 0.344086 0.777778 0.344086 0.761905 0.362007 0.765079 0.365591 0.765079 0.369176 0.771429 0.376344 0.784127 0.376344 0.790476 0.369176 0.790476 0.362007 0.793651 0.358423 0.793651 0.351254 0.790476 0.347670
0 0.647619 0.351254 0.631746 0.351254 0.628571 0.354839 0.625397 0.354839 0.615873 0.365591 0.615873 0.379928 0.619048 0.383513 0.619048 0.387097 0.625397 0.394265 0.634921 0.394265 0.647619 0.379928 0.647619 0.376344 0.653968 0.369176 0.653968 0.362007
0 0.168254 0.379928 0.158730 0.372760 0.142857 0.372760 0.120635 0.383513 0.104762 0.401434 0.101587 0.419355 0.114286 0.430108 0.146032 0.430108 0.161905 0.422939 0.171429 0.408602 0.171429 0.387097
0 0.834921 0.372760 0.812698 0.372760 0.809524 0.376344 0.806349 0.376344 0.800000 0.383513 0.800000 0.397849 0.803175 0.397849 0.806349 0.401434 0.819048 0.401434 0.822222 0.397849 0.825397 0.397849 0.834921 0.387097
0 0.673016 0.412186 0.673016 0.422939 0.676190 0.426523 0.692063 0.426523 0.695238 0.422939 0.701587 0.422939 0.704762 0.419355 0.707937 0.419355 0.707937 0.415771 0.711111 0.412186 0.711111 0.401434 0.707937 0.397849 0.685714 0.397849
0 0.946032 0.408602 0.949206 0.412186 0.949206 0.415771 0.971429 0.415771 0.974603 0.412186 0.977778 0.412186 0.977778 0.405018 0.974603 0.405018 0.971429 0.401434 0.952381 0.401434
0 0.765079 0.419355 0.758730 0.408602 0.752381 0.408602 0.749206 0.405018 0.742857 0.405018 0.739683 0.408602 0.733333 0.408602 0.723810 0.419355 0.723810 0.433692 0.752381 0.433692
0 0.625397 0.415771 0.622222 0.415771 0.619048 0.412186 0.609524 0.412186 0.606349 0.415771 0.603175 0.415771 0.603175 0.419355 0.596825 0.430108 0.596825 0.440860 0.603175 0.448029 0.612698 0.448029 0.615873 0.444444 0.619048 0.444444 0.625397 0.437276 0.625397 0.433692 0.628571 0.430108 0.628571 0.419355
0 0.996825 0.426523 0.993651 0.422939 0.990476 0.426523 0.974603 0.430108 0.971429 0.433692 0.968254 0.433692 0.958730 0.444444 0.955556 0.444444 0.955556 0.448029 0.952381 0.451613 0.958730 0.458781 0.974603 0.458781 0.977778 0.455197 0.984127 0.455197 0.993651 0.448029 0.993651 0.444444 0.996825 0.440860
0 0.803175 0.458781 0.806349 0.458781 0.812698 0.465950 0.825397 0.465950 0.828571 0.469534 0.831746 0.465950 0.838095 0.465950 0.844444 0.462366 0.844444 0.458781 0.850794 0.455197 0.857143 0.448029 0.857143 0.444444 0.853968 0.448029 0.844444 0.448029 0.841270 0.440860 0.838095 0.440860 0.831746 0.433692 0.812698 0.433692 0.803175 0.440860
0 0.558730 0.437276 0.555556 0.440860 0.555556 0.444444 0.558730 0.448029 0.555556 0.451613 0.555556 0.458781 0.552381 0.462366 0.552381 0.476703 0.558730 0.483871 0.568254 0.483871 0.577778 0.473118 0.580952 0.473118 0.584127 0.469534 0.584127 0.462366 0.580952 0.458781 0.580952 0.451613 0.577778 0.448029 0.577778 0.440860 0.574603 0.437276
0 0.203175 0.448029 0.200000 0.444444 0.190476 0.444444 0.187302 0.448029 0.184127 0.448029 0.177778 0.455197 0.174603 0.455197 0.174603 0.458781 0.168254 0.469534 0.168254 0.476703 0.177778 0.476703 0.180952 0.473118 0.190476 0.469534 0.200000 0.458781 0.203175 0.458781
0 0.358730 0.444444 0.339683 0.444444 0.320635 0.465950 0.304762 0.473118 0.295238 0.483871 0.292063 0.483871 0.285714 0.494624 0.342857 0.469534 0.358730 0.451613
0 0.660317 0.462366 0.657143 0.462366 0.653968 0.458781 0.650794 0.458781 0.650794 0.462366 0.647619 0.465950 0.631746 0.465950 0.628571 0.469534 0.625397 0.469534 0.622222 0.473118 0.622222 0.476703 0.628571 0.476703 0.631746 0.473118 0.638095 0.473118 0.641270 0.469534 0.657143 0.469534 0.660317 0.465950
0 0.755556 0.476703 0.752381 0.476703 0.749206 0.473118 0.739683 0.473118 0.736508 0.476703 0.733333 0.476703 0.726984 0.483871 0.726984 0.498208 0.730159 0.501792 0.730159 0.505376 0.746032 0.505376 0.755556 0.494624
0 0.501587 0.483871 0.498413 0.480287 0.485714 0.480287 0.466667 0.498208 0.457143 0.501792 0.453968 0.505376 0.453968 0.512545 0.457143 0.516129 0.482540 0.516129 0.485714 0.512545 0.488889 0.512545 0.498413 0.498208 0.498413 0.494624 0.501587 0.491039
0 0.580952 0.494624 0.574603 0.494624 0.568254 0.487455 0.558730 0.487455 0.555556 0.483871 0.555556 0.487455 0.552381 0.491039 0.549206 0.491039 0.539683 0.501792 0.539683 0.508961 0.542857 0.512545 0.542857 0.516129 0.546032 0.516129 0.549206 0.519713 0.561905 0.519713 0.565079 0.516129 0.568254 0.516129 0.580952 0.501792
0 0.977778 0.512545 0.965079 0.512545 0.961905 0.516129 0.958730 0.516129 0.955556 0.519713 0.952381 0.519713 0.949206 0.523297 0.949206 0.526882 0.955556 0.534050 0.968254 0.534050 0.971429 0.530466 0.974603 0.530466 0.974603 0.526882 0.977778 0.523297
0 0.250794 0.519713 0.247619 0.519713 0.244444 0.523297 0.244444 0.530466 0.241270 0.534050 0.241270 0.537634 0.238095 0.541219 0.238095 0.548387 0.247619 0.548387 0.247619 0.544803 0.250794 0.541219 0.250794 0.537634 0.253968 0.534050 0.253968 0.523297
0 0.812698 0.523297 0.809524 0.526882 0.809524 0.541219 0.819048 0.551971 0.828571 0.551971 0.838095 0.541219 0.838095 0.534050 0.828571 0.523297
0 0.339683 0.534050 0.339683 0.548387 0.349206 0.559140 0.352381 0.559140 0.355556 0.562724 0.371429 0.562724 0.380952 0.555556 0.380952 0.544803 0.371429 0.534050 0.368254 0.534050 0.365079 0.530466 0.342857 0.530466
0 0.330159 0.544803 0.320635 0.537634 0.311111 0.537634 0.298413 0.544803 0.285714 0.559140 0.276190 0.559140 0.269841 0.566308 0.288889 0.577061 0.304762 0.577061 0.326984 0.559140 0.330159 0.559140
0 0.590476 0.541219 0.590476 0.548387 0.596825 0.559140 0.600000 0.559140 0.609524 0.566308 0.625397 0.566308 0.628571 0.562724 0.628571 0.559140 0.612698 0.541219 0.606349 0.541219 0.603175 0.537634 0.593651 0.537634
0 0.650794 0.541219 0.650794 0.555556 0.653968 0.555556 0.657143 0.559140 0.673016 0.559140 0.679365 0.551971 0.679365 0.544803 0.676190 0.541219 0.676190 0.537634 0.653968 0.537634
0 0.711111 0.541219 0.711111 0.548387 0.714286 0.548387 0.723810 0.559140 0.730159 0.559140 0.733333 0.555556 0.736508 0.555556 0.739683 0.551971 0.739683 0.541219 0.736508 0.541219 0.733333 0.537634 0.714286 0.537634
0 0.165079 0.566308 0.161905 0.562724 0.161905 0.559140 0.152381 0.555556 0.149206 0.559140 0.146032 0.559140 0.142857 0.562724 0.133333 0.566308 0.123810 0.584229 0.126984 0.587814 0.142857 0.587814 0.146032 0.584229 0.155556 0.580645 0.161905 0.573477 0.161905 0.569892
0 0.755556 0.559140 0.761905 0.566308 0.761905 0.569892 0.771429 0.573477 0.780952 0.584229 0.790476 0.584229 0.796825 0.573477 0.796825 0.566308 0.793651 0.562724 0.771429 0.562724 0.768254 0.559140
0 0.374603 0.577061 0.371429 0.580645 0.368254 0.580645 0.361905 0.591398 0.361905 0.609319 0.368254 0.616487 0.384127 0.616487 0.393651 0.609319 0.393651 0.605735 0.400000 0.598566 0.403175 0.587814 0.390476 0.577061
0 0.219048 0.594982 0.212698 0.594982 0.206349 0.602151 0.203175 0.602151 0.200000 0.605735 0.203175 0.609319 0.206349 0.609319 0.209524 0.605735 0.212698 0.605735 0.219048 0.598566
0 0.895238 0.602151 0.892063 0.598566 0.888889 0.602151 0.876190 0.602151 0.866667 0.612903 0.866667 0.616487 0.863492 0.620072 0.863492 0.627240 0.873016 0.634409 0.885714 0.634409 0.895238 0.623656 0.895238 0.620072 0.898413 0.616487 0.898413 0.609319 0.895238 0.605735
0 0.704762 0.627240 0.711111 0.634409 0.736508 0.634409 0.739683 0.630824 0.749206 0.630824 0.758730 0.623656 0.765079 0.623656 0.771429 0.620072 0.771429 0.616487 0.758730 0.605735 0.730159 0.605735 0.726984 0.609319 0.707937 0.612903 0.704762 0.616487
0 0.288889 0.637993 0.295238 0.645161 0.307937 0.645161 0.311111 0.648746 0.314286 0.645161 0.330159 0.641577 0.342857 0.627240 0.342857 0.620072 0.339683 0.616487 0.311111 0.616487 0.307937 0.620072 0.298413 0.620072 0.295238 0.623656 0.292063 0.623656 0.292063 0.627240 0.288889 0.630824
0 0.219048 0.620072 0.209524 0.620072 0.203175 0.627240 0.200000 0.627240 0.196825 0.630824 0.196825 0.634409 0.193651 0.637993 0.193651 0.645161 0.200000 0.645161 0.203175 0.641577 0.206349 0.641577 0.219048 0.627240
0 0.177778 0.623656 0.174603 0.623656 0.171429 0.627240 0.168254 0.627240 0.155556 0.641577 0.158730 0.645161 0.168254 0.645161 0.174603 0.637993 0.174603 0.634409 0.177778 0.630824
0 0.625397 0.641577 0.625397 0.648746 0.628571 0.652330 0.634921 0.652330 0.638095 0.655914 0.650794 0.655914 0.660317 0.648746 0.660317 0.645161 0.650794 0.634409 0.641270 0.634409 0.638095 0.637993 0.628571 0.637993
0 0.234921 0.659498 0.238095 0.659498 0.241270 0.663082 0.253968 0.663082 0.260317 0.655914 0.260317 0.652330 0.257143 0.648746 0.241270 0.648746 0.234921 0.655914
0 0.342857 0.659498 0.336508 0.666667 0.336508 0.681004 0.339683 0.684588 0.339683 0.688172 0.349206 0.688172 0.352381 0.684588 0.352381 0.681004 0.355556 0.677419 0.355556 0.670251 0.352381 0.666667 0.352381 0.663082 0.349206 0.663082 0.346032 0.659498
0 0.222222 0.670251 0.222222 0.677419 0.225397 0.681004 0.228571 0.681004 0.238095 0.688172 0.253968 0.688172 0.257143 0.684588 0.257143 0.677419 0.253968 0.673835 0.247619 0.673835 0.244444 0.670251 0.247619 0.666667 0.241270 0.666667 0.238095 0.663082 0.231746 0.663082
0 0.111111 0.716846 0.114286 0.720430 0.126984 0.720430 0.130159 0.716846 0.133333 0.716846 0.142857 0.706093 0.142857 0.702509 0.136508 0.695341 0.117460 0.695341 0.111111 0.702509
0 0.266667 0.738351 0.266667 0.741935 0.263492 0.745520 0.263492 0.752688 0.266667 0.752688 0.269841 0.756272 0.288889 0.756272 0.292063 0.752688 0.292063 0.749104 0.288889 0.745520 0.288889 0.738351 0.285714 0.738351 0.282540 0.734767 0.273016 0.734767 0.269841 0.738351
0 0.126984 0.738351 0.120635 0.738351 0.117460 0.741935 0.114286 0.741935 0.107937 0.749104 0.107937 0.752688 0.104762 0.756272 0.111111 0.763441 0.117460 0.763441 0.120635 0.759857 0.123810 0.759857 0.130159 0.752688 0.130159 0.741935
0 0.146032 0.792115 0.155556 0.792115 0.161905 0.784946 0.158730 0.781362 0.149206 0.781362 0.146032 0.784946
0 0.257143 0.784946 0.253968 0.784946 0.250794 0.781362 0.247619 0.784946 0.241270 0.784946 0.238095 0.788530 0.225397 0.788530 0.219048 0.795699 0.219048 0.799283 0.234921 0.799283 0.244444 0.792115 0.250794 0.792115
0 0.111111 0.806452 0.111111 0.817204 0.114286 0.817204 0.117460 0.820789 0.126984 0.820789 0.133333 0.813620 0.133333 0.810036 0.126984 0.802867 0.114286 0.802867
0 0.936508 0.863799 0.933333 0.860215 0.920635 0.860215 0.911111 0.867384 0.904762 0.867384 0.904762 0.870968 0.901587 0.874552 0.901587 0.878136 0.904762 0.881720 0.917460 0.881720 0.920635 0.878136 0.926984 0.878136 0.933333 0.870968 0.933333 0.867384
0 0.977778 0.885305 0.977778 0.888889 0.974603 0.892473 0.974603 0.899642 0.977778 0.903226 0.977778 0.906810 0.990476 0.921147 0.996825 0.921147 0.996825 0.899642 0.993651 0.896057 0.993651 0.885305 0.990476 0.888889 0.987302 0.885305
0 0.809524 0.913978 0.803175 0.906810 0.800000 0.896057 0.793651 0.896057 0.784127 0.906810 0.771429 0.906810 0.765079 0.910394 0.755556 0.921147 0.755556 0.931900 0.774603 0.942652 0.787302 0.942652 0.793651 0.935484 0.793651 0.928315 0.800000 0.921147 0.809524 0.921147
0 0.739683 0.899642 0.736508 0.899642 0.733333 0.903226 0.730159 0.903226 0.726984 0.906810 0.723810 0.906810 0.720635 0.910394 0.717460 0.910394 0.714286 0.913978 0.714286 0.917563 0.720635 0.917563 0.723810 0.913978 0.726984 0.913978 0.730159 0.910394 0.733333 0.910394 0.739683 0.903226
0 0.876190 0.906810 0.873016 0.910394 0.873016 0.924731 0.876190 0.928315 0.885714 0.928315 0.892063 0.921147 0.892063 0.906810
0 0.958730 0.921147 0.952381 0.921147 0.949206 0.924731 0.946032 0.924731 0.936508 0.935484 0.936508 0.946237 0.939683 0.949821 0.942857 0.949821 0.946032 0.953405 0.955556 0.953405 0.955556 0.949821 0.958730 0.946237 0.958730 0.928315 0.961905 0.924731
0 0.711111 0.974910 0.717460 0.974910 0.720635 0.978495 0.733333 0.978495 0.739683 0.985663 0.749206 0.989247 0.752381 0.985663 0.765079 0.982079 0.777778 0.964158 0.774603 0.956989 0.765079 0.949821 0.733333 0.946237 0.730159 0.949821 0.720635 0.949821 0.711111 0.960573
0 0.584127 0.964158 0.587302 0.964158 0.590476 0.967742 0.593651 0.964158 0.615873 0.964158 0.619048 0.960573 0.628571 0.960573 0.631746 0.964158 0.634921 0.960573 0.641270 0.960573 0.641270 0.956989 0.634921 0.949821 0.596825 0.949821
0 0.898413 0.949821 0.895238 0.949821 0.888889 0.956989 0.885714 0.956989 0.876190 0.967742 0.876190 0.974910 0.882540 0.982079 0.898413 0.982079 0.904762 0.974910 0.904762 0.964158 0.901587 0.960573 0.901587 0.953405
0 0.812698 0.985663 0.812698 0.989247 0.815873 0.992832 0.847619 0.992832 0.850794 0.996416 0.853968 0.996416 0.857143 0.992832 0.863492 0.992832 0.863492 0.989247 0.850794 0.974910 0.844444 0.974910 0.841270 0.971326 0.831746 0.971326 0.828571 0.974910 0.822222 0.974910
