0 0.380952 0.000000 0.377778 0.003597 0.377778 0.010791 0.380952 0.014388 0.380952 0.017986 0.384127 0.021583 0.396825 0.021583 0.400000 0.017986 0.400000 0.014388 0.403175 0.010791 0.403175 0.007194 0.400000 0.003597 0.396825 0.003597 0.393651 0.000000
0 0.739683 0.039568 0.746032 0.043165 0.765079 0.043165 0.768254 0.039568 0.784127 0.039568 0.787302 0.035971 0.809524 0.032374 0.815873 0.028777 0.831746 0.007194 0.828571 0.003597 0.771429 0.003597 0.749206 0.014388 0.739683 0.025180
0 0.295238 0.021583 0.298413 0.032374 0.301587 0.035971 0.307937 0.035971 0.311111 0.039568 0.330159 0.039568 0.336508 0.032374 0.336508 0.025180 0.326984 0.014388 0.323810 0.014388 0.320635 0.010791 0.311111 0.010791 0.307937 0.014388 0.301587 0.014388
0 0.603175 0.014388 0.600000 0.017986 0.600000 0.028777 0.609524 0.039568 0.622222 0.039568 0.625397 0.035971 0.625397 0.021583 0.619048 0.014388
0 0.130159 0.035971 0.117460 0.035971 0.111111 0.043165 0.107937 0.043165 0.104762 0.046763 0.104762 0.061151 0.114286 0.061151 0.130159 0.043165
0 0.234921 0.035971 0.222222 0.035971 0.219048 0.039568 0.206349 0.039568 0.203175 0.043165 0.203175 0.053957 0.209524 0.061151 0.215873 0.061151 0.219048 0.064748 0.222222 0.061151 0.225397 0.061151 0.234921 0.050360 0.234921 0.046763 0.238095 0.043165 0.234921 0.039568
0 0.371429 0.046763 0.368254 0.046763 0.365079 0.043165 0.361905 0.043165 0.358730 0.046763 0.355556 0.046763 0.349206 0.053957 0.349206 0.068345 0.352381 0.071942 0.365079 0.071942 0.368254 0.068345 0.371429 0.068345 0.371429 0.064748 0.374603 0.061151 0.374603 0.053957 0.371429 0.050360
0 0.279365 0.050360 0.279365 0.053957 0.282540 0.057554 0.292063 0.057554 0.295238 0.053957 0.298413 0.053957 0.298413 0.050360 0.295238 0.046763 0.282540 0.046763
0 0.447619 0.050360 0.444444 0.050360 0.438095 0.057554 0.438095 0.061151 0.434921 0.064748 0.438095 0.068345 0.441270 0.068345 0.444444 0.064748 0.447619 0.064748 0.450794 0.061151 0.450794 0.053957
0 0.301587 0.071942 0.301587 0.079137 0.304762 0.079137 0.307937 0.082734 0.314286 0.082734 0.317460 0.086331 0.320635 0.086331 0.323810 0.082734 0.326984 0.082734 0.330159 0.079137 0.330159 0.068345 0.323810 0.061151 0.307937 0.061151 0.304762 0.064748 0.304762 0.068345
0 0.158730 0.079137 0.158730 0.089928 0.165079 0.097122 0.165079 0.100719 0.190476 0.100719 0.190476 0.082734 0.187302 0.079137 0.184127 0.079137 0.180952 0.075540 0.161905 0.075540
0 0.241270 0.079137 0.244444 0.082734 0.244444 0.089928 0.247619 0.093525 0.250794 0.093525 0.253968 0.097122 0.263492 0.097122 0.269841 0.089928 0.269841 0.086331 0.266667 0.082734 0.266667 0.079137 0.263492 0.079137 0.260317 0.075540 0.244444 0.075540
0 0.295238 0.075540 0.282540 0.075540 0.279365 0.079137 0.279365 0.089928 0.282540 0.093525 0.288889 0.093525 0.298413 0.082734 0.298413 0.079137
0 0.123810 0.079137 0.120635 0.079137 0.117460 0.082734 0.114286 0.082734 0.111111 0.086331 0.111111 0.093525 0.114286 0.097122 0.123810 0.097122 0.126984 0.093525 0.126984 0.082734
0 0.441270 0.086331 0.441270 0.093525 0.444444 0.097122 0.450794 0.097122 0.453968 0.100719 0.460317 0.100719 0.463492 0.104317 0.469841 0.104317 0.473016 0.100719 0.473016 0.097122 0.463492 0.086331 0.453968 0.086331 0.450794 0.082734 0.444444 0.082734
0 0.974603 0.093525 0.968254 0.093525 0.965079 0.097122 0.961905 0.097122 0.961905 0.100719 0.958730 0.104317 0.958730 0.111511 0.968254 0.111511 0.968254 0.107914 0.974603 0.100719
0 0.152381 0.111511 0.155556 0.115108 0.155556 0.118705 0.158730 0.118705 0.161905 0.122302 0.168254 0.122302 0.171429 0.125899 0.190476 0.125899 0.196825 0.115108 0.190476 0.104317 0.158730 0.104317
0 0.244444 0.111511 0.241270 0.111511 0.238095 0.107914 0.222222 0.107914 0.215873 0.115108 0.215873 0.118705 0.212698 0.122302 0.212698 0.129496 0.215873 0.133094 0.215873 0.136691 0.228571 0.136691 0.231746 0.133094 0.234921 0.133094 0.244444 0.122302
0 0.466667 0.133094 0.463492 0.125899 0.457143 0.122302 0.441270 0.122302 0.438095 0.118705 0.434921 0.122302 0.425397 0.122302 0.419048 0.125899 0.419048 0.129496 0.412698 0.136691 0.409524 0.143885 0.409524 0.154676 0.412698 0.154676 0.419048 0.161871 0.425397 0.158273 0.441270 0.158273 0.444444 0.154676 0.453968 0.154676 0.463492 0.147482 0.466667 0.140288 0.463492 0.136691
0 0.666667 0.118705 0.663492 0.122302 0.660317 0.118705 0.641270 0.118705 0.619048 0.129496 0.615873 0.136691 0.615873 0.147482 0.619048 0.154676 0.638095 0.169065 0.647619 0.169065 0.666667 0.158273 0.676190 0.147482 0.676190 0.129496
0 0.977778 0.122302 0.974603 0.125899 0.974603 0.129496 0.971429 0.133094 0.980952 0.143885 0.984127 0.143885 0.987302 0.147482 0.993651 0.147482 0.993651 0.122302 0.990476 0.122302 0.987302 0.118705 0.984127 0.122302
0 0.285714 0.147482 0.288889 0.151079 0.298413 0.151079 0.301587 0.154676 0.311111 0.154676 0.314286 0.158273 0.320635 0.158273 0.323810 0.154676 0.330159 0.154676 0.333333 0.151079 0.339683 0.151079 0.342857 0.147482 0.323810 0.133094 0.307937 0.133094 0.304762 0.136691 0.295238 0.136691
0 0.136508 0.136691 0.123810 0.136691 0.123810 0.140288 0.120635 0.143885 0.120635 0.147482 0.114286 0.154676 0.114286 0.169065 0.120635 0.169065 0.130159 0.158273 0.133333 0.158273 0.133333 0.154676 0.136508 0.151079
0 0.936508 0.140288 0.933333 0.140288 0.930159 0.136691 0.923810 0.136691 0.914286 0.143885 0.914286 0.147482 0.911111 0.151079 0.911111 0.158273 0.917460 0.169065 0.926984 0.169065 0.930159 0.165468 0.933333 0.165468 0.933333 0.161871 0.936508 0.158273
0 0.161905 0.151079 0.161905 0.154676 0.165079 0.158273 0.177778 0.158273 0.180952 0.161871 0.190476 0.161871 0.200000 0.154676 0.200000 0.147482 0.190476 0.140288 0.171429 0.140288
0 0.333333 0.176259 0.333333 0.194245 0.342857 0.205036 0.349206 0.208633 0.358730 0.208633 0.361905 0.212230 0.380952 0.212230 0.387302 0.208633 0.390476 0.161871 0.346032 0.165468
0 0.536508 0.176259 0.526984 0.187050 0.526984 0.197842 0.530159 0.201439 0.546032 0.201439 0.552381 0.194245 0.552381 0.179856 0.549206 0.176259
0 0.663492 0.176259 0.660317 0.179856 0.653968 0.179856 0.650794 0.183453 0.650794 0.197842 0.657143 0.208633 0.666667 0.208633 0.669841 0.205036 0.673016 0.205036 0.679365 0.194245 0.676190 0.190647 0.676190 0.187050 0.669841 0.179856 0.666667 0.179856
0 0.628571 0.187050 0.625397 0.187050 0.622222 0.183453 0.619048 0.187050 0.612698 0.187050 0.606349 0.194245 0.606349 0.208633 0.609524 0.212230 0.622222 0.212230 0.625397 0.208633 0.628571 0.208633 0.631746 0.205036 0.631746 0.194245 0.628571 0.190647
0 0.914286 0.183453 0.904762 0.183453 0.898413 0.190647 0.898413 0.215827 0.904762 0.226619 0.907937 0.226619 0.914286 0.215827 0.914286 0.201439 0.917460 0.197842 0.917460 0.194245 0.914286 0.190647
0 0.485714 0.187050 0.485714 0.190647 0.482540 0.194245 0.482540 0.208633 0.485714 0.212230 0.485714 0.215827 0.495238 0.215827 0.498413 0.212230 0.498413 0.190647 0.495238 0.187050
0 0.257143 0.190647 0.250794 0.197842 0.250794 0.208633 0.253968 0.212230 0.257143 0.212230 0.260317 0.215827 0.263492 0.215827 0.266667 0.212230 0.266667 0.208633 0.269841 0.205036 0.269841 0.201439 0.266667 0.197842 0.266667 0.194245 0.263492 0.190647
0 0.568254 0.201439 0.568254 0.205036 0.565079 0.208633 0.565079 0.219424 0.571429 0.226619 0.584127 0.226619 0.584127 0.223022 0.587302 0.219424 0.587302 0.205036 0.580952 0.197842 0.574603 0.197842 0.571429 0.201439
0 0.187302 0.201439 0.165079 0.212230 0.146032 0.212230 0.130159 0.237410 0.130159 0.248201 0.133333 0.251799 0.152381 0.251799 0.174603 0.237410 0.187302 0.215827
0 0.231746 0.208633 0.228571 0.212230 0.225397 0.212230 0.225397 0.223022 0.222222 0.226619 0.225397 0.230216 0.231746 0.230216 0.234921 0.226619 0.234921 0.223022 0.238095 0.219424 0.234921 0.215827 0.234921 0.212230
0 0.285714 0.208633 0.276190 0.208633 0.273016 0.212230 0.269841 0.212230 0.260317 0.223022 0.257143 0.233813 0.263492 0.241007 0.279365 0.241007 0.285714 0.233813 0.285714 0.230216 0.288889 0.226619 0.285714 0.223022 0.288889 0.219424 0.288889 0.212230
0 0.463492 0.208633 0.457143 0.208633 0.444444 0.223022 0.450794 0.244604 0.463492 0.244604 0.466667 0.241007 0.469841 0.241007 0.476190 0.233813 0.476190 0.226619 0.473016 0.223022 0.473016 0.219424
0 0.412698 0.226619 0.403175 0.226619 0.393651 0.237410 0.393651 0.251799 0.400000 0.262590 0.406349 0.262590 0.415873 0.251799 0.415873 0.230216
0 0.311111 0.233813 0.307937 0.230216 0.301587 0.230216 0.292063 0.241007 0.292063 0.251799 0.301587 0.251799 0.307937 0.244604 0.307937 0.241007 0.311111 0.237410
0 0.536508 0.230216 0.533333 0.233813 0.533333 0.244604 0.536508 0.248201 0.536508 0.251799 0.539683 0.251799 0.542857 0.255396 0.546032 0.251799 0.546032 0.248201 0.549206 0.244604 0.549206 0.237410 0.542857 0.230216
0 0.574603 0.244604 0.565079 0.255396 0.565079 0.269784 0.571429 0.276978 0.580952 0.276978 0.590476 0.266187 0.590476 0.251799 0.580952 0.244604
0 0.231746 0.248201 0.212698 0.248201 0.203175 0.258993 0.203175 0.273381 0.206349 0.276978 0.222222 0.276978 0.231746 0.266187 0.231746 0.262590 0.234921 0.258993 0.234921 0.251799
0 0.250794 0.255396 0.250794 0.266187 0.253968 0.269784 0.276190 0.269784 0.276190 0.262590 0.266667 0.251799 0.253968 0.251799
0 0.187302 0.255396 0.177778 0.255396 0.171429 0.262590 0.168254 0.262590 0.165079 0.266187 0.165079 0.280576 0.168254 0.284173 0.177778 0.284173 0.180952 0.280576 0.184127 0.280576 0.190476 0.273381 0.190476 0.258993
0 0.457143 0.262590 0.450794 0.262590 0.444444 0.269784 0.444444 0.287770 0.450794 0.287770 0.457143 0.280576
0 0.955556 0.262590 0.955556 0.266187 0.952381 0.269784 0.952381 0.280576 0.955556 0.284173 0.955556 0.287770 0.958730 0.287770 0.961905 0.291367 0.968254 0.291367 0.974603 0.284173 0.974603 0.269784 0.971429 0.266187 0.971429 0.262590
0 0.698413 0.269784 0.685714 0.273381 0.676190 0.294964 0.679365 0.302158 0.679365 0.320144 0.682540 0.323741 0.682540 0.341727 0.685714 0.345324 0.692063 0.345324 0.698413 0.338129 0.698413 0.320144 0.701587 0.316547 0.701587 0.276978
0 0.314286 0.280576 0.301587 0.280576 0.285714 0.294964 0.279365 0.312950 0.269841 0.327338 0.273016 0.334532 0.285714 0.334532 0.295238 0.327338 0.295238 0.323741 0.304762 0.312950 0.304762 0.309353 0.317460 0.291367 0.317460 0.284173
0 0.542857 0.287770 0.542857 0.294964 0.546032 0.298561 0.546032 0.302158 0.539683 0.309353 0.536508 0.309353 0.542857 0.320144 0.552381 0.320144 0.561905 0.312950 0.561905 0.305755 0.555556 0.298561 0.552381 0.298561 0.546032 0.291367 0.546032 0.287770
0 0.203175 0.298561 0.200000 0.294964 0.196825 0.294964 0.193651 0.298561 0.187302 0.298561 0.184127 0.302158 0.180952 0.302158 0.171429 0.312950 0.171429 0.320144 0.168254 0.323741 0.168254 0.327338 0.171429 0.327338 0.174603 0.323741 0.174603 0.320144 0.177778 0.316547 0.180952 0.316547 0.187302 0.309353 0.190476 0.309353 0.193651 0.305755 0.200000 0.305755 0.203175 0.302158
0 0.587302 0.294964 0.584127 0.298561 0.580952 0.298561 0.577778 0.302158 0.577778 0.312950 0.580952 0.316547 0.580952 0.320144 0.584127 0.323741 0.593651 0.323741 0.600000 0.316547 0.600000 0.302158 0.593651 0.294964
0 0.952381 0.298561 0.946032 0.298561 0.942857 0.302158 0.939683 0.302158 0.939683 0.305755 0.936508 0.309353 0.936508 0.316547 0.939683 0.320144 0.946032 0.320144 0.949206 0.316547 0.949206 0.312950 0.952381 0.309353
0 0.126984 0.302158 0.120635 0.302158 0.101587 0.323741 0.101587 0.327338 0.098413 0.330935 0.098413 0.338129 0.104762 0.345324 0.107937 0.341727 0.111111 0.341727 0.117460 0.334532 0.117460 0.330935 0.120635 0.327338 0.120635 0.323741 0.123810 0.320144 0.123810 0.316547 0.130159 0.305755
0 0.815873 0.302158 0.809524 0.302158 0.806349 0.305755 0.803175 0.305755 0.800000 0.309353 0.800000 0.312950 0.793651 0.320144 0.793651 0.323741 0.790476 0.327338 0.790476 0.338129 0.793651 0.341727 0.803175 0.341727 0.806349 0.338129 0.809524 0.338129 0.812698 0.334532 0.812698 0.330935 0.819048 0.323741 0.819048 0.305755
0 0.149206 0.305755 0.142857 0.305755 0.139683 0.309353 0.136508 0.309353 0.136508 0.312950 0.130159 0.323741 0.130159 0.330935 0.133333 0.334532 0.133333 0.338129 0.136508 0.338129 0.139683 0.341727 0.146032 0.341727 0.149206 0.338129 0.152381 0.338129 0.152381 0.327338 0.155556 0.323741 0.155556 0.320144 0.152381 0.316547 0.152381 0.309353
0 0.396825 0.305755 0.390476 0.305755 0.387302 0.309353 0.387302 0.320144 0.390476 0.320144 0.393651 0.323741 0.393651 0.320144 0.400000 0.312950 0.400000 0.309353
0 0.853968 0.305755 0.844444 0.316547 0.844444 0.327338 0.853968 0.338129 0.860317 0.338129 0.863492 0.341727 0.873016 0.338129 0.879365 0.327338 0.879365 0.312950 0.873016 0.305755
0 0.660317 0.323741 0.650794 0.312950 0.641270 0.312950 0.634921 0.320144 0.631746 0.320144 0.631746 0.323741 0.628571 0.327338 0.628571 0.334532 0.631746 0.338129 0.631746 0.341727 0.647619 0.341727 0.650794 0.338129 0.653968 0.338129 0.660317 0.330935
0 0.222222 0.316547 0.203175 0.316547 0.196825 0.323741 0.196825 0.327338 0.193651 0.330935 0.193651 0.334532 0.196825 0.338129 0.196825 0.341727 0.200000 0.341727 0.203175 0.345324 0.209524 0.345324 0.212698 0.341727 0.215873 0.341727 0.222222 0.334532 0.222222 0.327338 0.225397 0.323741 0.222222 0.320144
0 0.371429 0.323741 0.371429 0.334532 0.374603 0.338129 0.374603 0.341727 0.380952 0.341727 0.384127 0.345324 0.387302 0.341727 0.390476 0.341727 0.393651 0.338129 0.393651 0.327338 0.390476 0.323741 0.387302 0.323741 0.384127 0.320144 0.380952 0.320144 0.377778 0.323741
0 0.612698 0.327338 0.609524 0.330935 0.609524 0.334532 0.606349 0.338129 0.609524 0.341727 0.609524 0.345324 0.615873 0.352518 0.619048 0.352518 0.622222 0.348921 0.622222 0.341727 0.619048 0.338129 0.619048 0.330935 0.615873 0.327338
0 0.993651 0.334532 0.984127 0.345324 0.987302 0.348921 0.987302 0.352518 0.990476 0.356115 0.993651 0.356115 0.996825 0.352518 0.996825 0.338129
0 0.447619 0.345324 0.444444 0.341727 0.441270 0.341727 0.438095 0.338129 0.434921 0.338129 0.431746 0.341727 0.428571 0.341727 0.422222 0.348921 0.422222 0.363309 0.425397 0.366906 0.441270 0.366906 0.441270 0.363309 0.447619 0.356115
0 0.374603 0.345324 0.361905 0.345324 0.349206 0.359712 0.349206 0.370504 0.355556 0.370504 0.358730 0.366906 0.371429 0.366906 0.374603 0.363309
0 0.526984 0.345324 0.526984 0.356115 0.536508 0.366906 0.536508 0.370504 0.539683 0.374101 0.549206 0.374101 0.549206 0.363309 0.546032 0.359712 0.546032 0.356115 0.536508 0.345324
0 0.133333 0.348921 0.126984 0.348921 0.123810 0.352518 0.120635 0.352518 0.114286 0.359712 0.114286 0.374101 0.117460 0.374101 0.120635 0.377698 0.123810 0.374101 0.126984 0.374101 0.136508 0.363309 0.139683 0.363309 0.139683 0.356115
0 0.901587 0.356115 0.888889 0.356115 0.885714 0.359712 0.882540 0.359712 0.882540 0.363309 0.879365 0.366906 0.879365 0.381295 0.882540 0.384892 0.892063 0.384892 0.901587 0.377698 0.901587 0.374101 0.904762 0.370504 0.904762 0.359712
0 0.952381 0.356115 0.961905 0.366906 0.961905 0.370504 0.971429 0.370504 0.974603 0.366906 0.968254 0.359712 0.965079 0.359712 0.961905 0.356115
0 0.634921 0.363309 0.628571 0.370504 0.628571 0.384892 0.638095 0.392086 0.653968 0.392086 0.660317 0.381295 0.660317 0.377698 0.657143 0.374101 0.657143 0.370504 0.647619 0.363309
0 0.374603 0.366906 0.371429 0.370504 0.371429 0.374101 0.368254 0.377698 0.368254 0.392086 0.371429 0.395683 0.380952 0.395683 0.390476 0.384892 0.390476 0.377698 0.384127 0.370504 0.380952 0.370504 0.377778 0.366906
0 0.507937 0.366906 0.504762 0.370504 0.504762 0.381295 0.511111 0.388489 0.520635 0.388489 0.520635 0.377698 0.511111 0.366906
0 0.819048 0.366906 0.809524 0.377698 0.809524 0.384892 0.812698 0.388489 0.828571 0.388489 0.831746 0.384892 0.831746 0.374101 0.828571 0.370504 0.825397 0.370504 0.822222 0.366906
0 0.415873 0.381295 0.406349 0.381295 0.403175 0.384892 0.403175 0.392086 0.406349 0.395683 0.409524 0.392086 0.412698 0.392086 0.415873 0.388489
0 0.866667 0.384892 0.863492 0.384892 0.860317 0.381295 0.853968 0.381295 0.850794 0.384892 0.847619 0.384892 0.847619 0.388489 0.838095 0.406475 0.838095 0.420863 0.841270 0.424460 0.847619 0.424460 0.850794 0.420863 0.853968 0.420863 0.860317 0.413669 0.860317 0.410072 0.863492 0.406475 0.863492 0.399281 0.866667 0.395683
0 0.133333 0.388489 0.130159 0.388489 0.126984 0.392086 0.117460 0.392086 0.114286 0.395683 0.114286 0.406475 0.120635 0.413669 0.130159 0.413669 0.136508 0.406475 0.136508 0.392086
0 0.276190 0.388489 0.269841 0.388489 0.266667 0.392086 0.257143 0.392086 0.253968 0.395683 0.247619 0.395683 0.241270 0.406475 0.241270 0.413669 0.244444 0.417266 0.244444 0.420863 0.247619 0.420863 0.250794 0.424460 0.260317 0.420863 0.269841 0.410072 0.269841 0.406475 0.276190 0.395683
0 0.949206 0.388489 0.942857 0.395683 0.942857 0.417266 0.946032 0.420863 0.946032 0.424460 0.952381 0.431655 0.961905 0.431655 0.968254 0.424460 0.968254 0.410072 0.965079 0.406475 0.965079 0.399281 0.961905 0.395683 0.961905 0.392086 0.958730 0.388489
0 0.346032 0.392086 0.342857 0.395683 0.342857 0.402878 0.346032 0.406475 0.346032 0.420863 0.352381 0.428058 0.355556 0.428058 0.361905 0.420863 0.361905 0.417266 0.358730 0.413669 0.358730 0.406475 0.355556 0.402878 0.355556 0.395683 0.352381 0.392086
0 0.415873 0.399281 0.419048 0.402878 0.419048 0.438849 0.422222 0.438849 0.425397 0.435252 0.431746 0.435252 0.428571 0.431655 0.431746 0.428058 0.431746 0.424460 0.438095 0.413669 0.431746 0.402878 0.425397 0.402878 0.422222 0.399281
0 0.895238 0.399281 0.898413 0.402878 0.898413 0.406475 0.904762 0.413669 0.907937 0.413669 0.907937 0.402878 0.904762 0.399281
0 0.526984 0.410072 0.523810 0.410072 0.520635 0.406475 0.517460 0.410072 0.514286 0.410072 0.511111 0.413669 0.507937 0.413669 0.504762 0.417266 0.504762 0.424460 0.514286 0.424460 0.517460 0.420863 0.520635 0.420863 0.523810 0.417266 0.526984 0.417266
0 0.653968 0.410072 0.641270 0.410072 0.631746 0.417266 0.631746 0.420863 0.628571 0.424460 0.631746 0.428058 0.631746 0.442446 0.634921 0.446043 0.644444 0.446043 0.653968 0.435252 0.653968 0.428058 0.657143 0.424460 0.657143 0.413669
0 0.777778 0.431655 0.784127 0.431655 0.787302 0.428058 0.787302 0.424460 0.790476 0.420863 0.796825 0.420863 0.800000 0.417266 0.796825 0.413669 0.780952 0.413669 0.780952 0.417266 0.777778 0.420863
0 0.473016 0.417266 0.463492 0.417266 0.450794 0.431655 0.450794 0.453237 0.453968 0.456835 0.453968 0.464029 0.460317 0.471223 0.469841 0.464029 0.469841 0.456835 0.476190 0.446043 0.476190 0.420863
0 0.593651 0.417266 0.587302 0.417266 0.580952 0.424460 0.580952 0.428058 0.574603 0.435252 0.574603 0.442446 0.580952 0.449640 0.584127 0.446043 0.590476 0.446043 0.593651 0.442446
0 0.336508 0.431655 0.333333 0.435252 0.333333 0.446043 0.336508 0.449640 0.336508 0.460432 0.339683 0.464029 0.342857 0.464029 0.346032 0.460432 0.346032 0.449640 0.342857 0.446043 0.342857 0.442446 0.339683 0.438849 0.339683 0.431655
0 0.180952 0.438849 0.180952 0.449640 0.193651 0.464029 0.193651 0.467626 0.200000 0.474820 0.203175 0.485612 0.209524 0.492806 0.215873 0.492806 0.215873 0.489209 0.219048 0.485612 0.219048 0.471223 0.215873 0.467626 0.212698 0.456835 0.196825 0.442446 0.193651 0.442446 0.190476 0.438849
0 0.431746 0.438849 0.425397 0.438849 0.422222 0.442446 0.419048 0.442446 0.412698 0.449640 0.412698 0.453237 0.406349 0.464029 0.409524 0.467626 0.409524 0.471223 0.422222 0.471223 0.425397 0.467626 0.428571 0.467626 0.434921 0.460432 0.434921 0.442446
0 0.514286 0.438849 0.514286 0.442446 0.511111 0.446043 0.511111 0.467626 0.514286 0.471223 0.514286 0.482014 0.517460 0.485612 0.520635 0.485612 0.520635 0.474820 0.517460 0.471223 0.517460 0.464029 0.520635 0.460432 0.520635 0.449640 0.523810 0.446043 0.523810 0.442446 0.520635 0.438849
0 0.533333 0.460432 0.533333 0.467626 0.539683 0.474820 0.552381 0.474820 0.558730 0.467626 0.558730 0.456835 0.555556 0.453237 0.542857 0.453237 0.539683 0.456835 0.536508 0.456835
0 0.130159 0.471223 0.133333 0.474820 0.133333 0.478417 0.136508 0.478417 0.139683 0.482014 0.149206 0.482014 0.152381 0.485612 0.171429 0.485612 0.174603 0.482014 0.174603 0.474820 0.165079 0.464029 0.161905 0.464029 0.158730 0.460432 0.139683 0.460432 0.136508 0.464029 0.133333 0.464029 0.133333 0.467626
0 0.253968 0.471223 0.253968 0.478417 0.257143 0.482014 0.285714 0.482014 0.288889 0.478417 0.285714 0.474820 0.285714 0.471223 0.279365 0.464029 0.269841 0.464029 0.266667 0.460432 0.263492 0.460432 0.260317 0.464029 0.257143 0.464029 0.257143 0.467626
0 0.571429 0.474820 0.568254 0.478417 0.568254 0.492806 0.577778 0.492806 0.580952 0.489209 0.580952 0.485612 0.584127 0.482014 0.584127 0.478417 0.580952 0.474820
0 0.304762 0.482014 0.301587 0.482014 0.298413 0.478417 0.292063 0.478417 0.285714 0.485612 0.282540 0.485612 0.273016 0.496403 0.273016 0.503597 0.282540 0.510791 0.295238 0.510791 0.301587 0.500000 0.301587 0.485612
0 0.447619 0.482014 0.434921 0.482014 0.428571 0.489209 0.428571 0.510791 0.431746 0.514388 0.431746 0.521583 0.434921 0.525180 0.438095 0.525180 0.444444 0.514388 0.444444 0.507194 0.447619 0.503597 0.447619 0.496403 0.450794 0.492806
0 0.739683 0.496403 0.733333 0.496403 0.726984 0.503597 0.726984 0.507194 0.723810 0.510791 0.723810 0.514388 0.720635 0.517986 0.717460 0.517986 0.717460 0.528777 0.720635 0.532374 0.726984 0.532374 0.730159 0.528777 0.733333 0.528777 0.739683 0.521583
0 0.596825 0.500000 0.590476 0.500000 0.584127 0.507194 0.584127 0.510791 0.580952 0.514388 0.580952 0.517986 0.584127 0.521583 0.590476 0.521583 0.600000 0.510791 0.600000 0.503597
0 0.168254 0.507194 0.161905 0.514388 0.161905 0.517986 0.158730 0.521583 0.158730 0.525180 0.161905 0.528777 0.161905 0.535971 0.168254 0.543165 0.184127 0.543165 0.190476 0.535971 0.190476 0.525180 0.187302 0.521583 0.187302 0.517986 0.177778 0.507194
0 0.371429 0.507194 0.361905 0.507194 0.352381 0.517986 0.352381 0.532374 0.358730 0.532374 0.371429 0.517986
0 0.107937 0.514388 0.104762 0.514388 0.101587 0.517986 0.098413 0.517986 0.095238 0.521583 0.095238 0.525180 0.092063 0.528777 0.092063 0.535971 0.095238 0.539568 0.095238 0.543165 0.098413 0.543165 0.101587 0.546763 0.104762 0.546763 0.107937 0.543165 0.111111 0.543165 0.114286 0.539568 0.114286 0.517986 0.111111 0.517986
0 0.523810 0.517986 0.523810 0.528777 0.526984 0.528777 0.530159 0.532374 0.542857 0.532374 0.546032 0.528777 0.549206 0.528777 0.549206 0.525180 0.542857 0.517986
0 0.304762 0.521583 0.304762 0.525180 0.301587 0.528777 0.301587 0.532374 0.304762 0.535971 0.304762 0.546763 0.307937 0.550360 0.307937 0.553957 0.311111 0.553957 0.314286 0.550360 0.314286 0.525180 0.311111 0.521583
0 0.457143 0.525180 0.453968 0.525180 0.444444 0.535971 0.444444 0.539568 0.441270 0.543165 0.441270 0.557554 0.450794 0.568345 0.453968 0.568345 0.460317 0.561151 0.460317 0.557554 0.466667 0.546763 0.466667 0.532374
0 0.930159 0.535971 0.923810 0.528777 0.920635 0.528777 0.917460 0.532374 0.907937 0.532374 0.904762 0.535971 0.895238 0.539568 0.888889 0.546763 0.888889 0.553957 0.892063 0.557554 0.898413 0.557554 0.907937 0.550360 0.914286 0.550360 0.917460 0.546763 0.926984 0.546763
0 0.841270 0.543165 0.841270 0.546763 0.838095 0.550360 0.838095 0.553957 0.841270 0.557554 0.841270 0.561151 0.844444 0.564748 0.844444 0.568345 0.847619 0.568345 0.853968 0.575540 0.860317 0.575540 0.860317 0.571942 0.863492 0.568345 0.863492 0.550360 0.860317 0.546763 0.860317 0.543165 0.853968 0.543165 0.850794 0.539568 0.847619 0.539568 0.844444 0.543165
0 0.958730 0.539568 0.955556 0.539568 0.952381 0.543165 0.949206 0.543165 0.949206 0.546763 0.942857 0.553957 0.942857 0.561151 0.939683 0.564748 0.939683 0.568345 0.946032 0.575540 0.949206 0.571942 0.952381 0.571942 0.952381 0.568345 0.955556 0.564748 0.955556 0.561151 0.958730 0.557554 0.958730 0.553957 0.961905 0.550360 0.961905 0.543165
0 0.295238 0.550360 0.282540 0.550360 0.276190 0.557554 0.276190 0.564748 0.273016 0.568345 0.276190 0.571942 0.276190 0.575540 0.279365 0.579137 0.282540 0.579137 0.285714 0.575540 0.292063 0.575540 0.298413 0.568345 0.298413 0.553957
0 0.717460 0.550360 0.714286 0.553957 0.711111 0.553957 0.711111 0.557554 0.707937 0.561151 0.707937 0.568345 0.711111 0.571942 0.714286 0.571942 0.717460 0.575540 0.723810 0.575540 0.726984 0.571942 0.726984 0.568345 0.730159 0.564748 0.730159 0.553957 0.726984 0.550360
0 0.828571 0.564748 0.825397 0.561151 0.815873 0.561151 0.812698 0.564748 0.809524 0.564748 0.806349 0.568345 0.806349 0.586331 0.809524 0.582734 0.812698 0.582734 0.815873 0.579137 0.819048 0.579137 0.822222 0.575540 0.825397 0.575540 0.825397 0.571942 0.828571 0.568345
0 0.123810 0.568345 0.123810 0.571942 0.120635 0.575540 0.120635 0.586331 0.123810 0.589928 0.126984 0.589928 0.130159 0.593525 0.133333 0.589928 0.136508 0.589928 0.139683 0.586331 0.139683 0.582734 0.136508 0.579137 0.136508 0.575540 0.133333 0.571942 0.130159 0.571942 0.126984 0.568345
0 0.241270 0.575540 0.238095 0.579137 0.238095 0.589928 0.241270 0.593525 0.241270 0.597122 0.247619 0.604317 0.253968 0.604317 0.253968 0.597122 0.257143 0.593525 0.257143 0.582734 0.250794 0.575540
0 0.974603 0.575540 0.971429 0.579137 0.971429 0.597122 0.977778 0.604317 0.980952 0.604317 0.984127 0.607914 0.987302 0.607914 0.993651 0.600719 0.993651 0.579137 0.990476 0.575540
0 0.692063 0.579137 0.685714 0.586331 0.685714 0.600719 0.692063 0.607914 0.701587 0.607914 0.701587 0.604317 0.707937 0.597122 0.707937 0.593525 0.704762 0.589928 0.704762 0.582734 0.701587 0.579137
0 0.917460 0.579137 0.914286 0.582734 0.911111 0.582734 0.904762 0.589928 0.904762 0.597122 0.911111 0.607914 0.914286 0.607914 0.917460 0.611511 0.923810 0.611511 0.930159 0.604317 0.930159 0.600719 0.933333 0.597122 0.933333 0.589928 0.930159 0.586331 0.930159 0.582734 0.926984 0.582734 0.923810 0.579137
0 0.320635 0.582734 0.317460 0.582734 0.314286 0.586331 0.311111 0.586331 0.311111 0.589928 0.307937 0.593525 0.307937 0.604317 0.311111 0.607914 0.320635 0.607914 0.323810 0.604317 0.323810 0.600719 0.326984 0.597122 0.326984 0.593525 0.323810 0.589928 0.323810 0.586331
0 0.844444 0.593525 0.841270 0.589928 0.834921 0.589928 0.831746 0.586331 0.828571 0.589928 0.825397 0.589928 0.822222 0.593525 0.822222 0.597122 0.819048 0.600719 0.819048 0.604317 0.825397 0.611511 0.838095 0.611511 0.844444 0.604317
0 0.765079 0.589928 0.758730 0.597122 0.758730 0.604317 0.761905 0.607914 0.761905 0.611511 0.765079 0.615108 0.768254 0.615108 0.774603 0.607914 0.774603 0.600719 0.771429 0.597122 0.771429 0.593525 0.768254 0.593525
0 0.739683 0.593525 0.736508 0.597122 0.733333 0.597122 0.733333 0.604317 0.736508 0.607914 0.736508 0.615108 0.742857 0.622302 0.742857 0.640288 0.746032 0.643885 0.749206 0.643885 0.752381 0.640288 0.752381 0.636691 0.749206 0.633094 0.749206 0.625899 0.746032 0.622302 0.746032 0.615108 0.742857 0.611511 0.742857 0.597122
0 0.425397 0.607914 0.425397 0.622302 0.428571 0.625899 0.444444 0.625899 0.447619 0.622302 0.447619 0.618705 0.450794 0.615108 0.450794 0.611511 0.447619 0.607914 0.447619 0.604317 0.444444 0.600719 0.434921 0.600719 0.428571 0.607914
0 0.215873 0.607914 0.212698 0.607914 0.209524 0.604317 0.206349 0.607914 0.200000 0.607914 0.196825 0.611511 0.193651 0.611511 0.193651 0.615108 0.190476 0.618705 0.190476 0.622302 0.209524 0.622302 0.215873 0.615108
0 0.177778 0.625899 0.174603 0.625899 0.161905 0.611511 0.158730 0.611511 0.155556 0.615108 0.155556 0.622302 0.152381 0.625899 0.152381 0.629496 0.146032 0.636691 0.146032 0.640288 0.149206 0.643885 0.158730 0.643885 0.161905 0.640288 0.165079 0.640288 0.171429 0.633094 0.174603 0.633094 0.174603 0.629496
0 0.790476 0.611511 0.784127 0.622302 0.784127 0.633094 0.787302 0.636691 0.796825 0.640288 0.803175 0.651079 0.806349 0.647482 0.812698 0.647482 0.819048 0.640288 0.819048 0.633094 0.815873 0.629496 0.815873 0.622302 0.809524 0.615108 0.803175 0.615108 0.800000 0.611511
0 0.288889 0.615108 0.282540 0.625899 0.282540 0.636691 0.285714 0.640288 0.285714 0.643885 0.288889 0.647482 0.301587 0.647482 0.304762 0.643885 0.307937 0.643885 0.314286 0.633094 0.311111 0.629496 0.311111 0.625899 0.301587 0.615108
0 0.650794 0.615108 0.647619 0.618705 0.644444 0.618705 0.638095 0.625899 0.638095 0.629496 0.634921 0.633094 0.634921 0.640288 0.641270 0.647482 0.644444 0.643885 0.650794 0.643885 0.657143 0.636691 0.657143 0.629496 0.660317 0.625899 0.660317 0.622302 0.657143 0.618705 0.653968 0.618705
0 0.873016 0.615108 0.860317 0.615108 0.857143 0.618705 0.853968 0.618705 0.838095 0.636691 0.841270 0.654676 0.850794 0.665468 0.860317 0.665468 0.863492 0.661871 0.866667 0.651079 0.873016 0.643885 0.873016 0.640288 0.876190 0.636691 0.876190 0.618705
0 0.682540 0.618705 0.673016 0.618705 0.669841 0.622302 0.666667 0.622302 0.660317 0.629496 0.660317 0.643885 0.663492 0.647482 0.663492 0.654676 0.669841 0.654676 0.676190 0.647482 0.676190 0.643885 0.679365 0.640288 0.679365 0.633094 0.682540 0.629496
0 0.977778 0.622302 0.961905 0.622302 0.952381 0.633094 0.952381 0.647482 0.958730 0.654676 0.965079 0.654676 0.968254 0.651079 0.971429 0.651079 0.980952 0.640288 0.980952 0.636691 0.984127 0.633094 0.984127 0.629496
0 0.368254 0.629496 0.358730 0.629496 0.355556 0.633094 0.352381 0.633094 0.352381 0.636691 0.349206 0.640288 0.349206 0.643885 0.358730 0.654676 0.361905 0.654676 0.368254 0.647482 0.371429 0.647482 0.371429 0.633094
0 0.222222 0.633094 0.219048 0.636691 0.215873 0.636691 0.209524 0.643885 0.209524 0.651079 0.212698 0.654676 0.219048 0.654676 0.222222 0.651079 0.225397 0.651079 0.225397 0.647482 0.228571 0.643885 0.228571 0.640288
0 0.457143 0.636691 0.444444 0.636691 0.434921 0.647482 0.434921 0.658273 0.441270 0.665468 0.447619 0.665468 0.450794 0.661871 0.453968 0.661871 0.463492 0.651079 0.463492 0.643885
0 0.374603 0.647482 0.371429 0.651079 0.368254 0.651079 0.365079 0.654676 0.365079 0.669065 0.368254 0.672662 0.380952 0.672662 0.380952 0.654676
0 0.622222 0.654676 0.615873 0.647482 0.609524 0.647482 0.606349 0.651079 0.603175 0.651079 0.600000 0.654676 0.600000 0.658273 0.596825 0.661871 0.596825 0.676259 0.609524 0.676259 0.622222 0.661871
0 0.339683 0.654676 0.336508 0.654676 0.333333 0.651079 0.326984 0.651079 0.323810 0.654676 0.320635 0.654676 0.320635 0.658273 0.317460 0.661871 0.317460 0.672662 0.323810 0.679856 0.330159 0.679856 0.333333 0.676259 0.336508 0.676259 0.346032 0.665468 0.342857 0.661871 0.342857 0.658273
0 0.412698 0.651079 0.409524 0.654676 0.409524 0.669065 0.412698 0.672662 0.412698 0.676259 0.415873 0.679856 0.419048 0.679856 0.422222 0.683453 0.428571 0.676259 0.428571 0.669065 0.425397 0.665468 0.425397 0.658273 0.419048 0.651079
0 0.266667 0.654676 0.257143 0.661871 0.257143 0.679856 0.263492 0.690647 0.266667 0.690647 0.269841 0.694245 0.276190 0.694245 0.285714 0.687050 0.285714 0.676259 0.282540 0.672662 0.282540 0.665468 0.276190 0.658273
0 0.796825 0.658273 0.793651 0.654676 0.780952 0.654676 0.777778 0.658273 0.774603 0.658273 0.768254 0.665468 0.768254 0.672662 0.774603 0.679856 0.777778 0.679856 0.780952 0.676259 0.784127 0.676259 0.793651 0.665468 0.793651 0.661871
0 0.723810 0.658273 0.723810 0.669065 0.726984 0.672662 0.726984 0.694245 0.730159 0.697842 0.736508 0.690647 0.736508 0.687050 0.739683 0.683453 0.739683 0.672662 0.726984 0.658273
0 0.133333 0.669065 0.130159 0.669065 0.126984 0.665468 0.123810 0.665468 0.120635 0.669065 0.117460 0.669065 0.111111 0.676259 0.111111 0.683453 0.117460 0.690647 0.117460 0.694245 0.130159 0.694245 0.133333 0.690647 0.133333 0.683453 0.136508 0.679856 0.136508 0.676259 0.133333 0.672662
0 0.200000 0.669065 0.200000 0.687050 0.203175 0.690647 0.215873 0.690647 0.222222 0.683453 0.222222 0.669065 0.219048 0.665468 0.206349 0.665468 0.203175 0.669065
0 0.346032 0.669065 0.342857 0.672662 0.342857 0.679856 0.346032 0.683453 0.346032 0.687050 0.349206 0.690647 0.358730 0.690647 0.361905 0.687050 0.361905 0.676259 0.358730 0.672662 0.355556 0.672662 0.352381 0.669065
0 0.647619 0.672662 0.647619 0.679856 0.650794 0.683453 0.650794 0.687050 0.653968 0.687050 0.657143 0.690647 0.669841 0.690647 0.673016 0.687050 0.673016 0.679856 0.669841 0.676259 0.669841 0.672662 0.666667 0.669065 0.650794 0.669065
0 0.780952 0.708633 0.784127 0.712230 0.784127 0.719424 0.790476 0.726619 0.806349 0.726619 0.809524 0.723022 0.812698 0.723022 0.822222 0.712230 0.822222 0.701439 0.812698 0.694245 0.793651 0.694245 0.790476 0.697842 0.787302 0.697842
0 0.168254 0.697842 0.161905 0.697842 0.158730 0.701439 0.155556 0.701439 0.152381 0.705036 0.149206 0.705036 0.149206 0.708633 0.146032 0.712230 0.149206 0.715827 0.149206 0.726619 0.152381 0.730216 0.158730 0.730216 0.158730 0.726619 0.161905 0.723022 0.161905 0.719424 0.165079 0.715827 0.165079 0.712230 0.168254 0.708633
0 0.342857 0.705036 0.333333 0.705036 0.326984 0.712230 0.326984 0.723022 0.333333 0.730216 0.336508 0.726619 0.342857 0.726619 0.349206 0.719424 0.349206 0.712230
0 0.676190 0.708633 0.673016 0.705036 0.669841 0.705036 0.666667 0.708633 0.653968 0.708633 0.650794 0.712230 0.650794 0.715827 0.647619 0.719424 0.647619 0.723022 0.650794 0.726619 0.660317 0.726619 0.663492 0.723022 0.666667 0.723022 0.669841 0.719424 0.673016 0.719424 0.676190 0.715827
0 0.904762 0.705036 0.892063 0.705036 0.885714 0.712230 0.885714 0.719424 0.888889 0.723022 0.888889 0.726619 0.892063 0.730216 0.892063 0.733813 0.895238 0.733813 0.898413 0.737410 0.901587 0.733813 0.904762 0.733813 0.911111 0.726619 0.911111 0.712230
0 0.387302 0.708633 0.377778 0.708633 0.371429 0.715827 0.371429 0.726619 0.368254 0.730216 0.371429 0.733813 0.371429 0.741007 0.377778 0.748201 0.387302 0.744604 0.393651 0.737410 0.393651 0.730216 0.396825 0.726619 0.393651 0.715827
0 0.180952 0.726619 0.184127 0.730216 0.203175 0.730216 0.212698 0.719424 0.212698 0.712230 0.190476 0.712230 0.187302 0.715827 0.184127 0.715827 0.180952 0.719424
0 0.295238 0.712230 0.292063 0.715827 0.288889 0.715827 0.285714 0.719424 0.285714 0.737410 0.295238 0.748201 0.298413 0.748201 0.304762 0.741007 0.304762 0.715827 0.298413 0.715827
0 0.968254 0.726619 0.965079 0.730216 0.965079 0.751799 0.974603 0.762590 0.980952 0.762590 0.990476 0.751799 0.990476 0.737410 0.984127 0.730216 0.980952 0.730216 0.977778 0.726619
0 0.930159 0.737410 0.926984 0.741007 0.926984 0.755396 0.933333 0.762590 0.946032 0.762590 0.949206 0.758993 0.949206 0.744604 0.942857 0.737410 0.939683 0.737410 0.936508 0.733813 0.933333 0.737410
0 0.276190 0.737410 0.269841 0.737410 0.266667 0.741007 0.263492 0.741007 0.260317 0.744604 0.260317 0.758993 0.266667 0.766187 0.269841 0.766187 0.273016 0.762590 0.279365 0.762590 0.279365 0.758993 0.282540 0.755396 0.282540 0.748201 0.279365 0.744604 0.279365 0.741007
0 0.609524 0.741007 0.603175 0.748201 0.603175 0.755396 0.600000 0.758993 0.600000 0.762590 0.606349 0.773381 0.619048 0.773381 0.622222 0.769784 0.622222 0.762590 0.625397 0.758993 0.625397 0.748201 0.622222 0.744604 0.622222 0.741007
0 0.355556 0.748201 0.352381 0.744604 0.349206 0.748201 0.346032 0.748201 0.342857 0.751799 0.339683 0.751799 0.339683 0.762590 0.342857 0.762590
0 0.888889 0.744604 0.879365 0.744604 0.866667 0.758993 0.866667 0.762590 0.863492 0.766187 0.863492 0.769784 0.866667 0.773381 0.866667 0.776978 0.869841 0.776978 0.873016 0.780576 0.876190 0.780576 0.879365 0.776978 0.882540 0.776978 0.892063 0.766187 0.892063 0.748201
0 0.158730 0.751799 0.146032 0.751799 0.142857 0.755396 0.142857 0.762590 0.139683 0.766187 0.139683 0.784173 0.136508 0.787770 0.136508 0.794964 0.139683 0.798561 0.139683 0.802158 0.146032 0.802158 0.161905 0.784173 0.161905 0.780576 0.165079 0.776978 0.165079 0.762590
0 0.695238 0.755396 0.692063 0.755396 0.688889 0.758993 0.682540 0.758993 0.679365 0.762590 0.679365 0.769784 0.685714 0.776978 0.695238 0.776978 0.698413 0.773381 0.698413 0.758993
0 0.311111 0.762590 0.304762 0.769784 0.304762 0.780576 0.307937 0.784173 0.307937 0.794964 0.317460 0.802158 0.323810 0.794964 0.323810 0.776978 0.320635 0.773381 0.320635 0.766187 0.317460 0.762590
0 0.241270 0.766187 0.238095 0.769784 0.238095 0.776978 0.244444 0.784173 0.244444 0.787770 0.247619 0.791367 0.247619 0.794964 0.257143 0.794964 0.260317 0.791367 0.260317 0.780576 0.253968 0.773381 0.250794 0.773381 0.244444 0.766187
0 0.222222 0.773381 0.206349 0.773381 0.200000 0.780576 0.196825 0.780576 0.196825 0.784173 0.193651 0.787770 0.193651 0.791367 0.196825 0.794964 0.196825 0.798561 0.200000 0.802158 0.209524 0.802158 0.212698 0.798561 0.215873 0.798561 0.222222 0.791367 0.222222 0.784173 0.225397 0.780576 0.222222 0.776978
0 0.917460 0.776978 0.911111 0.776978 0.901587 0.784173 0.901587 0.787770 0.898413 0.791367 0.898413 0.805755 0.901587 0.805755 0.904762 0.809353 0.911111 0.809353 0.914286 0.805755 0.917460 0.805755 0.923810 0.798561 0.923810 0.784173
0 0.958730 0.776978 0.946032 0.776978 0.942857 0.780576 0.939683 0.780576 0.939683 0.784173 0.936508 0.787770 0.936508 0.794964 0.942857 0.805755 0.952381 0.805755 0.961905 0.798561 0.961905 0.780576
0 0.288889 0.780576 0.285714 0.784173 0.282540 0.784173 0.276190 0.794964 0.276190 0.812950 0.282540 0.820144 0.288889 0.820144 0.295238 0.812950 0.295238 0.809353 0.298413 0.805755 0.298413 0.791367 0.295238 0.787770 0.295238 0.784173 0.292063 0.784173
0 0.860317 0.787770 0.860317 0.794964 0.863492 0.794964 0.866667 0.798561 0.869841 0.798561 0.873016 0.802158 0.882540 0.802158 0.882540 0.791367 0.879365 0.791367 0.876190 0.787770 0.866667 0.787770 0.863492 0.784173
0 0.225397 0.802158 0.219048 0.809353 0.219048 0.827338 0.225397 0.834532 0.244444 0.834532 0.244444 0.830935 0.253968 0.820144 0.253968 0.809353 0.250794 0.805755 0.250794 0.802158 0.247619 0.802158 0.244444 0.798561 0.231746 0.798561 0.228571 0.802158
0 0.790476 0.805755 0.777778 0.802158 0.761905 0.805755 0.739683 0.827338 0.739683 0.856115 0.733333 0.874101 0.739683 0.895683 0.749206 0.899281 0.774603 0.881295 0.806349 0.838129 0.803175 0.816547
0 0.844444 0.802158 0.834921 0.802158 0.831746 0.805755 0.828571 0.805755 0.819048 0.816547 0.819048 0.830935 0.822222 0.834532 0.825397 0.834532 0.828571 0.830935 0.831746 0.830935 0.834921 0.827338 0.838095 0.827338 0.844444 0.820144 0.844444 0.816547 0.847619 0.812950 0.847619 0.805755
0 0.174603 0.805755 0.171429 0.809353 0.171429 0.812950 0.174603 0.816547 0.174603 0.823741 0.177778 0.827338 0.180952 0.838129 0.184127 0.841727 0.193651 0.845324 0.200000 0.834532 0.200000 0.827338 0.196825 0.823741 0.196825 0.820144 0.190476 0.812950 0.190476 0.809353 0.187302 0.805755
0 0.650794 0.809353 0.641270 0.816547 0.641270 0.823741 0.638095 0.827338 0.638095 0.841727 0.644444 0.848921 0.653968 0.848921 0.653968 0.845324 0.657143 0.841727 0.657143 0.827338 0.660317 0.823741 0.657143 0.820144 0.657143 0.816547
0 0.673016 0.816547 0.669841 0.820144 0.666667 0.820144 0.660317 0.827338 0.660317 0.841727 0.663492 0.845324 0.663492 0.848921 0.669841 0.856115 0.682540 0.856115 0.688889 0.848921 0.688889 0.845324 0.692063 0.841727 0.692063 0.827338 0.685714 0.820144 0.685714 0.816547
0 0.263492 0.820144 0.257143 0.820144 0.247619 0.830935 0.247619 0.834532 0.244444 0.838129 0.247619 0.841727 0.247619 0.845324 0.250794 0.848921 0.253968 0.848921 0.257143 0.845324 0.260317 0.845324 0.263492 0.841727 0.263492 0.838129 0.266667 0.834532 0.266667 0.827338 0.263492 0.823741
0 0.336508 0.820144 0.333333 0.823741 0.330159 0.823741 0.323810 0.834532 0.323810 0.852518 0.330159 0.863309 0.336508 0.863309 0.339683 0.859712 0.342857 0.859712 0.342857 0.856115 0.346032 0.852518 0.346032 0.834532 0.342857 0.830935 0.342857 0.823741 0.339683 0.823741
0 0.879365 0.823741 0.879365 0.830935 0.876190 0.834532 0.879365 0.838129 0.879365 0.845324 0.882540 0.845324 0.885714 0.848921 0.888889 0.845324 0.892063 0.848921 0.895238 0.845324 0.904762 0.845324 0.907937 0.848921 0.917460 0.848921 0.917460 0.845324 0.920635 0.841727 0.920635 0.827338 0.917460 0.827338 0.907937 0.820144 0.898413 0.820144 0.895238 0.823741
0 0.161905 0.823741 0.155556 0.823741 0.149206 0.834532 0.149206 0.848921 0.152381 0.852518 0.152381 0.856115 0.155556 0.856115 0.158730 0.859712 0.161905 0.856115 0.165079 0.856115 0.171429 0.845324 0.171429 0.830935
0 0.609524 0.823741 0.606349 0.827338 0.603175 0.827338 0.603175 0.830935 0.600000 0.834532 0.600000 0.852518 0.606349 0.859712 0.606349 0.863309 0.609524 0.863309 0.612698 0.866906 0.619048 0.866906 0.622222 0.863309 0.625397 0.863309 0.625397 0.859712 0.631746 0.852518 0.634921 0.841727 0.622222 0.827338 0.619048 0.827338 0.615873 0.823741
0 0.123810 0.827338 0.117460 0.834532 0.117460 0.856115 0.120635 0.859712 0.120635 0.863309 0.123810 0.863309 0.126984 0.866906 0.133333 0.866906 0.139683 0.859712 0.139683 0.838129 0.136508 0.834532 0.136508 0.830935 0.133333 0.830935 0.130159 0.827338
0 0.825397 0.838129 0.825397 0.845324 0.831746 0.852518 0.838095 0.852518 0.841270 0.856115 0.844444 0.852518 0.850794 0.852518 0.853968 0.848921 0.857143 0.848921 0.857143 0.845324 0.860317 0.841727 0.853968 0.834532 0.850794 0.834532 0.847619 0.830935 0.834921 0.830935
0 0.942857 0.841727 0.939683 0.845324 0.939683 0.848921 0.936508 0.852518 0.936508 0.859712 0.942857 0.866906 0.946032 0.866906 0.949206 0.870504 0.952381 0.870504 0.958730 0.863309 0.958730 0.845324 0.955556 0.841727
0 0.984127 0.848921 0.977778 0.856115 0.977778 0.859712 0.974603 0.863309 0.974603 0.892086 0.984127 0.899281 0.993651 0.899281 0.993651 0.895683 0.996825 0.892086 0.993651 0.888489 0.993651 0.884892 0.996825 0.881295 0.996825 0.874101 0.993651 0.870504 0.993651 0.848921
0 0.212698 0.852518 0.206349 0.852518 0.200000 0.859712 0.200000 0.863309 0.196825 0.866906 0.196825 0.884892 0.203175 0.892086 0.206349 0.888489 0.209524 0.888489 0.219048 0.877698 0.219048 0.859712
0 0.698413 0.856115 0.688889 0.856115 0.685714 0.859712 0.685714 0.863309 0.682540 0.866906 0.682540 0.884892 0.695238 0.884892 0.704762 0.874101 0.704762 0.863309
0 0.476190 0.863309 0.476190 0.870504 0.485714 0.877698 0.495238 0.877698 0.498413 0.881295 0.507937 0.881295 0.511111 0.877698 0.517460 0.877698 0.517460 0.870504 0.511111 0.870504 0.507937 0.866906 0.501587 0.866906 0.492063 0.859712 0.479365 0.859712
