0 0.035032 0.000000 0.028662 0.007194 0.028662 0.014388 0.031847 0.017986 0.031847 0.021583 0.047771 0.035971 0.054140 0.035971 0.060510 0.025180 0.060510 0.007194 0.054140 0.000000
0 0.340764 0.000000 0.334395 0.000000 0.331210 0.003597 0.328025 0.003597 0.324841 0.007194 0.324841 0.028777 0.331210 0.028777 0.343949 0.014388 0.343949 0.003597
0 0.614650 0.000000 0.611465 0.003597 0.608280 0.003597 0.605096 0.007194 0.605096 0.021583 0.614650 0.032374 0.621019 0.032374 0.624204 0.028777 0.624204 0.025180 0.627389 0.021583 0.627389 0.003597 0.617834 0.003597
0 0.146497 0.003597 0.124204 0.003597 0.124204 0.017986 0.121019 0.021583 0.121019 0.032374 0.130573 0.032374 0.136943 0.025180 0.140127 0.025180 0.140127 0.021583 0.146497 0.014388
0 0.191083 0.003597 0.191083 0.014388 0.194268 0.017986 0.203822 0.017986 0.207006 0.014388 0.210191 0.014388 0.213376 0.010791 0.213376 0.003597
0 0.248408 0.021583 0.245223 0.021583 0.238854 0.028777 0.238854 0.035971 0.235669 0.039568 0.235669 0.057554 0.242038 0.057554 0.245223 0.053957 0.248408 0.053957 0.248408 0.050360 0.251592 0.046763 0.251592 0.025180
0 0.302548 0.025180 0.296178 0.025180 0.289809 0.032374 0.289809 0.046763 0.299363 0.057554 0.302548 0.053957 0.305732 0.053957 0.308917 0.050360 0.308917 0.046763 0.312102 0.043165 0.312102 0.035971
0 0.493631 0.025180 0.487261 0.025180 0.480892 0.035971 0.480892 0.046763 0.477707 0.050360 0.477707 0.064748 0.480892 0.068345 0.484076 0.068345 0.487261 0.064748 0.487261 0.050360 0.490446 0.046763 0.490446 0.039568 0.493631 0.035971
0 0.187898 0.039568 0.181529 0.046763 0.181529 0.053957 0.203822 0.075540 0.213376 0.075540 0.216561 0.071942 0.216561 0.053957 0.207006 0.043165 0.203822 0.043165 0.200637 0.039568
0 0.318471 0.057554 0.318471 0.061151 0.315287 0.064748 0.315287 0.079137 0.312102 0.082734 0.312102 0.093525 0.318471 0.100719 0.324841 0.100719 0.331210 0.089928 0.331210 0.064748 0.328025 0.061151 0.328025 0.057554
0 0.353503 0.068345 0.350318 0.068345 0.343949 0.075540 0.343949 0.089928 0.347134 0.093525 0.353503 0.093525 0.353503 0.089928 0.356688 0.086331 0.356688 0.071942
0 0.117834 0.079137 0.121019 0.082734 0.121019 0.089928 0.130573 0.100719 0.130573 0.107914 0.127389 0.111511 0.127389 0.118705 0.130573 0.122302 0.133758 0.122302 0.140127 0.115108 0.140127 0.086331 0.136943 0.086331 0.127389 0.079137
0 0.105096 0.086331 0.098726 0.089928 0.095541 0.097122 0.092357 0.125899 0.089172 0.129496 0.089172 0.161871 0.092357 0.165468 0.092357 0.176259 0.101911 0.190647 0.111465 0.187050 0.121019 0.151079 0.121019 0.140288 0.117834 0.136691 0.117834 0.104317
0 0.423567 0.093525 0.420382 0.093525 0.420382 0.100719 0.414013 0.107914 0.414013 0.115108 0.410828 0.118705 0.410828 0.161871 0.414013 0.165468 0.417197 0.158273 0.417197 0.151079 0.420382 0.147482 0.420382 0.140288 0.423567 0.136691 0.423567 0.122302 0.426752 0.118705 0.426752 0.111511 0.423567 0.107914
0 0.175159 0.115108 0.175159 0.122302 0.178344 0.125899 0.181529 0.125899 0.194268 0.140288 0.197452 0.140288 0.200637 0.143885 0.210191 0.143885 0.210191 0.125899 0.207006 0.122302 0.207006 0.107914 0.194268 0.107914 0.184713 0.115108 0.181529 0.111511 0.178344 0.111511
0 0.640127 0.133094 0.633758 0.133094 0.633758 0.140288 0.630573 0.143885 0.630573 0.158273 0.627389 0.161871 0.627389 0.176259 0.624204 0.179856 0.624204 0.187050 0.627389 0.187050 0.633758 0.179856 0.633758 0.176259 0.636943 0.172662 0.636943 0.161871 0.640127 0.158273 0.640127 0.143885 0.643312 0.140288 0.643312 0.136691
0 0.022293 0.136691 0.019108 0.140288 0.019108 0.147482 0.022293 0.151079 0.022293 0.165468 0.031847 0.165468 0.035032 0.161871 0.035032 0.143885 0.028662 0.136691
0 0.168790 0.154676 0.165605 0.158273 0.165605 0.179856 0.168790 0.179856 0.168790 0.176259 0.171975 0.172662 0.168790 0.169065 0.171975 0.165468 0.171975 0.158273
0 0.136943 0.161871 0.127389 0.169065 0.127389 0.187050 0.130573 0.190647 0.130573 0.197842 0.133758 0.201439 0.143312 0.201439 0.146497 0.197842 0.146497 0.179856 0.143312 0.176259 0.143312 0.169065
0 0.191083 0.161871 0.184713 0.169065 0.184713 0.179856 0.187898 0.183453 0.187898 0.187050 0.191083 0.190647 0.191083 0.194245 0.203822 0.194245 0.207006 0.190647 0.207006 0.169065 0.200637 0.161871
0 0.235669 0.165468 0.235669 0.169065 0.232484 0.172662 0.232484 0.190647 0.238854 0.197842 0.248408 0.197842 0.248408 0.194245 0.254777 0.183453 0.254777 0.169065 0.251592 0.165468
0 0.289809 0.165468 0.283439 0.179856 0.286624 0.205036 0.292994 0.212230 0.302548 0.233813 0.308917 0.241007 0.318471 0.244604 0.318471 0.194245 0.315287 0.187050 0.296178 0.165468
0 0.621019 0.187050 0.608280 0.187050 0.608280 0.201439 0.611465 0.205036 0.614650 0.205036 0.624204 0.194245 0.624204 0.190647
0 0.843949 0.205036 0.837580 0.205036 0.834395 0.208633 0.834395 0.219424 0.831210 0.223022 0.831210 0.241007 0.828025 0.244604 0.828025 0.255396 0.834395 0.262590 0.837580 0.262590 0.840764 0.258993 0.840764 0.251799 0.843949 0.248201 0.843949 0.237410 0.847134 0.233813 0.847134 0.215827 0.843949 0.212230
0 0.366242 0.212230 0.353503 0.212230 0.353503 0.215827 0.350318 0.219424 0.350318 0.226619 0.356688 0.237410 0.356688 0.258993 0.359873 0.258993 0.363057 0.255396 0.363057 0.244604 0.366242 0.241007 0.366242 0.223022 0.369427 0.219424 0.369427 0.215827
0 0.140127 0.219424 0.136943 0.223022 0.133758 0.223022 0.136943 0.226619 0.136943 0.237410 0.140127 0.241007 0.140127 0.255396 0.143312 0.255396 0.143312 0.251799 0.146497 0.248201 0.146497 0.223022 0.143312 0.223022
0 0.238854 0.219424 0.232484 0.226619 0.232484 0.251799 0.235669 0.255396 0.238854 0.255396 0.248408 0.266187 0.248408 0.269784 0.251592 0.269784 0.251592 0.266187 0.254777 0.262590 0.254777 0.255396 0.257962 0.251799 0.257962 0.237410 0.248408 0.219424
0 0.385350 0.248201 0.375796 0.287770 0.375796 0.305755 0.378981 0.309353 0.378981 0.352518 0.372611 0.363309 0.375796 0.381295 0.382166 0.377698 0.385350 0.348921 0.394904 0.320144 0.394904 0.287770
0 0.815287 0.284173 0.815287 0.291367 0.821656 0.302158 0.821656 0.312950 0.818471 0.316547 0.818471 0.327338 0.821656 0.330935 0.821656 0.334532 0.824841 0.334532 0.831210 0.327338 0.831210 0.320144 0.834395 0.316547 0.834395 0.291367 0.831210 0.287770 0.831210 0.284173
0 0.156051 0.302158 0.152866 0.305755 0.152866 0.334532 0.156051 0.338129 0.156051 0.341727 0.159236 0.341727 0.162420 0.345324 0.165605 0.341727 0.168790 0.341727 0.168790 0.338129 0.171975 0.334532 0.171975 0.316547 0.168790 0.312950 0.168790 0.309353 0.162420 0.302158
0 0.222930 0.305755 0.222930 0.312950 0.226115 0.316547 0.232484 0.316547 0.232484 0.309353 0.235669 0.305755 0.238854 0.309353 0.242038 0.309353 0.242038 0.305755 0.238854 0.302158 0.235669 0.305755 0.232484 0.302158 0.226115 0.302158
0 0.127389 0.305755 0.121019 0.305755 0.111465 0.320144 0.111465 0.338129 0.108280 0.341727 0.108280 0.359712 0.111465 0.359712 0.114650 0.363309 0.124204 0.356115 0.127389 0.345324 0.133758 0.338129 0.133758 0.312950
0 0.337580 0.312950 0.331210 0.320144 0.331210 0.356115 0.334395 0.359712 0.334395 0.370504 0.340764 0.377698 0.350318 0.374101 0.356688 0.359712 0.356688 0.352518 0.359873 0.345324 0.353503 0.330935 0.347134 0.323741 0.347134 0.320144
0 0.805732 0.312950 0.802548 0.316547 0.802548 0.338129 0.805732 0.341727 0.805732 0.345324 0.808917 0.345324 0.808917 0.334532 0.805732 0.330935 0.805732 0.327338 0.808917 0.323741 0.805732 0.320144
0 0.245223 0.327338 0.242038 0.330935 0.238854 0.330935 0.238854 0.348921 0.245223 0.356115 0.248408 0.356115 0.254777 0.348921 0.254777 0.334532 0.248408 0.327338
0 0.445860 0.330935 0.442675 0.330935 0.436306 0.338129 0.436306 0.348921 0.439490 0.352518 0.442675 0.352518 0.442675 0.348921 0.445860 0.345324
0 0.213376 0.334532 0.200637 0.334532 0.194268 0.341727 0.191083 0.341727 0.184713 0.356115 0.187898 0.363309 0.187898 0.374101 0.200637 0.395683 0.207006 0.395683 0.210191 0.392086 0.210191 0.384892 0.213376 0.381295 0.213376 0.370504 0.219745 0.359712 0.219745 0.341727
0 0.162420 0.363309 0.159236 0.366906 0.156051 0.366906 0.156051 0.424460 0.159236 0.428058 0.162420 0.428058 0.168790 0.420863 0.168790 0.370504
0 0.232484 0.374101 0.229299 0.377698 0.229299 0.388489 0.235669 0.388489 0.238854 0.392086 0.245223 0.392086 0.245223 0.388489 0.242038 0.384892 0.242038 0.381295 0.238854 0.377698 0.235669 0.377698
0 0.296178 0.374101 0.289809 0.377698 0.289809 0.384892 0.286624 0.388489 0.286624 0.417266 0.283439 0.420863 0.283439 0.442446 0.280255 0.446043 0.280255 0.456835 0.283439 0.464029 0.292994 0.464029 0.299363 0.453237 0.299363 0.417266 0.302548 0.413669 0.302548 0.399281 0.299363 0.395683 0.299363 0.381295
0 0.006369 0.381295 0.003185 0.384892 0.003185 0.392086 0.006369 0.395683 0.009554 0.395683 0.012739 0.392086 0.012739 0.384892 0.009554 0.384892
0 0.799363 0.392086 0.796178 0.392086 0.792994 0.395683 0.789809 0.395683 0.786624 0.399281 0.786624 0.406475 0.783439 0.410072 0.783439 0.424460 0.789809 0.435252 0.792994 0.435252 0.796178 0.431655 0.796178 0.428058 0.802548 0.417266 0.802548 0.395683
0 0.121019 0.410072 0.117834 0.413669 0.117834 0.420863 0.121019 0.424460 0.121019 0.438849 0.124204 0.442446 0.127389 0.438849 0.127389 0.413669 0.124204 0.410072
0 0.748408 0.438849 0.751592 0.442446 0.767516 0.442446 0.770701 0.438849 0.770701 0.428058 0.767516 0.424460 0.757962 0.424460 0.751592 0.431655 0.751592 0.435252
0 0.700637 0.428058 0.694268 0.435252 0.694268 0.442446 0.697452 0.446043 0.697452 0.449640 0.710191 0.467626 0.722930 0.467626 0.726115 0.464029 0.726115 0.456835 0.729299 0.453237 0.726115 0.442446 0.716561 0.431655 0.713376 0.431655 0.710191 0.428058
0 0.640127 0.431655 0.633758 0.438849 0.633758 0.442446 0.636943 0.446043 0.636943 0.460432 0.640127 0.464029 0.640127 0.467626 0.643312 0.471223 0.649682 0.471223 0.649682 0.442446
0 0.875796 0.446043 0.869427 0.453237 0.869427 0.456835 0.863057 0.467626 0.863057 0.482014 0.866242 0.485612 0.866242 0.492806 0.872611 0.500000 0.885350 0.500000 0.888535 0.496403 0.888535 0.474820 0.885350 0.471223 0.885350 0.449640 0.882166 0.446043
0 0.245223 0.449640 0.229299 0.449640 0.222930 0.456835 0.222930 0.464029 0.226115 0.467626 0.226115 0.478417 0.235669 0.485612 0.245223 0.474820 0.245223 0.464029 0.248408 0.460432 0.245223 0.456835
0 0.328025 0.449640 0.318471 0.449640 0.308917 0.460432 0.308917 0.464029 0.302548 0.471223 0.302548 0.478417 0.299363 0.482014 0.302548 0.485612 0.302548 0.489209 0.312102 0.489209 0.312102 0.485612 0.328025 0.467626 0.328025 0.464029 0.331210 0.460432
0 0.022293 0.456835 0.019108 0.464029 0.019108 0.503597 0.015924 0.507194 0.015924 0.521583 0.022293 0.532374 0.028662 0.521583 0.028662 0.510791 0.031847 0.507194 0.031847 0.482014 0.028662 0.478417 0.028662 0.467626
0 0.203822 0.460432 0.197452 0.467626 0.197452 0.485612 0.203822 0.496403 0.213376 0.496403 0.219745 0.485612 0.216561 0.482014 0.216561 0.478417 0.213376 0.474820 0.213376 0.471223 0.210191 0.467626 0.210191 0.464029 0.207006 0.460432
0 0.248408 0.489209 0.242038 0.489209 0.222930 0.510791 0.222930 0.521583 0.226115 0.525180 0.242038 0.525180 0.248408 0.517986 0.248408 0.510791 0.251592 0.507194 0.251592 0.492806
0 0.461783 0.503597 0.458599 0.503597 0.449045 0.514388 0.449045 0.517986 0.445860 0.521583 0.445860 0.550360 0.449045 0.553957 0.464968 0.553957 0.464968 0.550360 0.468153 0.546763 0.468153 0.521583 0.464968 0.517986 0.464968 0.507194
0 0.136943 0.507194 0.130573 0.514388 0.130573 0.525180 0.133758 0.528777 0.133758 0.532374 0.140127 0.539568 0.146497 0.539568 0.149682 0.543165 0.152866 0.539568 0.159236 0.539568 0.159236 0.535971 0.162420 0.532374 0.162420 0.525180 0.159236 0.521583 0.159236 0.514388 0.152866 0.507194
0 0.044586 0.535971 0.038217 0.543165 0.038217 0.550360 0.035032 0.553957 0.038217 0.561151 0.038217 0.604317 0.044586 0.618705 0.054140 0.618705 0.060510 0.607914 0.060510 0.546763 0.050955 0.535971
0 0.213376 0.543165 0.207006 0.550360 0.207006 0.561151 0.210191 0.564748 0.210191 0.582734 0.213376 0.589928 0.242038 0.586331 0.248408 0.579137 0.248408 0.571942 0.251592 0.568345 0.248408 0.561151 0.248408 0.553957 0.242038 0.546763 0.232484 0.546763 0.229299 0.543165
0 0.633758 0.557554 0.633758 0.561151 0.636943 0.564748 0.636943 0.582734 0.640127 0.586331 0.640127 0.618705 0.643312 0.622302 0.659236 0.607914 0.656051 0.604317 0.656051 0.597122 0.652866 0.593525 0.652866 0.582734 0.649682 0.579137 0.646497 0.568345 0.640127 0.568345
0 0.585987 0.561151 0.582803 0.564748 0.582803 0.589928 0.585987 0.593525 0.592357 0.593525 0.592357 0.589928 0.595541 0.586331 0.595541 0.564748 0.592357 0.561151
0 0.009554 0.564748 0.006369 0.568345 0.006369 0.586331 0.009554 0.589928 0.009554 0.593525 0.012739 0.597122 0.012739 0.600719 0.015924 0.604317 0.019108 0.604317 0.019108 0.600719 0.022293 0.597122 0.022293 0.589928 0.019108 0.586331 0.019108 0.571942 0.015924 0.568345 0.015924 0.564748
0 0.350318 0.564748 0.343949 0.568345 0.340764 0.586331 0.331210 0.607914 0.331210 0.636691 0.334395 0.643885 0.340764 0.643885 0.340764 0.636691 0.343949 0.633094 0.343949 0.615108 0.350318 0.600719 0.350318 0.579137 0.353503 0.575540 0.353503 0.568345
0 0.863057 0.564748 0.853503 0.568345 0.850318 0.571942 0.850318 0.579137 0.847134 0.582734 0.847134 0.597122 0.850318 0.600719 0.850318 0.604317 0.856688 0.611511 0.863057 0.611511 0.869427 0.604317 0.869427 0.600719 0.872611 0.597122 0.872611 0.586331 0.875796 0.582734 0.872611 0.571942 0.869427 0.571942
0 0.146497 0.582734 0.140127 0.586331 0.133758 0.597122 0.133758 0.615108 0.130573 0.618705 0.130573 0.629496 0.133758 0.629496 0.146497 0.640288 0.152866 0.640288 0.159236 0.633094 0.159236 0.625899 0.162420 0.622302 0.162420 0.589928 0.156051 0.582734
0 0.213376 0.615108 0.213376 0.622302 0.229299 0.633094 0.242038 0.633094 0.245223 0.636691 0.251592 0.636691 0.254777 0.633094 0.254777 0.618705 0.248408 0.607914 0.226115 0.607914 0.222930 0.611511 0.216561 0.611511
0 0.662420 0.611511 0.659236 0.611511 0.652866 0.618705 0.649682 0.618705 0.646497 0.622302 0.646497 0.636691 0.652866 0.643885 0.665605 0.643885 0.671975 0.633094 0.671975 0.625899 0.668790 0.622302 0.668790 0.615108 0.665605 0.615108
0 0.436306 0.615108 0.433121 0.615108 0.429936 0.618705 0.429936 0.622302 0.426752 0.625899 0.426752 0.640288 0.423567 0.643885 0.426752 0.647482 0.426752 0.651079 0.433121 0.651079 0.433121 0.647482 0.436306 0.643885 0.436306 0.629496 0.439490 0.625899 0.439490 0.618705
0 0.070064 0.629496 0.060510 0.636691 0.060510 0.640288 0.057325 0.643885 0.057325 0.654676 0.066879 0.672662 0.076433 0.672662 0.082803 0.665468 0.082803 0.658273 0.085987 0.654676 0.085987 0.643885 0.082803 0.640288 0.082803 0.636691 0.076433 0.629496
0 0.882166 0.640288 0.866242 0.658273 0.866242 0.661871 0.859873 0.672662 0.859873 0.687050 0.863057 0.687050 0.866242 0.690647 0.885350 0.669065 0.885350 0.665468 0.888535 0.661871 0.888535 0.643885 0.885350 0.643885
0 0.210191 0.651079 0.210191 0.654676 0.213376 0.658273 0.213376 0.665468 0.219745 0.676259 0.232484 0.676259 0.242038 0.669065 0.242038 0.658273 0.235669 0.647482 0.229299 0.647482 0.226115 0.643885 0.216561 0.643885
0 0.105096 0.647482 0.105096 0.651079 0.101911 0.654676 0.105096 0.658273 0.101911 0.661871 0.101911 0.672662 0.108280 0.679856 0.117834 0.669065 0.117834 0.658273 0.114650 0.654676 0.114650 0.651079 0.111465 0.651079 0.108280 0.647482
0 0.570064 0.647482 0.566879 0.651079 0.566879 0.665468 0.570064 0.669065 0.570064 0.672662 0.576433 0.672662 0.576433 0.669065 0.579618 0.665468 0.579618 0.654676 0.573248 0.647482
0 0.171975 0.654676 0.162420 0.665468 0.162420 0.669065 0.159236 0.672662 0.159236 0.687050 0.171975 0.701439 0.175159 0.701439 0.175159 0.687050 0.178344 0.683453 0.178344 0.661871
0 0.496815 0.654676 0.493631 0.654676 0.490446 0.658273 0.490446 0.661871 0.487261 0.665468 0.487261 0.676259 0.490446 0.679856 0.496815 0.672662 0.496815 0.669065 0.500000 0.665468 0.500000 0.658273
0 0.410828 0.665468 0.407643 0.665468 0.404459 0.669065 0.401274 0.669065 0.398089 0.672662 0.398089 0.676259 0.391720 0.687050 0.391720 0.694245 0.398089 0.705036 0.407643 0.705036 0.407643 0.701439 0.414013 0.694245 0.414013 0.687050 0.417197 0.683453 0.417197 0.672662
0 0.133758 0.687050 0.124204 0.687050 0.117834 0.694245 0.117834 0.712230 0.121019 0.715827 0.121019 0.719424 0.117834 0.723022 0.117834 0.730216 0.121019 0.733813 0.124204 0.733813 0.127389 0.730216 0.133758 0.730216 0.140127 0.719424 0.140127 0.694245
0 0.292994 0.687050 0.289809 0.690647 0.289809 0.715827 0.292994 0.719424 0.299363 0.719424 0.305732 0.712230 0.302548 0.708633 0.302548 0.690647 0.299363 0.687050
0 0.315287 0.687050 0.312102 0.690647 0.312102 0.694245 0.308917 0.697842 0.308917 0.701439 0.312102 0.705036 0.312102 0.708633 0.315287 0.712230 0.321656 0.705036 0.321656 0.690647 0.318471 0.690647
0 0.025478 0.690647 0.019108 0.690647 0.009554 0.701439 0.009554 0.705036 0.006369 0.708633 0.006369 0.712230 0.009554 0.715827 0.009554 0.719424 0.012739 0.723022 0.015924 0.723022 0.019108 0.726619 0.022293 0.723022 0.025478 0.723022
0 0.477707 0.708633 0.471338 0.708633 0.471338 0.730216 0.477707 0.723022 0.477707 0.715827 0.480892 0.712230
0 0.722930 0.712230 0.722930 0.719424 0.719745 0.723022 0.719745 0.726619 0.726115 0.733813 0.726115 0.744604 0.732484 0.751799 0.735669 0.748201 0.735669 0.737410 0.732484 0.733813 0.732484 0.730216 0.729299 0.726619 0.729299 0.723022 0.726115 0.719424 0.726115 0.715827
0 0.162420 0.715827 0.152866 0.726619 0.152866 0.730216 0.149682 0.733813 0.149682 0.741007 0.159236 0.748201 0.168790 0.748201 0.171975 0.744604 0.175159 0.744604 0.181529 0.737410 0.181529 0.730216 0.175159 0.719424 0.171975 0.719424 0.168790 0.715827
0 0.060510 0.719424 0.057325 0.723022 0.050955 0.723022 0.050955 0.726619 0.047771 0.730216 0.047771 0.748201 0.050955 0.751799 0.050955 0.755396 0.063694 0.769784 0.070064 0.769784 0.076433 0.758993 0.076433 0.741007 0.073248 0.737410 0.073248 0.733813 0.063694 0.723022 0.063694 0.719424
0 0.780255 0.719424 0.770701 0.719424 0.764331 0.726619 0.764331 0.730216 0.761146 0.733813 0.761146 0.751799 0.764331 0.755396 0.764331 0.762590 0.767516 0.766187 0.770701 0.766187 0.780255 0.758993 0.780255 0.748201 0.783439 0.744604 0.783439 0.723022
0 0.257962 0.737410 0.251592 0.737410 0.248408 0.741007 0.248408 0.744604 0.245223 0.748201 0.245223 0.751799 0.238854 0.758993 0.238854 0.766187 0.235669 0.769784 0.238854 0.769784 0.251592 0.784173 0.261146 0.780576 0.261146 0.776978 0.264331 0.773381 0.264331 0.751799 0.261146 0.748201 0.261146 0.741007
0 0.111465 0.755396 0.111465 0.773381 0.114650 0.776978 0.114650 0.780576 0.124204 0.791367 0.140127 0.791367 0.143312 0.787770 0.143312 0.773381 0.140127 0.769784 0.140127 0.766187 0.133758 0.758993 0.130573 0.758993 0.127389 0.755396
0 0.028662 0.766187 0.025478 0.769784 0.025478 0.776978 0.022293 0.780576 0.022293 0.784173 0.025478 0.787770 0.025478 0.794964 0.031847 0.802158 0.038217 0.802158 0.041401 0.798561 0.047771 0.798561 0.050955 0.794964 0.050955 0.784173 0.047771 0.780576 0.047771 0.776978 0.038217 0.766187
0 0.165605 0.766187 0.162420 0.769784 0.162420 0.787770 0.159236 0.791367 0.159236 0.794964 0.162420 0.798561 0.162420 0.805755 0.168790 0.812950 0.175159 0.812950 0.178344 0.816547 0.181529 0.816547 0.184713 0.812950 0.187898 0.812950 0.187898 0.794964 0.184713 0.791367 0.184713 0.784173 0.181529 0.780576 0.178344 0.769784 0.175159 0.769784 0.171975 0.766187
0 0.286624 0.769784 0.280255 0.776978 0.280255 0.805755 0.283439 0.805755 0.286624 0.809353 0.289809 0.809353 0.292994 0.805755 0.292994 0.794964 0.296178 0.791367 0.296178 0.787770 0.292994 0.784173 0.292994 0.776978
0 0.347134 0.776978 0.337580 0.776978 0.334395 0.780576 0.331210 0.780576 0.331210 0.784173 0.324841 0.794964 0.324841 0.812950 0.331210 0.820144 0.340764 0.820144 0.347134 0.812950 0.347134 0.809353 0.350318 0.805755 0.350318 0.784173 0.347134 0.780576
0 0.401274 0.802158 0.401274 0.856115 0.404459 0.859712 0.404459 0.866906 0.407643 0.870504 0.414013 0.870504 0.417197 0.863309 0.417197 0.848921 0.414013 0.845324 0.414013 0.805755 0.410828 0.802158
0 0.130573 0.805755 0.127389 0.809353 0.124204 0.809353 0.124204 0.812950 0.121019 0.816547 0.121019 0.827338 0.124204 0.830935 0.124204 0.841727 0.127389 0.845324 0.136943 0.845324 0.143312 0.838129 0.143312 0.834532 0.146497 0.830935 0.146497 0.816547 0.140127 0.809353
0 0.261146 0.812950 0.254777 0.812950 0.248408 0.820144 0.248408 0.830935 0.245223 0.834532 0.251592 0.841727 0.254777 0.841727 0.261146 0.834532 0.261146 0.827338 0.264331 0.823741 0.264331 0.820144 0.261146 0.816547
0 0.681529 0.823741 0.671975 0.830935 0.671975 0.834532 0.668790 0.838129 0.668790 0.852518 0.678344 0.859712 0.687898 0.859712 0.694268 0.852518 0.694268 0.848921 0.697452 0.845324 0.697452 0.838129 0.694268 0.834532 0.694268 0.830935 0.687898 0.823741
0 0.356688 0.827338 0.350318 0.834532 0.350318 0.838129 0.353503 0.841727 0.353503 0.845324 0.356688 0.845324 0.359873 0.848921 0.363057 0.845324 0.363057 0.838129 0.359873 0.834532 0.359873 0.830935
0 0.066879 0.834532 0.063694 0.838129 0.060510 0.838129 0.060510 0.841727 0.057325 0.845324 0.057325 0.852518 0.066879 0.863309 0.073248 0.863309 0.076433 0.859712 0.076433 0.841727 0.070064 0.834532
0 0.184713 0.834532 0.178344 0.841727 0.178344 0.845324 0.175159 0.848921 0.175159 0.866906 0.178344 0.870504 0.178344 0.874101 0.184713 0.881295 0.191083 0.881295 0.203822 0.866906 0.203822 0.856115 0.197452 0.848921 0.194268 0.838129 0.191083 0.834532
