0 0.644444 0.129032 0.644444 0.136201 0.663492 0.154122 0.673016 0.154122 0.676190 0.150538 0.682540 0.150538 0.698413 0.136201 0.698413 0.125448 0.695238 0.118280 0.682540 0.111111 0.660317 0.111111 0.653968 0.114695 0.653968 0.118280
0 0.746032 0.132616 0.746032 0.143369 0.749206 0.146953 0.768254 0.146953 0.771429 0.143369 0.774603 0.143369 0.774603 0.132616 0.768254 0.121864 0.755556 0.121864
0 0.834921 0.129032 0.828571 0.136201 0.828571 0.146953 0.831746 0.150538 0.847619 0.150538 0.853968 0.143369 0.853968 0.132616 0.850794 0.129032
0 0.879365 0.154122 0.885714 0.161290 0.895238 0.161290 0.898413 0.157706 0.904762 0.157706 0.907937 0.154122 0.911111 0.154122 0.917460 0.146953 0.923810 0.146953 0.926984 0.143369 0.930159 0.143369 0.930159 0.136201 0.923810 0.129032 0.898413 0.129032 0.895238 0.132616 0.888889 0.132616 0.879365 0.143369
0 0.177778 0.175627 0.177778 0.197133 0.190476 0.207885 0.222222 0.207885 0.241270 0.200717 0.253968 0.189964 0.263492 0.168459 0.263492 0.157706 0.257143 0.143369 0.241270 0.143369 0.238095 0.146953 0.200000 0.143369 0.180952 0.164875
0 0.158730 0.146953 0.136508 0.154122 0.126984 0.168459 0.126984 0.189964 0.130159 0.193548 0.130159 0.200717 0.142857 0.211470 0.161905 0.207885 0.174603 0.193548 0.177778 0.161290
0 0.371429 0.157706 0.365079 0.164875 0.365079 0.179211 0.368254 0.182796 0.371429 0.193548 0.380952 0.197133 0.384127 0.193548 0.387302 0.193548 0.393651 0.186380 0.393651 0.175627 0.390476 0.172043 0.387302 0.161290 0.384127 0.161290 0.380952 0.157706
0 0.780952 0.168459 0.780952 0.175627 0.787302 0.182796 0.809524 0.182796 0.809524 0.168459 0.803175 0.161290 0.787302 0.161290
0 0.920635 0.189964 0.920635 0.193548 0.926984 0.193548 0.930159 0.197133 0.939683 0.197133 0.942857 0.200717 0.949206 0.200717 0.952381 0.204301 0.955556 0.204301 0.958730 0.200717 0.965079 0.200717 0.961905 0.189964 0.958730 0.189964 0.955556 0.186380 0.926984 0.186380 0.923810 0.189964
0 0.825397 0.215054 0.825397 0.207885 0.822222 0.204301 0.822222 0.200717 0.819048 0.197133 0.815873 0.197133 0.812698 0.200717 0.800000 0.200717 0.800000 0.204301 0.796825 0.207885 0.803175 0.215054
0 0.269841 0.200717 0.257143 0.200717 0.241270 0.218638 0.238095 0.229391 0.228571 0.243728 0.228571 0.261649 0.234921 0.268817 0.260317 0.265233 0.273016 0.250896 0.279365 0.236559 0.279365 0.211470
0 0.355556 0.222222 0.346032 0.222222 0.333333 0.232975 0.314286 0.268817 0.314286 0.286738 0.320635 0.308244 0.342857 0.308244 0.355556 0.301075 0.374603 0.268817 0.374603 0.247312
0 0.434921 0.222222 0.422222 0.240143 0.422222 0.254480 0.425397 0.258065 0.425397 0.265233 0.434921 0.275986 0.441270 0.279570 0.447619 0.279570 0.460317 0.261649 0.460317 0.236559 0.463492 0.232975 0.457143 0.232975 0.447619 0.222222
0 0.892063 0.232975 0.888889 0.236559 0.888889 0.247312 0.892063 0.247312 0.895238 0.250896 0.901587 0.250896 0.904762 0.247312 0.901587 0.243728 0.901587 0.240143 0.895238 0.232975
0 0.498413 0.243728 0.492063 0.258065 0.495238 0.261649 0.498413 0.293907 0.517460 0.326165 0.523810 0.326165 0.539683 0.301075 0.536508 0.293907 0.536508 0.275986 0.530159 0.261649 0.520635 0.250896
0 0.828571 0.247312 0.828571 0.250896 0.825397 0.254480 0.828571 0.258065 0.828571 0.261649 0.825397 0.265233 0.828571 0.268817 0.828571 0.272401 0.831746 0.272401 0.834921 0.275986 0.844444 0.275986 0.847619 0.272401 0.850794 0.272401 0.850794 0.261649 0.847619 0.258065 0.847619 0.254480 0.838095 0.247312
0 0.584127 0.268817 0.587302 0.286738 0.615873 0.308244 0.622222 0.318996 0.663492 0.304659 0.660317 0.293907 0.647619 0.279570 0.619048 0.261649 0.593651 0.258065
0 0.114286 0.268817 0.107937 0.279570 0.107937 0.297491 0.114286 0.304659 0.126984 0.304659 0.133333 0.293907 0.133333 0.290323 0.130159 0.286738 0.130159 0.275986 0.126984 0.272401 0.126984 0.268817
0 0.203175 0.279570 0.184127 0.279570 0.174603 0.286738 0.168254 0.286738 0.146032 0.308244 0.139683 0.326165 0.139683 0.344086 0.149206 0.358423 0.168254 0.358423 0.187302 0.333333 0.196825 0.311828 0.206349 0.301075 0.209524 0.286738
0 0.523810 0.329749 0.530159 0.347670 0.536508 0.351254 0.549206 0.351254 0.561905 0.358423 0.580952 0.358423 0.593651 0.347670 0.593651 0.326165 0.590476 0.318996 0.565079 0.297491 0.549206 0.297491 0.542857 0.301075
0 0.942857 0.322581 0.942857 0.333333 0.946032 0.336918 0.949206 0.336918 0.952381 0.340502 0.965079 0.340502 0.968254 0.344086 0.974603 0.344086 0.980952 0.336918 0.980952 0.329749 0.984127 0.326165 0.980952 0.322581 0.977778 0.311828 0.974603 0.311828 0.971429 0.308244 0.958730 0.308244
0 0.260317 0.311828 0.253968 0.311828 0.241270 0.322581 0.234921 0.351254 0.219048 0.376344 0.222222 0.387097 0.234921 0.397849 0.247619 0.397849 0.260317 0.390681 0.282540 0.358423 0.282540 0.336918 0.273016 0.318996
0 0.625397 0.322581 0.625397 0.340502 0.622222 0.344086 0.625397 0.362007 0.644444 0.383513 0.650794 0.387097 0.666667 0.387097 0.682540 0.365591 0.682540 0.344086 0.663492 0.322581 0.660317 0.315412 0.663492 0.311828 0.650794 0.311828
0 0.393651 0.347670 0.393651 0.354839 0.400000 0.365591 0.428571 0.394265 0.450794 0.397849 0.466667 0.390681 0.473016 0.383513 0.469841 0.347670 0.453968 0.329749 0.441270 0.329749 0.419048 0.340502 0.406349 0.336918
0 0.879365 0.344086 0.879365 0.354839 0.885714 0.362007 0.911111 0.372760 0.939683 0.372760 0.946032 0.369176 0.952381 0.358423 0.936508 0.336918 0.930159 0.336918 0.920635 0.329749 0.898413 0.329749
0 0.104762 0.344086 0.101587 0.358423 0.104762 0.362007 0.107937 0.390681 0.126984 0.408602 0.139683 0.412186 0.142857 0.397849 0.146032 0.394265 0.146032 0.387097 0.111111 0.347670 0.111111 0.344086
0 0.317460 0.369176 0.301587 0.390681 0.301587 0.408602 0.314286 0.430108 0.330159 0.440860 0.349206 0.440860 0.368254 0.433692 0.377778 0.422939 0.380952 0.408602 0.371429 0.387097 0.355556 0.365591 0.333333 0.362007
0 0.555556 0.383513 0.555556 0.408602 0.574603 0.440860 0.600000 0.440860 0.609524 0.430108 0.609524 0.412186 0.593651 0.390681 0.584127 0.390681 0.568254 0.379928
0 0.149206 0.387097 0.142857 0.415771 0.152381 0.426523 0.171429 0.437276 0.190476 0.437276 0.200000 0.426523 0.200000 0.405018 0.193651 0.394265 0.180952 0.390681 0.177778 0.387097
0 0.225397 0.419355 0.225397 0.437276 0.241270 0.458781 0.273016 0.473118 0.292063 0.473118 0.304762 0.458781 0.304762 0.444444 0.298413 0.426523 0.257143 0.397849 0.241270 0.401434
0 0.907937 0.401434 0.907937 0.412186 0.923810 0.430108 0.952381 0.430108 0.952381 0.422939 0.942857 0.412186 0.933333 0.408602 0.926984 0.401434
0 0.619048 0.433692 0.619048 0.440860 0.615873 0.444444 0.619048 0.458781 0.625397 0.465950 0.634921 0.465950 0.638095 0.469534 0.657143 0.469534 0.660317 0.465950 0.666667 0.465950 0.685714 0.440860 0.685714 0.433692 0.679365 0.426523 0.660317 0.415771 0.638095 0.415771
0 0.746032 0.437276 0.733333 0.426523 0.723810 0.430108 0.688889 0.465950 0.682540 0.480287 0.688889 0.487455 0.704762 0.494624 0.707937 0.491039 0.720635 0.491039 0.726984 0.487455 0.742857 0.465950 0.742857 0.458781 0.746032 0.455197
0 0.539683 0.437276 0.536508 0.462366 0.539683 0.465950 0.539683 0.501792 0.542857 0.508961 0.555556 0.519713 0.580952 0.519713 0.600000 0.498208 0.600000 0.473118 0.596825 0.465950 0.574603 0.444444
0 0.796825 0.444444 0.780952 0.473118 0.784127 0.505376 0.812698 0.530466 0.838095 0.526882 0.853968 0.512545 0.863492 0.494624 0.860317 0.458781 0.834921 0.440860
0 0.146032 0.444444 0.130159 0.444444 0.101587 0.458781 0.095238 0.476703 0.095238 0.487455 0.104762 0.508961 0.117460 0.516129 0.133333 0.516129 0.139683 0.512545 0.158730 0.473118 0.158730 0.455197
0 0.400000 0.505376 0.403175 0.530466 0.415873 0.544803 0.438095 0.555556 0.463492 0.551971 0.492063 0.526882 0.488889 0.501792 0.473016 0.494624 0.457143 0.494624 0.450794 0.487455 0.409524 0.494624
0 0.492063 0.498208 0.495238 0.523297 0.520635 0.555556 0.530159 0.562724 0.549206 0.562724 0.558730 0.555556 0.561905 0.548387 0.558730 0.537634 0.514286 0.491039 0.501587 0.491039
0 0.622222 0.491039 0.622222 0.501792 0.663492 0.537634 0.679365 0.537634 0.685714 0.530466 0.685714 0.523297 0.679365 0.516129 0.679365 0.512545 0.666667 0.501792 0.653968 0.498208 0.650794 0.494624 0.641270 0.494624 0.638095 0.491039
0 0.765079 0.501792 0.758730 0.498208 0.746032 0.498208 0.733333 0.505376 0.726984 0.512545 0.717460 0.516129 0.714286 0.523297 0.723810 0.537634 0.730159 0.537634 0.733333 0.541219 0.749206 0.541219 0.765079 0.526882 0.765079 0.519713 0.768254 0.516129 0.768254 0.508961
0 0.368254 0.519713 0.365079 0.523297 0.358730 0.523297 0.346032 0.537634 0.342857 0.551971 0.368254 0.587814 0.377778 0.587814 0.390476 0.577061 0.393651 0.569892 0.393651 0.555556 0.390476 0.551971 0.387302 0.534050 0.377778 0.523297
0 0.279365 0.523297 0.273016 0.530466 0.273016 0.537634 0.269841 0.541219 0.269841 0.559140 0.285714 0.569892 0.298413 0.569892 0.301587 0.566308 0.304762 0.566308 0.304762 0.562724 0.307937 0.559140 0.307937 0.548387 0.304762 0.544803 0.304762 0.537634 0.298413 0.530466 0.298413 0.526882 0.295238 0.526882 0.292063 0.523297
0 0.809524 0.594982 0.819048 0.612903 0.838095 0.623656 0.869841 0.623656 0.895238 0.605735 0.895238 0.591398 0.888889 0.584229 0.860317 0.573477 0.828571 0.577061 0.815873 0.584229
0 0.714286 0.591398 0.711111 0.594982 0.707937 0.594982 0.707937 0.598566 0.704762 0.602151 0.704762 0.627240 0.714286 0.637993 0.726984 0.637993 0.736508 0.627240 0.736508 0.605735 0.723810 0.591398
0 0.247619 0.602151 0.247619 0.612903 0.257143 0.623656 0.263492 0.623656 0.273016 0.630824 0.292063 0.630824 0.311111 0.648746 0.317460 0.648746 0.317460 0.641577 0.288889 0.598566 0.282540 0.598566 0.279365 0.594982 0.257143 0.594982
0 0.326984 0.612903 0.326984 0.623656 0.339683 0.645161 0.342857 0.663082 0.361905 0.681004 0.384127 0.688172 0.406349 0.670251 0.393651 0.641577 0.368254 0.616487 0.333333 0.605735
0 0.590476 0.605735 0.574603 0.605735 0.561905 0.612903 0.552381 0.623656 0.546032 0.648746 0.546032 0.666667 0.549206 0.673835 0.555556 0.677419 0.584127 0.677419 0.606349 0.666667 0.612698 0.652330 0.600000 0.630824 0.600000 0.616487
0 0.603175 0.616487 0.603175 0.630824 0.612698 0.648746 0.631746 0.655914 0.669841 0.659498 0.688889 0.648746 0.695238 0.637993 0.695238 0.623656 0.688889 0.616487 0.634921 0.616487 0.619048 0.609319
0 0.968254 0.627240 0.961905 0.627240 0.958730 0.623656 0.955556 0.627240 0.942857 0.630824 0.942857 0.637993 0.930159 0.663082 0.930159 0.681004 0.936508 0.688172 0.952381 0.688172 0.958730 0.684588 0.968254 0.673835 0.971429 0.673835 0.971429 0.670251 0.977778 0.663082 0.977778 0.645161
0 0.834921 0.655914 0.834921 0.670251 0.841270 0.681004 0.841270 0.688172 0.853968 0.706093 0.876190 0.720430 0.879365 0.716846 0.885714 0.716846 0.895238 0.706093 0.892063 0.688172 0.873016 0.666667 0.850794 0.655914
0 0.771429 0.663082 0.758730 0.677419 0.758730 0.706093 0.774603 0.727599 0.793651 0.738351 0.825397 0.738351 0.834921 0.724014 0.834921 0.706093 0.825397 0.684588 0.809524 0.666667
0 0.663492 0.688172 0.663492 0.706093 0.669841 0.713262 0.669841 0.716846 0.673016 0.716846 0.679365 0.724014 0.685714 0.724014 0.688889 0.727599 0.692063 0.724014 0.698413 0.724014 0.704762 0.720430 0.711111 0.709677 0.711111 0.698925 0.701587 0.688172 0.695238 0.688172 0.682540 0.681004 0.669841 0.681004
0 0.561905 0.698925 0.561905 0.709677 0.568254 0.716846 0.584127 0.724014 0.628571 0.727599 0.634921 0.724014 0.641270 0.713262 0.641270 0.706093 0.631746 0.695341 0.609524 0.695341 0.593651 0.688172 0.574603 0.688172
0 0.511111 0.752688 0.511111 0.763441 0.520635 0.770609 0.539683 0.770609 0.555556 0.777778 0.587302 0.777778 0.596825 0.774194 0.603175 0.763441 0.596825 0.745520 0.558730 0.738351 0.555556 0.734767 0.536508 0.734767
0 0.650794 0.738351 0.647619 0.741935 0.634921 0.745520 0.631746 0.759857 0.625397 0.767025 0.625397 0.770609 0.634921 0.781362 0.653968 0.792115 0.660317 0.792115 0.663492 0.784946 0.663492 0.774194 0.669841 0.759857 0.669841 0.745520 0.666667 0.738351
0 0.711111 0.738351 0.704762 0.741935 0.698413 0.752688 0.698413 0.777778 0.711111 0.813620 0.723810 0.824373 0.733333 0.824373 0.739683 0.820789 0.752381 0.802867 0.755556 0.770609 0.742857 0.749104
0 0.841270 0.827957 0.844444 0.831541 0.879365 0.831541 0.882540 0.827957 0.892063 0.827957 0.904762 0.820789 0.904762 0.813620 0.895238 0.802867 0.895238 0.795699 0.882540 0.788530 0.866667 0.788530 0.850794 0.802867 0.841270 0.820789
0 0.930159 0.795699 0.920635 0.810036 0.920635 0.817204 0.926984 0.831541 0.942857 0.845878 0.952381 0.845878 0.965079 0.838710 0.968254 0.831541 0.968254 0.817204 0.965079 0.810036 0.949206 0.795699 0.942857 0.795699 0.939683 0.792115 0.936508 0.795699
0 0.974603 0.885305 0.968254 0.892473 0.968254 0.896057 0.984127 0.913978 0.987302 0.913978 0.990476 0.917563 0.993651 0.917563 0.993651 0.881720 0.980952 0.881720 0.977778 0.885305
