0 0.652866 0.107527 0.649682 0.107527 0.646497 0.103943 0.640127 0.103943 0.636943 0.107527 0.633758 0.107527 0.633758 0.111111 0.630573 0.114695 0.630573 0.136201 0.633758 0.139785 0.643312 0.139785 0.646497 0.136201 0.649682 0.136201 0.656051 0.129032 0.656051 0.111111
0 0.162420 0.107527 0.162420 0.111111 0.159236 0.114695 0.159236 0.121864 0.156051 0.125448 0.156051 0.139785 0.162420 0.146953 0.171975 0.150538 0.178344 0.143369 0.178344 0.132616 0.181529 0.129032 0.178344 0.125448 0.178344 0.118280 0.175159 0.114695 0.175159 0.111111 0.171975 0.107527
0 0.694268 0.107527 0.691083 0.107527 0.687898 0.111111 0.684713 0.111111 0.678344 0.118280 0.678344 0.121864 0.675159 0.125448 0.675159 0.136201 0.681529 0.143369 0.684713 0.143369 0.694268 0.132616 0.694268 0.118280 0.697452 0.114695 0.694268 0.111111
0 0.726115 0.107527 0.716561 0.107527 0.713376 0.111111 0.713376 0.114695 0.707006 0.125448 0.707006 0.146953 0.716561 0.146953 0.722930 0.139785 0.726115 0.139785 0.729299 0.136201 0.729299 0.132616 0.732484 0.129032 0.732484 0.114695
0 0.334395 0.111111 0.324841 0.121864 0.324841 0.143369 0.337580 0.157706 0.347134 0.157706 0.356688 0.146953 0.356688 0.136201 0.359873 0.132616 0.356688 0.129032 0.356688 0.118280 0.350318 0.111111
0 0.757962 0.114695 0.751592 0.125448 0.751592 0.129032 0.754777 0.132616 0.754777 0.139785 0.764331 0.146953 0.773885 0.146953 0.780255 0.139785 0.780255 0.129032 0.777070 0.125448 0.777070 0.121864 0.770701 0.114695
0 0.191083 0.118280 0.187898 0.121864 0.187898 0.143369 0.194268 0.150538 0.203822 0.150538 0.210191 0.143369 0.210191 0.139785 0.213376 0.136201 0.213376 0.125448 0.207006 0.118280
0 0.477707 0.118280 0.471338 0.129032 0.471338 0.139785 0.490446 0.161290 0.493631 0.157706 0.500000 0.157706 0.503185 0.154122 0.506369 0.154122 0.509554 0.150538 0.509554 0.132616 0.496815 0.118280
0 0.605096 0.118280 0.601911 0.121864 0.595541 0.121864 0.592357 0.125448 0.592357 0.129032 0.589172 0.132616 0.589172 0.136201 0.595541 0.143369 0.598726 0.143369 0.601911 0.146953 0.605096 0.146953 0.608280 0.143369 0.611465 0.143369 0.614650 0.139785 0.614650 0.125448 0.611465 0.121864 0.608280 0.121864
0 0.824841 0.118280 0.824841 0.121864 0.821656 0.125448 0.821656 0.132616 0.824841 0.136201 0.824841 0.139785 0.831210 0.139785 0.831210 0.136201 0.834395 0.132616 0.834395 0.121864 0.831210 0.118280
0 0.130573 0.121864 0.117834 0.121864 0.111465 0.129032 0.111465 0.143369 0.114650 0.146953 0.117834 0.146953 0.121019 0.143369 0.124204 0.143369 0.130573 0.136201
0 0.850318 0.125448 0.850318 0.129032 0.847134 0.132616 0.847134 0.139785 0.850318 0.143369 0.850318 0.150538 0.859873 0.157706 0.869427 0.157706 0.875796 0.146953 0.872611 0.143369 0.872611 0.136201 0.863057 0.125448
0 0.449045 0.139785 0.439490 0.161290 0.445860 0.179211 0.449045 0.179211 0.458599 0.189964 0.471338 0.189964 0.484076 0.182796 0.487261 0.179211 0.487261 0.161290 0.471338 0.143369 0.464968 0.139785
0 0.732484 0.146953 0.729299 0.150538 0.729299 0.168459 0.732484 0.172043 0.745223 0.172043 0.751592 0.164875 0.751592 0.157706 0.748408 0.154122 0.748408 0.150538 0.745223 0.146953
0 0.627389 0.157706 0.617834 0.157706 0.611465 0.164875 0.611465 0.168459 0.614650 0.172043 0.614650 0.179211 0.617834 0.182796 0.621019 0.182796 0.627389 0.175627
0 0.589172 0.161290 0.585987 0.161290 0.579618 0.168459 0.579618 0.172043 0.576433 0.175627 0.576433 0.186380 0.579618 0.189964 0.579618 0.193548 0.589172 0.193548 0.595541 0.186380 0.595541 0.164875 0.592357 0.164875
0 0.796178 0.161290 0.789809 0.168459 0.789809 0.179211 0.792994 0.182796 0.792994 0.189964 0.796178 0.189964 0.799363 0.193548 0.802548 0.193548 0.808917 0.186380 0.808917 0.182796 0.812102 0.179211 0.808917 0.175627 0.808917 0.164875 0.805732 0.161290
0 0.837580 0.161290 0.831210 0.161290 0.824841 0.168459 0.824841 0.186380 0.828025 0.186380 0.831210 0.189964 0.834395 0.189964 0.837580 0.186380 0.840764 0.186380 0.843949 0.182796 0.843949 0.168459
0 0.219745 0.168459 0.216561 0.168459 0.213376 0.172043 0.210191 0.172043 0.210191 0.175627 0.207006 0.179211 0.207006 0.189964 0.213376 0.189964 0.216561 0.186380 0.219745 0.186380 0.219745 0.179211 0.222930 0.175627 0.222930 0.172043
0 0.531847 0.179211 0.525478 0.172043 0.519108 0.172043 0.515924 0.168459 0.512739 0.172043 0.503185 0.172043 0.500000 0.175627 0.493631 0.175627 0.487261 0.182796 0.487261 0.200717 0.490446 0.200717 0.493631 0.204301 0.493631 0.207885 0.515924 0.211470 0.519108 0.207885 0.522293 0.207885 0.531847 0.197133
0 0.121019 0.172043 0.111465 0.172043 0.111465 0.175627 0.105096 0.182796 0.105096 0.200717 0.108280 0.204301 0.111465 0.204301 0.114650 0.200717 0.117834 0.200717 0.121019 0.197133
0 0.280255 0.175627 0.277070 0.175627 0.267516 0.186380 0.267516 0.189964 0.264331 0.193548 0.264331 0.207885 0.267516 0.211470 0.267516 0.218638 0.270701 0.222222 0.280255 0.222222 0.292994 0.204301 0.292994 0.197133 0.296178 0.193548 0.292994 0.189964 0.292994 0.186380 0.286624 0.179211 0.283439 0.179211
0 0.713376 0.175627 0.710191 0.179211 0.710191 0.200717 0.716561 0.207885 0.722930 0.207885 0.726115 0.204301 0.726115 0.200717 0.729299 0.197133 0.729299 0.182796 0.726115 0.179211 0.726115 0.175627
0 0.767516 0.175627 0.764331 0.175627 0.761146 0.179211 0.757962 0.179211 0.757962 0.182796 0.754777 0.186380 0.754777 0.207885 0.757962 0.211470 0.764331 0.211470 0.773885 0.200717 0.773885 0.182796
0 0.863057 0.175627 0.853503 0.182796 0.853503 0.193548 0.856688 0.197133 0.856688 0.200717 0.859873 0.204301 0.859873 0.207885 0.863057 0.211470 0.869427 0.211470 0.875796 0.200717 0.875796 0.186380 0.869427 0.179211 0.866242 0.179211
0 0.665605 0.179211 0.659236 0.186380 0.659236 0.200717 0.668790 0.211470 0.671975 0.211470 0.681529 0.200717 0.681529 0.186380 0.675159 0.179211
0 0.171975 0.189964 0.168790 0.193548 0.165605 0.193548 0.162420 0.197133 0.162420 0.211470 0.168790 0.218638 0.178344 0.218638 0.184713 0.211470 0.184713 0.197133 0.181529 0.193548 0.178344 0.193548 0.175159 0.189964
0 0.646497 0.193548 0.636943 0.193548 0.630573 0.200717 0.630573 0.207885 0.627389 0.211470 0.627389 0.218638 0.633758 0.225806 0.636943 0.225806 0.640127 0.222222 0.643312 0.222222 0.643312 0.218638 0.649682 0.211470 0.649682 0.200717 0.646497 0.197133
0 0.484076 0.200717 0.480892 0.204301 0.474522 0.204301 0.471338 0.207885 0.468153 0.207885 0.468153 0.211470 0.461783 0.222222 0.461783 0.225806 0.464968 0.229391 0.464968 0.236559 0.468153 0.236559 0.471338 0.240143 0.480892 0.236559 0.490446 0.225806 0.490446 0.204301 0.487261 0.204301
0 0.828025 0.200717 0.821656 0.207885 0.821656 0.215054 0.824841 0.218638 0.824841 0.225806 0.828025 0.225806 0.831210 0.229391 0.847134 0.229391 0.850318 0.225806 0.850318 0.215054 0.847134 0.211470 0.847134 0.207885 0.840764 0.200717
0 0.334395 0.204301 0.328025 0.204301 0.324841 0.207885 0.321656 0.207885 0.312102 0.218638 0.312102 0.225806 0.308917 0.229391 0.312102 0.232975 0.312102 0.240143 0.315287 0.243728 0.315287 0.247312 0.321656 0.254480 0.334395 0.254480 0.343949 0.243728 0.343949 0.232975 0.347134 0.229391 0.347134 0.222222 0.343949 0.218638 0.343949 0.211470
0 0.888535 0.207885 0.882166 0.215054 0.882166 0.218638 0.878981 0.222222 0.878981 0.236559 0.885350 0.243728 0.894904 0.243728 0.904459 0.232975 0.904459 0.229391 0.907643 0.225806 0.907643 0.222222 0.904459 0.218638 0.904459 0.215054 0.898089 0.207885
0 0.242038 0.215054 0.242038 0.218638 0.238854 0.222222 0.238854 0.229391 0.242038 0.232975 0.242038 0.236559 0.245223 0.240143 0.245223 0.243728 0.248408 0.247312 0.251592 0.247312 0.254777 0.250896 0.257962 0.250896 0.264331 0.243728 0.264331 0.236559 0.257962 0.229391 0.257962 0.225806 0.248408 0.215054
0 0.601911 0.215054 0.589172 0.215054 0.582803 0.222222 0.582803 0.225806 0.579618 0.229391 0.579618 0.243728 0.582803 0.243728 0.585987 0.247312 0.592357 0.247312 0.601911 0.240143 0.601911 0.236559 0.605096 0.232975 0.605096 0.218638
0 0.703822 0.222222 0.691083 0.222222 0.681529 0.232975 0.681529 0.247312 0.684713 0.247312 0.687898 0.250896 0.691083 0.250896 0.694268 0.247312 0.697452 0.247312 0.707006 0.236559 0.707006 0.229391 0.703822 0.225806
0 0.117834 0.225806 0.105096 0.229391 0.092357 0.247312 0.092357 0.286738 0.095541 0.293907 0.105096 0.293907 0.114650 0.275986 0.114650 0.268817 0.117834 0.265233 0.117834 0.254480 0.121019 0.250896 0.121019 0.229391
0 0.732484 0.225806 0.729299 0.229391 0.729299 0.232975 0.726115 0.236559 0.726115 0.240143 0.732484 0.247312 0.738854 0.247312 0.742038 0.243728 0.745223 0.243728 0.745223 0.240143 0.748408 0.236559 0.748408 0.229391 0.745223 0.229391 0.742038 0.225806
0 0.662420 0.232975 0.649682 0.232975 0.646497 0.236559 0.646497 0.240143 0.643312 0.243728 0.643312 0.250896 0.646497 0.254480 0.656051 0.254480 0.662420 0.247312
0 0.808917 0.232975 0.799363 0.232975 0.796178 0.236559 0.792994 0.236559 0.789809 0.240143 0.789809 0.254480 0.792994 0.258065 0.796178 0.258065 0.799363 0.261649 0.802548 0.261649 0.805732 0.258065 0.808917 0.258065 0.815287 0.250896 0.815287 0.236559 0.812102 0.236559
0 0.187898 0.236559 0.178344 0.247312 0.178344 0.254480 0.184713 0.265233 0.200637 0.265233 0.207006 0.258065 0.207006 0.243728 0.197452 0.236559
0 0.621019 0.247312 0.611465 0.247312 0.605096 0.254480 0.605096 0.258065 0.601911 0.261649 0.601911 0.268817 0.605096 0.272401 0.605096 0.275986 0.614650 0.275986 0.617834 0.272401 0.617834 0.268817 0.621019 0.265233
0 0.831210 0.250896 0.831210 0.254480 0.828025 0.258065 0.828025 0.272401 0.831210 0.275986 0.840764 0.275986 0.847134 0.268817 0.847134 0.258065 0.840764 0.250896
0 0.710191 0.258065 0.707006 0.258065 0.703822 0.261649 0.700637 0.261649 0.697452 0.265233 0.697452 0.272401 0.694268 0.275986 0.694268 0.286738 0.697452 0.290323 0.707006 0.290323 0.710191 0.286738 0.710191 0.279570 0.713376 0.275986 0.713376 0.261649
0 0.735669 0.261649 0.735669 0.265233 0.732484 0.268817 0.732484 0.275986 0.735669 0.279570 0.735669 0.286738 0.761146 0.286738 0.764331 0.283154 0.764331 0.279570 0.767516 0.275986 0.767516 0.265233 0.761146 0.258065 0.742038 0.258065 0.738854 0.261649
0 0.675159 0.268817 0.662420 0.268817 0.656051 0.275986 0.656051 0.293907 0.659236 0.297491 0.668790 0.297491 0.671975 0.293907 0.671975 0.290323 0.675159 0.286738
0 0.777070 0.275986 0.777070 0.283154 0.780255 0.286738 0.780255 0.297491 0.786624 0.304659 0.799363 0.304659 0.802548 0.301075 0.805732 0.301075 0.805732 0.297491 0.808917 0.293907 0.808917 0.290323 0.802548 0.283154 0.799363 0.283154 0.789809 0.272401 0.780255 0.272401
0 0.468153 0.275986 0.464968 0.279570 0.464968 0.297491 0.471338 0.304659 0.484076 0.304659 0.484076 0.301075 0.487261 0.297491 0.487261 0.290323 0.484076 0.286738 0.484076 0.279570 0.480892 0.275986
0 0.439490 0.283154 0.436306 0.286738 0.433121 0.286738 0.426752 0.293907 0.426752 0.301075 0.429936 0.304659 0.429936 0.318996 0.433121 0.322581 0.433121 0.326165 0.442675 0.326165 0.449045 0.318996 0.449045 0.290323
0 0.410828 0.286738 0.410828 0.290323 0.407643 0.293907 0.407643 0.304659 0.404459 0.308244 0.404459 0.318996 0.407643 0.322581 0.407643 0.333333 0.414013 0.340502 0.423567 0.340502 0.429936 0.329749 0.429936 0.322581 0.426752 0.318996 0.426752 0.304659 0.423567 0.301075 0.423567 0.293907 0.417197 0.286738
0 0.528662 0.286738 0.525478 0.290323 0.519108 0.290323 0.512739 0.297491 0.512739 0.301075 0.509554 0.304659 0.509554 0.315412 0.512739 0.318996 0.512739 0.322581 0.522293 0.333333 0.528662 0.333333 0.531847 0.336918 0.535032 0.336918 0.541401 0.329749 0.541401 0.322581 0.544586 0.318996 0.544586 0.308244 0.541401 0.304659 0.541401 0.297491
0 0.729299 0.286738 0.722930 0.286738 0.716561 0.293907 0.716561 0.297491 0.713376 0.301075 0.713376 0.311828 0.719745 0.318996 0.726115 0.318996 0.732484 0.311828 0.732484 0.308244 0.735669 0.304659 0.735669 0.293907
0 0.643312 0.293907 0.640127 0.293907 0.633758 0.301075 0.633758 0.322581 0.636943 0.326165 0.643312 0.326165 0.649682 0.318996 0.652866 0.318996 0.652866 0.304659
0 0.617834 0.297491 0.614650 0.297491 0.605096 0.304659 0.605096 0.326165 0.611465 0.336918 0.617834 0.336918 0.617834 0.333333 0.624204 0.322581 0.624204 0.304659
0 0.318471 0.301075 0.312102 0.308244 0.308917 0.308244 0.308917 0.311828 0.305732 0.315412 0.305732 0.340502 0.315287 0.351254 0.331210 0.351254 0.343949 0.333333 0.343949 0.318996 0.340764 0.315412 0.340764 0.308244 0.334395 0.301075
0 0.356688 0.308244 0.350318 0.318996 0.350318 0.326165 0.347134 0.329749 0.347134 0.340502 0.350318 0.344086 0.350318 0.354839 0.356688 0.362007 0.363057 0.362007 0.372611 0.354839 0.372611 0.351254 0.378981 0.340502 0.378981 0.322581 0.375796 0.318996 0.375796 0.315412 0.372611 0.315412 0.363057 0.308244
0 0.187898 0.322581 0.175159 0.322581 0.168790 0.329749 0.168790 0.333333 0.162420 0.344086 0.162420 0.351254 0.159236 0.354839 0.159236 0.358423 0.162420 0.362007 0.162420 0.369176 0.165605 0.372760 0.178344 0.372760 0.184713 0.365591 0.184713 0.362007 0.194268 0.354839 0.194268 0.329749
0 0.878981 0.329749 0.878981 0.333333 0.882166 0.336918 0.882166 0.344086 0.885350 0.344086 0.888535 0.347670 0.894904 0.347670 0.898089 0.344086 0.901274 0.344086 0.904459 0.340502 0.904459 0.329749 0.898089 0.322581 0.885350 0.322581
0 0.748408 0.326165 0.738854 0.333333 0.738854 0.336918 0.735669 0.340502 0.735669 0.347670 0.742038 0.358423 0.745223 0.358423 0.748408 0.362007 0.754777 0.362007 0.764331 0.354839 0.764331 0.347670 0.767516 0.344086 0.767516 0.340502 0.761146 0.329749 0.757962 0.329749 0.754777 0.326165
0 0.796178 0.326165 0.783439 0.326165 0.777070 0.333333 0.777070 0.344086 0.783439 0.351254 0.789809 0.351254 0.796178 0.344086 0.796178 0.340502 0.799363 0.336918 0.799363 0.333333 0.796178 0.329749
0 0.815287 0.329749 0.815287 0.333333 0.812102 0.336918 0.812102 0.358423 0.815287 0.362007 0.824841 0.362007 0.828025 0.358423 0.828025 0.340502 0.824841 0.336918 0.824841 0.333333 0.821656 0.329749
0 0.847134 0.333333 0.843949 0.336918 0.840764 0.336918 0.840764 0.340502 0.837580 0.344086 0.837580 0.358423 0.834395 0.362007 0.834395 0.369176 0.837580 0.372760 0.840764 0.372760 0.843949 0.369176 0.843949 0.365591 0.853503 0.354839 0.853503 0.351254 0.856688 0.347670 0.856688 0.344086 0.853503 0.340502 0.853503 0.336918 0.850318 0.336918
0 0.257962 0.336918 0.254777 0.340502 0.254777 0.354839 0.261146 0.362007 0.270701 0.362007 0.277070 0.354839 0.277070 0.340502 0.273885 0.336918
0 0.535032 0.340502 0.525478 0.336918 0.522293 0.340502 0.515924 0.340502 0.509554 0.347670 0.509554 0.351254 0.506369 0.354839 0.506369 0.369176 0.512739 0.376344 0.525478 0.376344 0.528662 0.372760 0.531847 0.372760 0.538217 0.365591 0.538217 0.362007 0.541401 0.358423 0.541401 0.347670
0 0.710191 0.340502 0.707006 0.340502 0.703822 0.336918 0.700637 0.336918 0.691083 0.344086 0.691083 0.347670 0.687898 0.351254 0.687898 0.365591 0.691083 0.369176 0.703822 0.369176 0.710191 0.362007 0.710191 0.358423 0.713376 0.354839 0.713376 0.347670 0.710191 0.344086
0 0.640127 0.340502 0.636943 0.344086 0.636943 0.347670 0.633758 0.351254 0.633758 0.362007 0.640127 0.369176 0.646497 0.369176 0.652866 0.362007 0.652866 0.347670 0.656051 0.344086 0.652866 0.344086 0.649682 0.340502
0 0.098726 0.362007 0.098726 0.369176 0.101911 0.369176 0.105096 0.372760 0.108280 0.369176 0.111465 0.369176 0.111465 0.362007 0.108280 0.358423 0.101911 0.358423
0 0.554140 0.358423 0.554140 0.365591 0.550955 0.369176 0.554140 0.372760 0.550955 0.376344 0.563694 0.390681 0.573248 0.390681 0.582803 0.379928 0.582803 0.376344 0.585987 0.372760 0.579618 0.365591 0.566879 0.365591 0.563694 0.362007
0 0.872611 0.358423 0.863057 0.358423 0.856688 0.365591 0.856688 0.372760 0.853503 0.376344 0.853503 0.383513 0.859873 0.390681 0.863057 0.390681 0.866242 0.387097 0.869427 0.387097 0.872611 0.383513 0.872611 0.379928 0.875796 0.376344 0.875796 0.365591 0.872611 0.362007
0 0.611465 0.362007 0.608280 0.365591 0.608280 0.372760 0.605096 0.376344 0.605096 0.379928 0.611465 0.387097 0.614650 0.387097 0.617834 0.390681 0.624204 0.390681 0.627389 0.394265 0.630573 0.390681 0.630573 0.383513 0.624204 0.376344 0.624204 0.372760 0.621019 0.369176 0.621019 0.365591 0.617834 0.365591 0.614650 0.362007
0 0.203822 0.372760 0.197452 0.372760 0.194268 0.376344 0.194268 0.383513 0.191083 0.387097 0.191083 0.390681 0.194268 0.394265 0.197452 0.394265 0.200637 0.390681 0.203822 0.390681 0.203822 0.387097 0.207006 0.383513 0.207006 0.376344
0 0.726115 0.376344 0.722930 0.379928 0.719745 0.379928 0.716561 0.383513 0.716561 0.397849 0.719745 0.401434 0.726115 0.401434 0.729299 0.397849 0.729299 0.394265 0.732484 0.390681 0.732484 0.383513
0 0.786624 0.376344 0.777070 0.376344 0.777070 0.383513 0.770701 0.390681 0.770701 0.397849 0.773885 0.401434 0.780255 0.401434 0.783439 0.397849 0.783439 0.394265 0.786624 0.390681
0 0.229299 0.383513 0.219745 0.394265 0.219745 0.397849 0.216561 0.401434 0.216561 0.412186 0.226115 0.430108 0.242038 0.430108 0.251592 0.415771 0.251592 0.394265 0.242038 0.383513
0 0.006369 0.387097 0.003185 0.390681 0.003185 0.426523 0.006369 0.430108 0.009554 0.430108 0.015924 0.422939 0.015924 0.415771 0.009554 0.405018 0.009554 0.394265 0.006369 0.390681
0 0.165605 0.387097 0.159236 0.387097 0.152866 0.394265 0.152866 0.412186 0.156051 0.415771 0.162420 0.415771 0.165605 0.412186 0.168790 0.412186 0.168790 0.408602 0.171975 0.405018 0.171975 0.394265
0 0.328025 0.387097 0.321656 0.394265 0.321656 0.408602 0.328025 0.415771 0.337580 0.415771 0.343949 0.408602 0.343949 0.397849 0.340764 0.394265 0.340764 0.390681 0.337580 0.390681 0.334395 0.387097
0 0.808917 0.390681 0.799363 0.390681 0.796178 0.394265 0.792994 0.394265 0.792994 0.422939 0.796178 0.426523 0.802548 0.426523 0.808917 0.415771 0.808917 0.408602 0.812102 0.405018 0.812102 0.394265
0 0.589172 0.401434 0.585987 0.397849 0.573248 0.397849 0.570064 0.394265 0.566879 0.394265 0.563694 0.397849 0.560510 0.397849 0.554140 0.405018 0.554140 0.415771 0.560510 0.422939 0.573248 0.422939 0.576433 0.419355 0.579618 0.419355 0.589172 0.408602
0 0.652866 0.394265 0.649682 0.394265 0.643312 0.401434 0.640127 0.401434 0.636943 0.405018 0.636943 0.408602 0.633758 0.412186 0.633758 0.419355 0.636943 0.422939 0.640127 0.422939 0.643312 0.426523 0.646497 0.422939 0.649682 0.422939 0.659236 0.412186 0.659236 0.401434
0 0.863057 0.401434 0.856688 0.412186 0.856688 0.422939 0.863057 0.433692 0.872611 0.433692 0.878981 0.422939 0.878981 0.405018 0.875796 0.401434
0 0.101911 0.405018 0.101911 0.419355 0.108280 0.426523 0.111465 0.426523 0.114650 0.422939 0.114650 0.408602 0.111465 0.405018
0 0.388535 0.405018 0.378981 0.405018 0.372611 0.412186 0.369427 0.426523 0.366242 0.430108 0.366242 0.444444 0.363057 0.448029 0.363057 0.469534 0.369427 0.476703 0.375796 0.476703 0.378981 0.473118 0.391720 0.444444 0.394904 0.415771
0 0.624204 0.405018 0.617834 0.405018 0.614650 0.408602 0.611465 0.408602 0.611465 0.419355 0.614650 0.422939 0.621019 0.422939 0.627389 0.415771 0.627389 0.408602
0 0.757962 0.415771 0.748408 0.415771 0.748408 0.419355 0.742038 0.426523 0.745223 0.430108 0.745223 0.433692 0.748408 0.437276 0.748408 0.444444 0.751592 0.440860 0.754777 0.440860 0.761146 0.433692 0.761146 0.419355
0 0.675159 0.422939 0.675159 0.426523 0.671975 0.430108 0.671975 0.437276 0.675159 0.440860 0.675159 0.444444 0.678344 0.448029 0.694268 0.448029 0.697452 0.444444 0.697452 0.426523 0.687898 0.419355 0.681529 0.419355 0.678344 0.422939
0 0.050955 0.422939 0.047771 0.426523 0.044586 0.426523 0.038217 0.433692 0.038217 0.444444 0.044586 0.451613 0.054140 0.451613 0.063694 0.440860 0.063694 0.437276 0.060510 0.433692 0.060510 0.430108 0.057325 0.426523 0.054140 0.426523
0 0.557325 0.433692 0.557325 0.451613 0.570064 0.476703 0.576433 0.476703 0.579618 0.480287 0.582803 0.476703 0.592357 0.476703 0.598726 0.469534 0.601911 0.462366 0.601911 0.448029 0.592357 0.437276 0.585987 0.433692 0.579618 0.433692 0.570064 0.426523
0 0.735669 0.426523 0.732484 0.426523 0.729299 0.430108 0.726115 0.430108 0.722930 0.433692 0.722930 0.448029 0.729299 0.455197 0.735669 0.455197 0.738854 0.451613 0.742038 0.451613 0.745223 0.448029 0.745223 0.437276 0.742038 0.433692 0.742038 0.430108 0.738854 0.430108
0 0.770701 0.437276 0.764331 0.444444 0.764331 0.451613 0.761146 0.455197 0.761146 0.458781 0.764331 0.462366 0.764331 0.465950 0.780255 0.465950 0.783439 0.462366 0.783439 0.458781 0.786624 0.455197 0.786624 0.448029 0.783439 0.444444 0.783439 0.440860 0.780255 0.437276
0 0.649682 0.440860 0.649682 0.458781 0.656051 0.465950 0.656051 0.469534 0.659236 0.469534 0.662420 0.473118 0.665605 0.473118 0.668790 0.469534 0.671975 0.469534 0.678344 0.462366 0.678344 0.451613 0.675159 0.448029 0.668790 0.448029 0.659236 0.440860
0 0.630573 0.448029 0.624204 0.448029 0.617834 0.455197 0.617834 0.473118 0.621019 0.476703 0.624204 0.476703 0.627389 0.473118 0.630573 0.473118 0.630573 0.469534 0.633758 0.465950 0.633758 0.451613
0 0.843949 0.455197 0.843949 0.458781 0.840764 0.462366 0.847134 0.469534 0.847134 0.473118 0.856688 0.483871 0.863057 0.483871 0.866242 0.480287 0.866242 0.473118 0.869427 0.469534 0.869427 0.465950 0.866242 0.462366 0.866242 0.458781 0.863057 0.455197
0 0.101911 0.465950 0.101911 0.473118 0.108280 0.480287 0.124204 0.480287 0.127389 0.476703 0.127389 0.469534 0.124204 0.465950 0.124204 0.462366 0.121019 0.458781 0.111465 0.458781 0.108280 0.462366 0.105096 0.462366
0 0.238854 0.465950 0.232484 0.476703 0.232484 0.498208 0.242038 0.508961 0.245223 0.508961 0.248408 0.512545 0.264331 0.512545 0.270701 0.505376 0.270701 0.487455 0.267516 0.483871 0.267516 0.476703 0.257962 0.465950 0.251592 0.465950 0.248408 0.462366 0.245223 0.465950
0 0.041401 0.465950 0.035032 0.465950 0.031847 0.469534 0.028662 0.469534 0.028662 0.487455 0.038217 0.487455 0.044586 0.480287 0.044586 0.469534
0 0.805732 0.469534 0.802548 0.473118 0.799363 0.473118 0.799363 0.476703 0.796178 0.480287 0.796178 0.487455 0.799363 0.491039 0.799363 0.494624 0.802548 0.498208 0.812102 0.498208 0.815287 0.494624 0.815287 0.491039 0.818471 0.487455 0.818471 0.476703 0.812102 0.469534
0 0.891720 0.473118 0.878981 0.483871 0.872611 0.498208 0.872611 0.512545 0.885350 0.530466 0.894904 0.534050 0.907643 0.523297 0.907643 0.516129 0.910828 0.512545 0.910828 0.498208 0.904459 0.483871
0 0.681529 0.476703 0.675159 0.483871 0.675159 0.501792 0.678344 0.505376 0.691083 0.505376 0.700637 0.494624 0.700637 0.487455 0.697452 0.483871 0.697452 0.480287 0.694268 0.476703
0 0.840764 0.483871 0.828025 0.483871 0.824841 0.487455 0.824841 0.508961 0.828025 0.508961 0.831210 0.512545 0.837580 0.505376 0.840764 0.505376 0.847134 0.498208 0.843949 0.494624 0.843949 0.491039 0.840764 0.487455
0 0.216561 0.487455 0.207006 0.487455 0.203822 0.491039 0.200637 0.491039 0.194268 0.501792 0.194268 0.523297 0.200637 0.534050 0.213376 0.534050 0.226115 0.508961 0.226115 0.494624
0 0.630573 0.491039 0.630573 0.494624 0.627389 0.498208 0.627389 0.505376 0.633758 0.512545 0.636943 0.512545 0.640127 0.516129 0.665605 0.516129 0.665605 0.512545 0.668790 0.508961 0.665605 0.505376 0.665605 0.501792 0.656051 0.491039 0.652866 0.491039 0.649682 0.487455 0.636943 0.487455 0.633758 0.491039
0 0.605096 0.501792 0.595541 0.501792 0.592357 0.505376 0.589172 0.505376 0.579618 0.519713 0.579618 0.541219 0.585987 0.548387 0.585987 0.551971 0.601911 0.551971 0.611465 0.537634 0.611465 0.508961
0 0.850318 0.501792 0.847134 0.501792 0.840764 0.508961 0.837580 0.508961 0.834395 0.512545 0.837580 0.516129 0.837580 0.526882 0.840764 0.530466 0.847134 0.530466 0.850318 0.526882 0.853503 0.526882 0.853503 0.523297 0.856688 0.519713 0.856688 0.508961
0 0.761146 0.512545 0.757962 0.512545 0.754777 0.516129 0.751592 0.516129 0.742038 0.526882 0.742038 0.537634 0.751592 0.544803 0.757962 0.544803 0.761146 0.541219 0.764331 0.541219 0.764331 0.530466 0.767516 0.526882 0.767516 0.519713
0 0.321656 0.523297 0.321656 0.541219 0.328025 0.548387 0.328025 0.551971 0.331210 0.555556 0.340764 0.555556 0.340764 0.551971 0.343949 0.548387 0.340764 0.544803 0.340764 0.530466 0.331210 0.519713 0.328025 0.519713 0.324841 0.523297
0 0.722930 0.519713 0.710191 0.519713 0.707006 0.523297 0.707006 0.548387 0.710191 0.551971 0.716561 0.551971 0.719745 0.548387 0.719745 0.544803 0.722930 0.541219 0.722930 0.534050 0.726115 0.530466 0.722930 0.526882
0 0.767516 0.530466 0.767516 0.544803 0.770701 0.544803 0.773885 0.548387 0.777070 0.548387 0.780255 0.544803 0.789809 0.544803 0.796178 0.537634 0.796178 0.526882 0.792994 0.523297 0.773885 0.523297
0 0.044586 0.526882 0.041401 0.530466 0.041401 0.534050 0.038217 0.537634 0.038217 0.551971 0.041401 0.555556 0.054140 0.555556 0.057325 0.551971 0.057325 0.530466 0.054140 0.530466 0.050955 0.526882
0 0.079618 0.530466 0.079618 0.534050 0.076433 0.537634 0.079618 0.541219 0.079618 0.544803 0.082803 0.548387 0.089172 0.548387 0.092357 0.544803 0.092357 0.537634 0.085987 0.530466
0 0.646497 0.530466 0.646497 0.541219 0.649682 0.544803 0.649682 0.548387 0.652866 0.548387 0.656051 0.551971 0.659236 0.551971 0.662420 0.548387 0.665605 0.548387 0.668790 0.544803 0.668790 0.541219 0.659236 0.530466
0 0.687898 0.530466 0.684713 0.534050 0.681529 0.534050 0.675159 0.541219 0.675159 0.555556 0.681529 0.562724 0.684713 0.562724 0.687898 0.559140 0.687898 0.555556 0.691083 0.551971 0.691083 0.534050
0 0.375796 0.541219 0.363057 0.541219 0.353503 0.559140 0.353503 0.587814 0.356688 0.591398 0.363057 0.591398 0.366242 0.594982 0.375796 0.587814 0.375796 0.584229 0.378981 0.580645 0.378981 0.573477 0.382166 0.569892 0.382166 0.555556 0.378981 0.551971
0 0.856688 0.541219 0.856688 0.551971 0.866242 0.562724 0.875796 0.562724 0.878981 0.559140 0.878981 0.555556 0.875796 0.551971 0.875796 0.548387 0.869427 0.541219
0 0.006369 0.544803 0.003185 0.544803 0.000000 0.548387 0.000000 0.577061 0.003185 0.577061 0.006369 0.573477 0.006369 0.569892 0.009554 0.566308 0.009554 0.551971 0.006369 0.548387
0 0.264331 0.548387 0.257962 0.548387 0.254777 0.544803 0.245223 0.548387 0.232484 0.566308 0.232484 0.584229 0.235669 0.584229 0.238854 0.587814 0.251592 0.587814 0.254777 0.584229 0.261146 0.584229 0.264331 0.580645 0.267516 0.580645 0.273885 0.573477 0.273885 0.562724
0 0.159236 0.548387 0.156051 0.548387 0.152866 0.551971 0.149682 0.551971 0.143312 0.559140 0.143312 0.562724 0.146497 0.562724 0.149682 0.559140 0.152866 0.559140 0.159236 0.551971
0 0.745223 0.548387 0.738854 0.548387 0.732484 0.555556 0.732484 0.566308 0.735669 0.569892 0.742038 0.569892 0.748408 0.562724 0.748408 0.559140 0.745223 0.555556
0 0.815287 0.548387 0.812102 0.551971 0.812102 0.569892 0.815287 0.573477 0.831210 0.573477 0.831210 0.555556 0.828025 0.551971 0.828025 0.548387
0 0.184713 0.551971 0.181529 0.555556 0.181529 0.559140 0.178344 0.562724 0.181529 0.566308 0.181529 0.569892 0.184713 0.573477 0.194268 0.573477 0.194268 0.569892 0.197452 0.566308 0.197452 0.559140 0.194268 0.555556 0.194268 0.551971
0 0.082803 0.569892 0.085987 0.573477 0.089172 0.573477 0.098726 0.580645 0.105096 0.580645 0.108280 0.577061 0.111465 0.580645 0.121019 0.573477 0.121019 0.569892 0.117834 0.566308 0.108280 0.566308 0.105096 0.562724 0.098726 0.562724 0.095541 0.559140 0.085987 0.559140 0.085987 0.566308
0 0.751592 0.562724 0.748408 0.566308 0.748408 0.573477 0.751592 0.577061 0.751592 0.580645 0.754777 0.584229 0.767516 0.584229 0.770701 0.580645 0.770701 0.566308 0.767516 0.562724 0.761146 0.562724 0.757962 0.559140 0.754777 0.562724
0 0.847134 0.566308 0.847134 0.569892 0.843949 0.573477 0.843949 0.584229 0.847134 0.587814 0.850318 0.587814 0.853503 0.591398 0.856688 0.591398 0.859873 0.587814 0.863057 0.587814 0.866242 0.584229 0.866242 0.573477 0.859873 0.566308
0 0.028662 0.569892 0.028662 0.584229 0.035032 0.594982 0.035032 0.602151 0.044586 0.609319 0.047771 0.605735 0.050955 0.605735 0.050955 0.584229 0.047771 0.580645 0.047771 0.577061 0.041401 0.569892
0 0.662420 0.573477 0.659236 0.573477 0.656051 0.569892 0.649682 0.569892 0.646497 0.573477 0.643312 0.573477 0.636943 0.580645 0.636943 0.584229 0.633758 0.587814 0.633758 0.594982 0.636943 0.598566 0.643312 0.598566 0.646497 0.594982 0.652866 0.594982 0.662420 0.584229
0 0.321656 0.573477 0.321656 0.587814 0.324841 0.591398 0.324841 0.609319 0.331210 0.620072 0.337580 0.620072 0.337580 0.598566 0.334395 0.594982 0.334395 0.584229 0.328025 0.573477
0 0.710191 0.573477 0.707006 0.577061 0.707006 0.594982 0.710191 0.598566 0.719745 0.598566 0.726115 0.591398 0.726115 0.587814 0.729299 0.584229 0.729299 0.577061 0.726115 0.573477
0 0.796178 0.580645 0.796178 0.591398 0.799363 0.594982 0.799363 0.598566 0.802548 0.602151 0.805732 0.602151 0.808917 0.605735 0.818471 0.605735 0.821656 0.602151 0.821656 0.587814 0.815287 0.580645
0 0.073248 0.594982 0.070064 0.598566 0.070064 0.605735 0.066879 0.609319 0.066879 0.612903 0.073248 0.620072 0.079618 0.620072 0.082803 0.616487 0.085987 0.616487 0.089172 0.612903 0.089172 0.598566 0.085987 0.598566 0.082803 0.594982
0 0.882166 0.598566 0.878981 0.594982 0.875796 0.594982 0.875796 0.598566 0.872611 0.602151 0.856688 0.602151 0.853503 0.605735 0.847134 0.605735 0.847134 0.612903 0.850318 0.616487 0.850318 0.623656 0.853503 0.627240 0.859873 0.627240 0.863057 0.623656 0.866242 0.623656 0.872611 0.616487 0.875796 0.616487 0.878981 0.612903 0.878981 0.605735 0.882166 0.602151
0 0.719745 0.612903 0.719745 0.616487 0.726115 0.623656 0.729299 0.623656 0.735669 0.630824 0.748408 0.630824 0.751592 0.627240 0.751592 0.623656 0.745223 0.612903 0.745223 0.605735 0.742038 0.602151 0.735669 0.602151 0.732484 0.605735 0.726115 0.605735
0 0.777070 0.602151 0.770701 0.612903 0.770701 0.627240 0.780255 0.634409 0.789809 0.634409 0.796178 0.627240 0.796178 0.612903 0.786624 0.602151
0 0.156051 0.605735 0.149682 0.612903 0.149682 0.620072 0.152866 0.623656 0.152866 0.627240 0.156051 0.630824 0.159236 0.630824 0.162420 0.634409 0.165605 0.634409 0.171975 0.627240 0.171975 0.620072 0.168790 0.616487 0.168790 0.612903 0.162420 0.605735
0 0.691083 0.616487 0.687898 0.612903 0.675159 0.612903 0.671975 0.616487 0.668790 0.616487 0.662420 0.623656 0.662420 0.634409 0.665605 0.637993 0.681529 0.637993 0.687898 0.630824 0.691083 0.630824
0 0.828025 0.616487 0.824841 0.620072 0.821656 0.620072 0.815287 0.627240 0.815287 0.630824 0.818471 0.634409 0.818471 0.637993 0.821656 0.641577 0.824841 0.641577 0.828025 0.645161 0.834395 0.645161 0.840764 0.637993 0.840764 0.630824 0.837580 0.627240 0.837580 0.623656 0.834395 0.620072 0.831210 0.620072
0 0.707006 0.627240 0.700637 0.627240 0.691083 0.637993 0.691083 0.645161 0.694268 0.648746 0.707006 0.648746 0.710191 0.645161 0.710191 0.630824
0 0.904459 0.627240 0.894904 0.627240 0.891720 0.630824 0.888535 0.630824 0.885350 0.634409 0.885350 0.648746 0.888535 0.652330 0.888535 0.655914 0.901274 0.655914 0.910828 0.645161 0.910828 0.634409
0 0.066879 0.641577 0.063694 0.645161 0.063694 0.652330 0.060510 0.655914 0.060510 0.659498 0.063694 0.663082 0.063694 0.670251 0.070064 0.677419 0.076433 0.677419 0.079618 0.673835 0.082803 0.673835 0.089172 0.666667 0.092357 0.655914 0.089172 0.652330 0.089172 0.648746 0.082803 0.641577
0 0.267516 0.641577 0.261146 0.645161 0.254777 0.655914 0.254777 0.677419 0.261146 0.691756 0.267516 0.698925 0.283439 0.698925 0.286624 0.702509 0.292994 0.695341 0.292994 0.684588 0.296178 0.681004 0.292994 0.659498 0.280255 0.645161
0 0.767516 0.641577 0.754777 0.641577 0.751592 0.645161 0.751592 0.648746 0.748408 0.652330 0.748408 0.666667 0.751592 0.670251 0.754777 0.670251 0.757962 0.673835 0.761146 0.670251 0.764331 0.670251 0.767516 0.666667 0.767516 0.663082 0.770701 0.659498 0.770701 0.645161
0 0.726115 0.655914 0.719745 0.663082 0.719745 0.673835 0.726115 0.681004 0.738854 0.681004 0.742038 0.677419 0.742038 0.673835 0.745223 0.670251 0.745223 0.663082 0.742038 0.663082 0.738854 0.659498 0.735669 0.659498 0.732484 0.655914
0 0.528662 0.659498 0.522293 0.670251 0.522293 0.681004 0.525478 0.684588 0.525478 0.695341 0.528662 0.698925 0.531847 0.709677 0.541401 0.709677 0.544586 0.706093 0.547771 0.706093 0.554140 0.695341 0.554140 0.670251 0.544586 0.659498
0 0.582803 0.659498 0.579618 0.659498 0.579618 0.663082 0.576433 0.666667 0.576433 0.673835 0.573248 0.677419 0.570064 0.677419 0.570064 0.698925 0.573248 0.702509 0.573248 0.709677 0.576433 0.713262 0.576433 0.724014 0.582803 0.724014 0.592357 0.709677 0.592357 0.691756 0.589172 0.688172 0.589172 0.681004 0.585987 0.677419 0.585987 0.666667 0.582803 0.663082
0 0.015924 0.663082 0.009554 0.670251 0.009554 0.684588 0.015924 0.691756 0.025478 0.691756 0.028662 0.688172 0.031847 0.688172 0.031847 0.670251 0.025478 0.663082
0 0.203822 0.670251 0.203822 0.684588 0.207006 0.688172 0.210191 0.688172 0.213376 0.691756 0.226115 0.691756 0.229299 0.688172 0.232484 0.688172 0.232484 0.681004 0.229299 0.677419 0.229299 0.673835 0.219745 0.663082 0.210191 0.663082
0 0.114650 0.666667 0.108280 0.677419 0.111465 0.731183 0.117834 0.738351 0.124204 0.738351 0.130573 0.727599 0.130573 0.681004 0.124204 0.666667
0 0.652866 0.670251 0.652866 0.677419 0.665605 0.677419 0.668790 0.673835 0.668790 0.666667 0.656051 0.666667
0 0.694268 0.666667 0.678344 0.666667 0.675159 0.670251 0.671975 0.670251 0.671975 0.673835 0.668790 0.677419 0.668790 0.688172 0.675159 0.695341 0.681529 0.695341 0.687898 0.688172 0.691083 0.688172 0.697452 0.677419 0.697452 0.670251
0 0.159236 0.677419 0.156051 0.677419 0.156051 0.681004 0.149682 0.688172 0.149682 0.691756 0.146497 0.695341 0.146497 0.702509 0.143312 0.706093 0.143312 0.724014 0.152866 0.734767 0.159236 0.734767 0.156051 0.724014 0.162420 0.716846 0.162420 0.702509 0.165605 0.698925 0.165605 0.691756 0.168790 0.688172 0.168790 0.684588
0 0.382166 0.677419 0.372611 0.681004 0.372611 0.684588 0.366242 0.691756 0.366242 0.709677 0.369427 0.713262 0.369427 0.734767 0.375796 0.741935 0.382166 0.741935 0.388535 0.738351 0.391720 0.731183 0.391720 0.716846 0.394904 0.713262 0.394904 0.702509 0.391720 0.698925 0.391720 0.684588
0 0.843949 0.681004 0.837580 0.681004 0.834395 0.684588 0.831210 0.684588 0.828025 0.688172 0.828025 0.706093 0.831210 0.709677 0.840764 0.709677 0.847134 0.702509 0.847134 0.698925 0.850318 0.695341 0.850318 0.691756 0.847134 0.688172 0.847134 0.684588
0 0.805732 0.691756 0.799363 0.698925 0.799363 0.709677 0.805732 0.716846 0.812102 0.716846 0.815287 0.713262 0.815287 0.709677 0.818471 0.706093 0.818471 0.695341 0.815287 0.691756
0 0.652866 0.695341 0.649682 0.698925 0.649682 0.702509 0.646497 0.706093 0.649682 0.709677 0.649682 0.716846 0.652866 0.720430 0.652866 0.724014 0.656051 0.727599 0.662420 0.727599 0.662420 0.724014 0.665605 0.720430 0.665605 0.709677 0.668790 0.706093 0.665605 0.702509 0.665605 0.698925 0.662420 0.698925 0.659236 0.695341
0 0.047771 0.698925 0.041401 0.706093 0.041401 0.720430 0.047771 0.727599 0.054140 0.727599 0.060510 0.720430 0.060510 0.716846 0.063694 0.713262 0.063694 0.709677 0.060510 0.706093 0.060510 0.702509 0.057325 0.698925
0 0.292994 0.698925 0.286624 0.713262 0.280255 0.720430 0.280255 0.745520 0.286624 0.752688 0.302548 0.752688 0.312102 0.741935 0.312102 0.734767 0.318471 0.724014 0.318471 0.716846 0.315287 0.709677 0.305732 0.698925
0 0.633758 0.716846 0.624204 0.716846 0.617834 0.724014 0.617834 0.741935 0.621019 0.745520 0.627389 0.745520 0.640127 0.731183 0.640127 0.724014
0 0.321656 0.720430 0.321656 0.724014 0.315287 0.734767 0.315287 0.741935 0.312102 0.745520 0.318471 0.752688 0.324841 0.752688 0.328025 0.756272 0.340764 0.756272 0.343949 0.752688 0.343949 0.738351 0.337580 0.731183 0.337580 0.727599 0.334395 0.727599 0.331210 0.724014 0.324841 0.724014
0 0.792994 0.727599 0.789809 0.731183 0.789809 0.749104 0.799363 0.759857 0.805732 0.759857 0.812102 0.752688 0.812102 0.749104 0.808917 0.745520 0.808917 0.734767 0.802548 0.727599
0 0.729299 0.734767 0.726115 0.738351 0.719745 0.738351 0.710191 0.749104 0.710191 0.756272 0.713376 0.759857 0.713376 0.763441 0.716561 0.763441 0.722930 0.770609 0.735669 0.770609 0.738854 0.767025 0.738854 0.756272 0.742038 0.752688 0.742038 0.749104
0 0.863057 0.734767 0.856688 0.741935 0.856688 0.756272 0.863057 0.763441 0.872611 0.763441 0.878981 0.756272 0.878981 0.741935 0.872611 0.734767
0 0.066879 0.738351 0.063694 0.741935 0.063694 0.749104 0.060510 0.752688 0.060510 0.763441 0.063694 0.767025 0.073248 0.767025 0.076433 0.763441 0.076433 0.741935 0.073248 0.738351
0 0.254777 0.745520 0.245223 0.745520 0.238854 0.759857 0.238854 0.770609 0.232484 0.784946 0.232484 0.799283 0.238854 0.806452 0.248408 0.806452 0.257962 0.795699 0.261146 0.788530 0.261146 0.752688
0 0.573248 0.745520 0.566879 0.745520 0.563694 0.749104 0.560510 0.749104 0.560510 0.756272 0.557325 0.759857 0.557325 0.774194 0.560510 0.774194 0.563694 0.777778 0.566879 0.777778 0.570064 0.774194 0.573248 0.774194 0.579618 0.767025 0.579618 0.752688
0 0.461783 0.749104 0.455414 0.759857 0.455414 0.774194 0.468153 0.792115 0.477707 0.792115 0.487261 0.781362 0.487261 0.777778 0.490446 0.774194 0.490446 0.763441 0.487261 0.759857 0.487261 0.756272 0.480892 0.749104
0 0.652866 0.749104 0.643312 0.749104 0.633758 0.759857 0.633758 0.777778 0.640127 0.784946 0.643312 0.784946 0.652866 0.777778
0 0.611465 0.763441 0.608280 0.767025 0.605096 0.767025 0.601911 0.770609 0.601911 0.774194 0.598726 0.777778 0.598726 0.792115 0.605096 0.799283 0.608280 0.799283 0.614650 0.792115 0.614650 0.784946 0.617834 0.781362 0.617834 0.770609
0 0.668790 0.763441 0.662420 0.770609 0.662420 0.774194 0.659236 0.777778 0.659236 0.788530 0.662420 0.792115 0.671975 0.792115 0.675159 0.788530 0.675159 0.774194 0.671975 0.770609 0.671975 0.767025
0 0.452229 0.770609 0.449045 0.774194 0.436306 0.774194 0.429936 0.781362 0.423567 0.795699 0.423567 0.827957 0.426752 0.831541 0.433121 0.831541 0.445860 0.824373 0.458599 0.806452 0.461783 0.788530 0.452229 0.774194
0 0.748408 0.770609 0.742038 0.777778 0.742038 0.788530 0.745223 0.792115 0.761146 0.792115 0.764331 0.788530 0.764331 0.781362 0.761146 0.777778 0.761146 0.774194 0.757962 0.770609
0 0.124204 0.774194 0.117834 0.774194 0.114650 0.777778 0.114650 0.784946 0.111465 0.788530 0.111465 0.799283 0.108280 0.802867 0.108280 0.827957 0.111465 0.831541 0.111465 0.835125 0.117834 0.835125 0.127389 0.820789 0.127389 0.777778
0 0.697452 0.774194 0.691083 0.774194 0.684713 0.781362 0.684713 0.784946 0.681529 0.788530 0.681529 0.795699 0.684713 0.799283 0.684713 0.806452 0.687898 0.806452 0.691083 0.810036 0.694268 0.806452 0.694268 0.802867 0.697452 0.799283 0.697452 0.795699 0.700637 0.792115 0.700637 0.777778
0 0.792994 0.774194 0.789809 0.777778 0.789809 0.792115 0.792994 0.792115 0.796178 0.795699 0.799363 0.795699 0.802548 0.792115 0.802548 0.788530 0.805732 0.784946 0.805732 0.781362 0.799363 0.774194
0 0.891720 0.774194 0.882166 0.774194 0.878981 0.777778 0.875796 0.777778 0.869427 0.784946 0.872611 0.788530 0.872611 0.792115 0.875796 0.792115 0.878981 0.795699 0.885350 0.795699 0.888535 0.792115 0.891720 0.792115 0.891720 0.788530 0.894904 0.784946 0.894904 0.781362 0.891720 0.777778
0 0.015924 0.777778 0.012739 0.781362 0.009554 0.781362 0.009554 0.784946 0.006369 0.788530 0.006369 0.806452 0.012739 0.813620 0.022293 0.813620 0.028662 0.802867 0.028662 0.788530 0.022293 0.777778
0 0.347134 0.784946 0.331210 0.784946 0.328025 0.788530 0.318471 0.792115 0.312102 0.799283 0.312102 0.820789 0.318471 0.827957 0.331210 0.827957 0.334395 0.824373 0.337580 0.824373 0.353503 0.806452 0.353503 0.792115
0 0.837580 0.784946 0.828025 0.795699 0.828025 0.813620 0.837580 0.824373 0.840764 0.824373 0.843949 0.827957 0.850318 0.820789 0.850318 0.806452 0.853503 0.802867 0.850318 0.799283 0.850318 0.792115 0.843949 0.784946
0 0.722930 0.788530 0.716561 0.788530 0.710191 0.795699 0.710191 0.806452 0.707006 0.810036 0.707006 0.813620 0.713376 0.820789 0.719745 0.820789 0.726115 0.813620 0.729299 0.813620 0.729299 0.806452 0.732484 0.802867 0.729299 0.799283 0.729299 0.795699
0 0.070064 0.802867 0.063694 0.795699 0.060510 0.795699 0.057325 0.792115 0.047771 0.792115 0.041401 0.799283 0.041401 0.802867 0.038217 0.806452 0.038217 0.817204 0.041401 0.820789 0.050955 0.820789 0.057325 0.813620 0.063694 0.813620
0 0.544586 0.795699 0.538217 0.795699 0.535032 0.799283 0.531847 0.799283 0.528662 0.802867 0.528662 0.806452 0.525478 0.810036 0.525478 0.817204 0.531847 0.824373 0.538217 0.824373 0.544586 0.817204 0.544586 0.813620 0.547771 0.810036 0.547771 0.799283
0 0.757962 0.813620 0.761146 0.817204 0.761146 0.820789 0.764331 0.820789 0.767516 0.824373 0.777070 0.824373 0.780255 0.820789 0.783439 0.820789 0.783439 0.806452 0.780255 0.802867 0.767516 0.802867 0.764331 0.806452 0.761146 0.806452 0.761146 0.810036
0 0.882166 0.806452 0.878981 0.806452 0.875796 0.802867 0.872611 0.802867 0.869427 0.806452 0.866242 0.806452 0.866242 0.810036 0.863057 0.813620 0.863057 0.824373 0.866242 0.827957 0.866242 0.831541 0.878981 0.831541 0.882166 0.827957 0.882166 0.824373 0.885350 0.820789 0.885350 0.813620 0.882166 0.810036
0 0.624204 0.806452 0.624204 0.810036 0.621019 0.813620 0.621019 0.820789 0.624204 0.824373 0.630573 0.824373 0.636943 0.817204 0.636943 0.810036 0.633758 0.806452
0 0.149682 0.813620 0.146497 0.817204 0.149682 0.820789 0.149682 0.824373 0.162420 0.838710 0.168790 0.838710 0.171975 0.835125 0.168790 0.831541 0.168790 0.827957 0.162420 0.820789 0.159236 0.820789 0.156051 0.817204 0.156051 0.813620
0 0.662420 0.820789 0.656051 0.831541 0.656051 0.842294 0.662420 0.853047 0.671975 0.853047 0.681529 0.842294 0.681529 0.827957 0.678344 0.824373 0.678344 0.820789
0 0.197452 0.824373 0.194268 0.827957 0.194268 0.838710 0.197452 0.842294 0.197452 0.849462 0.203822 0.856631 0.213376 0.856631 0.219745 0.849462 0.219745 0.831541 0.216561 0.831541 0.213376 0.827957 0.207006 0.827957 0.203822 0.824373
0 0.388535 0.831541 0.388535 0.838710 0.391720 0.838710 0.401274 0.849462 0.404459 0.845878 0.404459 0.838710 0.401274 0.835125 0.401274 0.831541 0.398089 0.831541 0.394904 0.827957 0.391720 0.831541
0 0.506369 0.835125 0.500000 0.835125 0.490446 0.842294 0.490446 0.878136 0.496815 0.885305 0.503185 0.885305 0.509554 0.874552 0.509554 0.838710
0 0.773885 0.835125 0.770701 0.838710 0.770701 0.849462 0.773885 0.853047 0.783439 0.853047 0.786624 0.849462 0.786624 0.838710 0.783439 0.835125
0 0.343949 0.838710 0.340764 0.842294 0.334395 0.842294 0.328025 0.849462 0.328025 0.870968 0.331210 0.874552 0.337580 0.874552 0.340764 0.878136 0.343949 0.874552 0.347134 0.874552 0.347134 0.870968 0.350318 0.867384 0.350318 0.845878
0 0.633758 0.838710 0.630573 0.838710 0.627389 0.842294 0.624204 0.842294 0.617834 0.849462 0.617834 0.863799 0.621019 0.867384 0.621019 0.870968 0.630573 0.870968 0.633758 0.867384 0.633758 0.863799 0.636943 0.860215 0.636943 0.842294
0 0.025478 0.842294 0.022293 0.845878 0.019108 0.845878 0.015924 0.849462 0.015924 0.856631 0.019108 0.860215 0.019108 0.867384 0.025478 0.874552 0.031847 0.874552 0.031847 0.870968 0.035032 0.867384 0.035032 0.853047 0.031847 0.849462 0.031847 0.845878 0.028662 0.845878
0 0.156051 0.842294 0.149682 0.842294 0.146497 0.845878 0.136943 0.849462 0.136943 0.853047 0.133758 0.856631 0.133758 0.874552 0.140127 0.881720 0.140127 0.885305 0.143312 0.885305 0.156051 0.870968 0.159236 0.870968 0.159236 0.867384 0.165605 0.860215 0.162420 0.856631 0.162420 0.849462
0 0.245223 0.845878 0.238854 0.845878 0.232484 0.853047 0.229299 0.867384 0.226115 0.870968 0.226115 0.903226 0.232484 0.913978 0.245223 0.913978 0.254777 0.896057 0.254777 0.867384
0 0.292994 0.845878 0.280255 0.845878 0.267516 0.860215 0.267516 0.863799 0.264331 0.867384 0.267516 0.870968 0.267516 0.874552 0.273885 0.881720 0.283439 0.881720 0.299363 0.870968 0.299363 0.853047
0 0.694268 0.845878 0.687898 0.853047 0.687898 0.870968 0.691083 0.874552 0.703822 0.874552 0.703822 0.870968 0.707006 0.867384 0.707006 0.860215 0.703822 0.856631 0.703822 0.849462 0.700637 0.845878
0 0.859873 0.853047 0.850318 0.853047 0.843949 0.860215 0.843949 0.878136 0.850318 0.885305 0.853503 0.885305 0.863057 0.874552 0.863057 0.856631
0 0.525478 0.863799 0.519108 0.874552 0.519108 0.888889 0.525478 0.896057 0.538217 0.896057 0.538217 0.892473 0.541401 0.888889 0.541401 0.874552 0.535032 0.863799
0 0.595541 0.863799 0.592357 0.867384 0.592357 0.870968 0.589172 0.874552 0.589172 0.878136 0.592357 0.881720 0.592357 0.885305 0.595541 0.888889 0.608280 0.888889 0.608280 0.885305 0.611465 0.881720 0.611465 0.874552 0.608280 0.870968 0.608280 0.867384 0.605096 0.863799
0 0.754777 0.863799 0.751592 0.867384 0.751592 0.885305 0.754777 0.888889 0.754777 0.892473 0.761146 0.899642 0.767516 0.899642 0.770701 0.896057 0.770701 0.874552 0.764331 0.863799
0 0.789809 0.863799 0.783439 0.874552 0.783439 0.881720 0.786624 0.885305 0.786624 0.892473 0.789809 0.896057 0.789809 0.899642 0.802548 0.899642 0.808917 0.888889 0.808917 0.885305 0.805732 0.881720 0.805732 0.874552 0.802548 0.870968 0.799363 0.870968 0.792994 0.863799
0 0.388535 0.870968 0.375796 0.870968 0.372611 0.874552 0.372611 0.881720 0.369427 0.885305 0.369427 0.888889 0.366242 0.892473 0.366242 0.896057 0.369427 0.899642 0.382166 0.899642 0.388535 0.892473 0.388535 0.888889 0.391720 0.885305 0.391720 0.878136 0.388535 0.874552
