0 0.041401 0.000000 0.038217 0.003597 0.035032 0.003597 0.035032 0.010791 0.031847 0.014388 0.031847 0.017986 0.035032 0.021583 0.035032 0.025180 0.041401 0.035971 0.050955 0.035971 0.050955 0.003597 0.047771 0.003597 0.044586 0.000000
0 0.108280 0.003597 0.108280 0.007194 0.111465 0.010791 0.111465 0.014388 0.114650 0.014388 0.121019 0.021583 0.124204 0.021583 0.127389 0.017986 0.130573 0.017986 0.133758 0.014388 0.133758 0.010791 0.136943 0.007194 0.133758 0.003597 0.133758 0.000000 0.130573 0.000000 0.127389 0.003597 0.124204 0.003597 0.121019 0.000000 0.111465 0.000000
0 0.439490 0.007194 0.442675 0.010791 0.442675 0.014388 0.455414 0.028777 0.464968 0.028777 0.468153 0.025180 0.468153 0.014388 0.471338 0.010791 0.468153 0.007194 0.468153 0.003597 0.464968 0.003597 0.461783 0.000000 0.449045 0.000000
0 0.286624 0.003597 0.283439 0.007194 0.283439 0.017986 0.286624 0.021583 0.286624 0.028777 0.292994 0.035971 0.302548 0.035971 0.305732 0.032374 0.305732 0.028777 0.302548 0.025180 0.302548 0.014388 0.305732 0.010791 0.305732 0.007194 0.302548 0.003597
0 0.780255 0.003597 0.780255 0.007194 0.783439 0.007194 0.786624 0.010791 0.792994 0.010791 0.796178 0.007194 0.796178 0.003597
0 0.882166 0.003597 0.882166 0.010791 0.885350 0.014388 0.885350 0.017986 0.888535 0.021583 0.888535 0.028777 0.891720 0.032374 0.894904 0.032374 0.898089 0.028777 0.901274 0.028777 0.901274 0.017986 0.904459 0.014388 0.904459 0.003597
0 0.070064 0.014388 0.066879 0.014388 0.063694 0.017986 0.063694 0.025180 0.060510 0.028777 0.060510 0.035971 0.054140 0.046763 0.054140 0.053957 0.060510 0.061151 0.066879 0.061151 0.073248 0.053957 0.073248 0.046763 0.076433 0.043165 0.076433 0.025180
0 0.560510 0.025180 0.560510 0.035971 0.563694 0.039568 0.570064 0.039568 0.573248 0.043165 0.592357 0.043165 0.595541 0.039568 0.595541 0.025180 0.592357 0.021583 0.592357 0.017986 0.589172 0.017986 0.585987 0.014388 0.579618 0.014388 0.576433 0.017986 0.570064 0.017986
0 0.700637 0.014388 0.697452 0.017986 0.697452 0.028777 0.700637 0.032374 0.700637 0.035971 0.710191 0.046763 0.719745 0.046763 0.719745 0.043165 0.722930 0.039568 0.722930 0.035971 0.713376 0.025180 0.713376 0.021583 0.710191 0.017986 0.707006 0.017986 0.703822 0.014388
0 0.375796 0.017986 0.375796 0.021583 0.372611 0.025180 0.372611 0.043165 0.375796 0.046763 0.375796 0.053957 0.378981 0.057554 0.385350 0.057554 0.388535 0.053957 0.388535 0.032374 0.385350 0.028777 0.385350 0.021583 0.382166 0.017986
0 0.092357 0.046763 0.098726 0.057554 0.111465 0.057554 0.114650 0.061151 0.127389 0.061151 0.133758 0.053957 0.133758 0.046763 0.117834 0.028777 0.108280 0.028777 0.105096 0.032374 0.101911 0.032374 0.095541 0.039568 0.095541 0.043165
0 0.493631 0.046763 0.493631 0.050360 0.500000 0.057554 0.503185 0.057554 0.506369 0.061151 0.509554 0.057554 0.519108 0.057554 0.525478 0.050360 0.525478 0.046763 0.519108 0.039568 0.503185 0.039568 0.500000 0.043165 0.496815 0.043165
0 0.847134 0.043165 0.837580 0.043165 0.831210 0.050360 0.831210 0.053957 0.828025 0.057554 0.828025 0.071942 0.831210 0.075540 0.831210 0.079137 0.834395 0.079137 0.837580 0.082734 0.847134 0.079137 0.850318 0.075540 0.850318 0.068345 0.853503 0.064748 0.850318 0.061151 0.850318 0.050360 0.847134 0.046763
0 0.742038 0.050360 0.742038 0.061151 0.745223 0.064748 0.764331 0.064748 0.767516 0.061151 0.770701 0.061151 0.773885 0.057554 0.773885 0.053957 0.767516 0.046763 0.745223 0.046763
0 0.426752 0.057554 0.426752 0.068345 0.436306 0.079137 0.442675 0.079137 0.445860 0.082734 0.449045 0.082734 0.458599 0.075540 0.458599 0.057554 0.455414 0.053957 0.452229 0.053957 0.449045 0.050360 0.433121 0.050360
0 0.675159 0.057554 0.665605 0.057554 0.656051 0.068345 0.656051 0.071942 0.652866 0.075540 0.652866 0.093525 0.656051 0.097122 0.659236 0.097122 0.668790 0.089928 0.668790 0.082734 0.671975 0.079137 0.671975 0.071942 0.675159 0.068345
0 0.388535 0.071942 0.388535 0.082734 0.394904 0.089928 0.398089 0.089928 0.401274 0.093525 0.417197 0.093525 0.417197 0.082734 0.404459 0.068345 0.391720 0.068345
0 0.003185 0.071942 0.003185 0.097122 0.006369 0.100719 0.009554 0.097122 0.012739 0.100719 0.015924 0.097122 0.019108 0.097122 0.019108 0.093525 0.022293 0.089928 0.022293 0.086331 0.019108 0.082734 0.019108 0.079137 0.015924 0.075540 0.009554 0.075540 0.006369 0.071942
0 0.050955 0.071942 0.044586 0.079137 0.044586 0.089928 0.047771 0.093525 0.060510 0.093525 0.066879 0.086331 0.066879 0.079137 0.063694 0.079137 0.060510 0.075540 0.057325 0.075540 0.054140 0.071942
0 0.754777 0.082734 0.754777 0.089928 0.764331 0.100719 0.777070 0.100719 0.780255 0.097122 0.783439 0.097122 0.783439 0.093525 0.786624 0.089928 0.786624 0.082734 0.777070 0.075540 0.767516 0.075540 0.764331 0.079137 0.757962 0.079137
0 0.882166 0.075540 0.872611 0.082734 0.872611 0.097122 0.878981 0.107914 0.882166 0.107914 0.885350 0.111511 0.888535 0.111511 0.894904 0.104317 0.894904 0.086331 0.885350 0.075540
0 0.168790 0.082734 0.162420 0.089928 0.162420 0.104317 0.168790 0.111511 0.171975 0.111511 0.175159 0.115108 0.178344 0.111511 0.181529 0.111511 0.184713 0.107914 0.184713 0.097122 0.181529 0.093525 0.181529 0.089928 0.178344 0.086331 0.178344 0.082734
0 0.076433 0.100719 0.076433 0.104317 0.070064 0.115108 0.070064 0.122302 0.085987 0.136691 0.092357 0.136691 0.098726 0.129496 0.098726 0.118705 0.095541 0.115108 0.095541 0.111511 0.089172 0.100719
0 0.133758 0.107914 0.127389 0.115108 0.127389 0.118705 0.124204 0.122302 0.124204 0.125899 0.127389 0.129496 0.127389 0.143885 0.136943 0.151079 0.140127 0.147482 0.149682 0.147482 0.152866 0.143885 0.159236 0.143885 0.165605 0.136691 0.156051 0.125899 0.152866 0.125899 0.140127 0.111511 0.136943 0.111511
0 0.382166 0.107914 0.378981 0.111511 0.378981 0.115108 0.372611 0.122302 0.372611 0.129496 0.369427 0.133094 0.372611 0.136691 0.372611 0.143885 0.375796 0.147482 0.378981 0.147482 0.382166 0.151079 0.394904 0.151079 0.398089 0.147482 0.401274 0.147482 0.401274 0.143885 0.407643 0.136691 0.407643 0.125899 0.404459 0.122302 0.404459 0.118705 0.394904 0.107914
0 0.500000 0.107914 0.487261 0.107914 0.480892 0.115108 0.480892 0.129496 0.490446 0.140288 0.493631 0.140288 0.496815 0.136691 0.500000 0.136691 0.506369 0.129496 0.506369 0.115108
0 0.009554 0.115108 0.009554 0.125899 0.015924 0.133094 0.025478 0.133094 0.028662 0.129496 0.028662 0.122302 0.022293 0.115108
0 0.767516 0.118705 0.761146 0.125899 0.761146 0.136691 0.764331 0.140288 0.764331 0.143885 0.773885 0.151079 0.780255 0.151079 0.783439 0.147482 0.786624 0.147482 0.786624 0.129496 0.780255 0.122302 0.777070 0.122302 0.773885 0.118705
0 0.200637 0.125899 0.197452 0.129496 0.197452 0.151079 0.200637 0.151079 0.203822 0.147482 0.203822 0.143885 0.200637 0.140288 0.200637 0.136691 0.203822 0.133094 0.203822 0.129496
0 0.226115 0.129496 0.219745 0.140288 0.219745 0.165468 0.226115 0.172662 0.232484 0.172662 0.235669 0.169065 0.235669 0.165468 0.238854 0.161871 0.238854 0.158273 0.245223 0.147482 0.245223 0.140288 0.235669 0.129496
0 0.656051 0.129496 0.652866 0.133094 0.643312 0.136691 0.643312 0.151079 0.646497 0.154676 0.646497 0.158273 0.652866 0.165468 0.656051 0.165468 0.659236 0.169065 0.665605 0.169065 0.675159 0.161871 0.675159 0.158273 0.678344 0.154676 0.678344 0.147482 0.675159 0.143885 0.675159 0.140288 0.668790 0.133094 0.665605 0.133094 0.662420 0.129496
0 0.006369 0.133094 0.003185 0.133094 0.000000 0.136691 0.000000 0.154676 0.003185 0.158273 0.012739 0.147482 0.012739 0.143885 0.009554 0.140288 0.009554 0.136691
0 0.436306 0.133094 0.433121 0.136691 0.433121 0.147482 0.436306 0.151079 0.436306 0.158273 0.442675 0.165468 0.445860 0.165468 0.449045 0.161871 0.449045 0.136691 0.445860 0.133094
0 0.277070 0.136691 0.273885 0.140288 0.273885 0.169065 0.277070 0.172662 0.280255 0.183453 0.283439 0.187050 0.289809 0.187050 0.292994 0.183453 0.292994 0.165468 0.289809 0.161871 0.289809 0.158273 0.286624 0.154676 0.286624 0.151079 0.283439 0.147482 0.280255 0.136691
0 0.334395 0.143885 0.328025 0.151079 0.328025 0.165468 0.331210 0.169065 0.331210 0.176259 0.337580 0.183453 0.340764 0.183453 0.343949 0.179856 0.347134 0.179856 0.347134 0.151079 0.340764 0.143885
0 0.417197 0.143885 0.414013 0.147482 0.414013 0.169065 0.420382 0.176259 0.423567 0.176259 0.426752 0.172662 0.426752 0.151079 0.423567 0.147482 0.420382 0.147482
0 0.050955 0.151079 0.047771 0.154676 0.047771 0.158273 0.044586 0.161871 0.047771 0.165468 0.050955 0.161871 0.054140 0.161871 0.057325 0.165468 0.057325 0.169065 0.063694 0.169065 0.063694 0.165468 0.066879 0.161871 0.066879 0.154676 0.063694 0.151079
0 0.859873 0.161871 0.859873 0.165468 0.863057 0.169065 0.863057 0.172662 0.866242 0.176259 0.866242 0.179856 0.872611 0.187050 0.878981 0.187050 0.882166 0.190647 0.885350 0.187050 0.888535 0.187050 0.888535 0.183453 0.891720 0.179856 0.891720 0.172662 0.878981 0.158273 0.863057 0.158273
0 0.041401 0.161871 0.038217 0.165468 0.035032 0.165468 0.028662 0.172662 0.028662 0.187050 0.035032 0.194245 0.038217 0.194245 0.041401 0.197842 0.044586 0.194245 0.050955 0.194245 0.050955 0.169065 0.047771 0.169065
0 0.149682 0.165468 0.149682 0.169065 0.146497 0.172662 0.146497 0.176259 0.149682 0.179856 0.149682 0.183453 0.159236 0.194245 0.168790 0.194245 0.171975 0.190647 0.175159 0.190647 0.175159 0.187050 0.178344 0.183453 0.178344 0.176259 0.171975 0.165468 0.168790 0.165468 0.165605 0.161871 0.159236 0.161871 0.156051 0.165468
0 0.369427 0.161871 0.366242 0.165468 0.366242 0.176259 0.369427 0.179856 0.369427 0.187050 0.372611 0.190647 0.382166 0.190647 0.385350 0.187050 0.385350 0.172662 0.375796 0.161871
0 0.477707 0.161871 0.468153 0.172662 0.468153 0.190647 0.471338 0.194245 0.487261 0.194245 0.493631 0.183453 0.493631 0.176259 0.490446 0.172662 0.490446 0.169065 0.484076 0.161871
0 0.089172 0.165468 0.079618 0.176259 0.079618 0.183453 0.085987 0.190647 0.092357 0.190647 0.095541 0.194245 0.101911 0.187050 0.101911 0.176259 0.098726 0.172662 0.098726 0.169065 0.095541 0.165468
0 0.627389 0.165468 0.624204 0.169065 0.624204 0.179856 0.627389 0.183453 0.627389 0.187050 0.636943 0.194245 0.649682 0.194245 0.652866 0.190647 0.652866 0.183453 0.649682 0.179856 0.649682 0.176259 0.643312 0.169065 0.640127 0.169065 0.636943 0.165468
0 0.808917 0.169065 0.802548 0.179856 0.802548 0.183453 0.805732 0.187050 0.805732 0.194245 0.808917 0.194245 0.812102 0.197842 0.818471 0.197842 0.821656 0.201439 0.824841 0.201439 0.828025 0.197842 0.828025 0.179856 0.824841 0.176259 0.824841 0.172662 0.821656 0.169065
0 0.719745 0.176259 0.710191 0.176259 0.700637 0.187050 0.700637 0.190647 0.697452 0.194245 0.697452 0.212230 0.700637 0.212230 0.703822 0.215827 0.713376 0.215827 0.716561 0.212230 0.719745 0.212230 0.719745 0.208633 0.726115 0.197842 0.722930 0.194245 0.726115 0.190647 0.726115 0.187050
0 0.522293 0.187050 0.522293 0.194245 0.528662 0.201439 0.535032 0.201439 0.541401 0.194245 0.541401 0.187050 0.538217 0.183453 0.528662 0.183453 0.525478 0.187050
0 0.847134 0.183453 0.843949 0.187050 0.843949 0.197842 0.847134 0.201439 0.847134 0.205036 0.850318 0.205036 0.853503 0.208633 0.863057 0.208633 0.869427 0.201439 0.869427 0.197842 0.866242 0.194245 0.866242 0.190647 0.863057 0.190647 0.859873 0.187050 0.850318 0.187050
0 0.452229 0.190647 0.445860 0.197842 0.445860 0.205036 0.449045 0.208633 0.449045 0.212230 0.455414 0.219424 0.458599 0.219424 0.461783 0.223022 0.464968 0.223022 0.468153 0.219424 0.471338 0.219424 0.471338 0.215827 0.474522 0.212230 0.474522 0.208633 0.471338 0.205036 0.471338 0.197842 0.464968 0.190647
0 0.356688 0.194245 0.350318 0.194245 0.347134 0.197842 0.343949 0.197842 0.343949 0.201439 0.340764 0.205036 0.340764 0.215827 0.343949 0.219424 0.343949 0.223022 0.347134 0.226619 0.353503 0.226619 0.359873 0.219424 0.359873 0.197842
0 0.611465 0.197842 0.608280 0.201439 0.608280 0.212230 0.617834 0.223022 0.621019 0.223022 0.624204 0.226619 0.627389 0.223022 0.630573 0.223022 0.633758 0.219424 0.633758 0.212230 0.630573 0.208633 0.630573 0.205036 0.624204 0.197842
0 0.729299 0.197842 0.726115 0.201439 0.726115 0.205036 0.722930 0.208633 0.722930 0.215827 0.726115 0.219424 0.729299 0.219424 0.732484 0.223022 0.742038 0.223022 0.748408 0.215827 0.748408 0.205036 0.745223 0.201439 0.745223 0.197842
0 0.000000 0.205036 0.000000 0.219424 0.003185 0.223022 0.006369 0.219424 0.006369 0.208633 0.003185 0.205036
0 0.496815 0.205036 0.490446 0.212230 0.490446 0.223022 0.493631 0.226619 0.493631 0.230216 0.500000 0.230216 0.503185 0.233813 0.506369 0.230216 0.512739 0.230216 0.519108 0.223022 0.519108 0.219424 0.515924 0.215827 0.515924 0.212230 0.509554 0.205036
0 0.057325 0.212230 0.057325 0.215827 0.054140 0.219424 0.054140 0.223022 0.057325 0.226619 0.057325 0.230216 0.063694 0.237410 0.076433 0.237410 0.079618 0.233813 0.079618 0.226619 0.076433 0.223022 0.076433 0.219424 0.073248 0.215827 0.073248 0.212230 0.070064 0.208633 0.063694 0.208633 0.060510 0.212230
0 0.101911 0.215827 0.095541 0.226619 0.095541 0.241007 0.098726 0.244604 0.098726 0.248201 0.111465 0.248201 0.117834 0.241007 0.117834 0.219424 0.114650 0.215827
0 0.455414 0.226619 0.449045 0.233813 0.449045 0.241007 0.455414 0.248201 0.458599 0.248201 0.461783 0.251799 0.464968 0.251799 0.468153 0.248201 0.468153 0.237410 0.458599 0.226619
0 0.025478 0.233813 0.025478 0.248201 0.031847 0.255396 0.031847 0.258993 0.035032 0.258993 0.041401 0.266187 0.050955 0.266187 0.054140 0.262590 0.054140 0.248201 0.038217 0.230216 0.031847 0.230216 0.028662 0.233813
0 0.484076 0.237410 0.480892 0.241007 0.480892 0.248201 0.487261 0.255396 0.487261 0.258993 0.490446 0.262590 0.493631 0.262590 0.496815 0.266187 0.503185 0.266187 0.506369 0.262590 0.506369 0.255396 0.496815 0.244604 0.493631 0.244604 0.490446 0.241007 0.490446 0.237410
0 0.003185 0.248201 0.000000 0.251799 0.000000 0.276978 0.003185 0.276978 0.006369 0.280576 0.009554 0.280576 0.012739 0.276978 0.015924 0.276978 0.015924 0.273381 0.019108 0.269784 0.019108 0.262590 0.015924 0.258993 0.015924 0.255396 0.012739 0.251799 0.009554 0.251799 0.006369 0.248201
0 0.222930 0.248201 0.216561 0.248201 0.213376 0.251799 0.210191 0.251799 0.203822 0.258993 0.203822 0.262590 0.200637 0.266187 0.200637 0.276978 0.203822 0.280576 0.216561 0.280576 0.219745 0.276978 0.222930 0.276978 0.226115 0.273381 0.229299 0.273381 0.229299 0.255396
0 0.340764 0.251799 0.340764 0.269784 0.347134 0.276978 0.350318 0.276978 0.353503 0.280576 0.363057 0.280576 0.366242 0.276978 0.366242 0.266187 0.363057 0.262590 0.363057 0.258993 0.356688 0.251799 0.353503 0.251799 0.350318 0.248201 0.347134 0.248201 0.343949 0.251799
0 0.751592 0.248201 0.745223 0.255396 0.745223 0.266187 0.748408 0.269784 0.748408 0.273381 0.751592 0.276978 0.764331 0.276978 0.767516 0.273381 0.767516 0.269784 0.770701 0.266187 0.770701 0.255396 0.764331 0.248201
0 0.633758 0.258993 0.627389 0.258993 0.624204 0.255396 0.621019 0.258993 0.617834 0.258993 0.614650 0.262590 0.611465 0.262590 0.611465 0.280576 0.614650 0.284173 0.627389 0.284173 0.633758 0.276978 0.633758 0.273381 0.636943 0.269784 0.636943 0.266187 0.633758 0.262590
0 0.847134 0.255396 0.840764 0.262590 0.840764 0.269784 0.850318 0.280576 0.863057 0.280576 0.869427 0.273381 0.869427 0.262590 0.866242 0.258993 0.859873 0.258993 0.856688 0.255396
0 0.799363 0.258993 0.796178 0.262590 0.792994 0.262590 0.789809 0.266187 0.786624 0.266187 0.786624 0.269784 0.783439 0.273381 0.783439 0.276978 0.789809 0.287770 0.792994 0.287770 0.796178 0.291367 0.805732 0.291367 0.812102 0.284173 0.812102 0.266187 0.805732 0.258993
0 0.461783 0.266187 0.458599 0.269784 0.458599 0.273381 0.477707 0.294964 0.480892 0.294964 0.487261 0.287770 0.487261 0.284173 0.484076 0.280576 0.484076 0.273381 0.477707 0.266187 0.471338 0.266187 0.468153 0.262590 0.464968 0.266187
0 0.073248 0.266187 0.070064 0.269784 0.066879 0.269784 0.066879 0.287770 0.070064 0.291367 0.070064 0.294964 0.073248 0.294964 0.076433 0.298561 0.082803 0.298561 0.092357 0.291367 0.092357 0.273381 0.082803 0.266187
0 0.557325 0.266187 0.557325 0.269784 0.560510 0.273381 0.560510 0.276978 0.563694 0.280576 0.566879 0.280576 0.570064 0.284173 0.579618 0.284173 0.579618 0.273381 0.576433 0.269784 0.573248 0.269784 0.570064 0.266187
0 0.710191 0.269784 0.707006 0.273381 0.707006 0.284173 0.713376 0.291367 0.726115 0.291367 0.732484 0.284173 0.732484 0.276978 0.729299 0.273381 0.729299 0.269784 0.726115 0.269784 0.722930 0.266187 0.716561 0.266187 0.713376 0.269784
0 0.748408 0.294964 0.748408 0.298561 0.745223 0.302158 0.748408 0.305755 0.748408 0.309353 0.754777 0.316547 0.764331 0.316547 0.767516 0.312950 0.770701 0.312950 0.770701 0.302158 0.761146 0.291367 0.751592 0.291367
0 0.213376 0.294964 0.213376 0.298561 0.210191 0.302158 0.210191 0.309353 0.213376 0.312950 0.213376 0.320144 0.222930 0.327338 0.226115 0.327338 0.229299 0.323741 0.232484 0.323741 0.238854 0.316547 0.238854 0.302158 0.235669 0.298561 0.235669 0.294964
0 0.359873 0.305755 0.356688 0.309353 0.356688 0.320144 0.359873 0.323741 0.366242 0.323741 0.369427 0.327338 0.375796 0.327338 0.378981 0.323741 0.378981 0.312950 0.375796 0.309353 0.375796 0.305755 0.372611 0.302158 0.369427 0.302158 0.366242 0.305755
0 0.474522 0.305755 0.471338 0.309353 0.471338 0.323741 0.477707 0.330935 0.493631 0.330935 0.500000 0.320144 0.500000 0.316547 0.496815 0.312950 0.496815 0.309353 0.493631 0.305755 0.484076 0.305755 0.480892 0.302158 0.477707 0.305755
0 0.630573 0.305755 0.627389 0.305755 0.624204 0.302158 0.621019 0.305755 0.614650 0.305755 0.614650 0.312950 0.617834 0.316547 0.630573 0.316547
0 0.070064 0.312950 0.063694 0.312950 0.054140 0.330935 0.054140 0.352518 0.060510 0.359712 0.070064 0.356115 0.070064 0.352518 0.076433 0.345324 0.076433 0.341727 0.079618 0.338129 0.079618 0.323741 0.076433 0.320144 0.076433 0.316547 0.073248 0.316547
0 0.095541 0.312950 0.089172 0.320144 0.089172 0.323741 0.085987 0.327338 0.089172 0.330935 0.089172 0.338129 0.098726 0.348921 0.111465 0.348921 0.117834 0.341727 0.121019 0.330935 0.117834 0.327338 0.117834 0.323741 0.111465 0.316547 0.108280 0.316547 0.105096 0.312950
0 0.789809 0.320144 0.786624 0.323741 0.783439 0.323741 0.783439 0.330935 0.777070 0.338129 0.773885 0.338129 0.777070 0.338129 0.780255 0.341727 0.773885 0.348921 0.780255 0.356115 0.783439 0.356115 0.786624 0.359712 0.789809 0.356115 0.789809 0.341727 0.792994 0.338129 0.792994 0.323741
0 0.318471 0.323741 0.318471 0.334532 0.321656 0.338129 0.321656 0.341727 0.331210 0.352518 0.343949 0.352518 0.343949 0.338129 0.331210 0.323741
0 0.681529 0.334532 0.675159 0.341727 0.678344 0.345324 0.678344 0.348921 0.684713 0.356115 0.684713 0.359712 0.687898 0.356115 0.694268 0.356115 0.700637 0.348921 0.697452 0.345324 0.697452 0.341727 0.691083 0.334532
0 0.621019 0.338129 0.621019 0.345324 0.627389 0.352518 0.630573 0.352518 0.633758 0.356115 0.640127 0.356115 0.643312 0.359712 0.646497 0.356115 0.646497 0.345324 0.643312 0.345324 0.640127 0.341727 0.636943 0.341727 0.633758 0.338129
0 0.863057 0.345324 0.859873 0.348921 0.859873 0.356115 0.863057 0.359712 0.863057 0.363309 0.875796 0.377698 0.878981 0.377698 0.882166 0.381295 0.885350 0.377698 0.888535 0.377698 0.888535 0.374101 0.891720 0.370504 0.891720 0.359712 0.885350 0.352518 0.882166 0.352518 0.872611 0.345324
0 0.538217 0.348921 0.531847 0.348921 0.522293 0.359712 0.522293 0.370504 0.525478 0.374101 0.525478 0.377698 0.535032 0.377698 0.541401 0.370504 0.541401 0.352518
0 0.162420 0.352518 0.152866 0.363309 0.152866 0.381295 0.159236 0.392086 0.171975 0.392086 0.178344 0.381295 0.178344 0.366906 0.175159 0.363309 0.175159 0.359712 0.168790 0.352518
0 0.681529 0.359712 0.678344 0.359712 0.675159 0.363309 0.671975 0.363309 0.668790 0.366906 0.668790 0.370504 0.665605 0.374101 0.665605 0.392086 0.668790 0.395683 0.671975 0.395683 0.684713 0.381295 0.684713 0.377698 0.687898 0.374101 0.687898 0.370504 0.684713 0.366906 0.684713 0.363309
0 0.566879 0.370504 0.563694 0.370504 0.560510 0.366906 0.557325 0.366906 0.550955 0.374101 0.550955 0.377698 0.547771 0.381295 0.547771 0.388489 0.550955 0.392086 0.563694 0.392086 0.570064 0.384892 0.570064 0.377698 0.566879 0.374101
0 0.054140 0.384892 0.047771 0.384892 0.044586 0.388489 0.041401 0.388489 0.038217 0.392086 0.038217 0.413669 0.054140 0.413669 0.057325 0.410072 0.057325 0.388489
0 0.710191 0.384892 0.707006 0.388489 0.707006 0.406475 0.713376 0.413669 0.722930 0.413669 0.726115 0.410072 0.726115 0.395683 0.722930 0.392086 0.722930 0.388489 0.719745 0.388489 0.716561 0.384892
0 0.130573 0.392086 0.127389 0.395683 0.127389 0.399281 0.124204 0.402878 0.124204 0.406475 0.127389 0.410072 0.127389 0.413669 0.133758 0.424460 0.143312 0.424460 0.152866 0.413669 0.152866 0.402878 0.143312 0.392086
0 0.019108 0.395683 0.012739 0.395683 0.003185 0.406475 0.003185 0.420863 0.009554 0.428058 0.015924 0.428058 0.019108 0.424460 0.022293 0.424460 0.022293 0.420863 0.025478 0.417266 0.025478 0.406475 0.022293 0.402878 0.022293 0.399281
0 0.777070 0.402878 0.764331 0.417266 0.764331 0.428058 0.770701 0.442446 0.783439 0.456835 0.796178 0.460432 0.799363 0.464029 0.808917 0.464029 0.815287 0.453237 0.812102 0.442446 0.808917 0.442446 0.799363 0.428058 0.796178 0.413669 0.786624 0.402878
0 0.063694 0.406475 0.054140 0.417266 0.054140 0.431655 0.063694 0.442446 0.076433 0.442446 0.079618 0.438849 0.079618 0.424460 0.076433 0.420863 0.076433 0.410072 0.073248 0.406475
0 0.222930 0.410072 0.219745 0.406475 0.216561 0.406475 0.213376 0.410072 0.210191 0.410072 0.207006 0.413669 0.207006 0.420863 0.213376 0.420863 0.216561 0.417266 0.219745 0.417266 0.219745 0.413669
0 0.573248 0.406475 0.570064 0.410072 0.570064 0.413669 0.566879 0.417266 0.570064 0.420863 0.570064 0.424460 0.576433 0.431655 0.582803 0.431655 0.585987 0.428058 0.589172 0.428058 0.592357 0.424460 0.592357 0.410072 0.589172 0.406475
0 0.105096 0.413669 0.105096 0.424460 0.108280 0.424460 0.114650 0.431655 0.117834 0.431655 0.121019 0.435252 0.121019 0.438849 0.127389 0.446043 0.130573 0.442446 0.130573 0.438849 0.127389 0.435252 0.124204 0.435252 0.117834 0.428058 0.117834 0.424460 0.114650 0.420863 0.114650 0.417266 0.111465 0.417266 0.108280 0.413669
0 0.404459 0.417266 0.394904 0.417266 0.394904 0.420863 0.388535 0.428058 0.388535 0.431655 0.385350 0.435252 0.385350 0.446043 0.394904 0.456835 0.398089 0.453237 0.401274 0.453237 0.401274 0.449640 0.404459 0.446043 0.404459 0.435252 0.407643 0.431655 0.404459 0.428058
0 0.012739 0.446043 0.012739 0.453237 0.015924 0.456835 0.015924 0.460432 0.019108 0.464029 0.035032 0.464029 0.041401 0.456835 0.041401 0.449640 0.035032 0.442446 0.015924 0.442446
0 0.585987 0.449640 0.585987 0.453237 0.595541 0.464029 0.605096 0.464029 0.608280 0.467626 0.617834 0.467626 0.621019 0.464029 0.621019 0.453237 0.617834 0.449640 0.614650 0.449640 0.605096 0.442446 0.595541 0.442446
0 0.735669 0.442446 0.735669 0.446043 0.732484 0.449640 0.735669 0.453237 0.735669 0.464029 0.745223 0.471223 0.757962 0.471223 0.761146 0.467626 0.761146 0.460432 0.757962 0.456835 0.757962 0.453237 0.751592 0.446043 0.745223 0.446043 0.742038 0.442446
0 0.057325 0.460432 0.050955 0.467626 0.050955 0.478417 0.057325 0.489209 0.063694 0.489209 0.066879 0.492806 0.070064 0.489209 0.073248 0.489209 0.073248 0.485612 0.076433 0.482014 0.076433 0.467626 0.070064 0.460432
0 0.146497 0.467626 0.146497 0.471223 0.143312 0.474820 0.143312 0.482014 0.140127 0.485612 0.140127 0.496403 0.143312 0.500000 0.143312 0.507194 0.146497 0.510791 0.152866 0.510791 0.156051 0.507194 0.156051 0.496403 0.152866 0.492806 0.152866 0.474820 0.156051 0.471223 0.152866 0.467626
0 0.098726 0.474820 0.092357 0.482014 0.092357 0.485612 0.089172 0.489209 0.089172 0.496403 0.095541 0.507194 0.108280 0.507194 0.117834 0.500000 0.117834 0.482014 0.111465 0.474820
0 0.515924 0.478417 0.503185 0.478417 0.493631 0.485612 0.493631 0.489209 0.490446 0.492806 0.490446 0.510791 0.493631 0.514388 0.503185 0.514388 0.506369 0.510791 0.509554 0.510791 0.519108 0.500000 0.519108 0.482014
0 0.350318 0.489209 0.350318 0.496403 0.353503 0.500000 0.369427 0.500000 0.372611 0.496403 0.375796 0.496403 0.375796 0.492806 0.372611 0.492806 0.366242 0.485612 0.366242 0.482014 0.356688 0.482014
0 0.474522 0.482014 0.464968 0.482014 0.452229 0.496403 0.449045 0.496403 0.442675 0.503597 0.442675 0.507194 0.445860 0.507194 0.449045 0.503597 0.461783 0.503597 0.464968 0.500000 0.468153 0.503597 0.474522 0.496403
0 0.863057 0.485612 0.856688 0.492806 0.856688 0.503597 0.863057 0.510791 0.866242 0.510791 0.872611 0.503597 0.872611 0.492806 0.866242 0.485612
0 0.025478 0.489209 0.019108 0.496403 0.019108 0.507194 0.022293 0.510791 0.022293 0.514388 0.025478 0.517986 0.025478 0.521583 0.035032 0.521583 0.041401 0.514388 0.041401 0.496403 0.038217 0.492806 0.035032 0.492806 0.031847 0.489209
0 0.777070 0.496403 0.770701 0.503597 0.770701 0.510791 0.773885 0.514388 0.773885 0.517986 0.777070 0.517986 0.780255 0.521583 0.792994 0.521583 0.792994 0.517986 0.796178 0.514388 0.796178 0.510791 0.792994 0.507194 0.792994 0.503597 0.786624 0.496403
0 0.732484 0.503597 0.722930 0.503597 0.716561 0.510791 0.716561 0.528777 0.722930 0.535971 0.726115 0.532374 0.729299 0.532374 0.735669 0.525180 0.735669 0.507194
0 0.872611 0.507194 0.866242 0.514388 0.866242 0.525180 0.869427 0.525180 0.872611 0.528777 0.878981 0.528777 0.885350 0.521583 0.885350 0.514388 0.882166 0.510791 0.875796 0.510791
0 0.589172 0.525180 0.589172 0.528777 0.592357 0.532374 0.601911 0.532374 0.601911 0.521583 0.592357 0.521583
0 0.633758 0.521583 0.630573 0.525180 0.621019 0.528777 0.621019 0.532374 0.614650 0.539568 0.614650 0.550360 0.617834 0.553957 0.617834 0.561151 0.621019 0.564748 0.630573 0.564748 0.636943 0.557554 0.636943 0.550360 0.640127 0.546763 0.640127 0.525180 0.636943 0.525180
0 0.757962 0.528777 0.751592 0.535971 0.751592 0.539568 0.748408 0.543165 0.748408 0.550360 0.757962 0.561151 0.770701 0.561151 0.773885 0.557554 0.773885 0.543165 0.770701 0.539568 0.770701 0.535971 0.764331 0.528777
0 0.022293 0.532374 0.019108 0.535971 0.012739 0.535971 0.006369 0.543165 0.006369 0.546763 0.003185 0.550360 0.003185 0.553957 0.006369 0.557554 0.006369 0.561151 0.012739 0.568345 0.022293 0.568345 0.031847 0.557554 0.031847 0.553957 0.035032 0.550360 0.035032 0.546763
0 0.181529 0.532374 0.171975 0.532374 0.168790 0.535971 0.168790 0.539568 0.165605 0.543165 0.165605 0.564748 0.175159 0.564748 0.184713 0.553957 0.184713 0.535971
0 0.257962 0.535971 0.257962 0.539568 0.261146 0.539568 0.270701 0.546763 0.286624 0.546763 0.289809 0.550360 0.308917 0.550360 0.315287 0.543165 0.315287 0.535971 0.302548 0.535971 0.299363 0.539568 0.296178 0.539568 0.292994 0.535971 0.277070 0.535971 0.273885 0.532374 0.261146 0.532374
0 0.509554 0.532374 0.509554 0.535971 0.506369 0.539568 0.509554 0.543165 0.509554 0.557554 0.512739 0.561151 0.525478 0.561151 0.531847 0.550360 0.531847 0.539568 0.525478 0.532374
0 0.799363 0.532374 0.789809 0.543165 0.789809 0.561151 0.792994 0.564748 0.792994 0.568345 0.799363 0.575540 0.812102 0.575540 0.818471 0.568345 0.818471 0.553957 0.815287 0.550360 0.815287 0.543165 0.812102 0.539568 0.812102 0.535971 0.808917 0.532374
0 0.089172 0.535971 0.082803 0.535971 0.066879 0.553957 0.066879 0.564748 0.070064 0.564748 0.073248 0.568345 0.082803 0.568345 0.089172 0.561151 0.089172 0.557554 0.092357 0.553957 0.092357 0.539568
0 0.464968 0.557554 0.461783 0.553957 0.455414 0.553957 0.452229 0.557554 0.449045 0.557554 0.445860 0.561151 0.442675 0.561151 0.439490 0.564748 0.439490 0.568345 0.436306 0.571942 0.439490 0.575540 0.439490 0.579137 0.452229 0.579137 0.455414 0.575540 0.458599 0.575540 0.458599 0.571942 0.464968 0.564748
0 0.490446 0.553957 0.484076 0.561151 0.484076 0.568345 0.487261 0.571942 0.487261 0.575540 0.490446 0.575540 0.493631 0.579137 0.503185 0.579137 0.506369 0.575540 0.506369 0.564748 0.509554 0.561151 0.506369 0.557554 0.503185 0.557554 0.500000 0.553957
0 0.576433 0.557554 0.576433 0.571942 0.582803 0.579137 0.601911 0.579137 0.605096 0.575540 0.605096 0.568345 0.601911 0.564748 0.601911 0.561151 0.598726 0.561151 0.589172 0.553957 0.582803 0.553957 0.579618 0.557554
0 0.853503 0.557554 0.850318 0.561151 0.850318 0.575540 0.856688 0.582734 0.859873 0.582734 0.875796 0.593525 0.882166 0.593525 0.885350 0.589928 0.885350 0.586331 0.882166 0.582734 0.882166 0.557554 0.878981 0.553957 0.863057 0.553957 0.859873 0.557554
0 0.662420 0.564748 0.662420 0.575540 0.665605 0.575540 0.668790 0.579137 0.678344 0.579137 0.694268 0.589928 0.703822 0.589928 0.707006 0.586331 0.707006 0.579137 0.703822 0.575540 0.703822 0.571942 0.694268 0.564748 0.687898 0.564748 0.684713 0.561151 0.671975 0.561151 0.668790 0.564748
0 0.541401 0.568345 0.538217 0.568345 0.535032 0.571942 0.531847 0.571942 0.528662 0.575540 0.528662 0.589928 0.538217 0.589928 0.541401 0.586331 0.541401 0.582734 0.544586 0.579137 0.544586 0.571942
0 0.124204 0.586331 0.121019 0.586331 0.117834 0.582734 0.111465 0.582734 0.101911 0.593525 0.101911 0.597122 0.098726 0.600719 0.098726 0.611511 0.101911 0.615108 0.111465 0.615108 0.114650 0.611511 0.117834 0.611511 0.121019 0.607914 0.124204 0.607914 0.124204 0.604317 0.127389 0.600719 0.127389 0.593525 0.124204 0.589928
0 0.468153 0.589928 0.464968 0.593525 0.464968 0.607914 0.471338 0.615108 0.477707 0.615108 0.480892 0.611511 0.480892 0.604317 0.484076 0.600719 0.484076 0.597122 0.480892 0.593525 0.480892 0.589928
0 0.566879 0.597122 0.570064 0.600719 0.570064 0.607914 0.573248 0.607914 0.582803 0.615108 0.589172 0.615108 0.592357 0.611511 0.598726 0.611511 0.601911 0.607914 0.601911 0.600719 0.592357 0.593525 0.570064 0.593525
0 0.665605 0.607914 0.665605 0.611511 0.668790 0.615108 0.671975 0.615108 0.675159 0.618705 0.681529 0.618705 0.684713 0.615108 0.684713 0.607914 0.681529 0.604317 0.668790 0.604317
0 0.789809 0.607914 0.786624 0.611511 0.786624 0.618705 0.796178 0.629496 0.796178 0.633094 0.802548 0.640288 0.805732 0.640288 0.808917 0.643885 0.818471 0.643885 0.824841 0.633094 0.821656 0.622302 0.812102 0.611511 0.805732 0.611511 0.802548 0.607914
0 0.557325 0.611511 0.554140 0.611511 0.544586 0.622302 0.544586 0.625899 0.538217 0.633094 0.538217 0.643885 0.544586 0.643885 0.557325 0.629496 0.557325 0.625899 0.560510 0.622302 0.560510 0.615108
0 0.006369 0.629496 0.000000 0.629496 0.000000 0.651079 0.003185 0.654676 0.006369 0.651079 0.006369 0.647482 0.009554 0.643885 0.009554 0.633094
0 0.515924 0.629496 0.512739 0.633094 0.512739 0.654676 0.509554 0.658273 0.509554 0.665468 0.512739 0.669065 0.512739 0.672662 0.515924 0.676259 0.519108 0.676259 0.525478 0.669065 0.525478 0.640288 0.522293 0.636691 0.522293 0.633094 0.519108 0.629496
0 0.652866 0.629496 0.646497 0.636691 0.646497 0.643885 0.649682 0.647482 0.649682 0.651079 0.652866 0.654676 0.656051 0.654676 0.659236 0.658273 0.668790 0.658273 0.671975 0.654676 0.671975 0.643885 0.668790 0.640288 0.668790 0.636691 0.665605 0.633094 0.662420 0.633094 0.659236 0.629496
0 0.248408 0.636691 0.245223 0.640288 0.242038 0.640288 0.232484 0.651079 0.232484 0.654676 0.226115 0.665468 0.229299 0.669065 0.229299 0.672662 0.235669 0.672662 0.238854 0.676259 0.242038 0.672662 0.245223 0.672662 0.251592 0.665468 0.251592 0.658273 0.254777 0.654676 0.254777 0.643885
0 0.315287 0.636691 0.315287 0.647482 0.324841 0.658273 0.324841 0.661871 0.328025 0.661871 0.331210 0.665468 0.340764 0.665468 0.343949 0.661871 0.343949 0.658273 0.328025 0.640288 0.324841 0.640288 0.321656 0.636691
0 0.092357 0.640288 0.089172 0.640288 0.082803 0.647482 0.082803 0.651079 0.079618 0.654676 0.079618 0.658273 0.073248 0.669065 0.073248 0.683453 0.082803 0.683453 0.092357 0.672662 0.092357 0.669065 0.098726 0.658273 0.098726 0.647482
0 0.496815 0.643885 0.493631 0.643885 0.490446 0.647482 0.487261 0.647482 0.487261 0.651079 0.484076 0.654676 0.484076 0.665468 0.487261 0.669065 0.490446 0.669065 0.493631 0.672662 0.496815 0.669065 0.500000 0.669065 0.500000 0.651079 0.496815 0.647482
0 0.302548 0.647482 0.302548 0.665468 0.305732 0.669065 0.305732 0.672662 0.308917 0.672662 0.312102 0.676259 0.315287 0.676259 0.318471 0.679856 0.321656 0.676259 0.321656 0.665468 0.312102 0.654676 0.315287 0.651079 0.312102 0.654676 0.305732 0.647482
0 0.585987 0.654676 0.582803 0.658273 0.582803 0.665468 0.589172 0.672662 0.592357 0.672662 0.595541 0.676259 0.598726 0.676259 0.605096 0.669065 0.605096 0.661871 0.598726 0.654676
0 0.557325 0.658273 0.550955 0.658273 0.547771 0.661871 0.544586 0.661871 0.541401 0.665468 0.541401 0.669065 0.538217 0.672662 0.538217 0.687050 0.541401 0.690647 0.544586 0.690647 0.554140 0.679856 0.554140 0.676259 0.560510 0.669065 0.560510 0.661871
0 0.353503 0.669065 0.353503 0.683453 0.359873 0.690647 0.363057 0.690647 0.366242 0.694245 0.372611 0.687050 0.369427 0.683453 0.369427 0.679856 0.359873 0.669065
0 0.840764 0.676259 0.837580 0.679856 0.837580 0.683453 0.840764 0.687050 0.840764 0.690647 0.847134 0.690647 0.850318 0.694245 0.853503 0.690647 0.853503 0.683453 0.850318 0.679856 0.847134 0.679856 0.843949 0.676259
0 0.700637 0.679856 0.697452 0.683453 0.697452 0.694245 0.703822 0.701439 0.716561 0.701439 0.719745 0.697842 0.719745 0.694245 0.707006 0.679856
0 0.789809 0.679856 0.783439 0.687050 0.783439 0.697842 0.786624 0.701439 0.786624 0.705036 0.792994 0.705036 0.796178 0.708633 0.799363 0.705036 0.805732 0.705036 0.808917 0.701439 0.808917 0.690647 0.802548 0.683453 0.796178 0.683453 0.792994 0.679856
0 0.875796 0.687050 0.875796 0.690647 0.872611 0.694245 0.872611 0.701439 0.875796 0.705036 0.875796 0.712230 0.878981 0.715827 0.878981 0.719424 0.882166 0.723022 0.888535 0.723022 0.891720 0.719424 0.891720 0.715827 0.888535 0.712230 0.888535 0.705036 0.885350 0.701439 0.885350 0.694245 0.878981 0.687050
0 0.264331 0.690647 0.254777 0.701439 0.254777 0.712230 0.264331 0.723022 0.270701 0.723022 0.277070 0.715827 0.277070 0.701439 0.273885 0.697842 0.273885 0.690647
0 0.328025 0.690647 0.328025 0.705036 0.331210 0.708633 0.331210 0.712230 0.334395 0.715827 0.337580 0.715827 0.340764 0.719424 0.343949 0.719424 0.347134 0.715827 0.347134 0.705036 0.343949 0.701439 0.343949 0.697842 0.337580 0.690647
0 0.496815 0.690647 0.493631 0.694245 0.493631 0.697842 0.490446 0.701439 0.490446 0.708633 0.493631 0.712230 0.496815 0.712230 0.500000 0.715827 0.503185 0.715827 0.506369 0.719424 0.509554 0.719424 0.512739 0.715827 0.515924 0.715827 0.515924 0.701439 0.506369 0.690647
0 0.308917 0.694245 0.305732 0.697842 0.305732 0.723022 0.308917 0.726619 0.308917 0.730216 0.318471 0.730216 0.321656 0.726619 0.321656 0.708633 0.318471 0.705036 0.318471 0.697842 0.315287 0.694245
0 0.608280 0.694245 0.608280 0.705036 0.614650 0.712230 0.617834 0.712230 0.621019 0.715827 0.624204 0.712230 0.627389 0.712230 0.630573 0.708633 0.630573 0.701439 0.624204 0.694245
0 0.649682 0.712230 0.652866 0.715827 0.652866 0.719424 0.659236 0.726619 0.665605 0.726619 0.668790 0.730216 0.675159 0.730216 0.684713 0.723022 0.684713 0.715827 0.675159 0.705036 0.665605 0.705036 0.662420 0.701439 0.659236 0.701439 0.656051 0.705036 0.652866 0.705036 0.652866 0.708633
0 0.105096 0.705036 0.101911 0.705036 0.098726 0.708633 0.095541 0.708633 0.089172 0.715827 0.089172 0.719424 0.085987 0.723022 0.085987 0.726619 0.089172 0.730216 0.089172 0.733813 0.095541 0.741007 0.101911 0.741007 0.108280 0.733813 0.108280 0.730216 0.114650 0.723022 0.114650 0.712230
0 0.200637 0.712230 0.191083 0.712230 0.187898 0.715827 0.181529 0.715827 0.165605 0.733813 0.165605 0.741007 0.171975 0.748201 0.181529 0.748201 0.184713 0.744604 0.187898 0.744604 0.197452 0.733813 0.197452 0.730216 0.200637 0.726619
0 0.598726 0.712230 0.595541 0.715827 0.595541 0.726619 0.605096 0.737410 0.614650 0.737410 0.621019 0.730216 0.621019 0.719424 0.617834 0.715827 0.614650 0.715827 0.611465 0.712230
0 0.226115 0.719424 0.222930 0.723022 0.222930 0.741007 0.226115 0.744604 0.226115 0.748201 0.229299 0.751799 0.242038 0.751799 0.242038 0.748201 0.245223 0.744604 0.245223 0.733813 0.242038 0.730216 0.242038 0.726619 0.235669 0.719424
0 0.028662 0.730216 0.028662 0.733813 0.025478 0.737410 0.025478 0.741007 0.028662 0.744604 0.028662 0.751799 0.035032 0.758993 0.041401 0.758993 0.044586 0.755396 0.044586 0.748201 0.041401 0.744604 0.041401 0.733813 0.038217 0.730216
0 0.636943 0.730216 0.633758 0.733813 0.633758 0.744604 0.640127 0.751799 0.646497 0.751799 0.652866 0.744604 0.652866 0.737410 0.649682 0.733813 0.646497 0.733813 0.643312 0.730216
0 0.525478 0.748201 0.528662 0.751799 0.541401 0.751799 0.547771 0.744604 0.550955 0.744604 0.550955 0.741007 0.544586 0.733813 0.535032 0.733813 0.528662 0.741007 0.528662 0.744604
0 0.089172 0.762590 0.092357 0.766187 0.101911 0.766187 0.105096 0.762590 0.108280 0.762590 0.114650 0.755396 0.114650 0.751799 0.108280 0.744604 0.095541 0.744604 0.092357 0.748201 0.092357 0.751799 0.089172 0.755396
0 0.579618 0.744604 0.573248 0.751799 0.573248 0.758993 0.576433 0.762590 0.576433 0.766187 0.579618 0.769784 0.582803 0.769784 0.585987 0.773381 0.592357 0.773381 0.598726 0.766187 0.598726 0.751799 0.595541 0.748201 0.589172 0.748201 0.585987 0.744604
0 0.331210 0.751799 0.328025 0.748201 0.321656 0.748201 0.318471 0.751799 0.312102 0.751799 0.305732 0.758993 0.305732 0.769784 0.308917 0.773381 0.318471 0.773381 0.321656 0.769784 0.328025 0.769784 0.328025 0.766187 0.331210 0.762590
0 0.665605 0.755396 0.665605 0.758993 0.671975 0.766187 0.681529 0.766187 0.684713 0.769784 0.703822 0.769784 0.703822 0.766187 0.707006 0.762590 0.703822 0.751799 0.697452 0.751799 0.694268 0.748201 0.671975 0.748201
0 0.614650 0.766187 0.614650 0.773381 0.611465 0.776978 0.611465 0.780576 0.621019 0.787770 0.627389 0.787770 0.636943 0.794964 0.649682 0.794964 0.656051 0.787770 0.656051 0.773381 0.633758 0.758993 0.621019 0.758993
0 0.831210 0.766187 0.831210 0.773381 0.840764 0.780576 0.859873 0.780576 0.866242 0.773381 0.866242 0.769784 0.859873 0.758993 0.840764 0.758993
0 0.554140 0.762590 0.547771 0.769784 0.547771 0.780576 0.550955 0.784173 0.550955 0.787770 0.554140 0.791367 0.570064 0.791367 0.573248 0.794964 0.576433 0.794964 0.579618 0.791367 0.579618 0.787770 0.576433 0.784173 0.576433 0.780576 0.566879 0.769784 0.566879 0.766187 0.563694 0.766187 0.560510 0.762590
0 0.773885 0.766187 0.754777 0.766187 0.748408 0.773381 0.748408 0.776978 0.745223 0.780576 0.745223 0.794964 0.748408 0.798561 0.754777 0.798561 0.757962 0.794964 0.757962 0.791367 0.770701 0.776978 0.770701 0.773381 0.773885 0.769784
0 0.525478 0.769784 0.519108 0.769784 0.512739 0.776978 0.512739 0.798561 0.519108 0.805755 0.522293 0.802158 0.525478 0.802158 0.535032 0.791367 0.535032 0.780576 0.531847 0.776978 0.531847 0.773381 0.528662 0.773381
0 0.136943 0.773381 0.130573 0.773381 0.127389 0.776978 0.117834 0.776978 0.114650 0.780576 0.114650 0.791367 0.117834 0.794964 0.117834 0.798561 0.124204 0.805755 0.136943 0.805755 0.143312 0.794964 0.143312 0.780576
0 0.375796 0.776978 0.369427 0.787770 0.369427 0.798561 0.372611 0.802158 0.372611 0.809353 0.375796 0.812950 0.382166 0.812950 0.385350 0.809353 0.388535 0.809353 0.388535 0.805755 0.391720 0.802158 0.391720 0.798561 0.388535 0.794964 0.388535 0.787770 0.382166 0.780576 0.378981 0.780576
0 0.337580 0.780576 0.334395 0.784173 0.334395 0.805755 0.337580 0.809353 0.340764 0.809353 0.343949 0.812950 0.350318 0.812950 0.356688 0.805755 0.356688 0.794964 0.353503 0.791367 0.353503 0.787770 0.347134 0.780576
0 0.878981 0.780576 0.875796 0.784173 0.875796 0.791367 0.878981 0.794964 0.878981 0.798561 0.882166 0.798561 0.891720 0.809353 0.898089 0.809353 0.901274 0.812950 0.904459 0.812950 0.907643 0.809353 0.907643 0.802158 0.904459 0.798561 0.904459 0.794964 0.894904 0.784173 0.891720 0.784173 0.888535 0.780576
0 0.251592 0.784173 0.235669 0.791367 0.229299 0.802158 0.229299 0.812950 0.232484 0.816547 0.232484 0.820144 0.238854 0.827338 0.245223 0.827338 0.248408 0.830935 0.251592 0.827338 0.254777 0.827338 0.254777 0.823741 0.257962 0.820144 0.257962 0.809353 0.261146 0.805755 0.261146 0.798561 0.257962 0.794964 0.257962 0.791367
0 0.773885 0.791367 0.773885 0.798561 0.770701 0.802158 0.773885 0.805755 0.773885 0.809353 0.780255 0.816547 0.792994 0.816547 0.796178 0.812950 0.796178 0.802158 0.792994 0.798561 0.792994 0.794964 0.786624 0.787770 0.780255 0.787770 0.777070 0.791367
0 0.305732 0.791367 0.302548 0.791367 0.296178 0.798561 0.296178 0.802158 0.292994 0.805755 0.292994 0.816547 0.296178 0.816547 0.299363 0.820144 0.305732 0.820144 0.312102 0.812950 0.312102 0.809353 0.315287 0.805755 0.315287 0.798561 0.312102 0.794964 0.308917 0.794964
0 0.812102 0.791367 0.808917 0.794964 0.808917 0.805755 0.812102 0.809353 0.824841 0.809353 0.824841 0.794964 0.821656 0.791367
0 0.840764 0.802158 0.840764 0.805755 0.843949 0.809353 0.843949 0.812950 0.847134 0.812950 0.850318 0.816547 0.856688 0.816547 0.859873 0.820144 0.863057 0.820144 0.866242 0.816547 0.869427 0.816547 0.869427 0.802158 0.863057 0.794964 0.850318 0.794964 0.847134 0.798561 0.843949 0.798561
0 0.073248 0.802158 0.063694 0.802158 0.060510 0.805755 0.060510 0.809353 0.054140 0.816547 0.054140 0.830935 0.057325 0.834532 0.060510 0.834532 0.063694 0.830935 0.066879 0.830935 0.070064 0.827338 0.070064 0.823741 0.073248 0.820144 0.073248 0.816547 0.076433 0.812950 0.076433 0.805755
0 0.748408 0.805755 0.745223 0.805755 0.742038 0.802158 0.732484 0.802158 0.729299 0.805755 0.726115 0.805755 0.713376 0.820144 0.716561 0.830935 0.719745 0.834532 0.732484 0.834532 0.735669 0.830935 0.738854 0.830935 0.748408 0.820144
0 0.420382 0.809353 0.420382 0.816547 0.423567 0.820144 0.426752 0.820144 0.436306 0.827338 0.452229 0.827338 0.452229 0.812950 0.449045 0.809353 0.445860 0.809353 0.442675 0.805755 0.423567 0.805755
0 0.541401 0.805755 0.535032 0.812950 0.535032 0.820144 0.541401 0.827338 0.541401 0.830935 0.544586 0.834532 0.550955 0.834532 0.557325 0.827338 0.557325 0.812950 0.554140 0.809353 0.554140 0.805755
0 0.671975 0.820144 0.671975 0.830935 0.675159 0.830935 0.678344 0.834532 0.697452 0.834532 0.700637 0.830935 0.700637 0.820144 0.697452 0.816547 0.678344 0.816547 0.675159 0.820144
0 0.496815 0.820144 0.484076 0.820144 0.480892 0.823741 0.480892 0.838129 0.484076 0.838129 0.487261 0.841727 0.490446 0.838129 0.493631 0.838129 0.496815 0.834532 0.496815 0.830935 0.500000 0.827338 0.500000 0.823741
0 0.127389 0.827338 0.127389 0.841727 0.130573 0.845324 0.133758 0.845324 0.136943 0.841727 0.136943 0.834532 0.130573 0.827338
0 0.821656 0.827338 0.812102 0.838129 0.812102 0.845324 0.818471 0.852518 0.821656 0.852518 0.824841 0.856115 0.834395 0.856115 0.840764 0.848921 0.840764 0.838129 0.834395 0.827338
0 0.347134 0.830935 0.337580 0.841727 0.337580 0.845324 0.334395 0.848921 0.337580 0.852518 0.337580 0.856115 0.340764 0.859712 0.347134 0.859712 0.350318 0.863309 0.363057 0.863309 0.366242 0.859712 0.366242 0.852518 0.363057 0.848921 0.363057 0.841727 0.353503 0.830935
0 0.522293 0.830935 0.522293 0.845324 0.525478 0.848921 0.525478 0.856115 0.535032 0.856115 0.538217 0.852518 0.541401 0.852518 0.541401 0.834532 0.538217 0.830935
0 0.780255 0.830935 0.767516 0.830935 0.764331 0.834532 0.761146 0.834532 0.761146 0.838129 0.757962 0.841727 0.761146 0.845324 0.761146 0.848921 0.764331 0.848921 0.767516 0.852518 0.770701 0.852518 0.773885 0.848921 0.777070 0.848921 0.783439 0.841727 0.783439 0.834532
0 0.859873 0.838129 0.853503 0.845324 0.853503 0.848921 0.850318 0.852518 0.850318 0.863309 0.856688 0.870504 0.869427 0.870504 0.872611 0.866906 0.872611 0.841727 0.869427 0.838129
0 0.652866 0.841727 0.649682 0.845324 0.649682 0.852518 0.656051 0.859712 0.659236 0.859712 0.662420 0.863309 0.668790 0.863309 0.668790 0.859712 0.671975 0.856115 0.662420 0.845324 0.659236 0.845324 0.656051 0.841727
0 0.098726 0.845324 0.092357 0.856115 0.092357 0.859712 0.095541 0.863309 0.095541 0.866906 0.098726 0.870504 0.114650 0.870504 0.121019 0.863309 0.121019 0.848921 0.117834 0.845324
0 0.710191 0.845324 0.707006 0.848921 0.707006 0.852518 0.713376 0.859712 0.713376 0.863309 0.716561 0.866906 0.719745 0.866906 0.722930 0.870504 0.729299 0.870504 0.732484 0.866906 0.732484 0.863309 0.729299 0.859712 0.729299 0.856115 0.726115 0.852518 0.722930 0.852518 0.716561 0.845324
0 0.449045 0.852518 0.445860 0.856115 0.445860 0.859712 0.442675 0.863309 0.442675 0.874101 0.445860 0.877698 0.449045 0.877698 0.452229 0.881295 0.458599 0.881295 0.458599 0.877698 0.461783 0.874101 0.461783 0.859712 0.458599 0.856115 0.458599 0.852518
0 0.168790 0.856115 0.165605 0.856115 0.165605 0.859712 0.152866 0.874101 0.146497 0.874101 0.143312 0.877698 0.143312 0.881295 0.140127 0.884892 0.146497 0.895683 0.149682 0.895683 0.152866 0.899281 0.162420 0.899281 0.162420 0.895683 0.165605 0.892086 0.162420 0.888489 0.162420 0.881295 0.165605 0.877698 0.165605 0.870504 0.168790 0.866906
0 0.382166 0.856115 0.378981 0.859712 0.378981 0.877698 0.382166 0.881295 0.382166 0.884892 0.385350 0.888489 0.385350 0.892086 0.391720 0.899281 0.398089 0.899281 0.398089 0.874101 0.394904 0.870504 0.394904 0.866906 0.391720 0.863309 0.391720 0.859712 0.388535 0.856115
0 0.684713 0.856115 0.684713 0.866906 0.687898 0.870504 0.687898 0.874101 0.694268 0.881295 0.691083 0.892086 0.697452 0.899281 0.703822 0.899281 0.707006 0.895683 0.710191 0.895683 0.716561 0.888489 0.716561 0.881295 0.713376 0.877698 0.710191 0.877698 0.703822 0.870504 0.703822 0.866906 0.694268 0.856115
0 0.554140 0.863309 0.550955 0.863309 0.547771 0.866906 0.544586 0.866906 0.544586 0.870504 0.541401 0.874101 0.541401 0.884892 0.544586 0.888489 0.544586 0.892086 0.550955 0.892086 0.557325 0.884892 0.557325 0.881295 0.560510 0.877698 0.560510 0.870504
0 0.802548 0.870504 0.799363 0.870504 0.796178 0.866906 0.789809 0.866906 0.786624 0.870504 0.780255 0.870504 0.777070 0.874101 0.777070 0.881295 0.780255 0.884892 0.783439 0.884892 0.786624 0.888489 0.789809 0.888489 0.792994 0.884892 0.796178 0.884892 0.802548 0.877698
