0 0.314286 0.003597 0.314286 0.007194 0.317460 0.010791 0.320635 0.010791 0.323810 0.014388 0.326984 0.014388 0.330159 0.017986 0.339683 0.007194 0.336508 0.003597 0.333333 0.003597 0.330159 0.007194 0.326984 0.003597
0 0.133333 0.007194 0.120635 0.025180 0.117460 0.043165 0.123810 0.053957 0.142857 0.064748 0.149206 0.064748 0.155556 0.061151 0.158730 0.053957 0.158730 0.046763 0.161905 0.043165 0.161905 0.025180 0.152381 0.010791 0.146032 0.007194
0 0.558730 0.043165 0.542857 0.039568 0.530159 0.046763 0.526984 0.064748 0.520635 0.075540 0.520635 0.107914 0.523810 0.111511 0.549206 0.111511 0.571429 0.089928 0.571429 0.071942 0.574603 0.064748
0 0.711111 0.046763 0.704762 0.057554 0.707937 0.061151 0.707937 0.064748 0.717460 0.075540 0.730159 0.075540 0.730159 0.071942 0.733333 0.068345 0.733333 0.061151 0.730159 0.057554 0.730159 0.053957 0.726984 0.050360 0.726984 0.046763 0.723810 0.043165 0.720635 0.043165 0.717460 0.046763
0 0.771429 0.061151 0.771429 0.068345 0.777778 0.075540 0.777778 0.093525 0.774603 0.097122 0.774603 0.100719 0.777778 0.104317 0.777778 0.107914 0.780952 0.111511 0.784127 0.111511 0.790476 0.104317 0.790476 0.100719 0.793651 0.097122 0.793651 0.089928 0.796825 0.086331 0.796825 0.082734 0.793651 0.079137 0.796825 0.075540 0.793651 0.071942 0.790476 0.071942 0.780952 0.061151
0 0.377778 0.093525 0.371429 0.089928 0.358730 0.089928 0.355556 0.093525 0.355556 0.100719 0.339683 0.118705 0.333333 0.133094 0.336508 0.143885 0.339683 0.143885 0.346032 0.151079 0.361905 0.151079 0.374603 0.140288 0.377778 0.129496 0.384127 0.122302 0.384127 0.107914 0.387302 0.104317
0 0.415873 0.111511 0.409524 0.118705 0.409524 0.125899 0.406349 0.129496 0.406349 0.133094 0.409524 0.136691 0.409524 0.143885 0.425397 0.161871 0.438095 0.161871 0.444444 0.154676 0.444444 0.140288 0.441270 0.136691 0.441270 0.129496 0.431746 0.115108 0.428571 0.115108 0.425397 0.111511
0 0.863492 0.143885 0.847619 0.125899 0.822222 0.129496 0.809524 0.140288 0.790476 0.165468 0.787302 0.183453 0.793651 0.187050 0.796825 0.183453 0.806349 0.183453 0.809524 0.187050 0.844444 0.187050 0.857143 0.172662 0.863492 0.158273
0 0.155556 0.136691 0.142857 0.136691 0.117460 0.154676 0.117460 0.165468 0.123810 0.176259 0.126984 0.201439 0.133333 0.215827 0.139683 0.219424 0.149206 0.215827 0.174603 0.179856 0.174603 0.165468 0.165079 0.143885
0 0.980952 0.136691 0.965079 0.136691 0.958730 0.154676 0.942857 0.172662 0.939683 0.190647 0.946032 0.197842 0.958730 0.201439 0.977778 0.190647 0.993651 0.187050 0.993651 0.158273 0.990476 0.154676 0.990476 0.147482
0 0.400000 0.197842 0.400000 0.208633 0.406349 0.223022 0.422222 0.237410 0.431746 0.237410 0.438095 0.233813 0.460317 0.205036 0.460317 0.201439 0.453968 0.194245 0.428571 0.194245 0.425397 0.190647 0.406349 0.190647
0 0.688889 0.197842 0.688889 0.223022 0.695238 0.230216 0.698413 0.230216 0.701587 0.233813 0.707937 0.233813 0.714286 0.226619 0.714286 0.219424 0.711111 0.215827 0.711111 0.212230 0.704762 0.205036 0.704762 0.201439 0.701587 0.197842
0 0.596825 0.244604 0.587302 0.233813 0.584127 0.233813 0.574603 0.226619 0.565079 0.226619 0.565079 0.233813 0.568254 0.237410 0.568254 0.248201 0.561905 0.258993 0.561905 0.273381 0.568254 0.273381 0.577778 0.266187 0.584127 0.266187 0.587302 0.262590 0.590476 0.262590 0.596825 0.255396
0 0.933333 0.233813 0.923810 0.248201 0.923810 0.258993 0.933333 0.273381 0.933333 0.291367 0.936508 0.298561 0.946032 0.305755 0.961905 0.305755 0.974603 0.291367 0.974603 0.269784 0.971429 0.266187 0.971429 0.258993 0.952381 0.248201 0.946032 0.237410
0 0.914286 0.276978 0.904762 0.276978 0.898413 0.280576 0.892063 0.287770 0.885714 0.302158 0.885714 0.320144 0.888889 0.327338 0.898413 0.334532 0.907937 0.334532 0.920635 0.327338 0.926984 0.312950 0.926984 0.298561 0.920635 0.284173
0 0.752381 0.302158 0.752381 0.309353 0.758730 0.316547 0.761905 0.316547 0.765079 0.320144 0.771429 0.320144 0.774603 0.323741 0.787302 0.323741 0.790476 0.320144 0.790476 0.312950 0.787302 0.309353 0.787302 0.302158 0.784127 0.298561 0.774603 0.298561 0.771429 0.294964 0.761905 0.294964
0 0.711111 0.327338 0.711111 0.341727 0.714286 0.345324 0.717460 0.356115 0.726984 0.363309 0.730159 0.363309 0.736508 0.356115 0.742857 0.356115 0.746032 0.352518 0.749206 0.352518 0.758730 0.341727 0.755556 0.341727 0.749206 0.334532 0.746032 0.334532 0.736508 0.327338
0 0.933333 0.341727 0.933333 0.345324 0.949206 0.352518 0.955556 0.359712 0.965079 0.359712 0.968254 0.363309 0.977778 0.363309 0.980952 0.366906 0.993651 0.363309 0.993651 0.345324 0.980952 0.338129 0.955556 0.338129 0.952381 0.334532 0.939683 0.334532
0 0.806349 0.377698 0.796825 0.359712 0.787302 0.352518 0.768254 0.348921 0.761905 0.341727 0.749206 0.363309 0.742857 0.363309 0.733333 0.370504 0.726984 0.384892 0.726984 0.395683 0.733333 0.402878 0.746032 0.395683 0.793651 0.399281 0.803175 0.388489
0 0.634921 0.352518 0.628571 0.352518 0.619048 0.363309 0.619048 0.366906 0.612698 0.374101 0.612698 0.377698 0.609524 0.381295 0.609524 0.399281 0.619048 0.402878 0.628571 0.392086 0.628571 0.384892 0.631746 0.381295 0.631746 0.374101 0.634921 0.370504
0 0.653968 0.356115 0.660317 0.384892 0.669841 0.395683 0.676190 0.399281 0.695238 0.399281 0.707937 0.392086 0.707937 0.374101 0.698413 0.363309 0.688889 0.363309 0.685714 0.359712 0.679365 0.359712 0.676190 0.356115 0.663492 0.356115 0.660317 0.352518
0 0.158730 0.363309 0.158730 0.366906 0.155556 0.370504 0.155556 0.384892 0.158730 0.388489 0.171429 0.388489 0.174603 0.384892 0.177778 0.384892 0.177778 0.370504 0.174603 0.366906 0.171429 0.366906 0.168254 0.363309
0 0.571429 0.366906 0.568254 0.370504 0.568254 0.384892 0.574603 0.392086 0.584127 0.392086 0.590476 0.384892 0.590476 0.377698 0.584127 0.370504 0.580952 0.370504 0.577778 0.366906
0 0.895238 0.413669 0.876190 0.413669 0.847619 0.449640 0.847619 0.460432 0.850794 0.464029 0.850794 0.471223 0.847619 0.474820 0.850794 0.478417 0.860317 0.478417 0.873016 0.471223 0.904762 0.431655 0.904762 0.424460
0 0.600000 0.428058 0.596825 0.435252 0.596825 0.449640 0.609524 0.456835 0.622222 0.456835 0.644444 0.474820 0.650794 0.474820 0.650794 0.460432 0.644444 0.446043 0.625397 0.424460 0.606349 0.424460
0 0.822222 0.453237 0.815873 0.449640 0.793651 0.449640 0.787302 0.453237 0.771429 0.474820 0.771429 0.492806 0.777778 0.500000 0.790476 0.503597 0.819048 0.489209 0.828571 0.474820 0.828571 0.464029
0 0.980952 0.449640 0.977778 0.453237 0.974603 0.453237 0.968254 0.464029 0.968254 0.482014 0.971429 0.485612 0.971429 0.489209 0.980952 0.500000 0.990476 0.500000 0.993651 0.496403 0.993651 0.482014 0.996825 0.478417 0.996825 0.471223 0.993651 0.467626 0.993651 0.453237 0.990476 0.453237 0.987302 0.449640
0 0.561905 0.467626 0.561905 0.471223 0.555556 0.478417 0.558730 0.496403 0.568254 0.507194 0.571429 0.507194 0.574603 0.510791 0.587302 0.510791 0.593651 0.500000 0.593651 0.474820 0.590476 0.471223 0.590476 0.467626 0.587302 0.467626 0.584127 0.464029 0.568254 0.464029 0.565079 0.467626
0 0.914286 0.471223 0.898413 0.471223 0.888889 0.482014 0.879365 0.485612 0.866667 0.500000 0.860317 0.514388 0.860317 0.525180 0.866667 0.535971 0.879365 0.539568 0.907937 0.507194 0.914286 0.503597 0.920635 0.492806 0.920635 0.478417
0 0.707937 0.500000 0.707937 0.503597 0.714286 0.514388 0.733333 0.514388 0.736508 0.510791 0.752381 0.510791 0.752381 0.500000 0.739683 0.482014 0.720635 0.482014 0.711111 0.492806 0.711111 0.496403
0 0.460317 0.489209 0.457143 0.492806 0.457143 0.496403 0.453968 0.500000 0.457143 0.503597 0.457143 0.507194 0.460317 0.507194 0.463492 0.510791 0.476190 0.510791 0.482540 0.503597 0.482540 0.496403 0.479365 0.496403 0.469841 0.485612 0.466667 0.485612 0.463492 0.489209
0 0.923810 0.485612 0.923810 0.492806 0.917460 0.500000 0.917460 0.521583 0.920635 0.528777 0.930159 0.535971 0.949206 0.535971 0.958730 0.525180 0.958730 0.510791 0.949206 0.489209 0.942857 0.485612
0 0.666667 0.492806 0.660317 0.492806 0.657143 0.489209 0.650794 0.489209 0.647619 0.492806 0.644444 0.492806 0.631746 0.507194 0.631746 0.510791 0.634921 0.514388 0.634921 0.525180 0.638095 0.528777 0.641270 0.528777 0.666667 0.500000
0 0.746032 0.539568 0.746032 0.546763 0.755556 0.557554 0.777778 0.561151 0.780952 0.568345 0.784127 0.564748 0.809524 0.564748 0.819048 0.561151 0.825397 0.553957 0.825397 0.543165 0.815873 0.532374 0.800000 0.525180 0.784127 0.525180 0.780952 0.521583 0.765079 0.521583
0 0.980952 0.543165 0.968254 0.553957 0.965079 0.553957 0.955556 0.564748 0.955556 0.568345 0.946032 0.579137 0.942857 0.586331 0.942857 0.597122 0.952381 0.600719 0.958730 0.593525 0.961905 0.593525 0.984127 0.568345 0.987302 0.561151 0.987302 0.550360
0 0.161905 0.553957 0.155556 0.553957 0.146032 0.561151 0.146032 0.564748 0.139683 0.575540 0.139683 0.579137 0.146032 0.589928 0.165079 0.589928 0.168254 0.586331 0.168254 0.582734 0.171429 0.579137 0.171429 0.568345 0.168254 0.564748 0.168254 0.561151
0 0.761905 0.571942 0.755556 0.579137 0.755556 0.589928 0.771429 0.604317 0.774603 0.604317 0.777778 0.607914 0.784127 0.607914 0.787302 0.604317 0.790476 0.604317 0.796825 0.597122 0.796825 0.582734 0.790476 0.575540 0.787302 0.575540 0.777778 0.568345 0.774603 0.568345 0.771429 0.571942
0 0.485714 0.607914 0.476190 0.615108 0.476190 0.633094 0.479365 0.636691 0.479365 0.647482 0.498413 0.672662 0.504762 0.672662 0.511111 0.665468 0.511111 0.647482 0.507937 0.643885 0.504762 0.618705 0.495238 0.607914
0 0.615873 0.618705 0.609524 0.625899 0.609524 0.661871 0.612698 0.665468 0.612698 0.672662 0.609524 0.676259 0.619048 0.679856 0.625397 0.687050 0.631746 0.687050 0.634921 0.683453 0.634921 0.629496 0.631746 0.625899 0.631746 0.618705
0 0.577778 0.640288 0.571429 0.640288 0.555556 0.661871 0.539683 0.712230 0.539683 0.741007 0.542857 0.751799 0.558730 0.769784 0.555556 0.773381 0.558730 0.776978 0.571429 0.776978 0.593651 0.751799 0.600000 0.737410 0.590476 0.705036 0.590476 0.676259 0.577778 0.661871
0 0.600000 0.676259 0.593651 0.679856 0.593651 0.705036 0.596825 0.708633 0.596825 0.723022 0.600000 0.726619 0.600000 0.733813 0.609524 0.733813 0.622222 0.741007 0.634921 0.730216 0.634921 0.705036 0.631746 0.701439 0.631746 0.690647 0.625397 0.690647 0.619048 0.683453 0.606349 0.676259
0 0.469841 0.701439 0.460317 0.694245 0.457143 0.697842 0.453968 0.694245 0.447619 0.697842 0.438095 0.697842 0.425397 0.705036 0.415873 0.715827 0.415873 0.726619 0.419048 0.733813 0.425397 0.737410 0.453968 0.737410 0.466667 0.723022 0.469841 0.715827
0 0.825397 0.705036 0.822222 0.697842 0.796825 0.694245 0.787302 0.701439 0.774603 0.705036 0.765079 0.719424 0.749206 0.730216 0.749206 0.737410 0.784127 0.737410 0.787302 0.741007 0.793651 0.741007 0.815873 0.723022
0 0.930159 0.701439 0.923810 0.694245 0.917460 0.694245 0.914286 0.697842 0.907937 0.697842 0.904762 0.701439 0.895238 0.705036 0.895238 0.708633 0.892063 0.712230 0.892063 0.723022 0.888889 0.726619 0.888889 0.741007 0.898413 0.741007 0.901587 0.737410 0.917460 0.730216 0.930159 0.715827
0 0.390476 0.712230 0.355556 0.758993 0.355556 0.773381 0.374603 0.794964 0.396825 0.791367 0.409524 0.798561 0.422222 0.798561 0.428571 0.787770 0.428571 0.766187 0.415873 0.744604 0.412698 0.715827
0 0.961905 0.719424 0.952381 0.719424 0.939683 0.733813 0.939683 0.737410 0.936508 0.741007 0.936508 0.748201 0.939683 0.751799 0.939683 0.762590 0.942857 0.766187 0.942857 0.769784 0.946032 0.769784 0.949206 0.773381 0.952381 0.769784 0.961905 0.766187 0.971429 0.755396 0.971429 0.751799 0.974603 0.748201 0.974603 0.744604 0.971429 0.741007 0.971429 0.730216
0 0.663492 0.741007 0.663492 0.755396 0.679365 0.766187 0.692063 0.766187 0.698413 0.758993 0.701587 0.758993 0.714286 0.748201 0.714286 0.733813 0.711111 0.730216 0.695238 0.730216 0.692063 0.726619 0.679365 0.726619 0.673016 0.730216
0 0.266667 0.769784 0.266667 0.784173 0.260317 0.791367 0.260317 0.802158 0.279365 0.805755 0.304762 0.823741 0.323810 0.823741 0.333333 0.816547 0.339683 0.791367 0.333333 0.769784 0.301587 0.766187 0.292063 0.755396 0.279365 0.755396
0 0.676190 0.784173 0.638095 0.769784 0.615873 0.784173 0.603175 0.798561 0.596825 0.812950 0.596825 0.823741 0.615873 0.823741 0.628571 0.816547 0.660317 0.812950 0.676190 0.798561
0 0.222222 0.784173 0.212698 0.776978 0.190476 0.784173 0.184127 0.798561 0.177778 0.805755 0.177778 0.830935 0.184127 0.834532 0.203175 0.830935 0.212698 0.820144 0.212698 0.812950 0.222222 0.794964
0 0.533333 0.776978 0.495238 0.787770 0.473016 0.812950 0.450794 0.827338 0.434921 0.859712 0.438095 0.899281 0.450794 0.895683 0.511111 0.838129 0.520635 0.816547 0.542857 0.794964
0 0.355556 0.805755 0.352381 0.812950 0.352381 0.841727 0.358730 0.848921 0.374603 0.852518 0.377778 0.856115 0.387302 0.856115 0.390476 0.859712 0.412698 0.856115 0.412698 0.845324 0.406349 0.838129 0.403175 0.827338 0.380952 0.798561 0.368254 0.794964
0 0.149206 0.802158 0.142857 0.798561 0.126984 0.798561 0.120635 0.802158 0.107937 0.820144 0.107937 0.845324 0.114286 0.848921 0.123810 0.848921 0.142857 0.838129 0.152381 0.827338 0.152381 0.809353
0 0.580952 0.798561 0.574603 0.798561 0.561905 0.805755 0.555556 0.812950 0.546032 0.816547 0.533333 0.830935 0.533333 0.845324 0.539683 0.848921 0.555556 0.848921 0.568254 0.841727 0.587302 0.823741 0.587302 0.809353
0 0.873016 0.809353 0.869841 0.809353 0.866667 0.812950 0.853968 0.812950 0.850794 0.816547 0.847619 0.816547 0.847619 0.820144 0.834921 0.838129 0.844444 0.856115 0.847619 0.856115 0.850794 0.859712 0.857143 0.859712 0.863492 0.852518 0.863492 0.848921 0.873016 0.834532
0 0.790476 0.816547 0.787302 0.812950 0.774603 0.812950 0.761905 0.820144 0.730159 0.823741 0.723810 0.827338 0.720635 0.834532 0.720635 0.845324 0.730159 0.856115 0.749206 0.856115 0.752381 0.852518 0.761905 0.852518 0.780952 0.838129
0 0.926984 0.830935 0.917460 0.830935 0.911111 0.834532 0.898413 0.859712 0.898413 0.866906 0.895238 0.870504 0.895238 0.888489 0.904762 0.902878 0.923810 0.899281 0.930159 0.888489 0.930159 0.874101 0.933333 0.870504 0.933333 0.841727
0 0.834921 0.841727 0.822222 0.841727 0.800000 0.856115 0.800000 0.859712 0.793651 0.866906 0.793651 0.888489 0.796825 0.892086 0.819048 0.892086 0.828571 0.881295 0.834921 0.863309 0.841270 0.856115
0 0.238095 0.845324 0.234921 0.863309 0.241270 0.877698 0.253968 0.892086 0.285714 0.906475 0.301587 0.906475 0.304762 0.902878 0.279365 0.874101 0.276190 0.874101 0.257143 0.848921
