0 0.130573 0.003597 0.130573 0.010791 0.133758 0.014388 0.152866 0.014388 0.156051 0.010791 0.156051 0.003597 0.152866 0.003597 0.149682 0.000000 0.136943 0.000000 0.133758 0.003597
0 0.439490 0.003597 0.436306 0.003597 0.433121 0.000000 0.426752 0.000000 0.423567 0.003597 0.414013 0.003597 0.410828 0.007194 0.410828 0.010791 0.414013 0.014388 0.414013 0.017986 0.423567 0.028777 0.429936 0.028777 0.436306 0.021583 0.436306 0.017986 0.439490 0.014388
0 0.582803 0.000000 0.576433 0.000000 0.576433 0.003597 0.573248 0.007194 0.573248 0.014388 0.570064 0.017986 0.566879 0.017986 0.566879 0.021583 0.563694 0.025180 0.563694 0.028777 0.570064 0.028777 0.573248 0.032374 0.576433 0.028777 0.579618 0.028777 0.582803 0.025180 0.585987 0.025180 0.592357 0.017986 0.592357 0.010791 0.589172 0.007194 0.589172 0.003597 0.585987 0.003597
0 0.636943 0.003597 0.636943 0.010791 0.643312 0.017986 0.649682 0.017986 0.652866 0.014388 0.659236 0.014388 0.665605 0.007194 0.665605 0.003597 0.662420 0.003597 0.659236 0.000000 0.656051 0.003597 0.646497 0.003597 0.643312 0.000000 0.640127 0.000000
0 0.041401 0.003597 0.041401 0.007194 0.038217 0.010791 0.038217 0.025180 0.041401 0.028777 0.041401 0.032374 0.047771 0.039568 0.050955 0.039568 0.054140 0.035971 0.054140 0.003597
0 0.000000 0.007194 0.000000 0.046763 0.003185 0.050360 0.006369 0.050360 0.009554 0.046763 0.012739 0.046763 0.012739 0.043165 0.015924 0.039568 0.015924 0.025180 0.012739 0.021583 0.012739 0.017986 0.003185 0.007194
0 0.869427 0.007194 0.866242 0.007194 0.866242 0.014388 0.863057 0.017986 0.863057 0.032374 0.866242 0.035971 0.869427 0.032374 0.869427 0.014388 0.866242 0.010791
0 0.474522 0.017986 0.468153 0.028777 0.464968 0.057554 0.468153 0.064748 0.487261 0.086331 0.500000 0.086331 0.506369 0.079137 0.506369 0.075540 0.493631 0.046763 0.487261 0.039568 0.480892 0.021583
0 0.799363 0.017986 0.796178 0.021583 0.796178 0.039568 0.802548 0.050360 0.812102 0.050360 0.821656 0.039568 0.821656 0.028777 0.818471 0.025180 0.815287 0.025180 0.808917 0.017986
0 0.891720 0.021583 0.888535 0.021583 0.885350 0.025180 0.885350 0.032374 0.878981 0.043165 0.878981 0.061151 0.882166 0.064748 0.888535 0.064748 0.888535 0.061151 0.891720 0.057554 0.891720 0.053957 0.898089 0.046763 0.898089 0.043165 0.901274 0.039568 0.901274 0.035971 0.898089 0.032374 0.898089 0.028777
0 0.156051 0.025180 0.149682 0.032374 0.149682 0.046763 0.156051 0.053957 0.168790 0.053957 0.171975 0.050360 0.171975 0.046763 0.175159 0.043165 0.175159 0.035971 0.171975 0.032374 0.171975 0.028777 0.168790 0.025180
0 0.668790 0.032374 0.656051 0.032374 0.652866 0.035971 0.649682 0.035971 0.649682 0.050360 0.646497 0.053957 0.646497 0.068345 0.656051 0.075540 0.665605 0.071942 0.675159 0.061151 0.675159 0.057554 0.678344 0.053957 0.678344 0.043165 0.675159 0.039568 0.675159 0.035971 0.671975 0.035971
0 0.267516 0.061151 0.261146 0.061151 0.257962 0.064748 0.257962 0.089928 0.261146 0.093525 0.264331 0.089928 0.270701 0.089928 0.277070 0.082734 0.277070 0.075540 0.270701 0.068345 0.270701 0.064748
0 0.178344 0.071942 0.178344 0.079137 0.187898 0.089928 0.187898 0.093525 0.191083 0.093525 0.200637 0.100719 0.216561 0.100719 0.219745 0.097122 0.213376 0.079137 0.207006 0.071942 0.203822 0.071942 0.200637 0.068345 0.194268 0.068345 0.191083 0.064748 0.184713 0.064748
0 0.130573 0.086331 0.124204 0.093525 0.124204 0.115108 0.127389 0.118705 0.127389 0.122302 0.136943 0.129496 0.146497 0.129496 0.149682 0.125899 0.156051 0.125899 0.156051 0.115108 0.149682 0.107914 0.149682 0.100719 0.140127 0.089928
0 0.808917 0.093525 0.805732 0.097122 0.805732 0.107914 0.808917 0.111511 0.812102 0.111511 0.815287 0.115108 0.821656 0.115108 0.828025 0.107914 0.828025 0.100719 0.821656 0.093525
0 0.280255 0.100719 0.277070 0.104317 0.273885 0.104317 0.270701 0.107914 0.270701 0.118705 0.277070 0.125899 0.286624 0.125899 0.292994 0.118705 0.292994 0.115108 0.296178 0.111511 0.296178 0.107914 0.289809 0.100719
0 0.009554 0.104317 0.003185 0.104317 0.003185 0.107914 0.000000 0.111511 0.000000 0.133094 0.003185 0.136691 0.006369 0.136691 0.009554 0.133094 0.009554 0.129496 0.012739 0.125899 0.012739 0.122302 0.015924 0.118705 0.015924 0.115108 0.012739 0.111511 0.012739 0.107914
0 0.359873 0.104317 0.356688 0.107914 0.356688 0.111511 0.353503 0.115108 0.353503 0.122302 0.356688 0.125899 0.356688 0.129496 0.359873 0.133094 0.363057 0.133094 0.366242 0.136691 0.369427 0.136691 0.372611 0.133094 0.372611 0.115108 0.369427 0.111511 0.369427 0.107914 0.366242 0.104317
0 0.713376 0.104317 0.710191 0.107914 0.710191 0.118705 0.716561 0.125899 0.719745 0.125899 0.722930 0.129496 0.726115 0.125899 0.726115 0.111511 0.719745 0.104317
0 0.636943 0.107914 0.633758 0.111511 0.633758 0.122302 0.636943 0.125899 0.636943 0.129496 0.649682 0.129496 0.652866 0.125899 0.652866 0.111511 0.649682 0.111511 0.646497 0.115108 0.643312 0.115108
0 0.219745 0.122302 0.216561 0.122302 0.213376 0.125899 0.210191 0.125899 0.203822 0.133094 0.203822 0.147482 0.207006 0.151079 0.216561 0.151079 0.222930 0.143885 0.222930 0.136691 0.226115 0.133094 0.222930 0.129496 0.222930 0.125899
0 0.410828 0.140288 0.410828 0.151079 0.414013 0.154676 0.414013 0.158273 0.423567 0.165468 0.426752 0.161871 0.429936 0.161871 0.433121 0.158273 0.436306 0.158273 0.439490 0.154676 0.442675 0.154676 0.442675 0.143885 0.436306 0.136691 0.433121 0.136691 0.429936 0.133094 0.417197 0.133094
0 0.108280 0.136691 0.105096 0.140288 0.098726 0.140288 0.095541 0.143885 0.095541 0.147482 0.092357 0.151079 0.092357 0.165468 0.098726 0.172662 0.101911 0.172662 0.108280 0.165468 0.108280 0.161871 0.111465 0.158273 0.111465 0.151079 0.114650 0.147482 0.111465 0.143885 0.111465 0.140288
0 0.124204 0.165468 0.124204 0.172662 0.127389 0.176259 0.143312 0.176259 0.146497 0.172662 0.156051 0.169065 0.156051 0.151079 0.152866 0.147482 0.133758 0.147482 0.127389 0.154676 0.127389 0.161871
0 0.235669 0.151079 0.232484 0.154676 0.232484 0.158273 0.229299 0.161871 0.229299 0.169065 0.232484 0.172662 0.232484 0.176259 0.245223 0.176259 0.248408 0.172662 0.248408 0.165468 0.251592 0.161871 0.248408 0.158273 0.248408 0.154676 0.245223 0.151079
0 0.006369 0.154676 0.000000 0.165468 0.000000 0.183453 0.003185 0.187050 0.003185 0.190647 0.012739 0.190647 0.022293 0.183453 0.022293 0.161871 0.015924 0.154676
0 0.665605 0.165468 0.662420 0.169065 0.662420 0.187050 0.668790 0.194245 0.671975 0.194245 0.675159 0.190647 0.678344 0.190647 0.681529 0.187050 0.681529 0.172662 0.675159 0.165468
0 0.506369 0.169065 0.506369 0.172662 0.503185 0.176259 0.503185 0.183453 0.500000 0.187050 0.500000 0.194245 0.503185 0.197842 0.503185 0.205036 0.506369 0.208633 0.506369 0.212230 0.509554 0.212230 0.512739 0.215827 0.522293 0.215827 0.525478 0.212230 0.525478 0.201439 0.519108 0.190647 0.519108 0.169065
0 0.328025 0.179856 0.324841 0.179856 0.321656 0.183453 0.318471 0.183453 0.312102 0.190647 0.312102 0.212230 0.315287 0.212230 0.318471 0.215827 0.324841 0.215827 0.328025 0.212230 0.331210 0.212230 0.337580 0.205036 0.337580 0.190647 0.334395 0.187050 0.334395 0.183453 0.331210 0.183453
0 0.388535 0.183453 0.385350 0.183453 0.378981 0.190647 0.378981 0.197842 0.375796 0.201439 0.375796 0.212230 0.382166 0.219424 0.385350 0.219424 0.388535 0.215827 0.391720 0.215827 0.398089 0.208633 0.398089 0.190647
0 0.761146 0.183453 0.754777 0.183453 0.751592 0.187050 0.748408 0.187050 0.748408 0.190647 0.745223 0.194245 0.745223 0.197842 0.748408 0.201439 0.748408 0.205036 0.751592 0.208633 0.757962 0.208633 0.761146 0.205036 0.764331 0.205036 0.764331 0.187050
0 0.175159 0.187050 0.171975 0.190647 0.171975 0.194245 0.168790 0.197842 0.168790 0.201439 0.171975 0.205036 0.171975 0.208633 0.175159 0.212230 0.184713 0.212230 0.191083 0.205036 0.191083 0.197842 0.194268 0.194245 0.187898 0.187050
0 0.261146 0.187050 0.251592 0.187050 0.245223 0.194245 0.242038 0.194245 0.238854 0.197842 0.238854 0.219424 0.248408 0.226619 0.251592 0.223022 0.261146 0.219424 0.270701 0.208633 0.270701 0.205036 0.264331 0.197842
0 0.216561 0.194245 0.213376 0.194245 0.207006 0.201439 0.207006 0.208633 0.210191 0.212230 0.213376 0.208633 0.216561 0.212230 0.219745 0.208633 0.222930 0.208633 0.222930 0.201439
0 0.866242 0.197842 0.863057 0.201439 0.863057 0.215827 0.859873 0.219424 0.859873 0.237410 0.863057 0.241007 0.863057 0.248201 0.866242 0.251799 0.872611 0.251799 0.878981 0.244604 0.878981 0.237410 0.882166 0.233813 0.882166 0.212230 0.869427 0.197842
0 0.133758 0.201439 0.130573 0.201439 0.127389 0.205036 0.121019 0.205036 0.117834 0.208633 0.117834 0.223022 0.124204 0.230216 0.124204 0.233813 0.127389 0.233813 0.130573 0.237410 0.136943 0.230216 0.136943 0.226619 0.140127 0.223022 0.140127 0.205036 0.136943 0.205036
0 0.630573 0.208633 0.630573 0.223022 0.633758 0.226619 0.633758 0.233813 0.636943 0.237410 0.640127 0.237410 0.643312 0.233813 0.643312 0.223022 0.636943 0.215827 0.636943 0.212230 0.633758 0.208633
0 0.461783 0.212230 0.458599 0.215827 0.458599 0.223022 0.461783 0.226619 0.461783 0.230216 0.464968 0.230216 0.468153 0.233813 0.474522 0.233813 0.477707 0.230216 0.477707 0.215827 0.474522 0.212230
0 0.073248 0.230216 0.066879 0.230216 0.066879 0.237410 0.057325 0.248201 0.057325 0.258993 0.054140 0.262590 0.054140 0.284173 0.057325 0.287770 0.070064 0.276978 0.070064 0.269784 0.073248 0.266187 0.073248 0.262590 0.076433 0.258993 0.076433 0.251799 0.079618 0.248201 0.079618 0.237410
0 0.684713 0.230216 0.691083 0.237410 0.691083 0.241007 0.687898 0.244604 0.687898 0.262590 0.684713 0.266187 0.684713 0.269784 0.687898 0.273381 0.687898 0.276978 0.697452 0.276978 0.703822 0.269784 0.703822 0.266187 0.707006 0.262590 0.707006 0.244604 0.700637 0.237410 0.700637 0.233813 0.697452 0.233813 0.694268 0.230216
0 0.531847 0.233813 0.528662 0.237410 0.528662 0.244604 0.531847 0.248201 0.531847 0.251799 0.535032 0.255396 0.535032 0.258993 0.538217 0.262590 0.538217 0.266187 0.544586 0.273381 0.544586 0.276978 0.547771 0.276978 0.550955 0.273381 0.550955 0.262590 0.547771 0.258993 0.547771 0.255396 0.541401 0.244604 0.541401 0.237410 0.538217 0.233813
0 0.401274 0.244604 0.388535 0.244604 0.385350 0.248201 0.382166 0.248201 0.382166 0.276978 0.385350 0.276978 0.388535 0.280576 0.391720 0.280576 0.401274 0.273381 0.401274 0.269784 0.404459 0.266187 0.404459 0.255396 0.401274 0.251799
0 0.015924 0.251799 0.006369 0.251799 0.000000 0.258993 0.000000 0.280576 0.003185 0.284173 0.003185 0.291367 0.006369 0.294964 0.015924 0.291367 0.022293 0.280576 0.022293 0.262590
0 0.423567 0.255396 0.420382 0.258993 0.420382 0.269784 0.426752 0.276978 0.426752 0.280576 0.439490 0.280576 0.439490 0.266187 0.436306 0.262590 0.436306 0.258993 0.433121 0.255396
0 0.159236 0.262590 0.152866 0.269784 0.152866 0.294964 0.159236 0.305755 0.162420 0.305755 0.165605 0.309353 0.175159 0.309353 0.187898 0.298561 0.187898 0.284173 0.184713 0.280576 0.184713 0.276978 0.181529 0.273381 0.178344 0.273381 0.168790 0.262590
0 0.872611 0.266187 0.866242 0.273381 0.866242 0.284173 0.863057 0.287770 0.863057 0.320144 0.869427 0.327338 0.878981 0.327338 0.885350 0.320144 0.885350 0.298561 0.888535 0.294964 0.888535 0.284173 0.885350 0.280576 0.885350 0.269784 0.882166 0.266187
0 0.273885 0.276978 0.273885 0.287770 0.280255 0.294964 0.289809 0.294964 0.292994 0.291367 0.296178 0.291367 0.296178 0.284173 0.299363 0.280576 0.296178 0.276978 0.296178 0.273381 0.292994 0.269784 0.280255 0.269784
0 0.315287 0.284173 0.315287 0.287770 0.312102 0.291367 0.312102 0.294964 0.308917 0.298561 0.308917 0.302158 0.321656 0.316547 0.328025 0.316547 0.334395 0.309353 0.334395 0.294964 0.328025 0.284173
0 0.127389 0.302158 0.124204 0.305755 0.124204 0.316547 0.130573 0.323741 0.136943 0.323741 0.140127 0.320144 0.140127 0.309353 0.136943 0.305755 0.133758 0.305755 0.130573 0.302158
0 0.570064 0.305755 0.566879 0.309353 0.566879 0.327338 0.570064 0.330935 0.570064 0.338129 0.576433 0.345324 0.585987 0.345324 0.589172 0.341727 0.589172 0.327338 0.585987 0.323741 0.585987 0.320144 0.579618 0.312950 0.579618 0.309353 0.576433 0.305755
0 0.098726 0.316547 0.095541 0.320144 0.095541 0.334532 0.098726 0.338129 0.098726 0.341727 0.108280 0.352518 0.111465 0.352518 0.114650 0.356115 0.121019 0.356115 0.124204 0.345324 0.111465 0.327338 0.108280 0.316547
0 0.707006 0.323741 0.700637 0.323741 0.700637 0.327338 0.697452 0.330935 0.697452 0.338129 0.694268 0.341727 0.694268 0.356115 0.697452 0.359712 0.697452 0.366906 0.700637 0.370504 0.700637 0.381295 0.703822 0.381295 0.703822 0.370504 0.700637 0.366906 0.703822 0.363309 0.700637 0.359712 0.703822 0.356115 0.703822 0.348921 0.707006 0.345324 0.703822 0.341727 0.707006 0.338129
0 0.060510 0.330935 0.057325 0.330935 0.054140 0.334532 0.050955 0.334532 0.047771 0.338129 0.047771 0.345324 0.050955 0.348921 0.054140 0.348921 0.057325 0.345324 0.060510 0.345324 0.060510 0.341727 0.063694 0.338129 0.063694 0.334532
0 0.426752 0.334532 0.426752 0.345324 0.429936 0.348921 0.449045 0.348921 0.452229 0.345324 0.452229 0.341727 0.449045 0.338129 0.442675 0.338129 0.439490 0.334532
0 0.754777 0.341727 0.751592 0.341727 0.748408 0.345324 0.748408 0.348921 0.751592 0.352518 0.751592 0.356115 0.748408 0.359712 0.748408 0.366906 0.751592 0.370504 0.754777 0.366906 0.757962 0.366906 0.761146 0.363309 0.761146 0.352518 0.757962 0.348921 0.757962 0.345324
0 0.063694 0.352518 0.063694 0.366906 0.073248 0.377698 0.085987 0.377698 0.089172 0.374101 0.092357 0.374101 0.092357 0.370504 0.095541 0.366906 0.079618 0.348921 0.066879 0.348921
0 0.305732 0.352518 0.296178 0.363309 0.296178 0.381295 0.305732 0.388489 0.312102 0.388489 0.315287 0.384892 0.318471 0.384892 0.318471 0.374101 0.321656 0.370504 0.321656 0.366906 0.315287 0.356115 0.312102 0.356115 0.308917 0.352518
0 0.519108 0.356115 0.515924 0.356115 0.512739 0.352518 0.503185 0.352518 0.493631 0.359712 0.493631 0.374101 0.500000 0.384892 0.506369 0.384892 0.512739 0.377698 0.515924 0.377698 0.515924 0.370504 0.519108 0.366906
0 0.837580 0.352518 0.831210 0.359712 0.831210 0.374101 0.834395 0.377698 0.840764 0.395683 0.847134 0.402878 0.853503 0.402878 0.863057 0.392086 0.863057 0.381295 0.859873 0.377698 0.859873 0.374101 0.853503 0.366906 0.853503 0.359712 0.847134 0.352518
0 0.391720 0.366906 0.391720 0.370504 0.388535 0.374101 0.388535 0.388489 0.394904 0.395683 0.398089 0.395683 0.404459 0.388489 0.404459 0.377698 0.401274 0.374101 0.401274 0.370504 0.398089 0.366906
0 0.601911 0.366906 0.598726 0.370504 0.598726 0.377698 0.601911 0.381295 0.608280 0.381295 0.611465 0.377698 0.608280 0.374101 0.608280 0.370504 0.605096 0.366906
0 0.054140 0.377698 0.050955 0.377698 0.047771 0.374101 0.044586 0.374101 0.041401 0.377698 0.038217 0.377698 0.031847 0.384892 0.031847 0.395683 0.038217 0.402878 0.050955 0.402878 0.057325 0.395683 0.057325 0.384892 0.054140 0.381295
0 0.127389 0.381295 0.127389 0.384892 0.130573 0.388489 0.136943 0.388489 0.140127 0.392086 0.146497 0.392086 0.146497 0.377698 0.143312 0.377698 0.140127 0.374101 0.136943 0.377698 0.130573 0.377698
0 0.452229 0.374101 0.445860 0.384892 0.445860 0.399281 0.455414 0.406475 0.464968 0.399281 0.471338 0.399281 0.471338 0.388489 0.458599 0.374101
0 0.525478 0.388489 0.525478 0.399281 0.528662 0.402878 0.531847 0.402878 0.535032 0.399281 0.531847 0.395683 0.531847 0.388489
0 0.171975 0.392086 0.168790 0.395683 0.168790 0.413669 0.171975 0.417266 0.175159 0.417266 0.178344 0.420863 0.181529 0.420863 0.184713 0.417266 0.191083 0.417266 0.194268 0.413669 0.194268 0.406475 0.191083 0.402878 0.191083 0.399281 0.187898 0.399281 0.181529 0.392086
0 0.646497 0.395683 0.643312 0.399281 0.643312 0.417266 0.646497 0.420863 0.646497 0.424460 0.643312 0.428058 0.646497 0.431655 0.646497 0.435252 0.652866 0.442446 0.656051 0.438849 0.659236 0.438849 0.659236 0.431655 0.662420 0.428058 0.662420 0.420863 0.659236 0.417266 0.659236 0.410072 0.656051 0.406475 0.656051 0.399281 0.652866 0.395683
0 0.012739 0.406475 0.009554 0.410072 0.009554 0.420863 0.012739 0.424460 0.012739 0.428058 0.019108 0.435252 0.022293 0.435252 0.025478 0.438849 0.025478 0.410072 0.022293 0.406475
0 0.108280 0.406475 0.105096 0.410072 0.105096 0.424460 0.108280 0.428058 0.124204 0.428058 0.124204 0.424460 0.127389 0.420863 0.124204 0.417266 0.124204 0.413669 0.117834 0.406475
0 0.707006 0.410072 0.703822 0.413669 0.703822 0.428058 0.707006 0.431655 0.710191 0.431655 0.713376 0.435252 0.719745 0.428058 0.719745 0.413669 0.716561 0.410072
0 0.560510 0.420863 0.557325 0.424460 0.557325 0.428058 0.554140 0.431655 0.554140 0.435252 0.557325 0.438849 0.557325 0.442446 0.563694 0.449640 0.573248 0.449640 0.573248 0.446043 0.576433 0.442446 0.576433 0.431655 0.566879 0.420863
0 0.257962 0.424460 0.248408 0.424460 0.245223 0.428058 0.242038 0.428058 0.242038 0.446043 0.245223 0.449640 0.251592 0.449640 0.261146 0.438849 0.261146 0.428058
0 0.321656 0.424460 0.318471 0.428058 0.315287 0.428058 0.308917 0.438849 0.308917 0.446043 0.312102 0.449640 0.312102 0.453237 0.315287 0.453237 0.318471 0.456835 0.324841 0.456835 0.334395 0.449640 0.334395 0.435252 0.328025 0.428058 0.324841 0.428058
0 0.401274 0.428058 0.391720 0.438849 0.391720 0.446043 0.394904 0.449640 0.394904 0.453237 0.398089 0.456835 0.398089 0.460432 0.404459 0.467626 0.410828 0.467626 0.417197 0.456835 0.417197 0.438849 0.410828 0.428058
0 0.449045 0.435252 0.445860 0.438849 0.445860 0.456835 0.449045 0.460432 0.461783 0.460432 0.461783 0.456835 0.464968 0.453237 0.464968 0.442446 0.458599 0.435252
0 0.003185 0.442446 0.003185 0.446043 0.000000 0.449640 0.000000 0.453237 0.003185 0.456835 0.003185 0.460432 0.000000 0.464029 0.000000 0.474820 0.003185 0.478417 0.006369 0.478417 0.009554 0.474820 0.012739 0.474820 0.012739 0.471223 0.015924 0.467626 0.015924 0.460432 0.012739 0.456835 0.012739 0.453237
0 0.047771 0.446043 0.041401 0.453237 0.041401 0.471223 0.047771 0.478417 0.054140 0.478417 0.060510 0.471223 0.060510 0.467626 0.063694 0.464029 0.063694 0.449640 0.057325 0.449640 0.054140 0.446043
0 0.133758 0.446043 0.124204 0.446043 0.121019 0.449640 0.114650 0.449640 0.111465 0.453237 0.111465 0.467626 0.114650 0.467626 0.117834 0.471223 0.124204 0.471223 0.133758 0.460432
0 0.280255 0.446043 0.273885 0.453237 0.273885 0.467626 0.280255 0.474820 0.286624 0.474820 0.289809 0.471223 0.289809 0.464029 0.292994 0.460432 0.289809 0.456835 0.289809 0.449640 0.286624 0.449640 0.283439 0.446043
0 0.566879 0.464029 0.563694 0.467626 0.563694 0.478417 0.566879 0.482014 0.566879 0.489209 0.570064 0.492806 0.570064 0.496403 0.576433 0.496403 0.579618 0.492806 0.579618 0.482014 0.576433 0.478417 0.576433 0.471223 0.573248 0.467626 0.570064 0.467626
0 0.742038 0.464029 0.735669 0.471223 0.735669 0.474820 0.738854 0.478417 0.738854 0.485612 0.742038 0.489209 0.742038 0.492806 0.745223 0.496403 0.748408 0.496403 0.754777 0.489209 0.754777 0.474820 0.748408 0.467626 0.745223 0.467626
0 0.159236 0.471223 0.146497 0.471223 0.140127 0.478417 0.140127 0.492806 0.143312 0.496403 0.149682 0.496403 0.156051 0.489209 0.156051 0.482014 0.159236 0.478417
0 0.312102 0.471223 0.305732 0.482014 0.305732 0.492806 0.308917 0.496403 0.312102 0.507194 0.321656 0.517986 0.324841 0.517986 0.328025 0.514388 0.331210 0.514388 0.337580 0.507194 0.337580 0.489209 0.334395 0.485612 0.334395 0.482014 0.328025 0.474820 0.321656 0.474820 0.318471 0.471223
0 0.538217 0.492806 0.535032 0.496403 0.535032 0.510791 0.541401 0.521583 0.541401 0.546763 0.560510 0.557554 0.573248 0.553957 0.566879 0.525180 0.554140 0.510791 0.554140 0.507194 0.544586 0.496403 0.544586 0.492806
0 0.716561 0.521583 0.716561 0.532374 0.719745 0.532374 0.722930 0.528777 0.722930 0.525180 0.719745 0.521583
0 0.710191 0.492806 0.710191 0.500000 0.716561 0.507194 0.716561 0.510791 0.719745 0.510791 0.722930 0.514388 0.722930 0.503597 0.719745 0.500000 0.719745 0.496403 0.716561 0.492806
0 0.595541 0.510791 0.595541 0.517986 0.598726 0.517986 0.601911 0.521583 0.617834 0.521583 0.621019 0.517986 0.621019 0.503597 0.617834 0.503597 0.614650 0.500000 0.608280 0.500000 0.605096 0.503597 0.601911 0.503597
0 0.025478 0.503597 0.022293 0.507194 0.022293 0.510791 0.019108 0.514388 0.019108 0.528777 0.025478 0.535971 0.035032 0.535971 0.041401 0.528777 0.041401 0.510791 0.035032 0.503597
0 0.216561 0.503597 0.210191 0.514388 0.210191 0.528777 0.216561 0.535971 0.229299 0.535971 0.235669 0.528777 0.235669 0.514388 0.226115 0.503597
0 0.277070 0.510791 0.264331 0.510791 0.257962 0.517986 0.257962 0.521583 0.254777 0.525180 0.254777 0.535971 0.251592 0.539568 0.251592 0.546763 0.257962 0.553957 0.264331 0.553957 0.267516 0.550360 0.270701 0.550360 0.277070 0.543165 0.277070 0.539568 0.280255 0.535971 0.280255 0.517986 0.277070 0.514388
0 0.812102 0.517986 0.802548 0.517986 0.796178 0.525180 0.796178 0.528777 0.792994 0.532374 0.792994 0.550360 0.796178 0.553957 0.805732 0.553957 0.818471 0.539568 0.818471 0.525180
0 0.315287 0.532374 0.315287 0.535971 0.312102 0.539568 0.312102 0.543165 0.315287 0.546763 0.315287 0.550360 0.318471 0.553957 0.318471 0.557554 0.321656 0.561151 0.328025 0.561151 0.331210 0.557554 0.331210 0.553957 0.328025 0.550360 0.328025 0.543165 0.324841 0.539568 0.324841 0.535971 0.321656 0.532374
0 0.076433 0.539568 0.063694 0.550360 0.063694 0.553957 0.060510 0.557554 0.060510 0.564748 0.057325 0.568345 0.057325 0.579137 0.060510 0.582734 0.060510 0.589928 0.066879 0.597122 0.076433 0.593525 0.076433 0.589928 0.085987 0.575540 0.085987 0.564748 0.082803 0.561151 0.082803 0.553957 0.079618 0.550360 0.079618 0.543165
0 0.617834 0.543165 0.624204 0.550360 0.627389 0.550360 0.630573 0.553957 0.633758 0.553957 0.633758 0.539568 0.621019 0.539568
0 0.171975 0.546763 0.165605 0.553957 0.165605 0.557554 0.168790 0.561151 0.168790 0.564748 0.178344 0.564748 0.181529 0.561151 0.181529 0.550360 0.178344 0.546763
0 0.277070 0.568345 0.273885 0.571942 0.273885 0.589928 0.280255 0.597122 0.283439 0.597122 0.286624 0.600719 0.299363 0.600719 0.302548 0.597122 0.302548 0.586331 0.299363 0.582734 0.299363 0.579137 0.292994 0.571942 0.292994 0.568345 0.289809 0.568345 0.286624 0.564748
0 0.506369 0.568345 0.506369 0.571942 0.503185 0.575540 0.503185 0.582734 0.512739 0.593525 0.525478 0.593525 0.528662 0.589928 0.528662 0.575540 0.519108 0.564748 0.512739 0.564748 0.509554 0.568345
0 0.248408 0.568345 0.245223 0.571942 0.245223 0.579137 0.242038 0.582734 0.245223 0.586331 0.245223 0.589928 0.254777 0.600719 0.261146 0.600719 0.261146 0.593525 0.264331 0.589928 0.264331 0.579137 0.261146 0.575540 0.261146 0.571942 0.257962 0.571942 0.254777 0.568345
0 0.184713 0.579137 0.184713 0.582734 0.181529 0.586331 0.181529 0.593525 0.184713 0.597122 0.187898 0.597122 0.191083 0.600719 0.210191 0.600719 0.210191 0.586331 0.200637 0.575540 0.187898 0.575540
0 0.624204 0.579137 0.624204 0.582734 0.621019 0.586331 0.621019 0.597122 0.630573 0.604317 0.640127 0.604317 0.643312 0.607914 0.646497 0.604317 0.646497 0.593525 0.643312 0.589928 0.643312 0.586331 0.640127 0.582734 0.640127 0.579137 0.636943 0.579137 0.633758 0.575540 0.630573 0.575540 0.627389 0.579137
0 0.665605 0.582734 0.662420 0.586331 0.662420 0.589928 0.665605 0.593525 0.665605 0.597122 0.675159 0.607914 0.678344 0.607914 0.681529 0.604317 0.681529 0.600719 0.678344 0.597122 0.678344 0.593525 0.671975 0.586331 0.668790 0.586331
0 0.582803 0.589928 0.573248 0.589928 0.570064 0.593525 0.566879 0.593525 0.566879 0.600719 0.563694 0.604317 0.563694 0.607914 0.566879 0.611511 0.566879 0.615108 0.579618 0.615108 0.582803 0.611511 0.582803 0.607914 0.585987 0.604317 0.585987 0.593525
0 0.388535 0.597122 0.385350 0.597122 0.382166 0.593525 0.378981 0.593525 0.375796 0.597122 0.372611 0.597122 0.366242 0.604317 0.366242 0.618705 0.369427 0.622302 0.369427 0.625899 0.385350 0.625899 0.385350 0.622302 0.388535 0.618705 0.388535 0.607914 0.391720 0.604317 0.388535 0.600719
0 0.111465 0.597122 0.101911 0.597122 0.098726 0.600719 0.095541 0.600719 0.089172 0.607914 0.085987 0.607914 0.085987 0.611511 0.082803 0.615108 0.079618 0.615108 0.076433 0.618705 0.076433 0.622302 0.073248 0.625899 0.076433 0.629496 0.076433 0.636691 0.079618 0.640288 0.092357 0.640288 0.098726 0.633094 0.101911 0.633094 0.101911 0.629496 0.105096 0.625899 0.108280 0.625899 0.108280 0.622302 0.114650 0.611511 0.114650 0.600719
0 0.719745 0.600719 0.716561 0.604317 0.716561 0.611511 0.722930 0.618705 0.729299 0.618705 0.732484 0.615108 0.732484 0.607914 0.726115 0.600719
0 0.031847 0.615108 0.028662 0.618705 0.028662 0.622302 0.025478 0.625899 0.025478 0.633094 0.031847 0.640288 0.044586 0.640288 0.047771 0.636691 0.047771 0.618705 0.044586 0.615108
0 0.171975 0.615108 0.168790 0.615108 0.159236 0.622302 0.159236 0.640288 0.162420 0.643885 0.162420 0.647482 0.175159 0.647482 0.181529 0.636691 0.181529 0.625899 0.178344 0.622302 0.178344 0.618705 0.175159 0.618705
0 0.391720 0.625899 0.388535 0.629496 0.385350 0.629496 0.382166 0.633094 0.382166 0.647482 0.385350 0.651079 0.391720 0.651079 0.398089 0.643885 0.398089 0.629496 0.394904 0.629496
0 0.538217 0.643885 0.538217 0.665468 0.547771 0.676259 0.557325 0.676259 0.557325 0.672662 0.560510 0.669065 0.560510 0.661871 0.557325 0.658273 0.557325 0.654676 0.547771 0.643885
0 0.315287 0.647482 0.315287 0.651079 0.312102 0.654676 0.312102 0.665468 0.318471 0.672662 0.328025 0.672662 0.331210 0.669065 0.331210 0.661871 0.328025 0.658273 0.328025 0.651079 0.324841 0.647482
0 0.859873 0.647482 0.853503 0.654676 0.856688 0.658273 0.859873 0.669065 0.872611 0.683453 0.872611 0.687050 0.878981 0.694245 0.882166 0.694245 0.888535 0.701439 0.891720 0.701439 0.894904 0.697842 0.891720 0.694245 0.888535 0.683453 0.882166 0.676259 0.878981 0.665468 0.866242 0.651079 0.863057 0.651079
0 0.280255 0.651079 0.273885 0.658273 0.273885 0.665468 0.277070 0.669065 0.277070 0.672662 0.280255 0.676259 0.283439 0.676259 0.286624 0.679856 0.292994 0.679856 0.296178 0.676259 0.296178 0.672662 0.299363 0.669065 0.299363 0.665468 0.296178 0.661871 0.296178 0.658273 0.289809 0.651079
0 0.595541 0.654676 0.592357 0.658273 0.589172 0.658273 0.589172 0.661871 0.582803 0.669065 0.582803 0.683453 0.585987 0.687050 0.595541 0.687050 0.598726 0.683453 0.598726 0.679856 0.601911 0.676259 0.601911 0.665468 0.598726 0.661871 0.598726 0.658273
0 0.111465 0.665468 0.105096 0.672662 0.105096 0.687050 0.108280 0.690647 0.108280 0.694245 0.111465 0.697842 0.114650 0.694245 0.117834 0.697842 0.130573 0.697842 0.136943 0.690647 0.136943 0.687050 0.140127 0.683453 0.140127 0.672662 0.133758 0.665468 0.127389 0.665468 0.124204 0.661871 0.117834 0.661871 0.114650 0.665468
0 0.716561 0.672662 0.713376 0.676259 0.713376 0.690647 0.722930 0.701439 0.729299 0.701439 0.732484 0.697842 0.732484 0.683453 0.726115 0.676259 0.722930 0.676259 0.719745 0.672662
0 0.821656 0.679856 0.821656 0.690647 0.824841 0.690647 0.831210 0.697842 0.837580 0.697842 0.837580 0.694245 0.834395 0.690647 0.834395 0.687050 0.828025 0.679856
0 0.439490 0.683453 0.436306 0.687050 0.433121 0.687050 0.433121 0.690647 0.429936 0.694245 0.429936 0.705036 0.433121 0.708633 0.433121 0.712230 0.439490 0.719424 0.439490 0.723022 0.442675 0.726619 0.445860 0.726619 0.449045 0.723022 0.455414 0.723022 0.458599 0.719424 0.458599 0.715827 0.461783 0.712230 0.461783 0.697842 0.455414 0.690647 0.455414 0.687050 0.452229 0.687050 0.449045 0.683453
0 0.617834 0.683453 0.611465 0.690647 0.611465 0.712230 0.617834 0.726619 0.621019 0.723022 0.627389 0.730216 0.617834 0.748201 0.621019 0.748201 0.624204 0.755396 0.630573 0.758993 0.633758 0.755396 0.633758 0.723022 0.636943 0.719424 0.636943 0.705036 0.630573 0.687050 0.627389 0.683453
0 0.687898 0.690647 0.684713 0.694245 0.684713 0.705036 0.687898 0.708633 0.691083 0.708633 0.694268 0.712230 0.697452 0.708633 0.700637 0.708633 0.700637 0.694245 0.697452 0.690647
0 0.850318 0.694245 0.850318 0.708633 0.853503 0.708633 0.863057 0.719424 0.869427 0.719424 0.872611 0.715827 0.872611 0.708633 0.869427 0.705036 0.866242 0.705036 0.859873 0.697842 0.856688 0.697842 0.853503 0.694245
0 0.108280 0.701439 0.108280 0.715827 0.111465 0.715827 0.114650 0.719424 0.124204 0.719424 0.127389 0.715827 0.127389 0.701439 0.117834 0.701439 0.114650 0.697842 0.111465 0.701439
0 0.200637 0.701439 0.194268 0.708633 0.194268 0.719424 0.191083 0.723022 0.191083 0.726619 0.197452 0.733813 0.207006 0.733813 0.210191 0.730216 0.210191 0.715827 0.213376 0.712230 0.210191 0.708633 0.210191 0.705036 0.207006 0.705036 0.203822 0.701439
0 0.378981 0.705036 0.372611 0.705036 0.363057 0.715827 0.363057 0.730216 0.366242 0.733813 0.378981 0.733813 0.382166 0.730216 0.382166 0.726619 0.385350 0.723022 0.385350 0.715827 0.382166 0.712230 0.382166 0.708633
0 0.484076 0.723022 0.480892 0.726619 0.480892 0.741007 0.490446 0.751799 0.496815 0.751799 0.500000 0.748201 0.503185 0.748201 0.506369 0.744604 0.506369 0.737410 0.496815 0.726619 0.493631 0.726619 0.490446 0.723022
0 0.573248 0.723022 0.566879 0.730216 0.566879 0.755396 0.570064 0.758993 0.570064 0.762590 0.576433 0.769784 0.585987 0.769784 0.595541 0.758993 0.595541 0.744604 0.592357 0.741007 0.592357 0.730216 0.585987 0.723022
0 0.315287 0.726619 0.312102 0.730216 0.312102 0.737410 0.315287 0.737410 0.318471 0.741007 0.321656 0.741007 0.324841 0.744604 0.324841 0.748201 0.328025 0.748201 0.331210 0.751799 0.334395 0.748201 0.334395 0.741007 0.331210 0.737410 0.331210 0.733813 0.324841 0.726619
0 0.773885 0.733813 0.773885 0.737410 0.777070 0.741007 0.777070 0.744604 0.786624 0.755396 0.786624 0.758993 0.792994 0.758993 0.796178 0.755396 0.796178 0.748201 0.789809 0.741007 0.786624 0.741007 0.780255 0.733813
0 0.232484 0.741007 0.229299 0.744604 0.226115 0.744604 0.226115 0.762590 0.232484 0.773381 0.235669 0.773381 0.245223 0.780576 0.248408 0.776978 0.251592 0.776978 0.257962 0.769784 0.257962 0.758993 0.245223 0.744604 0.238854 0.744604 0.235669 0.741007
0 0.117834 0.744604 0.111465 0.744604 0.105096 0.751799 0.105096 0.758993 0.095541 0.773381 0.095541 0.787770 0.098726 0.791367 0.098726 0.798561 0.105096 0.805755 0.111465 0.805755 0.111465 0.784173 0.114650 0.780576 0.114650 0.773381 0.121019 0.762590 0.121019 0.748201
0 0.455414 0.744604 0.452229 0.748201 0.452229 0.751799 0.455414 0.755396 0.458599 0.755396 0.461783 0.758993 0.464968 0.758993 0.468153 0.762590 0.468153 0.751799 0.464968 0.751799 0.458599 0.744604
0 0.210191 0.755396 0.207006 0.755396 0.203822 0.751799 0.197452 0.751799 0.187898 0.762590 0.187898 0.773381 0.184713 0.776978 0.184713 0.794964 0.197452 0.794964 0.200637 0.791367 0.203822 0.791367 0.203822 0.787770 0.210191 0.780576
0 0.302548 0.751799 0.296178 0.751799 0.292994 0.755396 0.280255 0.755396 0.273885 0.766187 0.277070 0.769784 0.277070 0.776978 0.289809 0.791367 0.299363 0.791367 0.318471 0.773381 0.318471 0.766187 0.308917 0.755396 0.305732 0.755396
0 0.662420 0.769784 0.659236 0.773381 0.659236 0.787770 0.665605 0.794964 0.671975 0.794964 0.678344 0.787770 0.678344 0.780576 0.668790 0.769784
0 0.028662 0.776978 0.028662 0.791367 0.038217 0.791367 0.041401 0.787770 0.041401 0.784173 0.035032 0.776978
0 0.589172 0.787770 0.576433 0.787770 0.573248 0.791367 0.570064 0.791367 0.563694 0.798561 0.563694 0.812950 0.566879 0.816547 0.573248 0.816547 0.576433 0.820144 0.579618 0.816547 0.585987 0.816547 0.595541 0.805755 0.595541 0.798561
0 0.133758 0.794964 0.127389 0.805755 0.127389 0.812950 0.130573 0.816547 0.130573 0.820144 0.136943 0.827338 0.140127 0.827338 0.143312 0.830935 0.152866 0.830935 0.156051 0.827338 0.159236 0.827338 0.159236 0.823741 0.162420 0.820144 0.159236 0.809353 0.149682 0.798561 0.146497 0.798561 0.143312 0.794964
0 0.773885 0.798561 0.777070 0.802158 0.777070 0.809353 0.780255 0.812950 0.780255 0.816547 0.789809 0.823741 0.796178 0.823741 0.799363 0.820144 0.805732 0.820144 0.815287 0.809353 0.818471 0.809353 0.818471 0.802158 0.815287 0.798561 0.808917 0.798561 0.805732 0.794964 0.780255 0.794964 0.777070 0.798561
0 0.439490 0.809353 0.439490 0.820144 0.436306 0.823741 0.436306 0.834532 0.445860 0.845324 0.452229 0.845324 0.455414 0.841727 0.458599 0.841727 0.458599 0.823741 0.455414 0.820144 0.455414 0.816547 0.449045 0.809353
0 0.286624 0.830935 0.283439 0.834532 0.283439 0.845324 0.289809 0.852518 0.302548 0.852518 0.302548 0.848921 0.305732 0.845324 0.305732 0.838129 0.302548 0.834532 0.302548 0.830935 0.299363 0.830935 0.296178 0.827338 0.292994 0.827338 0.289809 0.830935
0 0.391720 0.827338 0.391720 0.856115 0.398089 0.863309 0.407643 0.863309 0.410828 0.859712 0.410828 0.841727 0.407643 0.838129 0.407643 0.834532 0.401274 0.827338
0 0.869427 0.841727 0.859873 0.830935 0.856688 0.830935 0.853503 0.834532 0.843949 0.834532 0.840764 0.838129 0.831210 0.838129 0.831210 0.841727 0.828025 0.845324 0.828025 0.856115 0.831210 0.859712 0.843949 0.859712 0.847134 0.856115 0.853503 0.856115 0.856688 0.852518 0.866242 0.852518 0.869427 0.848921
0 0.127389 0.841727 0.127389 0.852518 0.133758 0.859712 0.136943 0.859712 0.140127 0.863309 0.146497 0.863309 0.149682 0.859712 0.162420 0.859712 0.159236 0.859712 0.143312 0.841727 0.136943 0.841727 0.133758 0.838129 0.130573 0.838129
0 0.242038 0.838129 0.238854 0.841727 0.238854 0.859712 0.242038 0.863309 0.242038 0.866906 0.245223 0.866906 0.248408 0.870504 0.251592 0.870504 0.257962 0.863309 0.257962 0.859712 0.261146 0.856115 0.261146 0.845324 0.254777 0.838129
0 0.200637 0.852518 0.191083 0.859712 0.191083 0.863309 0.187898 0.866906 0.187898 0.877698 0.197452 0.884892 0.210191 0.884892 0.216561 0.874101 0.216561 0.863309 0.210191 0.852518
0 0.726115 0.870504 0.726115 0.877698 0.732484 0.884892 0.735669 0.884892 0.738854 0.888489 0.748408 0.888489 0.751592 0.892086 0.754777 0.888489 0.754777 0.884892 0.751592 0.881295 0.748408 0.881295 0.745223 0.877698 0.742038 0.877698 0.735669 0.870504
