0 0.063694 0.100358 0.057325 0.096774 0.041401 0.096774 0.028662 0.107527 0.025478 0.107527 0.019108 0.118280 0.019108 0.136201 0.025478 0.143369 0.047771 0.143369 0.054140 0.139785 0.066879 0.121864 0.066879 0.107527
0 0.273885 0.107527 0.273885 0.114695 0.270701 0.118280 0.270701 0.132616 0.267516 0.136201 0.264331 0.154122 0.267516 0.157706 0.267516 0.164875 0.273885 0.172043 0.280255 0.172043 0.286624 0.164875 0.286624 0.154122 0.289809 0.150538 0.289809 0.136201 0.286624 0.129032 0.283439 0.129032 0.277070 0.121864 0.280255 0.114695 0.277070 0.107527
0 0.133758 0.111111 0.130573 0.114695 0.130573 0.129032 0.140127 0.139785 0.149682 0.139785 0.152866 0.136201 0.152866 0.129032 0.156051 0.125448 0.156051 0.121864 0.146497 0.111111
0 0.168790 0.125448 0.168790 0.129032 0.171975 0.132616 0.171975 0.136201 0.175159 0.139785 0.175159 0.143369 0.178344 0.146953 0.184713 0.146953 0.187898 0.143369 0.191083 0.143369 0.191083 0.132616 0.181529 0.121864 0.171975 0.121864
0 0.232484 0.121864 0.229299 0.125448 0.222930 0.125448 0.216561 0.132616 0.216561 0.143369 0.219745 0.146953 0.232484 0.146953 0.238854 0.139785 0.238854 0.129032
0 0.423567 0.121864 0.423567 0.125448 0.420382 0.129032 0.420382 0.132616 0.423567 0.136201 0.423567 0.143369 0.429936 0.150538 0.436306 0.150538 0.439490 0.146953 0.442675 0.146953 0.442675 0.143369 0.445860 0.139785 0.445860 0.136201 0.442675 0.132616 0.442675 0.129032 0.439490 0.125448 0.439490 0.121864
0 0.652866 0.129032 0.646497 0.136201 0.646497 0.150538 0.649682 0.154122 0.659236 0.154122 0.665605 0.146953 0.665605 0.132616 0.662420 0.129032
0 0.003185 0.132616 0.000000 0.136201 0.000000 0.139785 0.003185 0.143369 0.003185 0.164875 0.003185 0.161290 0.006369 0.157706 0.006369 0.136201
0 0.356688 0.136201 0.350318 0.143369 0.350318 0.157706 0.353503 0.161290 0.369427 0.161290 0.375796 0.154122 0.375796 0.146953 0.372611 0.143369 0.372611 0.139785 0.369427 0.136201
0 0.828025 0.157706 0.828025 0.164875 0.840764 0.179211 0.863057 0.179211 0.863057 0.175627 0.866242 0.172043 0.866242 0.161290 0.856688 0.150538 0.850318 0.150538 0.847134 0.146953 0.843949 0.146953 0.840764 0.150538 0.834395 0.150538
0 0.589172 0.157706 0.589172 0.168459 0.592357 0.168459 0.595541 0.172043 0.598726 0.172043 0.601911 0.168459 0.601911 0.161290 0.598726 0.157706
0 0.025478 0.172043 0.028662 0.175627 0.028662 0.186380 0.041401 0.204301 0.044586 0.204301 0.047771 0.207885 0.063694 0.204301 0.060510 0.200717 0.060510 0.172043 0.057325 0.168459 0.057325 0.164875 0.054140 0.164875 0.050955 0.161290 0.041401 0.161290 0.038217 0.164875 0.031847 0.164875
0 0.133758 0.172043 0.133758 0.179211 0.136943 0.179211 0.140127 0.182796 0.149682 0.182796 0.149682 0.172043 0.146497 0.172043 0.143312 0.168459 0.140127 0.168459 0.136943 0.172043
0 0.471338 0.175627 0.468153 0.179211 0.474522 0.189964 0.474522 0.218638 0.477707 0.218638 0.480892 0.215054 0.480892 0.197133 0.477707 0.193548 0.477707 0.186380
0 0.251592 0.182796 0.248408 0.186380 0.248408 0.193548 0.245223 0.197133 0.245223 0.207885 0.248408 0.211470 0.257962 0.211470 0.257962 0.189964
0 0.082803 0.186380 0.073248 0.186380 0.070064 0.189964 0.066879 0.204301 0.063694 0.207885 0.063694 0.215054 0.050955 0.236559 0.050955 0.258065 0.073248 0.240143 0.085987 0.211470 0.085987 0.193548
0 0.595541 0.189964 0.595541 0.193548 0.592357 0.197133 0.592357 0.200717 0.598726 0.207885 0.598726 0.211470 0.601911 0.211470 0.605096 0.215054 0.608280 0.211470 0.608280 0.193548 0.605096 0.189964
0 0.213376 0.193548 0.200637 0.193548 0.194268 0.200717 0.194268 0.215054 0.203822 0.225806 0.207006 0.225806 0.210191 0.222222 0.213376 0.222222 0.219745 0.211470 0.219745 0.207885 0.216561 0.204301 0.216561 0.197133
0 0.789809 0.197133 0.786624 0.200717 0.783439 0.200717 0.777070 0.211470 0.780255 0.215054 0.783439 0.225806 0.789809 0.232975 0.789809 0.236559 0.792994 0.236559 0.796178 0.232975 0.799363 0.236559 0.802548 0.236559 0.812102 0.225806 0.812102 0.218638 0.802548 0.200717 0.799363 0.200717 0.796178 0.197133
0 0.439490 0.200717 0.436306 0.204301 0.433121 0.204301 0.433121 0.207885 0.429936 0.211470 0.429936 0.225806 0.445860 0.247312 0.449045 0.247312 0.458599 0.254480 0.461783 0.250896 0.464968 0.250896 0.464968 0.243728 0.458599 0.236559 0.458599 0.215054 0.449045 0.200717
0 0.863057 0.200717 0.859873 0.200717 0.856688 0.204301 0.853503 0.204301 0.847134 0.215054 0.847134 0.218638 0.850318 0.222222 0.850318 0.229391 0.853503 0.229391 0.856688 0.232975 0.859873 0.232975 0.863057 0.229391 0.866242 0.229391 0.872611 0.222222 0.872611 0.207885
0 0.165605 0.204301 0.159236 0.211470 0.159236 0.225806 0.162420 0.229391 0.162420 0.232975 0.165605 0.236559 0.178344 0.236559 0.181529 0.232975 0.184713 0.232975 0.187898 0.229391 0.184713 0.225806 0.184713 0.211470 0.178344 0.204301
0 0.340764 0.204301 0.334395 0.204301 0.328025 0.211470 0.324841 0.218638 0.324841 0.225806 0.318471 0.236559 0.318471 0.254480 0.328025 0.268817 0.334395 0.268817 0.343949 0.258065 0.343949 0.207885
0 0.748408 0.204301 0.738854 0.215054 0.738854 0.222222 0.735669 0.225806 0.735669 0.229391 0.738854 0.232975 0.738854 0.240143 0.742038 0.243728 0.745223 0.243728 0.748408 0.247312 0.757962 0.247312 0.767516 0.240143 0.767516 0.232975 0.764331 0.229391 0.764331 0.222222 0.761146 0.218638 0.761146 0.207885 0.757962 0.204301
0 0.633758 0.215054 0.627389 0.222222 0.627389 0.232975 0.630573 0.236559 0.630573 0.240143 0.636943 0.247312 0.646497 0.247312 0.652866 0.240143 0.652866 0.222222 0.646497 0.215054
0 0.671975 0.229391 0.665605 0.236559 0.665605 0.243728 0.668790 0.247312 0.678344 0.247312 0.678344 0.236559 0.675159 0.232975 0.675159 0.229391
0 0.582803 0.236559 0.576433 0.236559 0.573248 0.232975 0.570064 0.236559 0.566879 0.236559 0.560510 0.243728 0.560510 0.247312 0.557325 0.250896 0.557325 0.258065 0.554140 0.261649 0.554140 0.265233 0.560510 0.272401 0.566879 0.272401 0.570064 0.268817 0.573248 0.268817 0.582803 0.258065 0.585987 0.258065 0.585987 0.254480 0.589172 0.250896 0.589172 0.243728
0 0.085987 0.250896 0.082803 0.250896 0.079618 0.254480 0.079618 0.258065 0.076433 0.261649 0.076433 0.286738 0.085987 0.286738 0.085987 0.283154 0.089172 0.279570 0.089172 0.268817 0.092357 0.265233 0.092357 0.261649 0.089172 0.258065 0.089172 0.254480
0 0.598726 0.250896 0.598726 0.254480 0.595541 0.258065 0.595541 0.268817 0.592357 0.272401 0.592357 0.283154 0.595541 0.286738 0.598726 0.286738 0.605096 0.293907 0.611465 0.293907 0.614650 0.290323 0.614650 0.265233 0.611465 0.261649 0.611465 0.254480 0.608280 0.250896
0 0.649682 0.265233 0.643312 0.272401 0.643312 0.279570 0.646497 0.283154 0.646497 0.286738 0.649682 0.286738 0.656051 0.293907 0.668790 0.293907 0.671975 0.290323 0.671975 0.283154 0.659236 0.268817 0.656051 0.268817 0.652866 0.265233
0 0.535032 0.268817 0.531847 0.272401 0.531847 0.286738 0.538217 0.286738 0.541401 0.290323 0.544586 0.286738 0.547771 0.286738 0.547771 0.279570 0.550955 0.275986 0.544586 0.268817
0 0.840764 0.272401 0.840764 0.286738 0.843949 0.290323 0.850318 0.290323 0.859873 0.297491 0.872611 0.297491 0.875796 0.293907 0.875796 0.279570 0.869427 0.272401 0.856688 0.272401 0.853503 0.268817 0.843949 0.268817
0 0.363057 0.275986 0.359873 0.279570 0.359873 0.290323 0.363057 0.293907 0.366242 0.293907 0.369427 0.297491 0.378981 0.297491 0.382166 0.293907 0.382166 0.286738 0.378981 0.283154 0.378981 0.279570 0.375796 0.279570 0.372611 0.275986
0 0.808917 0.283154 0.805732 0.283154 0.802548 0.279570 0.799363 0.283154 0.792994 0.283154 0.792994 0.286738 0.789809 0.290323 0.789809 0.301075 0.792994 0.304659 0.805732 0.304659 0.808917 0.301075 0.808917 0.297491 0.812102 0.293907 0.812102 0.290323 0.808917 0.286738
0 0.191083 0.290323 0.194268 0.293907 0.194268 0.297491 0.200637 0.304659 0.216561 0.304659 0.219745 0.301075 0.222930 0.301075 0.222930 0.297491 0.226115 0.293907 0.226115 0.290323 0.219745 0.283154 0.197452 0.283154
0 0.423567 0.290323 0.423567 0.293907 0.420382 0.297491 0.423567 0.301075 0.423567 0.304659 0.429936 0.311828 0.433121 0.311828 0.436306 0.315412 0.442675 0.315412 0.449045 0.308244 0.449045 0.301075 0.439490 0.290323 0.433121 0.290323 0.429936 0.286738 0.426752 0.290323
0 0.745223 0.286738 0.738854 0.286738 0.735669 0.290323 0.732484 0.290323 0.729299 0.293907 0.729299 0.308244 0.735669 0.315412 0.738854 0.315412 0.742038 0.311828 0.745223 0.311828 0.751592 0.304659 0.751592 0.293907
0 0.038217 0.290323 0.035032 0.293907 0.035032 0.304659 0.038217 0.308244 0.038217 0.311828 0.047771 0.322581 0.054140 0.322581 0.057325 0.318996 0.057325 0.301075 0.047771 0.290323
0 0.560510 0.311828 0.547771 0.311828 0.541401 0.318996 0.541401 0.329749 0.544586 0.329749 0.547771 0.333333 0.550955 0.333333 0.554140 0.329749 0.557325 0.329749 0.560510 0.326165 0.560510 0.318996 0.563694 0.315412
0 0.242038 0.318996 0.242038 0.322581 0.245223 0.326165 0.248408 0.326165 0.251592 0.329749 0.264331 0.329749 0.264331 0.322581 0.257962 0.315412 0.245223 0.315412
0 0.649682 0.315412 0.649682 0.322581 0.652866 0.326165 0.652866 0.329749 0.662420 0.329749 0.668790 0.336918 0.668790 0.344086 0.671975 0.347670 0.675159 0.347670 0.684713 0.336918 0.684713 0.322581 0.681529 0.318996 0.681529 0.315412 0.671975 0.315412 0.668790 0.318996 0.665605 0.318996 0.662420 0.315412
0 0.808917 0.326165 0.802548 0.333333 0.802548 0.344086 0.805732 0.347670 0.805732 0.351254 0.808917 0.354839 0.815287 0.354839 0.821656 0.347670 0.821656 0.333333 0.815287 0.326165
0 0.194268 0.329749 0.187898 0.336918 0.187898 0.347670 0.191083 0.351254 0.191083 0.354839 0.200637 0.354839 0.200637 0.340502 0.203822 0.336918 0.203822 0.333333 0.200637 0.329749
0 0.394904 0.333333 0.394904 0.340502 0.407643 0.354839 0.420382 0.354839 0.420382 0.351254 0.417197 0.347670 0.417197 0.344086 0.410828 0.336918 0.410828 0.333333 0.407643 0.333333 0.404459 0.329749 0.398089 0.329749
0 0.780255 0.340502 0.773885 0.347670 0.773885 0.358423 0.777070 0.362007 0.777070 0.365591 0.780255 0.369176 0.789809 0.369176 0.796178 0.362007 0.796178 0.354839 0.792994 0.351254 0.792994 0.347670 0.789809 0.344086 0.786624 0.344086 0.783439 0.340502
0 0.076433 0.344086 0.070064 0.351254 0.070064 0.365591 0.073248 0.369176 0.073248 0.372760 0.085987 0.387097 0.089172 0.387097 0.089172 0.383513 0.092357 0.379928 0.092357 0.372760 0.095541 0.369176 0.095541 0.358423 0.092357 0.354839 0.092357 0.347670 0.089172 0.347670 0.085987 0.344086
0 0.509554 0.347670 0.509554 0.351254 0.506369 0.354839 0.506369 0.365591 0.509554 0.369176 0.515924 0.369176 0.519108 0.365591 0.519108 0.351254 0.515924 0.347670
0 0.035032 0.351254 0.035032 0.362007 0.041401 0.369176 0.044586 0.369176 0.047771 0.365591 0.047771 0.362007 0.044586 0.358423 0.044586 0.354839 0.041401 0.351254
0 0.691083 0.351254 0.684713 0.358423 0.684713 0.372760 0.691083 0.379928 0.700637 0.379928 0.707006 0.372760 0.707006 0.369176 0.710191 0.365591 0.710191 0.362007 0.707006 0.358423 0.707006 0.354839 0.703822 0.351254
0 0.168790 0.354839 0.165605 0.358423 0.165605 0.369176 0.162420 0.372760 0.168790 0.379928 0.175159 0.379928 0.181529 0.372760 0.181529 0.365591 0.171975 0.354839
0 0.388535 0.362007 0.385350 0.365591 0.385350 0.379928 0.388535 0.383513 0.391720 0.383513 0.394904 0.387097 0.398089 0.387097 0.401274 0.383513 0.404459 0.383513 0.404459 0.379928 0.407643 0.376344 0.407643 0.372760 0.404459 0.369176 0.404459 0.365591 0.401274 0.362007
0 0.812102 0.365591 0.808917 0.369176 0.805732 0.369176 0.805732 0.372760 0.802548 0.376344 0.802548 0.379928 0.805732 0.383513 0.808917 0.383513 0.812102 0.387097 0.815287 0.387097 0.818471 0.383513 0.821656 0.383513 0.821656 0.372760 0.818471 0.369176 0.815287 0.369176
0 0.047771 0.369176 0.044586 0.372760 0.044586 0.387097 0.050955 0.394265 0.060510 0.394265 0.063694 0.397849 0.066879 0.394265 0.063694 0.390681 0.063694 0.387097 0.060510 0.383513 0.057325 0.383513 0.050955 0.376344 0.050955 0.372760
0 0.891720 0.369176 0.882166 0.379928 0.882166 0.387097 0.891720 0.397849 0.907643 0.397849 0.907643 0.394265 0.910828 0.390681
0 0.729299 0.376344 0.722930 0.376344 0.719745 0.379928 0.716561 0.379928 0.713376 0.383513 0.713376 0.394265 0.716561 0.397849 0.719745 0.397849 0.722930 0.401434 0.726115 0.397849 0.729299 0.397849 0.732484 0.394265 0.735669 0.394265 0.735669 0.383513
0 0.525478 0.379928 0.519108 0.387097 0.519108 0.401434 0.522293 0.405018 0.535032 0.405018 0.538217 0.401434 0.538217 0.383513 0.535032 0.379928
0 0.003185 0.383513 0.000000 0.387097 0.000000 0.408602 0.003185 0.412186 0.012739 0.412186 0.015924 0.408602 0.015924 0.390681 0.012739 0.387097 0.009554 0.387097 0.006369 0.383513
0 0.156051 0.394265 0.149682 0.405018 0.149682 0.412186 0.152866 0.415771 0.152866 0.422939 0.156051 0.426523 0.168790 0.426523 0.171975 0.422939 0.171975 0.415771 0.175159 0.412186 0.171975 0.408602 0.171975 0.401434 0.165605 0.394265
0 0.557325 0.394265 0.550955 0.394265 0.544586 0.401434 0.544586 0.412186 0.541401 0.415771 0.541401 0.426523 0.544586 0.430108 0.550955 0.430108 0.550955 0.426523 0.554140 0.422939 0.554140 0.419355 0.557325 0.415771 0.557325 0.412186 0.560510 0.408602 0.560510 0.397849
0 0.464968 0.401434 0.458599 0.408602 0.458599 0.415771 0.464968 0.422939 0.474522 0.422939 0.477707 0.419355 0.477707 0.415771 0.480892 0.412186 0.480892 0.408602 0.474522 0.401434
0 0.748408 0.401434 0.745223 0.405018 0.745223 0.419355 0.748408 0.422939 0.748408 0.426523 0.754777 0.426523 0.757962 0.422939 0.757962 0.419355 0.761146 0.415771 0.757962 0.412186 0.757962 0.408602 0.754777 0.405018 0.754777 0.401434
0 0.035032 0.405018 0.031847 0.408602 0.031847 0.422939 0.044586 0.422939 0.047771 0.419355 0.047771 0.412186 0.044586 0.408602 0.044586 0.405018
0 0.707006 0.419355 0.707006 0.426523 0.710191 0.426523 0.716561 0.433692 0.719745 0.433692 0.722930 0.437276 0.726115 0.437276 0.732484 0.430108 0.732484 0.419355 0.726115 0.412186 0.719745 0.412186 0.716561 0.415771 0.713376 0.415771 0.710191 0.419355
0 0.187898 0.419355 0.187898 0.433692 0.194268 0.440860 0.197452 0.440860 0.200637 0.444444 0.203822 0.440860 0.207006 0.440860 0.216561 0.430108 0.213376 0.426523 0.213376 0.422939 0.210191 0.419355 0.207006 0.419355 0.203822 0.415771 0.191083 0.415771
0 0.404459 0.419355 0.401274 0.419355 0.398089 0.422939 0.394904 0.422939 0.391720 0.426523 0.391720 0.433692 0.388535 0.437276 0.391720 0.440860 0.391720 0.448029 0.398089 0.455197 0.404459 0.455197 0.414013 0.444444 0.414013 0.426523
0 0.856688 0.426523 0.856688 0.433692 0.863057 0.440860 0.866242 0.440860 0.869427 0.444444 0.872611 0.440860 0.878981 0.440860 0.882166 0.437276 0.882166 0.426523 0.875796 0.419355 0.863057 0.419355
0 0.703822 0.422939 0.697452 0.422939 0.691083 0.430108 0.691083 0.448029 0.694268 0.451613 0.700637 0.451613 0.703822 0.448029 0.707006 0.448029 0.707006 0.433692 0.703822 0.430108
0 0.904459 0.430108 0.894904 0.433692 0.891720 0.437276 0.888535 0.448029 0.882166 0.455197 0.875796 0.455197 0.875796 0.465950 0.878981 0.469534 0.882166 0.465950 0.885350 0.465950 0.885350 0.462366 0.894904 0.451613 0.901274 0.451613 0.907643 0.444444 0.907643 0.433692
0 0.095541 0.433692 0.092357 0.437276 0.092357 0.440860 0.089172 0.444444 0.089172 0.448029 0.085987 0.451613 0.085987 0.455197 0.082803 0.458781 0.092357 0.458781 0.098726 0.451613 0.098726 0.437276
0 0.783439 0.433692 0.777070 0.444444 0.780255 0.448029 0.780255 0.458781 0.786624 0.465950 0.792994 0.465950 0.799363 0.458781 0.799363 0.455197 0.802548 0.451613 0.802548 0.444444 0.796178 0.433692
0 0.270701 0.440860 0.257962 0.440860 0.245223 0.455197 0.245223 0.476703 0.248408 0.480287 0.261146 0.480287 0.261146 0.476703 0.270701 0.465950 0.270701 0.455197 0.273885 0.451613
0 0.847134 0.444444 0.837580 0.444444 0.834395 0.448029 0.831210 0.448029 0.831210 0.451613 0.828025 0.455197 0.828025 0.465950 0.831210 0.469534 0.831210 0.473118 0.843949 0.473118 0.853503 0.462366 0.853503 0.455197 0.850318 0.451613 0.850318 0.448029
0 0.461783 0.448029 0.458599 0.451613 0.458599 0.469534 0.464968 0.476703 0.468153 0.476703 0.471338 0.480287 0.474522 0.480287 0.477707 0.476703 0.480892 0.476703 0.484076 0.473118 0.484076 0.462366 0.480892 0.458781 0.480892 0.455197 0.471338 0.448029
0 0.531847 0.448029 0.525478 0.455197 0.519108 0.455197 0.515924 0.451613 0.506369 0.451613 0.506369 0.469534 0.512739 0.476703 0.519108 0.476703 0.522293 0.480287 0.531847 0.476703 0.531847 0.473118 0.535032 0.469534 0.535032 0.465950 0.531847 0.462366
0 0.563694 0.451613 0.557325 0.451613 0.550955 0.458781 0.550955 0.480287 0.554140 0.483871 0.560510 0.483871 0.566879 0.476703 0.566879 0.473118 0.570064 0.469534 0.570064 0.462366 0.573248 0.458781 0.570064 0.455197 0.566879 0.455197
0 0.015924 0.462366 0.009554 0.469534 0.009554 0.483871 0.012739 0.487455 0.022293 0.487455 0.025478 0.483871 0.025478 0.480287 0.028662 0.476703 0.028662 0.465950 0.025478 0.462366
0 0.092357 0.473118 0.092357 0.491039 0.095541 0.494624 0.095541 0.501792 0.098726 0.505376 0.108280 0.505376 0.114650 0.498208 0.111465 0.494624 0.111465 0.491039 0.108280 0.487455 0.108280 0.480287 0.101911 0.473118
0 0.710191 0.480287 0.710191 0.487455 0.716561 0.494624 0.719745 0.494624 0.722930 0.498208 0.735669 0.498208 0.735669 0.491039 0.738854 0.487455 0.729299 0.476703 0.726115 0.476703 0.722930 0.473118 0.719745 0.473118 0.716561 0.476703 0.713376 0.476703
0 0.866242 0.476703 0.856688 0.476703 0.853503 0.480287 0.853503 0.483871 0.850318 0.487455 0.850318 0.498208 0.853503 0.498208 0.856688 0.501792 0.859873 0.498208 0.863057 0.498208 0.863057 0.494624 0.866242 0.491039 0.866242 0.487455 0.869427 0.483871 0.866242 0.480287
0 0.576433 0.487455 0.576433 0.491039 0.573248 0.494624 0.573248 0.498208 0.576433 0.501792 0.576433 0.505376 0.579618 0.508961 0.595541 0.508961 0.595541 0.494624 0.585987 0.483871 0.582803 0.483871 0.579618 0.487455
0 0.773885 0.494624 0.773885 0.501792 0.786624 0.501792 0.789809 0.505376 0.796178 0.505376 0.796178 0.494624 0.786624 0.494624 0.783439 0.491039 0.777070 0.491039
0 0.162420 0.498208 0.162420 0.501792 0.159236 0.505376 0.159236 0.512545 0.168790 0.523297 0.178344 0.523297 0.184713 0.516129 0.184713 0.501792 0.178344 0.494624 0.168790 0.494624 0.165605 0.498208
0 0.687898 0.494624 0.684713 0.498208 0.684713 0.508961 0.691083 0.516129 0.694268 0.516129 0.697452 0.519713 0.707006 0.519713 0.707006 0.508961 0.703822 0.505376 0.703822 0.501792 0.697452 0.494624
0 0.503185 0.498208 0.503185 0.512545 0.509554 0.519713 0.525478 0.519713 0.525478 0.516129 0.528662 0.512545 0.528662 0.508961 0.522293 0.501792 0.519108 0.501792 0.515924 0.498208
0 0.347134 0.501792 0.337580 0.516129 0.337580 0.559140 0.340764 0.562724 0.343949 0.580645 0.353503 0.591398 0.359873 0.591398 0.359873 0.580645 0.366242 0.569892 0.366242 0.526882 0.356688 0.505376
0 0.812102 0.505376 0.808917 0.508961 0.808917 0.523297 0.815287 0.530466 0.828025 0.530466 0.834395 0.523297 0.834395 0.512545 0.828025 0.505376 0.821656 0.505376 0.818471 0.501792 0.815287 0.505376
0 0.777070 0.519713 0.773885 0.523297 0.773885 0.537634 0.777070 0.541219 0.792994 0.541219 0.796178 0.537634 0.796178 0.534050 0.799363 0.530466 0.799363 0.526882 0.796178 0.523297 0.796178 0.519713 0.792994 0.519713 0.789809 0.516129 0.783439 0.516129 0.780255 0.519713
0 0.722930 0.519713 0.722930 0.537634 0.729299 0.544803 0.735669 0.544803 0.742038 0.537634 0.745223 0.537634 0.745223 0.534050 0.748408 0.530466 0.745223 0.526882 0.745223 0.523297 0.742038 0.519713
0 0.455414 0.523297 0.445860 0.523297 0.436306 0.534050 0.433121 0.534050 0.433121 0.544803 0.436306 0.544803 0.439490 0.548387 0.442675 0.544803 0.445860 0.548387 0.452229 0.548387 0.455414 0.544803 0.458599 0.544803 0.458599 0.526882
0 0.888535 0.530466 0.888535 0.534050 0.885350 0.537634 0.885350 0.541219 0.888535 0.544803 0.888535 0.551971 0.891720 0.555556 0.901274 0.555556 0.904459 0.551971 0.904459 0.534050 0.898089 0.534050 0.894904 0.530466
0 0.684713 0.541219 0.687898 0.544803 0.687898 0.548387 0.691083 0.551971 0.694268 0.551971 0.700637 0.559140 0.710191 0.559140 0.713376 0.555556 0.713376 0.548387 0.710191 0.544803 0.710191 0.541219 0.707006 0.537634 0.687898 0.537634
0 0.168790 0.541219 0.152866 0.541219 0.146497 0.548387 0.146497 0.562724 0.149682 0.566308 0.152866 0.566308 0.156051 0.569892 0.159236 0.569892 0.162420 0.566308 0.165605 0.566308 0.171975 0.559140 0.171975 0.548387 0.168790 0.544803
0 0.837580 0.541219 0.834395 0.544803 0.834395 0.559140 0.843949 0.569892 0.847134 0.569892 0.850318 0.566308 0.856688 0.566308 0.856688 0.562724 0.859873 0.559140 0.859873 0.555556 0.856688 0.551971 0.856688 0.548387 0.850318 0.541219
0 0.200637 0.544803 0.197452 0.548387 0.197452 0.551971 0.194268 0.555556 0.194268 0.559140 0.197452 0.559140 0.200637 0.562724 0.207006 0.562724 0.210191 0.559140 0.210191 0.544803
0 0.487261 0.551971 0.487261 0.559140 0.490446 0.562724 0.493631 0.562724 0.496815 0.566308 0.500000 0.566308 0.503185 0.562724 0.506369 0.562724 0.506369 0.559140 0.509554 0.555556 0.506369 0.551971 0.506369 0.548387 0.503185 0.544803 0.493631 0.544803
0 0.566879 0.548387 0.563694 0.551971 0.563694 0.569892 0.566879 0.573477 0.566879 0.577061 0.579618 0.591398 0.582803 0.591398 0.589172 0.584229 0.589172 0.577061 0.592357 0.573477 0.589172 0.569892 0.589172 0.562724 0.585987 0.559140 0.585987 0.555556 0.579618 0.548387
0 0.799363 0.551971 0.792994 0.559140 0.792994 0.562724 0.799363 0.569892 0.808917 0.569892 0.812102 0.573477 0.815287 0.569892 0.818471 0.569892 0.821656 0.566308 0.821656 0.555556 0.818471 0.551971 0.815287 0.551971 0.812102 0.548387 0.808917 0.548387 0.805732 0.551971
0 0.751592 0.551971 0.748408 0.555556 0.745223 0.555556 0.742038 0.559140 0.742038 0.569892 0.745223 0.573477 0.745223 0.577061 0.751592 0.584229 0.754777 0.584229 0.757962 0.580645 0.761146 0.580645 0.761146 0.577061 0.764331 0.573477 0.764331 0.566308 0.761146 0.562724 0.761146 0.559140 0.754777 0.551971
0 0.047771 0.566308 0.047771 0.569892 0.057325 0.580645 0.063694 0.580645 0.066879 0.584229 0.070064 0.584229 0.073248 0.580645 0.076433 0.580645 0.076433 0.577061 0.079618 0.573477 0.079618 0.566308 0.076433 0.562724 0.076433 0.559140 0.070064 0.559140 0.066879 0.555556 0.060510 0.555556 0.057325 0.559140 0.054140 0.559140
0 0.398089 0.562724 0.391720 0.562724 0.388535 0.566308 0.385350 0.566308 0.385350 0.569892 0.378981 0.580645 0.378981 0.598566 0.382166 0.602151 0.385350 0.602151 0.394904 0.591398 0.394904 0.587814 0.398089 0.584229
0 0.098726 0.566308 0.092357 0.573477 0.092357 0.580645 0.095541 0.584229 0.095541 0.587814 0.105096 0.587814 0.108280 0.584229 0.108280 0.573477 0.101911 0.566308
0 0.847134 0.573477 0.847134 0.584229 0.850318 0.587814 0.850318 0.591398 0.853503 0.594982 0.863057 0.594982 0.866242 0.591398 0.869427 0.591398 0.869427 0.587814 0.866242 0.584229 0.866242 0.580645 0.856688 0.569892 0.850318 0.569892
0 0.789809 0.580645 0.783439 0.587814 0.783439 0.591398 0.786624 0.594982 0.786624 0.598566 0.789809 0.602151 0.789809 0.605735 0.799363 0.612903 0.802548 0.612903 0.805732 0.609319 0.808917 0.609319 0.808917 0.591398 0.805732 0.587814 0.802548 0.587814 0.799363 0.584229 0.796178 0.584229 0.792994 0.580645
0 0.143312 0.602151 0.146497 0.605735 0.156051 0.605735 0.171975 0.616487 0.178344 0.616487 0.184713 0.605735 0.184713 0.598566 0.187898 0.594982 0.194268 0.594982 0.194268 0.591398 0.191083 0.591398 0.187898 0.594982 0.184713 0.591398 0.181529 0.594982 0.168790 0.584229 0.162420 0.584229 0.159236 0.587814 0.143312 0.594982
0 0.031847 0.587814 0.025478 0.587814 0.022293 0.591398 0.019108 0.591398 0.012739 0.598566 0.012739 0.612903 0.015924 0.616487 0.025478 0.616487 0.028662 0.612903 0.031847 0.612903 0.035032 0.609319 0.035032 0.602151 0.038217 0.598566 0.038217 0.594982
0 0.828025 0.587814 0.821656 0.594982 0.821656 0.605735 0.824841 0.609319 0.824841 0.612903 0.834395 0.612903 0.837580 0.609319 0.837580 0.594982 0.831210 0.587814
0 0.089172 0.594982 0.079618 0.594982 0.076433 0.591398 0.073248 0.591398 0.066879 0.598566 0.066879 0.612903 0.070064 0.616487 0.073248 0.616487 0.076433 0.620072 0.079618 0.616487 0.085987 0.616487 0.092357 0.609319 0.092357 0.598566
0 0.675159 0.594982 0.675159 0.602151 0.678344 0.605735 0.678344 0.609319 0.684713 0.616487 0.697452 0.616487 0.703822 0.609319 0.703822 0.605735 0.700637 0.602151 0.700637 0.598566 0.694268 0.591398 0.678344 0.591398
0 0.761146 0.598566 0.757962 0.602151 0.757962 0.612903 0.761146 0.616487 0.770701 0.616487 0.773885 0.620072 0.777070 0.616487 0.780255 0.616487 0.780255 0.602151 0.777070 0.598566 0.773885 0.598566 0.770701 0.594982 0.767516 0.598566
0 0.417197 0.598566 0.410828 0.609319 0.410828 0.616487 0.414013 0.620072 0.414013 0.623656 0.420382 0.630824 0.433121 0.630824 0.439490 0.623656 0.439490 0.609319 0.433121 0.602151 0.429936 0.602151 0.426752 0.598566
0 0.500000 0.602151 0.493631 0.609319 0.493631 0.616487 0.490446 0.620072 0.490446 0.623656 0.493631 0.627240 0.493631 0.634409 0.496815 0.637993 0.496815 0.641577 0.506369 0.641577 0.512739 0.630824 0.512739 0.616487 0.509554 0.612903 0.509554 0.605735 0.506369 0.605735 0.503185 0.602151
0 0.047771 0.612903 0.038217 0.612903 0.031847 0.620072 0.031847 0.627240 0.028662 0.630824 0.028662 0.637993 0.031847 0.641577 0.041401 0.641577 0.044586 0.637993 0.047771 0.637993 0.054140 0.630824 0.054140 0.620072
0 0.458599 0.616487 0.455414 0.620072 0.455414 0.637993 0.461783 0.645161 0.464968 0.645161 0.468153 0.648746 0.471338 0.645161 0.474522 0.645161 0.477707 0.641577 0.477707 0.627240 0.474522 0.623656 0.474522 0.620072 0.471338 0.616487
0 0.140127 0.623656 0.140127 0.634409 0.143312 0.637993 0.143312 0.641577 0.146497 0.645161 0.156051 0.645161 0.159236 0.641577 0.159236 0.630824 0.152866 0.623656 0.149682 0.623656 0.146497 0.620072 0.143312 0.623656
0 0.662420 0.620072 0.659236 0.623656 0.659236 0.630824 0.662420 0.634409 0.662420 0.641577 0.665605 0.645161 0.675159 0.645161 0.678344 0.641577 0.678344 0.627240 0.675159 0.623656 0.671975 0.623656 0.668790 0.620072
0 0.726115 0.630824 0.726115 0.641577 0.729299 0.645161 0.729299 0.648746 0.738854 0.655914 0.742038 0.655914 0.745223 0.652330 0.754777 0.652330 0.761146 0.641577 0.761146 0.637993 0.751592 0.627240 0.748408 0.627240 0.745223 0.623656 0.735669 0.623656
0 0.783439 0.627240 0.777070 0.634409 0.777070 0.645161 0.780255 0.648746 0.780255 0.652330 0.786624 0.659498 0.789809 0.659498 0.792994 0.663082 0.796178 0.663082 0.799363 0.659498 0.805732 0.659498 0.812102 0.652330 0.812102 0.645161 0.799363 0.630824 0.796178 0.630824 0.792994 0.627240
0 0.859873 0.634409 0.859873 0.637993 0.863057 0.641577 0.863057 0.645161 0.869427 0.652330 0.885350 0.652330 0.888535 0.648746 0.888535 0.637993 0.878981 0.627240 0.866242 0.627240
0 0.076433 0.634409 0.076433 0.648746 0.082803 0.659498 0.085987 0.659498 0.092357 0.666667 0.098726 0.666667 0.101911 0.670251 0.105096 0.666667 0.108280 0.666667 0.108280 0.663082 0.111465 0.659498 0.108280 0.655914 0.108280 0.648746 0.095541 0.634409 0.089172 0.634409 0.085987 0.630824 0.082803 0.634409
0 0.210191 0.637993 0.207006 0.637993 0.203822 0.641577 0.200637 0.641577 0.194268 0.648746 0.194268 0.652330 0.191083 0.655914 0.191083 0.659498 0.200637 0.670251 0.210191 0.670251 0.222930 0.655914 0.222930 0.648746 0.216561 0.641577 0.213376 0.641577
0 0.117834 0.641577 0.117834 0.645161 0.114650 0.648746 0.114650 0.663082 0.117834 0.666667 0.127389 0.666667 0.133758 0.659498 0.133758 0.655914 0.130573 0.652330 0.130573 0.645161 0.127389 0.641577
0 0.834395 0.648746 0.831210 0.652330 0.831210 0.659498 0.828025 0.663082 0.828025 0.666667 0.837580 0.677419 0.847134 0.677419 0.850318 0.673835 0.853503 0.673835 0.856688 0.670251 0.856688 0.659498 0.847134 0.648746
0 0.050955 0.652330 0.044586 0.663082 0.044586 0.677419 0.050955 0.684588 0.063694 0.684588 0.070064 0.673835 0.070064 0.663082 0.063694 0.652330
0 0.601911 0.663082 0.601911 0.666667 0.598726 0.670251 0.598726 0.677419 0.601911 0.681004 0.601911 0.684588 0.611465 0.695341 0.621019 0.695341 0.630573 0.688172 0.630573 0.684588 0.633758 0.681004 0.630573 0.677419 0.630573 0.673835 0.624204 0.666667 0.621019 0.666667 0.611465 0.659498
0 0.691083 0.670251 0.691083 0.681004 0.694268 0.684588 0.694268 0.688172 0.700637 0.695341 0.703822 0.695341 0.707006 0.698925 0.713376 0.698925 0.716561 0.695341 0.716561 0.677419 0.713376 0.673835 0.713376 0.670251 0.710191 0.670251 0.707006 0.666667 0.697452 0.666667 0.694268 0.670251
0 0.665605 0.670251 0.662420 0.670251 0.659236 0.673835 0.659236 0.681004 0.656051 0.684588 0.656051 0.691756 0.662420 0.698925 0.665605 0.695341 0.668790 0.695341 0.671975 0.691756 0.671975 0.677419
0 0.171975 0.677419 0.171975 0.684588 0.175159 0.688172 0.175159 0.691756 0.178344 0.691756 0.181529 0.695341 0.191083 0.695341 0.197452 0.688172 0.194268 0.684588 0.194268 0.677419 0.191083 0.677419 0.187898 0.673835 0.175159 0.673835
0 0.474522 0.684588 0.474522 0.702509 0.477707 0.706093 0.484076 0.706093 0.487261 0.709677 0.493631 0.709677 0.496815 0.706093 0.506369 0.702509 0.506369 0.698925 0.509554 0.695341 0.506369 0.684588 0.496815 0.673835 0.484076 0.673835
0 0.732484 0.688172 0.732484 0.695341 0.735669 0.698925 0.735669 0.702509 0.738854 0.702509 0.742038 0.706093 0.748408 0.706093 0.751592 0.702509 0.754777 0.702509 0.761146 0.695341 0.761146 0.684588 0.757962 0.684588 0.754777 0.681004 0.738854 0.681004
0 0.792994 0.706093 0.802548 0.720430 0.805732 0.720430 0.808917 0.724014 0.821656 0.724014 0.824841 0.720430 0.834395 0.716846 0.837580 0.698925 0.834395 0.695341 0.834395 0.691756 0.831210 0.691756 0.821656 0.684588 0.805732 0.684588 0.799363 0.691756 0.799363 0.695341
0 0.060510 0.691756 0.060510 0.709677 0.063694 0.713262 0.079618 0.713262 0.089172 0.702509 0.089172 0.698925 0.082803 0.688172 0.066879 0.688172 0.063694 0.691756
0 0.525478 0.702509 0.522293 0.706093 0.522293 0.724014 0.528662 0.731183 0.531847 0.731183 0.535032 0.727599 0.535032 0.706093 0.531847 0.702509
0 0.143312 0.706093 0.133758 0.713262 0.133758 0.727599 0.136943 0.731183 0.136943 0.734767 0.143312 0.745520 0.156051 0.745520 0.156051 0.738351 0.159236 0.734767 0.159236 0.727599 0.156051 0.724014 0.156051 0.716846 0.149682 0.709677 0.146497 0.709677
0 0.554140 0.706093 0.547771 0.713262 0.547771 0.724014 0.550955 0.727599 0.550955 0.731183 0.557325 0.738351 0.570064 0.738351 0.573248 0.741935 0.576433 0.738351 0.576433 0.731183 0.573248 0.727599 0.573248 0.716846 0.570064 0.713262 0.570064 0.709677 0.566879 0.706093
0 0.678344 0.713262 0.671975 0.720430 0.671975 0.738351 0.684713 0.759857 0.697452 0.759857 0.700637 0.756272 0.700637 0.749104 0.703822 0.745520 0.703822 0.727599 0.687898 0.713262
0 0.643312 0.716846 0.633758 0.716846 0.630573 0.720430 0.630573 0.734767 0.633758 0.738351 0.636943 0.738351 0.640127 0.734767 0.643312 0.734767
0 0.608280 0.720430 0.601911 0.731183 0.601911 0.734767 0.605096 0.738351 0.605096 0.741935 0.611465 0.749104 0.624204 0.749104 0.630573 0.741935 0.630573 0.738351 0.627389 0.734767 0.627389 0.727599 0.621019 0.727599 0.617834 0.724014 0.611465 0.724014
0 0.079618 0.727599 0.076433 0.727599 0.073248 0.731183 0.066879 0.731183 0.066879 0.734767 0.060510 0.745520 0.060510 0.763441 0.066879 0.770609 0.070064 0.770609 0.073248 0.767025 0.073248 0.763441 0.079618 0.756272 0.079618 0.752688 0.082803 0.749104 0.082803 0.741935 0.085987 0.738351 0.085987 0.734767
0 0.318471 0.745520 0.318471 0.756272 0.321656 0.759857 0.321656 0.763441 0.324841 0.763441 0.328025 0.767025 0.334395 0.767025 0.337580 0.770609 0.340764 0.767025 0.343949 0.767025 0.350318 0.756272 0.347134 0.752688 0.347134 0.749104 0.340764 0.741935 0.321656 0.741935
0 0.105096 0.745520 0.101911 0.749104 0.098726 0.749104 0.098726 0.752688 0.095541 0.756272 0.095541 0.767025 0.098726 0.770609 0.101911 0.781362 0.108280 0.788530 0.108280 0.792115 0.111465 0.795699 0.121019 0.795699 0.121019 0.781362 0.117834 0.777778 0.117834 0.774194 0.121019 0.770609 0.121019 0.759857 0.114650 0.749104
0 0.761146 0.759857 0.761146 0.763441 0.757962 0.767025 0.757962 0.774194 0.767516 0.784946 0.780255 0.784946 0.780255 0.767025 0.777070 0.763441 0.777070 0.759857 0.773885 0.759857 0.770701 0.756272 0.767516 0.756272 0.764331 0.759857
0 0.659236 0.759857 0.656051 0.763441 0.656051 0.767025 0.652866 0.770609 0.656051 0.774194 0.656051 0.784946 0.659236 0.788530 0.665605 0.788530 0.668790 0.784946 0.671975 0.784946 0.671975 0.781362 0.675159 0.777778 0.675159 0.774194 0.662420 0.759857
0 0.410828 0.763441 0.407643 0.767025 0.407643 0.781362 0.410828 0.784946 0.417197 0.784946 0.420382 0.781362 0.420382 0.763441
0 0.468153 0.770609 0.468153 0.784946 0.471338 0.788530 0.490446 0.788530 0.496815 0.781362 0.496815 0.770609 0.487261 0.763441 0.477707 0.763441
0 0.089172 0.770609 0.082803 0.777778 0.082803 0.781362 0.079618 0.784946 0.079618 0.795699 0.085987 0.802867 0.098726 0.802867 0.101911 0.799283 0.101911 0.795699 0.105096 0.792115 0.105096 0.788530 0.098726 0.781362 0.098726 0.777778 0.095541 0.774194 0.095541 0.770609
0 0.560510 0.777778 0.547771 0.777778 0.541401 0.784946 0.541401 0.788530 0.538217 0.792115 0.538217 0.802867 0.541401 0.806452 0.541401 0.810036 0.541401 0.806452 0.544586 0.802867 0.550955 0.802867 0.554140 0.799283 0.557325 0.799283 0.557325 0.795699 0.560510 0.792115
0 0.035032 0.792115 0.031847 0.795699 0.031847 0.802867 0.035032 0.806452 0.038217 0.806452 0.041401 0.802867 0.041401 0.795699 0.038217 0.792115
0 0.394904 0.802867 0.388535 0.795699 0.378981 0.795699 0.375796 0.799283 0.372611 0.799283 0.366242 0.806452 0.366242 0.810036 0.363057 0.813620 0.363057 0.824373 0.366242 0.827957 0.382166 0.827957 0.391720 0.817204 0.391720 0.813620 0.394904 0.810036 0.391720 0.806452
0 0.436306 0.799283 0.429936 0.799283 0.420382 0.810036 0.420382 0.817204 0.417197 0.820789 0.417197 0.824373 0.420382 0.827957 0.420382 0.831541 0.426752 0.838710 0.429936 0.838710 0.439490 0.827957 0.439490 0.817204 0.442675 0.813620 0.442675 0.802867 0.439490 0.802867
0 0.748408 0.802867 0.748408 0.806452 0.742038 0.817204 0.742038 0.835125 0.745223 0.838710 0.745223 0.842294 0.761146 0.842294 0.767516 0.831541 0.767516 0.827957 0.764331 0.824373 0.764331 0.817204 0.757962 0.806452
0 0.792994 0.802867 0.789809 0.813620 0.783439 0.820789 0.783439 0.835125 0.789809 0.853047 0.812102 0.870968 0.837580 0.867384 0.850318 0.853047 0.850318 0.842294 0.828025 0.820789
0 0.595541 0.806452 0.589172 0.813620 0.589172 0.827957 0.592357 0.831541 0.592357 0.838710 0.598726 0.845878 0.601911 0.845878 0.605096 0.849462 0.614650 0.849462 0.617834 0.845878 0.617834 0.824373 0.608280 0.806452
0 0.124204 0.813620 0.121019 0.810036 0.111465 0.810036 0.108280 0.813620 0.101911 0.813620 0.098726 0.817204 0.098726 0.824373 0.101911 0.827957 0.121019 0.827957 0.124204 0.824373
0 0.394904 0.813620 0.394904 0.817204 0.385350 0.827957 0.388535 0.831541 0.388535 0.835125 0.385350 0.838710 0.385350 0.845878 0.391720 0.856631 0.404459 0.856631 0.410828 0.845878 0.410828 0.831541 0.407643 0.827957 0.407643 0.824373 0.401274 0.817204 0.398089 0.817204
0 0.022293 0.820789 0.019108 0.824373 0.019108 0.835125 0.022293 0.838710 0.022293 0.842294 0.025478 0.842294 0.028662 0.845878 0.031847 0.842294 0.035032 0.842294 0.038217 0.838710 0.038217 0.827957 0.035032 0.824373 0.031847 0.824373 0.028662 0.820789
0 0.312102 0.824373 0.305732 0.831541 0.305732 0.849462 0.308917 0.853047 0.308917 0.856631 0.312102 0.856631 0.315287 0.860215 0.318471 0.860215 0.321656 0.856631 0.328025 0.856631 0.331210 0.853047 0.331210 0.838710 0.324841 0.831541 0.324841 0.827957 0.321656 0.824373
0 0.700637 0.824373 0.687898 0.824373 0.678344 0.835125 0.678344 0.849462 0.681529 0.853047 0.684713 0.853047 0.687898 0.856631 0.691083 0.856631 0.694268 0.853047 0.697452 0.853047 0.703822 0.845878 0.703822 0.827957
0 0.863057 0.831541 0.863057 0.842294 0.872611 0.853047 0.878981 0.853047 0.882166 0.849462 0.885350 0.849462 0.894904 0.838710 0.894904 0.827957 0.891720 0.824373 0.869427 0.824373
0 0.165605 0.838710 0.165605 0.842294 0.159236 0.849462 0.159236 0.870968 0.162420 0.874552 0.162420 0.878136 0.171975 0.888889 0.175159 0.888889 0.178344 0.892473 0.184713 0.892473 0.184713 0.878136 0.178344 0.870968 0.181529 0.867384 0.181529 0.860215 0.184713 0.856631 0.184713 0.853047 0.175159 0.838710
0 0.566879 0.842294 0.550955 0.842294 0.547771 0.845878 0.544586 0.845878 0.538217 0.856631 0.538217 0.860215 0.541401 0.863799 0.541401 0.867384 0.544586 0.867384 0.547771 0.870968 0.557325 0.870968 0.560510 0.867384 0.563694 0.867384 0.570064 0.860215 0.570064 0.845878
0 0.700637 0.867384 0.700637 0.870968 0.710191 0.878136 0.726115 0.878136 0.729299 0.874552 0.735669 0.874552 0.735669 0.870968 0.738854 0.867384 0.738854 0.863799 0.732484 0.856631 0.729299 0.856631 0.726115 0.853047 0.716561 0.853047 0.707006 0.863799 0.703822 0.863799
0 0.385350 0.867384 0.378981 0.874552 0.378981 0.892473 0.382166 0.896057 0.382166 0.899642 0.401274 0.899642 0.401274 0.885305 0.398089 0.881720 0.398089 0.874552 0.394904 0.870968 0.394904 0.867384
0 0.105096 0.870968 0.105096 0.881720 0.108280 0.885305 0.108280 0.896057 0.111465 0.899642 0.111465 0.903226 0.121019 0.910394 0.127389 0.910394 0.136943 0.899642 0.136943 0.888889 0.133758 0.885305 0.133758 0.881720 0.117834 0.870968
0 0.783439 0.870968 0.777070 0.878136 0.777070 0.888889 0.786624 0.899642 0.789809 0.899642 0.792994 0.896057 0.796178 0.896057 0.802548 0.888889 0.799363 0.885305 0.799363 0.878136 0.792994 0.870968
0 0.315287 0.878136 0.312102 0.881720 0.312102 0.888889 0.308917 0.892473 0.312102 0.896057 0.312102 0.899642 0.315287 0.899642 0.318471 0.903226 0.328025 0.903226 0.331210 0.899642 0.331210 0.881720 0.328025 0.878136
0 0.684713 0.888889 0.681529 0.885305 0.678344 0.885305 0.675159 0.881720 0.675159 0.888889 0.671975 0.892473 0.668790 0.888889 0.668790 0.885305 0.665605 0.885305 0.668790 0.888889 0.665605 0.892473 0.665605 0.899642 0.668790 0.903226 0.678344 0.903226 0.681529 0.899642 0.684713 0.899642 0.687898 0.896057 0.684713 0.892473
0 0.503185 0.899642 0.500000 0.903226 0.500000 0.917563 0.496815 0.921147 0.496815 0.928315 0.509554 0.942652 0.519108 0.942652 0.522293 0.939068 0.525478 0.939068 0.525478 0.924731 0.522293 0.921147 0.522293 0.917563 0.509554 0.903226 0.506369 0.903226
0 0.643312 0.903226 0.633758 0.903226 0.624204 0.913978 0.624204 0.939068 0.627389 0.942652 0.636943 0.942652 0.646497 0.931900 0.646497 0.928315 0.649682 0.924731 0.649682 0.913978
0 0.735669 0.903226 0.732484 0.906810 0.732484 0.917563 0.729299 0.921147 0.729299 0.935484 0.742038 0.953405 0.748408 0.953405 0.748408 0.935484 0.745223 0.931900 0.745223 0.921147 0.742038 0.917563 0.742038 0.906810 0.738854 0.903226
0 0.060510 0.910394 0.060510 0.924731 0.066879 0.931900 0.070064 0.931900 0.076433 0.939068 0.085987 0.939068 0.085987 0.935484 0.089172 0.931900 0.085987 0.928315 0.085987 0.924731 0.082803 0.921147 0.082803 0.917563 0.073248 0.910394
0 0.299363 0.924731 0.296178 0.928315 0.296178 0.939068 0.292994 0.942652 0.292994 0.946237 0.296178 0.949821 0.296178 0.956989 0.312102 0.956989 0.318471 0.949821 0.318471 0.935484 0.308917 0.924731
0 0.531847 0.939068 0.531847 0.953405 0.535032 0.956989 0.535032 0.960573 0.547771 0.960573 0.550955 0.956989 0.550955 0.942652 0.544586 0.935484 0.538217 0.935484 0.535032 0.939068
0 0.136943 0.942652 0.156051 0.964158 0.156051 0.967742 0.162420 0.978495 0.175159 0.978495 0.175159 0.960573 0.168790 0.953405 0.168790 0.949821 0.165605 0.946237 0.159236 0.946237 0.156051 0.942652 0.149682 0.942652 0.146497 0.939068 0.140127 0.939068
0 0.694268 0.960573 0.687898 0.971326 0.687898 0.974910 0.691083 0.978495 0.691083 0.985663 0.697452 0.992832 0.707006 0.992832 0.710191 0.989247 0.713376 0.989247 0.713376 0.967742 0.707006 0.960573
0 0.318471 0.964158 0.315287 0.967742 0.315287 0.971326 0.312102 0.974910 0.312102 0.982079 0.315287 0.985663 0.318471 0.985663 0.321656 0.989247 0.334395 0.989247 0.337580 0.985663 0.337580 0.974910 0.334395 0.971326 0.334395 0.967742 0.331210 0.964158
0 0.375796 0.971326 0.372611 0.974910 0.372611 0.982079 0.375796 0.985663 0.375796 0.989247 0.378981 0.989247 0.382166 0.992832 0.391720 0.992832 0.391720 0.989247 0.388535 0.985663 0.385350 0.985663 0.378981 0.978495 0.378981 0.974910
0 0.047771 0.978495 0.047771 0.982079 0.054140 0.989247 0.057325 0.989247 0.060510 0.992832 0.082803 0.992832 0.085987 0.989247 0.082803 0.985663 0.082803 0.982079 0.079618 0.982079 0.070064 0.974910 0.050955 0.974910
0 0.573248 0.989247 0.573248 0.996416 0.582803 0.996416 0.585987 0.992832 0.592357 0.992832 0.595541 0.996416 0.598726 0.996416 0.601911 0.992832 0.601911 0.985663 0.598726 0.982079 0.598726 0.978495 0.582803 0.978495
