0 0.187898 0.007194 0.184713 0.003597 0.178344 0.003597 0.175159 0.000000 0.162420 0.000000 0.159236 0.003597 0.149682 0.003597 0.146497 0.007194 0.146497 0.010791 0.149682 0.014388 0.149682 0.032374 0.156051 0.039568 0.165605 0.035971 0.178344 0.021583 0.178344 0.017986 0.187898 0.010791
0 0.407643 0.003597 0.404459 0.003597 0.401274 0.000000 0.391720 0.000000 0.388535 0.003597 0.382166 0.003597 0.382166 0.007194 0.378981 0.010791 0.378981 0.017986 0.375796 0.021583 0.375796 0.035971 0.382166 0.046763 0.394904 0.046763 0.404459 0.039568 0.404459 0.035971 0.407643 0.032374 0.407643 0.025180 0.410828 0.021583 0.410828 0.007194
0 0.452229 0.003597 0.439490 0.003597 0.436306 0.007194 0.436306 0.017986 0.429936 0.028777 0.429936 0.046763 0.436306 0.053957 0.442675 0.053957 0.449045 0.046763 0.449045 0.043165 0.452229 0.039568 0.452229 0.021583 0.455414 0.017986 0.455414 0.007194
0 0.716561 0.003597 0.700637 0.003597 0.697452 0.007194 0.697452 0.017986 0.700637 0.017986 0.703822 0.021583 0.707006 0.021583 0.716561 0.010791
0 0.726115 0.003597 0.726115 0.010791 0.729299 0.014388 0.742038 0.014388 0.748408 0.007194 0.748408 0.003597
0 0.633758 0.021583 0.614650 0.021583 0.601911 0.035971 0.601911 0.043165 0.608280 0.050360 0.611465 0.050360 0.614650 0.053957 0.621019 0.053957 0.624204 0.050360 0.627389 0.050360 0.633758 0.039568
0 0.745223 0.039568 0.732484 0.039568 0.729299 0.043165 0.729299 0.046763 0.726115 0.050360 0.726115 0.064748 0.729299 0.068345 0.729299 0.071942 0.738854 0.071942 0.748408 0.061151 0.748408 0.043165
0 0.837580 0.039568 0.837580 0.046763 0.840764 0.046763 0.843949 0.050360 0.850318 0.050360 0.853503 0.046763 0.853503 0.043165 0.850318 0.039568
0 0.560510 0.053957 0.544586 0.053957 0.535032 0.064748 0.535032 0.082734 0.544586 0.093525 0.550955 0.093525 0.554140 0.089928 0.557325 0.089928 0.557325 0.086331 0.563694 0.075540 0.563694 0.057554
0 0.808917 0.057554 0.805732 0.053957 0.799363 0.053957 0.796178 0.057554 0.789809 0.057554 0.789809 0.061151 0.786624 0.064748 0.786624 0.068345 0.789809 0.071942 0.799363 0.071942 0.802548 0.068345 0.805732 0.068345 0.805732 0.064748 0.808917 0.061151
0 0.882166 0.071942 0.882166 0.082734 0.885350 0.086331 0.894904 0.086331 0.901274 0.079137 0.901274 0.071942 0.898089 0.071942 0.894904 0.068345 0.888535 0.068345 0.885350 0.071942
0 0.710191 0.079137 0.703822 0.071942 0.700637 0.071942 0.697452 0.075540 0.681529 0.075540 0.675159 0.082734 0.671975 0.082734 0.671975 0.089928 0.668790 0.093525 0.668790 0.104317 0.671975 0.107914 0.678344 0.107914 0.681529 0.104317 0.687898 0.104317 0.697452 0.093525 0.703822 0.093525 0.710191 0.086331
0 0.312102 0.082734 0.308917 0.082734 0.305732 0.079137 0.296178 0.079137 0.292994 0.082734 0.289809 0.082734 0.283439 0.089928 0.283439 0.093525 0.277070 0.104317 0.277070 0.115108 0.280255 0.118705 0.283439 0.118705 0.286624 0.115108 0.308917 0.115108 0.318471 0.100719
0 0.828025 0.093525 0.824841 0.093525 0.821656 0.089928 0.818471 0.089928 0.815287 0.093525 0.808917 0.093525 0.805732 0.097122 0.805732 0.104317 0.808917 0.107914 0.824841 0.107914 0.828025 0.104317
0 0.449045 0.093525 0.442675 0.104317 0.442675 0.118705 0.445860 0.122302 0.445860 0.125899 0.458599 0.140288 0.474522 0.140288 0.477707 0.136691 0.480892 0.136691 0.480892 0.133094 0.484076 0.129496 0.484076 0.115108 0.480892 0.111511 0.480892 0.107914 0.471338 0.097122 0.468153 0.097122 0.464968 0.093525
0 0.907643 0.097122 0.904459 0.097122 0.901274 0.093525 0.898089 0.097122 0.894904 0.097122 0.888535 0.104317 0.888535 0.107914 0.885350 0.111511 0.885350 0.122302 0.888535 0.125899 0.894904 0.125899 0.901274 0.118705 0.901274 0.111511 0.907643 0.104317
0 0.528662 0.104317 0.519108 0.111511 0.519108 0.125899 0.528662 0.133094 0.535032 0.133094 0.538217 0.129496 0.541401 0.129496 0.547771 0.122302 0.547771 0.115108 0.541401 0.107914 0.535032 0.107914 0.531847 0.104317
0 0.095541 0.111511 0.092357 0.111511 0.085987 0.118705 0.079618 0.118705 0.070064 0.129496 0.070064 0.143885 0.073248 0.147482 0.073248 0.154676 0.076433 0.158273 0.079618 0.158273 0.085987 0.151079 0.089172 0.151079 0.095541 0.140288 0.095541 0.129496 0.098726 0.125899 0.098726 0.115108
0 0.847134 0.111511 0.840764 0.118705 0.840764 0.133094 0.847134 0.140288 0.859873 0.140288 0.866242 0.133094 0.866242 0.122302 0.856688 0.111511
0 0.726115 0.136691 0.732484 0.143885 0.745223 0.143885 0.748408 0.140288 0.751592 0.140288 0.764331 0.125899 0.764331 0.122302 0.757962 0.115108 0.735669 0.115108 0.729299 0.122302 0.729299 0.125899 0.726115 0.129496
0 0.796178 0.136691 0.796178 0.140288 0.792994 0.143885 0.792994 0.151079 0.796178 0.154676 0.796178 0.161871 0.802548 0.169065 0.812102 0.172662 0.818471 0.165468 0.818471 0.161871 0.821656 0.158273 0.821656 0.147482 0.815287 0.136691
0 0.761146 0.151079 0.757962 0.154676 0.757962 0.165468 0.764331 0.172662 0.777070 0.172662 0.783439 0.165468 0.783439 0.154676 0.777070 0.147482 0.767516 0.147482 0.764331 0.151079
0 0.910828 0.158273 0.904459 0.151079 0.894904 0.151079 0.891720 0.154676 0.888535 0.154676 0.885350 0.158273 0.885350 0.169065 0.888535 0.172662 0.888535 0.176259 0.901274 0.176259 0.904459 0.172662 0.907643 0.172662 0.907643 0.169065 0.910828 0.165468
0 0.560510 0.169065 0.550955 0.169065 0.544586 0.176259 0.544586 0.179856 0.541401 0.183453 0.541401 0.190647 0.547771 0.197842 0.550955 0.197842 0.554140 0.194245 0.557325 0.194245 0.557325 0.190647 0.560510 0.187050 0.560510 0.183453 0.563694 0.179856 0.563694 0.172662
0 0.738854 0.187050 0.738854 0.190647 0.742038 0.194245 0.742038 0.197842 0.745223 0.201439 0.748408 0.201439 0.751592 0.205036 0.757962 0.205036 0.767516 0.194245 0.764331 0.190647 0.764331 0.187050 0.761146 0.183453 0.757962 0.183453 0.754777 0.179856 0.742038 0.179856 0.742038 0.183453
0 0.859873 0.205036 0.866242 0.212230 0.882166 0.212230 0.885350 0.208633 0.888535 0.208633 0.898089 0.197842 0.898089 0.194245 0.894904 0.190647 0.882166 0.190647 0.878981 0.194245 0.875796 0.194245 0.872611 0.190647 0.866242 0.190647 0.859873 0.197842
0 0.085987 0.197842 0.073248 0.197842 0.070064 0.194245 0.063694 0.194245 0.060510 0.197842 0.060510 0.208633 0.063694 0.212230 0.063694 0.233813 0.070064 0.233813 0.076433 0.226619 0.076433 0.223022 0.085987 0.212230
0 0.780255 0.201439 0.773885 0.208633 0.773885 0.226619 0.789809 0.226619 0.792994 0.223022 0.792994 0.208633 0.786624 0.201439
0 0.812102 0.205036 0.805732 0.212230 0.805732 0.215827 0.808917 0.219424 0.808917 0.223022 0.812102 0.226619 0.818471 0.226619 0.818471 0.223022 0.821656 0.219424 0.821656 0.212230 0.815287 0.205036
0 0.471338 0.208633 0.464968 0.215827 0.464968 0.230216 0.471338 0.237410 0.477707 0.237410 0.484076 0.230216 0.484076 0.226619 0.487261 0.223022 0.487261 0.215827 0.480892 0.208633
0 0.659236 0.215827 0.643312 0.215827 0.640127 0.219424 0.640127 0.230216 0.636943 0.233813 0.636943 0.237410 0.640127 0.241007 0.640127 0.244604 0.649682 0.244604 0.656051 0.237410 0.656051 0.233813 0.659236 0.230216
0 0.675159 0.226619 0.671975 0.230216 0.671975 0.233813 0.668790 0.237410 0.668790 0.241007 0.665605 0.244604 0.665605 0.248201 0.668790 0.251799 0.668790 0.258993 0.671975 0.258993 0.675159 0.262590 0.681529 0.262590 0.684713 0.258993 0.687898 0.258993 0.687898 0.255396 0.691083 0.251799 0.691083 0.248201 0.687898 0.244604 0.687898 0.233813 0.681529 0.226619
0 0.436306 0.233813 0.433121 0.233813 0.429936 0.237410 0.426752 0.237410 0.426752 0.241007 0.420382 0.248201 0.420382 0.262590 0.429936 0.262590 0.433121 0.258993 0.433121 0.255396 0.429936 0.251799 0.433121 0.248201 0.439490 0.248201 0.439490 0.237410
0 0.716561 0.241007 0.716561 0.248201 0.722930 0.258993 0.738854 0.258993 0.742038 0.255396 0.745223 0.255396 0.754777 0.248201 0.754777 0.237410 0.751592 0.237410 0.748408 0.233813 0.726115 0.233813
0 0.888535 0.241007 0.888535 0.244604 0.885350 0.248201 0.885350 0.255396 0.882166 0.258993 0.882166 0.273381 0.885350 0.276978 0.885350 0.280576 0.891720 0.287770 0.904459 0.287770 0.907643 0.284173 0.907643 0.280576 0.910828 0.276978 0.910828 0.269784 0.914013 0.266187 0.910828 0.248201 0.904459 0.241007
0 0.541401 0.248201 0.541401 0.251799 0.535032 0.258993 0.535032 0.287770 0.544586 0.294964 0.550955 0.294964 0.554140 0.291367 0.557325 0.291367 0.563694 0.273381 0.560510 0.269784 0.560510 0.258993 0.550955 0.248201
0 0.869427 0.255396 0.863057 0.248201 0.856688 0.248201 0.853503 0.251799 0.843949 0.251799 0.837580 0.258993 0.837580 0.269784 0.840764 0.269784 0.843949 0.273381 0.856688 0.273381 0.859873 0.269784 0.863057 0.269784 0.869427 0.262590
0 0.394904 0.255396 0.391720 0.255396 0.388535 0.251799 0.385350 0.255396 0.378981 0.255396 0.372611 0.262590 0.372611 0.266187 0.366242 0.276978 0.366242 0.287770 0.372611 0.294964 0.382166 0.294964 0.391720 0.284173 0.391720 0.276978 0.394904 0.273381
0 0.812102 0.262590 0.799363 0.262590 0.799363 0.266187 0.786624 0.284173 0.786624 0.298561 0.789809 0.302158 0.802548 0.302158 0.805732 0.298561 0.808917 0.298561 0.815287 0.291367 0.815287 0.284173 0.818471 0.280576 0.818471 0.273381
0 0.509554 0.284173 0.496815 0.284173 0.493631 0.287770 0.493631 0.291367 0.490446 0.294964 0.490446 0.309353 0.493631 0.312950 0.493631 0.316547 0.503185 0.316547 0.509554 0.309353 0.509554 0.302158 0.512739 0.298561 0.512739 0.291367 0.509554 0.287770
0 0.665605 0.298561 0.668790 0.302158 0.668790 0.305755 0.675159 0.305755 0.678344 0.309353 0.687898 0.309353 0.697452 0.298561 0.697452 0.294964 0.700637 0.291367 0.697452 0.287770 0.687898 0.287770 0.684713 0.284173 0.668790 0.284173 0.665605 0.287770
0 0.872611 0.287770 0.866242 0.287770 0.863057 0.284173 0.859873 0.284173 0.850318 0.291367 0.850318 0.298561 0.847134 0.302158 0.847134 0.327338 0.850318 0.330935 0.859873 0.330935 0.872611 0.316547 0.872611 0.312950 0.878981 0.302158 0.878981 0.298561
0 0.646497 0.291367 0.636943 0.291367 0.633758 0.294964 0.630573 0.294964 0.621019 0.305755 0.621019 0.309353 0.624204 0.312950 0.624204 0.316547 0.627389 0.316547 0.630573 0.320144 0.640127 0.320144 0.649682 0.309353 0.649682 0.298561 0.646497 0.294964
0 0.003185 0.298561 0.000000 0.302158 0.000000 0.309353 0.003185 0.312950 0.003185 0.323741 0.000000 0.327338 0.000000 0.338129 0.003185 0.341727 0.003185 0.345324 0.003185 0.341727 0.006369 0.338129 0.006369 0.302158
0 0.579618 0.298561 0.570064 0.298561 0.566879 0.302158 0.563694 0.302158 0.557325 0.309353 0.557325 0.323741 0.560510 0.327338 0.570064 0.327338 0.573248 0.323741 0.576433 0.323741 0.579618 0.320144 0.579618 0.309353 0.582803 0.305755 0.582803 0.302158
0 0.312102 0.302158 0.302548 0.302158 0.286624 0.320144 0.273885 0.348921 0.273885 0.363309 0.280255 0.370504 0.286624 0.366906 0.286624 0.363309 0.292994 0.359712 0.308917 0.338129 0.312102 0.330935 0.312102 0.316547 0.315287 0.312950 0.315287 0.305755
0 0.092357 0.320144 0.082803 0.330935 0.082803 0.345324 0.085987 0.348921 0.089172 0.348921 0.095541 0.356115 0.105096 0.356115 0.105096 0.338129 0.101911 0.334532 0.101911 0.320144
0 0.643312 0.334532 0.643312 0.341727 0.646497 0.345324 0.659236 0.345324 0.662420 0.341727 0.665605 0.341727 0.668790 0.338129 0.665605 0.334532 0.665605 0.327338 0.662420 0.327338 0.659236 0.323741 0.649682 0.323741 0.646497 0.327338 0.646497 0.330935
0 0.203822 0.330935 0.194268 0.330935 0.191083 0.334532 0.187898 0.334532 0.187898 0.338129 0.181529 0.348921 0.181529 0.370504 0.184713 0.374101 0.184713 0.377698 0.194268 0.377698 0.200637 0.370504 0.200637 0.363309 0.203822 0.359712 0.203822 0.352518 0.207006 0.348921 0.207006 0.338129 0.203822 0.334532
0 0.321656 0.334532 0.318471 0.338129 0.315287 0.338129 0.318471 0.341727 0.318471 0.348921 0.321656 0.352518 0.324841 0.352518 0.324841 0.348921 0.328025 0.345324 0.324841 0.341727 0.324841 0.338129
0 0.799363 0.341727 0.799363 0.352518 0.802548 0.356115 0.805732 0.356115 0.808917 0.359712 0.818471 0.359712 0.821656 0.363309 0.828025 0.356115 0.828025 0.352518 0.824841 0.348921 0.824841 0.345324 0.818471 0.338129 0.805732 0.338129 0.802548 0.341727
0 0.878981 0.341727 0.866242 0.341727 0.863057 0.345324 0.863057 0.348921 0.859873 0.352518 0.859873 0.366906 0.863057 0.370504 0.872611 0.370504 0.878981 0.363309
0 0.385350 0.348921 0.382166 0.348921 0.369427 0.363309 0.369427 0.366906 0.363057 0.377698 0.363057 0.392086 0.366242 0.395683 0.369427 0.395683 0.369427 0.392086 0.375796 0.384892 0.375796 0.381295 0.378981 0.377698 0.378981 0.374101 0.382166 0.370504 0.382166 0.366906 0.388535 0.356115 0.388535 0.352518
0 0.751592 0.348921 0.738854 0.348921 0.732484 0.356115 0.732484 0.363309 0.735669 0.366906 0.735669 0.374101 0.742038 0.381295 0.745223 0.381295 0.748408 0.377698 0.751592 0.377698 0.751592 0.370504 0.754777 0.366906 0.754777 0.352518
0 0.636943 0.356115 0.633758 0.356115 0.630573 0.352518 0.627389 0.352518 0.621019 0.359712 0.617834 0.359712 0.614650 0.363309 0.614650 0.366906 0.611465 0.370504 0.611465 0.374101 0.614650 0.377698 0.627389 0.377698 0.630573 0.374101 0.630573 0.370504 0.633758 0.366906 0.636943 0.366906
0 0.662420 0.359712 0.659236 0.363309 0.656051 0.363309 0.656051 0.384892 0.659236 0.384892 0.662420 0.388489 0.668790 0.388489 0.675159 0.381295 0.675159 0.363309 0.671975 0.359712
0 0.423567 0.366906 0.420382 0.370504 0.417197 0.370504 0.414013 0.374101 0.414013 0.381295 0.410828 0.384892 0.410828 0.395683 0.414013 0.395683 0.417197 0.399281 0.420382 0.399281 0.423567 0.395683 0.429936 0.395683 0.429936 0.392086 0.433121 0.388489 0.433121 0.374101 0.429936 0.370504 0.426752 0.370504
0 0.592357 0.366906 0.589172 0.366906 0.579618 0.377698 0.579618 0.381295 0.570064 0.399281 0.570064 0.410072 0.579618 0.420863 0.589172 0.420863 0.595541 0.410072 0.595541 0.388489 0.598726 0.384892 0.598726 0.381295 0.595541 0.377698 0.595541 0.370504
0 0.789809 0.374101 0.789809 0.384892 0.796178 0.392086 0.799363 0.392086 0.802548 0.395683 0.805732 0.395683 0.812102 0.388489 0.812102 0.384892 0.808917 0.381295 0.808917 0.377698 0.802548 0.370504 0.796178 0.370504 0.792994 0.374101
0 0.477707 0.374101 0.471338 0.384892 0.471338 0.406475 0.474522 0.410072 0.477707 0.420863 0.480892 0.424460 0.487261 0.424460 0.500000 0.413669 0.503185 0.413669 0.509554 0.402878 0.506369 0.399281 0.506369 0.388489 0.500000 0.377698 0.496815 0.377698 0.493631 0.374101
0 0.394904 0.377698 0.391720 0.381295 0.391720 0.392086 0.394904 0.395683 0.394904 0.399281 0.404459 0.399281 0.404459 0.381295 0.401274 0.377698
0 0.882166 0.377698 0.878981 0.381295 0.878981 0.388489 0.875796 0.392086 0.875796 0.395683 0.878981 0.399281 0.878981 0.406475 0.888535 0.406475 0.888535 0.402878 0.891720 0.399281 0.891720 0.388489 0.894904 0.384892 0.888535 0.377698
0 0.630573 0.381295 0.627389 0.384892 0.627389 0.388489 0.624204 0.392086 0.624204 0.395683 0.630573 0.402878 0.643312 0.402878 0.646497 0.399281 0.646497 0.388489 0.643312 0.384892 0.643312 0.381295
0 0.366242 0.399281 0.366242 0.406475 0.363057 0.410072 0.363057 0.420863 0.366242 0.424460 0.366242 0.428058 0.369427 0.428058 0.375796 0.420863 0.375796 0.410072 0.372611 0.406475 0.372611 0.402878 0.369427 0.399281
0 0.515924 0.399281 0.506369 0.413669 0.506369 0.431655 0.515924 0.446043 0.531847 0.446043 0.544586 0.431655 0.544586 0.410072 0.535032 0.399281
0 0.687898 0.399281 0.684713 0.399281 0.681529 0.402878 0.678344 0.402878 0.678344 0.406475 0.675159 0.410072 0.675159 0.428058 0.681529 0.438849 0.687898 0.438849 0.694268 0.431655 0.694268 0.406475
0 0.219745 0.410072 0.210191 0.410072 0.197452 0.424460 0.197452 0.428058 0.184713 0.446043 0.191083 0.446043 0.194268 0.442446 0.197452 0.442446 0.210191 0.428058 0.213376 0.431655 0.219745 0.424460
0 0.614650 0.413669 0.608280 0.420863 0.608280 0.424460 0.605096 0.428058 0.605096 0.442446 0.614650 0.453237 0.627389 0.453237 0.633758 0.442446 0.633758 0.435252 0.630573 0.431655 0.630573 0.428058
0 0.722930 0.424460 0.716561 0.431655 0.716561 0.446043 0.719745 0.449640 0.732484 0.449640 0.735669 0.446043 0.735669 0.428058 0.732484 0.424460
0 0.802548 0.428058 0.792994 0.428058 0.789809 0.431655 0.786624 0.431655 0.777070 0.442446 0.777070 0.446043 0.773885 0.449640 0.773885 0.464029 0.777070 0.467626 0.792994 0.467626 0.799363 0.460432 0.799363 0.453237 0.802548 0.449640
0 0.659236 0.442446 0.656051 0.442446 0.652866 0.446043 0.649682 0.446043 0.649682 0.449640 0.643312 0.456835 0.643312 0.460432 0.640127 0.464029 0.640127 0.474820 0.643312 0.478417 0.646497 0.478417 0.649682 0.474820 0.652866 0.474820 0.662420 0.464029 0.662420 0.446043
0 0.353503 0.446043 0.347134 0.446043 0.343949 0.449640 0.340764 0.449640 0.334395 0.456835 0.334395 0.467626 0.337580 0.467626 0.340764 0.471223 0.347134 0.471223 0.356688 0.460432 0.356688 0.449640
0 0.423567 0.446043 0.414013 0.449640 0.407643 0.456835 0.407643 0.464029 0.404459 0.467626 0.404459 0.471223 0.407643 0.474820 0.407643 0.482014 0.414013 0.489209 0.426752 0.489209 0.433121 0.482014 0.433121 0.478417 0.436306 0.474820 0.436306 0.460432 0.433121 0.456835 0.433121 0.453237
0 0.573248 0.446043 0.560510 0.446043 0.557325 0.449640 0.557325 0.453237 0.554140 0.456835 0.554140 0.460432 0.557325 0.464029 0.557325 0.471223 0.563694 0.478417 0.566879 0.478417 0.576433 0.467626 0.576433 0.449640
0 0.700637 0.446043 0.697452 0.449640 0.694268 0.449640 0.691083 0.453237 0.691083 0.471223 0.694268 0.474820 0.707006 0.474820 0.710191 0.471223 0.710191 0.453237 0.707006 0.449640 0.703822 0.449640
0 0.385350 0.456835 0.382166 0.460432 0.382166 0.464029 0.378981 0.467626 0.378981 0.471223 0.375796 0.474820 0.375796 0.482014 0.378981 0.485612 0.385350 0.485612 0.394904 0.474820 0.394904 0.464029 0.391720 0.460432 0.388535 0.460432
0 0.595541 0.464029 0.592357 0.464029 0.589172 0.467626 0.585987 0.467626 0.582803 0.471223 0.582803 0.489209 0.585987 0.492806 0.592357 0.492806 0.595541 0.489209 0.598726 0.489209 0.601911 0.485612 0.601911 0.471223
0 0.519108 0.471223 0.515924 0.474820 0.515924 0.485612 0.519108 0.489209 0.519108 0.492806 0.525478 0.500000 0.528662 0.500000 0.531847 0.503597 0.535032 0.503597 0.538217 0.500000 0.541401 0.500000 0.541401 0.496403 0.544586 0.492806 0.544586 0.482014 0.541401 0.478417 0.541401 0.474820 0.538217 0.471223 0.531847 0.471223 0.528662 0.467626 0.525478 0.471223
0 0.738854 0.474820 0.732484 0.474820 0.729299 0.478417 0.726115 0.478417 0.722930 0.482014 0.722930 0.489209 0.726115 0.492806 0.729299 0.492806 0.732484 0.496403 0.735669 0.496403 0.738854 0.492806 0.742038 0.492806 0.745223 0.489209 0.745223 0.482014
0 0.891720 0.474820 0.888535 0.474820 0.878981 0.485612 0.878981 0.489209 0.875796 0.492806 0.875796 0.503597 0.885350 0.510791 0.888535 0.507194 0.891720 0.507194 0.898089 0.500000 0.898089 0.478417 0.894904 0.478417
0 0.770701 0.485612 0.764331 0.492806 0.764331 0.510791 0.767516 0.514388 0.770701 0.514388 0.773885 0.510791 0.777070 0.510791 0.777070 0.507194 0.780255 0.503597 0.780255 0.496403 0.777070 0.492806 0.777070 0.489209 0.773885 0.489209
0 0.796178 0.485612 0.792994 0.485612 0.786624 0.492806 0.786624 0.496403 0.783439 0.500000 0.783439 0.507194 0.786624 0.510791 0.796178 0.510791 0.802548 0.503597 0.802548 0.492806
0 0.044586 0.489209 0.038217 0.489209 0.031847 0.496403 0.031847 0.500000 0.028662 0.503597 0.028662 0.514388 0.035032 0.521583 0.035032 0.525180 0.038217 0.525180 0.041401 0.521583 0.041401 0.517986 0.044586 0.514388 0.044586 0.507194 0.047771 0.503597 0.047771 0.492806
0 0.694268 0.496403 0.694268 0.500000 0.691083 0.503597 0.691083 0.507194 0.697452 0.514388 0.697452 0.517986 0.700637 0.521583 0.710191 0.521583 0.713376 0.517986 0.713376 0.514388 0.716561 0.510791 0.713376 0.507194 0.713376 0.500000 0.707006 0.492806 0.700637 0.492806 0.697452 0.496403
0 0.617834 0.496403 0.614650 0.500000 0.611465 0.500000 0.605096 0.507194 0.601911 0.507194 0.601911 0.514388 0.598726 0.517986 0.601911 0.521583 0.601911 0.525180 0.614650 0.525180 0.621019 0.517986 0.621019 0.500000
0 0.222930 0.507194 0.216561 0.507194 0.213376 0.510791 0.210191 0.510791 0.203822 0.517986 0.203822 0.528777 0.207006 0.532374 0.216561 0.532374 0.219745 0.528777 0.222930 0.528777 0.222930 0.525180 0.226115 0.521583 0.226115 0.510791
0 0.070064 0.510791 0.060510 0.510791 0.060510 0.514388 0.057325 0.517986 0.057325 0.521583 0.054140 0.525180 0.054140 0.535971 0.057325 0.539568 0.060510 0.539568 0.063694 0.535971 0.066879 0.535971 0.066879 0.532374 0.070064 0.528777
0 0.742038 0.510791 0.729299 0.510791 0.726115 0.514388 0.726115 0.517986 0.722930 0.521583 0.722930 0.525180 0.726115 0.528777 0.726115 0.535971 0.729299 0.539568 0.735669 0.539568 0.745223 0.528777 0.745223 0.514388
0 0.656051 0.521583 0.656051 0.539568 0.659236 0.543165 0.671975 0.543165 0.678344 0.535971 0.678344 0.532374 0.681529 0.528777 0.678344 0.525180 0.678344 0.521583 0.675159 0.517986 0.662420 0.517986 0.659236 0.521583
0 0.410828 0.521583 0.394904 0.521583 0.388535 0.528777 0.388535 0.535971 0.385350 0.539568 0.385350 0.546763 0.382166 0.550360 0.382166 0.561151 0.385350 0.564748 0.385350 0.568345 0.394904 0.571942 0.398089 0.568345 0.404459 0.568345 0.410828 0.561151 0.410828 0.557554 0.414013 0.553957 0.414013 0.546763 0.417197 0.543165 0.417197 0.528777
0 0.487261 0.535971 0.487261 0.543165 0.490446 0.546763 0.490446 0.550360 0.506369 0.564748 0.515924 0.564748 0.519108 0.561151 0.522293 0.561151 0.528662 0.553957 0.528662 0.546763 0.525478 0.543165 0.525478 0.539568 0.515924 0.528777 0.512739 0.528777 0.509554 0.525180 0.493631 0.525180
0 0.869427 0.525180 0.866242 0.528777 0.866242 0.550360 0.869427 0.553957 0.878981 0.553957 0.882166 0.550360 0.882166 0.546763 0.885350 0.543165 0.885350 0.535971 0.882166 0.532374 0.882166 0.528777 0.875796 0.528777 0.872611 0.525180
0 0.802548 0.535971 0.796178 0.528777 0.786624 0.528777 0.777070 0.539568 0.777070 0.550360 0.780255 0.553957 0.792994 0.553957 0.799363 0.546763 0.799363 0.543165 0.802548 0.539568
0 0.277070 0.532374 0.270701 0.532374 0.264331 0.539568 0.264331 0.543165 0.261146 0.546763 0.261146 0.564748 0.264331 0.568345 0.270701 0.568345 0.280255 0.557554 0.280255 0.550360 0.283439 0.546763 0.283439 0.543165
0 0.636943 0.539568 0.633758 0.539568 0.630573 0.543165 0.627389 0.543165 0.627389 0.546763 0.621019 0.553957 0.621019 0.568345 0.633758 0.568345 0.636943 0.564748 0.640127 0.564748 0.643312 0.561151 0.643312 0.546763
0 0.703822 0.539568 0.703822 0.543165 0.700637 0.546763 0.700637 0.553957 0.703822 0.557554 0.703822 0.561151 0.710191 0.561151 0.716561 0.553957 0.716561 0.543165 0.713376 0.539568
0 0.843949 0.543165 0.840764 0.546763 0.840764 0.561151 0.843949 0.564748 0.853503 0.564748 0.856688 0.561151 0.856688 0.550360 0.853503 0.546763 0.850318 0.546763 0.847134 0.543165
0 0.761146 0.546763 0.757962 0.550360 0.754777 0.550360 0.748408 0.557554 0.748408 0.561151 0.745223 0.564748 0.745223 0.579137 0.754777 0.586331 0.757962 0.582734 0.761146 0.582734 0.764331 0.579137 0.764331 0.575540 0.770701 0.568345 0.770701 0.553957
0 0.824841 0.546763 0.812102 0.546763 0.808917 0.550360 0.808917 0.553957 0.805732 0.557554 0.805732 0.564748 0.812102 0.571942 0.818471 0.571942 0.821656 0.568345 0.824841 0.568345 0.828025 0.564748 0.828025 0.561151 0.831210 0.557554 0.828025 0.553957 0.828025 0.550360
0 0.162420 0.557554 0.152866 0.557554 0.146497 0.568345 0.146497 0.586331 0.143312 0.589928 0.143312 0.604317 0.146497 0.607914 0.149682 0.607914 0.159236 0.597122 0.159236 0.593525 0.162420 0.589928 0.162420 0.582734 0.165605 0.579137 0.165605 0.564748 0.162420 0.561151
0 0.898089 0.557554 0.894904 0.561151 0.891720 0.561151 0.888535 0.564748 0.888535 0.582734 0.891720 0.586331 0.901274 0.586331 0.901274 0.582734 0.904459 0.579137 0.904459 0.561151 0.901274 0.561151
0 0.681529 0.564748 0.678344 0.561151 0.671975 0.561151 0.665605 0.568345 0.665605 0.579137 0.678344 0.579137 0.678344 0.575540 0.681529 0.571942
0 0.598726 0.564748 0.595541 0.568345 0.595541 0.571942 0.592357 0.575540 0.592357 0.582734 0.595541 0.586331 0.595541 0.589928 0.598726 0.593525 0.605096 0.593525 0.611465 0.586331 0.611465 0.571942 0.605096 0.564748
0 0.296178 0.579137 0.292994 0.582734 0.289809 0.582734 0.283439 0.589928 0.283439 0.604317 0.289809 0.611511 0.292994 0.611511 0.296178 0.615108 0.305732 0.615108 0.312102 0.607914 0.312102 0.597122 0.308917 0.593525 0.308917 0.589928 0.302548 0.582734 0.299363 0.582734
0 0.837580 0.579137 0.834395 0.582734 0.834395 0.593525 0.837580 0.597122 0.837580 0.600719 0.843949 0.607914 0.847134 0.604317 0.847134 0.600719 0.850318 0.597122 0.850318 0.582734 0.847134 0.579137
0 0.254777 0.582734 0.251592 0.586331 0.248408 0.586331 0.248408 0.597122 0.245223 0.600719 0.248408 0.604317 0.251592 0.600719 0.251592 0.597122 0.254777 0.593525
0 0.866242 0.589928 0.859873 0.597122 0.859873 0.607914 0.863057 0.611511 0.875796 0.611511 0.875796 0.593525 0.872611 0.589928
0 0.554140 0.604317 0.554140 0.618705 0.557325 0.622302 0.570064 0.622302 0.573248 0.618705 0.576433 0.618705 0.579618 0.615108 0.579618 0.604317 0.573248 0.597122 0.560510 0.597122
0 0.713376 0.607914 0.710191 0.611511 0.707006 0.611511 0.707006 0.615108 0.703822 0.618705 0.703822 0.629496 0.707006 0.633094 0.707006 0.636691 0.710191 0.640288 0.719745 0.640288 0.722930 0.636691 0.722930 0.633094 0.726115 0.629496 0.726115 0.618705 0.722930 0.615108 0.722930 0.611511 0.719745 0.611511 0.716561 0.607914
0 0.108280 0.611511 0.105096 0.611511 0.101911 0.615108 0.098726 0.615108 0.092357 0.622302 0.092357 0.629496 0.095541 0.633094 0.095541 0.636691 0.098726 0.636691 0.101911 0.640288 0.105096 0.636691 0.108280 0.636691 0.114650 0.629496 0.114650 0.618705
0 0.487261 0.622302 0.480892 0.629496 0.480892 0.636691 0.477707 0.640288 0.477707 0.654676 0.487261 0.669065 0.493631 0.672662 0.509554 0.672662 0.515924 0.665468 0.515924 0.647482 0.512739 0.643885 0.512739 0.636691 0.503185 0.622302 0.496815 0.618705 0.493631 0.622302
0 0.840764 0.625899 0.831210 0.618705 0.824841 0.618705 0.821656 0.622302 0.818471 0.622302 0.818471 0.629496 0.815287 0.633094 0.815287 0.643885 0.818471 0.647482 0.821656 0.647482 0.824841 0.643885 0.834395 0.643885 0.837580 0.640288 0.840764 0.640288 0.840764 0.636691 0.843949 0.633094 0.840764 0.629496
0 0.700637 0.625899 0.697452 0.625899 0.694268 0.622302 0.684713 0.622302 0.684713 0.625899 0.681529 0.629496 0.684713 0.633094 0.684713 0.636691 0.681529 0.640288 0.671975 0.640288 0.671975 0.647482 0.678344 0.654676 0.687898 0.654676 0.694268 0.647482 0.694268 0.640288 0.697452 0.636691 0.697452 0.629496
0 0.786624 0.622302 0.780255 0.633094 0.780255 0.647482 0.786624 0.654676 0.796178 0.654676 0.802548 0.647482 0.802548 0.625899 0.799363 0.622302
0 0.585987 0.633094 0.582803 0.633094 0.579618 0.636691 0.576433 0.636691 0.570064 0.643885 0.570064 0.661871 0.579618 0.669065 0.582803 0.665468 0.585987 0.665468 0.585987 0.661871 0.592357 0.654676 0.592357 0.640288
0 0.859873 0.633094 0.856688 0.636691 0.856688 0.654676 0.863057 0.661871 0.869427 0.661871 0.869427 0.658273 0.872611 0.654676 0.872611 0.643885 0.869427 0.640288 0.869427 0.636691 0.866242 0.633094
0 0.270701 0.643885 0.261146 0.651079 0.261146 0.654676 0.257962 0.658273 0.257962 0.669065 0.264331 0.676259 0.264331 0.679856 0.267516 0.679856 0.270701 0.683453 0.280255 0.683453 0.286624 0.676259 0.286624 0.672662 0.289809 0.669065 0.289809 0.651079 0.283439 0.643885
0 0.136943 0.658273 0.130573 0.658273 0.127389 0.661871 0.127389 0.665468 0.124204 0.669065 0.124204 0.679856 0.130573 0.679856 0.136943 0.672662
0 0.601911 0.661871 0.598726 0.661871 0.598726 0.665468 0.589172 0.676259 0.589172 0.679856 0.592357 0.683453 0.595541 0.683453 0.598726 0.687050 0.601911 0.683453 0.605096 0.683453 0.608280 0.679856 0.608280 0.669065
0 0.662420 0.661871 0.652866 0.661871 0.652866 0.665468 0.649682 0.669065 0.649682 0.683453 0.652866 0.687050 0.652866 0.694245 0.656051 0.694245 0.665605 0.683453 0.665605 0.679856 0.668790 0.676259 0.668790 0.672662 0.665605 0.669065 0.665605 0.665468
0 0.837580 0.661871 0.834395 0.665468 0.834395 0.676259 0.840764 0.683453 0.850318 0.683453 0.853503 0.679856 0.853503 0.672662 0.850318 0.669065 0.850318 0.665468 0.847134 0.661871
0 0.691083 0.676259 0.691083 0.687050 0.697452 0.694245 0.697452 0.697842 0.700637 0.701439 0.703822 0.701439 0.707006 0.705036 0.716561 0.705036 0.719745 0.701439 0.719745 0.679856 0.716561 0.676259 0.713376 0.676259 0.710191 0.672662 0.697452 0.672662 0.694268 0.676259
0 0.452229 0.701439 0.452229 0.719424 0.464968 0.733813 0.477707 0.741007 0.484076 0.741007 0.496815 0.733813 0.503185 0.726619 0.503185 0.708633 0.500000 0.701439 0.484076 0.690647 0.464968 0.690647
0 0.815287 0.690647 0.808917 0.690647 0.799363 0.701439 0.799363 0.715827 0.808917 0.715827 0.815287 0.708633 0.815287 0.701439 0.818471 0.697842 0.818471 0.694245
0 0.675159 0.701439 0.671975 0.705036 0.671975 0.708633 0.662420 0.719424 0.662420 0.730216 0.675159 0.730216 0.678344 0.733813 0.691083 0.733813 0.694268 0.730216 0.694268 0.712230 0.684713 0.701439
0 0.238854 0.712230 0.238854 0.726619 0.242038 0.730216 0.242038 0.733813 0.261146 0.733813 0.261146 0.715827 0.257962 0.712230 0.254777 0.712230 0.251592 0.708633 0.245223 0.708633 0.242038 0.712230
0 0.748408 0.719424 0.745223 0.719424 0.742038 0.723022 0.738854 0.723022 0.738854 0.726619 0.735669 0.730216 0.735669 0.748201 0.738854 0.751799 0.751592 0.751799 0.751592 0.748201 0.754777 0.744604 0.754777 0.737410 0.757962 0.733813 0.757962 0.730216 0.754777 0.726619 0.754777 0.723022 0.751592 0.723022
0 0.780255 0.719424 0.777070 0.723022 0.773885 0.723022 0.773885 0.726619 0.770701 0.730216 0.770701 0.737410 0.773885 0.741007 0.773885 0.744604 0.780255 0.751799 0.789809 0.751799 0.796178 0.741007 0.796178 0.733813 0.792994 0.730216 0.792994 0.726619 0.786624 0.719424
0 0.834395 0.719424 0.831210 0.723022 0.828025 0.723022 0.821656 0.730216 0.821656 0.741007 0.828025 0.748201 0.831210 0.748201 0.834395 0.751799 0.837580 0.751799 0.847134 0.741007 0.847134 0.726619 0.843949 0.723022 0.840764 0.723022 0.837580 0.719424
0 0.872611 0.719424 0.863057 0.730216 0.863057 0.751799 0.866242 0.755396 0.882166 0.755396 0.888535 0.748201 0.888535 0.744604 0.891720 0.741007 0.891720 0.733813 0.888535 0.730216 0.888535 0.726619 0.882166 0.719424
0 0.089172 0.730216 0.082803 0.730216 0.079618 0.733813 0.079618 0.737410 0.076433 0.741007 0.076433 0.751799 0.082803 0.751799 0.085987 0.748201 0.085987 0.744604 0.089172 0.741007
0 0.598726 0.730216 0.589172 0.730216 0.585987 0.733813 0.582803 0.733813 0.582803 0.737410 0.579618 0.741007 0.579618 0.751799 0.576433 0.755396 0.576433 0.762590 0.579618 0.766187 0.579618 0.769784 0.589172 0.780576 0.598726 0.776978 0.605096 0.769784 0.605096 0.758993 0.608280 0.755396 0.608280 0.744604 0.605096 0.741007 0.605096 0.737410
0 0.245223 0.737410 0.245223 0.755396 0.248408 0.758993 0.257962 0.758993 0.261146 0.755396 0.261146 0.737410
0 0.197452 0.741007 0.187898 0.741007 0.181529 0.748201 0.181529 0.751799 0.178344 0.755396 0.178344 0.773381 0.187898 0.780576 0.194268 0.773381 0.194268 0.762590 0.197452 0.758993
0 0.471338 0.744604 0.468153 0.755396 0.477707 0.776978 0.484076 0.784173 0.490446 0.787770 0.509554 0.787770 0.512739 0.784173 0.512739 0.776978 0.515924 0.769784 0.506369 0.751799 0.493631 0.744604
0 0.646497 0.758993 0.630573 0.758993 0.621019 0.769784 0.621019 0.773381 0.611465 0.791367 0.611465 0.798561 0.617834 0.805755 0.627389 0.805755 0.643312 0.791367 0.643312 0.787770 0.649682 0.776978 0.649682 0.766187 0.646497 0.762590
0 0.560510 0.762590 0.550955 0.773381 0.550955 0.791367 0.554140 0.794964 0.557325 0.794964 0.560510 0.798561 0.563694 0.794964 0.566879 0.794964 0.570064 0.791367 0.570064 0.787770 0.573248 0.784173 0.573248 0.780576 0.570064 0.776978 0.570064 0.769784 0.566879 0.766187 0.563694 0.766187
0 0.799363 0.769784 0.799363 0.784173 0.802548 0.787770 0.802548 0.791367 0.805732 0.791367 0.808917 0.794964 0.815287 0.794964 0.821656 0.787770 0.821656 0.769784 0.818471 0.769784 0.815287 0.766187 0.805732 0.766187 0.802548 0.769784
0 0.232484 0.773381 0.229299 0.776978 0.229299 0.794964 0.235669 0.802158 0.242038 0.802158 0.245223 0.798561 0.248408 0.798561 0.248408 0.791367 0.251592 0.787770 0.248408 0.784173 0.248408 0.776978 0.245223 0.773381
0 0.449045 0.773381 0.439490 0.784173 0.439490 0.787770 0.436306 0.791367 0.436306 0.798561 0.439490 0.802158 0.442675 0.812950 0.445860 0.812950 0.449045 0.816547 0.461783 0.816547 0.471338 0.805755 0.471338 0.787770 0.458599 0.773381
0 0.780255 0.784173 0.777070 0.787770 0.777070 0.805755 0.786624 0.816547 0.792994 0.816547 0.796178 0.812950 0.796178 0.798561 0.789809 0.791367 0.789809 0.787770 0.786624 0.787770 0.783439 0.784173
0 0.662420 0.791367 0.656051 0.791367 0.656051 0.794964 0.652866 0.798561 0.652866 0.802158 0.649682 0.805755 0.649682 0.816547 0.652866 0.816547 0.656051 0.820144 0.659236 0.820144 0.665605 0.812950 0.665605 0.809353 0.668790 0.805755 0.668790 0.802158 0.665605 0.798561 0.665605 0.794964
0 0.719745 0.791367 0.716561 0.794964 0.716561 0.802158 0.713376 0.805755 0.713376 0.823741 0.722930 0.834532 0.726115 0.830935 0.729299 0.830935 0.729299 0.812950 0.726115 0.809353 0.726115 0.802158 0.722930 0.798561 0.722930 0.791367
0 0.550955 0.794964 0.544586 0.802158 0.541401 0.802158 0.541401 0.809353 0.544586 0.812950 0.544586 0.816547 0.547771 0.816547 0.550955 0.820144 0.554140 0.820144 0.560510 0.812950 0.560510 0.802158 0.557325 0.798561 0.554140 0.798561
0 0.757962 0.794964 0.754777 0.798561 0.754777 0.805755 0.751592 0.809353 0.751592 0.820144 0.754777 0.823741 0.754777 0.827338 0.767516 0.827338 0.770701 0.823741 0.770701 0.798561 0.767516 0.794964
0 0.869427 0.794964 0.856688 0.794964 0.853503 0.798561 0.853503 0.816547 0.859873 0.823741 0.863057 0.823741 0.866242 0.820144 0.869427 0.820144 0.872611 0.816547 0.872611 0.798561
0 0.356688 0.798561 0.343949 0.816547 0.343949 0.834532 0.353503 0.848921 0.372611 0.859712 0.378981 0.852518 0.378981 0.820144 0.382166 0.816547 0.375796 0.802158 0.369427 0.798561
0 0.585987 0.809353 0.579618 0.809353 0.576433 0.812950 0.576433 0.816547 0.570064 0.823741 0.570064 0.827338 0.566879 0.830935 0.566879 0.838129 0.570064 0.841727 0.576433 0.841727 0.579618 0.838129 0.582803 0.838129 0.592357 0.827338 0.592357 0.816547
0 0.181529 0.812950 0.168790 0.812950 0.165605 0.816547 0.165605 0.820144 0.162420 0.823741 0.162420 0.834532 0.165605 0.838129 0.168790 0.838129 0.171975 0.834532 0.175159 0.834532 0.175159 0.830935 0.178344 0.827338 0.178344 0.823741 0.181529 0.820144
0 0.837580 0.816547 0.828025 0.816547 0.821656 0.823741 0.821656 0.834532 0.824841 0.838129 0.828025 0.838129 0.831210 0.841727 0.834395 0.838129 0.837580 0.838129 0.840764 0.834532 0.840764 0.830935 0.843949 0.827338 0.843949 0.823741
0 0.302548 0.820144 0.296178 0.830935 0.296178 0.841727 0.292994 0.845324 0.292994 0.859712 0.296178 0.863309 0.296178 0.874101 0.299363 0.877698 0.308917 0.877698 0.315287 0.866906 0.315287 0.852518 0.318471 0.848921 0.318471 0.830935 0.308917 0.820144
0 0.630573 0.827338 0.630573 0.859712 0.640127 0.859712 0.643312 0.856115 0.643312 0.852518 0.646497 0.848921 0.646497 0.838129 0.636943 0.827338
0 0.512739 0.838129 0.506369 0.830935 0.480892 0.830935 0.464968 0.848921 0.464968 0.859712 0.461783 0.863309 0.461783 0.870504 0.468153 0.874101 0.477707 0.874101 0.480892 0.870504 0.490446 0.870504 0.496815 0.866906 0.506369 0.856115 0.509554 0.856115 0.512739 0.848921
0 0.270701 0.838129 0.264331 0.845324 0.261146 0.845324 0.257962 0.848921 0.257962 0.852518 0.254777 0.856115 0.254777 0.863309 0.251592 0.866906 0.254777 0.870504 0.254777 0.874101 0.264331 0.884892 0.273885 0.888489 0.277070 0.884892 0.277070 0.877698 0.280255 0.874101 0.280255 0.859712 0.273885 0.848921 0.273885 0.838129
0 0.445860 0.841727 0.442675 0.845324 0.442675 0.852518 0.452229 0.863309 0.455414 0.863309 0.458599 0.866906 0.458599 0.863309 0.461783 0.859712 0.461783 0.848921 0.464968 0.845324 0.461783 0.845324 0.458599 0.841727
0 0.589172 0.845324 0.589172 0.848921 0.585987 0.852518 0.585987 0.856115 0.592357 0.863309 0.601911 0.863309 0.601911 0.856115 0.605096 0.852518 0.605096 0.841727 0.595541 0.841727 0.592357 0.845324
0 0.665605 0.841727 0.662420 0.845324 0.662420 0.866906 0.665605 0.870504 0.668790 0.870504 0.671975 0.874101 0.675159 0.874101 0.681529 0.866906 0.681529 0.852518 0.675159 0.845324 0.671975 0.845324 0.668790 0.841727
0 0.143312 0.845324 0.140127 0.845324 0.136943 0.848921 0.133758 0.848921 0.133758 0.852518 0.127389 0.859712 0.127389 0.863309 0.124204 0.866906 0.124204 0.870504 0.130573 0.877698 0.136943 0.877698 0.140127 0.874101 0.143312 0.874101 0.143312 0.870504 0.146497 0.866906 0.146497 0.863309 0.149682 0.859712 0.149682 0.852518
0 0.735669 0.845324 0.729299 0.852518 0.729299 0.856115 0.735669 0.863309 0.742038 0.863309 0.742038 0.859712 0.745223 0.856115 0.745223 0.845324
0 0.859873 0.845324 0.853503 0.852518 0.853503 0.863309 0.863057 0.874101 0.875796 0.874101 0.878981 0.870504 0.878981 0.863309 0.875796 0.859712 0.875796 0.856115 0.872611 0.852518 0.872611 0.848921 0.869427 0.848921 0.866242 0.845324
0 0.783439 0.848921 0.783439 0.852518 0.780255 0.856115 0.780255 0.866906 0.783439 0.870504 0.792994 0.870504 0.792994 0.866906 0.796178 0.863309 0.796178 0.848921
0 0.570064 0.863309 0.557325 0.863309 0.550955 0.870504 0.550955 0.884892 0.554140 0.888489 0.554140 0.892086 0.557325 0.892086 0.560510 0.895683 0.563694 0.895683 0.573248 0.884892 0.573248 0.866906
