0 0.449045 0.103943 0.442675 0.103943 0.442675 0.107527 0.439490 0.111111 0.439490 0.118280 0.436306 0.121864 0.436306 0.136201 0.439490 0.139785 0.445860 0.139785 0.452229 0.132616 0.455414 0.132616 0.461783 0.125448 0.461783 0.121864 0.458599 0.118280 0.458599 0.114695
0 0.891720 0.125448 0.888535 0.129032 0.888535 0.132616 0.885350 0.136201 0.885350 0.143369 0.891720 0.150538 0.901274 0.150538 0.904459 0.146953 0.904459 0.139785 0.907643 0.136201 0.898089 0.125448
0 0.060510 0.132616 0.060510 0.143369 0.066879 0.150538 0.070064 0.150538 0.073248 0.154122 0.076433 0.150538 0.079618 0.150538 0.085987 0.143369 0.085987 0.139785 0.076433 0.129032 0.063694 0.129032
0 0.114650 0.150538 0.117834 0.157706 0.136943 0.157706 0.146497 0.164875 0.152866 0.164875 0.162420 0.157706 0.171975 0.157706 0.165605 0.143369 0.152866 0.136201 0.140127 0.136201 0.127389 0.150538 0.121019 0.146953
0 0.315287 0.143369 0.315287 0.154122 0.318471 0.154122 0.321656 0.157706 0.321656 0.161290 0.328025 0.172043 0.328025 0.179211 0.337580 0.179211 0.337580 0.168459 0.328025 0.157706 0.328025 0.154122 0.318471 0.143369
0 0.028662 0.168459 0.028662 0.175627 0.031847 0.179211 0.031847 0.182796 0.038217 0.189964 0.041401 0.189964 0.044586 0.193548 0.060510 0.193548 0.066879 0.186380 0.066879 0.182796 0.070064 0.179211 0.066879 0.175627 0.066879 0.168459 0.063694 0.164875 0.057325 0.164875 0.054140 0.161290 0.035032 0.161290
0 0.458599 0.175627 0.449045 0.164875 0.442675 0.164875 0.439490 0.161290 0.436306 0.164875 0.426752 0.164875 0.423567 0.168459 0.420382 0.168459 0.410828 0.179211 0.410828 0.182796 0.433121 0.182796 0.442675 0.189964 0.455414 0.189964 0.458599 0.186380
0 0.656051 0.164875 0.656051 0.168459 0.649682 0.175627 0.649682 0.197133 0.662420 0.207885 0.681529 0.207885 0.687898 0.200717 0.687898 0.182796 0.684713 0.179211 0.684713 0.175627 0.671975 0.161290 0.662420 0.161290 0.659236 0.164875
0 0.378981 0.164875 0.372611 0.164875 0.369427 0.168459 0.366242 0.168459 0.356688 0.179211 0.356688 0.186380 0.366242 0.186380 0.369427 0.182796 0.372611 0.182796 0.375796 0.179211 0.378981 0.179211
0 0.168790 0.186380 0.168790 0.197133 0.178344 0.204301 0.187898 0.204301 0.197452 0.211470 0.203822 0.211470 0.210191 0.204301 0.210191 0.197133 0.207006 0.193548 0.207006 0.189964 0.200637 0.182796 0.197452 0.182796 0.194268 0.179211 0.181529 0.179211 0.178344 0.182796
0 0.098726 0.182796 0.089172 0.186380 0.066879 0.211470 0.066879 0.232975 0.079618 0.243728 0.095541 0.243728 0.111465 0.222222 0.114650 0.204301 0.108280 0.189964
0 0.624204 0.222222 0.611465 0.243728 0.611465 0.258065 0.621019 0.279570 0.630573 0.290323 0.675159 0.286738 0.681529 0.279570 0.687898 0.258065 0.681529 0.236559 0.665605 0.218638 0.646497 0.211470
0 0.359873 0.215054 0.356688 0.218638 0.353503 0.218638 0.343949 0.229391 0.343949 0.232975 0.337580 0.240143 0.337580 0.247312 0.347134 0.247312 0.356688 0.236559 0.356688 0.232975 0.359873 0.229391 0.359873 0.225806 0.363057 0.222222 0.363057 0.218638
0 0.270701 0.232975 0.273885 0.243728 0.280255 0.250896 0.286624 0.250896 0.289809 0.254480 0.308917 0.254480 0.312102 0.250896 0.312102 0.236559 0.302548 0.225806 0.296178 0.225806 0.292994 0.222222 0.277070 0.222222
0 0.449045 0.229391 0.433121 0.240143 0.423567 0.261649 0.423567 0.272401 0.433121 0.286738 0.445860 0.286738 0.452229 0.279570 0.455414 0.272401 0.455414 0.261649 0.461783 0.250896 0.461783 0.240143
0 0.487261 0.250896 0.471338 0.275986 0.474522 0.318996 0.496815 0.336918 0.519108 0.336918 0.531847 0.329749 0.538217 0.308244 0.535032 0.293907 0.515924 0.254480 0.506369 0.247312
0 0.722930 0.254480 0.713376 0.254480 0.700637 0.265233 0.700637 0.268817 0.697452 0.272401 0.697452 0.286738 0.694268 0.290323 0.694268 0.301075 0.700637 0.301075 0.703822 0.297491 0.716561 0.297491 0.729299 0.283154 0.729299 0.279570 0.732484 0.275986 0.732484 0.268817
0 0.159236 0.265233 0.152866 0.265233 0.149682 0.268817 0.146497 0.268817 0.136943 0.279570 0.136943 0.286738 0.140127 0.290323 0.140127 0.293907 0.149682 0.304659 0.156051 0.304659 0.162420 0.297491 0.162420 0.293907 0.165605 0.290323 0.162420 0.286738 0.162420 0.272401 0.159236 0.268817
0 0.398089 0.268817 0.382166 0.268817 0.353503 0.290323 0.343949 0.308244 0.343949 0.326165 0.356688 0.336918 0.375796 0.336918 0.398089 0.326165 0.410828 0.301075 0.410828 0.286738
0 0.789809 0.272401 0.777070 0.272401 0.770701 0.279570 0.770701 0.293907 0.780255 0.304659 0.783439 0.304659 0.789809 0.297491 0.789809 0.290323 0.792994 0.286738 0.792994 0.275986
0 0.888535 0.286738 0.888535 0.293907 0.885350 0.297491 0.888535 0.301075 0.888535 0.308244 0.891720 0.311828 0.901274 0.311828 0.904459 0.308244 0.907643 0.308244 0.907643 0.304659 0.910828 0.301075 0.907643 0.297491 0.907643 0.293907 0.901274 0.286738
0 0.872611 0.293907 0.859873 0.293907 0.856688 0.297491 0.853503 0.297491 0.847134 0.304659 0.847134 0.315412 0.853503 0.322581 0.859873 0.322581 0.863057 0.318996 0.866242 0.318996 0.869427 0.315412 0.872611 0.315412 0.872611 0.311828 0.875796 0.308244 0.875796 0.301075 0.872611 0.297491
0 0.662420 0.297491 0.646497 0.304659 0.646497 0.308244 0.636943 0.318996 0.636943 0.358423 0.643312 0.365591 0.659236 0.365591 0.675159 0.347670 0.678344 0.340502 0.678344 0.329749 0.671975 0.315412 0.671975 0.304659
0 0.070064 0.308244 0.070064 0.315412 0.076433 0.322581 0.079618 0.322581 0.082803 0.318996 0.085987 0.318996 0.092357 0.311828 0.089172 0.308244 0.082803 0.308244 0.079618 0.304659 0.073248 0.304659
0 0.009554 0.326165 0.009554 0.340502 0.025478 0.340502 0.028662 0.344086 0.031847 0.344086 0.041401 0.336918 0.041401 0.329749 0.038217 0.326165 0.038217 0.322581 0.028662 0.315412 0.022293 0.315412 0.019108 0.318996 0.015924 0.318996
0 0.203822 0.347670 0.194268 0.333333 0.152866 0.336918 0.133758 0.351254 0.130573 0.365591 0.143312 0.376344 0.171975 0.387097 0.181529 0.387097 0.187898 0.383513 0.197452 0.369176
0 0.299363 0.340502 0.296178 0.336918 0.277070 0.336918 0.254777 0.347670 0.232484 0.365591 0.229299 0.372760 0.232484 0.376344 0.232484 0.383513 0.248408 0.387097 0.267516 0.376344 0.273885 0.376344 0.296178 0.354839
0 0.331210 0.354839 0.331210 0.358423 0.328025 0.362007 0.328025 0.372760 0.340764 0.383513 0.359873 0.383513 0.363057 0.379928 0.366242 0.379928 0.372611 0.369176 0.372611 0.362007 0.369427 0.358423 0.369427 0.354839 0.359873 0.347670 0.343949 0.347670 0.340764 0.351254 0.334395 0.351254
0 0.856688 0.347670 0.856688 0.358423 0.859873 0.362007 0.859873 0.379928 0.872611 0.379928 0.872611 0.376344 0.875796 0.372760 0.875796 0.358423 0.869427 0.351254 0.866242 0.351254 0.863057 0.347670
0 0.057325 0.354839 0.057325 0.358423 0.063694 0.358423 0.066879 0.362007 0.076433 0.362007 0.070064 0.354839 0.066879 0.354839 0.063694 0.351254 0.060510 0.351254
0 0.812102 0.372760 0.808917 0.369176 0.808917 0.365591 0.805732 0.369176 0.796178 0.369176 0.789809 0.376344 0.789809 0.379928 0.792994 0.383513 0.802548 0.383513 0.805732 0.379928 0.808917 0.379928 0.812102 0.376344
0 0.904459 0.372760 0.898089 0.372760 0.888535 0.383513 0.888535 0.387097 0.885350 0.390681 0.885350 0.394265 0.888535 0.397849 0.894904 0.397849 0.904459 0.387097
0 0.015924 0.383513 0.009554 0.390681 0.009554 0.397849 0.006369 0.401434 0.006369 0.412186 0.012739 0.419355 0.028662 0.419355 0.038217 0.408602 0.041401 0.397849 0.038217 0.394265 0.038217 0.390681 0.035032 0.390681 0.028662 0.383513
0 0.703822 0.387097 0.697452 0.397849 0.700637 0.401434 0.700637 0.408602 0.710191 0.415771 0.713376 0.415771 0.716561 0.412186 0.722930 0.412186 0.726115 0.408602 0.726115 0.394265 0.722930 0.394265 0.713376 0.387097
0 0.108280 0.405018 0.114650 0.422939 0.117834 0.422939 0.124204 0.430108 0.140127 0.430108 0.143312 0.433692 0.152866 0.433692 0.162420 0.426523 0.162420 0.415771 0.152866 0.405018 0.140127 0.397849 0.117834 0.394265 0.111465 0.397849
0 0.474522 0.401434 0.464968 0.394265 0.445860 0.394265 0.439490 0.397849 0.426752 0.412186 0.423567 0.419355 0.423567 0.426523 0.420382 0.430108 0.423567 0.437276 0.436306 0.437276 0.449045 0.430108 0.458599 0.419355 0.468153 0.419355 0.474522 0.408602
0 0.382166 0.422939 0.369427 0.433692 0.369427 0.448029 0.372611 0.451613 0.372611 0.455197 0.382166 0.465950 0.398089 0.469534 0.407643 0.462366 0.414013 0.444444 0.404459 0.430108
0 0.299363 0.433692 0.292994 0.426523 0.283439 0.426523 0.245223 0.444444 0.232484 0.444444 0.232484 0.455197 0.254777 0.465950 0.277070 0.462366 0.299363 0.444444
0 0.550955 0.437276 0.538217 0.437276 0.535032 0.440860 0.531847 0.440860 0.528662 0.444444 0.525478 0.444444 0.525478 0.448029 0.522293 0.451613 0.522293 0.458781 0.528662 0.465950 0.535032 0.465950 0.538217 0.462366 0.541401 0.462366 0.550955 0.451613
0 0.366242 0.440860 0.347134 0.440860 0.343949 0.444444 0.340764 0.444444 0.331210 0.455197 0.328025 0.455197 0.328025 0.458781 0.321656 0.465950 0.321656 0.469534 0.334395 0.480287 0.350318 0.476703 0.363057 0.462366 0.363057 0.458781 0.366242 0.455197 0.369427 0.455197 0.369427 0.451613 0.366242 0.448029
0 0.140127 0.455197 0.140127 0.465950 0.156051 0.487455 0.162420 0.487455 0.165605 0.491039 0.191083 0.491039 0.200637 0.480287 0.200637 0.462366 0.197452 0.455197 0.181529 0.444444 0.149682 0.444444
0 0.022293 0.469534 0.003185 0.469534 0.003185 0.476703 0.000000 0.480287 0.000000 0.523297 0.003185 0.530466 0.015924 0.523297 0.028662 0.508961 0.031847 0.501792 0.031847 0.483871
0 0.697452 0.469534 0.687898 0.480287 0.687898 0.487455 0.694268 0.494624 0.697452 0.494624 0.700637 0.498208 0.707006 0.498208 0.710191 0.494624 0.710191 0.491039 0.713376 0.487455 0.713376 0.483871 0.710191 0.480287 0.710191 0.476703 0.703822 0.469534
0 0.385350 0.498208 0.378981 0.494624 0.369427 0.494624 0.363057 0.501792 0.350318 0.505376 0.343949 0.512545 0.328025 0.519713 0.321656 0.526882 0.321656 0.537634 0.331210 0.544803 0.343949 0.544803 0.347134 0.541219 0.363057 0.537634 0.385350 0.512545
0 0.560510 0.508961 0.560510 0.501792 0.557325 0.501792 0.554140 0.498208 0.550955 0.501792 0.544586 0.501792 0.544586 0.505376 0.547771 0.505376 0.550955 0.508961
0 0.783439 0.505376 0.780255 0.508961 0.780255 0.519713 0.783439 0.523297 0.789809 0.523297 0.789809 0.508961 0.786624 0.505376
0 0.630573 0.516129 0.630573 0.519713 0.633758 0.523297 0.633758 0.526882 0.649682 0.526882 0.652866 0.523297 0.652866 0.508961 0.633758 0.508961 0.633758 0.512545
0 0.605096 0.512545 0.589172 0.526882 0.582803 0.526882 0.566879 0.537634 0.570064 0.544803 0.557325 0.555556 0.563694 0.555556 0.566879 0.551971 0.598726 0.551971 0.605096 0.555556 0.611465 0.548387 0.611465 0.526882
0 0.031847 0.516129 0.025478 0.516129 0.015924 0.526882 0.003185 0.534050 0.003185 0.548387 0.000000 0.551971 0.000000 0.594982 0.006369 0.602151 0.015924 0.598566 0.028662 0.584229 0.038217 0.562724 0.041401 0.534050 0.044586 0.530466 0.041401 0.523297
0 0.238854 0.523297 0.229299 0.523297 0.219745 0.534050 0.216561 0.530466 0.219745 0.519713 0.213376 0.519713 0.200637 0.534050 0.200637 0.544803 0.203822 0.548387 0.200637 0.551971 0.207006 0.551971 0.210191 0.548387 0.219745 0.548387 0.238854 0.526882
0 0.477707 0.534050 0.464968 0.526882 0.449045 0.530466 0.436306 0.544803 0.429936 0.562724 0.414013 0.580645 0.407643 0.580645 0.404459 0.587814 0.426752 0.584229 0.433121 0.577061 0.442675 0.577061 0.445860 0.573477 0.464968 0.573477 0.480892 0.551971
0 0.675159 0.530466 0.671975 0.530466 0.668790 0.534050 0.662420 0.534050 0.659236 0.537634 0.649682 0.537634 0.646497 0.541219 0.633758 0.541219 0.630573 0.544803 0.630573 0.548387 0.636943 0.555556 0.640127 0.555556 0.643312 0.551971 0.652866 0.551971 0.656051 0.548387 0.659236 0.548387 0.665605 0.541219 0.668790 0.541219
0 0.687898 0.534050 0.681529 0.541219 0.681529 0.548387 0.678344 0.551971 0.678344 0.559140 0.675159 0.562724 0.678344 0.566308 0.678344 0.569892 0.681529 0.573477 0.684713 0.569892 0.684713 0.562724 0.687898 0.559140 0.687898 0.551971 0.691083 0.548387 0.691083 0.537634
0 0.770701 0.541219 0.767516 0.544803 0.767516 0.562724 0.773885 0.569892 0.780255 0.569892 0.783439 0.566308 0.783439 0.562724 0.786624 0.559140 0.786624 0.555556 0.783439 0.551971 0.783439 0.548387 0.780255 0.544803 0.777070 0.544803 0.773885 0.541219
0 0.070064 0.559140 0.060510 0.559140 0.054140 0.569892 0.054140 0.587814 0.044586 0.609319 0.044586 0.630824 0.054140 0.637993 0.066879 0.637993 0.082803 0.630824 0.101911 0.605735 0.101911 0.598566 0.070064 0.562724
0 0.729299 0.573477 0.729299 0.577061 0.726115 0.580645 0.726115 0.587814 0.722930 0.591398 0.722930 0.605735 0.726115 0.609319 0.726115 0.612903 0.735669 0.612903 0.742038 0.602151 0.738854 0.598566 0.738854 0.584229 0.735669 0.580645 0.735669 0.577061 0.732484 0.573477
0 0.318471 0.577061 0.302548 0.577061 0.296178 0.584229 0.289809 0.598566 0.289809 0.623656 0.299363 0.634409 0.299363 0.645161 0.308917 0.645161 0.318471 0.637993 0.321656 0.623656 0.324841 0.620072 0.324841 0.612903 0.328025 0.609319 0.328025 0.602151 0.324841 0.598566 0.324841 0.580645
0 0.328025 0.584229 0.328025 0.598566 0.331210 0.602151 0.331210 0.609319 0.334395 0.609319 0.340764 0.616487 0.347134 0.616487 0.350318 0.620072 0.378981 0.620072 0.382166 0.616487 0.388535 0.616487 0.391720 0.605735 0.375796 0.587814 0.356688 0.577061 0.340764 0.577061
0 0.484076 0.584229 0.474522 0.577061 0.433121 0.580645 0.407643 0.609319 0.404459 0.620072 0.407643 0.637993 0.414013 0.645161 0.433121 0.645161 0.458599 0.630824 0.484076 0.602151 0.487261 0.594982
0 0.627389 0.580645 0.627389 0.587814 0.630573 0.591398 0.636943 0.591398 0.640127 0.587814 0.640127 0.580645
0 0.885350 0.580645 0.882166 0.584229 0.882166 0.587814 0.878981 0.591398 0.882166 0.594982 0.882166 0.602151 0.885350 0.605735 0.891720 0.605735 0.894904 0.602151 0.898089 0.602151 0.898089 0.584229 0.894904 0.580645
0 0.773885 0.584229 0.767516 0.591398 0.767516 0.598566 0.770701 0.602151 0.770701 0.605735 0.777070 0.612903 0.786624 0.612903 0.786624 0.609319 0.789809 0.605735 0.789809 0.602151 0.792994 0.598566 0.792994 0.591398 0.786624 0.584229
0 0.557325 0.598566 0.550955 0.598566 0.547771 0.594982 0.544586 0.598566 0.538217 0.598566 0.531847 0.605735 0.525478 0.623656 0.506369 0.648746 0.506369 0.655914 0.522293 0.652330 0.547771 0.634409 0.560510 0.616487 0.560510 0.605735
0 0.162420 0.609319 0.152866 0.602151 0.143312 0.602151 0.124204 0.620072 0.098726 0.634409 0.098726 0.655914 0.111465 0.666667 0.136943 0.666667 0.146497 0.659498 0.159236 0.641577 0.165605 0.620072
0 0.649682 0.602151 0.643312 0.609319 0.643312 0.612903 0.640127 0.616487 0.640127 0.620072 0.643312 0.623656 0.643312 0.630824 0.646497 0.630824 0.656051 0.637993 0.665605 0.637993 0.668790 0.634409 0.668790 0.620072 0.665605 0.616487 0.665605 0.609319 0.659236 0.602151
0 0.506369 0.612903 0.503185 0.609319 0.493631 0.616487 0.480892 0.616487 0.458599 0.645161 0.468153 0.652330 0.487261 0.652330 0.496815 0.641577 0.496815 0.634409 0.500000 0.630824
0 0.232484 0.623656 0.229299 0.620072 0.222930 0.620072 0.207006 0.630824 0.200637 0.630824 0.197452 0.634409 0.194268 0.634409 0.187898 0.641577 0.187898 0.652330 0.197452 0.659498 0.207006 0.659498 0.216561 0.648746 0.226115 0.645161 0.232484 0.637993
0 0.745223 0.623656 0.742038 0.627240 0.742038 0.634409 0.745223 0.637993 0.745223 0.641577 0.748408 0.641577 0.751592 0.645161 0.757962 0.645161 0.761146 0.641577 0.761146 0.630824 0.757962 0.627240 0.757962 0.623656
0 0.621019 0.641577 0.614650 0.634409 0.598726 0.634409 0.585987 0.648746 0.585987 0.663082 0.589172 0.666667 0.598726 0.666667 0.601911 0.663082 0.611465 0.663082 0.614650 0.659498 0.617834 0.659498 0.621019 0.655914
0 0.057325 0.663082 0.054140 0.659498 0.041401 0.659498 0.038217 0.663082 0.028662 0.666667 0.019108 0.681004 0.019108 0.702509 0.038217 0.702509 0.054140 0.684588 0.054140 0.681004 0.057325 0.677419
0 0.133758 0.677419 0.133758 0.691756 0.149682 0.706093 0.165605 0.713262 0.178344 0.713262 0.181529 0.709677 0.197452 0.713262 0.210191 0.709677 0.219745 0.698925 0.219745 0.681004 0.203822 0.663082 0.194268 0.659498 0.187898 0.663082 0.178344 0.659498 0.143312 0.663082
0 0.496815 0.673835 0.506369 0.673835 0.522293 0.688172 0.531847 0.691756 0.538217 0.677419 0.544586 0.670251 0.544586 0.663082 0.547771 0.659498 0.531847 0.659498 0.528662 0.663082 0.522293 0.663082 0.519108 0.659498 0.515924 0.666667 0.509554 0.659498 0.512739 0.663082 0.506369 0.670251
0 0.312102 0.666667 0.302548 0.666667 0.296178 0.673835 0.283439 0.673835 0.277070 0.681004 0.273885 0.681004 0.270701 0.684588 0.270701 0.695341 0.283439 0.695341 0.286624 0.691756 0.296178 0.691756 0.299363 0.688172 0.302548 0.688172 0.302548 0.684588 0.312102 0.673835
0 0.643312 0.673835 0.640127 0.677419 0.640127 0.684588 0.643312 0.688172 0.649682 0.706093 0.665605 0.724014 0.671975 0.724014 0.675159 0.720430 0.675159 0.709677 0.671975 0.706093 0.671975 0.698925 0.668790 0.695341 0.668790 0.688172 0.665605 0.684588 0.665605 0.681004 0.656051 0.673835
0 0.047771 0.709677 0.050955 0.734767 0.063694 0.745520 0.082803 0.741935 0.085987 0.738351 0.101911 0.738351 0.111465 0.734767 0.121019 0.724014 0.117834 0.706093 0.101911 0.695341 0.079618 0.691756 0.076433 0.688172 0.060510 0.691756
0 0.009554 0.709677 0.003185 0.716846 0.003185 0.749104 0.006369 0.756272 0.041401 0.767025 0.047771 0.759857 0.044586 0.749104 0.054140 0.741935 0.047771 0.734767 0.044586 0.720430 0.038217 0.720430 0.031847 0.706093
0 0.378981 0.720430 0.369427 0.709677 0.340764 0.709677 0.321656 0.720430 0.302548 0.738351 0.302548 0.749104 0.328025 0.763441 0.359873 0.763441 0.366242 0.759857 0.378981 0.738351
0 0.490446 0.720430 0.474522 0.720430 0.464968 0.734767 0.464968 0.759857 0.471338 0.767025 0.480892 0.767025 0.484076 0.763441 0.487261 0.763441 0.490446 0.759857 0.490446 0.756272 0.500000 0.745520 0.500000 0.734767
0 0.850318 0.749104 0.853503 0.752688 0.866242 0.752688 0.875796 0.741935 0.878981 0.741935 0.882166 0.738351 0.882166 0.734767 0.878981 0.734767 0.875796 0.731183 0.859873 0.731183 0.856688 0.734767 0.853503 0.734767 0.850318 0.738351
0 0.117834 0.749104 0.108280 0.738351 0.101911 0.741935 0.085987 0.741935 0.082803 0.745520 0.073248 0.745520 0.066879 0.752688 0.063694 0.752688 0.060510 0.767025 0.070064 0.784946 0.076433 0.784946 0.079618 0.788530 0.095541 0.788530 0.114650 0.767025
0 0.799363 0.763441 0.799363 0.795699 0.815287 0.813620 0.831210 0.813620 0.834395 0.802867 0.824841 0.788530 0.824841 0.767025 0.815287 0.756272 0.808917 0.756272
0 0.863057 0.774194 0.863057 0.777778 0.866242 0.781362 0.866242 0.784946 0.882166 0.784946 0.885350 0.781362 0.885350 0.777778 0.888535 0.774194 0.888535 0.770609 0.885350 0.767025 0.872611 0.767025 0.869427 0.770609 0.866242 0.770609
0 0.181529 0.777778 0.181529 0.792115 0.191083 0.799283 0.210191 0.799283 0.213376 0.795699 0.216561 0.795699 0.222930 0.788530 0.222930 0.781362 0.219745 0.777778 0.219745 0.774194 0.210191 0.774194 0.207006 0.770609 0.197452 0.770609 0.194268 0.774194 0.184713 0.774194
0 0.713376 0.795699 0.707006 0.788530 0.694268 0.788530 0.681529 0.799283 0.675159 0.799283 0.662420 0.806452 0.649682 0.824373 0.656051 0.835125 0.659236 0.849462 0.668790 0.849462 0.671975 0.853047 0.694268 0.842294 0.713376 0.817204
0 0.060510 0.813620 0.060510 0.824373 0.076433 0.838710 0.082803 0.838710 0.092357 0.845878 0.108280 0.845878 0.127389 0.824373 0.133758 0.813620 0.133758 0.802867 0.121019 0.792115 0.085987 0.792115
0 0.270701 0.813620 0.273885 0.824373 0.283439 0.831541 0.312102 0.831541 0.312102 0.827957 0.315287 0.824373 0.315287 0.810036 0.312102 0.806452 0.312102 0.802867 0.308917 0.802867 0.305732 0.799283 0.283439 0.799283 0.277070 0.806452 0.273885 0.806452 0.273885 0.810036
0 0.856688 0.802867 0.853503 0.806452 0.853503 0.820789 0.856688 0.820789 0.859873 0.824373 0.866242 0.824373 0.869427 0.820789 0.869427 0.810036 0.863057 0.802867
0 0.229299 0.820789 0.219745 0.813620 0.207006 0.813620 0.181529 0.827957 0.165605 0.845878 0.162420 0.863799 0.175159 0.878136 0.194268 0.878136 0.200637 0.874552 0.226115 0.842294 0.229299 0.835125
0 0.525478 0.838710 0.525478 0.842294 0.522293 0.845878 0.522293 0.853047 0.528662 0.863799 0.531847 0.863799 0.547771 0.874552 0.554140 0.874552 0.557325 0.878136 0.570064 0.878136 0.573248 0.874552 0.573248 0.867384 0.560510 0.853047 0.554140 0.853047 0.535032 0.838710
0 0.853503 0.842294 0.837580 0.860215 0.837580 0.867384 0.840764 0.870968 0.840764 0.874552 0.853503 0.888889 0.866242 0.888889 0.872611 0.878136 0.872611 0.849462 0.866242 0.842294
0 0.464968 0.845878 0.458599 0.853047 0.458599 0.874552 0.461783 0.878136 0.461783 0.881720 0.474522 0.892473 0.487261 0.892473 0.496815 0.881720 0.496815 0.878136 0.500000 0.874552 0.484076 0.853047 0.484076 0.845878
0 0.423567 0.853047 0.398089 0.853047 0.394904 0.856631 0.391720 0.856631 0.382166 0.867384 0.382166 0.870968 0.385350 0.874552 0.385350 0.878136 0.388535 0.878136 0.398089 0.885305 0.404459 0.885305 0.407643 0.881720 0.410828 0.881720 0.420382 0.870968 0.420382 0.863799 0.423567 0.860215
0 0.671975 0.863799 0.662420 0.863799 0.646497 0.881720 0.643312 0.881720 0.627389 0.896057 0.624204 0.906810 0.630573 0.917563 0.640127 0.917563 0.671975 0.888889 0.671975 0.881720 0.675159 0.878136
0 0.703822 0.881720 0.700637 0.878136 0.694268 0.878136 0.691083 0.881720 0.687898 0.881720 0.678344 0.892473 0.671975 0.892473 0.668790 0.896057 0.671975 0.899642 0.671975 0.903226 0.675159 0.903226 0.678344 0.906810 0.681529 0.903226 0.691083 0.903226 0.700637 0.896057 0.700637 0.892473 0.703822 0.888889
0 0.038217 0.892473 0.038217 0.906810 0.047771 0.917563 0.054140 0.921147 0.076433 0.921147 0.092357 0.903226 0.082803 0.888889 0.076433 0.885305 0.070064 0.885305 0.066879 0.881720 0.047771 0.881720 0.041401 0.885305
0 0.442675 0.888889 0.439490 0.888889 0.429936 0.899642 0.429936 0.921147 0.433121 0.924731 0.445860 0.924731 0.449045 0.921147 0.452229 0.921147 0.452229 0.917563 0.455414 0.913978 0.455414 0.903226 0.449045 0.896057 0.449045 0.892473 0.445860 0.892473
0 0.742038 0.888889 0.738854 0.888889 0.735669 0.892473 0.735669 0.896057 0.722930 0.910394 0.722930 0.913978 0.716561 0.924731 0.716561 0.931900 0.722930 0.939068 0.735669 0.939068 0.738854 0.935484 0.742038 0.935484 0.751592 0.917563 0.751592 0.899642
0 0.519108 0.892473 0.515924 0.896057 0.512739 0.896057 0.512739 0.899642 0.509554 0.903226 0.509554 0.910394 0.515924 0.921147 0.522293 0.921147 0.525478 0.924731 0.528662 0.924731 0.538217 0.917563 0.538217 0.903226 0.535032 0.899642 0.531847 0.899642 0.525478 0.892473
0 0.219745 0.910394 0.207006 0.913978 0.194268 0.921147 0.178344 0.939068 0.175159 0.946237 0.175159 0.964158 0.181529 0.974910 0.191083 0.978495 0.203822 0.971326 0.216561 0.956989 0.219745 0.946237 0.229299 0.931900 0.229299 0.917563
0 0.595541 0.910394 0.592357 0.913978 0.589172 0.913978 0.589172 0.921147 0.585987 0.924731 0.589172 0.928315 0.589172 0.931900 0.592357 0.935484 0.601911 0.935484 0.605096 0.931900 0.605096 0.928315 0.608280 0.924731 0.608280 0.913978 0.605096 0.910394
0 0.888535 0.910394 0.882166 0.910394 0.878981 0.913978 0.875796 0.913978 0.872611 0.917563 0.872611 0.924731 0.875796 0.928315 0.878981 0.928315 0.882166 0.931900 0.885350 0.931900 0.891720 0.924731 0.891720 0.913978
0 0.678344 0.921147 0.675159 0.921147 0.671975 0.917563 0.665605 0.917563 0.662420 0.921147 0.659236 0.921147 0.656051 0.924731 0.656051 0.928315 0.649682 0.939068 0.649682 0.949821 0.652866 0.953405 0.659236 0.953405 0.665605 0.946237 0.668790 0.946237 0.668790 0.942652 0.678344 0.931900
0 0.821656 0.917563 0.808917 0.917563 0.802548 0.924731 0.802548 0.946237 0.808917 0.953405 0.815287 0.953405 0.824841 0.946237 0.824841 0.939068 0.828025 0.935484 0.828025 0.928315
0 0.633758 0.921147 0.624204 0.921147 0.621019 0.924731 0.621019 0.928315 0.611465 0.939068 0.611465 0.946237 0.608280 0.949821 0.608280 0.960573 0.617834 0.960573 0.627389 0.953405 0.627389 0.949821 0.633758 0.942652 0.633758 0.939068 0.636943 0.935484 0.636943 0.931900 0.633758 0.928315
0 0.837580 0.953405 0.840764 0.956989 0.843949 0.956989 0.847134 0.953405 0.853503 0.953405 0.859873 0.946237 0.856688 0.942652 0.856688 0.939068 0.843949 0.939068 0.837580 0.946237
0 0.092357 0.956989 0.079618 0.946237 0.070064 0.949821 0.044586 0.978495 0.044586 0.996416 0.089172 0.996416 0.092357 0.992832
0 0.716561 0.949821 0.703822 0.949821 0.700637 0.953405 0.700637 0.956989 0.697452 0.960573 0.697452 0.978495 0.707006 0.978495 0.716561 0.967742 0.716561 0.964158 0.719745 0.960573 0.719745 0.956989 0.716561 0.953405
0 0.455414 0.953405 0.449045 0.953405 0.442675 0.960573 0.439490 0.960573 0.439490 0.978495 0.442675 0.982079 0.455414 0.982079 0.461783 0.974910 0.461783 0.967742 0.458599 0.964158 0.458599 0.956989
0 0.289809 0.956989 0.267516 0.956989 0.242038 0.978495 0.242038 0.992832 0.248408 0.996416 0.270701 0.992832 0.292994 0.971326 0.292994 0.964158
0 0.359873 0.985663 0.359873 0.989247 0.363057 0.992832 0.401274 0.992832 0.401274 0.985663 0.394904 0.978495 0.394904 0.974910 0.388535 0.974910 0.385350 0.971326 0.378981 0.971326 0.375796 0.974910 0.369427 0.974910
0 0.764331 0.978495 0.761146 0.978495 0.757962 0.974910 0.751592 0.974910 0.748408 0.978495 0.742038 0.978495 0.738854 0.982079 0.735669 0.982079 0.735669 0.985663 0.732484 0.989247 0.732484 0.992832 0.735669 0.996416 0.742038 0.996416 0.745223 0.992832 0.757962 0.992832 0.761146 0.989247 0.764331 0.989247
0 0.640127 0.989247 0.640127 0.992832 0.643312 0.996416 0.656051 0.996416 0.659236 0.992832 0.662420 0.992832 0.662420 0.989247 0.659236 0.985663 0.656051 0.985663 0.652866 0.982079 0.649682 0.982079 0.646497 0.985663 0.643312 0.985663
