0 0.859873 0.118280 0.847134 0.129032 0.840764 0.143369 0.840764 0.161290 0.853503 0.179211 0.859873 0.182796 0.872611 0.182796 0.888535 0.168459 0.888535 0.136201 0.875796 0.118280
0 0.812102 0.121864 0.808917 0.125448 0.802548 0.125448 0.786624 0.146953 0.786624 0.154122 0.796178 0.179211 0.805732 0.186380 0.812102 0.186380 0.824841 0.179211 0.831210 0.172043 0.837580 0.157706 0.828025 0.132616 0.821656 0.125448 0.815287 0.125448
0 0.382166 0.129032 0.369427 0.129032 0.359873 0.136201 0.359873 0.146953 0.356688 0.150538 0.356688 0.154122 0.363057 0.164875 0.369427 0.164875 0.378981 0.154122 0.382166 0.154122 0.382166 0.146953 0.385350 0.143369 0.385350 0.132616
0 0.480892 0.136201 0.480892 0.139785 0.484076 0.139785 0.487261 0.143369 0.487261 0.146953 0.500000 0.146953 0.493631 0.139785 0.490446 0.139785 0.487261 0.136201
0 0.767516 0.164875 0.757962 0.168459 0.742038 0.193548 0.742038 0.215054 0.751592 0.225806 0.773885 0.225806 0.777070 0.211470 0.780255 0.207885 0.780255 0.182796
0 0.843949 0.186380 0.831210 0.197133 0.828025 0.204301 0.828025 0.215054 0.831210 0.218638 0.831210 0.225806 0.843949 0.240143 0.859873 0.240143 0.872611 0.225806 0.875796 0.204301 0.872611 0.197133 0.869427 0.197133 0.863057 0.189964
0 0.302548 0.193548 0.289809 0.193548 0.283439 0.197133 0.273885 0.211470 0.273885 0.218638 0.270701 0.222222 0.270701 0.243728 0.277070 0.258065 0.283439 0.261649 0.292994 0.261649 0.302548 0.250896 0.305732 0.250896 0.315287 0.229391 0.315287 0.207885 0.308917 0.197133
0 0.216561 0.204301 0.210191 0.215054 0.210191 0.258065 0.213376 0.265233 0.232484 0.283154 0.257962 0.283154 0.264331 0.275986 0.264331 0.254480 0.257962 0.236559 0.238854 0.207885 0.232484 0.204301
0 0.792994 0.204301 0.783439 0.215054 0.780255 0.215054 0.773885 0.229391 0.777070 0.243728 0.789809 0.261649 0.796178 0.265233 0.815287 0.265233 0.824841 0.258065 0.824841 0.250896 0.828025 0.247312 0.824841 0.243728 0.821656 0.225806 0.808917 0.207885 0.802548 0.204301
0 0.178344 0.229391 0.162420 0.243728 0.159236 0.258065 0.156051 0.261649 0.159236 0.265233 0.162420 0.279570 0.168790 0.286738 0.175159 0.290323 0.187898 0.290323 0.197452 0.279570 0.203822 0.265233 0.203822 0.254480 0.187898 0.232975 0.187898 0.229391
0 0.742038 0.232975 0.738854 0.236559 0.738854 0.247312 0.742038 0.250896 0.748408 0.268817 0.754777 0.275986 0.767516 0.275986 0.780255 0.265233 0.780255 0.261649 0.777070 0.258065 0.777070 0.247312 0.773885 0.243728 0.773885 0.236559 0.770701 0.236559 0.764331 0.229391 0.751592 0.229391 0.748408 0.232975
0 0.726115 0.240143 0.719745 0.236559 0.707006 0.236559 0.684713 0.258065 0.675159 0.283154 0.675159 0.297491 0.684713 0.304659 0.707006 0.304659 0.732484 0.286738 0.735669 0.279570 0.735669 0.254480
0 0.866242 0.272401 0.859873 0.265233 0.847134 0.265233 0.843949 0.268817 0.840764 0.268817 0.834395 0.275986 0.831210 0.286738 0.837580 0.293907 0.837580 0.297491 0.847134 0.297491 0.850318 0.293907 0.853503 0.293907 0.856688 0.290323 0.866242 0.286738
0 0.098726 0.290323 0.098726 0.304659 0.101911 0.311828 0.114650 0.322581 0.133758 0.322581 0.149682 0.311828 0.159236 0.301075 0.159236 0.290323 0.133758 0.272401 0.114650 0.272401 0.108280 0.275986
0 0.815287 0.283154 0.808917 0.283154 0.805732 0.279570 0.799363 0.283154 0.789809 0.283154 0.770701 0.301075 0.770701 0.315412 0.773885 0.318996 0.773885 0.326165 0.783439 0.336918 0.789809 0.336918 0.792994 0.340502 0.808917 0.340502 0.821656 0.326165 0.821656 0.311828 0.824841 0.308244 0.821656 0.304659 0.821656 0.293907
0 0.646497 0.297491 0.636943 0.286738 0.624204 0.286738 0.617834 0.293907 0.614650 0.293907 0.601911 0.308244 0.601911 0.315412 0.605096 0.318996 0.630573 0.318996 0.633758 0.315412 0.636943 0.315412 0.643312 0.308244
0 0.305732 0.293907 0.296178 0.293907 0.292994 0.297491 0.264331 0.297491 0.261146 0.301075 0.254777 0.301075 0.248408 0.308244 0.248408 0.315412 0.251592 0.315412 0.254777 0.318996 0.283439 0.318996 0.286624 0.315412 0.292994 0.315412 0.302548 0.304659
0 0.722930 0.311828 0.707006 0.326165 0.707006 0.340502 0.719745 0.358423 0.726115 0.362007 0.735669 0.362007 0.748408 0.354839 0.754777 0.347670 0.757962 0.340502 0.757962 0.329749 0.745223 0.311828
0 0.668790 0.322581 0.656051 0.333333 0.649682 0.354839 0.659236 0.369176 0.665605 0.369176 0.668790 0.372760 0.681529 0.372760 0.694268 0.365591 0.700637 0.351254 0.700637 0.340502 0.691083 0.326165 0.684713 0.322581
0 0.283439 0.351254 0.280255 0.354839 0.273885 0.354839 0.267516 0.362007 0.267516 0.365591 0.270701 0.369176 0.270701 0.372760 0.277070 0.379928 0.283439 0.379928 0.289809 0.372760 0.289809 0.358423
0 0.312102 0.354839 0.305732 0.354839 0.302548 0.358423 0.302548 0.372760 0.299363 0.376344 0.299363 0.390681 0.302548 0.394265 0.308917 0.394265 0.318471 0.383513 0.318471 0.379928 0.315287 0.376344 0.315287 0.362007 0.312102 0.358423
0 0.834395 0.354839 0.828025 0.365591 0.828025 0.383513 0.831210 0.390681 0.843949 0.401434 0.850318 0.401434 0.853503 0.405018 0.859873 0.405018 0.866242 0.401434 0.875796 0.387097 0.872611 0.379928 0.872611 0.372760 0.859873 0.358423 0.853503 0.354839
0 0.598726 0.379928 0.592357 0.390681 0.592357 0.405018 0.601911 0.415771 0.601911 0.419355 0.611465 0.419355 0.621019 0.426523 0.630573 0.426523 0.643312 0.419355 0.649682 0.405018 0.646497 0.401434 0.646497 0.390681 0.643312 0.383513 0.624204 0.372760
0 0.729299 0.405018 0.729299 0.412186 0.742038 0.426523 0.767516 0.426523 0.786624 0.408602 0.789809 0.394265 0.780255 0.383513 0.773885 0.383513 0.761146 0.376344 0.745223 0.376344 0.735669 0.387097 0.732484 0.401434
0 0.047771 0.383513 0.044586 0.387097 0.044586 0.390681 0.035032 0.401434 0.031847 0.401434 0.031847 0.412186 0.035032 0.415771 0.035032 0.422939 0.041401 0.430108 0.041401 0.433692 0.050955 0.440860 0.060510 0.433692 0.060510 0.397849
0 0.687898 0.394265 0.671975 0.394265 0.659236 0.405018 0.652866 0.405018 0.646497 0.415771 0.646497 0.437276 0.652866 0.444444 0.659236 0.448029 0.671975 0.448029 0.675159 0.444444 0.684713 0.444444 0.697452 0.437276 0.703822 0.430108 0.703822 0.415771
0 0.207006 0.408602 0.210191 0.412186 0.210191 0.415771 0.213376 0.419355 0.232484 0.419355 0.235669 0.415771 0.238854 0.415771 0.238854 0.408602 0.235669 0.405018 0.232484 0.405018 0.229299 0.401434 0.213376 0.401434
0 0.624204 0.437276 0.617834 0.426523 0.614650 0.426523 0.611465 0.422939 0.598726 0.422939 0.579618 0.444444 0.579618 0.451613 0.582803 0.455197 0.611465 0.455197 0.614650 0.451613 0.617834 0.451613 0.617834 0.448029
0 0.359873 0.430108 0.353503 0.440860 0.353503 0.448029 0.356688 0.451613 0.356688 0.455197 0.363057 0.462366 0.372611 0.462366 0.375796 0.458781 0.378981 0.458781 0.385350 0.451613 0.385350 0.437276 0.378981 0.430108
0 0.487261 0.448029 0.487261 0.473118 0.503185 0.483871 0.509554 0.483871 0.512739 0.487455 0.538217 0.487455 0.541401 0.483871 0.541401 0.469534 0.528662 0.451613 0.509554 0.440860 0.496815 0.440860 0.490446 0.448029
0 0.299363 0.444444 0.299363 0.455197 0.302548 0.458781 0.302548 0.462366 0.305732 0.465950 0.315287 0.465950 0.321656 0.458781 0.321656 0.451613 0.318471 0.448029 0.312102 0.448029 0.308917 0.444444
0 0.563694 0.469534 0.560510 0.473118 0.560510 0.491039 0.563694 0.494624 0.566879 0.508961 0.576433 0.519713 0.582803 0.519713 0.585987 0.523297 0.601911 0.516129 0.605096 0.512545 0.605096 0.491039 0.601911 0.483871 0.595541 0.476703 0.582803 0.469534
0 0.394904 0.476703 0.391720 0.473118 0.385350 0.473118 0.375796 0.483871 0.375796 0.487455 0.363057 0.501792 0.363057 0.508961 0.366242 0.508961 0.369427 0.512545 0.372611 0.508961 0.375796 0.508961 0.378981 0.505376 0.378981 0.501792 0.382166 0.498208 0.385350 0.498208 0.391720 0.491039 0.391720 0.487455 0.394904 0.483871
0 0.277070 0.483871 0.277070 0.491039 0.280255 0.494624 0.296178 0.494624 0.299363 0.491039 0.299363 0.487455 0.302548 0.483871 0.296178 0.476703 0.286624 0.476703 0.283439 0.480287 0.280255 0.480287
0 0.242038 0.523297 0.245223 0.534050 0.254777 0.541219 0.286624 0.537634 0.302548 0.551971 0.308917 0.551971 0.312102 0.548387 0.308917 0.544803 0.308917 0.537634 0.292994 0.519713 0.277070 0.519713 0.267516 0.512545 0.254777 0.508961 0.248408 0.512545
0 0.468153 0.523297 0.471338 0.541219 0.490446 0.559140 0.506369 0.559140 0.519108 0.548387 0.528662 0.544803 0.528662 0.541219 0.535032 0.534050 0.525478 0.526882 0.509554 0.526882 0.487261 0.516129 0.474522 0.516129
0 0.089172 0.523297 0.082803 0.530466 0.082803 0.548387 0.085987 0.551971 0.089172 0.551971 0.092357 0.555556 0.098726 0.555556 0.105096 0.548387 0.105096 0.537634 0.101911 0.534050 0.101911 0.526882 0.098726 0.523297
0 0.041401 0.577061 0.035032 0.573477 0.012739 0.573477 0.009554 0.577061 0.003185 0.577061 0.003185 0.612903 0.000000 0.616487 0.000000 0.627240 0.003185 0.630824 0.012739 0.630824 0.025478 0.623656 0.035032 0.612903 0.041401 0.598566 0.041401 0.591398 0.044586 0.587814
0 0.433121 0.573477 0.426752 0.580645 0.426752 0.584229 0.423567 0.587814 0.423567 0.598566 0.429936 0.609319 0.439490 0.609319 0.442675 0.612903 0.445860 0.612903 0.455414 0.602151 0.455414 0.587814 0.442675 0.573477
0 0.464968 0.605735 0.464968 0.627240 0.477707 0.637993 0.487261 0.637993 0.490446 0.641577 0.506369 0.641577 0.512739 0.637993 0.525478 0.620072 0.522293 0.605735 0.506369 0.587814 0.484076 0.587814
0 0.436306 0.645161 0.429936 0.655914 0.429936 0.670251 0.433121 0.673835 0.433121 0.681004 0.445860 0.688172 0.452229 0.695341 0.468153 0.695341 0.474522 0.691756 0.484076 0.677419 0.484076 0.663082 0.468153 0.648746 0.461783 0.648746 0.458599 0.645161
0 0.082803 0.659498 0.082803 0.663082 0.079618 0.666667 0.079618 0.681004 0.082803 0.684588 0.092357 0.684588 0.095541 0.681004 0.098726 0.681004 0.098726 0.670251 0.092357 0.663082 0.092357 0.659498
0 0.420382 0.673835 0.404459 0.673835 0.394904 0.684588 0.391720 0.706093 0.388535 0.709677 0.388535 0.727599 0.398089 0.734767 0.410828 0.734767 0.429936 0.713262 0.429936 0.684588
0 0.216561 0.691756 0.216561 0.702509 0.222930 0.709677 0.235669 0.709677 0.238854 0.706093 0.222930 0.688172 0.219745 0.691756
0 0.445860 0.724014 0.436306 0.734767 0.436306 0.752688 0.442675 0.767025 0.455414 0.774194 0.468153 0.774194 0.474522 0.770609 0.484076 0.756272 0.484076 0.745520 0.480892 0.738351 0.471338 0.727599 0.464968 0.727599 0.461783 0.724014
0 0.382166 0.759857 0.375796 0.770609 0.375796 0.784946 0.382166 0.799283 0.394904 0.813620 0.401274 0.813620 0.414013 0.820789 0.426752 0.820789 0.439490 0.806452 0.439490 0.788530 0.420382 0.763441 0.407643 0.756272 0.388535 0.756272
0 0.703822 0.756272 0.700637 0.759857 0.700637 0.774194 0.697452 0.777778 0.700637 0.781362 0.700637 0.788530 0.710191 0.795699 0.722930 0.795699 0.726115 0.792115 0.729299 0.792115 0.735669 0.781362 0.735669 0.777778 0.732484 0.774194 0.732484 0.767025 0.726115 0.759857 0.722930 0.759857 0.719745 0.756272
0 0.761146 0.781362 0.761146 0.792115 0.764331 0.795699 0.767516 0.795699 0.773885 0.802867 0.792994 0.802867 0.802548 0.792115 0.802548 0.784946 0.796178 0.777778 0.780255 0.777778 0.777070 0.774194 0.773885 0.774194 0.770701 0.777778 0.764331 0.777778
0 0.347134 0.777778 0.334395 0.795699 0.328025 0.842294 0.337580 0.853047 0.363057 0.853047 0.375796 0.845878 0.382166 0.831541 0.382166 0.810036 0.359873 0.781362
0 0.028662 0.810036 0.022293 0.810036 0.012739 0.827957 0.012739 0.835125 0.009554 0.838710 0.009554 0.845878 0.006369 0.849462 0.009554 0.860215 0.019108 0.860215 0.019108 0.856631 0.031847 0.838710 0.031847 0.813620
0 0.343949 0.874552 0.343949 0.885305 0.353503 0.906810 0.372611 0.921147 0.394904 0.917563 0.407643 0.903226 0.407643 0.896057 0.410828 0.892473 0.407643 0.878136 0.398089 0.867384 0.391720 0.867384 0.388535 0.863799 0.363057 0.863799 0.359873 0.867384 0.350318 0.867384
0 0.098726 0.885305 0.092357 0.885305 0.082803 0.892473 0.082803 0.896057 0.079618 0.899642 0.079618 0.921147 0.089172 0.921147 0.095541 0.913978 0.095541 0.910394 0.098726 0.906810 0.098726 0.899642 0.101911 0.896057 0.101911 0.892473 0.098726 0.888889
0 0.324841 0.885305 0.305732 0.885305 0.299363 0.888889 0.289809 0.906810 0.289809 0.924731 0.286624 0.928315 0.292994 0.942652 0.308917 0.953405 0.315287 0.953405 0.324841 0.946237 0.337580 0.928315 0.337580 0.906810 0.334395 0.903226 0.334395 0.896057
0 0.888535 0.917563 0.878981 0.921147 0.878981 0.924731 0.875796 0.928315 0.866242 0.931900 0.866242 0.935484 0.863057 0.939068 0.863057 0.960573 0.872611 0.974910 0.882166 0.960573 0.882166 0.942652 0.891720 0.924731 0.888535 0.921147
0 0.264331 0.921147 0.257962 0.928315 0.257962 0.935484 0.254777 0.939068 0.254777 0.967742 0.264331 0.985663 0.270701 0.989247 0.280255 0.989247 0.292994 0.978495 0.292994 0.964158 0.289809 0.960573 0.289809 0.939068 0.286624 0.931900 0.283439 0.931900 0.277070 0.924731
0 0.337580 0.939068 0.334395 0.939068 0.315287 0.956989 0.318471 0.960573 0.318471 0.971326 0.324841 0.978495 0.324841 0.982079 0.328025 0.985663 0.337580 0.985663 0.340764 0.982079 0.343949 0.982079 0.347134 0.978495 0.347134 0.971326 0.350318 0.967742 0.350318 0.960573 0.347134 0.956989 0.347134 0.949821
0 0.130573 0.946237 0.130573 0.964158 0.136943 0.971326 0.140127 0.971326 0.140127 0.967742 0.143312 0.964158 0.143312 0.949821 0.140127 0.946237
0 0.245223 0.964158 0.242038 0.964158 0.235669 0.971326 0.235669 0.978495 0.226115 0.989247 0.226115 0.992832 0.242038 0.992832 0.245223 0.989247
