0 0.264331 0.000000 0.242038 0.000000 0.238854 0.003597 0.235669 0.014388 0.238854 0.017986 0.238854 0.032374 0.242038 0.035971 0.242038 0.039568 0.251592 0.039568 0.264331 0.021583 0.264331 0.017986 0.270701 0.007194
0 0.184713 0.003597 0.171975 0.003597 0.165605 0.010791 0.165605 0.021583 0.168790 0.025180 0.184713 0.007194
0 0.222930 0.115108 0.213376 0.115108 0.200637 0.133094 0.197452 0.143885 0.175159 0.161871 0.168790 0.179856 0.168790 0.190647 0.175159 0.197842 0.187898 0.197842 0.203822 0.183453 0.213376 0.154676 0.229299 0.133094 0.229299 0.125899
0 0.079618 0.129496 0.073248 0.129496 0.066879 0.136691 0.066879 0.143885 0.063694 0.147482 0.063694 0.151079 0.073248 0.151079 0.076433 0.147482 0.076433 0.143885 0.079618 0.140288
0 0.738854 0.133094 0.732484 0.133094 0.719745 0.147482 0.713376 0.161871 0.713376 0.194245 0.722930 0.208633 0.729299 0.208633 0.742038 0.190647 0.742038 0.176259 0.745223 0.172662 0.745223 0.140288
0 0.633758 0.172662 0.627389 0.172662 0.621019 0.179856 0.614650 0.194245 0.614650 0.215827 0.608280 0.226619 0.608280 0.244604 0.617834 0.251799 0.624204 0.248201 0.630573 0.237410 0.630573 0.205036 0.636943 0.190647 0.636943 0.176259
0 0.528662 0.248201 0.525478 0.244604 0.519108 0.244604 0.515924 0.248201 0.506369 0.248201 0.503185 0.251799 0.500000 0.251799 0.496815 0.255396 0.496815 0.258993 0.500000 0.262590 0.525478 0.262590 0.528662 0.258993
0 0.038217 0.273381 0.025478 0.273381 0.015924 0.284173 0.012739 0.284173 0.012739 0.287770 0.009554 0.291367 0.009554 0.298561 0.006369 0.302158 0.006369 0.323741 0.009554 0.327338 0.012739 0.323741 0.019108 0.323741 0.038217 0.302158 0.038217 0.298561 0.041401 0.294964 0.041401 0.284173 0.044586 0.280576
0 0.770701 0.284173 0.757962 0.284173 0.748408 0.305755 0.748408 0.338129 0.754777 0.348921 0.764331 0.345324 0.773885 0.323741 0.773885 0.312950 0.777070 0.309353 0.777070 0.294964
0 0.449045 0.287770 0.442675 0.294964 0.442675 0.320144 0.452229 0.330935 0.455414 0.330935 0.458599 0.334532 0.468153 0.327338 0.468153 0.312950 0.464968 0.309353 0.464968 0.302158 0.458599 0.294964 0.458599 0.291367
0 0.576433 0.312950 0.570064 0.312950 0.566879 0.320144 0.566879 0.348921 0.547771 0.402878 0.541401 0.442446 0.550955 0.438849 0.576433 0.377698 0.579618 0.363309 0.579618 0.316547
0 0.821656 0.356115 0.808917 0.356115 0.805732 0.359712 0.802548 0.359712 0.796178 0.366906 0.796178 0.370504 0.792994 0.374101 0.789809 0.384892 0.799363 0.395683 0.805732 0.395683 0.818471 0.381295 0.818471 0.377698 0.821656 0.374101
0 0.050955 0.384892 0.028662 0.402878 0.009554 0.431655 0.003185 0.446043 0.003185 0.464029 0.000000 0.467626 0.003185 0.474820 0.006369 0.474820 0.031847 0.435252 0.038217 0.417266 0.044586 0.410072
0 0.248408 0.392086 0.248408 0.395683 0.242038 0.402878 0.242038 0.406475 0.235669 0.413669 0.229299 0.428058 0.229299 0.438849 0.226115 0.442446 0.226115 0.467626 0.232484 0.467626 0.232484 0.442446 0.235669 0.438849 0.242038 0.410072 0.248408 0.402878
0 0.506369 0.395683 0.500000 0.399281 0.493631 0.410072 0.500000 0.438849 0.496815 0.442446 0.493631 0.464029 0.490446 0.467626 0.490446 0.485612 0.496815 0.478417 0.503185 0.460432 0.503185 0.438849 0.506369 0.435252 0.506369 0.420863 0.509554 0.417266 0.509554 0.399281
0 0.337580 0.417266 0.337580 0.420863 0.334395 0.424460 0.334395 0.435252 0.337580 0.438849 0.337580 0.449640 0.343949 0.456835 0.343949 0.460432 0.353503 0.478417 0.356688 0.474820 0.356688 0.467626 0.359873 0.464029 0.359873 0.449640 0.356688 0.446043 0.347134 0.420863 0.343949 0.417266
0 0.856688 0.435252 0.853503 0.428058 0.843949 0.420863 0.840764 0.424460 0.834395 0.424460 0.831210 0.428058 0.815287 0.431655 0.808917 0.438849 0.802548 0.456835 0.808917 0.464029 0.834395 0.464029 0.837580 0.460432 0.843949 0.460432 0.850318 0.453237 0.853503 0.446043 0.853503 0.438849
0 0.898089 0.446043 0.888535 0.446043 0.885350 0.449640 0.878981 0.449640 0.866242 0.460432 0.866242 0.464029 0.863057 0.467626 0.863057 0.489209 0.866242 0.492806 0.878981 0.492806 0.888535 0.482014 0.888535 0.478417 0.891720 0.474820 0.891720 0.467626 0.894904 0.464029 0.894904 0.449640
0 0.605096 0.482014 0.595541 0.500000 0.595541 0.514388 0.601911 0.528777 0.608280 0.535971 0.621019 0.535971 0.627389 0.528777 0.633758 0.514388 0.633758 0.507194 0.636943 0.503597 0.636943 0.492806 0.633758 0.485612 0.627389 0.482014
0 0.353503 0.492806 0.350318 0.500000 0.350318 0.521583 0.347134 0.525180 0.347134 0.532374 0.340764 0.543165 0.340764 0.553957 0.337580 0.557554 0.337580 0.571942 0.340764 0.575540 0.340764 0.582734 0.347134 0.579137 0.347134 0.571942 0.353503 0.557554 0.353503 0.535971 0.356688 0.532374 0.356688 0.503597 0.353503 0.500000
0 0.066879 0.514388 0.063694 0.528777 0.060510 0.532374 0.057325 0.568345 0.060510 0.571942 0.060510 0.579137 0.070064 0.589928 0.073248 0.589928 0.079618 0.575540 0.079618 0.568345 0.082803 0.564748 0.082803 0.528777 0.076433 0.514388
0 0.550955 0.557554 0.538217 0.568345 0.535032 0.589928 0.531847 0.593525 0.531847 0.607914 0.535032 0.611511 0.535032 0.633094 0.538217 0.636691 0.544586 0.633094 0.544586 0.625899 0.547771 0.622302 0.547771 0.604317 0.550955 0.600719 0.550955 0.589928 0.554140 0.586331 0.554140 0.561151
0 0.710191 0.604317 0.697452 0.604317 0.691083 0.611511 0.687898 0.618705 0.687898 0.629496 0.678344 0.647482 0.678344 0.654676 0.684713 0.661871 0.691083 0.658273 0.710191 0.636691 0.710191 0.633094 0.716561 0.625899 0.716561 0.611511
0 0.872611 0.665468 0.869427 0.669065 0.869427 0.690647 0.872611 0.694245 0.875796 0.694245 0.875796 0.690647 0.878981 0.687050 0.875796 0.683453 0.875796 0.669065
0 0.359873 0.683453 0.353503 0.694245 0.353503 0.726619 0.356688 0.730216 0.366242 0.730216 0.378981 0.712230 0.378981 0.701439 0.375796 0.697842 0.375796 0.690647 0.369427 0.683453
0 0.264331 0.690647 0.261146 0.694245 0.261146 0.708633 0.264331 0.712230 0.264331 0.719424 0.277070 0.733813 0.277070 0.737410 0.283439 0.744604 0.286624 0.741007 0.286624 0.723022 0.283439 0.719424 0.283439 0.712230 0.280255 0.708633 0.280255 0.705036 0.273885 0.697842 0.273885 0.694245 0.270701 0.690647
0 0.098726 0.694245 0.095541 0.697842 0.095541 0.726619 0.098726 0.730216 0.098726 0.737410 0.101911 0.741007 0.108280 0.741007 0.111465 0.737410 0.111465 0.708633 0.108280 0.705036 0.108280 0.701439
0 0.621019 0.723022 0.608280 0.723022 0.601911 0.730216 0.595541 0.758993 0.579618 0.798561 0.582803 0.820144 0.589172 0.820144 0.605096 0.802158 0.614650 0.780576 0.617834 0.758993 0.621019 0.755396
0 0.843949 0.758993 0.843949 0.766187 0.847134 0.769784 0.850318 0.766187 0.863057 0.766187 0.863057 0.758993 0.859873 0.755396 0.847134 0.755396
0 0.815287 0.776978 0.812102 0.780576 0.812102 0.812950 0.815287 0.816547 0.815287 0.823741 0.821656 0.830935 0.824841 0.830935 0.828025 0.827338 0.828025 0.820144 0.824841 0.816547 0.824841 0.794964 0.821656 0.791367 0.821656 0.784173
0 0.560510 0.794964 0.544586 0.798561 0.531847 0.812950 0.515924 0.848921 0.515924 0.859712 0.512739 0.863309 0.515924 0.870504 0.525478 0.870504 0.538217 0.856115 0.541401 0.856115 0.541401 0.852518 0.554140 0.838129 0.554140 0.830935 0.563694 0.812950 0.563694 0.798561
0 0.675159 0.798561 0.665605 0.812950 0.665605 0.820144 0.668790 0.823741 0.668790 0.838129 0.675159 0.845324 0.681529 0.859712 0.684713 0.863309 0.691083 0.863309 0.697452 0.856115 0.697452 0.838129 0.694268 0.834532 0.694268 0.823741 0.687898 0.809353 0.678344 0.798561
0 0.057325 0.816547 0.054140 0.820144 0.054140 0.827338 0.057325 0.830935 0.057325 0.848921 0.060510 0.848921 0.063694 0.845324 0.063694 0.838129 0.060510 0.834532 0.060510 0.816547
0 0.786624 0.845324 0.780255 0.852518 0.780255 0.874101 0.783439 0.877698 0.783439 0.888489 0.786624 0.892086 0.786624 0.895683 0.789809 0.899281 0.792994 0.899281 0.792994 0.888489 0.796178 0.884892 0.796178 0.859712 0.792994 0.856115 0.792994 0.848921 0.789809 0.845324
