0 0.601911 0.143369 0.592357 0.146953 0.585987 0.154122 0.585987 0.157706 0.582803 0.161290 0.582803 0.172043 0.585987 0.172043 0.589172 0.175627 0.595541 0.175627 0.598726 0.179211 0.595541 0.189964 0.601911 0.189964 0.605096 0.179211 0.611465 0.172043 0.608280 0.168459 0.608280 0.150538
0 0.745223 0.200717 0.748408 0.204301 0.754777 0.204301 0.757962 0.207885 0.764331 0.207885 0.767516 0.211470 0.783439 0.211470 0.783439 0.207885 0.780255 0.204301 0.777070 0.204301 0.767516 0.197133 0.761146 0.197133 0.757962 0.193548 0.751592 0.193548
0 0.840764 0.200717 0.831210 0.200717 0.828025 0.204301 0.824841 0.204301 0.824841 0.225806 0.831210 0.225806 0.834395 0.229391 0.837580 0.225806 0.843949 0.225806 0.850318 0.218638 0.850318 0.211470 0.847134 0.207885 0.847134 0.204301 0.843949 0.204301
0 0.770701 0.258065 0.764331 0.258065 0.754777 0.268817 0.751592 0.268817 0.748408 0.272401 0.742038 0.272401 0.738854 0.275986 0.738854 0.279570 0.751592 0.279570 0.754777 0.275986 0.757962 0.275986 0.764331 0.268817 0.767516 0.268817 0.770701 0.265233
0 0.092357 0.261649 0.085987 0.272401 0.085987 0.286738 0.089172 0.290323 0.089172 0.297491 0.092357 0.301075 0.101911 0.301075 0.105096 0.297491 0.108280 0.297491 0.108280 0.293907 0.114650 0.283154 0.111465 0.279570 0.111465 0.268817 0.105096 0.261649
0 0.570064 0.265233 0.560510 0.265233 0.557325 0.268817 0.554140 0.268817 0.547771 0.275986 0.547771 0.286738 0.550955 0.286738 0.554140 0.290323 0.557325 0.290323 0.560510 0.286738 0.566879 0.286738 0.573248 0.279570 0.573248 0.268817
0 0.130573 0.275986 0.124204 0.275986 0.114650 0.286738 0.114650 0.290323 0.111465 0.293907 0.111465 0.304659 0.117834 0.315412 0.127389 0.315412 0.136943 0.304659 0.136943 0.297491 0.140127 0.293907 0.136943 0.290323 0.140127 0.286738
0 0.525478 0.283154 0.519108 0.283154 0.515924 0.286738 0.509554 0.286738 0.503185 0.293907 0.500000 0.293907 0.496815 0.297491 0.496815 0.301075 0.500000 0.301075 0.503185 0.297491 0.506369 0.297491 0.509554 0.293907 0.512739 0.293907 0.515924 0.290323 0.522293 0.290323 0.525478 0.286738
0 0.646497 0.333333 0.640127 0.333333 0.636943 0.336918 0.630573 0.336918 0.627389 0.340502 0.630573 0.344086 0.630573 0.354839 0.636943 0.362007 0.643312 0.362007 0.646497 0.358423 0.646497 0.354839 0.649682 0.351254 0.649682 0.336918
0 0.095541 0.344086 0.092357 0.344086 0.092357 0.347670 0.085987 0.354839 0.079618 0.354839 0.070064 0.365591 0.070064 0.369176 0.060510 0.387097 0.060510 0.394265 0.063694 0.397849 0.073248 0.394265 0.089172 0.379928 0.089172 0.376344 0.092357 0.372760 0.092357 0.365591 0.095541 0.362007 0.095541 0.351254 0.092357 0.347670
0 0.605096 0.354839 0.598726 0.354839 0.598726 0.358423 0.595541 0.362007 0.595541 0.383513 0.601911 0.383513 0.601911 0.379928 0.605096 0.376344 0.605096 0.372760 0.608280 0.369176 0.608280 0.358423
0 0.627389 0.390681 0.627389 0.397849 0.636943 0.408602 0.652866 0.408602 0.652866 0.397849 0.646497 0.390681 0.643312 0.390681 0.640127 0.387097 0.636943 0.387097 0.633758 0.390681
0 0.480892 0.405018 0.474522 0.405018 0.464968 0.415771 0.464968 0.419355 0.468153 0.422939 0.474522 0.422939 0.477707 0.419355 0.477707 0.415771 0.480892 0.412186
0 0.519108 0.415771 0.515924 0.415771 0.512739 0.419355 0.503185 0.419355 0.500000 0.422939 0.490446 0.422939 0.487261 0.426523 0.484076 0.426523 0.484076 0.433692 0.493631 0.433692 0.503185 0.426523 0.512739 0.426523 0.515924 0.422939 0.519108 0.422939
0 0.108280 0.440860 0.101911 0.440860 0.098726 0.444444 0.098726 0.465950 0.101911 0.469534 0.105096 0.469534 0.111465 0.462366 0.111465 0.458781 0.114650 0.455197 0.114650 0.451613 0.111465 0.448029 0.111465 0.444444
0 0.805732 0.473118 0.802548 0.476703 0.802548 0.498208 0.808917 0.505376 0.808917 0.508961 0.818471 0.508961 0.824841 0.501792 0.824841 0.487455 0.821656 0.483871 0.821656 0.480287 0.815287 0.473118
0 0.843949 0.523297 0.840764 0.526882 0.837580 0.526882 0.831210 0.534050 0.831210 0.537634 0.828025 0.541219 0.828025 0.544803 0.831210 0.548387 0.837580 0.548387 0.847134 0.537634 0.847134 0.534050 0.850318 0.530466
0 0.726115 0.544803 0.719745 0.551971 0.719745 0.584229 0.722930 0.584229 0.729299 0.577061 0.729299 0.548387
0 0.579618 0.602151 0.582803 0.605735 0.582803 0.612903 0.589172 0.620072 0.598726 0.620072 0.605096 0.612903 0.608280 0.612903 0.617834 0.602151 0.617834 0.598566 0.611465 0.591398 0.592357 0.591398 0.589172 0.594982 0.585987 0.594982
0 0.178344 0.609319 0.168790 0.602151 0.143312 0.602151 0.136943 0.620072 0.114650 0.616487 0.111465 0.620072 0.111465 0.627240 0.127389 0.634409 0.149682 0.637993 0.152866 0.634409 0.162420 0.634409 0.178344 0.620072
0 0.691083 0.648746 0.687898 0.645161 0.678344 0.645161 0.675159 0.648746 0.671975 0.648746 0.668790 0.652330 0.668790 0.655914 0.671975 0.659498 0.675159 0.659498 0.678344 0.655914 0.684713 0.655914
0 0.350318 0.659498 0.340764 0.659498 0.334395 0.670251 0.334395 0.691756 0.328025 0.702509 0.328025 0.713262 0.337580 0.724014 0.343949 0.720430 0.350318 0.713262 0.350318 0.709677 0.363057 0.698925 0.363057 0.677419
0 0.576433 0.677419 0.576433 0.688172 0.579618 0.688172 0.582803 0.691756 0.598726 0.691756 0.605096 0.684588 0.605096 0.673835 0.601911 0.670251 0.585987 0.670251 0.582803 0.673835 0.579618 0.673835
0 0.003185 0.702509 0.003185 0.709677 0.009554 0.716846 0.012739 0.716846 0.019108 0.709677 0.028662 0.709677 0.031847 0.713262 0.041401 0.709677 0.041401 0.698925 0.035032 0.691756 0.028662 0.691756 0.025478 0.695341 0.022293 0.695341 0.019108 0.691756 0.012739 0.691756
0 0.563694 0.738351 0.560510 0.734767 0.550955 0.734767 0.544586 0.741935 0.544586 0.745520 0.541401 0.749104 0.541401 0.752688 0.544586 0.756272 0.554140 0.756272 0.557325 0.752688 0.557325 0.749104 0.560510 0.745520 0.560510 0.741935
0 0.694268 0.745520 0.691083 0.745520 0.681529 0.756272 0.681529 0.759857 0.678344 0.763441 0.678344 0.781362 0.681529 0.781362 0.684713 0.777778 0.684713 0.770609 0.697452 0.756272 0.697452 0.749104
0 0.595541 0.817204 0.585987 0.817204 0.582803 0.820789 0.566879 0.827957 0.547771 0.845878 0.554140 0.845878 0.557325 0.842294 0.563694 0.842294 0.566879 0.838710 0.576433 0.838710 0.579618 0.835125 0.589172 0.835125 0.592357 0.831541 0.595541 0.831541
0 0.659236 0.863799 0.656051 0.860215 0.649682 0.860215 0.643312 0.867384 0.640127 0.867384 0.633758 0.874552 0.633758 0.885305 0.643312 0.885305 0.649682 0.878136 0.649682 0.874552
0 0.853503 0.888889 0.847134 0.899642 0.847134 0.910394 0.850318 0.913978 0.850318 0.921147 0.863057 0.935484 0.872611 0.935484 0.875796 0.931900 0.875796 0.921147 0.872611 0.917563 0.872611 0.910394 0.866242 0.903226 0.866242 0.899642 0.859873 0.892473 0.856688 0.892473
0 0.738854 0.982079 0.735669 0.978495 0.732484 0.978495 0.729299 0.982079 0.726115 0.982079 0.722930 0.985663 0.722930 0.989247 0.719745 0.992832 0.722930 0.996416 0.726115 0.996416 0.729299 0.992832 0.735669 0.992832 0.738854 0.989247
