0 0.292063 0.003597 0.292063 0.007194 0.298413 0.014388 0.317460 0.014388 0.320635 0.010791 0.323810 0.010791 0.326984 0.007194 0.326984 0.003597 0.323810 0.000000 0.295238 0.000000
0 0.774603 0.000000 0.771429 0.003597 0.771429 0.007194 0.780952 0.017986 0.787302 0.017986 0.787302 0.014388 0.790476 0.010791 0.790476 0.003597 0.787302 0.000000
0 0.876190 0.000000 0.876190 0.010791 0.885714 0.021583 0.907937 0.021583 0.907937 0.017986 0.911111 0.014388 0.911111 0.010791 0.907937 0.007194 0.907937 0.003597 0.904762 0.003597 0.901587 0.000000
0 0.085714 0.007194 0.088889 0.010791 0.088889 0.014388 0.095238 0.021583 0.107937 0.021583 0.114286 0.014388 0.120635 0.014388 0.126984 0.007194 0.123810 0.003597 0.088889 0.003597
0 0.631746 0.003597 0.631746 0.014388 0.634921 0.017986 0.644444 0.017986 0.647619 0.021583 0.653968 0.021583 0.657143 0.017986 0.657143 0.007194 0.653968 0.003597
0 0.523810 0.014388 0.520635 0.017986 0.520635 0.028777 0.526984 0.035971 0.539683 0.035971 0.542857 0.032374 0.542857 0.021583 0.539683 0.017986 0.536508 0.017986 0.533333 0.014388
0 0.765079 0.028777 0.765079 0.035971 0.768254 0.039568 0.777778 0.039568 0.780952 0.043165 0.790476 0.043165 0.793651 0.039568 0.793651 0.025180 0.790476 0.021583 0.774603 0.021583 0.771429 0.025180 0.768254 0.025180
0 0.146032 0.039568 0.149206 0.043165 0.184127 0.043165 0.184127 0.039568 0.177778 0.032374 0.155556 0.032374 0.152381 0.035971 0.149206 0.035971
0 0.565079 0.043165 0.568254 0.046763 0.568254 0.050360 0.571429 0.053957 0.584127 0.053957 0.587302 0.050360 0.590476 0.050360 0.596825 0.043165 0.596825 0.039568 0.593651 0.035971 0.590476 0.035971 0.587302 0.032374 0.574603 0.032374 0.571429 0.035971 0.568254 0.035971 0.568254 0.039568
0 0.634921 0.039568 0.634921 0.046763 0.641270 0.050360 0.650794 0.050360 0.657143 0.057554 0.663492 0.057554 0.666667 0.061151 0.676190 0.061151 0.688889 0.068345 0.698413 0.061151 0.695238 0.050360 0.676190 0.046763 0.669841 0.039568 0.663492 0.039568 0.660317 0.035971 0.638095 0.035971
0 0.863492 0.043165 0.857143 0.050360 0.857143 0.061151 0.873016 0.061151 0.873016 0.046763 0.869841 0.043165
0 0.307937 0.046763 0.307937 0.050360 0.304762 0.053957 0.307937 0.057554 0.307937 0.061151 0.311111 0.064748 0.320635 0.064748 0.323810 0.061151 0.323810 0.053957 0.317460 0.046763
0 0.120635 0.053957 0.114286 0.053957 0.104762 0.064748 0.104762 0.068345 0.101587 0.071942 0.101587 0.082734 0.098413 0.086331 0.098413 0.089928 0.101587 0.093525 0.101587 0.100719 0.104762 0.104317 0.111111 0.104317 0.117460 0.097122 0.117460 0.093525 0.120635 0.089928 0.120635 0.082734 0.123810 0.079137 0.123810 0.057554
0 0.180952 0.064748 0.174603 0.071942 0.174603 0.086331 0.184127 0.097122 0.187302 0.097122 0.190476 0.100719 0.196825 0.100719 0.206349 0.089928 0.206349 0.071942 0.196825 0.064748
0 0.625397 0.075540 0.631746 0.082734 0.638095 0.082734 0.641270 0.086331 0.660317 0.086331 0.669841 0.079137 0.663492 0.068345 0.657143 0.068345 0.653968 0.064748 0.634921 0.064748 0.631746 0.068345 0.628571 0.068345 0.628571 0.071942
0 0.704762 0.079137 0.711111 0.089928 0.717460 0.089928 0.720635 0.093525 0.736508 0.093525 0.739683 0.089928 0.742857 0.093525 0.749206 0.093525 0.749206 0.086331 0.730159 0.086331 0.720635 0.075540 0.717460 0.075540 0.714286 0.071942
0 0.339683 0.075540 0.339683 0.086331 0.342857 0.089928 0.346032 0.089928 0.352381 0.097122 0.355556 0.097122 0.358730 0.100719 0.377778 0.100719 0.374603 0.097122 0.365079 0.093525 0.358730 0.086331 0.352381 0.086331 0.349206 0.082734 0.349206 0.079137
0 0.577778 0.079137 0.584127 0.086331 0.587302 0.086331 0.590476 0.089928 0.596825 0.089928 0.600000 0.093525 0.609524 0.093525 0.612698 0.097122 0.615873 0.097122 0.619048 0.093525 0.619048 0.086331 0.606349 0.086331 0.603175 0.082734 0.600000 0.082734 0.590476 0.075540 0.580952 0.075540
0 0.936508 0.089928 0.936508 0.100719 0.939683 0.104317 0.939683 0.107914 0.942857 0.107914 0.952381 0.115108 0.968254 0.111511 0.971429 0.107914 0.974603 0.107914 0.974603 0.104317 0.977778 0.100719 0.977778 0.089928 0.974603 0.086331 0.974603 0.079137 0.971429 0.079137 0.968254 0.075540 0.949206 0.075540 0.946032 0.079137 0.942857 0.079137 0.942857 0.082734
0 0.244444 0.079137 0.238095 0.086331 0.238095 0.089928 0.241270 0.093525 0.250794 0.093525 0.250794 0.089928 0.253968 0.086331 0.250794 0.082734 0.250794 0.079137
0 0.304762 0.079137 0.298413 0.086331 0.295238 0.086331 0.292063 0.089928 0.292063 0.093525 0.295238 0.097122 0.298413 0.097122 0.301587 0.093525 0.301587 0.082734
0 0.495238 0.079137 0.492063 0.082734 0.492063 0.097122 0.498413 0.104317 0.498413 0.118705 0.501587 0.122302 0.501587 0.125899 0.507937 0.125899 0.511111 0.122302 0.514286 0.122302 0.520635 0.115108 0.520635 0.104317 0.514286 0.097122 0.514286 0.093525 0.507937 0.082734 0.504762 0.082734 0.501587 0.079137
0 0.815873 0.086331 0.815873 0.097122 0.822222 0.104317 0.834921 0.104317 0.838095 0.100719 0.847619 0.107914 0.857143 0.107914 0.860317 0.104317 0.863492 0.104317 0.863492 0.100719 0.866667 0.097122 0.866667 0.093525 0.853968 0.082734 0.825397 0.082734 0.822222 0.086331
0 0.473016 0.100719 0.463492 0.107914 0.463492 0.111511 0.460317 0.115108 0.460317 0.118705 0.463492 0.122302 0.463492 0.125899 0.469841 0.133094 0.482540 0.133094 0.485714 0.129496 0.485714 0.111511 0.482540 0.107914 0.482540 0.104317 0.479365 0.104317 0.476190 0.100719
0 0.136508 0.118705 0.142857 0.118705 0.146032 0.122302 0.149206 0.118705 0.158730 0.118705 0.165079 0.111511 0.165079 0.107914 0.161905 0.104317 0.155556 0.104317 0.152381 0.107914 0.149206 0.104317 0.142857 0.104317 0.139683 0.107914 0.136508 0.107914
0 0.653968 0.107914 0.650794 0.111511 0.650794 0.125899 0.657143 0.133094 0.660317 0.133094 0.663492 0.136691 0.666667 0.136691 0.673016 0.129496 0.673016 0.118705 0.666667 0.111511 0.663492 0.111511 0.660317 0.107914
0 0.787302 0.115108 0.787302 0.122302 0.790476 0.125899 0.793651 0.136691 0.803175 0.147482 0.806349 0.147482 0.809524 0.151079 0.815873 0.151079 0.819048 0.154676 0.828571 0.154676 0.831746 0.151079 0.831746 0.129496 0.822222 0.118705 0.819048 0.118705 0.815873 0.115108 0.803175 0.115108 0.800000 0.111511 0.793651 0.111511 0.790476 0.115108
0 0.730159 0.125899 0.730159 0.133094 0.733333 0.136691 0.736508 0.136691 0.739683 0.140288 0.746032 0.140288 0.749206 0.143885 0.765079 0.143885 0.765079 0.140288 0.768254 0.136691 0.768254 0.125899 0.758730 0.115108 0.746032 0.115108 0.742857 0.118705 0.736508 0.118705
0 0.993651 0.115108 0.990476 0.118705 0.980952 0.118705 0.980952 0.122302 0.977778 0.125899 0.984127 0.133094 0.993651 0.133094
0 0.403175 0.143885 0.403175 0.147482 0.409524 0.151079 0.415873 0.147482 0.425397 0.147482 0.431746 0.151079 0.434921 0.158273 0.441270 0.158273 0.444444 0.161871 0.453968 0.161871 0.457143 0.158273 0.457143 0.143885 0.441270 0.122302 0.431746 0.122302 0.415873 0.136691 0.409524 0.136691
0 0.568254 0.125899 0.565079 0.129496 0.565079 0.143885 0.568254 0.147482 0.568254 0.151079 0.577778 0.161871 0.580952 0.161871 0.580952 0.158273 0.590476 0.147482 0.590476 0.143885 0.596825 0.133094 0.590476 0.125899
0 0.904762 0.125899 0.898413 0.125899 0.895238 0.129496 0.892063 0.129496 0.885714 0.136691 0.885714 0.147482 0.888889 0.151079 0.892063 0.151079 0.895238 0.154676 0.901587 0.154676 0.904762 0.151079 0.907937 0.151079 0.911111 0.147482 0.911111 0.143885 0.914286 0.140288 0.911111 0.136691 0.911111 0.133094
0 0.520635 0.136691 0.517460 0.147482 0.523810 0.158273 0.526984 0.158273 0.536508 0.165468 0.549206 0.165468 0.552381 0.161871 0.555556 0.161871 0.555556 0.151079 0.552381 0.147482 0.552381 0.143885 0.542857 0.133094 0.526984 0.133094 0.523810 0.136691
0 0.234921 0.140288 0.215873 0.140288 0.206349 0.151079 0.206349 0.161871 0.209524 0.165468 0.219048 0.165468 0.222222 0.169065 0.225397 0.165468 0.228571 0.165468 0.234921 0.158273 0.234921 0.154676 0.238095 0.151079 0.238095 0.143885
0 0.866667 0.140288 0.857143 0.140288 0.853968 0.143885 0.853968 0.147482 0.847619 0.158273 0.847619 0.165468 0.844444 0.169065 0.844444 0.179856 0.847619 0.183453 0.847619 0.187050 0.850794 0.187050 0.853968 0.190647 0.857143 0.190647 0.863492 0.183453 0.863492 0.176259 0.866667 0.172662
0 0.139683 0.165468 0.146032 0.172662 0.165079 0.172662 0.168254 0.169065 0.171429 0.169065 0.180952 0.158273 0.180952 0.154676 0.174603 0.147482 0.152381 0.147482 0.149206 0.151079 0.146032 0.151079 0.139683 0.158273
0 0.673016 0.151079 0.673016 0.158273 0.676190 0.161871 0.688889 0.161871 0.692063 0.158273 0.701587 0.158273 0.701587 0.154676 0.698413 0.154676 0.695238 0.151079 0.682540 0.151079 0.679365 0.147482 0.676190 0.147482
0 0.606349 0.154676 0.606349 0.158273 0.603175 0.161871 0.603175 0.172662 0.606349 0.176259 0.606349 0.179856 0.609524 0.179856 0.612698 0.183453 0.628571 0.183453 0.631746 0.179856 0.634921 0.179856 0.634921 0.165468 0.628571 0.158273 0.628571 0.154676 0.625397 0.154676 0.622222 0.151079 0.609524 0.151079
0 0.473016 0.165468 0.473016 0.176259 0.476190 0.179856 0.482540 0.179856 0.485714 0.183453 0.492063 0.183453 0.498413 0.176259 0.498413 0.172662 0.495238 0.169065 0.495238 0.165468 0.492063 0.161871 0.476190 0.161871
0 0.730159 0.165468 0.733333 0.169065 0.733333 0.183453 0.736508 0.187050 0.739683 0.187050 0.742857 0.190647 0.755556 0.190647 0.758730 0.187050 0.761905 0.187050 0.761905 0.169065 0.758730 0.165468 0.755556 0.165468 0.752381 0.161871 0.736508 0.161871 0.733333 0.165468
0 0.711111 0.172662 0.704762 0.172662 0.695238 0.183453 0.695238 0.187050 0.692063 0.190647 0.692063 0.197842 0.695238 0.201439 0.698413 0.201439 0.701587 0.197842 0.707937 0.197842 0.714286 0.190647 0.714286 0.176259
0 0.787302 0.190647 0.787302 0.194245 0.790476 0.194245 0.793651 0.197842 0.800000 0.197842 0.803175 0.201439 0.812698 0.201439 0.815873 0.205036 0.822222 0.205036 0.825397 0.201439 0.825397 0.183453 0.819048 0.176259 0.800000 0.176259 0.796825 0.179856 0.793651 0.179856
0 0.380952 0.183453 0.380952 0.190647 0.400000 0.212230 0.412698 0.212230 0.419048 0.205036 0.419048 0.197842 0.403175 0.183453 0.400000 0.183453 0.396825 0.179856 0.384127 0.179856
0 0.193651 0.190647 0.187302 0.183453 0.184127 0.187050 0.177778 0.187050 0.174603 0.190647 0.171429 0.190647 0.171429 0.205036 0.177778 0.205036 0.180952 0.208633 0.184127 0.208633 0.190476 0.201439 0.190476 0.197842 0.193651 0.194245
0 0.206349 0.190647 0.209524 0.190647 0.212698 0.194245 0.215873 0.190647 0.219048 0.190647 0.222222 0.187050 0.219048 0.183453 0.212698 0.183453 0.209524 0.187050 0.206349 0.187050
0 0.863492 0.197842 0.863492 0.201439 0.866667 0.205036 0.873016 0.205036 0.876190 0.208633 0.882540 0.208633 0.885714 0.212230 0.888889 0.212230 0.895238 0.205036 0.895238 0.197842 0.892063 0.194245 0.888889 0.194245 0.885714 0.190647 0.873016 0.190647 0.869841 0.194245 0.866667 0.194245
0 0.552381 0.201439 0.558730 0.208633 0.565079 0.208633 0.568254 0.212230 0.571429 0.212230 0.574603 0.208633 0.561905 0.194245 0.558730 0.194245
0 0.304762 0.205036 0.304762 0.212230 0.307937 0.215827 0.311111 0.215827 0.314286 0.219424 0.323810 0.219424 0.326984 0.215827 0.330159 0.215827 0.330159 0.205036 0.323810 0.197842 0.311111 0.197842
0 0.904762 0.208633 0.904762 0.212230 0.911111 0.223022 0.920635 0.223022 0.930159 0.215827 0.939683 0.215827 0.942857 0.219424 0.946032 0.215827 0.946032 0.212230 0.942857 0.208633 0.933333 0.205036 0.926984 0.197842 0.914286 0.197842
0 0.631746 0.208633 0.631746 0.215827 0.634921 0.219424 0.638095 0.219424 0.641270 0.215827 0.644444 0.215827 0.647619 0.212230 0.647619 0.208633 0.644444 0.205036 0.634921 0.205036
0 0.438095 0.219424 0.438095 0.226619 0.441270 0.230216 0.457143 0.230216 0.460317 0.226619 0.457143 0.223022 0.457143 0.219424 0.453968 0.219424 0.447619 0.212230 0.444444 0.212230
0 0.771429 0.223022 0.768254 0.219424 0.765079 0.219424 0.761905 0.215827 0.758730 0.219424 0.755556 0.219424 0.755556 0.230216 0.768254 0.230216 0.771429 0.226619
0 0.653968 0.219424 0.644444 0.230216 0.644444 0.241007 0.647619 0.244604 0.647619 0.248201 0.650794 0.251799 0.657143 0.251799 0.660317 0.255396 0.666667 0.255396 0.669841 0.251799 0.673016 0.251799 0.673016 0.248201 0.676190 0.244604 0.676190 0.237410 0.663492 0.223022
0 0.803175 0.223022 0.803175 0.230216 0.806349 0.233813 0.812698 0.233813 0.815873 0.237410 0.825397 0.237410 0.828571 0.233813 0.828571 0.226619 0.822222 0.219424 0.819048 0.219424 0.815873 0.223022 0.812698 0.219424 0.809524 0.219424 0.806349 0.223022
0 0.479365 0.244604 0.504762 0.255396 0.539683 0.258993 0.580952 0.284173 0.590476 0.280576 0.577778 0.273381 0.552381 0.244604 0.536508 0.241007 0.526984 0.233813 0.495238 0.233813
0 0.892063 0.237410 0.888889 0.241007 0.888889 0.248201 0.892063 0.244604 0.895238 0.248201 0.895238 0.255396 0.898413 0.258993 0.901587 0.258993 0.907937 0.251799 0.907937 0.244604 0.904762 0.241007 0.901587 0.241007 0.898413 0.237410
0 0.320635 0.258993 0.323810 0.266187 0.355556 0.266187 0.358730 0.269784 0.371429 0.269784 0.374603 0.273381 0.380952 0.269784 0.377778 0.262590 0.352381 0.248201 0.333333 0.248201
0 0.939683 0.248201 0.936508 0.251799 0.936508 0.255396 0.939683 0.258993 0.942857 0.258993 0.946032 0.262590 0.949206 0.262590 0.952381 0.258993 0.952381 0.248201
0 0.282540 0.255396 0.276190 0.255396 0.273016 0.251799 0.266667 0.251799 0.263492 0.255396 0.257143 0.255396 0.250794 0.262590 0.250794 0.266187 0.247619 0.269784 0.253968 0.276978 0.257143 0.276978 0.260317 0.273381 0.266667 0.273381 0.269841 0.269784 0.273016 0.269784 0.276190 0.266187 0.279365 0.266187 0.282540 0.262590
0 0.784127 0.273381 0.787302 0.276978 0.787302 0.280576 0.800000 0.280576 0.806349 0.273381 0.815873 0.273381 0.819048 0.269784 0.819048 0.266187 0.812698 0.258993 0.803175 0.258993 0.800000 0.255396 0.793651 0.255396 0.787302 0.262590 0.787302 0.266187 0.784127 0.269784
0 0.196825 0.269784 0.180952 0.269784 0.177778 0.273381 0.168254 0.273381 0.155556 0.280576 0.146032 0.280576 0.142857 0.284173 0.130159 0.287770 0.130159 0.294964 0.133333 0.298561 0.139683 0.298561 0.165079 0.284173 0.193651 0.276978
0 0.888889 0.269784 0.876190 0.269784 0.866667 0.280576 0.866667 0.294964 0.869841 0.298561 0.873016 0.298561 0.876190 0.302158 0.882540 0.302158 0.885714 0.298561 0.888889 0.298561 0.895238 0.291367 0.895238 0.287770 0.898413 0.284173 0.898413 0.280576
0 0.526984 0.302158 0.530159 0.305755 0.533333 0.316547 0.536508 0.316547 0.546032 0.323741 0.558730 0.323741 0.568254 0.316547 0.568254 0.309353 0.565079 0.305755 0.561905 0.305755 0.555556 0.298561 0.552381 0.298561 0.542857 0.287770 0.536508 0.287770 0.530159 0.294964 0.530159 0.298561
0 0.295238 0.294964 0.292063 0.291367 0.282540 0.291367 0.279365 0.294964 0.276190 0.294964 0.269841 0.302158 0.269841 0.305755 0.266667 0.309353 0.266667 0.312950 0.269841 0.316547 0.276190 0.316547 0.279365 0.312950 0.282540 0.312950 0.285714 0.309353 0.288889 0.309353 0.292063 0.305755 0.295238 0.305755
0 0.488889 0.291367 0.485714 0.294964 0.492063 0.302158 0.492063 0.305755 0.501587 0.316547 0.507937 0.309353 0.507937 0.302158 0.504762 0.298561 0.501587 0.298561 0.498413 0.294964 0.495238 0.294964 0.492063 0.291367
0 0.742857 0.294964 0.742857 0.298561 0.749206 0.305755 0.752381 0.305755 0.755556 0.309353 0.755556 0.312950 0.758730 0.312950 0.761905 0.316547 0.761905 0.323741 0.765079 0.327338 0.768254 0.327338 0.768254 0.320144 0.771429 0.316547 0.784127 0.316547 0.787302 0.312950 0.787302 0.305755 0.784127 0.305755 0.780952 0.302158 0.765079 0.302158 0.761905 0.298561 0.755556 0.298561 0.752381 0.294964
0 0.215873 0.312950 0.212698 0.312950 0.209524 0.309353 0.206349 0.309353 0.203175 0.312950 0.196825 0.312950 0.174603 0.334532 0.174603 0.341727 0.187302 0.341727 0.190476 0.338129 0.193651 0.338129 0.196825 0.334532 0.206349 0.330935 0.215873 0.320144
0 0.358730 0.312950 0.349206 0.309353 0.326984 0.320144 0.307937 0.345324 0.282540 0.359712 0.276190 0.374101 0.279365 0.377698 0.292063 0.377698 0.320635 0.359712 0.339683 0.330935
0 0.730159 0.320144 0.730159 0.327338 0.733333 0.330935 0.742857 0.330935 0.746032 0.334532 0.765079 0.334532 0.761905 0.330935 0.758730 0.330935 0.755556 0.327338 0.752381 0.327338 0.749206 0.323741 0.742857 0.323741 0.739683 0.320144
0 0.904762 0.327338 0.898413 0.320144 0.895238 0.323741 0.888889 0.323741 0.882540 0.330935 0.879365 0.330935 0.873016 0.338129 0.876190 0.341727 0.879365 0.341727 0.882540 0.345324 0.885714 0.341727 0.892063 0.341727 0.898413 0.334532 0.901587 0.334532 0.904762 0.330935
0 0.920635 0.334532 0.920635 0.338129 0.923810 0.341727 0.923810 0.345324 0.936508 0.345324 0.942857 0.338129 0.936508 0.330935 0.923810 0.330935
0 0.584127 0.345324 0.584127 0.348921 0.587302 0.352518 0.587302 0.359712 0.596825 0.366906 0.600000 0.366906 0.603175 0.363309 0.609524 0.363309 0.615873 0.356115 0.615873 0.348921 0.606349 0.338129 0.587302 0.338129 0.587302 0.341727
0 0.368254 0.366906 0.371429 0.370504 0.390476 0.370504 0.393651 0.366906 0.415873 0.366906 0.419048 0.363309 0.409524 0.356115 0.393651 0.356115 0.390476 0.352518 0.387302 0.352518 0.384127 0.356115 0.374603 0.356115 0.368254 0.363309
0 0.898413 0.363309 0.904762 0.363309 0.907937 0.359712 0.911111 0.359712 0.914286 0.356115 0.914286 0.352518 0.901587 0.352518 0.898413 0.356115
0 0.946032 0.374101 0.936508 0.374101 0.933333 0.377698 0.930159 0.377698 0.923810 0.384892 0.920635 0.384892 0.917460 0.388489 0.917460 0.399281 0.920635 0.402878 0.930159 0.402878 0.933333 0.399281 0.936508 0.399281 0.939683 0.395683 0.939683 0.392086 0.946032 0.381295
0 0.615873 0.388489 0.609524 0.381295 0.596825 0.381295 0.593651 0.384892 0.590476 0.384892 0.587302 0.388489 0.587302 0.406475 0.590476 0.410072 0.603175 0.410072 0.609524 0.402878 0.612698 0.402878 0.615873 0.399281
0 0.552381 0.384892 0.546032 0.384892 0.542857 0.388489 0.542857 0.392086 0.536508 0.399281 0.539683 0.402878 0.542857 0.402878 0.546032 0.406475 0.549206 0.402878 0.552381 0.402878
0 0.114286 0.395683 0.107937 0.402878 0.107937 0.406475 0.104762 0.410072 0.104762 0.420863 0.111111 0.428058 0.111111 0.431655 0.114286 0.431655 0.117460 0.435252 0.133333 0.435252 0.139683 0.428058 0.139683 0.420863 0.136508 0.417266 0.136508 0.413669 0.133333 0.410072 0.130159 0.410072 0.117460 0.395683
0 0.174603 0.410072 0.184127 0.428058 0.196825 0.428058 0.206349 0.420863 0.212698 0.420863 0.219048 0.413669 0.212698 0.406475 0.203175 0.406475 0.200000 0.410072 0.190476 0.410072 0.184127 0.402878
0 0.517460 0.417266 0.517460 0.431655 0.520635 0.435252 0.530159 0.435252 0.533333 0.431655 0.536508 0.431655 0.542857 0.424460 0.546032 0.424460 0.546032 0.420863 0.542857 0.417266 0.533333 0.417266 0.530159 0.413669 0.523810 0.413669 0.520635 0.417266
0 0.771429 0.424460 0.768254 0.420863 0.761905 0.420863 0.758730 0.424460 0.749206 0.424460 0.746032 0.428058 0.746032 0.435252 0.749206 0.435252 0.752381 0.438849 0.765079 0.438849 0.768254 0.435252 0.771429 0.435252
0 0.279365 0.424460 0.247619 0.428058 0.244444 0.431655 0.219048 0.438849 0.212698 0.446043 0.209524 0.446043 0.209524 0.453237 0.234921 0.449640 0.250794 0.438849 0.269841 0.435252
0 0.365079 0.435252 0.361905 0.431655 0.355556 0.431655 0.352381 0.435252 0.349206 0.435252 0.346032 0.438849 0.342857 0.438849 0.339683 0.442446 0.330159 0.446043 0.323810 0.453237 0.323810 0.460432 0.336508 0.460432 0.339683 0.456835 0.342857 0.456835 0.349206 0.449640 0.355556 0.449640 0.361905 0.442446 0.365079 0.442446
0 0.193651 0.464029 0.190476 0.460432 0.180952 0.460432 0.177778 0.456835 0.174603 0.460432 0.168254 0.460432 0.165079 0.464029 0.155556 0.464029 0.146032 0.471223 0.149206 0.474820 0.184127 0.474820 0.187302 0.471223 0.190476 0.471223 0.193651 0.467626
0 0.228571 0.471223 0.225397 0.467626 0.215873 0.467626 0.212698 0.471223 0.209524 0.471223 0.190476 0.492806 0.190476 0.496403 0.196825 0.503597 0.206349 0.503597 0.228571 0.478417
0 0.384127 0.474820 0.380952 0.471223 0.374603 0.471223 0.365079 0.478417 0.355556 0.478417 0.352381 0.482014 0.352381 0.492806 0.355556 0.492806 0.358730 0.496403 0.365079 0.496403 0.368254 0.492806 0.371429 0.492806 0.380952 0.482014 0.384127 0.482014
0 0.761905 0.478417 0.758730 0.482014 0.758730 0.492806 0.761905 0.496403 0.761905 0.500000 0.765079 0.503597 0.771429 0.503597 0.777778 0.496403 0.777778 0.482014 0.774603 0.478417
0 0.292063 0.489209 0.288889 0.485612 0.276190 0.485612 0.273016 0.489209 0.266667 0.489209 0.263492 0.492806 0.263492 0.496403 0.260317 0.500000 0.260317 0.503597 0.263492 0.507194 0.276190 0.507194 0.279365 0.503597 0.282540 0.503597 0.292063 0.492806
0 0.526984 0.485612 0.504762 0.485612 0.501587 0.489209 0.492063 0.489209 0.488889 0.492806 0.482540 0.492806 0.479365 0.496403 0.479365 0.500000 0.495238 0.500000 0.498413 0.496403 0.520635 0.496403 0.523810 0.492806 0.526984 0.492806
0 0.822222 0.503597 0.809524 0.503597 0.806349 0.507194 0.806349 0.517986 0.809524 0.517986 0.812698 0.521583 0.815873 0.517986 0.819048 0.517986 0.819048 0.514388 0.822222 0.510791
0 0.844444 0.525180 0.847619 0.528777 0.860317 0.528777 0.863492 0.525180 0.866667 0.525180 0.873016 0.517986 0.869841 0.514388 0.850794 0.514388 0.844444 0.521583
0 0.152381 0.535971 0.152381 0.539568 0.161905 0.539568 0.165079 0.543165 0.184127 0.543165 0.187302 0.539568 0.184127 0.535971 0.180952 0.535971 0.177778 0.539568 0.168254 0.539568 0.165079 0.535971
0 0.901587 0.546763 0.901587 0.550360 0.904762 0.553957 0.923810 0.553957 0.926984 0.550360 0.926984 0.543165 0.923810 0.539568 0.914286 0.539568 0.911111 0.535971 0.907937 0.539568 0.904762 0.539568 0.904762 0.543165
0 0.228571 0.564748 0.228571 0.568345 0.231746 0.571942 0.234921 0.571942 0.238095 0.575540 0.247619 0.575540 0.250794 0.579137 0.253968 0.579137 0.260317 0.571942 0.260317 0.564748 0.257143 0.564748 0.253968 0.561151 0.244444 0.561151 0.241270 0.557554 0.234921 0.557554
0 0.457143 0.575540 0.453968 0.575540 0.444444 0.582734 0.431746 0.582734 0.428571 0.586331 0.425397 0.586331 0.419048 0.593525 0.419048 0.600719 0.425397 0.600719 0.431746 0.593525 0.434921 0.593525 0.444444 0.586331 0.453968 0.586331 0.457143 0.582734
0 0.879365 0.604317 0.876190 0.604317 0.873016 0.607914 0.869841 0.607914 0.866667 0.611511 0.863492 0.611511 0.860317 0.615108 0.857143 0.615108 0.850794 0.622302 0.853968 0.625899 0.857143 0.622302 0.860317 0.622302 0.863492 0.618705 0.866667 0.618705 0.873016 0.611511 0.876190 0.611511 0.879365 0.607914
0 0.600000 0.640288 0.603175 0.643885 0.619048 0.643885 0.622222 0.640288 0.628571 0.640288 0.631746 0.636691 0.638095 0.636691 0.641270 0.633094 0.641270 0.629496 0.634921 0.622302 0.615873 0.622302 0.612698 0.625899 0.609524 0.625899 0.600000 0.636691
0 0.200000 0.629496 0.196825 0.625899 0.193651 0.625899 0.190476 0.629496 0.184127 0.629496 0.180952 0.633094 0.177778 0.633094 0.174603 0.636691 0.165079 0.640288 0.161905 0.643885 0.158730 0.654676 0.161905 0.658273 0.177778 0.658273 0.180952 0.654676 0.187302 0.654676 0.196825 0.643885 0.196825 0.640288 0.200000 0.636691
0 0.295238 0.633094 0.285714 0.633094 0.276190 0.643885 0.276190 0.651079 0.279365 0.654676 0.292063 0.654676 0.292063 0.651079 0.295238 0.647482
0 0.863492 0.647482 0.860317 0.643885 0.857143 0.647482 0.853968 0.647482 0.850794 0.651079 0.847619 0.651079 0.841270 0.658273 0.838095 0.658273 0.838095 0.665468 0.844444 0.665468 0.850794 0.658273 0.853968 0.658273 0.853968 0.654676 0.857143 0.651079 0.863492 0.651079
0 0.349206 0.672662 0.346032 0.669065 0.336508 0.669065 0.333333 0.672662 0.330159 0.672662 0.330159 0.683453 0.333333 0.683453 0.336508 0.679856 0.339683 0.679856 0.342857 0.676259 0.349206 0.676259
0 0.212698 0.676259 0.209524 0.679856 0.209524 0.683453 0.212698 0.687050 0.212698 0.690647 0.215873 0.690647 0.219048 0.694245 0.225397 0.687050 0.225397 0.679856 0.222222 0.676259
0 0.704762 0.676259 0.695238 0.676259 0.692063 0.679856 0.688889 0.679856 0.688889 0.687050 0.698413 0.687050 0.704762 0.679856
0 0.403175 0.694245 0.396825 0.701439 0.396825 0.719424 0.403175 0.726619 0.419048 0.726619 0.425397 0.719424 0.425397 0.701439 0.419048 0.694245
0 0.993651 0.697842 0.990476 0.701439 0.987302 0.701439 0.980952 0.708633 0.980952 0.715827 0.984127 0.715827 0.987302 0.719424 0.993651 0.719424 0.993651 0.712230 0.996825 0.708633 0.996825 0.705036 0.993651 0.701439
0 0.101587 0.715827 0.095238 0.723022 0.095238 0.737410 0.101587 0.744604 0.104762 0.744604 0.107937 0.748201 0.111111 0.748201 0.114286 0.744604 0.117460 0.744604 0.126984 0.733813 0.126984 0.723022 0.123810 0.723022 0.114286 0.715827
0 0.384127 0.730216 0.380952 0.726619 0.374603 0.726619 0.374603 0.733813 0.361905 0.748201 0.361905 0.751799 0.374603 0.751799 0.377778 0.748201 0.384127 0.748201 0.384127 0.744604 0.387302 0.741007 0.387302 0.737410 0.384127 0.733813
0 0.450794 0.751799 0.447619 0.755396 0.447619 0.766187 0.450794 0.769784 0.460317 0.769784 0.466667 0.762590 0.463492 0.758993 0.463492 0.755396 0.460317 0.755396 0.457143 0.751799
0 0.320635 0.762590 0.314286 0.769784 0.311111 0.780576 0.307937 0.784173 0.304762 0.784173 0.292063 0.798561 0.292063 0.805755 0.298413 0.805755 0.317460 0.784173 0.317460 0.780576 0.323810 0.769784 0.323810 0.766187
0 0.780952 0.776978 0.771429 0.776978 0.768254 0.780576 0.755556 0.780576 0.758730 0.784173 0.771429 0.784173 0.774603 0.780576 0.780952 0.780576
0 0.857143 0.776978 0.847619 0.776978 0.841270 0.784173 0.841270 0.798561 0.844444 0.798561 0.847619 0.794964 0.850794 0.794964 0.850794 0.791367 0.857143 0.784173
0 0.371429 0.787770 0.365079 0.787770 0.339683 0.816547 0.336508 0.827338 0.339683 0.827338 0.371429 0.791367
0 0.679365 0.823741 0.676190 0.827338 0.673016 0.827338 0.666667 0.834532 0.666667 0.848921 0.673016 0.856115 0.688889 0.856115 0.701587 0.841727 0.701587 0.830935 0.698413 0.830935 0.692063 0.823741
0 0.806349 0.838129 0.803175 0.834532 0.793651 0.834532 0.790476 0.838129 0.777778 0.838129 0.774603 0.841727 0.774603 0.852518 0.784127 0.859712 0.800000 0.859712 0.803175 0.856115 0.803175 0.848921 0.806349 0.845324
0 0.266667 0.838129 0.263492 0.838129 0.257143 0.845324 0.250794 0.845324 0.247619 0.848921 0.247619 0.859712 0.241270 0.870504 0.241270 0.877698 0.244444 0.877698 0.244444 0.874101 0.263492 0.852518 0.266667 0.852518 0.266667 0.848921 0.269841 0.845324 0.269841 0.841727
0 0.688889 0.874101 0.688889 0.884892 0.695238 0.884892 0.698413 0.888489 0.714286 0.888489 0.717460 0.884892 0.723810 0.884892 0.726984 0.881295 0.726984 0.866906 0.720635 0.859712 0.701587 0.859712
0 0.120635 0.866906 0.117460 0.863309 0.107937 0.863309 0.104762 0.866906 0.101587 0.866906 0.098413 0.870504 0.088889 0.874101 0.082540 0.881295 0.082540 0.888489 0.088889 0.895683 0.101587 0.895683 0.104762 0.892086 0.114286 0.888489 0.120635 0.881295
0 0.644444 0.874101 0.641270 0.870504 0.641270 0.866906 0.634921 0.866906 0.631746 0.863309 0.628571 0.863309 0.625397 0.866906 0.619048 0.866906 0.612698 0.874101 0.609524 0.874101 0.609524 0.877698 0.606349 0.881295 0.609524 0.884892 0.609524 0.888489 0.612698 0.888489 0.615873 0.892086 0.631746 0.892086 0.634921 0.888489 0.638095 0.888489 0.644444 0.881295
