0 0.622222 0.086022 0.612698 0.100358 0.612698 0.107527 0.609524 0.111111 0.609524 0.125448 0.625397 0.150538 0.641270 0.150538 0.657143 0.132616 0.657143 0.121864 0.660317 0.118280 0.647619 0.089606 0.641270 0.086022
0 0.371429 0.121864 0.371429 0.136201 0.374603 0.139785 0.374603 0.146953 0.387302 0.154122 0.406349 0.154122 0.409524 0.150538 0.415873 0.150538 0.425397 0.139785 0.428571 0.139785 0.419048 0.114695 0.406349 0.107527 0.387302 0.107527
0 0.152381 0.150538 0.142857 0.164875 0.142857 0.207885 0.152381 0.236559 0.158730 0.243728 0.168254 0.243728 0.180952 0.229391 0.184127 0.204301 0.171429 0.164875 0.161905 0.154122
0 0.219048 0.168459 0.215873 0.172043 0.215873 0.175627 0.219048 0.179211 0.219048 0.182796 0.222222 0.182796 0.228571 0.189964 0.231746 0.189964 0.241270 0.200717 0.244444 0.200717 0.247619 0.197133 0.247619 0.189964 0.231746 0.172043 0.228571 0.172043 0.225397 0.168459
0 0.498413 0.175627 0.482540 0.175627 0.457143 0.186380 0.444444 0.207885 0.447619 0.240143 0.469841 0.265233 0.488889 0.261649 0.514286 0.232975 0.514286 0.211470 0.507937 0.200717 0.507937 0.189964
0 0.311111 0.200717 0.301587 0.204301 0.295238 0.211470 0.288889 0.240143 0.295238 0.258065 0.307937 0.272401 0.323810 0.275986 0.330159 0.268817 0.330159 0.261649 0.342857 0.236559 0.346032 0.218638 0.342857 0.211470 0.330159 0.200717
0 0.409524 0.215054 0.403175 0.222222 0.403175 0.229391 0.406349 0.232975 0.406349 0.236559 0.409524 0.240143 0.425397 0.240143 0.428571 0.236559 0.428571 0.232975 0.425397 0.229391 0.425397 0.222222 0.419048 0.215054
0 0.701587 0.215054 0.688889 0.236559 0.692063 0.261649 0.704762 0.290323 0.717460 0.304659 0.730159 0.311828 0.742857 0.311828 0.755556 0.297491 0.752381 0.268817 0.733333 0.232975 0.720635 0.218638
0 0.612698 0.222222 0.603175 0.232975 0.600000 0.243728 0.600000 0.279570 0.606349 0.297491 0.612698 0.301075 0.628571 0.301075 0.638095 0.293907 0.644444 0.279570 0.647619 0.247312 0.644444 0.236559 0.631746 0.222222
0 0.809524 0.254480 0.806349 0.254480 0.803175 0.258065 0.800000 0.258065 0.800000 0.265233 0.796825 0.268817 0.796825 0.275986 0.803175 0.283154 0.806349 0.283154 0.815873 0.272401 0.815873 0.258065 0.812698 0.258065
0 0.441270 0.297491 0.431746 0.308244 0.431746 0.333333 0.434921 0.336918 0.438095 0.362007 0.450794 0.379928 0.466667 0.379928 0.476190 0.362007 0.473016 0.333333 0.463492 0.311828 0.450794 0.297491
0 0.838095 0.326165 0.825397 0.326165 0.812698 0.340502 0.809524 0.351254 0.803175 0.354839 0.812698 0.387097 0.812698 0.401434 0.825397 0.412186 0.828571 0.412186 0.844444 0.394265 0.847619 0.383513 0.847619 0.340502
0 0.685714 0.333333 0.660317 0.336918 0.644444 0.362007 0.647619 0.397849 0.653968 0.412186 0.666667 0.419355 0.682540 0.415771 0.695238 0.394265 0.695238 0.379928 0.701587 0.358423 0.695238 0.340502
0 0.784127 0.347670 0.774603 0.362007 0.774603 0.383513 0.771429 0.387097 0.771429 0.394265 0.774603 0.397849 0.774603 0.405018 0.787302 0.419355 0.793651 0.422939 0.803175 0.422939 0.812698 0.408602 0.809524 0.401434 0.806349 0.372760 0.803175 0.369176 0.803175 0.358423 0.796825 0.351254
0 0.142857 0.362007 0.130159 0.369176 0.120635 0.387097 0.123810 0.412186 0.133333 0.433692 0.149206 0.451613 0.171429 0.455197 0.177778 0.451613 0.184127 0.433692 0.180952 0.405018 0.171429 0.383513 0.155556 0.365591
0 0.365079 0.401434 0.365079 0.408602 0.368254 0.412186 0.371429 0.412186 0.374603 0.415771 0.380952 0.415771 0.384127 0.419355 0.390476 0.419355 0.400000 0.412186 0.400000 0.408602 0.390476 0.397849 0.380952 0.397849 0.377778 0.394265 0.374603 0.394265
0 0.511111 0.394265 0.492063 0.408602 0.485714 0.422939 0.485714 0.444444 0.498413 0.465950 0.526984 0.469534 0.539683 0.458781 0.546032 0.444444 0.546032 0.415771 0.533333 0.397849
0 0.339683 0.419355 0.336508 0.448029 0.346032 0.465950 0.384127 0.501792 0.403175 0.498208 0.409524 0.487455 0.409524 0.469534 0.403175 0.451613 0.355556 0.419355
0 0.244444 0.430108 0.238095 0.437276 0.238095 0.455197 0.247619 0.473118 0.260317 0.473118 0.263492 0.469534 0.263492 0.444444 0.260317 0.440860 0.260317 0.437276 0.253968 0.430108
0 0.203175 0.444444 0.196825 0.448029 0.184127 0.465950 0.184127 0.491039 0.196825 0.519713 0.203175 0.526882 0.215873 0.530466 0.234921 0.519713 0.234921 0.501792 0.228571 0.491039 0.219048 0.455197 0.212698 0.448029
0 0.965079 0.451613 0.946032 0.451613 0.930159 0.462366 0.930159 0.480287 0.942857 0.494624 0.949206 0.494624 0.955556 0.498208 0.974603 0.483871 0.977778 0.476703 0.977778 0.462366
0 0.117460 0.469534 0.117460 0.480287 0.123810 0.487455 0.123810 0.494624 0.139683 0.530466 0.149206 0.541219 0.161905 0.544803 0.165079 0.537634 0.158730 0.526882 0.158730 0.516129 0.152381 0.501792 0.126984 0.469534
0 0.647619 0.473118 0.638095 0.483871 0.638095 0.505376 0.641270 0.508961 0.641270 0.516129 0.663492 0.537634 0.676190 0.537634 0.682540 0.534050 0.688889 0.519713 0.688889 0.498208 0.682540 0.483871 0.669841 0.473118
0 0.755556 0.473118 0.746032 0.483871 0.746032 0.491039 0.742857 0.494624 0.742857 0.512545 0.746032 0.516129 0.746032 0.526882 0.752381 0.534050 0.752381 0.537634 0.758730 0.541219 0.771429 0.541219 0.777778 0.537634 0.784127 0.526882 0.784127 0.491039 0.774603 0.476703 0.768254 0.473118
0 0.834921 0.476703 0.834921 0.487455 0.831746 0.491039 0.831746 0.512545 0.834921 0.516129 0.834921 0.523297 0.847619 0.534050 0.850794 0.534050 0.850794 0.526882 0.857143 0.516129 0.857143 0.505376 0.844444 0.487455 0.844444 0.480287 0.841270 0.476703
0 0.873016 0.541219 0.863492 0.555556 0.863492 0.587814 0.882540 0.605735 0.898413 0.605735 0.904762 0.598566 0.904762 0.587814 0.907937 0.584229 0.904762 0.580645 0.904762 0.573477 0.876190 0.541219
0 0.596825 0.544803 0.587302 0.551971 0.580952 0.566308 0.577778 0.616487 0.580952 0.630824 0.596825 0.648746 0.612698 0.648746 0.634921 0.623656 0.647619 0.594982 0.647619 0.569892 0.622222 0.548387
0 0.384127 0.548387 0.377778 0.555556 0.377778 0.566308 0.400000 0.591398 0.403175 0.591398 0.406349 0.594982 0.409524 0.591398 0.412698 0.591398 0.412698 0.580645 0.406349 0.573477 0.406349 0.569892 0.403175 0.566308 0.403175 0.559140 0.393651 0.548387
0 0.295238 0.566308 0.288889 0.580645 0.288889 0.591398 0.295238 0.609319 0.307937 0.623656 0.342857 0.627240 0.361905 0.616487 0.365079 0.605735 0.361905 0.587814 0.336508 0.559140 0.330159 0.555556 0.307937 0.555556
0 0.942857 0.569892 0.930159 0.580645 0.926984 0.594982 0.930159 0.609319 0.942857 0.634409 0.955556 0.648746 0.974603 0.652330 0.993651 0.630824 0.993651 0.594982 0.971429 0.569892 0.961905 0.566308
0 0.809524 0.612903 0.800000 0.627240 0.800000 0.645161 0.803175 0.652330 0.815873 0.666667 0.828571 0.673835 0.841270 0.673835 0.847619 0.670251 0.860317 0.648746 0.860317 0.634409 0.850794 0.620072 0.831746 0.609319 0.815873 0.609319
0 0.282540 0.663082 0.282540 0.691756 0.298413 0.709677 0.336508 0.716846 0.346032 0.724014 0.358730 0.716846 0.365079 0.677419 0.358730 0.659498 0.346032 0.645161 0.333333 0.637993 0.307937 0.637993
0 0.520635 0.666667 0.517460 0.666667 0.514286 0.670251 0.514286 0.673835 0.511111 0.677419 0.507937 0.673835 0.504762 0.677419 0.504762 0.691756 0.517460 0.691756 0.517460 0.688172 0.520635 0.684588 0.520635 0.681004 0.523810 0.677419 0.523810 0.670251
0 0.590476 0.691756 0.584127 0.698925 0.584127 0.713262 0.609524 0.763441 0.647619 0.802867 0.669841 0.806452 0.676190 0.795699 0.676190 0.745520 0.666667 0.720430 0.657143 0.709677 0.634921 0.702509 0.615873 0.688172
0 0.107937 0.691756 0.104762 0.691756 0.104762 0.695341 0.101587 0.698925 0.101587 0.702509 0.095238 0.713262 0.095238 0.734767 0.098413 0.738351 0.104762 0.738351 0.111111 0.731183 0.111111 0.727599 0.117460 0.716846 0.117460 0.706093 0.114286 0.702509 0.114286 0.698925
0 0.292063 0.720430 0.288889 0.741935 0.295238 0.756272 0.314286 0.777778 0.320635 0.781362 0.346032 0.781362 0.355556 0.774194 0.358730 0.756272 0.342857 0.724014 0.311111 0.713262 0.298413 0.713262
0 0.488889 0.738351 0.485714 0.741935 0.485714 0.770609 0.488889 0.774194 0.492063 0.792115 0.498413 0.802867 0.507937 0.810036 0.526984 0.810036 0.533333 0.799283 0.533333 0.781362 0.523810 0.756272 0.507937 0.738351 0.501587 0.738351 0.498413 0.734767
0 0.434921 0.752688 0.434921 0.759857 0.438095 0.763441 0.438095 0.767025 0.444444 0.774194 0.457143 0.774194 0.457143 0.770609 0.460317 0.767025 0.466667 0.767025 0.469841 0.763441 0.469841 0.756272 0.466667 0.752688 0.463492 0.752688 0.460317 0.749104 0.453968 0.749104 0.450794 0.745520 0.444444 0.745520 0.450794 0.752688 0.450794 0.756272 0.447619 0.759857 0.441270 0.752688
0 0.253968 0.763441 0.241270 0.770609 0.231746 0.788530 0.231746 0.817204 0.241270 0.838710 0.250794 0.849462 0.273016 0.853047 0.292063 0.838710 0.298413 0.824373 0.298413 0.795699 0.276190 0.767025
0 0.393651 0.777778 0.393651 0.799283 0.396825 0.802867 0.400000 0.813620 0.406349 0.820789 0.409524 0.820789 0.419048 0.827957 0.425397 0.827957 0.428571 0.824373 0.428571 0.802867 0.425397 0.799283 0.425397 0.795699 0.409524 0.777778
0 0.126984 0.792115 0.123810 0.795699 0.123810 0.813620 0.126984 0.817204 0.126984 0.827957 0.130159 0.831541 0.126984 0.835125 0.126984 0.842294 0.130159 0.845878 0.133333 0.845878 0.133333 0.827957 0.130159 0.824373 0.130159 0.795699
0 0.333333 0.806452 0.320635 0.824373 0.323810 0.853047 0.330159 0.867384 0.349206 0.888889 0.371429 0.892473 0.387302 0.874552 0.384127 0.842294 0.371429 0.817204 0.358730 0.806452 0.349206 0.802867
0 0.993651 0.806452 0.977778 0.824373 0.977778 0.827957 0.974603 0.831541 0.974603 0.849462 0.977778 0.853047 0.977778 0.856631 0.984127 0.863799 0.993651 0.863799 0.996825 0.860215 0.996825 0.853047 0.993651 0.849462
0 0.523810 0.835125 0.514286 0.845878 0.514286 0.870968 0.517460 0.878136 0.536508 0.896057 0.546032 0.899642 0.568254 0.899642 0.574603 0.892473 0.577778 0.881720 0.577778 0.860215 0.568254 0.842294 0.542857 0.827957
0 0.244444 0.885305 0.238095 0.906810 0.238095 0.924731 0.244444 0.939068 0.269841 0.953405 0.298413 0.949821 0.323810 0.921147 0.320635 0.892473 0.295238 0.870968 0.266667 0.870968
0 0.431746 0.878136 0.425397 0.885305 0.425397 0.903226 0.431746 0.921147 0.447619 0.939068 0.453968 0.942652 0.466667 0.942652 0.476190 0.931900 0.476190 0.910394 0.473016 0.903226 0.457143 0.881720 0.450794 0.878136
0 0.787302 0.928315 0.787302 0.949821 0.803175 0.967742 0.822222 0.978495 0.844444 0.974910 0.853968 0.960573 0.847619 0.939068 0.834921 0.924731 0.822222 0.917563 0.796825 0.917563
0 0.120635 0.921147 0.114286 0.921147 0.111111 0.924731 0.101587 0.928315 0.101587 0.931900 0.098413 0.935484 0.098413 0.960573 0.101587 0.964158 0.101587 0.971326 0.107937 0.982079 0.111111 0.982079 0.120635 0.971326 0.120635 0.967742 0.126984 0.956989 0.126984 0.928315
0 0.526984 0.942652 0.530159 0.971326 0.549206 0.989247 0.568254 0.996416 0.590476 0.996416 0.600000 0.989247 0.596825 0.964158 0.590476 0.953405 0.574603 0.939068 0.555556 0.931900 0.539683 0.931900
0 0.415873 0.967742 0.415873 0.974910 0.412698 0.982079 0.415873 0.989247 0.425397 0.996416 0.450794 0.996416 0.463492 0.989247 0.463492 0.982079 0.460317 0.974910 0.450794 0.964158 0.447619 0.964158 0.434921 0.953405 0.428571 0.953405 0.422222 0.956989 0.422222 0.960573
