0 0.363057 0.003597 0.363057 0.010791 0.375796 0.039568 0.378981 0.057554 0.382166 0.064748 0.388535 0.064748 0.385350 0.057554 0.385350 0.039568 0.388535 0.035971 0.388535 0.010791 0.375796 0.000000 0.369427 0.003597
0 0.143312 0.003597 0.140127 0.007194 0.140127 0.028777 0.146497 0.039568 0.159236 0.039568 0.165605 0.032374 0.165605 0.014388 0.159236 0.003597
0 0.213376 0.003597 0.210191 0.007194 0.210191 0.035971 0.213376 0.039568 0.210191 0.061151 0.213376 0.064748 0.216561 0.079137 0.219745 0.082734 0.226115 0.082734 0.232484 0.071942 0.232484 0.043165 0.229299 0.039568 0.226115 0.007194 0.222930 0.003597
0 0.267516 0.003597 0.267516 0.014388 0.264331 0.021583 0.267516 0.025180 0.267516 0.032374 0.273885 0.046763 0.286624 0.064748 0.296178 0.064748 0.296178 0.050360 0.280255 0.014388 0.280255 0.007194 0.277070 0.003597
0 0.324841 0.003597 0.324841 0.017986 0.331210 0.025180 0.343949 0.025180 0.343949 0.021583 0.347134 0.017986 0.347134 0.007194 0.343949 0.003597
0 0.006369 0.014388 0.003185 0.014388 0.003185 0.043165 0.006369 0.039568 0.006369 0.035971 0.009554 0.032374 0.009554 0.017986
0 0.764331 0.014388 0.754777 0.014388 0.745223 0.021583 0.745223 0.032374 0.742038 0.035971 0.742038 0.043165 0.745223 0.046763 0.745223 0.050360 0.761146 0.050360 0.773885 0.035971 0.773885 0.028777 0.770701 0.025180 0.770701 0.021583
0 0.442675 0.025180 0.433121 0.035971 0.433121 0.039568 0.436306 0.043165 0.436306 0.050360 0.445860 0.061151 0.458599 0.061151 0.464968 0.053957 0.464968 0.043165 0.461783 0.039568 0.461783 0.035971 0.455414 0.025180
0 0.114650 0.039568 0.114650 0.046763 0.117834 0.050360 0.114650 0.053957 0.117834 0.057554 0.117834 0.061151 0.121019 0.061151 0.127389 0.053957 0.127389 0.043165 0.124204 0.039568
0 0.347134 0.039568 0.340764 0.046763 0.340764 0.057554 0.343949 0.061151 0.356688 0.061151 0.359873 0.057554 0.359873 0.043165 0.356688 0.039568
0 0.493631 0.046763 0.493631 0.064748 0.496815 0.068345 0.496815 0.071942 0.500000 0.075540 0.500000 0.079137 0.506369 0.079137 0.512739 0.071942 0.512739 0.057554 0.509554 0.053957 0.509554 0.050360 0.506369 0.046763
0 0.668790 0.046763 0.665605 0.050360 0.665605 0.079137 0.671975 0.089928 0.684713 0.089928 0.687898 0.086331 0.687898 0.061151 0.684713 0.057554 0.684713 0.053957 0.678344 0.046763
0 0.171975 0.068345 0.159236 0.068345 0.156051 0.071942 0.152866 0.071942 0.152866 0.075540 0.149682 0.079137 0.149682 0.097122 0.152866 0.100719 0.165605 0.100719 0.175159 0.093525 0.175159 0.089928 0.178344 0.086331 0.178344 0.079137
0 0.770701 0.068345 0.761146 0.068345 0.757962 0.071942 0.754777 0.071942 0.754777 0.089928 0.757962 0.093525 0.764331 0.093525 0.770701 0.086331 0.770701 0.082734 0.773885 0.079137 0.773885 0.071942
0 0.277070 0.075540 0.273885 0.082734 0.289809 0.122302 0.305732 0.140288 0.315287 0.140288 0.308917 0.107914 0.286624 0.079137
0 0.108280 0.086331 0.108280 0.097122 0.111465 0.100719 0.124204 0.100719 0.127389 0.097122 0.130573 0.097122 0.130573 0.093525 0.133758 0.089928 0.133758 0.086331 0.127389 0.079137 0.114650 0.079137
0 0.710191 0.093525 0.710191 0.104317 0.716561 0.111511 0.719745 0.111511 0.722930 0.107914 0.726115 0.107914 0.729299 0.104317 0.732484 0.104317 0.735669 0.100719 0.735669 0.093525 0.732484 0.089928 0.716561 0.089928 0.713376 0.093525
0 0.847134 0.097122 0.837580 0.111511 0.834395 0.129496 0.840764 0.140288 0.840764 0.147482 0.843949 0.151079 0.853503 0.151079 0.866242 0.140288 0.866242 0.129496 0.859873 0.118705 0.859873 0.111511 0.856688 0.107914 0.856688 0.097122
0 0.085987 0.100719 0.082803 0.100719 0.076433 0.107914 0.079618 0.111511 0.073248 0.118705 0.073248 0.122302 0.079618 0.122302 0.079618 0.118705 0.082803 0.115108 0.085987 0.118705
0 0.423567 0.115108 0.423567 0.129496 0.426752 0.133094 0.426752 0.136691 0.445860 0.136691 0.452229 0.129496 0.452229 0.125899 0.439490 0.111511 0.426752 0.111511
0 0.557325 0.111511 0.554140 0.115108 0.554140 0.133094 0.557325 0.136691 0.557325 0.143885 0.560510 0.147482 0.563694 0.161871 0.579618 0.172662 0.589172 0.169065 0.595541 0.158273 0.595541 0.147482 0.589172 0.133094 0.576433 0.118705 0.563694 0.111511
0 0.194268 0.115108 0.194268 0.118705 0.191083 0.122302 0.191083 0.129496 0.194268 0.133094 0.194268 0.136691 0.197452 0.140288 0.197452 0.143885 0.200637 0.147482 0.210191 0.147482 0.213376 0.143885 0.213376 0.129496 0.210191 0.125899 0.210191 0.122302 0.203822 0.115108
0 0.738854 0.125899 0.735669 0.125899 0.716561 0.147482 0.716561 0.151079 0.713376 0.154676 0.713376 0.176259 0.719745 0.183453 0.729299 0.179856 0.729299 0.176259 0.732484 0.172662 0.732484 0.165468 0.735669 0.161871 0.735669 0.151079 0.738854 0.147482
0 0.031847 0.129496 0.019108 0.129496 0.009554 0.140288 0.009554 0.143885 0.003185 0.154676 0.006369 0.165468 0.012739 0.165468 0.015924 0.161871 0.019108 0.161871 0.031847 0.147482 0.031847 0.143885 0.035032 0.140288
0 0.121019 0.143885 0.121019 0.154676 0.130573 0.161871 0.140127 0.161871 0.143312 0.158273 0.149682 0.158273 0.152866 0.161871 0.162420 0.161871 0.165605 0.158273 0.168790 0.158273 0.168790 0.154676 0.171975 0.151079 0.168790 0.140288 0.162420 0.133094 0.143312 0.133094 0.140127 0.136691 0.130573 0.136691
0 0.372611 0.143885 0.369427 0.147482 0.369427 0.154676 0.366242 0.158273 0.369427 0.161871 0.369427 0.172662 0.385350 0.190647 0.401274 0.190647 0.404459 0.187050 0.404459 0.179856 0.394904 0.165468 0.394904 0.161871 0.378981 0.143885
0 0.506369 0.151079 0.503185 0.154676 0.503185 0.161871 0.506369 0.165468 0.506369 0.172662 0.509554 0.176259 0.509554 0.179856 0.515924 0.187050 0.522293 0.187050 0.522293 0.183453 0.525478 0.179856 0.522293 0.176259 0.522293 0.172662 0.519108 0.169065 0.519108 0.165468 0.515924 0.161871 0.515924 0.158273 0.512739 0.154676 0.509554 0.154676
0 0.270701 0.154676 0.270701 0.161871 0.273885 0.165468 0.273885 0.169065 0.277070 0.172662 0.277070 0.176259 0.283439 0.183453 0.286624 0.183453 0.286624 0.179856 0.289809 0.176259 0.289809 0.172662 0.286624 0.169065 0.286624 0.165468 0.277070 0.154676
0 0.076433 0.161871 0.073248 0.165468 0.073248 0.183453 0.076433 0.187050 0.076433 0.190647 0.082803 0.197842 0.089172 0.197842 0.095541 0.187050 0.095541 0.172662 0.089172 0.161871
0 0.216561 0.169065 0.213376 0.172662 0.213376 0.190647 0.216561 0.194245 0.232484 0.194245 0.232484 0.183453 0.229299 0.179856 0.229299 0.176259 0.222930 0.169065
0 0.748408 0.169065 0.738854 0.179856 0.738854 0.190647 0.735669 0.194245 0.735669 0.208633 0.745223 0.223022 0.751592 0.226619 0.761146 0.226619 0.770701 0.212230 0.770701 0.197842 0.757962 0.169065
0 0.426752 0.172662 0.426752 0.187050 0.429936 0.190647 0.429936 0.197842 0.433121 0.201439 0.433121 0.205036 0.442675 0.205036 0.442675 0.201439 0.445860 0.197842 0.445860 0.190647 0.442675 0.187050 0.442675 0.183453 0.439490 0.183453 0.429936 0.172662
0 0.821656 0.172662 0.812102 0.172662 0.805732 0.179856 0.805732 0.183453 0.802548 0.187050 0.802548 0.205036 0.805732 0.208633 0.805732 0.212230 0.815287 0.212230 0.818471 0.208633 0.818471 0.205036 0.824841 0.194245 0.824841 0.179856 0.821656 0.176259
0 0.003185 0.179856 0.000000 0.183453 0.000000 0.190647 0.003185 0.194245 0.003185 0.208633 0.009554 0.208633 0.009554 0.190647 0.006369 0.187050 0.006369 0.183453
0 0.168790 0.183453 0.168790 0.187050 0.165605 0.190647 0.165605 0.197842 0.168790 0.201439 0.168790 0.205036 0.181529 0.219424 0.191083 0.219424 0.197452 0.212230 0.197452 0.205036 0.194268 0.201439 0.194268 0.197842 0.181529 0.183453
0 0.464968 0.190647 0.458599 0.201439 0.458599 0.226619 0.461783 0.230216 0.461783 0.255396 0.464968 0.262590 0.477707 0.269784 0.503185 0.269784 0.509554 0.266187 0.509554 0.248201 0.500000 0.215827 0.480892 0.194245
0 0.222930 0.205036 0.216561 0.212230 0.216561 0.219424 0.219745 0.223022 0.219745 0.226619 0.222930 0.230216 0.235669 0.230216 0.238854 0.226619 0.238854 0.215827 0.229299 0.205036
0 0.334395 0.223022 0.331210 0.226619 0.328025 0.226619 0.328025 0.230216 0.324841 0.233813 0.324841 0.241007 0.331210 0.251799 0.337580 0.251799 0.340764 0.255396 0.350318 0.248201 0.350318 0.244604 0.353503 0.241007 0.353503 0.237410 0.347134 0.226619 0.343949 0.226619 0.340764 0.223022
0 0.009554 0.226619 0.006369 0.226619 0.003185 0.230216 0.003185 0.241007 0.000000 0.244604 0.000000 0.262590 0.003185 0.266187 0.003185 0.269784 0.006369 0.269784 0.009554 0.266187 0.012739 0.266187 0.019108 0.258993 0.019108 0.237410 0.015924 0.233813 0.015924 0.230216 0.012739 0.230216
0 0.095541 0.226619 0.095541 0.244604 0.098726 0.248201 0.105096 0.248201 0.108280 0.244604 0.114650 0.244604 0.114650 0.237410 0.108280 0.230216 0.105096 0.230216 0.101911 0.226619
0 0.821656 0.233813 0.818471 0.237410 0.818471 0.244604 0.821656 0.248201 0.821656 0.251799 0.818471 0.255396 0.818471 0.262590 0.815287 0.266187 0.818471 0.269784 0.818471 0.273381 0.821656 0.273381 0.824841 0.276978 0.831210 0.276978 0.840764 0.266187 0.840764 0.258993 0.843949 0.255396 0.843949 0.251799 0.828025 0.233813
0 0.232484 0.248201 0.229299 0.251799 0.229299 0.262590 0.235669 0.273381 0.251592 0.273381 0.257962 0.266187 0.257962 0.255396 0.248408 0.244604 0.238854 0.244604 0.235669 0.248201
0 0.761146 0.248201 0.754777 0.255396 0.754777 0.269784 0.757962 0.273381 0.757962 0.276978 0.761146 0.276978 0.764331 0.280576 0.767516 0.280576 0.777070 0.273381 0.777070 0.269784 0.780255 0.266187 0.780255 0.255396 0.770701 0.248201
0 0.592357 0.251799 0.585987 0.258993 0.585987 0.269784 0.589172 0.273381 0.589172 0.276978 0.598726 0.287770 0.608280 0.287770 0.611465 0.284173 0.611465 0.269784 0.608280 0.266187 0.608280 0.262590 0.601911 0.255396 0.598726 0.255396 0.595541 0.251799
0 0.140127 0.258993 0.136943 0.262590 0.136943 0.280576 0.140127 0.284173 0.146497 0.284173 0.149682 0.287770 0.162420 0.287770 0.168790 0.276978 0.168790 0.269784 0.159236 0.258993 0.156051 0.258993 0.152866 0.255396 0.146497 0.255396 0.143312 0.258993
0 0.391720 0.266187 0.391720 0.327338 0.394904 0.330935 0.391720 0.338129 0.391720 0.356115 0.401274 0.370504 0.414013 0.366906 0.417197 0.359712 0.420382 0.327338 0.417197 0.323741 0.417197 0.309353 0.404459 0.284173 0.401274 0.269784
0 0.197452 0.269784 0.194268 0.273381 0.194268 0.287770 0.197452 0.291367 0.197452 0.294964 0.203822 0.302158 0.213376 0.302158 0.216561 0.298561 0.216561 0.280576 0.210191 0.273381 0.210191 0.269784
0 0.350318 0.269784 0.347134 0.273381 0.343949 0.273381 0.337580 0.280576 0.337580 0.284173 0.340764 0.287770 0.340764 0.291367 0.347134 0.298561 0.356688 0.298561 0.363057 0.291367 0.363057 0.276978 0.359873 0.273381 0.356688 0.273381 0.353503 0.269784
0 0.429936 0.269784 0.426752 0.273381 0.426752 0.291367 0.436306 0.302158 0.442675 0.302158 0.445860 0.298561 0.449045 0.298561 0.449045 0.294964 0.452229 0.291367 0.452229 0.284173 0.449045 0.280576 0.449045 0.276978 0.442675 0.269784
0 0.764331 0.284173 0.764331 0.298561 0.773885 0.309353 0.786624 0.309353 0.786624 0.305755 0.792994 0.294964 0.789809 0.291367 0.789809 0.287770 0.780255 0.276978 0.777070 0.276978 0.773885 0.280576 0.770701 0.280576 0.767516 0.284173
0 0.898089 0.276978 0.882166 0.276978 0.875796 0.280576 0.872611 0.294964 0.869427 0.298561 0.869427 0.323741 0.872611 0.330935 0.882166 0.338129 0.888535 0.338129 0.901274 0.330935 0.907643 0.323741 0.907643 0.316547 0.910828 0.312950 0.910828 0.298561 0.904459 0.284173
0 0.009554 0.280576 0.006369 0.280576 0.003185 0.284173 0.003185 0.305755 0.000000 0.309353 0.003185 0.312950 0.003185 0.316547 0.000000 0.320144 0.000000 0.327338 0.003185 0.330935 0.009554 0.330935 0.015924 0.323741 0.015924 0.320144 0.022293 0.312950 0.022293 0.305755 0.025478 0.302158 0.025478 0.294964 0.022293 0.291367 0.022293 0.287770 0.019108 0.284173 0.012739 0.284173
0 0.257962 0.284173 0.251592 0.291367 0.251592 0.298561 0.270701 0.320144 0.277070 0.312950 0.273885 0.309353 0.273885 0.302158 0.267516 0.294964 0.267516 0.291367 0.264331 0.287770 0.261146 0.287770
0 0.554140 0.284173 0.554140 0.287770 0.550955 0.291367 0.550955 0.298561 0.554140 0.302158 0.554140 0.305755 0.560510 0.312950 0.570064 0.312950 0.573248 0.309353 0.573248 0.298561 0.566879 0.291367 0.566879 0.287770 0.563694 0.284173
0 0.633758 0.287770 0.630573 0.291367 0.627389 0.291367 0.627389 0.294964 0.624204 0.298561 0.624204 0.305755 0.627389 0.309353 0.627389 0.312950 0.633758 0.320144 0.643312 0.320144 0.649682 0.312950 0.649682 0.305755 0.646497 0.302158 0.646497 0.298561 0.643312 0.294964 0.643312 0.291367 0.640127 0.291367 0.636943 0.287770
0 0.468153 0.291367 0.461783 0.298561 0.461783 0.305755 0.464968 0.309353 0.464968 0.312950 0.468153 0.316547 0.468153 0.320144 0.477707 0.327338 0.480892 0.323741 0.484076 0.323741 0.484076 0.320144 0.487261 0.316547 0.487261 0.305755 0.480892 0.294964 0.477707 0.294964 0.474522 0.291367
0 0.156051 0.305755 0.149682 0.305755 0.146497 0.309353 0.143312 0.309353 0.143312 0.312950 0.140127 0.316547 0.140127 0.320144 0.146497 0.327338 0.152866 0.327338 0.156051 0.323741 0.159236 0.323741 0.162420 0.320144 0.162420 0.312950
0 0.184713 0.316547 0.181529 0.320144 0.178344 0.320144 0.171975 0.327338 0.171975 0.338129 0.178344 0.345324 0.191083 0.345324 0.191083 0.338129 0.194268 0.334532 0.194268 0.327338 0.191083 0.323741 0.191083 0.320144 0.187898 0.320144
0 0.308917 0.316547 0.305732 0.320144 0.305732 0.341727 0.308917 0.345324 0.308917 0.352518 0.315287 0.366906 0.321656 0.374101 0.321656 0.381295 0.331210 0.392086 0.334395 0.392086 0.334395 0.384892 0.331210 0.381295 0.331210 0.377698 0.337580 0.370504 0.334395 0.366906 0.334395 0.356115 0.318471 0.320144 0.315287 0.316547
0 0.242038 0.320144 0.238854 0.323741 0.238854 0.338129 0.245223 0.345324 0.245223 0.348921 0.248408 0.348921 0.251592 0.352518 0.264331 0.352518 0.267516 0.348921 0.267516 0.338129 0.261146 0.330935 0.261146 0.327338 0.257962 0.327338 0.248408 0.320144
0 0.442675 0.320144 0.442675 0.352518 0.452229 0.363309 0.464968 0.363309 0.468153 0.359712 0.471338 0.359712 0.471338 0.345324 0.458599 0.330935 0.458599 0.327338 0.452229 0.320144
0 0.764331 0.320144 0.761146 0.323741 0.761146 0.330935 0.764331 0.334532 0.764331 0.345324 0.767516 0.348921 0.767516 0.352518 0.770701 0.352518 0.786624 0.370504 0.789809 0.366906 0.792994 0.366906 0.796178 0.363309 0.796178 0.341727 0.783439 0.327338
0 0.525478 0.334532 0.519108 0.327338 0.515924 0.327338 0.512739 0.323741 0.509554 0.327338 0.506369 0.327338 0.496815 0.338129 0.496815 0.345324 0.500000 0.348921 0.500000 0.352518 0.512739 0.352518 0.515924 0.348921 0.519108 0.348921 0.522293 0.345324 0.525478 0.345324
0 0.038217 0.327338 0.031847 0.327338 0.022293 0.338129 0.022293 0.341727 0.019108 0.345324 0.019108 0.356115 0.022293 0.359712 0.031847 0.359712 0.035032 0.356115 0.038217 0.356115 0.041401 0.352518 0.041401 0.330935
0 0.643312 0.334532 0.640127 0.338129 0.640127 0.352518 0.646497 0.359712 0.656051 0.359712 0.659236 0.356115 0.659236 0.345324 0.656051 0.341727 0.656051 0.338129 0.652866 0.338129 0.649682 0.334532
0 0.076433 0.341727 0.073248 0.345324 0.073248 0.356115 0.076433 0.359712 0.076433 0.363309 0.079618 0.363309 0.082803 0.366906 0.085987 0.366906 0.089172 0.363309 0.089172 0.345324 0.085987 0.341727
0 0.149682 0.341727 0.143312 0.341727 0.140127 0.345324 0.136943 0.345324 0.136943 0.366906 0.143312 0.366906 0.146497 0.370504 0.149682 0.366906 0.152866 0.366906 0.156051 0.363309 0.156051 0.348921
0 0.207006 0.348921 0.207006 0.374101 0.210191 0.377698 0.210191 0.381295 0.216561 0.381295 0.226115 0.370504 0.232484 0.370504 0.242038 0.377698 0.242038 0.366906 0.235669 0.359712 0.235669 0.352518 0.232484 0.348921 0.232484 0.345324 0.229299 0.345324 0.226115 0.341727 0.213376 0.341727
0 0.713376 0.348921 0.710191 0.352518 0.710191 0.370504 0.713376 0.374101 0.713376 0.377698 0.729299 0.388489 0.738854 0.384892 0.742038 0.381295 0.742038 0.359712 0.732484 0.348921 0.726115 0.348921 0.722930 0.345324 0.719745 0.348921
0 0.595541 0.348921 0.592357 0.352518 0.592357 0.356115 0.601911 0.366906 0.601911 0.374101 0.608280 0.374101 0.611465 0.370504 0.611465 0.363309 0.598726 0.348921
0 0.671975 0.356115 0.668790 0.359712 0.668790 0.381295 0.671975 0.384892 0.671975 0.388489 0.675159 0.392086 0.678344 0.392086 0.681529 0.388489 0.684713 0.388489 0.684713 0.384892 0.687898 0.381295 0.687898 0.370504 0.684713 0.366906 0.684713 0.363309 0.678344 0.356115
0 0.280255 0.359712 0.273885 0.359712 0.270701 0.363309 0.270701 0.370504 0.267516 0.374101 0.267516 0.381295 0.273885 0.381295 0.277070 0.377698 0.277070 0.370504 0.280255 0.366906
0 0.528662 0.366906 0.525478 0.366906 0.522293 0.370504 0.519108 0.370504 0.515924 0.374101 0.512739 0.374101 0.512739 0.392086 0.515924 0.395683 0.515924 0.399281 0.525478 0.406475 0.528662 0.402878 0.531847 0.402878 0.531847 0.399281 0.535032 0.395683 0.535032 0.377698
0 0.130573 0.381295 0.124204 0.381295 0.117834 0.388489 0.117834 0.399281 0.114650 0.402878 0.117834 0.406475 0.117834 0.410072 0.121019 0.410072 0.124204 0.413669 0.127389 0.410072 0.130573 0.410072 0.133758 0.406475 0.133758 0.402878 0.136943 0.399281 0.136943 0.388489
0 0.289809 0.384892 0.289809 0.388489 0.286624 0.392086 0.286624 0.399281 0.292994 0.406475 0.299363 0.406475 0.302548 0.410072 0.308917 0.410072 0.312102 0.406475 0.312102 0.395683 0.302548 0.384892
0 0.576433 0.395683 0.570064 0.388489 0.560510 0.388489 0.557325 0.392086 0.554140 0.392086 0.554140 0.395683 0.547771 0.402878 0.547771 0.410072 0.550955 0.413669 0.550955 0.417266 0.566879 0.417266 0.576433 0.406475
0 0.595541 0.402878 0.595541 0.406475 0.592357 0.410072 0.592357 0.420863 0.598726 0.428058 0.611465 0.428058 0.617834 0.420863 0.617834 0.410072 0.614650 0.406475 0.614650 0.402878 0.611465 0.402878 0.608280 0.399281 0.601911 0.399281 0.598726 0.402878
0 0.200637 0.406475 0.187898 0.406475 0.184713 0.410072 0.184713 0.413669 0.181529 0.417266 0.181529 0.428058 0.184713 0.431655 0.194268 0.431655 0.197452 0.428058 0.200637 0.428058 0.203822 0.424460 0.203822 0.410072
0 0.484076 0.410072 0.480892 0.410072 0.477707 0.406475 0.471338 0.406475 0.468153 0.410072 0.464968 0.410072 0.461783 0.413669 0.461783 0.424460 0.464968 0.428058 0.468153 0.428058 0.471338 0.424460 0.474522 0.424460 0.477707 0.420863 0.480892 0.420863 0.484076 0.417266
0 0.289809 0.420863 0.283439 0.431655 0.283439 0.435252 0.286624 0.438849 0.286624 0.453237 0.289809 0.456835 0.302548 0.456835 0.305732 0.453237 0.305732 0.438849 0.308917 0.435252 0.305732 0.431655 0.305732 0.428058 0.299363 0.420863
0 0.369427 0.420863 0.366242 0.424460 0.366242 0.438849 0.363057 0.442446 0.363057 0.460432 0.369427 0.471223 0.375796 0.471223 0.378981 0.467626 0.378981 0.449640 0.375796 0.446043 0.375796 0.431655
0 0.525478 0.424460 0.515924 0.431655 0.515924 0.442446 0.519108 0.446043 0.519108 0.453237 0.522293 0.453237 0.525478 0.456835 0.531847 0.456835 0.538217 0.446043 0.538217 0.428058 0.535032 0.424460
0 0.082803 0.428058 0.079618 0.428058 0.079618 0.431655 0.076433 0.435252 0.076433 0.446043 0.070064 0.456835 0.070064 0.467626 0.073248 0.471223 0.079618 0.471223 0.082803 0.467626 0.085987 0.467626 0.092357 0.460432 0.092357 0.456835 0.089172 0.453237 0.092357 0.449640 0.095541 0.449640 0.089172 0.442446 0.089172 0.435252
0 0.404459 0.428058 0.401274 0.431655 0.401274 0.446043 0.407643 0.456835 0.410828 0.456835 0.423567 0.467626 0.423567 0.471223 0.426752 0.474820 0.426752 0.482014 0.429936 0.485612 0.429936 0.467626 0.426752 0.464029 0.426752 0.453237 0.423567 0.449640 0.423567 0.442446 0.417197 0.431655 0.414013 0.431655 0.410828 0.428058
0 0.035032 0.435252 0.031847 0.438849 0.031847 0.464029 0.035032 0.467626 0.038217 0.467626 0.041401 0.464029 0.041401 0.460432 0.044586 0.456835 0.044586 0.442446 0.038217 0.435252
0 0.566879 0.438849 0.563694 0.442446 0.563694 0.460432 0.573248 0.471223 0.582803 0.471223 0.589172 0.460432 0.589172 0.456835 0.585987 0.453237 0.585987 0.449640 0.576433 0.438849
0 0.203822 0.442446 0.194268 0.453237 0.194268 0.464029 0.203822 0.474820 0.213376 0.474820 0.222930 0.467626 0.222930 0.446043 0.219745 0.442446
0 0.264331 0.442446 0.251592 0.456835 0.251592 0.492806 0.257962 0.503597 0.264331 0.507194 0.273885 0.507194 0.280255 0.500000 0.286624 0.478417 0.283439 0.474820 0.283439 0.456835 0.280255 0.449640 0.273885 0.442446
0 0.003185 0.446043 0.003185 0.464029 0.006369 0.467626 0.009554 0.467626 0.012739 0.464029 0.015924 0.464029 0.015924 0.460432 0.019108 0.456835 0.019108 0.453237 0.015924 0.449640 0.015924 0.446043
0 0.780255 0.449640 0.780255 0.460432 0.783439 0.464029 0.783439 0.467626 0.786624 0.471223 0.789809 0.471223 0.792994 0.474820 0.796178 0.474820 0.802548 0.467626 0.802548 0.464029 0.805732 0.460432 0.802548 0.456835 0.802548 0.453237 0.799363 0.449640 0.796178 0.449640 0.792994 0.446043 0.786624 0.446043 0.783439 0.449640
0 0.611465 0.449640 0.605096 0.456835 0.605096 0.474820 0.608280 0.474820 0.611465 0.478417 0.617834 0.478417 0.621019 0.474820 0.624204 0.474820 0.627389 0.471223 0.627389 0.460432 0.624204 0.456835 0.624204 0.453237 0.621019 0.449640
0 0.853503 0.453237 0.847134 0.460432 0.847134 0.467626 0.859873 0.482014 0.863057 0.482014 0.866242 0.485612 0.869427 0.485612 0.869427 0.482014 0.872611 0.478417 0.869427 0.474820 0.869427 0.471223 0.866242 0.467626 0.866242 0.460432 0.863057 0.456835 0.863057 0.453237
0 0.101911 0.471223 0.092357 0.471223 0.089172 0.474820 0.089172 0.478417 0.085987 0.482014 0.085987 0.489209 0.082803 0.492806 0.085987 0.496403 0.085987 0.500000 0.092357 0.500000 0.101911 0.489209 0.101911 0.485612 0.105096 0.482014 0.105096 0.478417 0.101911 0.474820
0 0.063694 0.485612 0.060510 0.489209 0.060510 0.510791 0.063694 0.514388 0.070064 0.514388 0.073248 0.510791 0.073248 0.503597 0.076433 0.500000 0.076433 0.492806 0.070064 0.485612
0 0.767516 0.485612 0.764331 0.489209 0.764331 0.517986 0.773885 0.525180 0.783439 0.517986 0.783439 0.514388 0.786624 0.510791 0.786624 0.503597 0.783439 0.500000 0.783439 0.492806 0.777070 0.485612
0 0.633758 0.489209 0.630573 0.489209 0.627389 0.492806 0.624204 0.492806 0.621019 0.496403 0.617834 0.496403 0.617834 0.500000 0.614650 0.503597 0.614650 0.507194 0.621019 0.514388 0.630573 0.514388 0.636943 0.507194 0.636943 0.492806
0 0.025478 0.492806 0.025478 0.503597 0.031847 0.510791 0.031847 0.514388 0.035032 0.514388 0.041401 0.507194 0.041401 0.503597 0.038217 0.500000 0.038217 0.496403 0.035032 0.496403 0.031847 0.492806
0 0.299363 0.496403 0.292994 0.503597 0.292994 0.517986 0.302548 0.528777 0.305732 0.528777 0.312102 0.521583 0.312102 0.510791 0.308917 0.507194 0.308917 0.503597 0.305732 0.500000 0.302548 0.500000
0 0.136943 0.514388 0.127389 0.507194 0.121019 0.507194 0.117834 0.510791 0.111465 0.510791 0.105096 0.517986 0.105096 0.528777 0.108280 0.532374 0.108280 0.535971 0.111465 0.539568 0.121019 0.539568 0.124204 0.535971 0.127389 0.535971 0.136943 0.525180
0 0.713376 0.507194 0.703822 0.514388 0.703822 0.521583 0.700637 0.525180 0.703822 0.528777 0.707006 0.539568 0.716561 0.543165 0.719745 0.539568 0.726115 0.539568 0.726115 0.535971 0.729299 0.532374 0.729299 0.514388 0.726115 0.514388 0.722930 0.510791
0 0.391720 0.510791 0.388535 0.514388 0.388535 0.532374 0.391720 0.535971 0.391720 0.543165 0.398089 0.550360 0.398089 0.553957 0.401274 0.553957 0.404459 0.557554 0.410828 0.557554 0.414013 0.553957 0.414013 0.543165 0.410828 0.539568 0.410828 0.528777 0.407643 0.525180 0.407643 0.521583 0.401274 0.514388
0 0.484076 0.514388 0.477707 0.514388 0.468153 0.525180 0.468153 0.543165 0.474522 0.553957 0.480892 0.553957 0.490446 0.543165 0.490446 0.521583
0 0.675159 0.514388 0.671975 0.517986 0.671975 0.528777 0.678344 0.535971 0.681529 0.535971 0.684713 0.532374 0.684713 0.521583 0.678344 0.514388
0 0.085987 0.535971 0.082803 0.539568 0.079618 0.539568 0.073248 0.546763 0.073248 0.557554 0.079618 0.564748 0.082803 0.564748 0.085987 0.561151 0.092357 0.561151 0.095541 0.557554 0.095541 0.543165 0.092357 0.539568 0.089172 0.539568
0 0.000000 0.543165 0.000000 0.579137 0.003185 0.582734 0.006369 0.582734 0.006369 0.579137 0.009554 0.575540 0.009554 0.557554 0.006369 0.553957 0.006369 0.546763 0.003185 0.543165
0 0.808917 0.543165 0.808917 0.561151 0.812102 0.564748 0.812102 0.568345 0.818471 0.575540 0.824841 0.575540 0.831210 0.568345 0.831210 0.564748 0.828025 0.561151 0.828025 0.553957 0.818471 0.543165
0 0.283439 0.546763 0.280255 0.550360 0.280255 0.561151 0.277070 0.564748 0.277070 0.582734 0.283439 0.593525 0.286624 0.593525 0.289809 0.597122 0.299363 0.597122 0.302548 0.593525 0.305732 0.593525 0.305732 0.582734 0.302548 0.579137 0.302548 0.575540 0.289809 0.561151 0.289809 0.553957 0.286624 0.550360 0.286624 0.546763
0 0.595541 0.550360 0.592357 0.553957 0.592357 0.561151 0.598726 0.568345 0.598726 0.571942 0.601911 0.575540 0.601911 0.579137 0.608280 0.579137 0.611465 0.575540 0.611465 0.561151 0.608280 0.557554 0.608280 0.553957 0.605096 0.550360
0 0.242038 0.553957 0.229299 0.564748 0.229299 0.568345 0.226115 0.571942 0.226115 0.582734 0.229299 0.586331 0.232484 0.597122 0.242038 0.607914 0.254777 0.607914 0.261146 0.600719 0.261146 0.597122 0.264331 0.593525 0.264331 0.586331 0.261146 0.582734 0.261146 0.575540 0.257962 0.571942 0.257962 0.568345 0.245223 0.553957
0 0.372611 0.553957 0.372611 0.568345 0.375796 0.571942 0.375796 0.579137 0.382166 0.586331 0.391720 0.586331 0.398089 0.579137 0.398089 0.568345 0.388535 0.557554 0.385350 0.557554 0.382166 0.553957
0 0.681529 0.557554 0.678344 0.561151 0.678344 0.582734 0.681529 0.586331 0.681529 0.589928 0.684713 0.589928 0.687898 0.593525 0.700637 0.593525 0.703822 0.589928 0.707006 0.589928 0.707006 0.575540 0.694268 0.561151 0.691083 0.561151 0.687898 0.557554
0 0.726115 0.557554 0.722930 0.561151 0.719745 0.561151 0.716561 0.564748 0.716561 0.568345 0.719745 0.571942 0.719745 0.575540 0.722930 0.579137 0.722930 0.582734 0.729299 0.589928 0.732484 0.589928 0.738854 0.582734 0.738854 0.571942 0.735669 0.568345 0.735669 0.564748 0.732484 0.561151 0.729299 0.561151
0 0.627389 0.571942 0.627389 0.579137 0.630573 0.582734 0.630573 0.593525 0.633758 0.597122 0.633758 0.600719 0.643312 0.607914 0.649682 0.607914 0.656051 0.600719 0.656051 0.579137 0.646497 0.568345 0.646497 0.564748 0.643312 0.564748 0.636943 0.571942
0 0.143312 0.575540 0.136943 0.582734 0.136943 0.586331 0.133758 0.589928 0.133758 0.607914 0.140127 0.615108 0.152866 0.615108 0.156051 0.611511 0.159236 0.611511 0.165605 0.604317 0.165605 0.586331 0.156051 0.575540
0 0.184713 0.586331 0.181529 0.589928 0.181529 0.607914 0.184713 0.611511 0.191083 0.611511 0.194268 0.607914 0.194268 0.604317 0.197452 0.600719 0.197452 0.589928 0.194268 0.586331
0 0.783439 0.593525 0.773885 0.593525 0.773885 0.597122 0.767516 0.604317 0.767516 0.607914 0.764331 0.611511 0.764331 0.618705 0.773885 0.629496 0.777070 0.629496 0.780255 0.625899 0.783439 0.625899 0.789809 0.618705 0.789809 0.615108 0.792994 0.611511 0.792994 0.604317
0 0.398089 0.597122 0.391720 0.604317 0.391720 0.607914 0.394904 0.611511 0.394904 0.615108 0.401274 0.622302 0.404459 0.622302 0.407643 0.618705 0.410828 0.618705 0.410828 0.600719 0.407643 0.597122
0 0.815287 0.607914 0.808917 0.615108 0.808917 0.625899 0.812102 0.629496 0.824841 0.629496 0.828025 0.625899 0.828025 0.618705 0.824841 0.615108 0.824841 0.611511 0.821656 0.611511 0.818471 0.607914
0 0.117834 0.615108 0.114650 0.615108 0.111465 0.618705 0.108280 0.618705 0.101911 0.625899 0.101911 0.647482 0.105096 0.651079 0.105096 0.654676 0.114650 0.654676 0.121019 0.647482 0.121019 0.643885 0.124204 0.640288 0.124204 0.622302
0 0.277070 0.618705 0.270701 0.629496 0.273885 0.633094 0.273885 0.640288 0.280255 0.647482 0.296178 0.647482 0.302548 0.640288 0.302548 0.622302 0.296178 0.615108 0.286624 0.615108 0.283439 0.618705
0 0.331210 0.615108 0.328025 0.618705 0.328025 0.629496 0.331210 0.633094 0.331210 0.636691 0.334395 0.640288 0.337580 0.640288 0.340764 0.643885 0.343949 0.643885 0.347134 0.640288 0.350318 0.640288 0.350318 0.625899 0.343949 0.618705 0.340764 0.618705 0.337580 0.615108
0 0.694268 0.615108 0.687898 0.622302 0.691083 0.625899 0.691083 0.633094 0.694268 0.636691 0.707006 0.636691 0.713376 0.629496 0.713376 0.618705 0.710191 0.615108
0 0.226115 0.625899 0.219745 0.618705 0.210191 0.618705 0.203822 0.625899 0.200637 0.625899 0.200637 0.629496 0.197452 0.633094 0.197452 0.640288 0.200637 0.643885 0.200637 0.647482 0.216561 0.647482 0.219745 0.643885 0.222930 0.643885 0.226115 0.640288
0 0.621019 0.622302 0.611465 0.633094 0.611465 0.647482 0.614650 0.651079 0.614650 0.654676 0.617834 0.654676 0.621019 0.658273 0.630573 0.658273 0.636943 0.647482 0.636943 0.633094 0.627389 0.622302
0 0.175159 0.629496 0.171975 0.640288 0.175159 0.643885 0.175159 0.651079 0.178344 0.654676 0.178344 0.661871 0.184713 0.669065 0.197452 0.669065 0.200637 0.665468 0.200637 0.658273 0.197452 0.654676 0.197452 0.651079 0.194268 0.651079 0.187898 0.643885 0.184713 0.643885 0.181529 0.640288 0.181529 0.633094 0.178344 0.629496
0 0.519108 0.629496 0.515924 0.633094 0.515924 0.636691 0.512739 0.640288 0.512739 0.643885 0.519108 0.651079 0.528662 0.651079 0.535032 0.643885 0.535032 0.636691 0.531847 0.633094 0.531847 0.629496
0 0.248408 0.640288 0.245223 0.643885 0.245223 0.654676 0.248408 0.658273 0.248408 0.665468 0.251592 0.669065 0.254777 0.669065 0.257962 0.672662 0.261146 0.672662 0.264331 0.676259 0.267516 0.676259 0.273885 0.669065 0.273885 0.661871 0.270701 0.658273 0.270701 0.654676 0.264331 0.647482 0.261146 0.647482 0.254777 0.640288
0 0.796178 0.640288 0.792994 0.643885 0.792994 0.647482 0.789809 0.651079 0.789809 0.654676 0.792994 0.658273 0.792994 0.661871 0.799363 0.669065 0.808917 0.669065 0.812102 0.665468 0.812102 0.654676 0.808917 0.651079 0.808917 0.647482 0.805732 0.643885 0.805732 0.640288
0 0.407643 0.643885 0.407643 0.651079 0.410828 0.654676 0.410828 0.676259 0.417197 0.683453 0.417197 0.690647 0.420382 0.694245 0.423567 0.705036 0.426752 0.705036 0.429936 0.701439 0.429936 0.679856 0.426752 0.676259 0.426752 0.669065 0.423567 0.665468 0.423567 0.661871 0.420382 0.661871 0.414013 0.654676 0.410828 0.643885
0 0.847134 0.647482 0.840764 0.647482 0.837580 0.643885 0.834395 0.643885 0.831210 0.647482 0.828025 0.647482 0.821656 0.654676 0.824841 0.658273 0.821656 0.661871 0.821656 0.676259 0.828025 0.683453 0.834395 0.683453 0.837580 0.679856 0.840764 0.679856 0.840764 0.676259 0.850318 0.658273 0.850318 0.651079
0 0.082803 0.647482 0.079618 0.651079 0.079618 0.669065 0.082803 0.672662 0.082803 0.676259 0.085987 0.676259 0.089172 0.679856 0.092357 0.676259 0.095541 0.676259 0.095541 0.672662 0.098726 0.669065 0.098726 0.658273 0.095541 0.658273 0.089172 0.651079 0.085987 0.651079
0 0.652866 0.654676 0.646497 0.661871 0.646497 0.683453 0.652866 0.694245 0.659236 0.694245 0.665605 0.687050 0.665605 0.661871 0.662420 0.658273 0.662420 0.654676
0 0.356688 0.658273 0.350318 0.658273 0.347134 0.661871 0.343949 0.661871 0.340764 0.665468 0.340764 0.669065 0.331210 0.676259 0.331210 0.683453 0.337580 0.690647 0.340764 0.687050 0.343949 0.690647 0.356688 0.690647 0.359873 0.687050 0.363057 0.687050 0.363057 0.665468
0 0.681529 0.672662 0.681529 0.687050 0.684713 0.690647 0.684713 0.694245 0.697452 0.694245 0.700637 0.690647 0.703822 0.690647 0.710191 0.683453 0.710191 0.676259 0.700637 0.665468 0.684713 0.665468 0.684713 0.669065
0 0.856688 0.679856 0.853503 0.683453 0.850318 0.683453 0.850318 0.687050 0.847134 0.690647 0.847134 0.701439 0.850318 0.705036 0.850318 0.708633 0.856688 0.715827 0.866242 0.719424 0.875796 0.712230 0.875796 0.701439 0.872611 0.697842 0.869427 0.687050 0.866242 0.683453
0 0.047771 0.687050 0.041401 0.687050 0.038217 0.690647 0.035032 0.690647 0.031847 0.694245 0.031847 0.701439 0.028662 0.705036 0.028662 0.730216 0.035032 0.741007 0.044586 0.741007 0.050955 0.730216 0.050955 0.694245 0.047771 0.690647
0 0.210191 0.687050 0.203822 0.687050 0.197452 0.694245 0.197452 0.701439 0.200637 0.705036 0.207006 0.705036 0.213376 0.697842 0.213376 0.690647
0 0.547771 0.690647 0.547771 0.701439 0.550955 0.705036 0.550955 0.712230 0.560510 0.723022 0.570064 0.723022 0.570064 0.719424 0.573248 0.715827 0.573248 0.712230 0.570064 0.708633 0.570064 0.701439 0.563694 0.694245 0.560510 0.694245 0.557325 0.690647
0 0.006369 0.694245 0.003185 0.697842 0.003185 0.701439 0.000000 0.705036 0.000000 0.708633 0.003185 0.712230 0.003185 0.723022 0.006369 0.723022 0.009554 0.726619 0.012739 0.726619 0.015924 0.723022 0.015924 0.705036 0.012739 0.701439 0.012739 0.697842 0.009554 0.697842
0 0.171975 0.705036 0.168790 0.705036 0.165605 0.701439 0.152866 0.701439 0.146497 0.708633 0.146497 0.723022 0.149682 0.723022 0.152866 0.726619 0.156051 0.726619 0.162420 0.719424 0.165605 0.719424 0.168790 0.715827 0.168790 0.712230 0.171975 0.708633
0 0.888535 0.701439 0.885350 0.705036 0.885350 0.719424 0.888535 0.723022 0.888535 0.730216 0.891720 0.733813 0.898089 0.751799 0.904459 0.758993 0.907643 0.758993 0.907643 0.741007 0.904459 0.737410 0.904459 0.730216 0.898089 0.723022 0.898089 0.715827 0.894904 0.712230 0.894904 0.705036 0.891720 0.701439
0 0.184713 0.705036 0.175159 0.705036 0.175159 0.708633 0.171975 0.712230 0.171975 0.726619 0.175159 0.730216 0.168790 0.741007 0.168790 0.744604 0.171975 0.748201 0.181529 0.744604 0.187898 0.737410 0.187898 0.733813 0.191083 0.730216 0.191083 0.715827 0.184713 0.708633
0 0.315287 0.705036 0.308917 0.712230 0.308917 0.723022 0.312102 0.726619 0.312102 0.730216 0.318471 0.737410 0.334395 0.737410 0.334395 0.733813 0.337580 0.730216 0.337580 0.726619 0.334395 0.723022 0.334395 0.719424 0.331210 0.715827 0.331210 0.712230 0.324841 0.705036
0 0.347134 0.705036 0.347134 0.708633 0.343949 0.712230 0.343949 0.719424 0.347134 0.723022 0.347134 0.726619 0.350318 0.726619 0.353503 0.730216 0.366242 0.730216 0.369427 0.726619 0.369427 0.715827 0.366242 0.712230 0.366242 0.708633 0.363057 0.705036
0 0.821656 0.708633 0.821656 0.719424 0.824841 0.719424 0.828025 0.723022 0.834395 0.723022 0.834395 0.719424 0.831210 0.715827 0.831210 0.712230 0.828025 0.708633
0 0.700637 0.715827 0.697452 0.719424 0.697452 0.730216 0.700637 0.733813 0.703822 0.744604 0.713376 0.755396 0.716561 0.755396 0.719745 0.758993 0.726115 0.751799 0.726115 0.737410 0.716561 0.719424 0.713376 0.719424 0.710191 0.715827
0 0.257962 0.719424 0.248408 0.719424 0.245223 0.723022 0.238854 0.723022 0.238854 0.726619 0.235669 0.730216 0.235669 0.741007 0.238854 0.744604 0.238854 0.751799 0.242038 0.751799 0.245223 0.755396 0.251592 0.755396 0.254777 0.751799 0.257962 0.751799 0.264331 0.744604 0.264331 0.741007 0.267516 0.737410 0.267516 0.730216
0 0.423567 0.723022 0.417197 0.733813 0.417197 0.741007 0.423567 0.751799 0.423567 0.762590 0.426752 0.766187 0.433121 0.766187 0.433121 0.733813 0.429936 0.730216 0.429936 0.726619 0.426752 0.723022
0 0.133758 0.726619 0.121019 0.726619 0.117834 0.730216 0.117834 0.737410 0.114650 0.741007 0.114650 0.748201 0.117834 0.751799 0.117834 0.755396 0.124204 0.755396 0.127389 0.758993 0.130573 0.755396 0.133758 0.755396 0.133758 0.751799 0.140127 0.741007 0.140127 0.737410
0 0.210191 0.726619 0.200637 0.737410 0.200637 0.758993 0.210191 0.769784 0.222930 0.769784 0.229299 0.758993 0.229299 0.744604 0.226115 0.741007 0.226115 0.733813 0.219745 0.726619
0 0.522293 0.733813 0.519108 0.737410 0.519108 0.769784 0.525478 0.780576 0.525478 0.787770 0.531847 0.802158 0.541401 0.812950 0.547771 0.809353 0.547771 0.784173 0.531847 0.751799 0.528662 0.737410
0 0.869427 0.737410 0.866242 0.741007 0.866242 0.762590 0.875796 0.773381 0.878981 0.773381 0.882166 0.776978 0.888535 0.769784 0.888535 0.748201 0.878981 0.737410
0 0.831210 0.744604 0.808917 0.744604 0.802548 0.755396 0.802548 0.766187 0.808917 0.773381 0.818471 0.773381 0.831210 0.758993 0.831210 0.755396 0.834395 0.751799 0.834395 0.748201
0 0.114650 0.751799 0.111465 0.751799 0.108280 0.748201 0.101911 0.748201 0.098726 0.751799 0.095541 0.751799 0.092357 0.755396 0.092357 0.773381 0.095541 0.776978 0.105096 0.776978 0.111465 0.769784 0.111465 0.766187 0.114650 0.762590
0 0.315287 0.751799 0.308917 0.758993 0.308917 0.766187 0.312102 0.769784 0.312102 0.773381 0.321656 0.784173 0.328025 0.784173 0.331210 0.780576 0.331210 0.773381 0.334395 0.769784 0.334395 0.762590 0.331210 0.758993 0.331210 0.755396 0.328025 0.755396 0.324841 0.751799
0 0.353503 0.751799 0.347134 0.758993 0.347134 0.769784 0.350318 0.773381 0.366242 0.773381 0.372611 0.766187 0.372611 0.758993 0.369427 0.755396 0.366242 0.755396 0.363057 0.751799
0 0.019108 0.762590 0.012739 0.769784 0.012739 0.773381 0.009554 0.776978 0.009554 0.787770 0.012739 0.791367 0.012739 0.794964 0.019108 0.802158 0.028662 0.802158 0.035032 0.794964 0.035032 0.776978 0.031847 0.773381 0.031847 0.769784 0.025478 0.762590
0 0.675159 0.762590 0.662420 0.762590 0.652866 0.776978 0.652866 0.791367 0.656051 0.794964 0.656051 0.805755 0.665605 0.816547 0.675159 0.812950 0.681529 0.805755 0.681529 0.773381
0 0.184713 0.766187 0.178344 0.776978 0.178344 0.784173 0.181529 0.787770 0.181529 0.791367 0.187898 0.798561 0.191083 0.798561 0.194268 0.802158 0.197452 0.802158 0.200637 0.798561 0.203822 0.798561 0.203822 0.794964 0.207006 0.791367 0.203822 0.787770 0.203822 0.784173 0.187898 0.766187
0 0.611465 0.766187 0.605096 0.773381 0.605096 0.787770 0.608280 0.791367 0.608280 0.794964 0.624204 0.809353 0.633758 0.812950 0.636943 0.809353 0.636943 0.787770 0.633758 0.784173 0.630573 0.773381 0.621019 0.766187
0 0.847134 0.766187 0.837580 0.776978 0.837580 0.787770 0.840764 0.791367 0.843949 0.802158 0.847134 0.802158 0.850318 0.805755 0.856688 0.805755 0.866242 0.798561 0.866242 0.791367 0.863057 0.787770 0.863057 0.780576 0.853503 0.769784 0.850318 0.769784
0 0.073248 0.791367 0.070064 0.794964 0.070064 0.816547 0.073248 0.820144 0.073248 0.823741 0.082803 0.823741 0.082803 0.820144 0.085987 0.816547 0.085987 0.802158 0.076433 0.791367
0 0.261146 0.791367 0.254777 0.798561 0.254777 0.812950 0.264331 0.823741 0.267516 0.823741 0.270701 0.820144 0.273885 0.820144 0.277070 0.816547 0.277070 0.802158 0.273885 0.798561 0.273885 0.794964 0.270701 0.791367
0 0.334395 0.802158 0.334395 0.820144 0.337580 0.823741 0.337580 0.841727 0.343949 0.852518 0.353503 0.852518 0.356688 0.848921 0.356688 0.838129 0.359873 0.834532 0.359873 0.830935 0.356688 0.830935 0.353503 0.827338 0.353503 0.823741 0.350318 0.820144 0.353503 0.816547 0.347134 0.809353 0.347134 0.805755 0.343949 0.805755 0.340764 0.802158
0 0.305732 0.805755 0.302548 0.809353 0.302548 0.827338 0.305732 0.830935 0.305732 0.834532 0.308917 0.834532 0.312102 0.838129 0.321656 0.838129 0.324841 0.834532 0.324841 0.827338 0.321656 0.823741 0.321656 0.816547 0.318471 0.812950 0.318471 0.809353 0.315287 0.805755
0 0.719745 0.809353 0.716561 0.812950 0.716561 0.816547 0.719745 0.820144 0.719745 0.823741 0.722930 0.827338 0.732484 0.827338 0.735669 0.823741 0.735669 0.812950 0.732484 0.809353 0.729299 0.809353 0.726115 0.805755 0.722930 0.809353
0 0.041401 0.809353 0.035032 0.816547 0.035032 0.827338 0.038217 0.830935 0.038217 0.834532 0.044586 0.841727 0.047771 0.841727 0.050955 0.845324 0.054140 0.841727 0.054140 0.820144 0.050955 0.816547 0.050955 0.812950 0.047771 0.809353
0 0.369427 0.809353 0.366242 0.812950 0.363057 0.809353 0.359873 0.812950 0.359873 0.816547 0.363057 0.820144 0.363057 0.834532 0.366242 0.834532 0.369427 0.830935
0 0.452229 0.816547 0.452229 0.827338 0.449045 0.830935 0.452229 0.834532 0.452229 0.848921 0.461783 0.856115 0.468153 0.845324 0.468153 0.834532 0.464968 0.830935 0.464968 0.820144 0.461783 0.816547
0 0.866242 0.816547 0.856688 0.827338 0.856688 0.845324 0.859873 0.848921 0.859873 0.856115 0.866242 0.863309 0.878981 0.863309 0.885350 0.856115 0.885350 0.852518 0.888535 0.848921 0.888535 0.823741 0.882166 0.816547
0 0.611465 0.820144 0.608280 0.823741 0.608280 0.834532 0.611465 0.838129 0.611465 0.841727 0.621019 0.852518 0.627389 0.852518 0.630573 0.848921 0.630573 0.834532 0.627389 0.830935 0.627389 0.827338 0.621019 0.820144
0 0.101911 0.827338 0.098726 0.823741 0.089172 0.823741 0.082803 0.830935 0.082803 0.834532 0.085987 0.838129 0.085987 0.841727 0.092357 0.841727 0.095541 0.838129 0.098726 0.838129 0.098726 0.834532 0.101911 0.830935
0 0.757962 0.823741 0.751592 0.830935 0.751592 0.841727 0.761146 0.852518 0.770701 0.852518 0.773885 0.848921 0.773885 0.838129 0.770701 0.834532 0.770701 0.830935 0.764331 0.823741
0 0.789809 0.827338 0.789809 0.830935 0.786624 0.834532 0.786624 0.841727 0.789809 0.845324 0.789809 0.848921 0.792994 0.852518 0.805732 0.852518 0.812102 0.845324 0.812102 0.834532 0.802548 0.823741 0.796178 0.823741 0.792994 0.827338
0 0.191083 0.830935 0.187898 0.834532 0.187898 0.848921 0.191083 0.852518 0.191083 0.856115 0.194268 0.859712 0.194268 0.863309 0.197452 0.866906 0.200637 0.866906 0.210191 0.856115 0.210191 0.838129 0.203822 0.830935
0 0.487261 0.834532 0.484076 0.841727 0.484076 0.859712 0.480892 0.863309 0.480892 0.874101 0.484076 0.877698 0.487261 0.906475 0.493631 0.913669 0.496815 0.913669 0.500000 0.910072 0.500000 0.899281 0.503185 0.895683 0.503185 0.859712 0.500000 0.856115 0.500000 0.845324 0.496815 0.838129
0 0.152866 0.841727 0.152866 0.845324 0.149682 0.848921 0.152866 0.852518 0.152866 0.856115 0.156051 0.856115 0.159236 0.859712 0.165605 0.859712 0.168790 0.856115 0.168790 0.852518 0.171975 0.848921 0.171975 0.845324 0.165605 0.838129 0.159236 0.838129 0.156051 0.841727
0 0.385350 0.838129 0.382166 0.841727 0.382166 0.852518 0.385350 0.856115 0.385350 0.863309 0.388535 0.866906 0.391720 0.866906 0.391720 0.863309 0.394904 0.859712 0.394904 0.845324 0.388535 0.838129
0 0.117834 0.845324 0.105096 0.845324 0.101911 0.848921 0.098726 0.848921 0.098726 0.852518 0.095541 0.856115 0.095541 0.870504 0.098726 0.874101 0.111465 0.874101 0.114650 0.870504 0.117834 0.870504 0.117834 0.866906 0.121019 0.863309 0.121019 0.848921
0 0.292994 0.866906 0.292994 0.874101 0.299363 0.881295 0.312102 0.881295 0.315287 0.877698 0.318471 0.877698 0.324841 0.870504 0.324841 0.859712 0.321656 0.859712 0.318471 0.856115 0.302548 0.856115 0.299363 0.859712 0.296178 0.859712 0.296178 0.863309
0 0.719745 0.859712 0.716561 0.863309 0.716561 0.895683 0.719745 0.899281 0.722930 0.910072 0.726115 0.913669 0.729299 0.913669 0.729299 0.874101 0.732484 0.870504 0.729299 0.866906 0.729299 0.863309
0 0.812102 0.874101 0.812102 0.881295 0.821656 0.892086 0.831210 0.892086 0.834395 0.888489 0.837580 0.888489 0.837580 0.881295 0.834395 0.877698 0.834395 0.874101 0.828025 0.866906 0.818471 0.866906
0 0.063694 0.870504 0.060510 0.870504 0.060510 0.874101 0.057325 0.877698 0.057325 0.881295 0.060510 0.884892 0.057325 0.888489 0.057325 0.892086 0.060510 0.895683 0.066879 0.888489 0.063694 0.884892 0.063694 0.881295 0.066879 0.877698 0.066879 0.874101
0 0.350318 0.874101 0.343949 0.881295 0.347134 0.884892 0.347134 0.888489 0.350318 0.892086 0.356688 0.892086 0.356688 0.888489 0.359873 0.884892 0.363057 0.884892 0.363057 0.881295 0.359873 0.877698 0.356688 0.877698 0.353503 0.874101
