0 0.152381 0.154122 0.152381 0.161290 0.155556 0.164875 0.155556 0.172043 0.161905 0.182796 0.165079 0.182796 0.174603 0.193548 0.190476 0.193548 0.190476 0.189964 0.193651 0.186380 0.171429 0.161290 0.168254 0.161290 0.161905 0.154122
0 0.095238 0.197133 0.095238 0.204301 0.098413 0.207885 0.098413 0.211470 0.104762 0.211470 0.107937 0.215054 0.111111 0.211470 0.114286 0.211470 0.114286 0.204301 0.117460 0.200717 0.111111 0.193548 0.107937 0.193548 0.104762 0.197133
0 0.225397 0.204301 0.222222 0.207885 0.222222 0.229391 0.234921 0.229391 0.241270 0.222222 0.241270 0.207885 0.238095 0.204301
0 0.574603 0.215054 0.568254 0.222222 0.568254 0.229391 0.571429 0.232975 0.571429 0.236559 0.574603 0.240143 0.587302 0.240143 0.590476 0.236559 0.590476 0.225806 0.580952 0.215054
0 0.253968 0.222222 0.250794 0.225806 0.250794 0.240143 0.253968 0.243728 0.263492 0.243728 0.266667 0.240143 0.266667 0.232975 0.263492 0.229391 0.263492 0.225806 0.260317 0.225806 0.257143 0.222222
0 0.177778 0.240143 0.174603 0.243728 0.174603 0.261649 0.177778 0.265233 0.177778 0.268817 0.180952 0.272401 0.190476 0.272401 0.193651 0.268817 0.196825 0.268817 0.203175 0.258065 0.190476 0.243728 0.187302 0.243728 0.184127 0.240143
0 0.304762 0.261649 0.301587 0.261649 0.298413 0.258065 0.292063 0.258065 0.282540 0.265233 0.282540 0.286738 0.285714 0.290323 0.298413 0.290323 0.304762 0.283154 0.304762 0.279570 0.307937 0.275986 0.307937 0.268817 0.304762 0.265233
0 0.231746 0.265233 0.228571 0.268817 0.228571 0.272401 0.225397 0.275986 0.225397 0.279570 0.228571 0.283154 0.228571 0.286738 0.231746 0.286738 0.234921 0.290323 0.244444 0.290323 0.247619 0.286738 0.247619 0.272401 0.241270 0.265233
0 0.317460 0.290323 0.317460 0.293907 0.314286 0.297491 0.314286 0.301075 0.317460 0.304659 0.317460 0.308244 0.320635 0.311828 0.330159 0.311828 0.330159 0.297491 0.323810 0.290323
0 0.215873 0.297491 0.212698 0.297491 0.209524 0.301075 0.203175 0.301075 0.203175 0.315412 0.209524 0.322581 0.212698 0.318996 0.215873 0.318996 0.225397 0.308244 0.225397 0.304659 0.222222 0.301075 0.219048 0.301075
0 0.368254 0.297491 0.368254 0.308244 0.371429 0.311828 0.371429 0.318996 0.374603 0.322581 0.374603 0.326165 0.384127 0.336918 0.390476 0.336918 0.393651 0.333333 0.393651 0.329749 0.390476 0.326165 0.390476 0.322581 0.387302 0.318996 0.387302 0.315412 0.380952 0.308244 0.380952 0.304659 0.374603 0.297491
0 0.288889 0.311828 0.288889 0.322581 0.292063 0.326165 0.295238 0.326165 0.298413 0.329749 0.301587 0.329749 0.304762 0.326165 0.307937 0.326165 0.307937 0.322581 0.311111 0.318996 0.311111 0.315412 0.304762 0.308244 0.292063 0.308244
0 0.098413 0.311828 0.092063 0.318996 0.092063 0.333333 0.098413 0.340502 0.101587 0.340502 0.104762 0.344086 0.107937 0.344086 0.114286 0.336918 0.114286 0.318996 0.107937 0.311828
0 0.139683 0.318996 0.130159 0.326165 0.130159 0.333333 0.126984 0.336918 0.126984 0.351254 0.130159 0.354839 0.130159 0.358423 0.146032 0.376344 0.152381 0.376344 0.161905 0.365591 0.161905 0.333333 0.155556 0.326165
0 0.336508 0.322581 0.333333 0.322581 0.323810 0.333333 0.323810 0.336918 0.320635 0.340502 0.320635 0.344086 0.323810 0.347670 0.323810 0.351254 0.326984 0.354839 0.339683 0.354839 0.339683 0.351254 0.342857 0.347670 0.342857 0.329749
0 0.187302 0.326165 0.180952 0.333333 0.180952 0.344086 0.184127 0.344086 0.190476 0.336918 0.190476 0.329749
0 0.533333 0.340502 0.530159 0.344086 0.530159 0.347670 0.526984 0.351254 0.526984 0.358423 0.533333 0.365591 0.539683 0.365591 0.546032 0.358423 0.546032 0.351254 0.542857 0.347670 0.542857 0.344086 0.539683 0.340502
0 0.755556 0.340502 0.746032 0.340502 0.739683 0.347670 0.739683 0.351254 0.736508 0.354839 0.736508 0.362007 0.739683 0.365591 0.739683 0.369176 0.749206 0.369176 0.752381 0.365591 0.752381 0.358423 0.755556 0.354839
0 0.263492 0.347670 0.263492 0.351254 0.260317 0.354839 0.260317 0.365591 0.263492 0.369176 0.279365 0.369176 0.279365 0.354839 0.276190 0.351254 0.276190 0.347670
0 0.406349 0.351254 0.406349 0.358423 0.419048 0.372760 0.419048 0.376344 0.422222 0.379928 0.428571 0.379928 0.428571 0.372760 0.409524 0.351254
0 0.288889 0.362007 0.285714 0.365591 0.285714 0.369176 0.282540 0.372760 0.282540 0.376344 0.285714 0.379928 0.285714 0.383513 0.288889 0.387097 0.295238 0.387097 0.298413 0.383513 0.298413 0.376344 0.301587 0.372760 0.301587 0.365591 0.298413 0.362007
0 0.739683 0.379928 0.739683 0.387097 0.746032 0.394265 0.746032 0.397849 0.752381 0.408602 0.752381 0.419355 0.755556 0.422939 0.755556 0.426523 0.758730 0.430108 0.761905 0.430108 0.771429 0.419355 0.771429 0.401434 0.768254 0.397849 0.768254 0.394265 0.761905 0.387097 0.755556 0.387097 0.752381 0.383513 0.746032 0.383513 0.742857 0.379928
0 0.571429 0.394265 0.571429 0.408602 0.574603 0.412186 0.580952 0.412186 0.580952 0.397849 0.577778 0.394265
0 0.349206 0.397849 0.346032 0.401434 0.342857 0.401434 0.342857 0.405018 0.339683 0.408602 0.339683 0.415771 0.349206 0.415771 0.349206 0.405018 0.352381 0.401434
0 0.387302 0.397849 0.377778 0.397849 0.368254 0.408602 0.368254 0.422939 0.374603 0.430108 0.380952 0.430108 0.387302 0.422939 0.387302 0.419355 0.390476 0.415771 0.390476 0.401434
0 0.196825 0.405018 0.196825 0.415771 0.203175 0.422939 0.209524 0.422939 0.212698 0.426523 0.215873 0.426523 0.219048 0.422939 0.222222 0.422939 0.222222 0.405018 0.219048 0.405018 0.215873 0.401434 0.203175 0.401434 0.200000 0.405018
0 0.412698 0.405018 0.412698 0.408602 0.415873 0.412186 0.415873 0.415771 0.422222 0.422939 0.425397 0.422939 0.431746 0.430108 0.434921 0.430108 0.438095 0.433692 0.444444 0.433692 0.444444 0.430108 0.438095 0.422939 0.434921 0.422939 0.419048 0.405018
0 0.311111 0.422939 0.304762 0.422939 0.301587 0.426523 0.301587 0.430108 0.298413 0.433692 0.301587 0.437276 0.304762 0.437276 0.307937 0.440860 0.314286 0.433692 0.314286 0.430108 0.311111 0.426523
0 0.165079 0.444444 0.161905 0.448029 0.161905 0.451613 0.158730 0.455197 0.165079 0.462366 0.165079 0.465950 0.168254 0.469534 0.180952 0.469534 0.180952 0.465950 0.184127 0.462366 0.184127 0.458781 0.180952 0.455197 0.180952 0.451613 0.177778 0.451613 0.174603 0.448029 0.171429 0.448029 0.168254 0.444444
0 0.219048 0.448029 0.215873 0.451613 0.212698 0.451613 0.212698 0.455197 0.209524 0.458781 0.209524 0.465950 0.215873 0.473118 0.225397 0.473118 0.228571 0.469534 0.231746 0.469534 0.238095 0.462366 0.238095 0.458781 0.228571 0.448029
0 0.285714 0.448029 0.279365 0.455197 0.279365 0.465950 0.276190 0.469534 0.276190 0.473118 0.279365 0.476703 0.279365 0.491039 0.282540 0.494624 0.292063 0.494624 0.298413 0.487455 0.298413 0.483871 0.304762 0.473118 0.304762 0.462366 0.298413 0.455197 0.298413 0.451613 0.295238 0.451613 0.292063 0.448029
0 0.352381 0.458781 0.352381 0.469534 0.355556 0.473118 0.371429 0.473118 0.377778 0.465950 0.380952 0.465950 0.380952 0.455197 0.377778 0.451613 0.374603 0.451613 0.371429 0.448029 0.361905 0.448029
0 0.853968 0.448029 0.847619 0.455197 0.847619 0.469534 0.850794 0.473118 0.850794 0.476703 0.853968 0.480287 0.863492 0.480287 0.863492 0.476703 0.866667 0.473118 0.866667 0.462366 0.863492 0.458781 0.863492 0.451613 0.860317 0.451613 0.857143 0.448029
0 0.384127 0.458781 0.384127 0.462366 0.390476 0.469534 0.400000 0.469534 0.400000 0.465950 0.390476 0.455197 0.387302 0.455197
0 0.736508 0.455197 0.730159 0.462366 0.730159 0.469534 0.733333 0.473118 0.736508 0.473118 0.739683 0.476703 0.742857 0.473118 0.742857 0.458781 0.739683 0.455197
0 0.152381 0.458781 0.142857 0.458781 0.136508 0.465950 0.136508 0.469534 0.133333 0.473118 0.133333 0.476703 0.136508 0.480287 0.136508 0.483871 0.139683 0.487455 0.142857 0.487455 0.146032 0.491039 0.149206 0.487455 0.152381 0.487455 0.155556 0.483871 0.155556 0.462366
0 0.485714 0.465950 0.482540 0.465950 0.479365 0.462366 0.476190 0.462366 0.473016 0.465950 0.469841 0.465950 0.466667 0.469534 0.466667 0.473118 0.463492 0.476703 0.463492 0.483871 0.469841 0.491039 0.479365 0.491039 0.482540 0.487455 0.485714 0.487455 0.485714 0.483871 0.488889 0.480287 0.488889 0.473118 0.485714 0.469534
0 0.098413 0.473118 0.098413 0.480287 0.101587 0.483871 0.117460 0.483871 0.123810 0.476703 0.114286 0.465950 0.104762 0.465950
0 0.504762 0.476703 0.504762 0.483871 0.507937 0.487455 0.517460 0.487455 0.520635 0.483871 0.523810 0.483871 0.523810 0.480287 0.520635 0.476703 0.511111 0.476703 0.507937 0.473118
0 0.323810 0.480287 0.320635 0.480287 0.307937 0.494624 0.307937 0.498208 0.301587 0.505376 0.301587 0.526882 0.304762 0.530466 0.311111 0.530466 0.314286 0.526882 0.317460 0.526882 0.317460 0.523297 0.326984 0.512545 0.326984 0.505376 0.330159 0.501792 0.330159 0.494624 0.326984 0.491039
0 0.549206 0.491039 0.549206 0.505376 0.552381 0.505376 0.555556 0.508961 0.555556 0.512545 0.558730 0.516129 0.558730 0.523297 0.561905 0.523297 0.565079 0.526882 0.571429 0.519713 0.571429 0.516129 0.565079 0.508961 0.561905 0.508961 0.555556 0.501792 0.555556 0.498208 0.552381 0.494624 0.552381 0.491039
0 0.644444 0.494624 0.641270 0.498208 0.641270 0.516129 0.647619 0.523297 0.657143 0.523297 0.660317 0.519713 0.660317 0.501792 0.653968 0.494624
0 0.800000 0.501792 0.800000 0.505376 0.803175 0.508961 0.803175 0.512545 0.806349 0.516129 0.815873 0.516129 0.819048 0.512545 0.822222 0.512545 0.822222 0.501792 0.819048 0.498208 0.812698 0.498208 0.809524 0.494624 0.806349 0.498208 0.803175 0.498208
0 0.704762 0.508961 0.701587 0.512545 0.701587 0.534050 0.717460 0.548387 0.730159 0.548387 0.733333 0.544803 0.733333 0.537634 0.730159 0.534050 0.730159 0.530466 0.714286 0.512545
0 0.377778 0.519713 0.365079 0.519713 0.361905 0.523297 0.358730 0.523297 0.352381 0.530466 0.352381 0.544803 0.355556 0.548387 0.355556 0.551971 0.358730 0.551971 0.361905 0.555556 0.368254 0.555556 0.371429 0.551971 0.374603 0.541219 0.380952 0.534050 0.380952 0.523297
0 0.974603 0.519713 0.952381 0.519713 0.942857 0.530466 0.942857 0.541219 0.946032 0.544803 0.949206 0.544803 0.952381 0.548387 0.961905 0.551971 0.968254 0.544803 0.968254 0.541219 0.977778 0.530466 0.977778 0.523297
0 0.600000 0.530466 0.593651 0.530466 0.590476 0.534050 0.590476 0.537634 0.587302 0.541219 0.587302 0.544803 0.590476 0.548387 0.593651 0.548387 0.596825 0.551971 0.600000 0.548387 0.603175 0.548387 0.606349 0.544803 0.606349 0.537634
0 0.892063 0.537634 0.882540 0.530466 0.876190 0.530466 0.866667 0.541219 0.866667 0.544803 0.863492 0.548387 0.863492 0.559140 0.866667 0.562724 0.879365 0.562724 0.882540 0.559140 0.885714 0.559140 0.892063 0.551971
0 0.203175 0.537634 0.196825 0.544803 0.196825 0.559140 0.203175 0.569892 0.215873 0.569892 0.219048 0.566308 0.219048 0.559140 0.225397 0.551971 0.225397 0.541219 0.222222 0.537634
0 0.476190 0.537634 0.476190 0.541219 0.485714 0.551971 0.492063 0.551971 0.495238 0.548387 0.492063 0.544803 0.492063 0.541219 0.488889 0.537634
0 0.260317 0.541219 0.253968 0.548387 0.253968 0.562724 0.257143 0.566308 0.269841 0.566308 0.276190 0.559140 0.276190 0.544803 0.273016 0.541219
0 0.806349 0.551971 0.806349 0.555556 0.815873 0.566308 0.819048 0.566308 0.828571 0.573477 0.847619 0.573477 0.847619 0.566308 0.844444 0.562724 0.841270 0.562724 0.828571 0.548387 0.825397 0.548387 0.822222 0.544803 0.812698 0.544803
0 0.123810 0.548387 0.120635 0.551971 0.120635 0.562724 0.123810 0.566308 0.123810 0.569892 0.139683 0.569892 0.142857 0.566308 0.142857 0.551971 0.139683 0.548387
0 0.447619 0.548387 0.444444 0.551971 0.444444 0.555556 0.441270 0.559140 0.447619 0.566308 0.457143 0.566308 0.460317 0.562724 0.460317 0.551971 0.457143 0.548387
0 0.168254 0.551971 0.161905 0.559140 0.161905 0.573477 0.165079 0.577061 0.177778 0.577061 0.184127 0.569892 0.184127 0.559140 0.180952 0.555556 0.180952 0.551971
0 0.568254 0.551971 0.568254 0.562724 0.571429 0.566308 0.574603 0.566308 0.574603 0.562724 0.577778 0.559140 0.577778 0.555556 0.574603 0.555556 0.571429 0.551971
0 0.295238 0.559140 0.295238 0.569892 0.304762 0.580645 0.314286 0.580645 0.314286 0.573477 0.307937 0.566308 0.304762 0.566308 0.301587 0.562724 0.301587 0.559140
0 0.609524 0.562724 0.603175 0.569892 0.603175 0.573477 0.606349 0.577061 0.606349 0.580645 0.615873 0.591398 0.622222 0.591398 0.625397 0.587814 0.625397 0.573477 0.622222 0.569892 0.622222 0.566308 0.619048 0.566308 0.615873 0.562724
0 0.704762 0.566308 0.704762 0.580645 0.707937 0.584229 0.714286 0.584229 0.717460 0.587814 0.723810 0.587814 0.726984 0.584229 0.726984 0.569892 0.720635 0.562724 0.711111 0.562724 0.707937 0.566308
0 0.346032 0.577061 0.342857 0.577061 0.339683 0.580645 0.336508 0.580645 0.336508 0.584229 0.333333 0.587814 0.333333 0.602151 0.336508 0.605735 0.349206 0.605735 0.352381 0.602151 0.352381 0.584229
0 0.784127 0.584229 0.780952 0.587814 0.780952 0.594982 0.790476 0.605735 0.800000 0.605735 0.803175 0.602151 0.803175 0.594982 0.796825 0.587814 0.793651 0.587814 0.790476 0.584229
0 0.190476 0.587814 0.187302 0.591398 0.187302 0.594982 0.184127 0.598566 0.184127 0.602151 0.187302 0.605735 0.187302 0.612903 0.193651 0.620072 0.200000 0.620072 0.209524 0.612903 0.209524 0.598566 0.200000 0.587814
0 0.241270 0.591398 0.231746 0.598566 0.231746 0.602151 0.228571 0.605735 0.228571 0.620072 0.231746 0.623656 0.234921 0.623656 0.244444 0.634409 0.253968 0.634409 0.263492 0.623656 0.263492 0.605735 0.260317 0.602151 0.260317 0.598566 0.253968 0.591398
0 0.158730 0.594982 0.155556 0.598566 0.155556 0.616487 0.158730 0.620072 0.161905 0.620072 0.165079 0.623656 0.168254 0.623656 0.174603 0.616487 0.174603 0.612903 0.171429 0.609319 0.171429 0.602151 0.165079 0.594982
0 0.107937 0.598566 0.104762 0.602151 0.101587 0.602151 0.101587 0.605735 0.098413 0.609319 0.098413 0.612903 0.104762 0.623656 0.107937 0.623656 0.111111 0.627240 0.114286 0.627240 0.123810 0.620072 0.123810 0.616487 0.126984 0.612903 0.126984 0.605735 0.123810 0.605735 0.117460 0.598566
0 0.419048 0.598566 0.412698 0.609319 0.412698 0.620072 0.419048 0.630824 0.428571 0.630824 0.434921 0.623656 0.434921 0.609319 0.431746 0.605735 0.431746 0.598566
0 0.549206 0.598566 0.542857 0.598566 0.539683 0.602151 0.536508 0.602151 0.526984 0.612903 0.526984 0.620072 0.536508 0.630824 0.542857 0.630824 0.549206 0.623656 0.549206 0.612903 0.552381 0.609319 0.552381 0.605735 0.549206 0.602151
0 0.688889 0.605735 0.682540 0.612903 0.682540 0.616487 0.685714 0.620072 0.685714 0.627240 0.704762 0.648746 0.711111 0.648746 0.714286 0.645161 0.717460 0.645161 0.717460 0.641577 0.720635 0.637993 0.720635 0.630824 0.717460 0.627240 0.717460 0.620072 0.707937 0.609319 0.704762 0.609319 0.701587 0.605735
0 0.739683 0.605735 0.736508 0.609319 0.736508 0.620072 0.739683 0.623656 0.742857 0.623656 0.746032 0.627240 0.752381 0.627240 0.752381 0.623656 0.755556 0.620072 0.755556 0.612903 0.752381 0.609319 0.752381 0.605735
0 0.914286 0.605735 0.907937 0.612903 0.907937 0.623656 0.914286 0.630824 0.920635 0.630824 0.923810 0.627240 0.926984 0.627240 0.926984 0.623656 0.930159 0.620072 0.930159 0.616487 0.923810 0.609319 0.920635 0.609319 0.917460 0.605735
0 0.898413 0.627240 0.892063 0.620072 0.888889 0.620072 0.885714 0.623656 0.882540 0.623656 0.879365 0.627240 0.879365 0.634409 0.882540 0.637993 0.892063 0.637993 0.895238 0.634409 0.895238 0.630824
0 0.279365 0.627240 0.276190 0.630824 0.276190 0.641577 0.279365 0.645161 0.285714 0.645161 0.288889 0.641577 0.288889 0.630824 0.285714 0.627240
0 0.660317 0.630824 0.660317 0.634409 0.663492 0.637993 0.663492 0.641577 0.666667 0.645161 0.676190 0.645161 0.676190 0.630824 0.669841 0.630824 0.666667 0.627240 0.663492 0.630824
0 0.146032 0.630824 0.142857 0.634409 0.142857 0.648746 0.149206 0.655914 0.155556 0.655914 0.158730 0.659498 0.161905 0.655914 0.165079 0.655914 0.165079 0.637993 0.161905 0.634409 0.158730 0.634409 0.155556 0.630824
0 0.203175 0.641577 0.203175 0.648746 0.212698 0.659498 0.225397 0.659498 0.231746 0.652330 0.231746 0.645161 0.225397 0.637993 0.206349 0.637993
0 0.501587 0.645161 0.501587 0.652330 0.507937 0.663082 0.507937 0.681004 0.511111 0.684588 0.520635 0.684588 0.520635 0.681004 0.523810 0.677419 0.523810 0.673835 0.520635 0.670251 0.520635 0.663082 0.517460 0.659498 0.517460 0.655914 0.507937 0.645161
0 0.180952 0.648746 0.177778 0.652330 0.177778 0.659498 0.174603 0.663082 0.174603 0.670251 0.180952 0.677419 0.196825 0.677419 0.200000 0.673835 0.200000 0.666667 0.190476 0.655914 0.190476 0.652330 0.187302 0.648746
0 0.787302 0.648746 0.787302 0.659498 0.790476 0.663082 0.800000 0.663082 0.800000 0.659498 0.803175 0.655914 0.796825 0.648746
0 0.447619 0.663082 0.447619 0.670251 0.444444 0.673835 0.453968 0.691756 0.460317 0.691756 0.463492 0.695341 0.473016 0.695341 0.476190 0.691756 0.482540 0.691756 0.482540 0.688172 0.488889 0.681004 0.488889 0.666667 0.476190 0.655914 0.453968 0.655914
0 0.730159 0.670251 0.736508 0.677419 0.742857 0.677419 0.746032 0.681004 0.749206 0.681004 0.752381 0.684588 0.758730 0.684588 0.761905 0.681004 0.761905 0.673835 0.755556 0.666667 0.752381 0.666667 0.746032 0.659498 0.736508 0.659498 0.733333 0.663082 0.733333 0.666667
0 0.853968 0.663082 0.853968 0.677419 0.860317 0.684588 0.863492 0.684588 0.866667 0.681004 0.869841 0.681004 0.869841 0.670251 0.863492 0.663082
0 0.120635 0.670251 0.107937 0.688172 0.111111 0.691756 0.111111 0.706093 0.117460 0.713262 0.133333 0.713262 0.142857 0.706093 0.142857 0.698925 0.146032 0.695341 0.142857 0.691756 0.142857 0.684588 0.133333 0.673835 0.130159 0.673835 0.126984 0.670251
0 0.663492 0.670251 0.663492 0.684588 0.666667 0.688172 0.669841 0.688172 0.676190 0.695341 0.688889 0.695341 0.692063 0.691756 0.692063 0.684588 0.685714 0.677419 0.682540 0.677419 0.679365 0.673835 0.676190 0.673835 0.673016 0.670251
0 0.815873 0.673835 0.812698 0.677419 0.812698 0.688172 0.815873 0.691756 0.828571 0.691756 0.828571 0.681004 0.822222 0.673835
0 0.219048 0.677419 0.215873 0.681004 0.215873 0.698925 0.219048 0.702509 0.219048 0.706093 0.225397 0.713262 0.234921 0.713262 0.238095 0.709677 0.238095 0.691756 0.231746 0.681004 0.228571 0.681004 0.225397 0.677419
0 0.634921 0.684588 0.631746 0.688172 0.631746 0.695341 0.628571 0.698925 0.628571 0.702509 0.631746 0.706093 0.631746 0.709677 0.638095 0.720430 0.650794 0.720430 0.650794 0.716846 0.657143 0.709677 0.657143 0.695341 0.647619 0.684588
0 0.726984 0.691756 0.726984 0.702509 0.730159 0.706093 0.739683 0.709677 0.746032 0.716846 0.746032 0.720430 0.752381 0.731183 0.755556 0.727599 0.755556 0.709677 0.749206 0.702509 0.739683 0.698925 0.733333 0.691756
0 0.184127 0.695341 0.184127 0.698925 0.180952 0.702509 0.180952 0.713262 0.187302 0.720430 0.196825 0.720430 0.200000 0.716846 0.203175 0.716846 0.203175 0.702509 0.196825 0.695341
0 0.288889 0.695341 0.273016 0.695341 0.269841 0.698925 0.266667 0.698925 0.263492 0.702509 0.263492 0.706093 0.266667 0.709677 0.266667 0.713262 0.269841 0.716846 0.279365 0.716846 0.292063 0.702509 0.292063 0.698925
0 0.850794 0.709677 0.844444 0.702509 0.841270 0.702509 0.838095 0.706093 0.828571 0.706093 0.825397 0.709677 0.819048 0.709677 0.815873 0.713262 0.815873 0.716846 0.819048 0.716846 0.822222 0.720430 0.828571 0.720430 0.834921 0.727599 0.838095 0.727599 0.841270 0.731183 0.847619 0.724014 0.847619 0.720430 0.850794 0.716846
0 0.526984 0.709677 0.523810 0.709677 0.520635 0.706093 0.514286 0.706093 0.511111 0.709677 0.507937 0.709677 0.507937 0.713262 0.504762 0.716846 0.504762 0.727599 0.507937 0.731183 0.520635 0.731183 0.526984 0.724014
0 0.666667 0.709677 0.663492 0.713262 0.663492 0.720430 0.660317 0.724014 0.660317 0.727599 0.663492 0.731183 0.663492 0.734767 0.682540 0.756272 0.688889 0.749104 0.685714 0.745520 0.695238 0.738351 0.695238 0.716846 0.692063 0.713262 0.685714 0.713262 0.682540 0.709677
0 0.476190 0.713262 0.463492 0.713262 0.453968 0.724014 0.453968 0.738351 0.460317 0.745520 0.469841 0.745520 0.473016 0.741935 0.476190 0.741935 0.485714 0.731183 0.485714 0.727599 0.482540 0.724014 0.482540 0.716846 0.479365 0.716846
0 0.555556 0.713262 0.555556 0.724014 0.565079 0.734767 0.568254 0.734767 0.571429 0.738351 0.577778 0.731183 0.577778 0.724014 0.568254 0.713262
0 0.219048 0.731183 0.215873 0.727599 0.212698 0.727599 0.209524 0.724014 0.206349 0.727599 0.203175 0.727599 0.200000 0.731183 0.200000 0.738351 0.203175 0.741935 0.209524 0.741935 0.212698 0.738351 0.215873 0.738351 0.219048 0.734767
0 0.304762 0.724014 0.298413 0.724014 0.295238 0.727599 0.292063 0.727599 0.285714 0.734767 0.282540 0.734767 0.282540 0.738351 0.279365 0.741935 0.279365 0.745520 0.288889 0.756272 0.288889 0.759857 0.292063 0.763441 0.295238 0.759857 0.295238 0.756272 0.304762 0.749104 0.314286 0.756272 0.314286 0.734767
0 0.361905 0.738351 0.361905 0.752688 0.368254 0.763441 0.384127 0.763441 0.387302 0.759857 0.390476 0.759857 0.390476 0.756272 0.393651 0.752688 0.393651 0.749104 0.390476 0.745520 0.390476 0.741935 0.387302 0.741935 0.377778 0.734767 0.365079 0.734767
0 0.600000 0.734767 0.593651 0.741935 0.593651 0.752688 0.600000 0.759857 0.609524 0.759857 0.615873 0.752688 0.615873 0.741935 0.612698 0.738351 0.609524 0.738351 0.606349 0.734767
0 0.641270 0.741935 0.638095 0.745520 0.638095 0.752688 0.634921 0.756272 0.634921 0.763441 0.638095 0.767025 0.638095 0.770609 0.641270 0.770609 0.644444 0.774194 0.653968 0.774194 0.657143 0.770609 0.663492 0.770609 0.663492 0.763441 0.660317 0.759857 0.660317 0.756272 0.647619 0.741935
0 0.822222 0.745520 0.819048 0.741935 0.815873 0.741935 0.812698 0.745520 0.806349 0.745520 0.806349 0.749104 0.803175 0.752688 0.806349 0.756272 0.806349 0.759857 0.815873 0.759857 0.822222 0.752688
0 0.552381 0.745520 0.549206 0.745520 0.539683 0.756272 0.539683 0.774194 0.546032 0.781362 0.546032 0.784946 0.552381 0.784946 0.555556 0.781362 0.555556 0.777778 0.558730 0.774194 0.558730 0.767025 0.561905 0.763441 0.561905 0.759857 0.558730 0.756272 0.558730 0.749104 0.555556 0.749104
0 0.965079 0.745520 0.961905 0.749104 0.961905 0.756272 0.968254 0.763441 0.974603 0.763441 0.977778 0.759857 0.977778 0.756272 0.968254 0.745520
0 0.428571 0.749104 0.422222 0.756272 0.422222 0.763441 0.425397 0.767025 0.425397 0.770609 0.431746 0.777778 0.438095 0.777778 0.441270 0.781362 0.444444 0.777778 0.444444 0.759857 0.434921 0.749104
0 0.869841 0.763441 0.876190 0.770609 0.879365 0.770609 0.882540 0.767025 0.885714 0.767025 0.888889 0.763441 0.892063 0.763441 0.898413 0.756272 0.895238 0.752688 0.892063 0.752688 0.888889 0.749104 0.873016 0.749104 0.873016 0.752688 0.869841 0.756272
0 0.514286 0.759857 0.511111 0.763441 0.511111 0.777778 0.514286 0.781362 0.514286 0.784946 0.520635 0.784946 0.526984 0.777778 0.526984 0.763441 0.523810 0.759857
0 0.212698 0.781362 0.212698 0.799283 0.225397 0.799283 0.228571 0.795699 0.231746 0.795699 0.231746 0.784946 0.228571 0.784946 0.225397 0.781362 0.222222 0.781362 0.219048 0.777778 0.215873 0.777778
0 0.587302 0.777778 0.587302 0.784946 0.584127 0.788530 0.584127 0.802867 0.587302 0.806452 0.590476 0.806452 0.593651 0.810036 0.596825 0.806452 0.600000 0.806452 0.603175 0.802867 0.603175 0.788530 0.600000 0.784946 0.600000 0.781362 0.596825 0.777778
0 0.193651 0.784946 0.187302 0.784946 0.177778 0.792115 0.177778 0.817204 0.180952 0.820789 0.184127 0.820789 0.187302 0.817204 0.190476 0.817204 0.196825 0.810036 0.196825 0.806452 0.200000 0.802867 0.200000 0.795699
0 0.844444 0.788530 0.841270 0.792115 0.841270 0.795699 0.847619 0.802867 0.847619 0.813620 0.850794 0.817204 0.850794 0.820789 0.853968 0.820789 0.857143 0.824373 0.860317 0.820789 0.863492 0.820789 0.863492 0.817204 0.866667 0.813620 0.866667 0.806452 0.853968 0.792115 0.850794 0.792115 0.847619 0.788530
0 0.282540 0.792115 0.279365 0.795699 0.279365 0.813620 0.282540 0.817204 0.282540 0.820789 0.285714 0.820789 0.288889 0.824373 0.292063 0.824373 0.295238 0.820789 0.298413 0.820789 0.298413 0.817204 0.301587 0.813620 0.301587 0.802867 0.292063 0.792115
0 0.333333 0.795699 0.333333 0.799283 0.330159 0.802867 0.333333 0.806452 0.333333 0.817204 0.342857 0.827957 0.355556 0.827957 0.361905 0.817204 0.358730 0.806452 0.349206 0.795699 0.346032 0.795699 0.342857 0.792115
0 0.123810 0.810036 0.126984 0.813620 0.126984 0.820789 0.136508 0.827957 0.146032 0.827957 0.149206 0.824373 0.152381 0.824373 0.158730 0.817204 0.158730 0.810036 0.155556 0.806452 0.152381 0.806452 0.149206 0.802867 0.139683 0.802867 0.136508 0.799283 0.133333 0.802867 0.130159 0.802867
0 0.428571 0.799283 0.425397 0.802867 0.425397 0.817204 0.438095 0.817204 0.441270 0.813620 0.441270 0.810036 0.438095 0.806452 0.438095 0.802867 0.434921 0.802867 0.431746 0.799283
0 0.949206 0.810036 0.949206 0.813620 0.946032 0.817204 0.946032 0.820789 0.952381 0.831541 0.955556 0.831541 0.958730 0.835125 0.971429 0.835125 0.974603 0.831541 0.977778 0.831541 0.977778 0.817204 0.971429 0.810036 0.968254 0.810036 0.965079 0.806452 0.952381 0.806452
0 0.879365 0.824373 0.879365 0.831541 0.885714 0.838710 0.901587 0.838710 0.907937 0.831541 0.904762 0.827957 0.904762 0.824373 0.898413 0.817204 0.885714 0.817204
0 0.558730 0.838710 0.558730 0.842294 0.561905 0.845878 0.561905 0.849462 0.568254 0.856631 0.571429 0.856631 0.574603 0.860215 0.577778 0.856631 0.584127 0.856631 0.587302 0.853047 0.587302 0.842294 0.580952 0.842294 0.577778 0.838710 0.574603 0.838710 0.571429 0.835125 0.561905 0.835125
0 0.765079 0.838710 0.758730 0.845878 0.758730 0.856631 0.761905 0.860215 0.761905 0.863799 0.765079 0.867384 0.771429 0.867384 0.774603 0.863799 0.777778 0.863799 0.777778 0.860215 0.780952 0.856631 0.780952 0.849462 0.777778 0.845878 0.777778 0.842294 0.774603 0.842294 0.771429 0.838710
0 0.295238 0.845878 0.288889 0.845878 0.285714 0.849462 0.282540 0.849462 0.282540 0.853047 0.279365 0.856631 0.279365 0.860215 0.273016 0.870968 0.273016 0.885305 0.276190 0.888889 0.282540 0.888889 0.292063 0.881720 0.292063 0.878136 0.295238 0.874552 0.295238 0.867384 0.298413 0.863799 0.298413 0.849462
0 0.790476 0.860215 0.790476 0.863799 0.784127 0.870968 0.784127 0.878136 0.787302 0.881720 0.790476 0.881720 0.800000 0.888889 0.809524 0.888889 0.812698 0.885305 0.812698 0.874552 0.806349 0.867384 0.806349 0.863799 0.803175 0.860215
0 0.593651 0.881720 0.596825 0.885305 0.600000 0.885305 0.606349 0.896057 0.622222 0.896057 0.628571 0.885305 0.628571 0.881720 0.625397 0.878136 0.625397 0.874552 0.619048 0.874552 0.615873 0.870968 0.606349 0.870968 0.603175 0.874552 0.600000 0.874552
0 0.673016 0.881720 0.660317 0.881720 0.657143 0.885305 0.657143 0.892473 0.653968 0.896057 0.653968 0.899642 0.660317 0.906810 0.663492 0.906810 0.666667 0.910394 0.669841 0.906810 0.673016 0.906810 0.676190 0.903226 0.676190 0.899642 0.679365 0.896057 0.679365 0.892473 0.676190 0.888889 0.676190 0.885305
0 0.761905 0.881720 0.755556 0.881720 0.752381 0.885305 0.749206 0.885305 0.749206 0.888889 0.746032 0.892473 0.746032 0.896057 0.742857 0.899642 0.746032 0.903226 0.746032 0.906810 0.755556 0.906810 0.765079 0.896057 0.765079 0.885305
0 0.352381 0.896057 0.352381 0.899642 0.355556 0.903226 0.365079 0.903226 0.365079 0.896057 0.361905 0.892473 0.355556 0.892473
0 0.955556 0.892473 0.955556 0.903226 0.958730 0.906810 0.958730 0.910394 0.961905 0.910394 0.965079 0.913978 0.974603 0.913978 0.977778 0.917563 0.984127 0.917563 0.990476 0.910394 0.990476 0.906810 0.984127 0.906810 0.980952 0.903226 0.977778 0.903226 0.974603 0.899642 0.971429 0.899642 0.965079 0.892473
0 0.888889 0.903226 0.885714 0.906810 0.885714 0.913978 0.895238 0.924731 0.895238 0.928315 0.898413 0.928315 0.904762 0.935484 0.907937 0.935484 0.914286 0.924731 0.914286 0.917563 0.911111 0.913978 0.911111 0.910394 0.904762 0.903226 0.901587 0.903226 0.898413 0.899642 0.895238 0.899642 0.892063 0.903226
0 0.333333 0.906810 0.330159 0.910394 0.323810 0.910394 0.320635 0.913978 0.320635 0.921147 0.317460 0.924731 0.317460 0.928315 0.320635 0.931900 0.320635 0.935484 0.323810 0.935484 0.326984 0.939068 0.330159 0.939068 0.333333 0.935484 0.336508 0.935484 0.342857 0.928315 0.342857 0.913978
0 0.492063 0.910394 0.492063 0.924731 0.498413 0.931900 0.504762 0.931900 0.507937 0.928315 0.507937 0.924731 0.504762 0.921147 0.504762 0.917563 0.501587 0.913978 0.501587 0.910394
0 0.634921 0.910394 0.619048 0.910394 0.609524 0.921147 0.609524 0.924731 0.612698 0.928315 0.612698 0.931900 0.615873 0.935484 0.625397 0.935484 0.631746 0.928315 0.634921 0.928315 0.634921 0.921147 0.638095 0.917563 0.638095 0.913978
0 0.831746 0.928315 0.815873 0.913978 0.812698 0.917563 0.784127 0.917563 0.777778 0.924731 0.777778 0.939068 0.787302 0.953405 0.796825 0.956989 0.800000 0.953405 0.800000 0.942652 0.806349 0.935484 0.825397 0.939068 0.831746 0.931900
0 0.241270 0.917563 0.234921 0.924731 0.234921 0.928315 0.231746 0.931900 0.228571 0.931900 0.222222 0.939068 0.222222 0.956989 0.228571 0.956989 0.231746 0.953405 0.234921 0.953405 0.244444 0.942652 0.244444 0.939068 0.247619 0.935484 0.247619 0.924731
0 0.279365 0.924731 0.279365 0.928315 0.276190 0.931900 0.276190 0.949821 0.282540 0.960573 0.292063 0.960573 0.298413 0.953405 0.298413 0.949821 0.301587 0.946237 0.301587 0.939068 0.298413 0.935484 0.288889 0.935484
0 0.530159 0.967742 0.530159 0.956989 0.523810 0.946237 0.514286 0.949821 0.507937 0.956989 0.504762 0.953405 0.495238 0.953405 0.492063 0.956989 0.498413 0.967742 0.501587 0.967742 0.511111 0.974910 0.514286 0.971326 0.526984 0.971326
0 0.860317 0.971326 0.860317 0.982079 0.869841 0.992832 0.876190 0.992832 0.879365 0.996416 0.882540 0.992832 0.888889 0.992832 0.888889 0.982079 0.876190 0.967742 0.863492 0.967742
0 0.460317 0.978495 0.457143 0.974910 0.453968 0.974910 0.450794 0.971326 0.447619 0.971326 0.444444 0.974910 0.441270 0.974910 0.441270 0.978495 0.438095 0.982079 0.438095 0.992832 0.457143 0.992832 0.460317 0.989247
0 0.850794 0.982079 0.847619 0.978495 0.844444 0.978495 0.841270 0.982079 0.834921 0.982079 0.834921 0.985663 0.831746 0.989247 0.831746 0.992832 0.834921 0.996416 0.838095 0.996416 0.841270 0.992832 0.847619 0.992832 0.850794 0.989247
