0 0.365079 0.007194 0.371429 0.014388 0.374603 0.014388 0.384127 0.025180 0.400000 0.025180 0.403175 0.021583 0.403175 0.007194 0.400000 0.003597 0.393651 0.003597 0.390476 0.000000 0.384127 0.000000 0.380952 0.003597 0.368254 0.003597
0 0.720635 0.007194 0.714286 0.017986 0.714286 0.053957 0.723810 0.064748 0.726984 0.064748 0.730159 0.061151 0.730159 0.053957 0.733333 0.050360 0.733333 0.032374 0.730159 0.028777 0.730159 0.017986 0.726984 0.014388 0.726984 0.007194
0 0.133333 0.014388 0.126984 0.021583 0.126984 0.039568 0.133333 0.046763 0.146032 0.046763 0.149206 0.043165 0.152381 0.043165 0.152381 0.035971 0.155556 0.032374 0.155556 0.021583 0.149206 0.014388
0 0.412698 0.046763 0.412698 0.057554 0.425397 0.071942 0.431746 0.071942 0.434921 0.075540 0.438095 0.071942 0.444444 0.071942 0.447619 0.068345 0.450794 0.068345 0.450794 0.064748 0.453968 0.061151 0.453968 0.057554 0.447619 0.050360 0.447619 0.046763 0.444444 0.046763 0.438095 0.039568 0.434921 0.039568 0.431746 0.035971 0.425397 0.035971 0.422222 0.039568 0.419048 0.039568
0 0.161905 0.043165 0.158730 0.046763 0.158730 0.057554 0.161905 0.057554 0.165079 0.061151 0.168254 0.057554 0.168254 0.046763 0.165079 0.043165
0 0.663492 0.053957 0.660317 0.057554 0.660317 0.068345 0.663492 0.071942 0.663492 0.079137 0.673016 0.089928 0.685714 0.089928 0.692063 0.079137 0.688889 0.068345 0.673016 0.053957
0 0.203175 0.068345 0.203175 0.082734 0.206349 0.086331 0.206349 0.089928 0.209524 0.089928 0.212698 0.093525 0.219048 0.093525 0.222222 0.089928 0.225397 0.089928 0.228571 0.086331 0.228571 0.079137 0.225397 0.075540 0.225397 0.071942 0.222222 0.071942 0.219048 0.068345
0 0.130159 0.100719 0.126984 0.104317 0.126984 0.125899 0.130159 0.129496 0.139683 0.129496 0.142857 0.125899 0.146032 0.125899 0.149206 0.122302 0.149206 0.107914 0.142857 0.100719
0 0.711111 0.118705 0.711111 0.125899 0.714286 0.129496 0.714286 0.133094 0.717460 0.133094 0.720635 0.136691 0.733333 0.136691 0.736508 0.133094 0.742857 0.133094 0.746032 0.129496 0.749206 0.129496 0.749206 0.125899 0.752381 0.122302 0.749206 0.111511 0.742857 0.104317 0.739683 0.104317 0.736508 0.107914 0.733333 0.104317 0.723810 0.104317 0.720635 0.107914 0.717460 0.107914
0 0.174603 0.111511 0.174603 0.125899 0.180952 0.133094 0.180952 0.136691 0.193651 0.136691 0.196825 0.133094 0.196825 0.129496 0.200000 0.125899 0.200000 0.122302 0.196825 0.118705 0.196825 0.115108 0.193651 0.111511 0.190476 0.111511 0.187302 0.107914 0.180952 0.107914 0.177778 0.111511
0 0.241270 0.111511 0.231746 0.122302 0.231746 0.136691 0.241270 0.147482 0.250794 0.147482 0.257143 0.140288 0.257143 0.122302 0.253968 0.118705 0.253968 0.115108 0.250794 0.115108 0.247619 0.111511
0 0.400000 0.115108 0.393651 0.122302 0.393651 0.129496 0.390476 0.133094 0.390476 0.136691 0.393651 0.140288 0.393651 0.143885 0.400000 0.151079 0.406349 0.151079 0.415873 0.143885 0.415873 0.129496 0.409524 0.118705 0.406349 0.118705 0.403175 0.115108
0 0.336508 0.118705 0.330159 0.125899 0.330159 0.133094 0.339683 0.143885 0.349206 0.143885 0.352381 0.140288 0.352381 0.136691 0.355556 0.133094 0.355556 0.129496 0.352381 0.125899 0.352381 0.122302 0.346032 0.122302 0.342857 0.118705
0 0.942857 0.136691 0.942857 0.140288 0.939683 0.143885 0.939683 0.161871 0.946032 0.169065 0.949206 0.169065 0.952381 0.172662 0.955556 0.172662 0.958730 0.169065 0.958730 0.154676 0.955556 0.151079 0.955556 0.143885 0.949206 0.136691
0 0.917460 0.140288 0.914286 0.143885 0.911111 0.143885 0.904762 0.151079 0.904762 0.161871 0.917460 0.179856 0.926984 0.183453 0.933333 0.176259 0.933333 0.169065 0.936508 0.165468 0.933333 0.161871 0.933333 0.154676 0.930159 0.151079 0.930159 0.147482 0.926984 0.143885
0 0.320635 0.151079 0.314286 0.158273 0.314286 0.165468 0.323810 0.176259 0.330159 0.176259 0.336508 0.169065 0.336508 0.158273 0.330159 0.151079
0 0.222222 0.172662 0.222222 0.179856 0.228571 0.187050 0.244444 0.187050 0.250794 0.179856 0.250794 0.169065 0.247619 0.165468 0.231746 0.165468 0.228571 0.169065 0.225397 0.169065
0 0.653968 0.165468 0.650794 0.169065 0.650794 0.179856 0.653968 0.183453 0.653968 0.187050 0.657143 0.187050 0.660317 0.190647 0.663492 0.190647 0.666667 0.194245 0.669841 0.194245 0.673016 0.190647 0.673016 0.183453 0.666667 0.176259 0.666667 0.172662 0.660317 0.165468
0 0.387302 0.176259 0.387302 0.179856 0.390476 0.183453 0.390476 0.201439 0.393651 0.205036 0.396825 0.201439 0.396825 0.197842 0.400000 0.194245 0.396825 0.190647 0.396825 0.176259
0 0.247619 0.197842 0.247619 0.208633 0.250794 0.208633 0.253968 0.212230 0.257143 0.212230 0.260317 0.208633 0.263492 0.208633 0.263492 0.194245 0.250794 0.194245
0 0.422222 0.194245 0.415873 0.194245 0.415873 0.197842 0.412698 0.201439 0.412698 0.208633 0.409524 0.212230 0.409524 0.223022 0.412698 0.226619 0.412698 0.230216 0.415873 0.230216 0.419048 0.233813 0.428571 0.226619 0.428571 0.201439
0 0.317460 0.197842 0.314286 0.201439 0.307937 0.201439 0.307937 0.205036 0.304762 0.208633 0.304762 0.212230 0.307937 0.215827 0.307937 0.223022 0.311111 0.223022 0.314286 0.226619 0.320635 0.226619 0.326984 0.219424 0.326984 0.205036 0.323810 0.201439 0.320635 0.201439
0 0.269841 0.212230 0.269841 0.230216 0.273016 0.233813 0.273016 0.237410 0.276190 0.237410 0.279365 0.241007 0.288889 0.241007 0.295238 0.230216 0.295238 0.223022 0.292063 0.219424 0.292063 0.215827 0.285714 0.208633 0.276190 0.208633 0.273016 0.212230
0 0.460317 0.212230 0.460317 0.230216 0.466667 0.237410 0.476190 0.237410 0.479365 0.233813 0.479365 0.219424 0.473016 0.212230 0.469841 0.212230 0.466667 0.208633 0.463492 0.212230
0 0.653968 0.219424 0.647619 0.226619 0.650794 0.230216 0.650794 0.233813 0.663492 0.248201 0.666667 0.248201 0.669841 0.251799 0.676190 0.251799 0.679365 0.248201 0.679365 0.241007 0.676190 0.237410 0.676190 0.233813 0.669841 0.226619 0.666667 0.226619 0.663492 0.223022 0.660317 0.223022 0.657143 0.219424
0 0.158730 0.230216 0.149206 0.230216 0.142857 0.237410 0.139683 0.244604 0.139683 0.255396 0.136508 0.258993 0.136508 0.291367 0.142857 0.305755 0.152381 0.305755 0.158730 0.298561 0.158730 0.262590 0.161905 0.258993 0.161905 0.237410
0 0.965079 0.230216 0.958730 0.237410 0.958730 0.255396 0.965079 0.262590 0.971429 0.262590 0.974603 0.258993 0.977778 0.258993 0.977778 0.255396 0.980952 0.251799 0.980952 0.244604 0.977778 0.241007 0.977778 0.237410 0.971429 0.230216
0 0.244444 0.233813 0.244444 0.258993 0.247619 0.262590 0.247619 0.266187 0.253968 0.273381 0.263492 0.273381 0.266667 0.276978 0.269841 0.273381 0.269841 0.258993 0.266667 0.255396 0.263492 0.244604 0.253968 0.233813
0 0.380952 0.251799 0.371429 0.251799 0.365079 0.258993 0.365079 0.269784 0.361905 0.273381 0.365079 0.276978 0.365079 0.284173 0.371429 0.291367 0.374603 0.287770 0.377778 0.287770 0.377778 0.284173 0.380952 0.280576 0.384127 0.280576 0.384127 0.276978 0.387302 0.273381 0.387302 0.269784 0.384127 0.266187 0.384127 0.258993 0.380952 0.255396
0 0.834921 0.251799 0.828571 0.258993 0.828571 0.266187 0.834921 0.273381 0.841270 0.273381 0.844444 0.269784 0.844444 0.255396 0.841270 0.255396 0.838095 0.251799
0 0.479365 0.255396 0.473016 0.262590 0.473016 0.269784 0.476190 0.273381 0.476190 0.276978 0.479365 0.280576 0.482540 0.280576 0.488889 0.287770 0.492063 0.287770 0.498413 0.280576 0.498413 0.273381 0.495238 0.269784 0.495238 0.266187 0.488889 0.258993 0.485714 0.258993 0.482540 0.255396
0 0.526984 0.269784 0.526984 0.273381 0.533333 0.280576 0.533333 0.284173 0.536508 0.280576 0.542857 0.287770 0.549206 0.287770 0.555556 0.280576 0.555556 0.269784 0.552381 0.266187 0.552381 0.262590 0.549206 0.262590 0.546032 0.258993 0.542857 0.258993 0.539683 0.262590 0.536508 0.262590
0 0.333333 0.262590 0.323810 0.273381 0.323810 0.280576 0.326984 0.284173 0.326984 0.287770 0.333333 0.294964 0.336508 0.294964 0.339683 0.298561 0.342857 0.298561 0.352381 0.287770 0.352381 0.266187 0.349206 0.262590
0 0.412698 0.262590 0.409524 0.266187 0.409524 0.284173 0.412698 0.287770 0.422222 0.287770 0.428571 0.280576 0.428571 0.273381 0.425397 0.269784 0.425397 0.266187 0.422222 0.262590
0 0.777778 0.266187 0.774603 0.269784 0.771429 0.269784 0.771429 0.287770 0.774603 0.291367 0.777778 0.291367 0.780952 0.294964 0.784127 0.291367 0.787302 0.291367 0.790476 0.287770 0.790476 0.276978 0.787302 0.273381 0.787302 0.269784 0.780952 0.269784
0 0.628571 0.273381 0.625397 0.273381 0.625397 0.276978 0.619048 0.284173 0.619048 0.291367 0.615873 0.294964 0.615873 0.302158 0.619048 0.305755 0.622222 0.302158 0.625397 0.302158 0.625397 0.298561 0.631746 0.291367 0.631746 0.280576 0.628571 0.276978
0 0.863492 0.273381 0.857143 0.280576 0.857143 0.294964 0.863492 0.302158 0.866667 0.302158 0.869841 0.305755 0.876190 0.305755 0.876190 0.294964 0.873016 0.291367 0.873016 0.280576 0.869841 0.276978 0.866667 0.276978
0 0.184127 0.287770 0.177778 0.294964 0.177778 0.305755 0.180952 0.309353 0.180952 0.312950 0.196825 0.312950 0.200000 0.309353 0.200000 0.305755 0.203175 0.302158 0.203175 0.294964 0.200000 0.291367 0.196825 0.291367 0.193651 0.287770
0 0.460317 0.287770 0.460317 0.291367 0.457143 0.294964 0.457143 0.298561 0.460317 0.302158 0.460317 0.305755 0.463492 0.309353 0.476190 0.309353 0.476190 0.298561 0.469841 0.291367 0.469841 0.287770
0 0.292063 0.294964 0.288889 0.298561 0.288889 0.316547 0.295238 0.323741 0.304762 0.323741 0.311111 0.316547 0.311111 0.312950 0.314286 0.309353 0.314286 0.305755 0.311111 0.302158 0.311111 0.298561 0.307937 0.298561 0.304762 0.294964
0 0.431746 0.298561 0.425397 0.298561 0.422222 0.302158 0.419048 0.302158 0.419048 0.305755 0.415873 0.309353 0.415873 0.320144 0.419048 0.323741 0.419048 0.327338 0.431746 0.327338 0.431746 0.323741 0.434921 0.320144 0.434921 0.312950 0.438095 0.309353 0.434921 0.305755 0.434921 0.302158
0 0.746032 0.298561 0.742857 0.302158 0.742857 0.309353 0.749206 0.316547 0.749206 0.320144 0.752381 0.320144 0.755556 0.323741 0.761905 0.323741 0.765079 0.320144 0.765079 0.312950 0.752381 0.298561
0 0.342857 0.312950 0.342857 0.323741 0.349206 0.330935 0.358730 0.330935 0.358730 0.327338 0.361905 0.323741 0.361905 0.316547 0.358730 0.312950 0.355556 0.312950 0.352381 0.309353 0.349206 0.312950
0 0.107937 0.312950 0.104762 0.316547 0.104762 0.323741 0.101587 0.327338 0.101587 0.330935 0.104762 0.334532 0.104762 0.338129 0.111111 0.345324 0.123810 0.345324 0.130159 0.338129 0.130159 0.330935 0.126984 0.327338 0.126984 0.320144 0.120635 0.312950
0 0.380952 0.316547 0.377778 0.320144 0.374603 0.320144 0.374603 0.338129 0.380952 0.345324 0.384127 0.345324 0.387302 0.348921 0.390476 0.348921 0.396825 0.341727 0.396825 0.330935 0.387302 0.320144 0.384127 0.320144
0 0.212698 0.338129 0.209524 0.338129 0.206349 0.334532 0.200000 0.334532 0.190476 0.345324 0.190476 0.348921 0.187302 0.352518 0.187302 0.366906 0.190476 0.370504 0.196825 0.370504 0.200000 0.366906 0.203175 0.366906 0.212698 0.356115 0.212698 0.348921 0.215873 0.345324 0.212698 0.341727
0 0.323810 0.334532 0.317460 0.341727 0.317460 0.348921 0.323810 0.356115 0.326984 0.356115 0.330159 0.359712 0.336508 0.359712 0.342857 0.352518 0.342857 0.345324 0.333333 0.334532
0 0.358730 0.341727 0.358730 0.359712 0.361905 0.363309 0.365079 0.363309 0.368254 0.366906 0.374603 0.366906 0.377778 0.363309 0.377778 0.352518 0.374603 0.348921 0.374603 0.345324 0.371429 0.345324 0.368254 0.341727
0 0.539683 0.348921 0.539683 0.352518 0.536508 0.356115 0.536508 0.359712 0.539683 0.363309 0.539683 0.366906 0.546032 0.374101 0.555556 0.374101 0.558730 0.370504 0.558730 0.366906 0.561905 0.363309 0.558730 0.359712 0.558730 0.352518 0.555556 0.348921 0.552381 0.348921 0.549206 0.345324 0.546032 0.345324 0.542857 0.348921
0 0.136508 0.348921 0.136508 0.356115 0.130159 0.366906 0.136508 0.374101 0.139683 0.374101 0.146032 0.381295 0.149206 0.381295 0.152381 0.384892 0.155556 0.384892 0.155556 0.374101 0.146032 0.363309 0.146032 0.352518 0.142857 0.348921
0 0.606349 0.352518 0.603175 0.356115 0.603175 0.359712 0.606349 0.363309 0.612698 0.363309 0.615873 0.359712 0.615873 0.356115 0.612698 0.352518
0 0.231746 0.363309 0.222222 0.363309 0.219048 0.366906 0.219048 0.370504 0.212698 0.377698 0.212698 0.384892 0.209524 0.388489 0.209524 0.395683 0.215873 0.406475 0.225397 0.406475 0.225397 0.399281 0.228571 0.395683 0.228571 0.384892 0.234921 0.377698 0.234921 0.366906
0 0.723810 0.363309 0.720635 0.366906 0.720635 0.381295 0.723810 0.384892 0.723810 0.392086 0.726984 0.395683 0.726984 0.402878 0.730159 0.406475 0.739683 0.406475 0.742857 0.402878 0.742857 0.395683 0.739683 0.392086 0.739683 0.377698 0.733333 0.366906
0 0.888889 0.366906 0.888889 0.374101 0.892063 0.377698 0.892063 0.381295 0.895238 0.384892 0.898413 0.384892 0.901587 0.388489 0.904762 0.388489 0.907937 0.384892 0.907937 0.381295 0.904762 0.377698 0.904762 0.374101 0.901587 0.370504 0.898413 0.370504 0.895238 0.366906
0 0.825397 0.370504 0.825397 0.384892 0.831746 0.392086 0.831746 0.395683 0.834921 0.399281 0.838095 0.399281 0.841270 0.402878 0.844444 0.399281 0.847619 0.399281 0.847619 0.388489 0.841270 0.381295 0.838095 0.381295 0.828571 0.370504
0 0.352381 0.377698 0.352381 0.384892 0.355556 0.388489 0.355556 0.392086 0.368254 0.406475 0.365079 0.410072 0.368254 0.413669 0.374603 0.413669 0.380952 0.406475 0.380952 0.392086 0.374603 0.384892 0.365079 0.384892 0.361905 0.381295
0 0.609524 0.377698 0.596825 0.377698 0.590476 0.384892 0.593651 0.388489 0.593651 0.395683 0.600000 0.402878 0.603175 0.402878 0.619048 0.384892 0.615873 0.381295 0.612698 0.381295
0 0.755556 0.377698 0.755556 0.417266 0.758730 0.420863 0.758730 0.424460 0.765079 0.431655 0.774603 0.431655 0.777778 0.428058 0.777778 0.413669 0.774603 0.410072 0.774603 0.402878 0.771429 0.399281 0.768254 0.388489 0.761905 0.381295 0.761905 0.377698
0 0.495238 0.395683 0.498413 0.399281 0.498413 0.406475 0.501587 0.410072 0.523810 0.410072 0.526984 0.406475 0.526984 0.395683 0.520635 0.384892 0.501587 0.384892
0 0.304762 0.388489 0.292063 0.388489 0.288889 0.392086 0.288889 0.410072 0.292063 0.413669 0.298413 0.413669 0.304762 0.406475 0.304762 0.402878 0.307937 0.399281 0.307937 0.392086
0 0.263492 0.395683 0.260317 0.395683 0.257143 0.392086 0.253968 0.392086 0.250794 0.395683 0.247619 0.395683 0.244444 0.399281 0.244444 0.406475 0.241270 0.410072 0.244444 0.413669 0.244444 0.417266 0.247619 0.420863 0.257143 0.420863 0.260317 0.417266 0.263492 0.417266 0.263492 0.413669 0.266667 0.410072 0.266667 0.402878 0.263492 0.399281
0 0.330159 0.395683 0.326984 0.395683 0.320635 0.402878 0.317460 0.402878 0.317460 0.410072 0.320635 0.413669 0.326984 0.413669 0.333333 0.406475 0.333333 0.399281
0 0.346032 0.410072 0.342857 0.413669 0.342857 0.424460 0.349206 0.431655 0.355556 0.431655 0.358730 0.435252 0.365079 0.435252 0.368254 0.431655 0.368254 0.417266 0.358730 0.406475 0.355556 0.406475 0.352381 0.410072
0 0.114286 0.410072 0.107937 0.420863 0.107937 0.435252 0.111111 0.438849 0.123810 0.438849 0.136508 0.424460 0.136508 0.413669 0.133333 0.413669 0.130159 0.410072
0 0.158730 0.420863 0.152381 0.428058 0.152381 0.435252 0.155556 0.438849 0.155556 0.442446 0.158730 0.446043 0.171429 0.446043 0.174603 0.442446 0.174603 0.435252 0.177778 0.431655 0.174603 0.428058 0.174603 0.424460 0.171429 0.420863
0 0.279365 0.420863 0.269841 0.424460 0.260317 0.435252 0.257143 0.435252 0.257143 0.446043 0.260317 0.449640 0.260317 0.453237 0.269841 0.464029 0.276190 0.464029 0.276190 0.460432 0.279365 0.456835
0 0.511111 0.435252 0.511111 0.442446 0.514286 0.446043 0.523810 0.449640 0.530159 0.456835 0.533333 0.456835 0.536508 0.460432 0.542857 0.460432 0.549206 0.449640 0.549206 0.442446 0.546032 0.438849 0.546032 0.435252 0.542857 0.435252 0.533333 0.428058 0.517460 0.428058
0 0.565079 0.431655 0.565079 0.438849 0.568254 0.442446 0.571429 0.442446 0.574603 0.438849 0.577778 0.438849 0.580952 0.435252 0.574603 0.428058 0.568254 0.428058
0 0.396825 0.431655 0.396825 0.438849 0.393651 0.442446 0.393651 0.456835 0.396825 0.460432 0.396825 0.464029 0.412698 0.464029 0.419048 0.456835 0.419048 0.442446 0.412698 0.435252 0.409524 0.435252 0.406349 0.431655
0 0.330159 0.435252 0.326984 0.438849 0.326984 0.442446 0.323810 0.446043 0.323810 0.449640 0.326984 0.453237 0.326984 0.460432 0.330159 0.464029 0.342857 0.464029 0.346032 0.460432 0.346032 0.456835 0.349206 0.453237 0.349206 0.446043 0.339683 0.435252
0 0.590476 0.438849 0.587302 0.442446 0.587302 0.446043 0.590476 0.449640 0.590476 0.460432 0.593651 0.464029 0.596825 0.464029 0.603175 0.471223 0.609524 0.471223 0.609524 0.467626 0.600000 0.456835 0.600000 0.449640 0.596825 0.446043 0.596825 0.442446 0.593651 0.438849
0 0.200000 0.442446 0.193651 0.442446 0.187302 0.449640 0.187302 0.464029 0.190476 0.467626 0.193651 0.467626 0.196825 0.471223 0.200000 0.467626 0.203175 0.467626 0.206349 0.464029 0.209524 0.464029 0.209524 0.449640 0.206349 0.446043 0.203175 0.446043
0 0.123810 0.456835 0.120635 0.460432 0.120635 0.467626 0.117460 0.471223 0.120635 0.474820 0.120635 0.478417 0.123810 0.482014 0.136508 0.482014 0.139683 0.478417 0.139683 0.471223 0.142857 0.467626 0.139683 0.464029 0.139683 0.460432 0.136508 0.456835
0 0.492063 0.456835 0.482540 0.467626 0.482540 0.482014 0.492063 0.492806 0.492063 0.496403 0.495238 0.500000 0.507937 0.500000 0.511111 0.496403 0.511111 0.492806 0.520635 0.482014 0.520635 0.471223 0.514286 0.464029 0.511111 0.464029 0.501587 0.456835
0 0.241270 0.460432 0.238095 0.464029 0.238095 0.471223 0.247619 0.482014 0.253968 0.482014 0.257143 0.478417 0.253968 0.474820 0.253968 0.471223 0.244444 0.460432
0 0.368254 0.467626 0.361905 0.474820 0.361905 0.478417 0.358730 0.482014 0.361905 0.485612 0.361905 0.489209 0.365079 0.492806 0.374603 0.492806 0.380952 0.485612 0.380952 0.478417 0.377778 0.474820 0.377778 0.471223 0.374603 0.467626
0 0.158730 0.482014 0.149206 0.482014 0.139683 0.492806 0.139683 0.496403 0.136508 0.500000 0.136508 0.503597 0.142857 0.510791 0.155556 0.510791 0.165079 0.503597 0.165079 0.492806
0 0.396825 0.482014 0.393651 0.485612 0.393651 0.500000 0.400000 0.507194 0.406349 0.507194 0.409524 0.503597 0.412698 0.503597 0.415873 0.500000 0.415873 0.496403 0.419048 0.492806 0.419048 0.485612 0.415873 0.482014
0 0.800000 0.482014 0.793651 0.489209 0.793651 0.496403 0.796825 0.500000 0.796825 0.503597 0.800000 0.507194 0.815873 0.507194 0.819048 0.503597 0.819048 0.492806 0.815873 0.489209 0.815873 0.485612 0.812698 0.482014
0 0.193651 0.485612 0.193651 0.500000 0.196825 0.503597 0.203175 0.503597 0.206349 0.507194 0.215873 0.507194 0.219048 0.503597 0.219048 0.492806 0.212698 0.485612
0 0.276190 0.485612 0.276190 0.489209 0.273016 0.492806 0.273016 0.496403 0.276190 0.500000 0.276190 0.521583 0.279365 0.525180 0.282540 0.535971 0.285714 0.539568 0.292063 0.539568 0.295238 0.535971 0.295238 0.507194 0.292063 0.503597 0.292063 0.492806 0.285714 0.485612
0 0.533333 0.489209 0.526984 0.496403 0.526984 0.517986 0.530159 0.521583 0.530159 0.525180 0.533333 0.525180 0.536508 0.528777 0.542857 0.528777 0.546032 0.525180 0.546032 0.517986 0.542857 0.514388 0.542857 0.507194 0.546032 0.503597 0.546032 0.496403 0.542857 0.492806 0.539683 0.492806 0.536508 0.489209
0 0.466667 0.503597 0.466667 0.507194 0.463492 0.510791 0.463492 0.525180 0.469841 0.532374 0.476190 0.532374 0.485714 0.521583 0.485714 0.510791 0.479365 0.503597
0 0.431746 0.507194 0.425397 0.514388 0.425397 0.521583 0.428571 0.525180 0.428571 0.528777 0.431746 0.532374 0.444444 0.532374 0.447619 0.528777 0.447619 0.525180 0.450794 0.521583 0.450794 0.517986 0.441270 0.507194
0 0.866667 0.507194 0.857143 0.507194 0.853968 0.510791 0.853968 0.514388 0.850794 0.517986 0.850794 0.521583 0.857143 0.528777 0.860317 0.528777 0.863492 0.525180 0.866667 0.525180 0.869841 0.521583 0.869841 0.514388 0.866667 0.510791
0 0.780952 0.514388 0.784127 0.525180 0.796825 0.539568 0.815873 0.539568 0.815873 0.535971 0.819048 0.532374 0.815873 0.528777 0.809524 0.528777 0.796825 0.514388 0.790476 0.514388 0.787302 0.510791 0.784127 0.510791
0 0.638095 0.514388 0.634921 0.517986 0.634921 0.525180 0.644444 0.535971 0.650794 0.535971 0.653968 0.532374 0.653968 0.528777 0.650794 0.525180 0.650794 0.521583 0.644444 0.514388
0 0.336508 0.517986 0.323810 0.517986 0.320635 0.521583 0.320635 0.532374 0.323810 0.535971 0.326984 0.535971 0.330159 0.532374 0.333333 0.532374 0.336508 0.528777
0 0.695238 0.517986 0.688889 0.517986 0.685714 0.521583 0.682540 0.521583 0.676190 0.528777 0.676190 0.532374 0.669841 0.543165 0.673016 0.553957 0.682540 0.561151 0.695238 0.561151 0.704762 0.550360 0.704762 0.543165 0.707937 0.539568 0.707937 0.535971 0.704762 0.532374 0.704762 0.525180
0 0.504762 0.521583 0.501587 0.525180 0.501587 0.539568 0.504762 0.539568 0.507937 0.535971 0.514286 0.543165 0.517460 0.539568 0.517460 0.525180 0.514286 0.525180 0.511111 0.521583
0 0.184127 0.525180 0.180952 0.528777 0.177778 0.528777 0.174603 0.532374 0.174603 0.546763 0.184127 0.557554 0.193651 0.557554 0.193651 0.553957 0.196825 0.550360 0.196825 0.535971 0.193651 0.532374 0.193651 0.528777 0.190476 0.528777 0.187302 0.525180
0 0.225397 0.528777 0.222222 0.528777 0.215873 0.535971 0.215873 0.539568 0.209524 0.546763 0.209524 0.557554 0.215873 0.564748 0.222222 0.564748 0.228571 0.557554 0.228571 0.553957 0.231746 0.550360 0.231746 0.535971
0 0.406349 0.532374 0.396825 0.543165 0.396825 0.553957 0.400000 0.557554 0.403175 0.557554 0.406349 0.561151 0.409524 0.557554 0.419048 0.557554 0.422222 0.553957 0.422222 0.550360 0.425397 0.546763 0.425397 0.543165 0.415873 0.532374
0 0.749206 0.532374 0.746032 0.535971 0.742857 0.535971 0.742857 0.539568 0.739683 0.543165 0.739683 0.546763 0.742857 0.550360 0.742857 0.553957 0.749206 0.561151 0.752381 0.561151 0.755556 0.564748 0.758730 0.561151 0.761905 0.561151 0.765079 0.557554 0.768254 0.557554 0.768254 0.553957 0.771429 0.550360 0.771429 0.546763 0.768254 0.543165 0.768254 0.539568 0.765079 0.539568 0.761905 0.535971 0.755556 0.535971 0.752381 0.532374
0 0.250794 0.539568 0.244444 0.546763 0.244444 0.568345 0.250794 0.575540 0.263492 0.575540 0.266667 0.571942 0.266667 0.550360 0.260317 0.539568
0 0.514286 0.546763 0.511111 0.543165 0.495238 0.543165 0.492063 0.546763 0.492063 0.550360 0.488889 0.553957 0.488889 0.571942 0.498413 0.571942 0.507937 0.561151 0.507937 0.553957
0 0.619048 0.546763 0.615873 0.550360 0.615873 0.568345 0.628571 0.582734 0.631746 0.582734 0.638095 0.575540 0.638095 0.568345 0.641270 0.564748 0.641270 0.557554 0.631746 0.546763
0 0.533333 0.550360 0.526984 0.550360 0.520635 0.557554 0.520635 0.561151 0.514286 0.571942 0.514286 0.582734 0.517460 0.582734 0.520635 0.586331 0.523810 0.582734 0.526984 0.582734 0.530159 0.579137 0.533333 0.579137 0.533333 0.575540 0.539683 0.568345 0.539683 0.557554
0 0.161905 0.553957 0.158730 0.557554 0.155556 0.557554 0.155556 0.561151 0.152381 0.564748 0.152381 0.571942 0.155556 0.575540 0.155556 0.579137 0.161905 0.579137 0.165079 0.582734 0.168254 0.579137 0.171429 0.579137 0.171429 0.575540 0.174603 0.571942 0.174603 0.564748 0.168254 0.557554 0.165079 0.557554
0 0.473016 0.571942 0.469841 0.568345 0.463492 0.568345 0.460317 0.571942 0.457143 0.571942 0.450794 0.579137 0.450794 0.586331 0.453968 0.589928 0.466667 0.589928 0.473016 0.582734
0 0.726984 0.575540 0.726984 0.586331 0.736508 0.600719 0.736508 0.604317 0.739683 0.607914 0.742857 0.607914 0.755556 0.622302 0.768254 0.622302 0.768254 0.607914 0.765079 0.604317 0.765079 0.597122 0.761905 0.593525 0.761905 0.589928 0.752381 0.579137 0.749206 0.579137 0.746032 0.575540
0 0.784127 0.579137 0.780952 0.582734 0.780952 0.586331 0.777778 0.589928 0.777778 0.604317 0.784127 0.611511 0.793651 0.611511 0.796825 0.607914 0.796825 0.589928 0.793651 0.586331 0.793651 0.582734 0.787302 0.582734
0 0.215873 0.593525 0.212698 0.593525 0.209524 0.589928 0.206349 0.589928 0.203175 0.593525 0.200000 0.593525 0.196825 0.597122 0.196825 0.615108 0.200000 0.618705 0.209524 0.618705 0.215873 0.611511
0 0.241270 0.593525 0.231746 0.593525 0.225397 0.600719 0.225397 0.611511 0.228571 0.615108 0.228571 0.618705 0.231746 0.618705 0.234921 0.622302 0.238095 0.618705 0.241270 0.618705 0.244444 0.615108 0.244444 0.597122
0 0.409524 0.593525 0.403175 0.600719 0.403175 0.611511 0.406349 0.615108 0.415873 0.615108 0.419048 0.611511 0.419048 0.600719 0.412698 0.593525
0 0.536508 0.593525 0.530159 0.600719 0.530159 0.607914 0.526984 0.611511 0.526984 0.618705 0.533333 0.629496 0.542857 0.629496 0.546032 0.625899 0.549206 0.625899 0.549206 0.622302 0.552381 0.618705 0.552381 0.600719 0.546032 0.593525
0 0.260317 0.597122 0.257143 0.600719 0.257143 0.611511 0.253968 0.615108 0.253968 0.618705 0.257143 0.622302 0.257143 0.625899 0.269841 0.625899 0.273016 0.622302 0.276190 0.622302 0.279365 0.618705 0.279365 0.604317 0.273016 0.597122
0 0.434921 0.600719 0.431746 0.604317 0.431746 0.622302 0.434921 0.625899 0.441270 0.625899 0.447619 0.618705 0.447619 0.604317 0.444444 0.600719
0 0.098413 0.618705 0.098413 0.622302 0.104762 0.629496 0.107937 0.629496 0.111111 0.633094 0.117460 0.633094 0.123810 0.625899 0.123810 0.622302 0.120635 0.618705 0.120635 0.615108 0.117460 0.611511 0.101587 0.611511 0.101587 0.615108
0 0.482540 0.622302 0.482540 0.633094 0.488889 0.640288 0.504762 0.640288 0.507937 0.636691 0.507937 0.622302 0.504762 0.618705 0.498413 0.618705 0.495238 0.615108 0.492063 0.618705 0.485714 0.618705
0 0.384127 0.622302 0.380952 0.625899 0.377778 0.625899 0.371429 0.633094 0.371429 0.651079 0.374603 0.654676 0.387302 0.654676 0.390476 0.651079 0.390476 0.647482 0.393651 0.643885 0.393651 0.640288 0.390476 0.636691 0.390476 0.629496
0 0.441270 0.629496 0.441270 0.636691 0.444444 0.636691 0.447619 0.640288 0.450794 0.640288 0.453968 0.636691 0.460317 0.636691 0.460317 0.633094 0.463492 0.629496 0.460317 0.625899 0.457143 0.625899 0.453968 0.622302 0.447619 0.622302
0 0.615873 0.629496 0.612698 0.629496 0.609524 0.625899 0.600000 0.625899 0.590476 0.636691 0.590476 0.654676 0.596825 0.661871 0.603175 0.661871 0.606349 0.658273 0.609524 0.658273 0.619048 0.647482 0.619048 0.643885 0.622222 0.640288
0 0.409524 0.629496 0.406349 0.633094 0.406349 0.654676 0.409524 0.654676 0.412698 0.658273 0.422222 0.658273 0.425397 0.654676 0.425397 0.636691 0.419048 0.629496
0 0.215873 0.633094 0.215873 0.640288 0.219048 0.643885 0.219048 0.647482 0.225397 0.654676 0.231746 0.654676 0.231746 0.651079 0.234921 0.647482 0.231746 0.643885 0.231746 0.640288 0.228571 0.640288 0.225397 0.636691 0.225397 0.633094
0 0.304762 0.647482 0.304762 0.651079 0.301587 0.654676 0.301587 0.665468 0.307937 0.672662 0.320635 0.672662 0.326984 0.665468 0.326984 0.651079 0.323810 0.647482 0.320635 0.647482 0.317460 0.643885 0.311111 0.643885 0.307937 0.647482
0 0.857143 0.647482 0.844444 0.658273 0.844444 0.661871 0.841270 0.665468 0.841270 0.683453 0.847619 0.690647 0.847619 0.694245 0.850794 0.694245 0.853968 0.697842 0.866667 0.697842 0.873016 0.687050 0.873016 0.654676 0.863492 0.647482
0 0.095238 0.654676 0.092063 0.658273 0.092063 0.672662 0.098413 0.679856 0.104762 0.679856 0.107937 0.676259 0.111111 0.676259 0.114286 0.672662 0.114286 0.661871 0.107937 0.654676
0 0.650794 0.658273 0.641270 0.669065 0.641270 0.672662 0.638095 0.676259 0.638095 0.687050 0.641270 0.690647 0.641270 0.694245 0.647619 0.701439 0.660317 0.701439 0.663492 0.697842 0.669841 0.697842 0.669841 0.694245 0.673016 0.690647 0.673016 0.679856 0.669841 0.676259 0.666667 0.665468 0.663492 0.665468 0.657143 0.658273
0 0.155556 0.672662 0.152381 0.676259 0.152381 0.690647 0.158730 0.697842 0.165079 0.697842 0.171429 0.690647 0.171429 0.679856 0.165079 0.672662
0 0.234921 0.672662 0.231746 0.672662 0.228571 0.676259 0.225397 0.676259 0.222222 0.679856 0.222222 0.697842 0.225397 0.701439 0.228571 0.701439 0.231746 0.705036 0.234921 0.701439 0.238095 0.701439 0.241270 0.697842 0.241270 0.694245 0.244444 0.690647 0.244444 0.679856 0.241270 0.676259 0.238095 0.676259
0 0.273016 0.683453 0.276190 0.687050 0.285714 0.687050 0.285714 0.679856 0.282540 0.676259 0.279365 0.676259
0 0.126984 0.679856 0.117460 0.690647 0.117460 0.701439 0.123810 0.708633 0.136508 0.708633 0.139683 0.705036 0.139683 0.701439 0.142857 0.697842 0.142857 0.694245 0.133333 0.683453 0.130159 0.683453
0 0.380952 0.683453 0.368254 0.683453 0.365079 0.687050 0.361905 0.687050 0.361905 0.690647 0.358730 0.694245 0.358730 0.701439 0.361905 0.705036 0.361905 0.708633 0.365079 0.708633 0.368254 0.712230 0.374603 0.712230 0.377778 0.708633 0.380952 0.708633 0.380952 0.705036 0.384127 0.701439 0.384127 0.687050
0 0.746032 0.687050 0.739683 0.694245 0.739683 0.708633 0.746032 0.715827 0.761905 0.715827 0.761905 0.712230 0.765079 0.708633 0.765079 0.701439 0.768254 0.697842 0.765079 0.694245 0.765079 0.687050
0 0.257143 0.690647 0.253968 0.694245 0.253968 0.697842 0.250794 0.701439 0.250794 0.705036 0.253968 0.708633 0.253968 0.712230 0.266667 0.712230 0.266667 0.708633 0.269841 0.705036 0.269841 0.697842 0.263492 0.690647
0 0.320635 0.690647 0.317460 0.694245 0.317460 0.697842 0.314286 0.701439 0.317460 0.705036 0.317460 0.708633 0.320635 0.712230 0.336508 0.712230 0.339683 0.708633 0.339683 0.697842 0.333333 0.690647
0 0.539683 0.697842 0.539683 0.708633 0.542857 0.712230 0.542857 0.715827 0.549206 0.723022 0.555556 0.723022 0.558730 0.726619 0.561905 0.723022 0.565079 0.726619 0.574603 0.719424 0.574603 0.712230 0.571429 0.708633 0.571429 0.705036 0.555556 0.690647 0.546032 0.690647
0 0.590476 0.694245 0.590476 0.715827 0.593651 0.719424 0.593651 0.723022 0.600000 0.730216 0.609524 0.730216 0.612698 0.726619 0.612698 0.715827 0.609524 0.712230 0.609524 0.705036 0.606349 0.701439 0.606349 0.697842 0.603175 0.694245
0 0.292063 0.705036 0.288889 0.708633 0.288889 0.712230 0.285714 0.715827 0.285714 0.719424 0.282540 0.723022 0.282540 0.726619 0.285714 0.730216 0.285714 0.733813 0.288889 0.733813 0.292063 0.737410 0.304762 0.737410 0.311111 0.730216 0.311111 0.719424 0.304762 0.712230 0.304762 0.708633 0.301587 0.705036
0 0.177778 0.708633 0.171429 0.715827 0.171429 0.741007 0.174603 0.744604 0.174603 0.751799 0.177778 0.755396 0.184127 0.755396 0.187302 0.751799 0.187302 0.744604 0.193651 0.733813 0.193651 0.715827 0.187302 0.708633
0 0.155556 0.715827 0.149206 0.715827 0.146032 0.719424 0.142857 0.719424 0.136508 0.726619 0.136508 0.737410 0.139683 0.741007 0.142857 0.741007 0.146032 0.744604 0.149206 0.744604 0.152381 0.741007 0.155556 0.741007 0.158730 0.737410 0.158730 0.733813 0.161905 0.730216 0.161905 0.723022
0 0.853968 0.715827 0.850794 0.719424 0.844444 0.719424 0.838095 0.726619 0.838095 0.751799 0.841270 0.755396 0.857143 0.755396 0.863492 0.748201 0.863492 0.744604 0.866667 0.741007 0.866667 0.733813 0.863492 0.730216 0.863492 0.726619
0 0.634921 0.719424 0.634921 0.723022 0.631746 0.726619 0.634921 0.730216 0.634921 0.737410 0.647619 0.751799 0.647619 0.755396 0.653968 0.762590 0.660317 0.762590 0.663492 0.758993 0.666667 0.758993 0.666667 0.755396 0.669841 0.751799 0.669841 0.733813 0.660317 0.723022 0.650794 0.723022 0.647619 0.719424
0 0.250794 0.723022 0.241270 0.733813 0.241270 0.737410 0.244444 0.741007 0.244444 0.744604 0.250794 0.751799 0.253968 0.751799 0.257143 0.755396 0.260317 0.755396 0.266667 0.748201 0.266667 0.737410 0.263492 0.733813 0.263492 0.730216 0.257143 0.723022
0 0.323810 0.726619 0.320635 0.730216 0.317460 0.730216 0.314286 0.733813 0.314286 0.737410 0.317460 0.741007 0.317460 0.748201 0.320635 0.751799 0.323810 0.751799 0.326984 0.755396 0.330159 0.755396 0.339683 0.744604 0.339683 0.737410 0.336508 0.733813 0.336508 0.730216 0.333333 0.730216 0.330159 0.726619
0 0.215873 0.730216 0.209524 0.730216 0.206349 0.733813 0.206349 0.737410 0.200000 0.744604 0.200000 0.758993 0.206349 0.766187 0.212698 0.766187 0.215873 0.762590
0 0.466667 0.737410 0.463492 0.737410 0.460317 0.733813 0.457143 0.733813 0.453968 0.737410 0.450794 0.737410 0.444444 0.744604 0.444444 0.748201 0.441270 0.751799 0.441270 0.758993 0.447619 0.766187 0.453968 0.766187 0.463492 0.755396 0.463492 0.751799 0.466667 0.748201
0 0.111111 0.744604 0.107937 0.748201 0.107937 0.751799 0.104762 0.755396 0.104762 0.766187 0.107937 0.769784 0.126984 0.769784 0.133333 0.762590 0.133333 0.758993 0.123810 0.748201 0.120635 0.748201 0.117460 0.744604
0 0.285714 0.755396 0.285714 0.766187 0.288889 0.769784 0.292063 0.769784 0.295238 0.773381 0.298413 0.773381 0.301587 0.769784 0.307937 0.769784 0.307937 0.758993 0.301587 0.751799 0.288889 0.751799
0 0.365079 0.758993 0.358730 0.751799 0.349206 0.751799 0.346032 0.755396 0.342857 0.755396 0.339683 0.758993 0.339683 0.773381 0.342857 0.776978 0.355556 0.776978 0.365079 0.766187
0 0.501587 0.751799 0.488889 0.751799 0.485714 0.755396 0.482540 0.755396 0.476190 0.762590 0.476190 0.766187 0.473016 0.769784 0.473016 0.780576 0.476190 0.784173 0.482540 0.784173 0.485714 0.787770 0.488889 0.784173 0.498413 0.780576 0.504762 0.773381 0.504762 0.755396
0 0.622222 0.751799 0.619048 0.751799 0.612698 0.758993 0.612698 0.776978 0.615873 0.780576 0.615873 0.784173 0.619048 0.780576 0.628571 0.780576 0.628571 0.773381 0.631746 0.769784 0.631746 0.766187 0.628571 0.762590 0.628571 0.755396 0.625397 0.755396
0 0.149206 0.776978 0.146032 0.776978 0.142857 0.773381 0.136508 0.773381 0.130159 0.780576 0.130159 0.784173 0.126984 0.787770 0.126984 0.798561 0.130159 0.802158 0.130159 0.809353 0.139683 0.809353 0.149206 0.798561 0.149206 0.791367 0.152381 0.787770 0.152381 0.784173 0.149206 0.780576
0 0.834921 0.773381 0.828571 0.784173 0.828571 0.794964 0.831746 0.798561 0.834921 0.809353 0.838095 0.809353 0.844444 0.816547 0.850794 0.816547 0.853968 0.812950 0.857143 0.812950 0.863492 0.805755 0.863492 0.787770 0.853968 0.776978 0.850794 0.776978 0.847619 0.773381
0 0.101587 0.780576 0.098413 0.784173 0.095238 0.784173 0.095238 0.787770 0.092063 0.791367 0.092063 0.805755 0.098413 0.812950 0.107937 0.812950 0.114286 0.805755 0.114286 0.787770 0.107937 0.780576
0 0.301587 0.780576 0.301587 0.802158 0.307937 0.809353 0.314286 0.809353 0.320635 0.802158 0.320635 0.798561 0.323810 0.794964 0.323810 0.787770 0.317460 0.780576
0 0.615873 0.787770 0.615873 0.794964 0.622222 0.802158 0.625397 0.802158 0.628571 0.805755 0.641270 0.805755 0.644444 0.802158 0.644444 0.791367 0.638095 0.784173 0.634921 0.784173 0.631746 0.780576 0.628571 0.784173 0.619048 0.784173
0 0.447619 0.787770 0.444444 0.787770 0.441270 0.784173 0.434921 0.784173 0.431746 0.787770 0.428571 0.787770 0.428571 0.791367 0.425397 0.794964 0.425397 0.805755 0.431746 0.812950 0.438095 0.812950 0.441270 0.809353 0.444444 0.809353 0.444444 0.805755 0.447619 0.802158
0 0.568254 0.787770 0.568254 0.791367 0.565079 0.794964 0.565079 0.802158 0.561905 0.805755 0.565079 0.809353 0.565079 0.812950 0.568254 0.812950 0.571429 0.816547 0.574603 0.816547 0.584127 0.805755 0.584127 0.798561 0.580952 0.794964 0.580952 0.791367 0.577778 0.787770
0 0.266667 0.794964 0.263492 0.798561 0.266667 0.802158 0.266667 0.812950 0.273016 0.812950 0.276190 0.809353 0.276190 0.805755 0.279365 0.802158 0.279365 0.798561 0.276190 0.794964
0 0.552381 0.802158 0.539683 0.802158 0.533333 0.809353 0.533333 0.820144 0.539683 0.827338 0.546032 0.827338 0.552381 0.820144 0.552381 0.816547 0.555556 0.812950 0.555556 0.809353 0.552381 0.805755
0 0.673016 0.802158 0.666667 0.809353 0.666667 0.816547 0.669841 0.820144 0.669841 0.823741 0.682540 0.823741 0.692063 0.812950 0.692063 0.805755 0.688889 0.802158
0 0.358730 0.805755 0.349206 0.816547 0.349206 0.838129 0.352381 0.841727 0.361905 0.841727 0.368254 0.834532 0.368254 0.830935 0.371429 0.827338 0.371429 0.820144 0.368254 0.816547 0.368254 0.812950
0 0.460317 0.805755 0.453968 0.812950 0.453968 0.827338 0.460317 0.834532 0.473016 0.834532 0.479365 0.827338 0.479365 0.820144 0.476190 0.816547 0.476190 0.812950 0.469841 0.805755
0 0.222222 0.809353 0.219048 0.812950 0.215873 0.812950 0.215873 0.816547 0.212698 0.820144 0.212698 0.841727 0.219048 0.852518 0.225397 0.852518 0.231746 0.845324 0.231746 0.823741 0.228571 0.820144 0.228571 0.816547
0 0.193651 0.812950 0.187302 0.820144 0.187302 0.834532 0.196825 0.845324 0.203175 0.845324 0.203175 0.841727 0.209524 0.834532 0.209524 0.827338 0.203175 0.820144 0.203175 0.816547 0.200000 0.812950
0 0.292063 0.820144 0.288889 0.823741 0.288889 0.827338 0.285714 0.830935 0.285714 0.845324 0.292063 0.852518 0.298413 0.852518 0.304762 0.845324 0.304762 0.823741 0.301587 0.820144
0 0.498413 0.820144 0.492063 0.820144 0.485714 0.827338 0.485714 0.838129 0.488889 0.841727 0.492063 0.841727 0.501587 0.830935 0.501587 0.823741
0 0.406349 0.823741 0.400000 0.830935 0.400000 0.834532 0.396825 0.838129 0.396825 0.841727 0.400000 0.845324 0.400000 0.859712 0.406349 0.866906 0.409524 0.866906 0.415873 0.856115 0.415873 0.830935
0 0.634921 0.823741 0.631746 0.827338 0.631746 0.841727 0.634921 0.845324 0.634921 0.848921 0.647619 0.848921 0.650794 0.845324 0.650794 0.827338 0.647619 0.823741
0 0.530159 0.830935 0.526984 0.830935 0.523810 0.827338 0.517460 0.827338 0.514286 0.830935 0.514286 0.834532 0.511111 0.838129 0.511111 0.845324 0.507937 0.848921 0.507937 0.856115 0.511111 0.859712 0.511111 0.863309 0.514286 0.863309 0.523810 0.856115 0.523810 0.852518 0.530159 0.845324
0 0.730159 0.830935 0.730159 0.848921 0.736508 0.856115 0.746032 0.856115 0.749206 0.852518 0.749206 0.848921 0.752381 0.845324 0.752381 0.841727 0.749206 0.838129 0.749206 0.830935 0.746032 0.830935 0.742857 0.827338 0.736508 0.827338 0.733333 0.830935
0 0.317460 0.830935 0.317460 0.834532 0.314286 0.838129 0.314286 0.852518 0.320635 0.859712 0.326984 0.859712 0.330159 0.856115 0.333333 0.856115 0.333333 0.852518 0.336508 0.848921 0.336508 0.838129 0.333333 0.834532 0.333333 0.830935
0 0.380952 0.838129 0.377778 0.841727 0.374603 0.841727 0.374603 0.845324 0.371429 0.848921 0.371429 0.859712 0.374603 0.863309 0.374603 0.866906 0.384127 0.877698 0.387302 0.877698 0.390476 0.874101 0.390476 0.845324 0.384127 0.838129
0 0.555556 0.838129 0.552381 0.841727 0.552381 0.852518 0.555556 0.856115 0.555556 0.859712 0.558730 0.863309 0.561905 0.863309 0.565079 0.859712 0.565079 0.838129
0 0.587302 0.838129 0.580952 0.845324 0.580952 0.866906 0.584127 0.870504 0.584127 0.874101 0.593651 0.874101 0.596825 0.870504 0.596825 0.866906 0.600000 0.863309 0.600000 0.859712 0.596825 0.856115 0.596825 0.841727 0.593651 0.838129
0 0.695238 0.838129 0.692063 0.841727 0.688889 0.841727 0.688889 0.845324 0.685714 0.848921 0.685714 0.863309 0.695238 0.874101 0.704762 0.874101 0.711111 0.866906 0.711111 0.863309 0.714286 0.859712 0.714286 0.848921 0.704762 0.838129
0 0.438095 0.841727 0.438095 0.870504 0.441270 0.874101 0.441270 0.884892 0.447619 0.884892 0.447619 0.881295 0.453968 0.870504 0.453968 0.859712 0.450794 0.856115 0.450794 0.852518 0.447619 0.848921 0.447619 0.845324 0.444444 0.841727
0 0.269841 0.845324 0.260317 0.845324 0.257143 0.848921 0.253968 0.848921 0.247619 0.856115 0.247619 0.863309 0.250794 0.866906 0.253968 0.866906 0.257143 0.870504 0.260317 0.870504 0.263492 0.866906 0.269841 0.866906 0.273016 0.863309 0.273016 0.859712 0.276190 0.856115 0.276190 0.852518
0 0.171429 0.848921 0.168254 0.852518 0.168254 0.866906 0.171429 0.870504 0.171429 0.874101 0.180952 0.881295 0.184127 0.881295 0.187302 0.877698 0.190476 0.877698 0.193651 0.874101 0.193651 0.859712 0.187302 0.852518 0.184127 0.852518 0.180952 0.848921
0 0.793651 0.852518 0.793651 0.866906 0.806349 0.881295 0.806349 0.884892 0.809524 0.888489 0.812698 0.888489 0.815873 0.884892 0.815873 0.870504 0.812698 0.866906 0.812698 0.863309 0.803175 0.852518
0 0.107937 0.863309 0.107937 0.874101 0.111111 0.874101 0.117460 0.881295 0.120635 0.881295 0.126984 0.874101 0.117460 0.863309
0 0.526984 0.866906 0.526984 0.870504 0.523810 0.874101 0.523810 0.892086 0.526984 0.895683 0.539683 0.895683 0.542857 0.892086 0.542857 0.884892 0.546032 0.881295 0.542857 0.877698 0.542857 0.874101 0.536508 0.866906
0 0.498413 0.870504 0.488889 0.870504 0.479365 0.881295 0.479365 0.892086 0.485714 0.899281 0.492063 0.899281 0.495238 0.895683 0.498413 0.895683 0.501587 0.892086 0.501587 0.888489 0.504762 0.884892 0.504762 0.881295 0.501587 0.877698 0.501587 0.874101
