0 0.219048 0.107527 0.203175 0.121864 0.200000 0.129032 0.200000 0.143369 0.209524 0.154122 0.215873 0.154122 0.219048 0.157706 0.231746 0.157706 0.241270 0.150538 0.247619 0.136201 0.247619 0.129032 0.234921 0.111111 0.228571 0.107527
0 0.993651 0.125448 0.990476 0.129032 0.987302 0.129032 0.980952 0.136201 0.977778 0.136201 0.974603 0.139785 0.974603 0.146953 0.980952 0.146953 0.987302 0.139785 0.993651 0.139785
0 0.107937 0.132616 0.098413 0.143369 0.095238 0.143369 0.095238 0.168459 0.101587 0.175627 0.101587 0.179211 0.104762 0.179211 0.107937 0.182796 0.120635 0.182796 0.130159 0.172043 0.130159 0.157706 0.126984 0.154122 0.126984 0.146953 0.123810 0.143369 0.123810 0.139785 0.117460 0.132616
0 0.663492 0.136201 0.653968 0.136201 0.650794 0.139785 0.647619 0.139785 0.634921 0.154122 0.634921 0.157706 0.631746 0.161290 0.631746 0.175627 0.650794 0.182796 0.653968 0.179211 0.663492 0.175627 0.673016 0.164875 0.673016 0.146953 0.669841 0.143369 0.669841 0.139785 0.666667 0.139785
0 0.593651 0.150538 0.590476 0.150538 0.590476 0.154122 0.580952 0.164875 0.580952 0.168459 0.577778 0.172043 0.577778 0.182796 0.574603 0.186380 0.574603 0.200717 0.577778 0.200717 0.580952 0.197133 0.580952 0.193548 0.584127 0.189964 0.587302 0.189964 0.587302 0.186380 0.590476 0.182796 0.590476 0.175627 0.593651 0.172043 0.593651 0.161290 0.596825 0.157706 0.596825 0.154122
0 0.273016 0.161290 0.263492 0.154122 0.241270 0.154122 0.228571 0.161290 0.212698 0.182796 0.209524 0.193548 0.212698 0.204301 0.219048 0.211470 0.228571 0.215054 0.253968 0.215054 0.266667 0.207885 0.276190 0.182796 0.276190 0.168459
0 0.152381 0.175627 0.146032 0.179211 0.142857 0.186380 0.142857 0.207885 0.152381 0.218638 0.161905 0.218638 0.168254 0.222222 0.184127 0.207885 0.190476 0.193548 0.190476 0.182796 0.177778 0.175627
0 0.825397 0.182796 0.825397 0.189964 0.828571 0.189964 0.831746 0.193548 0.838095 0.193548 0.847619 0.200717 0.857143 0.200717 0.860317 0.197133 0.863492 0.197133 0.869841 0.189964 0.869841 0.182796 0.860317 0.175627 0.831746 0.175627
0 0.101587 0.207885 0.095238 0.211470 0.092063 0.218638 0.092063 0.240143 0.101587 0.254480 0.117460 0.258065 0.123810 0.254480 0.133333 0.243728 0.133333 0.222222 0.130159 0.215054 0.120635 0.207885
0 0.885714 0.218638 0.885714 0.225806 0.888889 0.229391 0.892063 0.225806 0.895238 0.229391 0.895238 0.232975 0.904762 0.232975 0.907937 0.229391 0.907937 0.222222 0.901587 0.222222 0.898413 0.218638
0 0.253968 0.232975 0.250794 0.232975 0.244444 0.225806 0.238095 0.225806 0.234921 0.229391 0.212698 0.229391 0.203175 0.240143 0.203175 0.254480 0.206349 0.261649 0.219048 0.272401 0.238095 0.268817 0.253968 0.254480 0.253968 0.247312 0.257143 0.243728 0.253968 0.240143
0 0.161905 0.232975 0.152381 0.247312 0.152381 0.258065 0.149206 0.261649 0.149206 0.268817 0.155556 0.279570 0.171429 0.279570 0.180952 0.272401 0.180952 0.268817 0.184127 0.265233 0.184127 0.250896 0.177778 0.240143 0.177778 0.232975
0 0.111111 0.275986 0.104762 0.283154 0.104762 0.301075 0.107937 0.304659 0.107937 0.308244 0.117460 0.315412 0.133333 0.315412 0.139683 0.304659 0.139683 0.283154 0.133333 0.275986 0.130159 0.275986 0.126984 0.272401
0 0.190476 0.301075 0.184127 0.293907 0.168254 0.293907 0.139683 0.311828 0.133333 0.322581 0.133333 0.333333 0.136508 0.336918 0.146032 0.336918 0.149206 0.340502 0.168254 0.340502 0.187302 0.322581 0.190476 0.315412
0 0.212698 0.308244 0.206349 0.308244 0.206349 0.311828 0.196825 0.322581 0.196825 0.326165 0.193651 0.329749 0.193651 0.336918 0.190476 0.340502 0.190476 0.358423 0.196825 0.365591 0.209524 0.365591 0.222222 0.351254 0.222222 0.347670 0.225397 0.344086 0.225397 0.333333
0 0.133333 0.340502 0.133333 0.347670 0.130159 0.351254 0.130159 0.383513 0.136508 0.394265 0.142857 0.394265 0.146032 0.397849 0.158730 0.397849 0.168254 0.383513 0.168254 0.362007 0.165079 0.354839 0.155556 0.347670 0.155556 0.344086 0.149206 0.344086 0.146032 0.340502
0 0.600000 0.365591 0.549206 0.376344 0.542857 0.383513 0.517460 0.387097 0.507937 0.397849 0.507937 0.412186 0.514286 0.412186 0.533333 0.397849 0.565079 0.397849 0.587302 0.383513
0 0.733333 0.379928 0.733333 0.383513 0.736508 0.387097 0.746032 0.387097 0.746032 0.379928 0.739683 0.379928 0.736508 0.376344
0 0.993651 0.379928 0.984127 0.390681 0.984127 0.412186 0.987302 0.415771 0.993651 0.415771 0.993651 0.390681 0.996825 0.387097 0.996825 0.383513
0 0.476190 0.444444 0.476190 0.448029 0.473016 0.451613 0.473016 0.462366 0.482540 0.462366 0.479365 0.458781 0.485714 0.451613 0.482540 0.448029 0.482540 0.444444
0 0.619048 0.458781 0.612698 0.451613 0.590476 0.451613 0.587302 0.455197 0.584127 0.455197 0.577778 0.462366 0.574603 0.473118 0.577778 0.476703 0.577778 0.480287 0.584127 0.487455 0.596825 0.487455 0.600000 0.483871 0.603175 0.483871 0.615873 0.469534
0 0.346032 0.598566 0.339683 0.598566 0.333333 0.605735 0.333333 0.609319 0.330159 0.612903 0.330159 0.623656 0.326984 0.627240 0.326984 0.645161 0.330159 0.648746 0.346032 0.648746 0.352381 0.641577 0.352381 0.634409 0.355556 0.630824 0.355556 0.616487 0.352381 0.612903 0.352381 0.609319 0.346032 0.602151
0 0.939683 0.623656 0.936508 0.620072 0.926984 0.620072 0.923810 0.623656 0.914286 0.623656 0.907937 0.630824 0.907937 0.634409 0.914286 0.641577 0.923810 0.641577
0 0.961905 0.623656 0.961905 0.627240 0.965079 0.630824 0.974603 0.630824 0.980952 0.637993 0.987302 0.637993 0.987302 0.627240 0.980952 0.620072 0.965079 0.620072
0 0.711111 0.663082 0.707937 0.659498 0.695238 0.659498 0.692063 0.663082 0.688889 0.663082 0.685714 0.666667 0.679365 0.666667 0.676190 0.670251 0.682540 0.681004 0.685714 0.681004 0.688889 0.684588 0.692063 0.684588 0.695238 0.681004 0.698413 0.681004 0.707937 0.670251 0.707937 0.666667
0 0.730159 0.677419 0.726984 0.673835 0.723810 0.673835 0.714286 0.684588 0.714286 0.688172 0.720635 0.688172 0.723810 0.684588 0.726984 0.684588 0.726984 0.681004
0 0.669841 0.716846 0.660317 0.716846 0.650794 0.724014 0.650794 0.727599 0.647619 0.731183 0.647619 0.741935 0.650794 0.745520 0.650794 0.749104 0.641270 0.756272 0.644444 0.759857 0.650794 0.759857 0.653968 0.756272 0.663492 0.756272 0.666667 0.752688 0.669841 0.752688 0.669841 0.749104 0.673016 0.745520 0.673016 0.720430
0 0.453968 0.770609 0.434921 0.770609 0.425397 0.777778 0.425397 0.799283 0.431746 0.806452 0.438095 0.806452 0.441270 0.810036 0.444444 0.806452 0.447619 0.806452 0.453968 0.799283 0.453968 0.795699 0.457143 0.792115 0.457143 0.777778 0.453968 0.774194
0 0.819048 0.774194 0.815873 0.777778 0.815873 0.795699 0.825397 0.795699 0.828571 0.792115 0.828571 0.784946 0.825397 0.781362 0.825397 0.777778 0.822222 0.774194
0 0.701587 0.792115 0.698413 0.788530 0.688889 0.788530 0.682540 0.795699 0.682540 0.802867 0.685714 0.806452 0.688889 0.806452 0.692063 0.802867 0.698413 0.802867 0.701587 0.799283
0 0.917460 0.817204 0.923810 0.824373 0.930159 0.824373 0.939683 0.831541 0.949206 0.831541 0.958730 0.820789 0.961905 0.820789 0.965079 0.817204 0.965079 0.806452 0.933333 0.806452 0.930159 0.810036 0.923810 0.810036
0 0.653968 0.831541 0.653968 0.842294 0.660317 0.849462 0.669841 0.849462 0.673016 0.845878 0.676190 0.845878 0.679365 0.842294 0.679365 0.835125 0.676190 0.831541 0.673016 0.831541 0.669841 0.827957 0.666667 0.827957 0.663492 0.831541 0.660317 0.827957 0.657143 0.831541
0 0.609524 0.838710 0.603175 0.838710 0.600000 0.842294 0.596825 0.842294 0.593651 0.845878 0.584127 0.845878 0.580952 0.849462 0.580952 0.853047 0.584127 0.853047 0.587302 0.856631 0.596825 0.856631 0.600000 0.853047 0.603175 0.853047 0.609524 0.845878
0 0.482540 0.849462 0.482540 0.853047 0.485714 0.856631 0.492063 0.856631 0.501587 0.863799 0.517460 0.863799 0.520635 0.867384 0.523810 0.863799 0.526984 0.863799 0.526984 0.860215 0.520635 0.853047 0.514286 0.853047 0.511111 0.849462 0.501587 0.849462 0.498413 0.845878 0.485714 0.845878
0 0.673016 0.888889 0.682540 0.888889 0.685714 0.885305 0.704762 0.885305 0.707937 0.881720 0.707937 0.878136 0.685714 0.878136 0.682540 0.881720 0.676190 0.881720 0.673016 0.885305
0 0.571429 0.885305 0.577778 0.892473 0.577778 0.896057 0.584127 0.896057 0.587302 0.899642 0.593651 0.899642 0.596825 0.896057 0.596825 0.892473 0.593651 0.888889 0.593651 0.885305 0.590476 0.881720 0.574603 0.881720
0 0.812698 0.888889 0.803175 0.888889 0.800000 0.892473 0.796825 0.892473 0.796825 0.896057 0.790476 0.906810 0.790476 0.913978 0.787302 0.917563 0.787302 0.935484 0.790476 0.939068 0.796825 0.939068 0.809524 0.924731 0.809524 0.921147 0.812698 0.917563
0 0.841270 0.896057 0.834921 0.899642 0.828571 0.910394 0.828571 0.935484 0.841270 0.946237 0.850794 0.946237 0.863492 0.935484 0.869841 0.913978 0.866667 0.906810 0.863492 0.906810 0.857143 0.899642 0.850794 0.896057
0 0.638095 0.917563 0.619048 0.917563 0.600000 0.928315 0.593651 0.928315 0.587302 0.935484 0.574603 0.942652 0.568254 0.949821 0.568254 0.953405 0.612698 0.928315 0.628571 0.924731
0 0.717460 0.964158 0.714286 0.960573 0.711111 0.960573 0.707937 0.964158 0.704762 0.964158 0.695238 0.974910 0.704762 0.974910 0.707937 0.971326 0.717460 0.971326
0 0.796825 0.960573 0.777778 0.967742 0.765079 0.985663 0.765079 0.992832 0.780952 0.992832 0.784127 0.989247 0.787302 0.989247 0.790476 0.985663 0.790476 0.982079 0.796825 0.971326
0 0.241270 0.985663 0.244444 0.989247 0.250794 0.989247 0.253968 0.985663 0.260317 0.985663 0.266667 0.978495 0.266667 0.971326 0.263492 0.967742 0.257143 0.967742 0.253968 0.971326 0.250794 0.967742 0.247619 0.967742 0.244444 0.971326 0.244444 0.978495 0.241270 0.982079
0 0.215873 0.974910 0.212698 0.978495 0.212698 0.982079 0.209524 0.985663 0.212698 0.989247 0.212698 0.992832 0.228571 0.992832 0.228571 0.982079 0.225397 0.982079 0.219048 0.974910
0 0.333333 0.978495 0.330159 0.978495 0.326984 0.974910 0.317460 0.974910 0.314286 0.978495 0.301587 0.978495 0.298413 0.982079 0.298413 0.985663 0.307937 0.992832 0.317460 0.992832 0.320635 0.989247 0.326984 0.989247 0.330159 0.985663 0.333333 0.985663
0 0.593651 0.974910 0.593651 0.982079 0.590476 0.985663 0.590476 0.992832 0.600000 0.992832 0.600000 0.978495 0.596825 0.974910
