0 0.783439 0.003597 0.780255 0.000000 0.777070 0.000000 0.773885 0.003597 0.764331 0.003597 0.761146 0.007194 0.764331 0.010791 0.764331 0.014388 0.767516 0.014388 0.770701 0.017986 0.773885 0.014388 0.780255 0.014388 0.783439 0.010791
0 0.802548 0.010791 0.805732 0.014388 0.812102 0.014388 0.815287 0.010791 0.818471 0.010791 0.818471 0.007194 0.821656 0.003597 0.821656 0.000000 0.805732 0.000000 0.802548 0.003597
0 0.745223 0.003597 0.732484 0.003597 0.726115 0.010791 0.726115 0.025180 0.729299 0.028777 0.729299 0.032374 0.738854 0.032374 0.748408 0.021583 0.748408 0.007194
0 0.777070 0.021583 0.773885 0.025180 0.770701 0.025180 0.770701 0.039568 0.777070 0.046763 0.780255 0.046763 0.786624 0.039568 0.786624 0.028777 0.783439 0.025180 0.780255 0.025180
0 0.821656 0.025180 0.821656 0.028777 0.818471 0.032374 0.818471 0.035971 0.824841 0.043165 0.831210 0.043165 0.834395 0.046763 0.840764 0.046763 0.843949 0.043165 0.843949 0.035971 0.840764 0.032374 0.840764 0.028777 0.834395 0.021583 0.828025 0.021583 0.824841 0.025180
0 0.694268 0.043165 0.694268 0.046763 0.691083 0.050360 0.691083 0.057554 0.694268 0.061151 0.694268 0.064748 0.697452 0.068345 0.710191 0.068345 0.713376 0.064748 0.713376 0.061151 0.716561 0.057554 0.716561 0.046763 0.710191 0.039568 0.700637 0.039568 0.697452 0.043165
0 0.888535 0.039568 0.878981 0.039568 0.872611 0.046763 0.872611 0.050360 0.869427 0.053957 0.869427 0.061151 0.872611 0.064748 0.885350 0.064748 0.891720 0.057554 0.891720 0.043165
0 0.659236 0.046763 0.656051 0.050360 0.656051 0.064748 0.662420 0.071942 0.671975 0.071942 0.675159 0.068345 0.675159 0.053957 0.671975 0.050360 0.671975 0.046763
0 0.617834 0.064748 0.617834 0.068345 0.614650 0.071942 0.614650 0.075540 0.617834 0.079137 0.617834 0.086331 0.621019 0.089928 0.621019 0.093525 0.624204 0.097122 0.636943 0.097122 0.640127 0.093525 0.640127 0.079137 0.636943 0.075540 0.636943 0.071942 0.630573 0.064748 0.627389 0.064748 0.624204 0.061151 0.621019 0.064748
0 0.761146 0.064748 0.754777 0.071942 0.754777 0.086331 0.757962 0.089928 0.757962 0.093525 0.767516 0.093525 0.770701 0.089928 0.770701 0.082734 0.773885 0.079137 0.773885 0.075540 0.770701 0.071942 0.770701 0.068345 0.767516 0.064748
0 0.789809 0.071942 0.780255 0.082734 0.780255 0.089928 0.783439 0.093525 0.799363 0.093525 0.805732 0.086331 0.805732 0.079137 0.799363 0.071942
0 0.563694 0.082734 0.560510 0.086331 0.560510 0.104317 0.563694 0.107914 0.563694 0.111511 0.566879 0.115108 0.576433 0.115108 0.579618 0.118705 0.585987 0.118705 0.589172 0.115108 0.589172 0.107914 0.579618 0.100719 0.579618 0.079137 0.570064 0.079137 0.566879 0.082734
0 0.875796 0.089928 0.875796 0.100719 0.878981 0.100719 0.882166 0.104317 0.894904 0.104317 0.898089 0.107914 0.907643 0.100719 0.907643 0.093525 0.898089 0.082734 0.882166 0.082734
0 0.656051 0.086331 0.656051 0.089928 0.652866 0.093525 0.652866 0.100719 0.656051 0.104317 0.656051 0.107914 0.659236 0.107914 0.662420 0.111511 0.665605 0.111511 0.668790 0.107914 0.671975 0.107914 0.671975 0.093525 0.665605 0.086331
0 0.722930 0.086331 0.722930 0.089928 0.719745 0.093525 0.722930 0.097122 0.722930 0.104317 0.726115 0.107914 0.742038 0.107914 0.742038 0.097122 0.735669 0.089928 0.735669 0.086331
0 0.818471 0.100719 0.821656 0.104317 0.821656 0.107914 0.824841 0.111511 0.831210 0.111511 0.834395 0.115108 0.840764 0.115108 0.843949 0.111511 0.847134 0.111511 0.847134 0.097122 0.840764 0.089928 0.824841 0.089928 0.821656 0.093525 0.821656 0.097122
0 0.697452 0.093525 0.687898 0.104317 0.687898 0.118705 0.691083 0.122302 0.707006 0.122302 0.707006 0.100719 0.703822 0.097122 0.700637 0.097122
0 0.636943 0.107914 0.630573 0.107914 0.627389 0.111511 0.624204 0.111511 0.621019 0.115108 0.621019 0.118705 0.617834 0.122302 0.617834 0.136691 0.630573 0.136691 0.633758 0.133094 0.633758 0.129496 0.636943 0.125899 0.636943 0.122302 0.640127 0.118705 0.640127 0.111511
0 0.500000 0.111511 0.496815 0.115108 0.496815 0.118705 0.493631 0.122302 0.493631 0.129496 0.496815 0.133094 0.496815 0.136691 0.503185 0.136691 0.506369 0.140288 0.509554 0.140288 0.512739 0.136691 0.515924 0.136691 0.515924 0.111511
0 0.538217 0.118705 0.535032 0.122302 0.535032 0.125899 0.531847 0.129496 0.531847 0.136691 0.541401 0.147482 0.544586 0.143885 0.547771 0.147482 0.550955 0.147482 0.550955 0.143885 0.554140 0.140288 0.554140 0.129496 0.550955 0.125899 0.550955 0.122302 0.547771 0.118705
0 0.652866 0.122302 0.646497 0.129496 0.646497 0.140288 0.649682 0.143885 0.665605 0.143885 0.671975 0.136691 0.671975 0.133094 0.668790 0.129496 0.668790 0.125899 0.665605 0.122302
0 0.773885 0.125899 0.767516 0.125899 0.761146 0.133094 0.761146 0.136691 0.757962 0.140288 0.757962 0.147482 0.761146 0.151079 0.770701 0.151079 0.773885 0.147482 0.777070 0.147482 0.777070 0.129496
0 0.732484 0.129496 0.729299 0.133094 0.729299 0.143885 0.732484 0.147482 0.735669 0.147482 0.738854 0.151079 0.742038 0.147482 0.742038 0.133094 0.738854 0.129496
0 0.589172 0.136691 0.582803 0.136691 0.579618 0.140288 0.576433 0.140288 0.573248 0.143885 0.573248 0.151079 0.570064 0.154676 0.573248 0.158273 0.573248 0.161871 0.576433 0.165468 0.582803 0.165468 0.585987 0.161871 0.589172 0.161871 0.592357 0.158273 0.592357 0.140288
0 0.847134 0.136691 0.840764 0.143885 0.840764 0.154676 0.843949 0.158273 0.856688 0.158273 0.859873 0.154676 0.859873 0.140288 0.856688 0.136691
0 0.394904 0.140288 0.385350 0.140288 0.372611 0.154676 0.372611 0.165468 0.375796 0.169065 0.385350 0.169065 0.398089 0.154676 0.398089 0.143885
0 0.433121 0.143885 0.429936 0.143885 0.426752 0.140288 0.420382 0.140288 0.410828 0.151079 0.410828 0.161871 0.414013 0.165468 0.410828 0.169065 0.414013 0.172662 0.420382 0.172662 0.423567 0.169065 0.433121 0.169065 0.436306 0.165468 0.439490 0.165468 0.439490 0.154676
0 0.477707 0.140288 0.461783 0.140288 0.455414 0.147482 0.455414 0.154676 0.452229 0.158273 0.455414 0.161871 0.455414 0.176259 0.461783 0.183453 0.468153 0.183453 0.471338 0.179856 0.474522 0.179856 0.477707 0.176259 0.477707 0.172662 0.484076 0.165468 0.484076 0.147482
0 0.512739 0.140288 0.506369 0.147482 0.506369 0.161871 0.509554 0.165468 0.519108 0.165468 0.522293 0.161871 0.522293 0.158273 0.525478 0.154676 0.525478 0.151079 0.522293 0.147482 0.522293 0.143885 0.519108 0.140288
0 0.700637 0.147482 0.700637 0.158273 0.703822 0.161871 0.703822 0.165468 0.713376 0.176259 0.719745 0.176259 0.722930 0.172662 0.722930 0.165468 0.719745 0.161871 0.719745 0.158273 0.716561 0.154676 0.716561 0.151079 0.713376 0.147482 0.710191 0.147482 0.707006 0.143885 0.703822 0.147482
0 0.799363 0.147482 0.796178 0.151079 0.796178 0.165468 0.799363 0.169065 0.815287 0.169065 0.821656 0.161871 0.821656 0.147482 0.818471 0.147482 0.815287 0.143885 0.805732 0.143885 0.802548 0.147482
0 0.554140 0.147482 0.550955 0.151079 0.547771 0.151079 0.544586 0.154676 0.541401 0.154676 0.531847 0.165468 0.531847 0.179856 0.535032 0.183453 0.547771 0.183453 0.554140 0.176259 0.554140 0.172662 0.560510 0.161871 0.560510 0.158273
0 0.630573 0.161871 0.624204 0.154676 0.621019 0.154676 0.617834 0.158273 0.611465 0.158273 0.608280 0.161871 0.608280 0.165468 0.605096 0.169065 0.605096 0.176259 0.608280 0.179856 0.617834 0.179856 0.621019 0.176259 0.627389 0.176259 0.630573 0.172662
0 0.891720 0.158273 0.882166 0.158273 0.878981 0.161871 0.875796 0.161871 0.875796 0.165468 0.869427 0.176259 0.869427 0.179856 0.872611 0.183453 0.872611 0.187050 0.875796 0.187050 0.878981 0.190647 0.882166 0.190647 0.885350 0.187050 0.888535 0.187050 0.888535 0.183453 0.894904 0.176259 0.894904 0.161871
0 0.659236 0.161871 0.656051 0.165468 0.656051 0.172662 0.665605 0.172662 0.665605 0.169065 0.668790 0.165468 0.665605 0.161871
0 0.777070 0.169065 0.764331 0.169065 0.761146 0.172662 0.757962 0.172662 0.757962 0.176259 0.754777 0.179856 0.754777 0.187050 0.761146 0.194245 0.767516 0.194245 0.773885 0.187050 0.777070 0.187050 0.777070 0.183453 0.780255 0.179856 0.780255 0.172662
0 0.566879 0.179856 0.566879 0.190647 0.570064 0.194245 0.585987 0.194245 0.589172 0.190647 0.589172 0.183453 0.585987 0.179856 0.585987 0.176259 0.582803 0.176259 0.579618 0.172662 0.576433 0.172662 0.573248 0.176259 0.570064 0.176259
0 0.694268 0.172662 0.684713 0.172662 0.678344 0.179856 0.678344 0.194245 0.684713 0.201439 0.687898 0.201439 0.697452 0.190647 0.697452 0.179856 0.694268 0.176259
0 0.426752 0.190647 0.426752 0.201439 0.429936 0.205036 0.445860 0.205036 0.445860 0.201439 0.449045 0.197842 0.449045 0.190647 0.442675 0.183453 0.436306 0.183453 0.433121 0.187050 0.429936 0.187050
0 0.815287 0.190647 0.812102 0.187050 0.805732 0.187050 0.802548 0.190647 0.789809 0.190647 0.786624 0.194245 0.786624 0.205036 0.789809 0.205036 0.792994 0.208633 0.799363 0.208633 0.802548 0.205036 0.808917 0.205036 0.815287 0.197842
0 0.850318 0.187050 0.847134 0.190647 0.843949 0.187050 0.840764 0.190647 0.837580 0.190647 0.831210 0.197842 0.831210 0.201439 0.837580 0.208633 0.837580 0.212230 0.840764 0.215827 0.840764 0.226619 0.847134 0.226619 0.853503 0.219424 0.853503 0.212230 0.856688 0.208633 0.856688 0.190647 0.853503 0.190647
0 0.404459 0.194245 0.401274 0.194245 0.398089 0.190647 0.394904 0.190647 0.391720 0.194245 0.388535 0.194245 0.382166 0.201439 0.382166 0.212230 0.385350 0.215827 0.388535 0.215827 0.391720 0.212230 0.394904 0.212230 0.404459 0.201439
0 0.624204 0.190647 0.617834 0.197842 0.617834 0.212230 0.621019 0.215827 0.630573 0.215827 0.640127 0.205036 0.640127 0.197842 0.633758 0.190647
0 0.729299 0.194245 0.726115 0.197842 0.726115 0.208633 0.729299 0.212230 0.729299 0.215827 0.732484 0.215827 0.735669 0.219424 0.738854 0.219424 0.742038 0.215827 0.742038 0.197842 0.738854 0.194245
0 0.541401 0.197842 0.541401 0.201439 0.538217 0.205036 0.538217 0.215827 0.541401 0.219424 0.550955 0.219424 0.554140 0.215827 0.554140 0.201439 0.550955 0.197842
0 0.659236 0.197842 0.656051 0.201439 0.652866 0.201439 0.652866 0.205036 0.649682 0.208633 0.649682 0.223022 0.652866 0.226619 0.652866 0.230216 0.662420 0.230216 0.668790 0.223022 0.668790 0.212230 0.665605 0.208633 0.665605 0.201439 0.662420 0.201439
0 0.493631 0.201439 0.487261 0.208633 0.487261 0.212230 0.493631 0.219424 0.496815 0.215827 0.496815 0.212230 0.500000 0.208633
0 0.308917 0.208633 0.308917 0.219424 0.312102 0.223022 0.324841 0.223022 0.331210 0.215827 0.331210 0.205036 0.312102 0.205036
0 0.515924 0.205036 0.512739 0.208633 0.512739 0.223022 0.515924 0.226619 0.515924 0.230216 0.525478 0.230216 0.528662 0.226619 0.528662 0.223022 0.525478 0.219424 0.525478 0.208633 0.522293 0.205036
0 0.592357 0.205036 0.585987 0.205036 0.582803 0.208633 0.579618 0.208633 0.570064 0.215827 0.570064 0.230216 0.573248 0.233813 0.576433 0.233813 0.579618 0.237410 0.582803 0.237410 0.592357 0.230216 0.592357 0.226619 0.595541 0.223022 0.595541 0.208633
0 0.872611 0.205036 0.872611 0.208633 0.869427 0.212230 0.869427 0.219424 0.872611 0.223022 0.872611 0.226619 0.878981 0.233813 0.888535 0.233813 0.891720 0.230216 0.891720 0.219424 0.888535 0.215827 0.888535 0.212230 0.882166 0.205036
0 0.764331 0.208633 0.757962 0.215827 0.757962 0.223022 0.761146 0.226619 0.761146 0.230216 0.764331 0.230216 0.767516 0.233813 0.780255 0.233813 0.780255 0.223022 0.777070 0.219424 0.777070 0.215827 0.773885 0.212230 0.770701 0.212230 0.767516 0.208633
0 0.292994 0.219424 0.280255 0.219424 0.277070 0.223022 0.273885 0.223022 0.270701 0.226619 0.270701 0.241007 0.286624 0.241007 0.292994 0.233813
0 0.394904 0.219424 0.388535 0.226619 0.394904 0.233813 0.398089 0.233813 0.404459 0.226619 0.401274 0.223022 0.398089 0.223022
0 0.417197 0.219424 0.414013 0.223022 0.414013 0.230216 0.410828 0.233813 0.414013 0.237410 0.414013 0.241007 0.417197 0.244604 0.429936 0.244604 0.436306 0.237410 0.436306 0.230216 0.426752 0.219424
0 0.792994 0.223022 0.789809 0.230216 0.789809 0.248201 0.792994 0.251799 0.792994 0.258993 0.802548 0.266187 0.821656 0.266187 0.831210 0.251799 0.828025 0.248201 0.828025 0.237410 0.821656 0.223022 0.815287 0.219424
0 0.458599 0.230216 0.458599 0.241007 0.464968 0.241007 0.468153 0.244604 0.474522 0.244604 0.477707 0.241007 0.480892 0.241007 0.480892 0.237410 0.484076 0.233813 0.484076 0.230216 0.477707 0.223022 0.468153 0.223022 0.464968 0.226619 0.461783 0.226619
0 0.340764 0.230216 0.340764 0.248201 0.343949 0.251799 0.356688 0.251799 0.359873 0.248201 0.359873 0.233813 0.353503 0.226619 0.347134 0.226619 0.343949 0.230216
0 0.614650 0.233813 0.611465 0.237410 0.611465 0.251799 0.617834 0.258993 0.627389 0.258993 0.630573 0.255396 0.630573 0.241007 0.624204 0.233813
0 0.242038 0.237410 0.238854 0.241007 0.238854 0.244604 0.235669 0.248201 0.235669 0.258993 0.238854 0.262590 0.238854 0.266187 0.248408 0.266187 0.254777 0.258993 0.254777 0.244604 0.251592 0.241007 0.248408 0.241007 0.245223 0.237410
0 0.500000 0.241007 0.500000 0.248201 0.506369 0.255396 0.506369 0.258993 0.509554 0.262590 0.509554 0.266187 0.515924 0.266187 0.522293 0.258993 0.522293 0.255396 0.525478 0.251799 0.522293 0.248201 0.522293 0.244604 0.519108 0.244604 0.515924 0.241007 0.512739 0.241007 0.509554 0.237410 0.506369 0.237410 0.503185 0.241007
0 0.550955 0.237410 0.544586 0.237410 0.541401 0.241007 0.541401 0.255396 0.538217 0.258993 0.538217 0.262590 0.541401 0.266187 0.541401 0.269784 0.547771 0.269784 0.550955 0.266187 0.550955 0.262590 0.554140 0.258993 0.554140 0.241007
0 0.321656 0.241007 0.318471 0.241007 0.315287 0.244604 0.312102 0.244604 0.308917 0.248201 0.308917 0.255396 0.312102 0.258993 0.315287 0.258993 0.318471 0.262590 0.321656 0.258993 0.324841 0.258993 0.328025 0.255396 0.328025 0.248201
0 0.726115 0.241007 0.722930 0.244604 0.722930 0.248201 0.719745 0.251799 0.722930 0.255396 0.722930 0.258993 0.729299 0.266187 0.738854 0.266187 0.738854 0.251799 0.729299 0.241007
0 0.863057 0.241007 0.853503 0.241007 0.850318 0.244604 0.850318 0.248201 0.847134 0.251799 0.853503 0.262590 0.853503 0.269784 0.843949 0.276978 0.850318 0.276978 0.853503 0.273381 0.866242 0.273381 0.869427 0.269784 0.869427 0.248201
0 0.394904 0.248201 0.391720 0.248201 0.388535 0.244604 0.378981 0.244604 0.369427 0.255396 0.369427 0.269784 0.372611 0.273381 0.385350 0.273381 0.394904 0.262590
0 0.652866 0.255396 0.652866 0.262590 0.656051 0.266187 0.659236 0.266187 0.662420 0.269784 0.665605 0.269784 0.668790 0.266187 0.671975 0.266187 0.675159 0.262590 0.675159 0.255396 0.671975 0.251799 0.671975 0.248201 0.659236 0.248201
0 0.757962 0.248201 0.754777 0.251799 0.754777 0.255396 0.751592 0.258993 0.751592 0.273381 0.757962 0.280576 0.764331 0.280576 0.767516 0.276978 0.770701 0.276978 0.773885 0.273381 0.773885 0.258993 0.770701 0.255396 0.770701 0.251799 0.767516 0.251799 0.764331 0.248201
0 0.697452 0.251799 0.694268 0.255396 0.694268 0.258993 0.691083 0.262590 0.694268 0.266187 0.694268 0.269784 0.697452 0.269784 0.700637 0.273381 0.707006 0.273381 0.710191 0.269784 0.710191 0.258993 0.703822 0.251799
0 0.429936 0.255396 0.426752 0.255396 0.423567 0.258993 0.420382 0.258993 0.414013 0.266187 0.414013 0.280576 0.417197 0.284173 0.420382 0.284173 0.423567 0.287770 0.426752 0.287770 0.429936 0.284173 0.433121 0.284173 0.436306 0.280576 0.436306 0.262590
0 0.480892 0.258993 0.477707 0.262590 0.477707 0.266187 0.480892 0.269784 0.480892 0.273381 0.487261 0.273381 0.490446 0.269784 0.490446 0.262590 0.487261 0.258993
0 0.576433 0.262590 0.570064 0.262590 0.566879 0.266187 0.563694 0.266187 0.560510 0.269784 0.560510 0.276978 0.557325 0.280576 0.560510 0.284173 0.560510 0.291367 0.566879 0.298561 0.570064 0.298561 0.573248 0.294964 0.573248 0.291367 0.576433 0.287770 0.576433 0.280576 0.579618 0.276978 0.579618 0.266187
0 0.449045 0.266187 0.445860 0.269784 0.445860 0.276978 0.449045 0.280576 0.449045 0.294964 0.455414 0.302158 0.458599 0.302158 0.461783 0.298561 0.464968 0.298561 0.464968 0.287770 0.461783 0.284173 0.461783 0.269784 0.458599 0.266187
0 0.592357 0.266187 0.592357 0.269784 0.589172 0.273381 0.589172 0.276978 0.592357 0.280576 0.589172 0.284173 0.592357 0.287770 0.601911 0.287770 0.601911 0.284173 0.605096 0.280576 0.605096 0.269784 0.601911 0.266187
0 0.643312 0.276978 0.630573 0.276978 0.627389 0.280576 0.624204 0.280576 0.621019 0.284173 0.621019 0.287770 0.617834 0.291367 0.617834 0.302158 0.621019 0.302158 0.624204 0.305755 0.627389 0.305755 0.630573 0.302158 0.633758 0.302158 0.643312 0.291367
0 0.541401 0.284173 0.538217 0.287770 0.538217 0.294964 0.541401 0.298561 0.544586 0.298561 0.547771 0.294964 0.547771 0.287770 0.544586 0.284173
0 0.815287 0.287770 0.808917 0.287770 0.802548 0.294964 0.802548 0.309353 0.805732 0.312950 0.808917 0.312950 0.818471 0.302158 0.818471 0.291367
0 0.251592 0.294964 0.251592 0.302158 0.254777 0.305755 0.270701 0.305755 0.270701 0.294964 0.267516 0.294964 0.264331 0.291367 0.254777 0.291367
0 0.659236 0.291367 0.656051 0.294964 0.656051 0.302158 0.659236 0.305755 0.665605 0.305755 0.668790 0.302158 0.668790 0.294964 0.665605 0.291367
0 0.684713 0.291367 0.684713 0.294964 0.681529 0.298561 0.681529 0.309353 0.684713 0.312950 0.694268 0.312950 0.697452 0.309353 0.697452 0.305755 0.700637 0.302158 0.700637 0.298561 0.697452 0.294964 0.697452 0.291367
0 0.828025 0.298561 0.824841 0.302158 0.824841 0.305755 0.828025 0.309353 0.828025 0.312950 0.831210 0.316547 0.840764 0.316547 0.843949 0.312950 0.843949 0.302158 0.840764 0.298561 0.837580 0.298561 0.834395 0.294964 0.831210 0.298561
0 0.156051 0.302158 0.156051 0.320144 0.168790 0.320144 0.171975 0.316547 0.171975 0.312950 0.162420 0.302158
0 0.398089 0.305755 0.398089 0.309353 0.401274 0.312950 0.401274 0.316547 0.414013 0.316547 0.414013 0.309353 0.407643 0.302158 0.401274 0.302158
0 0.423567 0.309353 0.426752 0.312950 0.426752 0.316547 0.439490 0.316547 0.445860 0.309353 0.445860 0.305755 0.442675 0.302158 0.429936 0.302158
0 0.738854 0.302158 0.738854 0.312950 0.742038 0.316547 0.742038 0.320144 0.748408 0.327338 0.761146 0.327338 0.764331 0.323741 0.764331 0.312950 0.761146 0.309353 0.761146 0.305755 0.757962 0.302158
0 0.869427 0.302158 0.866242 0.305755 0.866242 0.320144 0.872611 0.327338 0.882166 0.327338 0.885350 0.323741 0.885350 0.320144 0.888535 0.316547 0.888535 0.312950 0.885350 0.309353 0.885350 0.305755 0.882166 0.302158
0 0.487261 0.305755 0.484076 0.309353 0.484076 0.320144 0.480892 0.323741 0.484076 0.327338 0.484076 0.330935 0.493631 0.330935 0.500000 0.323741 0.500000 0.309353 0.496815 0.305755
0 0.646497 0.312950 0.640127 0.312950 0.636943 0.316547 0.633758 0.316547 0.633758 0.320144 0.630573 0.323741 0.630573 0.334532 0.636943 0.341727 0.643312 0.341727 0.652866 0.330935 0.652866 0.320144
0 0.719745 0.316547 0.713376 0.316547 0.710191 0.320144 0.710191 0.327338 0.716561 0.334532 0.719745 0.330935 0.722930 0.330935 0.722930 0.320144
0 0.570064 0.320144 0.563694 0.320144 0.560510 0.323741 0.557325 0.323741 0.550955 0.330935 0.550955 0.341727 0.557325 0.348921 0.570064 0.348921 0.573248 0.345324 0.573248 0.327338 0.570064 0.323741
0 0.608280 0.323741 0.605096 0.323741 0.601911 0.327338 0.598726 0.327338 0.595541 0.330935 0.595541 0.334532 0.592357 0.338129 0.592357 0.348921 0.598726 0.356115 0.601911 0.356115 0.605096 0.352518 0.608280 0.352518 0.611465 0.348921 0.611465 0.341727 0.614650 0.338129 0.614650 0.330935
0 0.280255 0.327338 0.280255 0.330935 0.277070 0.334532 0.277070 0.338129 0.283439 0.345324 0.286624 0.345324 0.289809 0.348921 0.296178 0.348921 0.299363 0.345324 0.302548 0.345324 0.302548 0.341727 0.305732 0.338129 0.305732 0.334532 0.299363 0.327338
0 0.665605 0.327338 0.665605 0.330935 0.662420 0.334532 0.665605 0.338129 0.665605 0.348921 0.675159 0.348921 0.678344 0.345324 0.678344 0.330935 0.675159 0.327338
0 0.254777 0.341727 0.248408 0.334532 0.238854 0.334532 0.235669 0.338129 0.226115 0.338129 0.226115 0.352518 0.232484 0.359712 0.238854 0.359712 0.242038 0.356115 0.245223 0.356115 0.248408 0.352518 0.251592 0.352518 0.254777 0.348921
0 0.429936 0.334532 0.423567 0.341727 0.423567 0.356115 0.429936 0.363309 0.442675 0.363309 0.445860 0.359712 0.445860 0.345324 0.442675 0.341727 0.442675 0.338129 0.439490 0.338129 0.436306 0.334532
0 0.866242 0.334532 0.859873 0.341727 0.863057 0.345324 0.863057 0.352518 0.866242 0.356115 0.866242 0.359712 0.869427 0.359712 0.878981 0.366906 0.882166 0.363309 0.885350 0.363309 0.885350 0.352518 0.882166 0.348921 0.882166 0.345324 0.878981 0.341727 0.875796 0.341727 0.872611 0.338129 0.872611 0.334532
0 0.318471 0.338129 0.318471 0.352518 0.321656 0.356115 0.324841 0.356115 0.331210 0.348921 0.331210 0.341727 0.328025 0.338129
0 0.382166 0.338129 0.382166 0.341727 0.378981 0.345324 0.378981 0.363309 0.382166 0.366906 0.382166 0.370504 0.385350 0.370504 0.388535 0.374101 0.398089 0.363309 0.398089 0.359712 0.401274 0.356115 0.401274 0.345324 0.391720 0.338129
0 0.818471 0.338129 0.815287 0.341727 0.815287 0.359712 0.821656 0.366906 0.828025 0.366906 0.834395 0.359712 0.834395 0.348921 0.824841 0.338129
0 0.267516 0.341727 0.264331 0.341727 0.261146 0.345324 0.257962 0.345324 0.257962 0.348921 0.254777 0.352518 0.254777 0.363309 0.257962 0.366906 0.257962 0.370504 0.261146 0.374101 0.264331 0.374101 0.270701 0.366906 0.270701 0.345324
0 0.697452 0.345324 0.697452 0.348921 0.694268 0.352518 0.694268 0.359712 0.697452 0.363309 0.697452 0.366906 0.713376 0.366906 0.716561 0.363309 0.716561 0.348921 0.710191 0.341727 0.703822 0.341727 0.700637 0.345324
0 0.735669 0.352518 0.735669 0.363309 0.745223 0.374101 0.751592 0.374101 0.754777 0.377698 0.757962 0.377698 0.761146 0.374101 0.764331 0.374101 0.764331 0.359712 0.761146 0.356115 0.757962 0.356115 0.748408 0.348921 0.738854 0.348921
0 0.133758 0.352518 0.130573 0.356115 0.130573 0.366906 0.133758 0.370504 0.143312 0.370504 0.149682 0.363309 0.149682 0.359712 0.143312 0.352518
0 0.350318 0.363309 0.343949 0.356115 0.337580 0.363309 0.337580 0.366906 0.334395 0.370504 0.334395 0.374101 0.343949 0.374101 0.347134 0.370504 0.347134 0.366906
0 0.506369 0.363309 0.503185 0.366906 0.503185 0.374101 0.506369 0.377698 0.509554 0.377698 0.512739 0.381295 0.512739 0.370504 0.515924 0.366906 0.512739 0.363309
0 0.678344 0.370504 0.678344 0.384892 0.681529 0.388489 0.681529 0.395683 0.687898 0.402878 0.694268 0.402878 0.697452 0.399281 0.697452 0.384892 0.694268 0.381295 0.694268 0.377698 0.691083 0.374101 0.691083 0.370504
0 0.308917 0.374101 0.305732 0.374101 0.302548 0.377698 0.299363 0.377698 0.296178 0.381295 0.296178 0.388489 0.302548 0.395683 0.305732 0.395683 0.312102 0.388489 0.312102 0.377698
0 0.477707 0.374101 0.474522 0.377698 0.474522 0.384892 0.471338 0.388489 0.471338 0.395683 0.480892 0.406475 0.490446 0.406475 0.490446 0.395683 0.487261 0.392086 0.487261 0.374101
0 0.528662 0.374101 0.522293 0.374101 0.519108 0.377698 0.515924 0.377698 0.515924 0.388489 0.519108 0.388489 0.522293 0.392086 0.525478 0.388489 0.531847 0.388489 0.531847 0.377698
0 0.850318 0.374101 0.850318 0.384892 0.856688 0.392086 0.856688 0.395683 0.859873 0.399281 0.869427 0.399281 0.872611 0.395683 0.872611 0.388489 0.859873 0.374101
0 0.722930 0.377698 0.719745 0.381295 0.716561 0.381295 0.716561 0.402878 0.719745 0.406475 0.719745 0.410072 0.726115 0.410072 0.729299 0.406475 0.729299 0.384892
0 0.226115 0.384892 0.222930 0.381295 0.216561 0.381295 0.210191 0.388489 0.207006 0.388489 0.203822 0.392086 0.203822 0.395683 0.197452 0.402878 0.197452 0.406475 0.194268 0.410072 0.194268 0.417266 0.200637 0.417266 0.207006 0.410072 0.216561 0.406475 0.219745 0.402878 0.219745 0.399281 0.226115 0.392086
0 0.426752 0.384892 0.423567 0.388489 0.423567 0.395683 0.420382 0.399281 0.420382 0.406475 0.423567 0.410072 0.426752 0.410072 0.429936 0.413669 0.436306 0.413669 0.439490 0.410072 0.439490 0.406475 0.442675 0.402878 0.442675 0.392086 0.439490 0.388489 0.439490 0.384892
0 0.751592 0.384892 0.748408 0.388489 0.748408 0.399281 0.751592 0.402878 0.754777 0.402878 0.761146 0.395683 0.757962 0.392086 0.757962 0.388489 0.754777 0.388489
0 0.136943 0.395683 0.124204 0.395683 0.121019 0.399281 0.121019 0.417266 0.127389 0.424460 0.130573 0.424460 0.140127 0.413669 0.140127 0.399281
0 0.538217 0.406475 0.538217 0.413669 0.547771 0.413669 0.550955 0.417266 0.554140 0.417266 0.557325 0.413669 0.560510 0.413669 0.560510 0.406475 0.563694 0.402878 0.557325 0.395683 0.547771 0.395683
0 0.636943 0.399281 0.636943 0.431655 0.640127 0.435252 0.643312 0.435252 0.643312 0.428058 0.646497 0.424460 0.646497 0.420863 0.649682 0.417266 0.649682 0.406475 0.643312 0.399281
0 0.659236 0.399281 0.656051 0.402878 0.656051 0.420863 0.659236 0.424460 0.671975 0.424460 0.671975 0.417266 0.675159 0.413669 0.671975 0.410072 0.671975 0.406475 0.668790 0.402878 0.668790 0.399281
0 0.767516 0.399281 0.761146 0.399281 0.754777 0.406475 0.757962 0.410072 0.757962 0.413669 0.754777 0.417266 0.754777 0.420863 0.757962 0.424460 0.761146 0.424460 0.764331 0.420863 0.767516 0.420863 0.770701 0.417266 0.770701 0.413669 0.773885 0.410072 0.773885 0.406475
0 0.799363 0.402878 0.799363 0.406475 0.796178 0.410072 0.796178 0.417266 0.802548 0.424460 0.805732 0.424460 0.808917 0.428058 0.815287 0.428058 0.818471 0.424460 0.821656 0.424460 0.821656 0.406475 0.815287 0.399281 0.805732 0.399281 0.802548 0.402878
0 0.003185 0.402878 0.000000 0.406475 0.000000 0.413669 0.003185 0.417266 0.003185 0.431655 0.006369 0.431655 0.006369 0.406475
0 0.455414 0.413669 0.452229 0.417266 0.452229 0.431655 0.455414 0.435252 0.458599 0.435252 0.461783 0.431655 0.461783 0.428058 0.458599 0.424460 0.458599 0.417266
0 0.843949 0.413669 0.843949 0.417266 0.840764 0.420863 0.840764 0.431655 0.847134 0.438849 0.856688 0.438849 0.859873 0.435252 0.859873 0.417266 0.856688 0.413669
0 0.031847 0.428058 0.028662 0.428058 0.025478 0.431655 0.022293 0.431655 0.015924 0.438849 0.015924 0.449640 0.019108 0.453237 0.025478 0.453237 0.035032 0.442446 0.035032 0.435252 0.031847 0.431655
0 0.500000 0.428058 0.500000 0.438849 0.503185 0.442446 0.509554 0.442446 0.512739 0.438849 0.512739 0.435252 0.509554 0.431655 0.509554 0.428058
0 0.878981 0.428058 0.875796 0.428058 0.872611 0.431655 0.869427 0.431655 0.863057 0.438849 0.869427 0.446043 0.872611 0.442446 0.875796 0.442446 0.882166 0.435252 0.882166 0.431655
0 0.525478 0.435252 0.525478 0.438849 0.522293 0.442446 0.522293 0.453237 0.525478 0.453237 0.531847 0.460432 0.544586 0.460432 0.550955 0.453237 0.550955 0.442446 0.544586 0.435252 0.538217 0.435252 0.535032 0.431655 0.531847 0.435252
0 0.595541 0.435252 0.595541 0.446043 0.608280 0.460432 0.617834 0.460432 0.627389 0.453237 0.627389 0.446043 0.621019 0.438849 0.617834 0.438849 0.614650 0.435252
0 0.264331 0.442446 0.264331 0.446043 0.261146 0.449640 0.261146 0.453237 0.264331 0.456835 0.264331 0.460432 0.270701 0.467626 0.270701 0.474820 0.273885 0.478417 0.280255 0.478417 0.283439 0.474820 0.283439 0.460432 0.280255 0.456835 0.280255 0.446043 0.277070 0.446043 0.273885 0.442446
0 0.907643 0.446043 0.891720 0.446043 0.888535 0.449640 0.885350 0.449640 0.885350 0.467626 0.888535 0.471223 0.898089 0.471223 0.904459 0.464029 0.904459 0.460432 0.907643 0.456835
0 0.722930 0.453237 0.716561 0.460432 0.716561 0.464029 0.713376 0.467626 0.716561 0.471223 0.716561 0.474820 0.719745 0.478417 0.729299 0.478417 0.732484 0.474820 0.732484 0.467626 0.735669 0.464029 0.732484 0.460432 0.732484 0.453237
0 0.398089 0.456835 0.391720 0.456835 0.388535 0.460432 0.385350 0.460432 0.382166 0.464029 0.382166 0.467626 0.378981 0.471223 0.378981 0.474820 0.382166 0.478417 0.382166 0.482014 0.385350 0.482014 0.388535 0.485612 0.391720 0.485612 0.394904 0.482014 0.398089 0.482014 0.401274 0.478417 0.401274 0.471223 0.398089 0.467626
0 0.770701 0.456835 0.764331 0.456835 0.761146 0.460432 0.757962 0.460432 0.757962 0.464029 0.754777 0.467626 0.754777 0.482014 0.757962 0.482014 0.761146 0.485612 0.767516 0.485612 0.773885 0.478417 0.773885 0.474820 0.777070 0.471223 0.777070 0.464029
0 0.831210 0.456835 0.828025 0.460432 0.824841 0.460432 0.824841 0.464029 0.821656 0.467626 0.821656 0.478417 0.818471 0.482014 0.818471 0.485612 0.824841 0.496403 0.834395 0.496403 0.834395 0.492806 0.837580 0.489209 0.837580 0.464029
0 0.213376 0.460432 0.213376 0.471223 0.216561 0.471223 0.219745 0.474820 0.235669 0.474820 0.235669 0.471223 0.232484 0.467626 0.229299 0.467626 0.222930 0.460432
0 0.006369 0.464029 0.003185 0.467626 0.003185 0.482014 0.006369 0.482014 0.009554 0.478417 0.009554 0.467626
0 0.436306 0.464029 0.436306 0.474820 0.439490 0.478417 0.442675 0.478417 0.445860 0.482014 0.458599 0.482014 0.458599 0.474820 0.449045 0.464029
0 0.866242 0.467626 0.859873 0.474820 0.859873 0.485612 0.866242 0.492806 0.875796 0.492806 0.878981 0.489209 0.878981 0.485612 0.882166 0.482014 0.882166 0.471223 0.878981 0.471223 0.875796 0.467626
0 0.092357 0.471223 0.089172 0.474820 0.085987 0.474820 0.085987 0.478417 0.082803 0.482014 0.092357 0.492806 0.095541 0.489209 0.098726 0.489209 0.098726 0.478417 0.101911 0.474820 0.095541 0.474820
0 0.200637 0.471223 0.194268 0.471223 0.194268 0.474820 0.191083 0.478417 0.194268 0.482014 0.191083 0.485612 0.191083 0.489209 0.197452 0.496403 0.200637 0.492806
0 0.302548 0.482014 0.299363 0.482014 0.289809 0.489209 0.289809 0.492806 0.286624 0.496403 0.286624 0.514388 0.292994 0.514388 0.296178 0.517986 0.299363 0.514388 0.302548 0.514388 0.302548 0.507194 0.305732 0.503597 0.305732 0.489209 0.302548 0.485612
0 0.617834 0.492806 0.621019 0.496403 0.621019 0.500000 0.640127 0.500000 0.643312 0.503597 0.646497 0.503597 0.649682 0.500000 0.652866 0.500000 0.652866 0.492806 0.649682 0.489209 0.640127 0.489209 0.633758 0.482014 0.630573 0.482014 0.627389 0.485612 0.624204 0.485612
0 0.777070 0.489209 0.773885 0.489209 0.767516 0.496403 0.767516 0.507194 0.773885 0.514388 0.773885 0.517986 0.770701 0.521583 0.770701 0.528777 0.777070 0.528777 0.783439 0.521583 0.783439 0.496403
0 0.210191 0.496403 0.210191 0.503597 0.213376 0.507194 0.213376 0.510791 0.216561 0.510791 0.219745 0.514388 0.222930 0.514388 0.232484 0.521583 0.245223 0.521583 0.245223 0.514388 0.242038 0.510791 0.242038 0.507194 0.235669 0.500000 0.235669 0.496403 0.232484 0.496403 0.229299 0.492806 0.213376 0.492806
0 0.675159 0.492806 0.668790 0.500000 0.668790 0.510791 0.678344 0.521583 0.684713 0.521583 0.687898 0.517986 0.687898 0.496403 0.684713 0.496403 0.681529 0.492806
0 0.738854 0.492806 0.735669 0.496403 0.735669 0.507194 0.738854 0.510791 0.738854 0.514388 0.745223 0.514388 0.748408 0.517986 0.751592 0.514388 0.754777 0.514388 0.754777 0.503597 0.745223 0.492806
0 0.353503 0.503597 0.347134 0.496403 0.340764 0.496403 0.337580 0.500000 0.334395 0.500000 0.331210 0.503597 0.331210 0.510791 0.328025 0.514388 0.328025 0.517986 0.331210 0.521583 0.343949 0.521583 0.353503 0.510791
0 0.439490 0.496403 0.436306 0.500000 0.436306 0.514388 0.442675 0.521583 0.449045 0.521583 0.455414 0.514388 0.455414 0.507194 0.452229 0.503597 0.452229 0.500000 0.449045 0.496403
0 0.570064 0.500000 0.563694 0.500000 0.557325 0.507194 0.563694 0.514388 0.566879 0.514388 0.573248 0.507194 0.573248 0.503597
0 0.474522 0.503597 0.471338 0.503597 0.468153 0.507194 0.464968 0.507194 0.464968 0.517986 0.468153 0.521583 0.474522 0.521583 0.477707 0.517986 0.477707 0.507194
0 0.856688 0.503597 0.853503 0.507194 0.850318 0.507194 0.850318 0.517986 0.853503 0.521583 0.853503 0.525180 0.856688 0.528777 0.859873 0.528777 0.863057 0.532374 0.866242 0.528777 0.869427 0.528777 0.872611 0.525180 0.872611 0.517986 0.875796 0.514388 0.875796 0.510791 0.872611 0.507194 0.869427 0.507194 0.866242 0.503597
0 0.522293 0.517986 0.519108 0.514388 0.515924 0.514388 0.512739 0.510791 0.509554 0.510791 0.506369 0.514388 0.500000 0.514388 0.493631 0.521583 0.493631 0.528777 0.500000 0.535971 0.506369 0.535971 0.509554 0.532374 0.515924 0.532374 0.519108 0.528777 0.519108 0.525180 0.522293 0.521583
0 0.643312 0.510791 0.640127 0.510791 0.636943 0.514388 0.633758 0.514388 0.630573 0.517986 0.630573 0.532374 0.633758 0.532374 0.636943 0.535971 0.640127 0.535971 0.643312 0.532374 0.646497 0.532374 0.646497 0.528777 0.649682 0.525180 0.649682 0.517986
0 0.082803 0.514388 0.070064 0.514388 0.066879 0.517986 0.063694 0.517986 0.060510 0.521583 0.060510 0.532374 0.063694 0.535971 0.073248 0.535971 0.082803 0.525180
0 0.407643 0.525180 0.401274 0.517986 0.382166 0.525180 0.375796 0.535971 0.375796 0.550360 0.394904 0.550360 0.401274 0.543165 0.404459 0.543165 0.407643 0.539568
0 0.735669 0.525180 0.729299 0.525180 0.726115 0.528777 0.722930 0.528777 0.722930 0.535971 0.719745 0.539568 0.719745 0.546763 0.722930 0.550360 0.735669 0.550360 0.738854 0.546763 0.738854 0.543165 0.742038 0.539568 0.742038 0.532374
0 0.098726 0.528777 0.098726 0.532374 0.095541 0.535971 0.095541 0.546763 0.101911 0.553957 0.105096 0.553957 0.108280 0.550360 0.114650 0.550360 0.114650 0.546763 0.117834 0.543165 0.114650 0.539568 0.114650 0.535971 0.111465 0.532374 0.108280 0.532374 0.105096 0.528777
0 0.452229 0.528777 0.452229 0.532374 0.449045 0.535971 0.449045 0.543165 0.452229 0.546763 0.452229 0.550360 0.455414 0.550360 0.458599 0.553957 0.461783 0.550360 0.464968 0.550360 0.468153 0.546763 0.468153 0.535971 0.464968 0.535971 0.458599 0.528777
0 0.898089 0.539568 0.891720 0.532374 0.888535 0.532374 0.875796 0.546763 0.875796 0.553957 0.885350 0.553957 0.888535 0.550360 0.891720 0.550360 0.898089 0.543165
0 0.012739 0.535971 0.009554 0.539568 0.012739 0.543165 0.012739 0.546763 0.015924 0.550360 0.022293 0.550360 0.022293 0.535971
0 0.420382 0.535971 0.417197 0.539568 0.417197 0.546763 0.426752 0.557554 0.436306 0.557554 0.436306 0.553957 0.439490 0.550360 0.439490 0.543165 0.433121 0.535971
0 0.267516 0.543165 0.264331 0.543165 0.261146 0.539568 0.257962 0.543165 0.254777 0.543165 0.254777 0.550360 0.264331 0.550360 0.267516 0.546763
0 0.340764 0.539568 0.337580 0.543165 0.334395 0.543165 0.334395 0.550360 0.337580 0.553957 0.340764 0.553957 0.343949 0.550360 0.343949 0.543165
0 0.662420 0.539568 0.659236 0.539568 0.656051 0.543165 0.652866 0.543165 0.649682 0.546763 0.649682 0.550360 0.646497 0.553957 0.646497 0.561151 0.649682 0.564748 0.652866 0.564748 0.656051 0.568345 0.659236 0.568345 0.662420 0.564748 0.665605 0.564748 0.668790 0.561151 0.668790 0.543165 0.665605 0.543165
0 0.512739 0.543165 0.509554 0.546763 0.506369 0.546763 0.506369 0.550360 0.503185 0.553957 0.503185 0.561151 0.506369 0.564748 0.509554 0.564748 0.512739 0.568345 0.519108 0.568345 0.525478 0.561151 0.525478 0.550360 0.522293 0.546763 0.522293 0.543165
0 0.321656 0.553957 0.315287 0.546763 0.305732 0.546763 0.305732 0.550360 0.299363 0.557554 0.296178 0.557554 0.292994 0.561151 0.292994 0.564748 0.299363 0.571942 0.312102 0.571942 0.315287 0.568345 0.318471 0.568345 0.318471 0.564748 0.321656 0.561151
0 0.041401 0.550360 0.038217 0.553957 0.038217 0.557554 0.041401 0.561151 0.041401 0.564748 0.044586 0.568345 0.050955 0.568345 0.050955 0.557554 0.047771 0.553957 0.044586 0.553957
0 0.066879 0.553957 0.066879 0.557554 0.070064 0.557554 0.073248 0.561151 0.079618 0.561151 0.082803 0.564748 0.079618 0.561151 0.079618 0.553957 0.076433 0.550360 0.070064 0.550360
0 0.754777 0.553957 0.754777 0.568345 0.757962 0.571942 0.761146 0.571942 0.764331 0.575540 0.767516 0.571942 0.770701 0.571942 0.773885 0.568345 0.777070 0.568345 0.777070 0.561151 0.770701 0.553957 0.767516 0.553957 0.764331 0.550360 0.757962 0.550360
0 0.815287 0.561151 0.805732 0.550360 0.802548 0.550360 0.799363 0.553957 0.796178 0.553957 0.792994 0.557554 0.792994 0.561151 0.789809 0.564748 0.789809 0.571942 0.792994 0.575540 0.802548 0.575540 0.805732 0.571942 0.808917 0.571942 0.812102 0.568345 0.812102 0.564748
0 0.238854 0.557554 0.229299 0.557554 0.222930 0.564748 0.222930 0.579137 0.226115 0.582734 0.229299 0.582734 0.242038 0.568345 0.242038 0.564748 0.238854 0.561151
0 0.156051 0.561151 0.156051 0.564748 0.152866 0.568345 0.156051 0.571942 0.156051 0.579137 0.162420 0.586331 0.168790 0.586331 0.171975 0.589928 0.175159 0.589928 0.178344 0.586331 0.181529 0.586331 0.181529 0.571942 0.178344 0.571942 0.168790 0.561151
0 0.404459 0.564748 0.401274 0.568345 0.404459 0.571942 0.404459 0.575540 0.417197 0.589928 0.423567 0.589928 0.423567 0.586331 0.426752 0.582734 0.426752 0.579137 0.423567 0.575540 0.423567 0.571942 0.417197 0.564748 0.414013 0.564748 0.410828 0.561151 0.407643 0.564748
0 0.611465 0.575540 0.611465 0.589928 0.614650 0.593525 0.624204 0.593525 0.627389 0.589928 0.630573 0.589928 0.633758 0.586331 0.633758 0.582734 0.630573 0.579137 0.630573 0.575540 0.627389 0.571942 0.614650 0.571942
0 0.722930 0.582734 0.722930 0.589928 0.726115 0.593525 0.745223 0.593525 0.745223 0.589928 0.748408 0.586331 0.745223 0.582734 0.745223 0.575540 0.742038 0.571942 0.732484 0.571942
0 0.907643 0.575540 0.904459 0.571942 0.901274 0.575540 0.894904 0.575540 0.891720 0.579137 0.888535 0.579137 0.888535 0.582734 0.885350 0.586331 0.891720 0.593525 0.894904 0.589928 0.901274 0.589928 0.907643 0.582734
0 0.248408 0.579137 0.248408 0.589928 0.251592 0.593525 0.254777 0.593525 0.257962 0.597122 0.261146 0.597122 0.267516 0.589928 0.267516 0.586331 0.264331 0.582734 0.264331 0.579137
0 0.372611 0.579137 0.366242 0.579137 0.359873 0.586331 0.359873 0.589928 0.356688 0.593525 0.356688 0.607914 0.359873 0.611511 0.363057 0.611511 0.366242 0.607914 0.369427 0.607914 0.372611 0.604317 0.372611 0.600719 0.375796 0.597122 0.375796 0.589928 0.378981 0.586331
0 0.563694 0.579137 0.557325 0.586331 0.557325 0.600719 0.560510 0.600719 0.563694 0.604317 0.566879 0.604317 0.570064 0.600719 0.576433 0.600719 0.579618 0.597122 0.579618 0.586331 0.573248 0.579137
0 0.143312 0.582734 0.133758 0.582734 0.127389 0.589928 0.127389 0.600719 0.130573 0.600719 0.133758 0.604317 0.136943 0.600719 0.140127 0.600719 0.143312 0.597122
0 0.410828 0.593525 0.404459 0.586331 0.401274 0.586331 0.398089 0.582734 0.394904 0.582734 0.388535 0.589928 0.388535 0.593525 0.385350 0.597122 0.385350 0.607914 0.388535 0.611511 0.394904 0.611511 0.401274 0.604317 0.404459 0.604317 0.407643 0.600719 0.410828 0.600719
0 0.506369 0.586331 0.506369 0.593525 0.509554 0.597122 0.519108 0.597122 0.525478 0.589928 0.525478 0.586331 0.522293 0.582734 0.509554 0.582734
0 0.652866 0.589928 0.649682 0.589928 0.646497 0.586331 0.643312 0.589928 0.640127 0.589928 0.630573 0.600719 0.630573 0.611511 0.640127 0.611511 0.643312 0.607914 0.646497 0.607914 0.646497 0.604317 0.652866 0.597122
0 0.047771 0.589928 0.044586 0.589928 0.041401 0.593525 0.038217 0.593525 0.031847 0.600719 0.035032 0.600719 0.038217 0.604317 0.041401 0.604317 0.047771 0.597122
0 0.815287 0.589928 0.812102 0.589928 0.808917 0.593525 0.805732 0.593525 0.805732 0.597122 0.802548 0.600719 0.802548 0.618705 0.805732 0.618705 0.808917 0.622302 0.812102 0.622302 0.818471 0.615108 0.818471 0.611511 0.821656 0.607914 0.821656 0.593525 0.818471 0.593525
0 0.286624 0.593525 0.280255 0.593525 0.270701 0.604317 0.270701 0.607914 0.277070 0.615108 0.283439 0.615108 0.286624 0.611511 0.289809 0.611511 0.289809 0.607914 0.292994 0.604317 0.292994 0.600719
0 0.449045 0.593525 0.445860 0.593525 0.442675 0.597122 0.442675 0.607914 0.449045 0.607914 0.452229 0.604317 0.452229 0.597122
0 0.149682 0.611511 0.146497 0.615108 0.146497 0.622302 0.152866 0.629496 0.162420 0.629496 0.168790 0.622302 0.168790 0.618705 0.171975 0.615108 0.165605 0.607914 0.156051 0.607914 0.152866 0.611511
0 0.777070 0.607914 0.773885 0.611511 0.773885 0.622302 0.777070 0.625899 0.786624 0.625899 0.789809 0.622302 0.789809 0.611511 0.786624 0.607914
0 0.869427 0.607914 0.853503 0.622302 0.850318 0.640288 0.853503 0.643885 0.853503 0.651079 0.863057 0.665468 0.875796 0.672662 0.885350 0.672662 0.901274 0.658273 0.907643 0.643885 0.907643 0.629496 0.904459 0.625899 0.904459 0.618705 0.891720 0.607914
0 0.079618 0.618705 0.076433 0.615108 0.073248 0.615108 0.070064 0.611511 0.066879 0.611511 0.066879 0.618705 0.063694 0.622302 0.063694 0.629496 0.070064 0.629496 0.073248 0.625899 0.076433 0.625899 0.079618 0.622302
0 0.694268 0.618705 0.694268 0.625899 0.697452 0.629496 0.713376 0.629496 0.716561 0.625899 0.719745 0.625899 0.719745 0.611511 0.697452 0.611511 0.697452 0.615108
0 0.398089 0.625899 0.398089 0.640288 0.401274 0.640288 0.404459 0.643885 0.414013 0.643885 0.417197 0.640288 0.420382 0.640288 0.423567 0.636691 0.423567 0.625899 0.420382 0.622302 0.401274 0.622302
0 0.563694 0.622302 0.560510 0.622302 0.557325 0.625899 0.557325 0.629496 0.550955 0.640288 0.547771 0.640288 0.544586 0.643885 0.535032 0.647482 0.531847 0.651079 0.531847 0.658273 0.544586 0.658273 0.547771 0.654676 0.550955 0.654676 0.557325 0.647482 0.560510 0.647482 0.560510 0.640288 0.563694 0.636691
0 0.582803 0.640288 0.582803 0.647482 0.598726 0.647482 0.601911 0.643885 0.621019 0.643885 0.624204 0.647482 0.627389 0.643885 0.630573 0.643885 0.630573 0.640288 0.624204 0.633094 0.621019 0.633094 0.617834 0.629496 0.611465 0.629496 0.608280 0.625899 0.595541 0.625899
0 0.671975 0.629496 0.668790 0.625899 0.659236 0.625899 0.656051 0.629496 0.652866 0.629496 0.649682 0.633094 0.646497 0.633094 0.643312 0.636691 0.643312 0.643885 0.646497 0.647482 0.656051 0.647482 0.659236 0.643885 0.662420 0.643885 0.665605 0.640288 0.668790 0.640288 0.668790 0.636691 0.671975 0.633094
0 0.232484 0.629496 0.229299 0.633094 0.229299 0.636691 0.235669 0.643885 0.238854 0.643885 0.242038 0.640288 0.242038 0.629496
0 0.324841 0.633094 0.321656 0.633094 0.312102 0.643885 0.312102 0.654676 0.315287 0.658273 0.318471 0.654676 0.321656 0.654676 0.324841 0.651079 0.324841 0.643885 0.328025 0.640288 0.324841 0.636691
0 0.289809 0.640288 0.280255 0.640288 0.277070 0.636691 0.273885 0.640288 0.267516 0.640288 0.261146 0.647482 0.261146 0.651079 0.257962 0.654676 0.257962 0.658273 0.264331 0.665468 0.273885 0.665468 0.277070 0.661871 0.280255 0.661871 0.286624 0.654676 0.286624 0.643885
0 0.452229 0.643885 0.445860 0.636691 0.442675 0.640288 0.436306 0.640288 0.426752 0.651079 0.426752 0.654676 0.429936 0.658273 0.429936 0.661871 0.439490 0.661871 0.442675 0.658273 0.445860 0.658273 0.452229 0.651079
