0 0.659236 0.003597 0.659236 0.007194 0.662420 0.010791 0.691083 0.010791 0.694268 0.007194 0.694268 0.003597
0 0.117834 0.032374 0.117834 0.035971 0.114650 0.039568 0.114650 0.050360 0.121019 0.057554 0.133758 0.057554 0.140127 0.050360 0.140127 0.039568 0.130573 0.028777 0.124204 0.028777 0.121019 0.032374
0 0.662420 0.111511 0.656051 0.115108 0.649682 0.125899 0.646497 0.151079 0.659236 0.183453 0.675159 0.194245 0.681529 0.194245 0.694268 0.183453 0.691083 0.133094 0.678344 0.115108
0 0.003185 0.140288 0.000000 0.147482 0.000000 0.154676 0.003185 0.158273 0.003185 0.183453 0.006369 0.187050 0.009554 0.187050 0.012739 0.183453 0.012739 0.176259 0.022293 0.169065 0.041401 0.169065 0.041401 0.161871 0.038217 0.158273 0.028662 0.154676 0.019108 0.143885
0 0.840764 0.176259 0.831210 0.176259 0.824841 0.179856 0.818471 0.187050 0.812102 0.201439 0.812102 0.208633 0.808917 0.212230 0.808917 0.233813 0.812102 0.241007 0.818471 0.244604 0.837580 0.241007 0.850318 0.226619 0.850318 0.219424 0.853503 0.215827 0.853503 0.208633 0.850318 0.205036 0.850318 0.190647
0 0.057325 0.197842 0.057325 0.205036 0.063694 0.215827 0.092357 0.233813 0.098726 0.241007 0.114650 0.241007 0.117834 0.237410 0.117834 0.230216 0.121019 0.226619 0.121019 0.208633 0.108280 0.187050 0.079618 0.179856 0.066879 0.187050
0 0.748408 0.179856 0.729299 0.197842 0.729299 0.205036 0.726115 0.208633 0.726115 0.233813 0.738854 0.244604 0.757962 0.248201 0.764331 0.244604 0.773885 0.230216 0.773885 0.208633 0.767516 0.190647 0.761146 0.183453
0 0.219745 0.183453 0.213376 0.187050 0.203822 0.201439 0.203822 0.215827 0.216561 0.233813 0.219745 0.233813 0.229299 0.244604 0.242038 0.248201 0.254777 0.233813 0.254777 0.226619 0.257962 0.223022 0.257962 0.208633 0.242038 0.187050 0.235669 0.183453
0 0.038217 0.219424 0.038217 0.230216 0.057325 0.251799 0.063694 0.251799 0.076433 0.262590 0.082803 0.262590 0.095541 0.269784 0.095541 0.262590 0.073248 0.237410 0.070064 0.237410 0.063694 0.226619 0.057325 0.226619 0.047771 0.219424
0 0.621019 0.219424 0.617834 0.223022 0.611465 0.223022 0.605096 0.230216 0.601911 0.244604 0.611465 0.269784 0.624204 0.284173 0.633758 0.287770 0.640127 0.280576 0.640127 0.273381 0.643312 0.269784 0.643312 0.230216 0.630573 0.219424
0 0.691083 0.223022 0.675159 0.226619 0.659236 0.255396 0.656051 0.273381 0.662420 0.291367 0.668790 0.294964 0.681529 0.294964 0.697452 0.276978 0.703822 0.262590 0.703822 0.255396 0.707006 0.251799 0.703822 0.233813
0 0.519108 0.241007 0.509554 0.248201 0.509554 0.255396 0.515924 0.266187 0.522293 0.294964 0.531847 0.305755 0.541401 0.305755 0.550955 0.294964 0.547771 0.262590 0.538217 0.248201 0.525478 0.241007
0 0.312102 0.287770 0.312102 0.298561 0.321656 0.316547 0.331210 0.327338 0.331210 0.330935 0.347134 0.330935 0.366242 0.320144 0.366242 0.305755 0.363057 0.302158 0.359873 0.284173 0.350318 0.273381 0.328025 0.273381
0 0.063694 0.287770 0.060510 0.291367 0.060510 0.294964 0.054140 0.305755 0.054140 0.312950 0.057325 0.316547 0.063694 0.316547 0.066879 0.320144 0.076433 0.320144 0.076433 0.312950 0.082803 0.302158 0.082803 0.291367 0.079618 0.287770
0 0.248408 0.298561 0.245223 0.305755 0.248408 0.309353 0.248408 0.316547 0.264331 0.330935 0.277070 0.338129 0.292994 0.338129 0.299363 0.330935 0.292994 0.309353 0.273885 0.291367 0.261146 0.287770
0 0.490446 0.294964 0.487261 0.298561 0.480892 0.298561 0.471338 0.309353 0.471338 0.334532 0.474522 0.338129 0.480892 0.338129 0.484076 0.341727 0.487261 0.341727 0.490446 0.338129 0.496815 0.338129 0.509554 0.327338 0.509554 0.312950 0.506369 0.309353 0.506369 0.305755 0.500000 0.298561 0.493631 0.298561
0 0.754777 0.302158 0.754777 0.309353 0.751592 0.312950 0.751592 0.316547 0.761146 0.323741 0.761146 0.334532 0.770701 0.334532 0.773885 0.330935 0.777070 0.334532 0.783439 0.327338 0.780255 0.323741 0.780255 0.320144 0.764331 0.302158
0 0.391720 0.312950 0.385350 0.320144 0.382166 0.320144 0.382166 0.323741 0.375796 0.330935 0.375796 0.338129 0.385350 0.348921 0.391720 0.348921 0.394904 0.352518 0.401274 0.352518 0.410828 0.345324 0.410828 0.341727 0.414013 0.338129 0.414013 0.327338 0.407643 0.316547 0.404459 0.316547 0.401274 0.312950
0 0.181529 0.316547 0.181529 0.323741 0.187898 0.330935 0.203822 0.330935 0.207006 0.327338 0.207006 0.323741 0.203822 0.320144 0.200637 0.320144 0.197452 0.316547
0 0.079618 0.345324 0.070064 0.352518 0.070064 0.366906 0.076433 0.377698 0.085987 0.377698 0.089172 0.374101 0.089172 0.366906 0.095541 0.356115 0.089172 0.348921 0.085987 0.348921 0.082803 0.345324
0 0.605096 0.352518 0.601911 0.352518 0.598726 0.348921 0.595541 0.352518 0.592357 0.352518 0.589172 0.356115 0.589172 0.359712 0.585987 0.363309 0.585987 0.370504 0.589172 0.374101 0.589172 0.377698 0.598726 0.377698 0.605096 0.370504
0 0.245223 0.352518 0.235669 0.352518 0.229299 0.359712 0.229299 0.370504 0.235669 0.377698 0.238854 0.374101 0.245223 0.374101 0.248408 0.370504 0.248408 0.366906 0.251592 0.363309 0.251592 0.359712
0 0.719745 0.359712 0.719745 0.366906 0.722930 0.366906 0.726115 0.370504 0.732484 0.370504 0.735669 0.366906 0.742038 0.366906 0.742038 0.356115 0.738854 0.352518 0.726115 0.352518
0 0.203822 0.356115 0.200637 0.359712 0.200637 0.370504 0.203822 0.374101 0.213376 0.374101 0.216561 0.370504 0.216561 0.359712 0.213376 0.356115
0 0.557325 0.356115 0.554140 0.359712 0.550955 0.359712 0.544586 0.366906 0.544586 0.374101 0.547771 0.377698 0.547771 0.381295 0.550955 0.381295 0.554140 0.384892 0.557325 0.384892 0.566879 0.374101 0.566879 0.366906 0.563694 0.363309 0.563694 0.359712 0.560510 0.359712
0 0.047771 0.363309 0.038217 0.374101 0.038217 0.384892 0.041401 0.388489 0.044586 0.388489 0.047771 0.392086 0.050955 0.388489 0.054140 0.388489 0.057325 0.384892 0.057325 0.370504 0.054140 0.366906 0.050955 0.366906
0 0.136943 0.363309 0.127389 0.363309 0.124204 0.366906 0.124204 0.374101 0.121019 0.377698 0.121019 0.406475 0.124204 0.410072 0.127389 0.410072 0.133758 0.402878 0.133758 0.399281 0.136943 0.395683 0.136943 0.381295 0.140127 0.377698 0.140127 0.366906
0 0.159236 0.363309 0.156051 0.366906 0.152866 0.366906 0.152866 0.370504 0.149682 0.374101 0.149682 0.392086 0.156051 0.392086 0.159236 0.388489 0.159236 0.384892 0.162420 0.381295 0.162420 0.366906
0 0.796178 0.366906 0.796178 0.370504 0.799363 0.374101 0.808917 0.374101 0.808917 0.366906 0.805732 0.363309 0.799363 0.363309
0 0.012739 0.370504 0.009554 0.370504 0.003185 0.377698 0.003185 0.388489 0.006369 0.392086 0.009554 0.388489 0.012739 0.388489 0.015924 0.384892 0.015924 0.374101
0 0.277070 0.377698 0.273885 0.381295 0.273885 0.388489 0.280255 0.395683 0.289809 0.395683 0.289809 0.384892 0.286624 0.381295 0.283439 0.381295 0.280255 0.377698
0 0.480892 0.395683 0.480892 0.399281 0.484076 0.402878 0.493631 0.402878 0.496815 0.406475 0.506369 0.406475 0.509554 0.402878 0.512739 0.402878 0.512739 0.392086 0.506369 0.384892 0.503185 0.384892 0.496815 0.377698 0.493631 0.377698 0.490446 0.381295 0.490446 0.384892
0 0.414013 0.384892 0.410828 0.388489 0.410828 0.399281 0.414013 0.402878 0.417197 0.402878 0.420382 0.406475 0.429936 0.406475 0.433121 0.402878 0.433121 0.399281 0.436306 0.395683 0.436306 0.392086 0.429936 0.384892
0 0.678344 0.384892 0.668790 0.395683 0.668790 0.399281 0.675159 0.406475 0.687898 0.406475 0.691083 0.402878 0.691083 0.388489 0.687898 0.384892
0 0.210191 0.399281 0.213376 0.402878 0.213376 0.406475 0.219745 0.406475 0.222930 0.410072 0.226115 0.410072 0.229299 0.413669 0.235669 0.413669 0.238854 0.417266 0.242038 0.413669 0.242038 0.406475 0.238854 0.402878 0.235669 0.402878 0.232484 0.399281 0.229299 0.399281 0.226115 0.395683 0.213376 0.395683
0 0.382166 0.395683 0.375796 0.402878 0.375796 0.410072 0.378981 0.413669 0.385350 0.413669 0.388535 0.410072 0.388535 0.402878
0 0.627389 0.395683 0.614650 0.410072 0.611465 0.410072 0.621019 0.420863 0.621019 0.424460 0.630573 0.435252 0.636943 0.435252 0.636943 0.420863 0.633758 0.417266 0.633758 0.406475 0.636943 0.402878 0.630573 0.395683
0 0.649682 0.399281 0.649682 0.402878 0.652866 0.406475 0.652866 0.410072 0.656051 0.413669 0.656051 0.417266 0.659236 0.420863 0.662420 0.431655 0.668790 0.438849 0.678344 0.438849 0.681529 0.435252 0.681529 0.424460 0.678344 0.420863 0.675159 0.420863 0.665605 0.410072 0.665605 0.406475 0.659236 0.399281
0 0.834395 0.406475 0.831210 0.402878 0.828025 0.402878 0.824841 0.406475 0.821656 0.406475 0.821656 0.417266 0.831210 0.417266 0.834395 0.413669
0 0.054140 0.406475 0.050955 0.410072 0.050955 0.413669 0.047771 0.417266 0.050955 0.420863 0.050955 0.424460 0.054140 0.428058 0.054140 0.431655 0.057325 0.431655 0.060510 0.435252 0.063694 0.435252 0.066879 0.431655 0.066879 0.406475
0 0.853503 0.406475 0.850318 0.410072 0.850318 0.420863 0.859873 0.431655 0.866242 0.431655 0.869427 0.428058 0.869427 0.424460 0.872611 0.420863 0.872611 0.413669 0.866242 0.406475
0 0.754777 0.413669 0.754777 0.417266 0.751592 0.420863 0.751592 0.424460 0.754777 0.428058 0.754777 0.431655 0.757962 0.435252 0.770701 0.435252 0.773885 0.431655 0.777070 0.431655 0.777070 0.428058 0.780255 0.424460 0.777070 0.420863 0.777070 0.417266 0.773885 0.413669 0.770701 0.413669 0.767516 0.410072 0.757962 0.410072
0 0.213376 0.420863 0.210191 0.424460 0.210191 0.428058 0.213376 0.431655 0.213376 0.435252 0.219745 0.442446 0.222930 0.442446 0.226115 0.446043 0.229299 0.446043 0.235669 0.438849 0.235669 0.431655 0.232484 0.428058 0.229299 0.428058 0.222930 0.420863
0 0.417197 0.424460 0.417197 0.431655 0.420382 0.435252 0.420382 0.438849 0.423567 0.442446 0.426752 0.442446 0.429936 0.446043 0.436306 0.446043 0.439490 0.442446 0.442675 0.442446 0.442675 0.438849 0.445860 0.435252 0.442675 0.431655 0.442675 0.428058 0.439490 0.424460 0.436306 0.424460 0.433121 0.420863 0.423567 0.420863 0.420382 0.424460
0 0.560510 0.420863 0.554140 0.428058 0.554140 0.435252 0.560510 0.442446 0.573248 0.442446 0.579618 0.435252 0.579618 0.431655 0.570064 0.420863
0 0.156051 0.424460 0.156051 0.431655 0.168790 0.446043 0.171975 0.446043 0.171975 0.428058 0.168790 0.424460
0 0.525478 0.424460 0.519108 0.424460 0.515924 0.428058 0.515924 0.449640 0.519108 0.453237 0.522293 0.453237 0.525478 0.449640 0.528662 0.449640 0.535032 0.442446 0.535032 0.435252
0 0.697452 0.435252 0.697452 0.446043 0.700637 0.449640 0.703822 0.449640 0.707006 0.453237 0.716561 0.453237 0.719745 0.449640 0.722930 0.449640 0.722930 0.446043 0.726115 0.442446 0.722930 0.438849 0.722930 0.435252 0.716561 0.428058 0.707006 0.428058 0.703822 0.431655 0.700637 0.431655
0 0.815287 0.435252 0.815287 0.442446 0.821656 0.449640 0.828025 0.449640 0.831210 0.446043 0.828025 0.442446 0.828025 0.438849 0.824841 0.438849 0.821656 0.435252
0 0.595541 0.449640 0.595541 0.467626 0.601911 0.474820 0.611465 0.474820 0.614650 0.471223 0.614650 0.467626 0.617834 0.464029 0.617834 0.460432 0.614650 0.456835 0.614650 0.453237 0.611465 0.449640 0.605096 0.449640 0.601911 0.446043 0.598726 0.449640
0 0.257962 0.449640 0.257962 0.456835 0.261146 0.460432 0.264331 0.460432 0.270701 0.453237 0.270701 0.449640
0 0.786624 0.449640 0.786624 0.453237 0.783439 0.456835 0.783439 0.474820 0.786624 0.474820 0.789809 0.478417 0.799363 0.478417 0.802548 0.474820 0.802548 0.460432 0.792994 0.449640
0 0.398089 0.456835 0.398089 0.460432 0.410828 0.474820 0.423567 0.474820 0.423567 0.464029 0.417197 0.456835 0.414013 0.456835 0.410828 0.453237 0.401274 0.453237
0 0.130573 0.460432 0.127389 0.460432 0.124204 0.456835 0.121019 0.460432 0.114650 0.460432 0.114650 0.464029 0.111465 0.467626 0.114650 0.471223 0.121019 0.471223
0 0.656051 0.467626 0.649682 0.460432 0.636943 0.460432 0.633758 0.464029 0.627389 0.464029 0.621019 0.471223 0.621019 0.474820 0.624204 0.478417 0.624204 0.482014 0.630573 0.482014 0.633758 0.485612 0.640127 0.485612 0.646497 0.478417 0.652866 0.478417 0.656051 0.474820
0 0.439490 0.478417 0.449045 0.489209 0.452229 0.489209 0.455414 0.492806 0.468153 0.492806 0.471338 0.489209 0.471338 0.482014 0.464968 0.474820 0.461783 0.474820 0.455414 0.467626 0.445860 0.467626 0.442675 0.471223 0.442675 0.474820
0 0.041401 0.474820 0.041401 0.482014 0.044586 0.485612 0.047771 0.485612 0.050955 0.489209 0.054140 0.485612 0.060510 0.485612 0.063694 0.482014 0.063694 0.478417 0.057325 0.471223 0.044586 0.471223
0 0.197452 0.471223 0.194268 0.474820 0.194268 0.485612 0.197452 0.489209 0.197452 0.496403 0.200637 0.500000 0.200637 0.503597 0.219745 0.510791 0.222930 0.507194 0.222930 0.503597 0.219745 0.500000 0.216561 0.489209 0.203822 0.471223
0 0.850318 0.474820 0.850318 0.478417 0.847134 0.482014 0.850318 0.485612 0.850318 0.492806 0.853503 0.496403 0.856688 0.496403 0.866242 0.507194 0.869427 0.507194 0.872611 0.503597 0.875796 0.503597 0.875796 0.485612 0.866242 0.474820 0.859873 0.474820 0.856688 0.471223 0.853503 0.474820
0 0.554140 0.474820 0.550955 0.478417 0.550955 0.485612 0.554140 0.489209 0.557325 0.489209 0.560510 0.485612 0.560510 0.478417 0.557325 0.474820
0 0.761146 0.474820 0.761146 0.489209 0.767516 0.496403 0.770701 0.496403 0.773885 0.492806 0.773885 0.485612 0.770701 0.482014 0.770701 0.478417 0.767516 0.474820
0 0.277070 0.482014 0.277070 0.492806 0.280255 0.496403 0.283439 0.496403 0.286624 0.500000 0.299363 0.500000 0.302548 0.496403 0.302548 0.485612 0.299363 0.482014 0.296178 0.482014 0.292994 0.478417 0.280255 0.478417
0 0.726115 0.478417 0.719745 0.485612 0.719745 0.489209 0.722930 0.492806 0.722930 0.496403 0.735669 0.496403 0.738854 0.492806 0.738854 0.485612 0.742038 0.482014 0.738854 0.478417
0 0.700637 0.489209 0.697452 0.492806 0.694268 0.492806 0.691083 0.496403 0.691083 0.507194 0.694268 0.510791 0.694268 0.514388 0.707006 0.514388 0.707006 0.492806 0.703822 0.492806
0 0.828025 0.489209 0.824841 0.492806 0.824841 0.514388 0.828025 0.517986 0.837580 0.517986 0.840764 0.514388 0.840764 0.496403 0.837580 0.492806 0.837580 0.489209
0 0.143312 0.492806 0.143312 0.503597 0.146497 0.507194 0.146497 0.510791 0.149682 0.514388 0.159236 0.514388 0.162420 0.510791 0.159236 0.507194 0.159236 0.503597 0.152866 0.496403 0.149682 0.496403 0.146497 0.492806
0 0.519108 0.496403 0.512739 0.503597 0.512739 0.525180 0.515924 0.528777 0.525478 0.528777 0.528662 0.525180 0.528662 0.521583 0.531847 0.517986 0.531847 0.507194 0.528662 0.503597 0.528662 0.500000 0.525478 0.500000 0.522293 0.496403
0 0.573248 0.496403 0.570064 0.500000 0.570064 0.507194 0.573248 0.510791 0.573248 0.517986 0.579618 0.525180 0.582803 0.525180 0.585987 0.528777 0.592357 0.528777 0.598726 0.521583 0.598726 0.510791 0.592357 0.503597 0.589172 0.503597 0.579618 0.496403
0 0.487261 0.507194 0.484076 0.503597 0.480892 0.507194 0.477707 0.507194 0.471338 0.514388 0.464968 0.514388 0.458599 0.521583 0.458599 0.528777 0.461783 0.532374 0.471338 0.532374 0.477707 0.525180 0.480892 0.525180 0.487261 0.517986
0 0.792994 0.503597 0.792994 0.507194 0.789809 0.510791 0.789809 0.514388 0.796178 0.521583 0.802548 0.521583 0.805732 0.517986 0.805732 0.510791 0.808917 0.507194 0.805732 0.503597
0 0.089172 0.507194 0.085987 0.510791 0.085987 0.517986 0.095541 0.528777 0.095541 0.535971 0.098726 0.539568 0.105096 0.539568 0.105096 0.535971 0.108280 0.532374 0.108280 0.517986 0.098726 0.507194
0 0.073248 0.517986 0.066879 0.517986 0.063694 0.521583 0.063694 0.525180 0.060510 0.528777 0.060510 0.539568 0.073248 0.539568 0.073248 0.535971 0.076433 0.532374 0.076433 0.521583
0 0.681529 0.525180 0.675159 0.517986 0.668790 0.517986 0.665605 0.521583 0.662420 0.521583 0.659236 0.525180 0.659236 0.539568 0.675159 0.539568 0.681529 0.532374
0 0.433121 0.521583 0.429936 0.525180 0.429936 0.535971 0.433121 0.539568 0.442675 0.539568 0.445860 0.535971 0.445860 0.525180 0.442675 0.521583
0 0.885350 0.525180 0.885350 0.528777 0.882166 0.532374 0.882166 0.550360 0.888535 0.557554 0.894904 0.557554 0.898089 0.553957 0.901274 0.553957 0.901274 0.550360 0.904459 0.546763 0.904459 0.535971 0.894904 0.525180
0 0.560510 0.532374 0.557325 0.535971 0.560510 0.539568 0.560510 0.546763 0.563694 0.550360 0.570064 0.550360 0.570064 0.543165 0.566879 0.539568 0.566879 0.535971 0.563694 0.532374
0 0.840764 0.535971 0.840764 0.539568 0.847134 0.546763 0.850318 0.543165 0.856688 0.550360 0.856688 0.553957 0.866242 0.553957 0.866242 0.546763 0.863057 0.546763 0.859873 0.543165 0.859873 0.539568 0.853503 0.532374 0.843949 0.532374
0 0.764331 0.539568 0.761146 0.543165 0.761146 0.564748 0.767516 0.571942 0.773885 0.571942 0.777070 0.568345 0.777070 0.564748 0.780255 0.561151 0.780255 0.550360 0.777070 0.546763 0.777070 0.543165 0.773885 0.539568
0 0.216561 0.543165 0.203822 0.543165 0.197452 0.550360 0.197452 0.564748 0.200637 0.564748 0.203822 0.568345 0.210191 0.568345 0.213376 0.564748 0.216561 0.564748 0.222930 0.557554 0.222930 0.550360
0 0.343949 0.543165 0.343949 0.553957 0.350318 0.561151 0.350318 0.568345 0.353503 0.571942 0.353503 0.575540 0.356688 0.575540 0.363057 0.568345 0.363057 0.557554 0.359873 0.557554 0.353503 0.550360 0.353503 0.546763 0.350318 0.543165
0 0.407643 0.543165 0.398089 0.543165 0.391720 0.550360 0.391720 0.553957 0.385350 0.561151 0.385350 0.571942 0.388535 0.575540 0.401274 0.575540 0.410828 0.564748 0.410828 0.561151 0.414013 0.557554 0.414013 0.550360
0 0.528662 0.546763 0.528662 0.550360 0.525478 0.553957 0.525478 0.557554 0.528662 0.561151 0.528662 0.564748 0.538217 0.564748 0.541401 0.568345 0.554140 0.568345 0.554140 0.557554 0.550955 0.553957 0.550955 0.550360 0.547771 0.546763 0.547771 0.543165 0.531847 0.543165
0 0.598726 0.543165 0.598726 0.561151 0.605096 0.568345 0.614650 0.568345 0.617834 0.564748 0.617834 0.553957 0.608280 0.543165
0 0.477707 0.546763 0.474522 0.550360 0.471338 0.550360 0.468153 0.553957 0.468153 0.564748 0.471338 0.568345 0.477707 0.568345 0.480892 0.571942 0.484076 0.571942 0.487261 0.568345 0.490446 0.568345 0.490446 0.550360 0.487261 0.550360 0.484076 0.546763
0 0.136943 0.561151 0.136943 0.568345 0.140127 0.571942 0.140127 0.575540 0.143312 0.575540 0.146497 0.579137 0.156051 0.579137 0.159236 0.575540 0.165605 0.575540 0.171975 0.568345 0.171975 0.564748 0.168790 0.561151 0.168790 0.557554 0.159236 0.550360 0.149682 0.550360 0.146497 0.553957 0.143312 0.553957
0 0.442675 0.550360 0.436306 0.557554 0.436306 0.568345 0.439490 0.571942 0.439490 0.575540 0.442675 0.579137 0.445860 0.579137 0.449045 0.582734 0.455414 0.582734 0.455414 0.579137 0.458599 0.575540 0.458599 0.561151 0.449045 0.550360
0 0.025478 0.553957 0.012739 0.553957 0.009554 0.557554 0.009554 0.561151 0.006369 0.564748 0.006369 0.593525 0.009554 0.589928 0.019108 0.586331 0.031847 0.568345 0.031847 0.561151
0 0.235669 0.553957 0.232484 0.557554 0.232484 0.575540 0.238854 0.582734 0.245223 0.582734 0.248408 0.579137 0.248408 0.571942 0.245223 0.568345 0.245223 0.557554 0.242038 0.553957
0 0.257962 0.557554 0.264331 0.579137 0.267516 0.579137 0.273885 0.586331 0.286624 0.586331 0.289809 0.582734 0.292994 0.582734 0.292994 0.579137 0.296178 0.575540 0.296178 0.571942 0.292994 0.568345 0.289809 0.568345 0.286624 0.564748 0.280255 0.564748 0.264331 0.553957 0.261146 0.553957
0 0.675159 0.553957 0.662420 0.553957 0.659236 0.557554 0.656051 0.557554 0.656051 0.561151 0.652866 0.564748 0.652866 0.575540 0.659236 0.582734 0.668790 0.582734 0.678344 0.571942 0.678344 0.568345 0.681529 0.564748 0.681529 0.561151
0 0.732484 0.561151 0.729299 0.564748 0.729299 0.568345 0.726115 0.571942 0.726115 0.575540 0.729299 0.579137 0.729299 0.582734 0.735669 0.589928 0.742038 0.589928 0.748408 0.582734 0.748408 0.568345 0.742038 0.561151
0 0.063694 0.568345 0.063694 0.571942 0.066879 0.575540 0.079618 0.575540 0.079618 0.568345 0.076433 0.564748 0.070064 0.564748 0.066879 0.568345
0 0.697452 0.568345 0.691083 0.568345 0.687898 0.571942 0.684713 0.571942 0.684713 0.579137 0.681529 0.582734 0.681529 0.589928 0.684713 0.593525 0.684713 0.597122 0.691083 0.597122 0.694268 0.593525 0.697452 0.593525 0.700637 0.589928 0.700637 0.586331 0.703822 0.582734 0.703822 0.575540
0 0.579618 0.575540 0.579618 0.579137 0.576433 0.582734 0.576433 0.589928 0.579618 0.589928 0.582803 0.593525 0.592357 0.593525 0.595541 0.589928 0.595541 0.579137 0.592357 0.575540
0 0.866242 0.579137 0.863057 0.582734 0.863057 0.586331 0.859873 0.589928 0.859873 0.600719 0.866242 0.607914 0.872611 0.607914 0.878981 0.600719 0.878981 0.589928 0.875796 0.586331 0.875796 0.582734 0.872611 0.579137
0 0.426752 0.582734 0.423567 0.586331 0.423567 0.597122 0.426752 0.600719 0.426752 0.604317 0.436306 0.604317 0.439490 0.600719 0.439490 0.593525 0.436306 0.589928 0.436306 0.586331 0.433121 0.586331 0.429936 0.582734
0 0.757962 0.586331 0.757962 0.597122 0.761146 0.600719 0.770701 0.600719 0.773885 0.597122 0.773885 0.589928 0.770701 0.586331 0.770701 0.582734 0.764331 0.582734 0.761146 0.586331
0 0.828025 0.582734 0.824841 0.582734 0.821656 0.586331 0.818471 0.586331 0.815287 0.589928 0.812102 0.589928 0.805732 0.597122 0.805732 0.604317 0.812102 0.611511 0.818471 0.611511 0.824841 0.604317 0.824841 0.600719 0.828025 0.597122 0.828025 0.593525 0.831210 0.589928 0.828025 0.586331
0 0.847134 0.582734 0.843949 0.586331 0.840764 0.586331 0.834395 0.593525 0.834395 0.600719 0.831210 0.604317 0.831210 0.611511 0.837580 0.618705 0.840764 0.618705 0.843949 0.615108 0.843949 0.611511 0.847134 0.607914 0.847134 0.600719 0.850318 0.597122 0.850318 0.589928 0.847134 0.586331
0 0.461783 0.589928 0.458599 0.593525 0.458599 0.600719 0.461783 0.604317 0.468153 0.604317 0.468153 0.600719 0.471338 0.597122 0.468153 0.593525 0.468153 0.589928 0.464968 0.593525
0 0.146497 0.600719 0.146497 0.607914 0.149682 0.611511 0.171975 0.611511 0.178344 0.604317 0.178344 0.597122 0.175159 0.593525 0.156051 0.593525 0.152866 0.597122 0.149682 0.597122
0 0.707006 0.593525 0.707006 0.618705 0.710191 0.622302 0.719745 0.622302 0.722930 0.618705 0.722930 0.600719 0.716561 0.593525
0 0.898089 0.593525 0.888535 0.593525 0.885350 0.597122 0.888535 0.600719 0.885350 0.604317 0.885350 0.615108 0.888535 0.618705 0.891720 0.618705 0.898089 0.611511
0 0.372611 0.597122 0.366242 0.607914 0.366242 0.625899 0.372611 0.633094 0.378981 0.633094 0.385350 0.625899 0.388535 0.625899 0.388535 0.611511 0.385350 0.607914 0.385350 0.604317 0.378981 0.597122
0 0.226115 0.600719 0.213376 0.600719 0.207006 0.611511 0.207006 0.625899 0.213376 0.633094 0.219745 0.633094 0.229299 0.622302 0.229299 0.615108 0.232484 0.611511 0.232484 0.604317 0.229299 0.604317
0 0.238854 0.600719 0.235669 0.604317 0.235669 0.611511 0.238854 0.615108 0.238854 0.618705 0.242038 0.622302 0.242038 0.625899 0.248408 0.633094 0.254777 0.633094 0.257962 0.629496 0.257962 0.604317 0.254777 0.600719
0 0.617834 0.600719 0.614650 0.604317 0.611465 0.604317 0.611465 0.618705 0.621019 0.629496 0.621019 0.633094 0.627389 0.633094 0.633758 0.625899 0.633758 0.607914 0.627389 0.600719
0 0.273885 0.611511 0.270701 0.615108 0.273885 0.618705 0.273885 0.633094 0.277070 0.636691 0.277070 0.640288 0.280255 0.643885 0.283439 0.643885 0.286624 0.640288 0.286624 0.629496 0.283439 0.625899 0.283439 0.615108 0.280255 0.611511
0 0.445860 0.618705 0.445860 0.629496 0.449045 0.633094 0.461783 0.633094 0.464968 0.629496 0.464968 0.625899 0.458599 0.618705 0.455414 0.618705 0.452229 0.615108 0.449045 0.618705
0 0.662420 0.622302 0.656051 0.629496 0.656051 0.647482 0.662420 0.654676 0.671975 0.654676 0.678344 0.647482 0.678344 0.636691 0.675159 0.633094 0.675159 0.629496 0.668790 0.622302
0 0.742038 0.622302 0.735669 0.629496 0.735669 0.633094 0.732484 0.636691 0.732484 0.640288 0.735669 0.643885 0.735669 0.647482 0.738854 0.651079 0.742038 0.651079 0.745223 0.654676 0.748408 0.654676 0.757962 0.643885 0.757962 0.629496 0.751592 0.622302
0 0.525478 0.629496 0.522293 0.629496 0.519108 0.625899 0.515924 0.625899 0.512739 0.629496 0.509554 0.629496 0.506369 0.633094 0.506369 0.647482 0.522293 0.647482 0.525478 0.643885
0 0.585987 0.629496 0.582803 0.633094 0.582803 0.643885 0.585987 0.647482 0.589172 0.647482 0.592357 0.651079 0.598726 0.651079 0.601911 0.654676 0.605096 0.654676 0.608280 0.651079 0.608280 0.640288 0.601911 0.633094 0.598726 0.633094 0.595541 0.629496
0 0.799363 0.629496 0.796178 0.633094 0.796178 0.636691 0.792994 0.640288 0.792994 0.647482 0.796178 0.651079 0.796178 0.654676 0.799363 0.658273 0.805732 0.658273 0.808917 0.654676 0.808917 0.651079 0.812102 0.647482 0.812102 0.636691 0.805732 0.629496
0 0.076433 0.640288 0.070064 0.647482 0.070064 0.651079 0.073248 0.654676 0.073248 0.665468 0.076433 0.669065 0.076433 0.672662 0.085987 0.683453 0.092357 0.683453 0.095541 0.679856 0.095541 0.665468 0.092357 0.661871 0.092357 0.658273 0.082803 0.647482 0.082803 0.643885 0.079618 0.643885
0 0.401274 0.640288 0.391720 0.651079 0.391720 0.672662 0.394904 0.676259 0.394904 0.690647 0.401274 0.697842 0.410828 0.697842 0.410828 0.694245 0.414013 0.690647 0.414013 0.658273 0.410828 0.654676 0.410828 0.647482 0.404459 0.640288
0 0.773885 0.647482 0.773885 0.654676 0.780255 0.661871 0.780255 0.665468 0.783439 0.665468 0.786624 0.661871 0.780255 0.654676 0.780255 0.647482
0 0.853503 0.647482 0.847134 0.654676 0.847134 0.672662 0.850318 0.676259 0.859873 0.676259 0.866242 0.669065 0.866242 0.654676 0.859873 0.647482
0 0.003185 0.651079 0.000000 0.654676 0.000000 0.679856 0.003185 0.683453 0.003185 0.687050 0.009554 0.687050 0.012739 0.683453 0.012739 0.676259 0.015924 0.672662 0.015924 0.665468 0.012739 0.661871 0.012739 0.658273 0.006369 0.651079
0 0.503185 0.651079 0.496815 0.658273 0.496815 0.672662 0.503185 0.679856 0.512739 0.679856 0.515924 0.676259 0.515924 0.669065 0.509554 0.661871 0.509554 0.654676 0.506369 0.651079
0 0.713376 0.651079 0.703822 0.651079 0.703822 0.654676 0.700637 0.658273 0.700637 0.665468 0.694268 0.672662 0.694268 0.679856 0.691083 0.683453 0.694268 0.687050 0.697452 0.687050 0.703822 0.679856 0.703822 0.676259 0.707006 0.672662 0.707006 0.669065 0.710191 0.665468 0.713376 0.665468 0.713376 0.658273 0.716561 0.654676
0 0.216561 0.665468 0.216561 0.672662 0.219745 0.676259 0.219745 0.679856 0.229299 0.687050 0.235669 0.687050 0.238854 0.683453 0.245223 0.683453 0.248408 0.679856 0.248408 0.669065 0.245223 0.669065 0.242038 0.665468 0.232484 0.665468 0.229299 0.661871 0.219745 0.661871
0 0.315287 0.661871 0.312102 0.665468 0.312102 0.676259 0.324841 0.701439 0.324841 0.712230 0.328025 0.715827 0.334395 0.715827 0.334395 0.694245 0.331210 0.690647 0.331210 0.683453 0.328025 0.679856 0.324841 0.669065 0.318471 0.661871
0 0.643312 0.661871 0.636943 0.661871 0.636943 0.665468 0.633758 0.669065 0.633758 0.672662 0.630573 0.676259 0.630573 0.679856 0.627389 0.683453 0.627389 0.687050 0.636943 0.687050 0.636943 0.683453 0.640127 0.679856 0.640127 0.676259 0.646497 0.669065 0.643312 0.665468
0 0.547771 0.665468 0.544586 0.665468 0.541401 0.669065 0.538217 0.669065 0.538217 0.672662 0.535032 0.676259 0.538217 0.679856 0.538217 0.683453 0.541401 0.683453 0.544586 0.679856 0.547771 0.679856 0.550955 0.676259 0.550955 0.669065
0 0.579618 0.665468 0.576433 0.669065 0.576433 0.679856 0.579618 0.683453 0.579618 0.687050 0.585987 0.694245 0.585987 0.697842 0.589172 0.697842 0.592357 0.701439 0.598726 0.701439 0.601911 0.697842 0.601911 0.687050 0.598726 0.683453 0.598726 0.679856 0.585987 0.665468
0 0.719745 0.665468 0.716561 0.669065 0.716561 0.683453 0.719745 0.687050 0.719745 0.690647 0.722930 0.690647 0.726115 0.694245 0.729299 0.690647 0.732484 0.690647 0.732484 0.672662 0.726115 0.665468
0 0.888535 0.665468 0.885350 0.669065 0.885350 0.676259 0.882166 0.679856 0.882166 0.683453 0.891720 0.694245 0.901274 0.694245 0.907643 0.687050 0.907643 0.679856 0.904459 0.676259 0.904459 0.672662 0.898089 0.665468
0 0.761146 0.672662 0.757962 0.676259 0.754777 0.676259 0.754777 0.694245 0.761146 0.701439 0.767516 0.701439 0.770701 0.697842 0.770701 0.679856 0.767516 0.676259 0.764331 0.676259
0 0.668790 0.683453 0.662420 0.690647 0.662420 0.694245 0.665605 0.697842 0.665605 0.701439 0.668790 0.701439 0.671975 0.705036 0.678344 0.697842 0.678344 0.694245
0 0.805732 0.683453 0.802548 0.687050 0.802548 0.694245 0.805732 0.697842 0.805732 0.701439 0.812102 0.708633 0.818471 0.708633 0.818471 0.705036 0.821656 0.701439 0.818471 0.697842 0.818471 0.694245 0.808917 0.683453
0 0.363057 0.687050 0.359873 0.687050 0.356688 0.690647 0.353503 0.690647 0.353503 0.694245 0.350318 0.697842 0.350318 0.712230 0.353503 0.715827 0.366242 0.715827 0.369427 0.712230 0.369427 0.694245
0 0.506369 0.701439 0.503185 0.701439 0.500000 0.697842 0.484076 0.697842 0.484076 0.708633 0.487261 0.712230 0.484076 0.715827 0.484076 0.726619 0.490446 0.726619 0.493631 0.723022 0.496815 0.723022 0.506369 0.712230
0 0.633758 0.697842 0.624204 0.705036 0.624204 0.719424 0.633758 0.730216 0.643312 0.730216 0.652866 0.723022 0.652866 0.715827 0.646497 0.705036 0.643312 0.705036
0 0.850318 0.701439 0.850318 0.712230 0.856688 0.719424 0.866242 0.719424 0.869427 0.715827 0.872611 0.715827 0.875796 0.712230 0.875796 0.708633 0.872611 0.705036 0.872611 0.701439 0.869427 0.701439 0.866242 0.697842 0.856688 0.697842 0.853503 0.701439
0 0.735669 0.701439 0.735669 0.705036 0.732484 0.708633 0.732484 0.712230 0.738854 0.719424 0.745223 0.719424 0.751592 0.712230 0.751592 0.705036 0.748408 0.701439
0 0.531847 0.705036 0.528662 0.708633 0.528662 0.715827 0.531847 0.719424 0.531847 0.723022 0.547771 0.741007 0.550955 0.741007 0.554140 0.737410 0.554140 0.719424 0.544586 0.708633 0.541401 0.708633 0.538217 0.705036
0 0.898089 0.726619 0.894904 0.723022 0.891720 0.723022 0.888535 0.719424 0.885350 0.723022 0.878981 0.723022 0.875796 0.726619 0.875796 0.737410 0.872611 0.741007 0.875796 0.741007 0.878981 0.744604 0.891720 0.744604 0.894904 0.741007 0.898089 0.741007
0 0.570064 0.726619 0.570064 0.730216 0.566879 0.733813 0.566879 0.741007 0.570064 0.744604 0.579618 0.744604 0.579618 0.741007 0.582803 0.737410 0.582803 0.730216 0.579618 0.726619
0 0.681529 0.726619 0.675159 0.726619 0.671975 0.730216 0.668790 0.730216 0.662420 0.737410 0.662420 0.751799 0.671975 0.758993 0.675159 0.755396 0.678344 0.755396 0.687898 0.744604 0.687898 0.741007 0.691083 0.737410 0.687898 0.733813 0.687898 0.730216 0.684713 0.730216
0 0.761146 0.726619 0.757962 0.730216 0.757962 0.744604 0.764331 0.751799 0.767516 0.751799 0.770701 0.748201 0.773885 0.748201 0.777070 0.744604 0.777070 0.733813 0.770701 0.726619
0 0.280255 0.730216 0.277070 0.733813 0.277070 0.737410 0.280255 0.741007 0.283439 0.741007 0.286624 0.744604 0.289809 0.744604 0.292994 0.741007 0.292994 0.733813 0.289809 0.730216
0 0.308917 0.730216 0.308917 0.741007 0.312102 0.744604 0.312102 0.748201 0.328025 0.766187 0.337580 0.766187 0.337580 0.758993 0.340764 0.755396 0.334395 0.748201 0.331210 0.748201 0.328025 0.744604 0.324841 0.733813 0.321656 0.730216
0 0.003185 0.741007 0.003185 0.780576 0.006369 0.784173 0.009554 0.784173 0.012739 0.780576 0.012739 0.758993 0.009554 0.755396 0.015924 0.748201 0.012739 0.744604 0.012739 0.741007
0 0.070064 0.741007 0.063694 0.748201 0.063694 0.769784 0.066879 0.773381 0.066879 0.784173 0.073248 0.791367 0.082803 0.791367 0.082803 0.787770 0.085987 0.784173 0.085987 0.780576 0.082803 0.776978 0.082803 0.769784 0.085987 0.766187 0.085987 0.748201 0.079618 0.741007
0 0.828025 0.741007 0.824841 0.744604 0.824841 0.762590 0.828025 0.766187 0.828025 0.769784 0.834395 0.776978 0.837580 0.776978 0.840764 0.773381 0.843949 0.773381 0.843949 0.748201 0.837580 0.741007
0 0.420382 0.744604 0.417197 0.748201 0.417197 0.755396 0.423567 0.762590 0.426752 0.762590 0.433121 0.755396 0.433121 0.748201 0.429936 0.744604
0 0.646497 0.748201 0.646497 0.758993 0.649682 0.762590 0.649682 0.776978 0.652866 0.780576 0.656051 0.780576 0.662420 0.773381 0.662420 0.766187 0.659236 0.762590 0.659236 0.758993 0.656051 0.755396 0.656051 0.751799 0.652866 0.748201
0 0.729299 0.748201 0.726115 0.751799 0.726115 0.766187 0.732484 0.773381 0.735669 0.773381 0.738854 0.776978 0.748408 0.776978 0.751592 0.773381 0.751592 0.762590 0.745223 0.755396 0.745223 0.751799 0.738854 0.751799 0.735669 0.748201
0 0.372611 0.758993 0.372611 0.776978 0.369427 0.780576 0.372611 0.784173 0.375796 0.784173 0.375796 0.769784 0.378981 0.766187 0.378981 0.762590 0.375796 0.758993
0 0.579618 0.762590 0.579618 0.769784 0.585987 0.780576 0.589172 0.780576 0.598726 0.787770 0.608280 0.787770 0.611465 0.784173 0.611465 0.776978 0.608280 0.773381 0.605096 0.773381 0.592357 0.758993 0.582803 0.758993
0 0.394904 0.762590 0.391720 0.766187 0.391720 0.784173 0.394904 0.787770 0.394904 0.791367 0.398089 0.794964 0.404459 0.794964 0.407643 0.791367 0.407643 0.776978 0.404459 0.773381 0.404459 0.769784 0.398089 0.762590
0 0.484076 0.762590 0.477707 0.762590 0.474522 0.766187 0.471338 0.766187 0.471338 0.776978 0.474522 0.780576 0.477707 0.780576 0.480892 0.784173 0.484076 0.780576 0.487261 0.780576 0.493631 0.773381 0.493631 0.769784 0.490446 0.766187 0.487261 0.766187
0 0.703822 0.766187 0.700637 0.766187 0.697452 0.762590 0.694268 0.766187 0.691083 0.766187 0.684713 0.773381 0.684713 0.780576 0.687898 0.784173 0.687898 0.787770 0.700637 0.787770 0.703822 0.784173
0 0.767516 0.769784 0.767516 0.787770 0.770701 0.791367 0.786624 0.791367 0.786624 0.787770 0.789809 0.784173 0.789809 0.773381 0.783439 0.766187 0.773885 0.766187 0.770701 0.769784
0 0.439490 0.773381 0.429936 0.773381 0.426752 0.776978 0.426752 0.780576 0.423567 0.784173 0.423567 0.794964 0.426752 0.798561 0.429936 0.798561 0.433121 0.794964 0.433121 0.791367 0.436306 0.787770 0.436306 0.784173 0.439490 0.780576
0 0.464968 0.780576 0.461783 0.780576 0.458599 0.784173 0.458599 0.802158 0.455414 0.805755 0.455414 0.816547 0.458599 0.820144 0.461783 0.816547 0.461783 0.812950 0.464968 0.809353 0.464968 0.805755 0.468153 0.802158 0.468153 0.798561 0.471338 0.794964 0.471338 0.787770
0 0.522293 0.791367 0.528662 0.798561 0.531847 0.794964 0.538217 0.794964 0.541401 0.791367 0.541401 0.784173 0.528662 0.784173
0 0.729299 0.787770 0.726115 0.791367 0.726115 0.802158 0.732484 0.809353 0.738854 0.809353 0.745223 0.802158 0.745223 0.791367 0.742038 0.787770
0 0.815287 0.787770 0.812102 0.791367 0.808917 0.791367 0.805732 0.794964 0.805732 0.809353 0.812102 0.816547 0.821656 0.816547 0.824841 0.812950 0.824841 0.809353 0.828025 0.805755 0.828025 0.798561 0.824841 0.794964 0.824841 0.791367 0.818471 0.791367
0 0.668790 0.798561 0.662420 0.798561 0.649682 0.812950 0.649682 0.820144 0.646497 0.823741 0.646497 0.827338 0.649682 0.830935 0.659236 0.830935 0.662420 0.827338 0.662420 0.823741 0.665605 0.820144 0.665605 0.816547 0.668790 0.812950
0 0.222930 0.805755 0.222930 0.834532 0.226115 0.838129 0.232484 0.838129 0.232484 0.827338 0.229299 0.823741 0.229299 0.805755
0 0.248408 0.805755 0.245223 0.809353 0.245223 0.816547 0.251592 0.827338 0.251592 0.845324 0.254777 0.848921 0.254777 0.852518 0.264331 0.852518 0.264331 0.841727 0.261146 0.838129 0.261146 0.830935 0.257962 0.827338 0.257962 0.820144 0.254777 0.816547 0.254777 0.812950
0 0.684713 0.816547 0.691083 0.827338 0.697452 0.827338 0.700637 0.830935 0.703822 0.830935 0.707006 0.827338 0.713376 0.827338 0.716561 0.823741 0.716561 0.816547 0.707006 0.805755 0.691083 0.805755
0 0.764331 0.805755 0.764331 0.820144 0.767516 0.823741 0.777070 0.823741 0.777070 0.820144 0.780255 0.816547 0.777070 0.812950 0.777070 0.809353 0.773885 0.809353 0.770701 0.805755
0 0.414013 0.812950 0.407643 0.820144 0.407643 0.830935 0.414013 0.838129 0.423567 0.838129 0.423567 0.820144 0.417197 0.812950
0 0.547771 0.812950 0.544586 0.816547 0.541401 0.816547 0.541401 0.820144 0.538217 0.823741 0.538217 0.827338 0.544586 0.834532 0.550955 0.834532 0.554140 0.838129 0.557325 0.834532 0.560510 0.834532 0.563694 0.830935 0.563694 0.820144 0.557325 0.812950
0 0.117834 0.816547 0.111465 0.823741 0.108280 0.823741 0.105096 0.827338 0.105096 0.830935 0.101911 0.834532 0.105096 0.838129 0.121019 0.838129 0.124204 0.841727 0.130573 0.834532 0.130573 0.823741 0.127389 0.820144 0.127389 0.816547
0 0.178344 0.820144 0.178344 0.827338 0.187898 0.827338 0.194268 0.834532 0.197452 0.834532 0.200637 0.830935 0.200637 0.823741 0.197452 0.820144
0 0.321656 0.820144 0.318471 0.823741 0.318471 0.834532 0.321656 0.838129 0.331210 0.838129 0.331210 0.827338 0.324841 0.820144
0 0.585987 0.820144 0.585987 0.838129 0.589172 0.841727 0.589172 0.845324 0.592357 0.848921 0.605096 0.848921 0.611465 0.841727 0.611465 0.834532 0.598726 0.820144
0 0.863057 0.820144 0.859873 0.823741 0.859873 0.841727 0.863057 0.845324 0.875796 0.845324 0.882166 0.838129 0.882166 0.823741 0.878981 0.820144
0 0.764331 0.823741 0.761146 0.827338 0.761146 0.830935 0.757962 0.834532 0.757962 0.838129 0.764331 0.845324 0.777070 0.845324 0.780255 0.841727 0.780255 0.834532 0.773885 0.827338 0.767516 0.827338
0 0.455414 0.830935 0.449045 0.841727 0.449045 0.848921 0.452229 0.852518 0.452229 0.856115 0.455414 0.859712 0.455414 0.863309 0.458599 0.863309 0.461783 0.866906 0.464968 0.863309 0.468153 0.863309 0.468153 0.856115 0.471338 0.852518 0.471338 0.848921 0.468153 0.845324 0.468153 0.841727 0.464968 0.838129 0.464968 0.834532 0.461783 0.834532 0.458599 0.830935
0 0.178344 0.841727 0.175159 0.845324 0.175159 0.859712 0.178344 0.863309 0.178344 0.866906 0.181529 0.870504 0.187898 0.870504 0.191083 0.874101 0.194268 0.870504 0.197452 0.870504 0.197452 0.848921 0.194268 0.845324 0.187898 0.845324 0.184713 0.841727
0 0.375796 0.841727 0.375796 0.852518 0.382166 0.859712 0.388535 0.859712 0.391720 0.856115 0.391720 0.852518 0.388535 0.848921 0.388535 0.845324 0.385350 0.841727
0 0.824841 0.848921 0.824841 0.852518 0.834395 0.859712 0.856688 0.859712 0.859873 0.863309 0.866242 0.863309 0.869427 0.859712 0.869427 0.856115 0.866242 0.852518 0.856688 0.852518 0.853503 0.848921 0.847134 0.848921 0.843949 0.845324 0.828025 0.845324
0 0.340764 0.848921 0.337580 0.852518 0.334395 0.852518 0.331210 0.856115 0.328025 0.856115 0.321656 0.863309 0.318471 0.863309 0.318471 0.866906 0.315287 0.870504 0.324841 0.881295 0.328025 0.881295 0.337580 0.870504 0.337580 0.863309 0.340764 0.859712
0 0.554140 0.856115 0.554140 0.859712 0.560510 0.866906 0.570064 0.866906 0.573248 0.870504 0.582803 0.870504 0.585987 0.866906 0.585987 0.859712 0.576433 0.848921 0.560510 0.848921
0 0.414013 0.870504 0.414013 0.884892 0.417197 0.884892 0.426752 0.895683 0.433121 0.895683 0.433121 0.892086 0.436306 0.888489 0.436306 0.881295 0.433121 0.877698 0.433121 0.874101 0.429936 0.870504
