0 0.742857 0.003597 0.746032 0.007194 0.752381 0.007194 0.755556 0.010791 0.768254 0.010791 0.771429 0.007194 0.771429 0.003597 0.752381 0.003597 0.749206 0.000000 0.746032 0.000000
0 0.390476 0.007194 0.390476 0.010791 0.403175 0.025180 0.406349 0.025180 0.409524 0.028777 0.419048 0.028777 0.422222 0.025180 0.422222 0.010791 0.415873 0.003597 0.393651 0.003597
0 0.507937 0.003597 0.507937 0.007194 0.511111 0.010791 0.511111 0.014388 0.526984 0.014388 0.526984 0.010791 0.530159 0.007194 0.530159 0.003597
0 0.679365 0.003597 0.679365 0.017986 0.682540 0.021583 0.682540 0.028777 0.688889 0.035971 0.695238 0.035971 0.698413 0.032374 0.701587 0.032374 0.701587 0.025180 0.704762 0.021583 0.704762 0.007194 0.701587 0.003597
0 0.260317 0.010791 0.260317 0.025180 0.263492 0.028777 0.263492 0.035971 0.269841 0.035971 0.273016 0.032374 0.276190 0.035971 0.285714 0.035971 0.285714 0.025180 0.282540 0.021583 0.282540 0.017986 0.276190 0.010791 0.273016 0.010791 0.269841 0.007194 0.266667 0.007194 0.263492 0.010791
0 0.793651 0.010791 0.787302 0.017986 0.787302 0.032374 0.790476 0.032374 0.793651 0.035971 0.809524 0.035971 0.812698 0.032374 0.812698 0.025180 0.809524 0.021583 0.809524 0.017986 0.806349 0.014388 0.806349 0.010791 0.803175 0.010791 0.800000 0.007194 0.796825 0.010791
0 0.561905 0.021583 0.561905 0.025180 0.558730 0.028777 0.558730 0.035971 0.561905 0.039568 0.571429 0.039568 0.574603 0.035971 0.574603 0.032374 0.577778 0.028777 0.577778 0.021583
0 0.501587 0.028777 0.498413 0.032374 0.498413 0.043165 0.501587 0.046763 0.501587 0.057554 0.504762 0.061151 0.507937 0.061151 0.507937 0.053957 0.511111 0.050360 0.511111 0.039568 0.507937 0.035971 0.507937 0.032374 0.504762 0.028777
0 0.282540 0.039568 0.276190 0.039568 0.273016 0.035971 0.269841 0.039568 0.263492 0.039568 0.260317 0.043165 0.260317 0.053957 0.266667 0.061151 0.279365 0.061151 0.279365 0.057554 0.282540 0.053957
0 0.311111 0.046763 0.304762 0.053957 0.304762 0.064748 0.314286 0.075540 0.323810 0.075540 0.330159 0.068345 0.330159 0.064748 0.333333 0.061151 0.330159 0.057554 0.330159 0.053957 0.323810 0.046763
0 0.092063 0.053957 0.092063 0.068345 0.095238 0.071942 0.095238 0.079137 0.098413 0.082734 0.101587 0.079137 0.104762 0.082734 0.104762 0.086331 0.107937 0.086331 0.111111 0.089928 0.120635 0.089928 0.123810 0.086331 0.123810 0.075540 0.114286 0.071942 0.098413 0.053957
0 0.822222 0.061151 0.815873 0.068345 0.815873 0.089928 0.819048 0.093525 0.822222 0.093525 0.831746 0.100719 0.838095 0.100719 0.841270 0.097122 0.841270 0.089928 0.838095 0.086331 0.838095 0.082734 0.828571 0.071942 0.828571 0.064748 0.825397 0.061151
0 0.431746 0.068345 0.428571 0.071942 0.428571 0.082734 0.431746 0.086331 0.431746 0.089928 0.434921 0.089928 0.438095 0.093525 0.447619 0.093525 0.450794 0.089928 0.450794 0.082734 0.447619 0.079137 0.447619 0.075540 0.444444 0.071942 0.441270 0.071942 0.438095 0.068345
0 0.695238 0.071942 0.695238 0.079137 0.698413 0.079137 0.704762 0.086331 0.711111 0.086331 0.714286 0.089928 0.717460 0.089928 0.720635 0.086331 0.723810 0.086331 0.723810 0.071942 0.720635 0.068345 0.698413 0.068345
0 0.742857 0.068345 0.736508 0.075540 0.736508 0.079137 0.733333 0.082734 0.736508 0.086331 0.736508 0.089928 0.742857 0.097122 0.752381 0.097122 0.755556 0.093525 0.755556 0.071942 0.752381 0.068345
0 0.768254 0.068345 0.768254 0.075540 0.771429 0.079137 0.771429 0.089928 0.774603 0.093525 0.774603 0.097122 0.784127 0.107914 0.793651 0.107914 0.800000 0.100719 0.800000 0.089928 0.784127 0.071942 0.780952 0.071942 0.777778 0.068345
0 0.263492 0.086331 0.263492 0.100719 0.266667 0.104317 0.266667 0.111511 0.269841 0.115108 0.269841 0.118705 0.273016 0.118705 0.276190 0.122302 0.288889 0.122302 0.288889 0.104317 0.279365 0.097122 0.279365 0.086331 0.276190 0.082734 0.269841 0.082734 0.266667 0.086331
0 0.384127 0.093525 0.384127 0.097122 0.380952 0.100719 0.380952 0.104317 0.384127 0.107914 0.384127 0.111511 0.387302 0.115108 0.390476 0.115108 0.393651 0.118705 0.400000 0.118705 0.406349 0.111511 0.406349 0.097122 0.400000 0.089928 0.390476 0.089928 0.387302 0.093525
0 0.857143 0.107914 0.853968 0.111511 0.853968 0.118705 0.857143 0.122302 0.857143 0.125899 0.860317 0.129496 0.860317 0.133094 0.863492 0.133094 0.866667 0.136691 0.869841 0.136691 0.869841 0.129496 0.873016 0.125899 0.869841 0.122302 0.869841 0.115108 0.866667 0.111511 0.863492 0.111511 0.860317 0.107914
0 0.365079 0.115108 0.358730 0.122302 0.358730 0.136691 0.365079 0.143885 0.365079 0.147482 0.371429 0.154676 0.371429 0.158273 0.384127 0.158273 0.387302 0.154676 0.387302 0.140288 0.380952 0.133094 0.380952 0.129496 0.374603 0.122302 0.374603 0.118705
0 0.542857 0.115108 0.536508 0.122302 0.536508 0.136691 0.546032 0.147482 0.552381 0.147482 0.555556 0.143885 0.555556 0.136691 0.552381 0.133094 0.552381 0.115108
0 0.739683 0.125899 0.736508 0.133094 0.736508 0.151079 0.749206 0.169065 0.771429 0.169065 0.784127 0.161871 0.784127 0.158273 0.790476 0.151079 0.790476 0.140288 0.787302 0.133094 0.768254 0.115108 0.752381 0.115108
0 0.155556 0.118705 0.146032 0.129496 0.146032 0.147482 0.155556 0.154676 0.161905 0.154676 0.168254 0.147482 0.168254 0.143885 0.171429 0.140288 0.171429 0.129496 0.161905 0.118705
0 0.834921 0.122302 0.831746 0.125899 0.831746 0.143885 0.844444 0.158273 0.847619 0.158273 0.850794 0.161871 0.857143 0.154676 0.857143 0.151079 0.853968 0.147482 0.853968 0.143885 0.847619 0.136691 0.847619 0.133094 0.838095 0.122302
0 0.184127 0.125899 0.184127 0.143885 0.190476 0.151079 0.196825 0.151079 0.203175 0.143885 0.200000 0.140288 0.200000 0.136691 0.190476 0.125899
0 0.215873 0.125899 0.206349 0.136691 0.206349 0.143885 0.212698 0.151079 0.212698 0.158273 0.222222 0.158273 0.225397 0.161871 0.228571 0.161871 0.228571 0.158273 0.234921 0.147482 0.234921 0.136691 0.228571 0.129496 0.225397 0.129496 0.222222 0.125899
0 0.895238 0.125899 0.895238 0.129496 0.888889 0.140288 0.888889 0.147482 0.885714 0.151079 0.885714 0.158273 0.888889 0.161871 0.888889 0.165468 0.895238 0.172662 0.895238 0.176259 0.898413 0.176259 0.901587 0.179856 0.907937 0.172662 0.907937 0.151079 0.904762 0.147482 0.904762 0.133094 0.901587 0.129496 0.901587 0.125899
0 0.263492 0.133094 0.253968 0.140288 0.253968 0.158273 0.257143 0.161871 0.257143 0.165468 0.260317 0.165468 0.263492 0.169065 0.263492 0.172662 0.269841 0.179856 0.279365 0.179856 0.282540 0.176259 0.282540 0.169065 0.279365 0.165468 0.279365 0.147482 0.276190 0.143885 0.276190 0.140288 0.273016 0.140288 0.266667 0.133094
0 0.295238 0.140288 0.288889 0.151079 0.288889 0.161871 0.295238 0.169065 0.298413 0.169065 0.301587 0.172662 0.311111 0.172662 0.317460 0.165468 0.317460 0.151079 0.314286 0.147482 0.314286 0.143885 0.311111 0.140288
0 0.111111 0.147482 0.107937 0.151079 0.104762 0.151079 0.104762 0.172662 0.111111 0.179856 0.120635 0.179856 0.123810 0.176259 0.123810 0.169065 0.126984 0.165468 0.126984 0.161871 0.123810 0.158273 0.123810 0.154676 0.117460 0.147482
0 0.806349 0.154676 0.806349 0.158273 0.803175 0.161871 0.803175 0.165468 0.806349 0.169065 0.806349 0.183453 0.812698 0.194245 0.822222 0.194245 0.822222 0.190647 0.825397 0.187050 0.825397 0.179856 0.822222 0.176259 0.822222 0.161871 0.815873 0.154676
0 0.492063 0.158273 0.485714 0.165468 0.485714 0.172662 0.488889 0.176259 0.488889 0.179856 0.495238 0.187050 0.498413 0.187050 0.501587 0.190647 0.507937 0.183453 0.507937 0.172662 0.504762 0.169065 0.504762 0.165468 0.498413 0.158273
0 0.146032 0.161871 0.139683 0.161871 0.136508 0.165468 0.133333 0.165468 0.130159 0.169065 0.133333 0.172662 0.133333 0.183453 0.139683 0.190647 0.142857 0.190647 0.152381 0.179856 0.152381 0.169065
0 0.209524 0.161871 0.203175 0.169065 0.203175 0.179856 0.215873 0.194245 0.222222 0.194245 0.228571 0.183453 0.228571 0.165468 0.225397 0.165468 0.222222 0.161871
0 0.565079 0.165468 0.555556 0.165468 0.542857 0.179856 0.542857 0.187050 0.546032 0.190647 0.546032 0.194245 0.552381 0.201439 0.555556 0.197842 0.558730 0.197842 0.558730 0.190647 0.561905 0.187050 0.561905 0.183453 0.568254 0.176259 0.568254 0.169065
0 0.450794 0.172662 0.447619 0.176259 0.447619 0.187050 0.450794 0.190647 0.450794 0.197842 0.453968 0.201439 0.453968 0.205036 0.463492 0.212230 0.469841 0.205036 0.469841 0.187050 0.463492 0.176259 0.460317 0.176259 0.457143 0.172662
0 0.790476 0.176259 0.777778 0.176259 0.774603 0.179856 0.771429 0.179856 0.765079 0.187050 0.765079 0.197842 0.768254 0.201439 0.768254 0.205036 0.771429 0.205036 0.774603 0.208633 0.784127 0.208633 0.793651 0.197842 0.793651 0.194245 0.796825 0.190647 0.796825 0.179856 0.793651 0.179856
0 0.333333 0.194245 0.336508 0.197842 0.339683 0.197842 0.342857 0.201439 0.358730 0.201439 0.361905 0.197842 0.361905 0.187050 0.358730 0.183453 0.342857 0.183453 0.339683 0.187050 0.336508 0.187050 0.336508 0.190647
0 0.304762 0.194245 0.307937 0.194245 0.311111 0.197842 0.311111 0.201439 0.314286 0.205036 0.320635 0.205036 0.323810 0.201439 0.323810 0.197842 0.320635 0.194245 0.320635 0.190647 0.311111 0.190647 0.307937 0.194245
0 0.120635 0.197842 0.107937 0.197842 0.101587 0.205036 0.098413 0.205036 0.092063 0.212230 0.092063 0.223022 0.095238 0.226619 0.111111 0.226619 0.120635 0.215827
0 0.276190 0.197842 0.266667 0.205036 0.266667 0.223022 0.269841 0.226619 0.269841 0.230216 0.273016 0.230216 0.276190 0.233813 0.282540 0.233813 0.285714 0.230216 0.288889 0.230216 0.288889 0.226619 0.292063 0.223022 0.292063 0.208633 0.285714 0.201439 0.282540 0.201439 0.279365 0.197842
0 0.387302 0.197842 0.384127 0.201439 0.380952 0.201439 0.374603 0.208633 0.374603 0.226619 0.384127 0.233813 0.387302 0.230216 0.390476 0.230216 0.396825 0.219424 0.396825 0.208633 0.393651 0.205036 0.393651 0.201439 0.390476 0.201439
0 0.879365 0.201439 0.876190 0.205036 0.876190 0.219424 0.882540 0.226619 0.888889 0.226619 0.892063 0.230216 0.898413 0.230216 0.901587 0.226619 0.901587 0.208633 0.895238 0.201439 0.892063 0.201439 0.888889 0.197842 0.885714 0.201439
0 0.336508 0.219424 0.336508 0.226619 0.342857 0.233813 0.346032 0.233813 0.349206 0.237410 0.358730 0.237410 0.365079 0.230216 0.365079 0.226619 0.361905 0.223022 0.361905 0.219424 0.355556 0.212230 0.346032 0.212230 0.342857 0.215827 0.339683 0.215827
0 0.739683 0.212230 0.739683 0.215827 0.736508 0.219424 0.736508 0.226619 0.739683 0.230216 0.739683 0.233813 0.746032 0.241007 0.758730 0.241007 0.765079 0.230216 0.765079 0.226619 0.761905 0.223022 0.761905 0.219424 0.752381 0.212230
0 0.212698 0.223022 0.215873 0.226619 0.215873 0.230216 0.228571 0.244604 0.238095 0.244604 0.238095 0.230216 0.234921 0.226619 0.228571 0.226619 0.225397 0.223022
0 0.838095 0.226619 0.834921 0.226619 0.831746 0.223022 0.825397 0.223022 0.819048 0.230216 0.819048 0.251799 0.828571 0.251799 0.831746 0.248201 0.834921 0.248201 0.838095 0.244604
0 0.974603 0.230216 0.974603 0.233813 0.971429 0.237410 0.971429 0.248201 0.980952 0.258993 0.984127 0.258993 0.987302 0.262590 0.993651 0.262590 0.993651 0.230216 0.990476 0.230216 0.987302 0.226619 0.980952 0.226619 0.977778 0.230216
0 0.777778 0.233813 0.771429 0.241007 0.771429 0.244604 0.768254 0.248201 0.768254 0.251799 0.774603 0.258993 0.790476 0.258993 0.796825 0.251799 0.796825 0.237410 0.793651 0.237410 0.790476 0.233813
0 0.196825 0.241007 0.193651 0.244604 0.193651 0.251799 0.196825 0.255396 0.196825 0.258993 0.206349 0.269784 0.212698 0.269784 0.219048 0.262590 0.219048 0.255396 0.215873 0.251799 0.215873 0.248201 0.212698 0.244604 0.209524 0.244604 0.206349 0.241007
0 0.415873 0.244604 0.415873 0.258993 0.428571 0.273381 0.431746 0.273381 0.444444 0.291367 0.463492 0.298561 0.453968 0.276978 0.441270 0.266187 0.434921 0.251799 0.425397 0.244604
0 0.850794 0.244604 0.850794 0.248201 0.844444 0.258993 0.844444 0.262590 0.847619 0.266187 0.847619 0.269784 0.850794 0.269784 0.853968 0.273381 0.866667 0.273381 0.873016 0.266187 0.873016 0.251799 0.866667 0.244604
0 0.314286 0.251799 0.307937 0.258993 0.307937 0.262590 0.311111 0.266187 0.311111 0.273381 0.314286 0.276978 0.314286 0.280576 0.317460 0.284173 0.326984 0.284173 0.330159 0.280576 0.330159 0.258993 0.323810 0.251799
0 0.526984 0.251799 0.526984 0.255396 0.523810 0.258993 0.523810 0.280576 0.526984 0.284173 0.533333 0.284173 0.542857 0.291367 0.558730 0.291367 0.561905 0.287770 0.561905 0.280576 0.558730 0.276978 0.558730 0.273381 0.539683 0.255396 0.536508 0.255396 0.533333 0.251799
0 0.631746 0.255396 0.622222 0.266187 0.622222 0.280576 0.625397 0.280576 0.631746 0.287770 0.644444 0.287770 0.644444 0.284173 0.650794 0.276978 0.650794 0.258993 0.647619 0.255396
0 0.907937 0.262590 0.907937 0.276978 0.911111 0.280576 0.914286 0.280576 0.917460 0.284173 0.930159 0.284173 0.933333 0.280576 0.936508 0.280576 0.936508 0.269784 0.930159 0.262590 0.923810 0.262590 0.920635 0.258993 0.914286 0.258993 0.911111 0.262590
0 0.749206 0.276978 0.749206 0.287770 0.752381 0.291367 0.758730 0.291367 0.758730 0.287770 0.755556 0.284173 0.755556 0.280576 0.752381 0.276978
0 0.257143 0.280576 0.250794 0.287770 0.250794 0.294964 0.257143 0.302158 0.260317 0.302158 0.269841 0.309353 0.276190 0.309353 0.279365 0.312950 0.282540 0.309353 0.282540 0.298561 0.279365 0.294964 0.279365 0.287770 0.269841 0.280576
0 0.282540 0.287770 0.282540 0.294964 0.285714 0.298561 0.285714 0.305755 0.288889 0.302158 0.292063 0.305755 0.301587 0.305755 0.304762 0.302158 0.311111 0.302158 0.311111 0.291367 0.301587 0.280576 0.288889 0.280576
0 0.355556 0.305755 0.358730 0.309353 0.368254 0.312950 0.374603 0.305755 0.384127 0.305755 0.387302 0.302158 0.390476 0.302158 0.393651 0.298561 0.393651 0.291367 0.387302 0.284173 0.368254 0.284173 0.358730 0.294964
0 0.784127 0.291367 0.780952 0.291367 0.774603 0.298561 0.774603 0.309353 0.771429 0.312950 0.777778 0.312950 0.777778 0.309353 0.780952 0.305755 0.780952 0.302158 0.784127 0.298561
0 0.174603 0.298561 0.171429 0.302158 0.171429 0.312950 0.174603 0.316547 0.174603 0.320144 0.180952 0.327338 0.196825 0.327338 0.203175 0.316547 0.203175 0.309353 0.193651 0.298561
0 0.853968 0.298561 0.866667 0.312950 0.869841 0.312950 0.876190 0.320144 0.879365 0.320144 0.882540 0.323741 0.885714 0.323741 0.888889 0.320144 0.879365 0.309353 0.876190 0.309353 0.873016 0.305755 0.866667 0.305755 0.860317 0.298561
0 0.241270 0.312950 0.234921 0.323741 0.234921 0.327338 0.238095 0.330935 0.238095 0.334532 0.241270 0.338129 0.247619 0.338129 0.250794 0.341727 0.263492 0.341727 0.266667 0.338129 0.266667 0.327338 0.263492 0.323741 0.263492 0.320144 0.257143 0.312950 0.253968 0.312950 0.250794 0.309353 0.247619 0.309353 0.244444 0.312950
0 0.349206 0.327338 0.349206 0.334532 0.355556 0.341727 0.371429 0.341727 0.380952 0.334532 0.380952 0.320144 0.377778 0.316547 0.358730 0.316547
0 0.457143 0.323741 0.457143 0.327338 0.463492 0.334532 0.466667 0.334532 0.479365 0.348921 0.485714 0.348921 0.488889 0.352518 0.498413 0.352518 0.501587 0.348921 0.501587 0.345324 0.498413 0.341727 0.495238 0.341727 0.479365 0.327338 0.476190 0.327338 0.473016 0.323741
0 0.514286 0.330935 0.536508 0.356115 0.539683 0.356115 0.542857 0.359712 0.549206 0.359712 0.552381 0.356115 0.555556 0.356115 0.552381 0.345324 0.549206 0.345324 0.539683 0.334532 0.536508 0.334532 0.526984 0.327338 0.517460 0.327338
0 0.298413 0.330935 0.295238 0.334532 0.295238 0.341727 0.298413 0.345324 0.298413 0.348921 0.311111 0.363309 0.314286 0.363309 0.320635 0.356115 0.320635 0.341727 0.311111 0.330935
0 0.634921 0.338129 0.634921 0.348921 0.641270 0.356115 0.653968 0.356115 0.657143 0.352518 0.660317 0.352518 0.663492 0.348921 0.666667 0.348921 0.666667 0.341727 0.660317 0.334532 0.653968 0.334532 0.650794 0.330935 0.647619 0.330935 0.644444 0.334532 0.638095 0.334532
0 0.685714 0.356115 0.685714 0.366906 0.695238 0.374101 0.711111 0.374101 0.714286 0.370504 0.730159 0.370504 0.733333 0.366906 0.733333 0.352518 0.730159 0.352518 0.720635 0.345324 0.695238 0.345324 0.692063 0.348921 0.688889 0.348921 0.688889 0.352518
0 0.234921 0.359712 0.234921 0.363309 0.238095 0.366906 0.238095 0.374101 0.247619 0.384892 0.253968 0.384892 0.263492 0.377698 0.263492 0.366906 0.260317 0.363309 0.257143 0.363309 0.247619 0.356115 0.238095 0.356115
0 0.761905 0.363309 0.761905 0.366906 0.768254 0.374101 0.774603 0.374101 0.774603 0.366906 0.771429 0.363309
0 0.796825 0.370504 0.796825 0.377698 0.806349 0.388489 0.815873 0.388489 0.819048 0.392086 0.822222 0.392086 0.828571 0.384892 0.825397 0.381295 0.825397 0.377698 0.822222 0.377698 0.819048 0.374101 0.815873 0.374101 0.812698 0.370504 0.809524 0.370504 0.806349 0.366906 0.800000 0.366906
0 0.212698 0.374101 0.209524 0.374101 0.206349 0.370504 0.203175 0.370504 0.200000 0.374101 0.200000 0.377698 0.190476 0.388489 0.190476 0.402878 0.200000 0.402878 0.200000 0.399281 0.209524 0.388489 0.209524 0.384892 0.212698 0.381295
0 0.593651 0.370504 0.587302 0.377698 0.587302 0.384892 0.603175 0.402878 0.609524 0.402878 0.612698 0.406475 0.619048 0.406475 0.619048 0.399281 0.603175 0.381295 0.603175 0.377698
0 0.980952 0.370504 0.977778 0.374101 0.977778 0.377698 0.974603 0.381295 0.977778 0.384892 0.977778 0.392086 0.984127 0.399281 0.993651 0.399281 0.996825 0.395683 0.996825 0.377698 0.993651 0.374101 0.993651 0.370504
0 0.546032 0.374101 0.546032 0.395683 0.549206 0.395683 0.552381 0.399281 0.555556 0.399281 0.558730 0.395683 0.558730 0.384892 0.555556 0.381295 0.555556 0.377698 0.552381 0.374101
0 0.111111 0.377698 0.111111 0.381295 0.107937 0.384892 0.107937 0.392086 0.117460 0.402878 0.126984 0.402878 0.130159 0.406475 0.133333 0.402878 0.136508 0.402878 0.136508 0.388489 0.133333 0.384892 0.130159 0.384892 0.120635 0.377698
0 0.333333 0.381295 0.326984 0.388489 0.326984 0.406475 0.330159 0.410072 0.339683 0.410072 0.342857 0.406475 0.342857 0.402878 0.346032 0.399281 0.346032 0.384892 0.342857 0.381295
0 0.873016 0.381295 0.869841 0.384892 0.869841 0.388489 0.879365 0.399281 0.885714 0.399281 0.885714 0.388489 0.879365 0.381295
0 0.568254 0.388489 0.568254 0.399281 0.584127 0.417266 0.590476 0.417266 0.596825 0.424460 0.606349 0.424460 0.606349 0.420863 0.603175 0.420863 0.580952 0.395683 0.580952 0.392086 0.577778 0.388489 0.574603 0.388489 0.571429 0.384892
0 0.257143 0.410072 0.257143 0.420863 0.260317 0.420863 0.269841 0.428058 0.285714 0.428058 0.288889 0.424460 0.295238 0.424460 0.298413 0.420863 0.298413 0.417266 0.288889 0.413669 0.282540 0.406475 0.282540 0.402878 0.279365 0.399281 0.273016 0.399281 0.269841 0.402878 0.263492 0.402878
0 0.225397 0.406475 0.222222 0.410072 0.222222 0.417266 0.219048 0.420863 0.222222 0.424460 0.222222 0.431655 0.228571 0.438849 0.244444 0.438849 0.247619 0.435252 0.247619 0.417266 0.244444 0.413669 0.244444 0.410072 0.238095 0.402878 0.231746 0.402878 0.228571 0.406475
0 0.126984 0.424460 0.126984 0.435252 0.136508 0.446043 0.139683 0.446043 0.142857 0.449640 0.149206 0.449640 0.158730 0.442446 0.158730 0.431655 0.155556 0.431655 0.146032 0.420863 0.130159 0.420863
0 0.685714 0.428058 0.685714 0.446043 0.695238 0.456835 0.704762 0.456835 0.707937 0.453237 0.717460 0.449640 0.717460 0.446043 0.720635 0.442446 0.720635 0.431655 0.714286 0.424460 0.711111 0.424460 0.707937 0.420863 0.695238 0.420863
0 0.507937 0.453237 0.507937 0.467626 0.520635 0.482014 0.542857 0.496403 0.568254 0.500000 0.587302 0.485612 0.584127 0.464029 0.568254 0.449640 0.542857 0.449640 0.520635 0.435252 0.514286 0.438849
0 0.612698 0.442446 0.603175 0.449640 0.603175 0.460432 0.609524 0.471223 0.612698 0.471223 0.615873 0.474820 0.619048 0.474820 0.622222 0.471223 0.625397 0.471223 0.631746 0.464029 0.631746 0.456835 0.625397 0.446043 0.622222 0.446043 0.619048 0.442446
0 0.380952 0.449640 0.377778 0.449640 0.374603 0.446043 0.368254 0.446043 0.358730 0.453237 0.355556 0.464029 0.349206 0.471223 0.349206 0.485612 0.352381 0.489209 0.361905 0.489209 0.374603 0.474820 0.374603 0.471223 0.377778 0.467626 0.377778 0.460432 0.380952 0.456835
0 0.396825 0.453237 0.387302 0.453237 0.387302 0.464029 0.384127 0.467626 0.380952 0.464029 0.380952 0.460432 0.380952 0.467626 0.377778 0.471223 0.377778 0.478417 0.390476 0.478417 0.393651 0.474820 0.393651 0.471223 0.396825 0.467626
0 0.793651 0.456835 0.787302 0.464029 0.787302 0.478417 0.796825 0.500000 0.806349 0.510791 0.822222 0.510791 0.828571 0.507194 0.834921 0.500000 0.834921 0.492806 0.838095 0.489209 0.838095 0.482014 0.831746 0.467626 0.825397 0.460432 0.812698 0.453237 0.800000 0.453237
0 0.238095 0.456835 0.234921 0.460432 0.234921 0.464029 0.247619 0.478417 0.247619 0.482014 0.250794 0.482014 0.253968 0.485612 0.257143 0.485612 0.260317 0.482014 0.260317 0.478417 0.263492 0.474820 0.263492 0.471223 0.260317 0.467626 0.260317 0.464029 0.257143 0.460432 0.253968 0.460432 0.250794 0.456835
0 0.733333 0.456835 0.726984 0.464029 0.726984 0.474820 0.733333 0.482014 0.739683 0.482014 0.746032 0.474820 0.746032 0.460432 0.742857 0.456835
0 0.752381 0.478417 0.749206 0.482014 0.749206 0.489209 0.752381 0.492806 0.752381 0.500000 0.758730 0.507194 0.771429 0.507194 0.777778 0.500000 0.777778 0.492806 0.774603 0.489209 0.774603 0.485612 0.765079 0.474820 0.758730 0.474820 0.755556 0.478417
0 0.469841 0.482014 0.469841 0.489209 0.476190 0.496403 0.485714 0.517986 0.479365 0.532374 0.482540 0.539568 0.488889 0.539568 0.511111 0.510791 0.511111 0.503597 0.507937 0.496403 0.495238 0.482014
0 0.447619 0.485612 0.444444 0.489209 0.444444 0.500000 0.447619 0.503597 0.447619 0.507194 0.453968 0.514388 0.460317 0.514388 0.463492 0.510791 0.463492 0.489209 0.460317 0.485612
0 0.669841 0.503597 0.669841 0.510791 0.676190 0.517986 0.679365 0.517986 0.682540 0.521583 0.698413 0.521583 0.704762 0.514388 0.704762 0.507194 0.701587 0.503597 0.701587 0.500000 0.692063 0.492806 0.679365 0.492806
0 0.888889 0.514388 0.892063 0.514388 0.898413 0.521583 0.901587 0.521583 0.904762 0.517986 0.907937 0.517986 0.911111 0.514388 0.914286 0.514388 0.917460 0.510791 0.926984 0.507194 0.930159 0.503597 0.930159 0.496403 0.895238 0.496403 0.888889 0.507194
0 0.933333 0.500000 0.942857 0.510791 0.946032 0.510791 0.952381 0.517986 0.955556 0.517986 0.958730 0.521583 0.971429 0.521583 0.971429 0.510791 0.965079 0.503597 0.961905 0.503597 0.952381 0.496403 0.939683 0.496403 0.936508 0.500000
0 0.993651 0.500000 0.990476 0.503597 0.984127 0.503597 0.974603 0.514388 0.974603 0.517986 0.977778 0.517986 0.990476 0.532374 0.993651 0.532374 0.996825 0.528777 0.996825 0.525180 0.993651 0.521583
0 0.180952 0.510791 0.180952 0.514388 0.177778 0.517986 0.180952 0.521583 0.180952 0.525180 0.190476 0.535971 0.193651 0.535971 0.196825 0.539568 0.200000 0.539568 0.203175 0.543165 0.206349 0.543165 0.209524 0.539568 0.209524 0.528777 0.200000 0.517986 0.196825 0.517986 0.187302 0.510791
0 0.558730 0.510791 0.549206 0.510791 0.546032 0.514388 0.539683 0.514388 0.533333 0.525180 0.533333 0.535971 0.536508 0.539568 0.536508 0.543165 0.542857 0.550360 0.555556 0.550360 0.561905 0.543165 0.561905 0.539568 0.565079 0.535971 0.565079 0.517986
0 0.873016 0.521583 0.873016 0.532374 0.879365 0.539568 0.885714 0.539568 0.888889 0.543165 0.895238 0.543165 0.898413 0.539568 0.901587 0.539568 0.901587 0.525180 0.898413 0.525180 0.892063 0.517986 0.888889 0.517986 0.885714 0.514388 0.879365 0.514388
0 0.136508 0.521583 0.130159 0.521583 0.126984 0.517986 0.123810 0.517986 0.120635 0.521583 0.111111 0.521583 0.101587 0.532374 0.101587 0.535971 0.098413 0.539568 0.101587 0.550360 0.107937 0.557554 0.114286 0.557554 0.117460 0.561151 0.120635 0.557554 0.133333 0.557554 0.136508 0.553957 0.139683 0.553957 0.146032 0.543165 0.146032 0.535971
0 0.641270 0.528777 0.634921 0.539568 0.638095 0.543165 0.638095 0.546763 0.644444 0.553957 0.647619 0.553957 0.650794 0.557554 0.660317 0.557554 0.666667 0.550360 0.663492 0.546763 0.663492 0.543165 0.660317 0.539568 0.660317 0.535971 0.653968 0.528777
0 0.438095 0.546763 0.422222 0.546763 0.419048 0.553957 0.409524 0.561151 0.409524 0.586331 0.406349 0.589928 0.409524 0.597122 0.419048 0.604317 0.438095 0.600719 0.450794 0.586331 0.450794 0.579137 0.453968 0.575540 0.450794 0.571942 0.450794 0.557554
0 0.752381 0.546763 0.746032 0.553957 0.746032 0.564748 0.749206 0.568345 0.752381 0.579137 0.761905 0.586331 0.768254 0.586331 0.771429 0.582734 0.774603 0.582734 0.774603 0.579137 0.777778 0.575540 0.777778 0.568345 0.771429 0.561151 0.771429 0.557554 0.768254 0.557554 0.761905 0.550360
0 0.647619 0.571942 0.644444 0.575540 0.644444 0.597122 0.653968 0.607914 0.657143 0.607914 0.660317 0.611511 0.669841 0.600719 0.669841 0.597122 0.673016 0.593525 0.673016 0.582734 0.666667 0.575540 0.663492 0.575540 0.660317 0.571942
0 0.196825 0.597122 0.196825 0.611511 0.212698 0.611511 0.215873 0.607914 0.234921 0.607914 0.238095 0.604317 0.241270 0.604317 0.241270 0.589928 0.231746 0.582734 0.212698 0.582734 0.209524 0.586331 0.206349 0.586331
0 0.622222 0.604317 0.609524 0.604317 0.596825 0.618705 0.596825 0.633094 0.600000 0.636691 0.606349 0.636691 0.622222 0.618705 0.622222 0.615108 0.625397 0.611511 0.625397 0.607914
0 0.717460 0.604317 0.714286 0.607914 0.714286 0.625899 0.723810 0.636691 0.726984 0.636691 0.730159 0.640288 0.742857 0.640288 0.742857 0.633094 0.739683 0.629496 0.739683 0.618705 0.736508 0.615108 0.736508 0.611511 0.726984 0.604317
0 0.339683 0.625899 0.339683 0.629496 0.349206 0.640288 0.371429 0.640288 0.374603 0.636691 0.374603 0.629496 0.377778 0.625899 0.374603 0.622302 0.374603 0.618705 0.365079 0.611511 0.358730 0.611511 0.355556 0.615108 0.349206 0.615108
0 0.641270 0.622302 0.638095 0.622302 0.634921 0.625899 0.625397 0.629496 0.612698 0.643885 0.612698 0.658273 0.615873 0.661871 0.628571 0.661871 0.631746 0.658273 0.634921 0.658273 0.644444 0.647482 0.644444 0.643885 0.647619 0.640288 0.647619 0.629496
0 0.857143 0.629496 0.860317 0.633094 0.860317 0.636691 0.866667 0.636691 0.869841 0.640288 0.879365 0.640288 0.882540 0.636691 0.882540 0.633094 0.879365 0.629496 0.879365 0.625899 0.876190 0.622302 0.863492 0.622302
0 0.130159 0.633094 0.126984 0.629496 0.104762 0.629496 0.101587 0.633094 0.092063 0.636691 0.085714 0.643885 0.085714 0.647482 0.092063 0.658273 0.107937 0.658273 0.111111 0.654676 0.120635 0.651079 0.130159 0.640288
0 0.812698 0.643885 0.819048 0.658273 0.834921 0.672662 0.841270 0.672662 0.860317 0.683453 0.869841 0.683453 0.873016 0.679856 0.873016 0.665468 0.860317 0.658273 0.844444 0.640288 0.815873 0.640288
0 0.707937 0.654676 0.707937 0.665468 0.711111 0.669065 0.723810 0.669065 0.726984 0.672662 0.730159 0.669065 0.730159 0.661871 0.723810 0.654676 0.720635 0.654676 0.717460 0.651079 0.714286 0.651079 0.711111 0.654676
0 0.911111 0.658273 0.898413 0.672662 0.911111 0.687050 0.920635 0.690647 0.920635 0.687050 0.923810 0.683453 0.926984 0.683453 0.936508 0.676259 0.936508 0.665468 0.926984 0.658273
0 0.606349 0.676259 0.600000 0.669065 0.593651 0.665468 0.587302 0.665468 0.584127 0.669065 0.571429 0.669065 0.568254 0.672662 0.561905 0.672662 0.552381 0.679856 0.552381 0.687050 0.561905 0.694245 0.568254 0.694245 0.580952 0.701439 0.593651 0.701439 0.603175 0.690647 0.606349 0.683453
0 0.993651 0.672662 0.990476 0.672662 0.987302 0.676259 0.980952 0.676259 0.977778 0.679856 0.974603 0.679856 0.974603 0.687050 0.971429 0.690647 0.974603 0.694245 0.974603 0.697842 0.977778 0.697842 0.980952 0.701439 0.987302 0.701439 0.990476 0.697842 0.993651 0.697842 0.996825 0.694245 0.996825 0.679856 0.993651 0.676259
0 0.161905 0.683453 0.149206 0.683453 0.146032 0.687050 0.146032 0.690647 0.142857 0.694245 0.142857 0.697842 0.146032 0.701439 0.146032 0.705036 0.149206 0.705036 0.152381 0.708633 0.155556 0.708633 0.158730 0.705036 0.161905 0.705036 0.168254 0.697842 0.168254 0.690647
0 0.114286 0.687050 0.104762 0.697842 0.104762 0.712230 0.111111 0.719424 0.114286 0.719424 0.117460 0.723022 0.120635 0.723022 0.130159 0.715827 0.130159 0.697842 0.126984 0.694245 0.126984 0.690647 0.123810 0.690647 0.120635 0.687050
0 0.488889 0.690647 0.488889 0.697842 0.507937 0.712230 0.520635 0.712230 0.523810 0.708633 0.526984 0.708633 0.533333 0.697842 0.530159 0.694245 0.530159 0.690647 0.526984 0.690647 0.523810 0.687050 0.495238 0.687050 0.492063 0.690647
0 0.707937 0.697842 0.707937 0.712230 0.711111 0.712230 0.714286 0.715827 0.730159 0.715827 0.736508 0.708633 0.736508 0.701439 0.730159 0.694245 0.726984 0.694245 0.723810 0.690647 0.717460 0.690647 0.711111 0.697842
0 0.942857 0.694245 0.939683 0.697842 0.939683 0.701439 0.936508 0.705036 0.936508 0.708633 0.942857 0.715827 0.952381 0.715827 0.958730 0.708633 0.958730 0.697842 0.955556 0.694245
0 0.619048 0.705036 0.619048 0.715827 0.622222 0.719424 0.625397 0.719424 0.628571 0.723022 0.634921 0.723022 0.638095 0.726619 0.647619 0.726619 0.650794 0.730216 0.653968 0.730216 0.666667 0.719424 0.666667 0.712230 0.660317 0.705036 0.657143 0.705036 0.653968 0.701439 0.647619 0.701439 0.644444 0.697842 0.625397 0.697842
0 0.342857 0.712230 0.342857 0.719424 0.346032 0.723022 0.346032 0.726619 0.352381 0.733813 0.361905 0.733813 0.368254 0.726619 0.368254 0.712230 0.365079 0.712230 0.361905 0.708633 0.349206 0.708633 0.346032 0.712230
0 0.292063 0.726619 0.292063 0.737410 0.298413 0.744604 0.320635 0.744604 0.323810 0.741007 0.336508 0.741007 0.330159 0.733813 0.330159 0.730216 0.326984 0.726619 0.320635 0.726619 0.317460 0.723022 0.298413 0.723022 0.295238 0.726619
0 0.184127 0.730216 0.180952 0.733813 0.180952 0.741007 0.190476 0.751799 0.200000 0.751799 0.203175 0.755396 0.209524 0.748201 0.209524 0.737410 0.203175 0.730216 0.200000 0.730216 0.196825 0.726619 0.190476 0.726619 0.187302 0.730216
0 0.584127 0.737410 0.587302 0.748201 0.593651 0.755396 0.596825 0.755396 0.600000 0.758993 0.606349 0.758993 0.609524 0.755396 0.615873 0.755396 0.622222 0.748201 0.622222 0.744604 0.625397 0.741007 0.625397 0.737410 0.615873 0.726619 0.593651 0.726619
0 0.619048 0.755396 0.619048 0.758993 0.628571 0.769784 0.650794 0.769784 0.653968 0.766187 0.660317 0.766187 0.660317 0.762590 0.663492 0.758993 0.660317 0.755396 0.660317 0.751799 0.650794 0.744604 0.634921 0.744604 0.631746 0.748201 0.625397 0.748201
0 0.511111 0.766187 0.511111 0.769784 0.514286 0.769784 0.517460 0.773381 0.523810 0.773381 0.526984 0.776978 0.536508 0.776978 0.539683 0.780576 0.549206 0.776978 0.549206 0.766187 0.546032 0.762590 0.546032 0.758993 0.536508 0.748201 0.530159 0.748201 0.523810 0.755396 0.520635 0.755396
0 0.987302 0.748201 0.965079 0.748201 0.961905 0.751799 0.958730 0.751799 0.946032 0.766187 0.946032 0.784173 0.952381 0.791367 0.961905 0.791367 0.977778 0.776978 0.984127 0.776978 0.990476 0.769784 0.990476 0.755396 0.987302 0.751799
0 0.438095 0.766187 0.438095 0.769784 0.441270 0.773381 0.444444 0.773381 0.447619 0.776978 0.460317 0.776978 0.463492 0.773381 0.466667 0.773381 0.466667 0.769784 0.463492 0.766187 0.463492 0.762590 0.460317 0.762590 0.457143 0.758993 0.450794 0.758993 0.447619 0.755396 0.444444 0.758993 0.441270 0.758993 0.441270 0.762590
0 0.787302 0.758993 0.787302 0.773381 0.790476 0.776978 0.800000 0.776978 0.803175 0.773381 0.806349 0.773381 0.809524 0.769784 0.809524 0.755396 0.790476 0.755396
0 0.698413 0.758993 0.698413 0.762590 0.701587 0.766187 0.704762 0.766187 0.711111 0.773381 0.714286 0.773381 0.717460 0.776978 0.726984 0.776978 0.730159 0.773381 0.730159 0.769784 0.723810 0.762590 0.720635 0.762590 0.717460 0.758993
0 0.206349 0.766187 0.203175 0.769784 0.203175 0.773381 0.209524 0.780576 0.209524 0.784173 0.212698 0.787770 0.212698 0.794964 0.215873 0.794964 0.219048 0.791367 0.219048 0.769784 0.215873 0.769784 0.212698 0.766187
0 0.415873 0.773381 0.415873 0.794964 0.419048 0.798561 0.419048 0.802158 0.428571 0.802158 0.434921 0.794964 0.441270 0.794964 0.447619 0.787770 0.447619 0.780576 0.438095 0.773381 0.431746 0.773381 0.428571 0.769784 0.422222 0.769784 0.419048 0.773381
0 0.476190 0.769784 0.476190 0.784173 0.479365 0.787770 0.482540 0.787770 0.485714 0.791367 0.495238 0.791367 0.501587 0.784173 0.501587 0.780576 0.498413 0.776978 0.498413 0.773381 0.495238 0.773381 0.492063 0.769784
0 0.149206 0.776978 0.149206 0.780576 0.155556 0.787770 0.158730 0.784173 0.161905 0.784173 0.161905 0.776978 0.158730 0.773381 0.152381 0.773381
0 0.117460 0.780576 0.117460 0.798561 0.126984 0.809353 0.139683 0.809353 0.146032 0.798561 0.146032 0.791367 0.136508 0.780576 0.133333 0.780576 0.130159 0.776978 0.123810 0.776978 0.120635 0.780576
0 0.168254 0.787770 0.168254 0.794964 0.174603 0.805755 0.196825 0.805755 0.203175 0.798561 0.200000 0.794964 0.200000 0.791367 0.193651 0.784173 0.193651 0.780576 0.190476 0.780576 0.187302 0.776978 0.180952 0.776978 0.177778 0.780576 0.174603 0.780576
0 0.857143 0.784173 0.857143 0.787770 0.863492 0.794964 0.866667 0.794964 0.869841 0.798561 0.879365 0.798561 0.882540 0.802158 0.888889 0.802158 0.892063 0.798561 0.895238 0.798561 0.895238 0.784173 0.892063 0.784173 0.888889 0.780576 0.882540 0.780576 0.879365 0.776978 0.863492 0.776978
0 0.917460 0.776978 0.914286 0.780576 0.907937 0.780576 0.904762 0.784173 0.904762 0.798561 0.907937 0.798561 0.914286 0.805755 0.917460 0.805755 0.920635 0.809353 0.923810 0.805755 0.926984 0.805755 0.936508 0.794964 0.936508 0.787770 0.933333 0.784173 0.930159 0.784173 0.926984 0.780576 0.923810 0.780576 0.920635 0.776978
0 0.631746 0.784173 0.631746 0.791367 0.634921 0.794964 0.641270 0.794964 0.644444 0.798561 0.647619 0.798561 0.657143 0.805755 0.663492 0.805755 0.666667 0.809353 0.676190 0.805755 0.676190 0.802158 0.679365 0.798561 0.679365 0.787770 0.669841 0.780576 0.653968 0.780576 0.650794 0.784173 0.634921 0.780576
0 0.761905 0.780576 0.758730 0.784173 0.758730 0.802158 0.761905 0.805755 0.761905 0.809353 0.771429 0.816547 0.780952 0.816547 0.787302 0.805755 0.784127 0.802158 0.784127 0.798561 0.780952 0.794964 0.780952 0.791367 0.774603 0.784173 0.771429 0.784173 0.768254 0.780576
0 0.384127 0.791367 0.377778 0.798561 0.377778 0.802158 0.380952 0.805755 0.380952 0.812950 0.387302 0.820144 0.400000 0.820144 0.406349 0.809353 0.406349 0.805755 0.403175 0.802158 0.403175 0.798561 0.396825 0.791367
0 0.523810 0.802158 0.523810 0.816547 0.530159 0.823741 0.533333 0.820144 0.536508 0.823741 0.539683 0.820144 0.558730 0.820144 0.561905 0.816547 0.558730 0.812950 0.558730 0.809353 0.555556 0.809353 0.546032 0.798561 0.539683 0.798561 0.536508 0.794964 0.533333 0.794964
0 0.492063 0.802158 0.482540 0.805755 0.476190 0.812950 0.476190 0.820144 0.469841 0.827338 0.473016 0.830935 0.473016 0.841727 0.485714 0.852518 0.492063 0.852518 0.498413 0.845324 0.498413 0.841727 0.501587 0.838129 0.501587 0.830935 0.504762 0.827338 0.504762 0.816547 0.501587 0.812950 0.501587 0.809353
0 0.704762 0.802158 0.698413 0.809353 0.698413 0.820144 0.695238 0.823741 0.698413 0.827338 0.698413 0.834532 0.704762 0.848921 0.720635 0.863309 0.733333 0.856115 0.736508 0.848921 0.736508 0.830935 0.739683 0.827338 0.736508 0.820144 0.723810 0.805755 0.717460 0.802158
0 0.742857 0.809353 0.742857 0.812950 0.739683 0.816547 0.739683 0.823741 0.746032 0.823741 0.749206 0.827338 0.761905 0.827338 0.761905 0.820144 0.758730 0.816547 0.758730 0.812950 0.755556 0.809353
0 0.892063 0.823741 0.892063 0.834532 0.895238 0.838129 0.895238 0.841727 0.904762 0.848921 0.926984 0.848921 0.936508 0.834532 0.933333 0.830935 0.933333 0.823741 0.923810 0.812950 0.920635 0.812950 0.917460 0.809353 0.914286 0.809353 0.911111 0.812950 0.904762 0.812950
0 0.993651 0.809353 0.990476 0.812950 0.987302 0.812950 0.987302 0.830935 0.990476 0.830935 0.993651 0.834532
0 0.866667 0.820144 0.857143 0.830935 0.857143 0.838129 0.860317 0.841727 0.860317 0.845324 0.869841 0.856115 0.888889 0.856115 0.895238 0.848921 0.895238 0.845324 0.888889 0.834532 0.888889 0.827338 0.885714 0.823741 0.879365 0.823741 0.876190 0.820144
0 0.422222 0.830935 0.422222 0.838129 0.425397 0.841727 0.441270 0.841727 0.447619 0.834532 0.444444 0.830935 0.444444 0.827338 0.438095 0.827338 0.434921 0.823741 0.428571 0.823741
0 0.450794 0.827338 0.450794 0.838129 0.453968 0.838129 0.457143 0.841727 0.469841 0.841727 0.469841 0.830935 0.466667 0.827338 0.463492 0.827338 0.460317 0.823741 0.457143 0.827338
0 0.600000 0.823741 0.590476 0.823741 0.580952 0.834532 0.580952 0.838129 0.577778 0.841727 0.577778 0.852518 0.584127 0.859712 0.593651 0.859712 0.600000 0.852518 0.600000 0.845324 0.603175 0.841727 0.603175 0.827338
0 0.139683 0.834532 0.142857 0.838129 0.142857 0.841727 0.149206 0.852518 0.152381 0.852518 0.155556 0.856115 0.168254 0.856115 0.168254 0.841727 0.158730 0.830935 0.155556 0.830935 0.152381 0.827338 0.146032 0.827338
0 0.346032 0.827338 0.342857 0.830935 0.342857 0.834532 0.346032 0.838129 0.349206 0.848921 0.352381 0.848921 0.358730 0.856115 0.358730 0.859712 0.368254 0.863309 0.374603 0.856115 0.374603 0.845324 0.368254 0.838129 0.368254 0.830935 0.358730 0.830935 0.355556 0.834532 0.349206 0.827338
0 0.092063 0.830935 0.088889 0.834532 0.088889 0.856115 0.095238 0.866906 0.107937 0.866906 0.117460 0.856115 0.117460 0.841727 0.114286 0.838129 0.111111 0.838129 0.104762 0.830935
0 0.777778 0.834532 0.774603 0.838129 0.774603 0.848921 0.780952 0.856115 0.787302 0.856115 0.793651 0.848921 0.793651 0.838129 0.790476 0.834532
0 0.638095 0.856115 0.638095 0.863309 0.644444 0.870504 0.650794 0.870504 0.653968 0.874101 0.657143 0.874101 0.660317 0.870504 0.685714 0.870504 0.685714 0.866906 0.688889 0.863309 0.685714 0.859712 0.685714 0.852518 0.676190 0.841727 0.657143 0.841727 0.653968 0.845324 0.647619 0.845324
0 0.317460 0.848921 0.317460 0.852518 0.314286 0.856115 0.314286 0.859712 0.317460 0.863309 0.317460 0.866906 0.326984 0.877698 0.339683 0.877698 0.339683 0.870504 0.326984 0.856115 0.326984 0.852518 0.323810 0.848921
0 0.765079 0.859712 0.765079 0.874101 0.768254 0.874101 0.771429 0.877698 0.777778 0.877698 0.780952 0.874101 0.780952 0.870504 0.771429 0.859712
0 0.171429 0.870504 0.171429 0.881295 0.184127 0.895683 0.193651 0.895683 0.196825 0.892086 0.200000 0.892086 0.200000 0.888489 0.203175 0.884892 0.203175 0.881295 0.193651 0.870504 0.184127 0.870504 0.180952 0.866906 0.177778 0.870504
0 0.730159 0.874101 0.730159 0.881295 0.736508 0.888489 0.749206 0.888489 0.752381 0.884892 0.752381 0.881295 0.755556 0.877698 0.755556 0.874101 0.752381 0.870504 0.749206 0.870504 0.746032 0.866906 0.739683 0.866906 0.736508 0.870504 0.733333 0.870504
