0 0.608280 0.154122 0.601911 0.161290 0.605096 0.164875 0.605096 0.175627 0.611465 0.175627 0.614650 0.172043 0.617834 0.172043 0.617834 0.164875
0 0.592357 0.179211 0.592357 0.182796 0.589172 0.186380 0.589172 0.193548 0.592357 0.197133 0.592357 0.204301 0.598726 0.211470 0.601911 0.211470 0.608280 0.204301 0.608280 0.189964 0.601911 0.182796 0.601911 0.179211
0 0.321656 0.215054 0.308917 0.215054 0.289809 0.236559 0.289809 0.240143 0.283439 0.247312 0.283439 0.261649 0.289809 0.268817 0.292994 0.268817 0.299363 0.261649 0.299363 0.258065 0.312102 0.243728 0.312102 0.240143 0.321656 0.225806
0 0.143312 0.222222 0.140127 0.222222 0.136943 0.225806 0.133758 0.225806 0.130573 0.229391 0.130573 0.232975 0.127389 0.236559 0.127389 0.247312 0.133758 0.254480 0.143312 0.254480 0.149682 0.247312 0.149682 0.243728 0.152866 0.240143 0.152866 0.236559 0.149682 0.232975 0.149682 0.229391
0 0.270701 0.229391 0.267516 0.225806 0.264331 0.225806 0.261146 0.229391 0.257962 0.229391 0.254777 0.232975 0.251592 0.232975 0.248408 0.236559 0.238854 0.240143 0.232484 0.250896 0.232484 0.261649 0.248408 0.261649 0.251592 0.258065 0.257962 0.258065 0.267516 0.247312 0.267516 0.243728 0.270701 0.240143
0 0.748408 0.225806 0.742038 0.232975 0.742038 0.236559 0.738854 0.240143 0.738854 0.254480 0.748408 0.265233 0.757962 0.268817 0.764331 0.261649 0.764331 0.250896 0.761146 0.247312 0.761146 0.240143 0.757962 0.236559 0.757962 0.229391 0.754777 0.225806
0 0.878981 0.229391 0.878981 0.240143 0.882166 0.243728 0.882166 0.247312 0.885350 0.250896 0.885350 0.254480 0.891720 0.261649 0.901274 0.261649 0.904459 0.258065 0.904459 0.247312 0.901274 0.243728 0.901274 0.240143 0.898089 0.236559 0.894904 0.236559 0.888535 0.229391
0 0.286624 0.268817 0.283439 0.265233 0.280255 0.265233 0.277070 0.268817 0.270701 0.268817 0.267516 0.272401 0.257962 0.275986 0.248408 0.286738 0.248408 0.290323 0.238854 0.301075 0.238854 0.304659 0.242038 0.304659 0.245223 0.308244 0.248408 0.304659 0.264331 0.304659 0.277070 0.293907
0 0.391720 0.318996 0.388535 0.322581 0.385350 0.322581 0.375796 0.333333 0.375796 0.336918 0.372611 0.340502 0.372611 0.347670 0.369427 0.351254 0.369427 0.369176 0.372611 0.372760 0.378981 0.372760 0.385350 0.362007 0.385350 0.354839 0.388535 0.351254 0.388535 0.340502 0.391720 0.336918
0 0.656051 0.322581 0.649682 0.329749 0.649682 0.347670 0.652866 0.351254 0.652866 0.354839 0.659236 0.362007 0.668790 0.362007 0.675159 0.354839 0.675159 0.344086 0.671975 0.340502 0.671975 0.336918 0.668790 0.333333 0.668790 0.329749 0.662420 0.322581
0 0.248408 0.358423 0.242038 0.358423 0.238854 0.362007 0.235669 0.362007 0.232484 0.365591 0.232484 0.372760 0.229299 0.376344 0.229299 0.405018 0.235669 0.412186 0.242038 0.412186 0.261146 0.383513 0.261146 0.369176
0 0.152866 0.365591 0.149682 0.369176 0.149682 0.376344 0.152866 0.379928 0.152866 0.394265 0.159236 0.401434 0.162420 0.397849 0.165605 0.397849 0.165605 0.394265 0.168790 0.390681 0.165605 0.387097 0.165605 0.372760 0.162420 0.369176 0.162420 0.365591
0 0.910828 0.379928 0.907643 0.379928 0.907643 0.387097 0.901274 0.394265 0.894904 0.394265 0.888535 0.401434 0.888535 0.405018 0.875796 0.422939 0.869427 0.437276 0.869427 0.448029 0.872611 0.451613 0.882166 0.451613 0.898089 0.430108 0.904459 0.405018 0.914013 0.387097
0 0.703822 0.405018 0.697452 0.412186 0.697452 0.455197 0.700637 0.458781 0.700637 0.462366 0.703822 0.465950 0.707006 0.465950 0.707006 0.462366 0.710191 0.458781 0.710191 0.448029 0.713376 0.444444 0.713376 0.422939 0.710191 0.419355 0.710191 0.408602 0.707006 0.405018
0 0.054140 0.412186 0.047771 0.412186 0.044586 0.415771 0.044586 0.422939 0.041401 0.426523 0.041401 0.448029 0.038217 0.451613 0.038217 0.455197 0.041401 0.458781 0.041401 0.465950 0.047771 0.465950 0.047771 0.462366 0.054140 0.451613 0.054140 0.440860 0.057325 0.437276 0.057325 0.419355 0.054140 0.415771
0 0.585987 0.419355 0.582803 0.422939 0.582803 0.437276 0.585987 0.440860 0.585987 0.448029 0.589172 0.451613 0.598726 0.451613 0.601911 0.448029 0.601911 0.437276 0.598726 0.433692 0.598726 0.430108 0.589172 0.419355
0 0.665605 0.451613 0.665605 0.458781 0.662420 0.462366 0.662420 0.469534 0.665605 0.473118 0.675159 0.473118 0.675159 0.458781 0.671975 0.455197 0.671975 0.451613
0 0.649682 0.480287 0.646497 0.480287 0.640127 0.487455 0.643312 0.491039 0.643312 0.498208 0.649682 0.498208 0.652866 0.494624 0.652866 0.483871
0 0.410828 0.494624 0.407643 0.498208 0.407643 0.512545 0.410828 0.516129 0.410828 0.523297 0.417197 0.530466 0.417197 0.534050 0.426752 0.537634 0.429936 0.534050 0.429936 0.526882 0.433121 0.523297 0.433121 0.508961 0.426752 0.501792 0.426752 0.498208 0.423567 0.494624
0 0.152866 0.512545 0.140127 0.512545 0.136943 0.516129 0.133758 0.516129 0.127389 0.523297 0.127389 0.526882 0.124204 0.530466 0.124204 0.541219 0.127389 0.541219 0.130573 0.544803 0.133758 0.541219 0.140127 0.541219 0.149682 0.530466 0.149682 0.526882 0.152866 0.523297
0 0.640127 0.523297 0.640127 0.534050 0.646497 0.541219 0.649682 0.541219 0.652866 0.544803 0.662420 0.544803 0.665605 0.541219 0.668790 0.541219 0.668790 0.537634 0.671975 0.534050 0.671975 0.526882 0.665605 0.519713 0.662420 0.519713 0.659236 0.516129 0.649682 0.516129
0 0.576433 0.519713 0.563694 0.534050 0.563694 0.559140 0.570064 0.566308 0.573248 0.566308 0.579618 0.559140 0.579618 0.523297
0 0.847134 0.519713 0.840764 0.519713 0.840764 0.523297 0.837580 0.526882 0.837580 0.530466 0.828025 0.541219 0.828025 0.548387 0.834395 0.548387 0.843949 0.537634 0.847134 0.537634 0.850318 0.534050 0.850318 0.523297
0 0.028662 0.541219 0.028662 0.551971 0.035032 0.559140 0.057325 0.559140 0.063694 0.548387 0.060510 0.544803 0.060510 0.541219 0.054140 0.534050 0.047771 0.534050 0.044586 0.530466 0.041401 0.534050 0.035032 0.534050
0 0.108280 0.555556 0.101911 0.555556 0.098726 0.559140 0.095541 0.559140 0.082803 0.573477 0.082803 0.577061 0.076433 0.584229 0.079618 0.587814 0.082803 0.587814 0.085987 0.584229 0.092357 0.584229 0.105096 0.569892 0.108280 0.569892 0.108280 0.566308 0.111465 0.562724 0.108280 0.559140
0 0.044586 0.587814 0.038217 0.580645 0.022293 0.580645 0.019108 0.584229 0.009554 0.587814 0.003185 0.594982 0.003185 0.598566 0.012739 0.605735 0.025478 0.605735 0.028662 0.602151 0.035032 0.602151 0.038217 0.598566 0.041401 0.598566
0 0.592357 0.580645 0.579618 0.584229 0.557325 0.612903 0.554140 0.641577 0.560510 0.648746 0.570064 0.648746 0.582803 0.637993 0.595541 0.609319 0.595541 0.594982 0.598726 0.591398
0 0.385350 0.594982 0.378981 0.594982 0.369427 0.605735 0.369427 0.616487 0.372611 0.620072 0.372611 0.623656 0.375796 0.623656 0.378981 0.627240 0.382166 0.623656 0.388535 0.623656 0.391720 0.620072 0.391720 0.602151
0 0.089172 0.612903 0.085987 0.609319 0.073248 0.609319 0.070064 0.612903 0.060510 0.616487 0.050955 0.627240 0.050955 0.637993 0.054140 0.641577 0.066879 0.641577 0.070064 0.637993 0.073248 0.637993 0.079618 0.630824 0.082803 0.630824 0.082803 0.627240 0.089172 0.620072
0 0.716561 0.612903 0.713376 0.612903 0.710191 0.616487 0.710191 0.620072 0.707006 0.623656 0.707006 0.634409 0.703822 0.637993 0.703822 0.663082 0.710191 0.670251 0.713376 0.670251 0.719745 0.663082 0.719745 0.655914 0.722930 0.652330 0.722930 0.637993 0.719745 0.634409 0.719745 0.620072 0.716561 0.616487
0 0.312102 0.637993 0.308917 0.637993 0.292994 0.655914 0.292994 0.663082 0.296178 0.666667 0.299363 0.666667 0.302548 0.663082 0.305732 0.663082 0.305732 0.659498 0.315287 0.648746 0.315287 0.641577
0 0.044586 0.673835 0.035032 0.673835 0.022293 0.688172 0.012739 0.691756 0.003185 0.702509 0.000000 0.709677 0.000000 0.724014 0.003185 0.727599 0.019108 0.720430 0.028662 0.709677 0.028662 0.706093 0.035032 0.698925 0.038217 0.698925 0.038217 0.695341 0.047771 0.681004
0 0.738854 0.688172 0.732484 0.688172 0.726115 0.695341 0.726115 0.709677 0.729299 0.713262 0.732484 0.713262 0.735669 0.716846 0.738854 0.713262 0.738854 0.709677 0.742038 0.706093 0.742038 0.691756
0 0.808917 0.688172 0.799363 0.688172 0.792994 0.698925 0.792994 0.716846 0.789809 0.720430 0.789809 0.734767 0.792994 0.738351 0.792994 0.741935 0.799363 0.741935 0.812102 0.727599 0.812102 0.724014 0.815287 0.720430 0.815287 0.698925
0 0.324841 0.695341 0.321656 0.698925 0.321656 0.702509 0.315287 0.709677 0.315287 0.716846 0.312102 0.720430 0.312102 0.727599 0.315287 0.731183 0.315287 0.738351 0.318471 0.741935 0.318471 0.745520 0.321656 0.745520 0.324841 0.749104 0.331210 0.749104 0.331210 0.724014 0.324841 0.713262 0.324841 0.709677 0.328025 0.706093 0.328025 0.695341
0 0.726115 0.713262 0.726115 0.716846 0.722930 0.720430 0.716561 0.720430 0.716561 0.727599 0.722930 0.734767 0.722930 0.741935 0.735669 0.741935 0.735669 0.727599 0.732484 0.724014 0.732484 0.716846 0.729299 0.716846
0 0.761146 0.731183 0.751592 0.731183 0.748408 0.734767 0.748408 0.738351 0.745223 0.741935 0.745223 0.745520 0.742038 0.749104 0.742038 0.756272 0.748408 0.763441 0.751592 0.759857 0.754777 0.759857 0.754777 0.756272 0.757962 0.752688 0.757962 0.745520 0.761146 0.741935
0 0.703822 0.738351 0.694268 0.745520 0.694268 0.749104 0.691083 0.752688 0.691083 0.763441 0.697452 0.774194 0.713376 0.774194 0.719745 0.763441 0.719745 0.745520 0.710191 0.738351
0 0.022293 0.741935 0.015924 0.741935 0.003185 0.752688 0.003185 0.781362 0.000000 0.784946 0.000000 0.799283 0.003185 0.802867 0.012739 0.788530 0.012739 0.784946 0.015924 0.781362 0.015924 0.774194 0.022293 0.763441 0.022293 0.756272 0.025478 0.752688 0.025478 0.745520
0 0.315287 0.749104 0.305732 0.759857 0.305732 0.767025 0.315287 0.777778 0.321656 0.777778 0.324841 0.774194 0.328025 0.774194 0.328025 0.770609 0.331210 0.767025 0.331210 0.759857 0.328025 0.756272 0.328025 0.752688 0.324841 0.752688 0.321656 0.749104
0 0.796178 0.756272 0.786624 0.767025 0.786624 0.781362 0.792994 0.781362 0.796178 0.784946 0.802548 0.784946 0.805732 0.788530 0.808917 0.784946 0.808917 0.763441 0.802548 0.756272
0 0.535032 0.759857 0.528662 0.759857 0.525478 0.763441 0.525478 0.767025 0.522293 0.770609 0.522293 0.792115 0.525478 0.795699 0.528662 0.795699 0.531847 0.792115 0.531847 0.788530 0.535032 0.784946 0.535032 0.781362 0.538217 0.777778 0.538217 0.763441
0 0.691083 0.784946 0.684713 0.784946 0.678344 0.792115 0.675159 0.802867 0.665605 0.813620 0.665605 0.817204 0.671975 0.824373 0.681529 0.820789 0.687898 0.813620 0.691083 0.813620 0.694268 0.810036 0.694268 0.806452 0.697452 0.802867 0.697452 0.795699
0 0.786624 0.784946 0.780255 0.795699 0.780255 0.810036 0.792994 0.824373 0.802548 0.824373 0.805732 0.820789 0.805732 0.792115 0.802548 0.788530 0.796178 0.788530 0.792994 0.784946
0 0.611465 0.792115 0.608280 0.795699 0.608280 0.813620 0.617834 0.824373 0.633758 0.824373 0.636943 0.820789 0.636943 0.813620 0.633758 0.810036 0.633758 0.806452 0.621019 0.792115
0 0.764331 0.810036 0.757962 0.817204 0.757962 0.820789 0.754777 0.824373 0.754777 0.831541 0.751592 0.835125 0.751592 0.838710 0.761146 0.845878 0.773885 0.845878 0.777070 0.842294 0.777070 0.820789 0.770701 0.810036
0 0.455414 0.824373 0.452229 0.820789 0.445860 0.820789 0.442675 0.824373 0.433121 0.824373 0.429936 0.827957 0.429936 0.835125 0.449045 0.835125 0.455414 0.827957
0 0.713376 0.820789 0.707006 0.827957 0.707006 0.842294 0.710191 0.845878 0.710191 0.849462 0.713376 0.849462 0.716561 0.853047 0.722930 0.853047 0.732484 0.845878 0.732484 0.824373 0.729299 0.820789
0 0.853503 0.835125 0.847134 0.838710 0.837580 0.849462 0.837580 0.874552 0.840764 0.881720 0.850318 0.888889 0.869427 0.888889 0.872611 0.881720 0.872611 0.874552 0.875796 0.870968 0.875796 0.863799 0.872611 0.860215 0.872611 0.849462 0.866242 0.842294
0 0.652866 0.838710 0.643312 0.849462 0.643312 0.856631 0.659236 0.874552 0.662420 0.874552 0.665605 0.878136 0.671975 0.878136 0.678344 0.870968 0.678344 0.863799 0.681529 0.860215 0.681529 0.849462 0.665605 0.838710
0 0.213376 0.842294 0.207006 0.845878 0.197452 0.867384 0.194268 0.885305 0.191083 0.888889 0.191083 0.913978 0.194268 0.917563 0.197452 0.917563 0.203822 0.910394 0.207006 0.896057 0.210191 0.892473 0.210191 0.885305 0.216561 0.874552 0.216561 0.845878
0 0.162420 0.867384 0.152866 0.867384 0.140127 0.878136 0.130573 0.881720 0.111465 0.903226 0.108280 0.924731 0.111465 0.928315 0.117834 0.928315 0.136943 0.910394 0.140127 0.910394 0.162420 0.885305 0.165605 0.878136
0 0.557325 0.878136 0.550955 0.885305 0.550955 0.896057 0.554140 0.899642 0.554140 0.906810 0.560510 0.913978 0.566879 0.913978 0.570064 0.910394 0.573248 0.910394 0.573248 0.906810 0.576433 0.903226 0.576433 0.892473 0.570064 0.881720 0.566879 0.881720 0.563694 0.878136
0 0.742038 0.881720 0.738854 0.885305 0.738854 0.888889 0.735669 0.892473 0.735669 0.896057 0.738854 0.899642 0.738854 0.906810 0.745223 0.913978 0.751592 0.913978 0.761146 0.906810 0.761146 0.899642 0.754777 0.888889 0.754777 0.881720
0 0.175159 0.903226 0.165605 0.906810 0.159236 0.913978 0.159236 0.921147 0.156051 0.924731 0.156051 0.935484 0.159236 0.939068 0.159236 0.942652 0.168790 0.953405 0.175159 0.953405 0.178344 0.949821 0.178344 0.913978 0.175159 0.910394
0 0.700637 0.903226 0.691083 0.913978 0.691083 0.921147 0.694268 0.924731 0.694268 0.928315 0.700637 0.935484 0.703822 0.935484 0.707006 0.939068 0.719745 0.939068 0.726115 0.928315 0.726115 0.917563 0.722930 0.913978 0.722930 0.910394 0.716561 0.903226
0 0.847134 0.913978 0.840764 0.913978 0.837580 0.917563 0.834395 0.917563 0.824841 0.928315 0.824841 0.931900 0.821656 0.935484 0.821656 0.946237 0.828025 0.953405 0.831210 0.953405 0.834395 0.956989 0.843949 0.953405 0.850318 0.942652 0.850318 0.917563
0 0.471338 0.978495 0.471338 0.985663 0.474522 0.989247 0.474522 0.992832 0.490446 0.992832 0.493631 0.989247 0.493631 0.985663 0.490446 0.982079 0.487261 0.982079 0.484076 0.978495
0 0.506369 0.992832 0.509554 0.996416 0.515924 0.996416 0.519108 0.992832 0.522293 0.996416 0.531847 0.996416 0.535032 0.992832 0.531847 0.989247 0.531847 0.985663 0.528662 0.985663 0.525478 0.982079 0.522293 0.982079 0.519108 0.985663 0.515924 0.982079 0.512739 0.985663 0.509554 0.985663 0.509554 0.989247
