0 0.168254 0.100358 0.165079 0.103943 0.161905 0.103943 0.161905 0.118280 0.165079 0.121864 0.165079 0.125448 0.171429 0.132616 0.177778 0.132616 0.184127 0.125448 0.184127 0.107527 0.180952 0.103943 0.177778 0.103943 0.174603 0.100358
0 0.215873 0.107527 0.215873 0.118280 0.219048 0.121864 0.219048 0.125448 0.222222 0.125448 0.225397 0.129032 0.231746 0.129032 0.234921 0.125448 0.238095 0.125448 0.238095 0.114695 0.228571 0.103943 0.219048 0.103943
0 0.993651 0.111111 0.993651 0.118280 0.990476 0.121864 0.990476 0.125448 0.993651 0.129032 0.993651 0.136201 0.996825 0.136201 0.996825 0.114695
0 0.339683 0.118280 0.336508 0.118280 0.333333 0.121864 0.330159 0.121864 0.323810 0.129032 0.330159 0.136201 0.339683 0.136201 0.339683 0.132616 0.342857 0.129032 0.342857 0.125448 0.339683 0.121864
0 0.914286 0.125448 0.911111 0.129032 0.907937 0.129032 0.907937 0.139785 0.911111 0.143369 0.911111 0.150538 0.920635 0.161290 0.923810 0.161290 0.926984 0.157706 0.926984 0.139785 0.923810 0.136201 0.923810 0.132616 0.920635 0.129032 0.917460 0.129032
0 0.723810 0.129032 0.711111 0.139785 0.701587 0.143369 0.692063 0.154122 0.692063 0.172043 0.701587 0.186380 0.711111 0.186380 0.730159 0.164875 0.730159 0.146953 0.726984 0.143369 0.726984 0.132616
0 0.765079 0.129032 0.761905 0.132616 0.761905 0.136201 0.758730 0.139785 0.761905 0.143369 0.761905 0.146953 0.771429 0.146953 0.777778 0.139785 0.777778 0.132616 0.774603 0.129032
0 0.955556 0.129032 0.952381 0.132616 0.952381 0.136201 0.949206 0.139785 0.949206 0.143369 0.952381 0.146953 0.952381 0.154122 0.958730 0.161290 0.965079 0.161290 0.971429 0.154122 0.971429 0.136201 0.965079 0.129032
0 0.253968 0.136201 0.250794 0.139785 0.247619 0.139785 0.241270 0.146953 0.241270 0.161290 0.244444 0.164875 0.247619 0.164875 0.250794 0.168459 0.257143 0.168459 0.263492 0.161290 0.263492 0.143369 0.260317 0.139785 0.257143 0.139785
0 0.292063 0.136201 0.285714 0.143369 0.285714 0.154122 0.288889 0.157706 0.288889 0.161290 0.292063 0.164875 0.304762 0.164875 0.307937 0.161290 0.307937 0.157706 0.311111 0.154122 0.307937 0.150538 0.307937 0.146953 0.301587 0.139785 0.298413 0.139785 0.295238 0.136201
0 0.653968 0.143369 0.647619 0.143369 0.641270 0.150538 0.641270 0.154122 0.638095 0.157706 0.638095 0.175627 0.641270 0.179211 0.647619 0.179211 0.650794 0.175627 0.650794 0.168459 0.653968 0.164875 0.653968 0.161290 0.657143 0.157706 0.657143 0.146953
0 0.860317 0.146953 0.857143 0.150538 0.857143 0.161290 0.866667 0.172043 0.876190 0.172043 0.882540 0.164875 0.882540 0.157706 0.879365 0.154122 0.879365 0.150538 0.876190 0.146953 0.873016 0.146953 0.869841 0.143369 0.866667 0.143369 0.863492 0.146953
0 0.161905 0.146953 0.152381 0.146953 0.152381 0.150538 0.142857 0.161290 0.142857 0.168459 0.149206 0.175627 0.155556 0.175627 0.158730 0.172043 0.161905 0.172043 0.161905 0.168459 0.165079 0.164875 0.165079 0.157706 0.161905 0.154122
0 0.180952 0.154122 0.180952 0.164875 0.187302 0.172043 0.203175 0.172043 0.203175 0.150538 0.200000 0.150538 0.196825 0.146953 0.193651 0.146953 0.190476 0.150538 0.187302 0.150538 0.184127 0.154122
0 0.580952 0.146953 0.580952 0.154122 0.584127 0.157706 0.584127 0.164875 0.587302 0.168459 0.590476 0.168459 0.596825 0.161290 0.596825 0.154122 0.590476 0.146953
0 0.371429 0.154122 0.371429 0.157706 0.374603 0.161290 0.377778 0.161290 0.380952 0.164875 0.384127 0.164875 0.387302 0.168459 0.390476 0.168459 0.390476 0.164875 0.393651 0.161290 0.393651 0.157706 0.390476 0.154122 0.384127 0.154122 0.380952 0.150538 0.377778 0.154122
0 0.368254 0.154122 0.358730 0.154122 0.355556 0.157706 0.355556 0.161290 0.352381 0.164875 0.352381 0.172043 0.349206 0.175627 0.352381 0.179211 0.352381 0.182796 0.355556 0.186380 0.361905 0.186380 0.368254 0.179211 0.368254 0.164875 0.371429 0.161290 0.368254 0.157706
0 0.546032 0.157706 0.539683 0.157706 0.533333 0.164875 0.533333 0.168459 0.526984 0.175627 0.526984 0.182796 0.530159 0.182796 0.536508 0.189964 0.539683 0.189964 0.546032 0.182796 0.546032 0.164875 0.549206 0.161290
0 0.323810 0.168459 0.314286 0.179211 0.314286 0.182796 0.317460 0.186380 0.317460 0.189964 0.320635 0.189964 0.323810 0.193548 0.333333 0.193548 0.336508 0.189964 0.336508 0.186380 0.339683 0.182796 0.339683 0.179211 0.336508 0.175627 0.336508 0.172043 0.333333 0.168459
0 0.517460 0.172043 0.514286 0.168459 0.507937 0.168459 0.504762 0.172043 0.501587 0.172043 0.501587 0.175627 0.498413 0.179211 0.498413 0.182796 0.501587 0.186380 0.514286 0.186380 0.520635 0.179211 0.517460 0.175627
0 0.619048 0.172043 0.612698 0.172043 0.609524 0.175627 0.609524 0.179211 0.606349 0.182796 0.606349 0.200717 0.619048 0.200717 0.622222 0.197133 0.622222 0.193548 0.625397 0.189964 0.625397 0.179211
0 0.984127 0.172043 0.980952 0.172043 0.977778 0.175627 0.977778 0.182796 0.974603 0.186380 0.974603 0.189964 0.971429 0.193548 0.971429 0.197133 0.974603 0.200717 0.980952 0.200717 0.984127 0.197133
0 0.200000 0.179211 0.200000 0.186380 0.203175 0.189964 0.203175 0.193548 0.206349 0.193548 0.209524 0.197133 0.222222 0.197133 0.222222 0.193548 0.225397 0.189964 0.225397 0.179211 0.222222 0.175627 0.203175 0.175627
0 0.933333 0.175627 0.920635 0.175627 0.917460 0.179211 0.917460 0.182796 0.914286 0.186380 0.914286 0.193548 0.917460 0.197133 0.917460 0.200717 0.926984 0.200717 0.930159 0.197133 0.933333 0.197133 0.936508 0.193548 0.936508 0.189964 0.939683 0.186380 0.939683 0.182796
0 0.380952 0.179211 0.380952 0.182796 0.377778 0.186380 0.377778 0.200717 0.380952 0.204301 0.384127 0.204301 0.387302 0.207885 0.390476 0.207885 0.393651 0.204301 0.396825 0.204301 0.400000 0.200717 0.400000 0.197133 0.403175 0.193548 0.403175 0.189964 0.396825 0.182796 0.393651 0.182796 0.390476 0.179211
0 0.428571 0.179211 0.428571 0.189964 0.431746 0.193548 0.438095 0.193548 0.444444 0.186380 0.444444 0.182796 0.441270 0.179211
0 0.746032 0.186380 0.742857 0.186380 0.739683 0.182796 0.736508 0.186380 0.730159 0.186380 0.723810 0.193548 0.723810 0.200717 0.726984 0.204301 0.726984 0.207885 0.730159 0.211470 0.746032 0.211470 0.746032 0.207885 0.749206 0.204301 0.749206 0.193548 0.746032 0.189964
0 0.895238 0.186380 0.882540 0.186380 0.879365 0.189964 0.879365 0.200717 0.882540 0.204301 0.882540 0.211470 0.885714 0.215054 0.888889 0.215054 0.895238 0.207885 0.895238 0.197133 0.898413 0.193548 0.895238 0.189964
0 0.247619 0.189964 0.244444 0.193548 0.241270 0.193548 0.238095 0.197133 0.238095 0.211470 0.244444 0.218638 0.253968 0.218638 0.257143 0.215054 0.257143 0.211470 0.260317 0.207885 0.260317 0.204301 0.257143 0.200717 0.257143 0.197133 0.253968 0.193548 0.250794 0.193548
0 0.279365 0.189964 0.273016 0.197133 0.273016 0.211470 0.282540 0.222222 0.285714 0.222222 0.295238 0.211470 0.295238 0.197133 0.288889 0.189964
0 0.561905 0.189964 0.558730 0.193548 0.558730 0.200717 0.561905 0.204301 0.565079 0.204301 0.568254 0.207885 0.571429 0.207885 0.577778 0.200717 0.577778 0.197133 0.574603 0.193548 0.571429 0.193548 0.568254 0.189964
0 0.441270 0.204301 0.444444 0.207885 0.444444 0.211470 0.447619 0.211470 0.450794 0.215054 0.453968 0.211470 0.463492 0.211470 0.469841 0.204301 0.469841 0.200717 0.463492 0.193548 0.447619 0.193548 0.444444 0.197133 0.444444 0.200717
0 0.120635 0.200717 0.114286 0.200717 0.104762 0.207885 0.104762 0.211470 0.101587 0.215054 0.101587 0.225806 0.104762 0.229391 0.104762 0.232975 0.114286 0.232975 0.120635 0.225806 0.120635 0.222222 0.126984 0.215054 0.126984 0.207885
0 0.580952 0.211470 0.577778 0.211470 0.568254 0.222222 0.568254 0.236559 0.571429 0.240143 0.580952 0.240143 0.580952 0.232975 0.584127 0.229391 0.584127 0.215054
0 0.517460 0.218638 0.511111 0.218638 0.507937 0.222222 0.504762 0.222222 0.504762 0.225806 0.501587 0.229391 0.501587 0.236559 0.504762 0.240143 0.517460 0.240143 0.520635 0.236559 0.520635 0.222222
0 0.542857 0.218638 0.539683 0.222222 0.539683 0.229391 0.536508 0.232975 0.539683 0.236559 0.539683 0.243728 0.546032 0.250896 0.549206 0.250896 0.552381 0.254480 0.558730 0.254480 0.561905 0.258065 0.561905 0.250896 0.558730 0.247312 0.558730 0.240143 0.555556 0.236559 0.555556 0.225806 0.549206 0.218638
0 0.142857 0.222222 0.139683 0.225806 0.139683 0.229391 0.136508 0.232975 0.136508 0.240143 0.139683 0.240143 0.142857 0.243728 0.155556 0.243728 0.158730 0.240143 0.158730 0.229391 0.152381 0.222222
0 0.412698 0.222222 0.409524 0.225806 0.409524 0.229391 0.406349 0.232975 0.406349 0.243728 0.409524 0.247312 0.419048 0.247312 0.422222 0.243728 0.422222 0.240143 0.425397 0.236559 0.425397 0.225806 0.422222 0.222222
0 0.761905 0.225806 0.755556 0.232975 0.755556 0.247312 0.765079 0.258065 0.771429 0.258065 0.777778 0.250896 0.780952 0.250896 0.787302 0.243728 0.787302 0.240143 0.780952 0.232975 0.774603 0.232975 0.771429 0.229391 0.768254 0.229391 0.765079 0.225806
0 0.606349 0.229391 0.596825 0.229391 0.593651 0.232975 0.593651 0.236559 0.590476 0.240143 0.590476 0.250896 0.593651 0.254480 0.596825 0.254480 0.600000 0.258065 0.603175 0.254480 0.609524 0.254480 0.609524 0.232975
0 0.377778 0.232975 0.374603 0.236559 0.374603 0.240143 0.371429 0.243728 0.371429 0.247312 0.374603 0.250896 0.374603 0.254480 0.377778 0.258065 0.380952 0.258065 0.384127 0.261649 0.387302 0.261649 0.393651 0.254480 0.393651 0.240143 0.387302 0.232975
0 0.250794 0.243728 0.250794 0.250896 0.260317 0.261649 0.266667 0.261649 0.269841 0.258065 0.273016 0.258065 0.276190 0.254480 0.276190 0.243728 0.269841 0.236559 0.257143 0.236559
0 0.463492 0.236559 0.457143 0.243728 0.457143 0.261649 0.460317 0.265233 0.460317 0.268817 0.469841 0.268817 0.469841 0.265233 0.473016 0.261649 0.473016 0.258065 0.476190 0.254480 0.476190 0.240143 0.473016 0.236559
0 0.196825 0.240143 0.193651 0.243728 0.193651 0.247312 0.190476 0.250896 0.190476 0.254480 0.193651 0.258065 0.193651 0.261649 0.196825 0.261649 0.200000 0.265233 0.212698 0.265233 0.215873 0.261649 0.215873 0.258065 0.219048 0.254480 0.219048 0.247312 0.212698 0.240143
0 0.307937 0.240143 0.304762 0.243728 0.301587 0.243728 0.298413 0.247312 0.298413 0.261649 0.301587 0.265233 0.304762 0.265233 0.307937 0.268817 0.311111 0.268817 0.314286 0.265233 0.317460 0.265233 0.317460 0.261649 0.320635 0.258065 0.320635 0.250896 0.317460 0.247312 0.317460 0.243728 0.314286 0.243728 0.311111 0.240143
0 0.438095 0.240143 0.428571 0.250896 0.428571 0.261649 0.434921 0.268817 0.434921 0.272401 0.438095 0.272401 0.441270 0.275986 0.444444 0.272401 0.447619 0.272401 0.447619 0.254480 0.444444 0.250896 0.444444 0.243728 0.441270 0.240143
0 0.676190 0.240143 0.669841 0.240143 0.666667 0.243728 0.666667 0.250896 0.673016 0.258065 0.676190 0.254480 0.676190 0.250896 0.679365 0.247312 0.676190 0.243728
0 0.711111 0.240143 0.701587 0.240143 0.692063 0.250896 0.692063 0.258065 0.695238 0.261649 0.695238 0.265233 0.698413 0.268817 0.704762 0.268817 0.707937 0.265233 0.707937 0.261649 0.714286 0.254480 0.714286 0.243728
0 0.828571 0.247312 0.828571 0.250896 0.825397 0.254480 0.825397 0.268817 0.828571 0.272401 0.834921 0.272401 0.841270 0.265233 0.838095 0.261649 0.838095 0.254480 0.831746 0.247312
0 0.857143 0.258065 0.853968 0.275986 0.857143 0.283154 0.866667 0.290323 0.882540 0.290323 0.895238 0.283154 0.901587 0.275986 0.901587 0.261649 0.895238 0.254480 0.882540 0.247312 0.869841 0.247312
0 0.644444 0.254480 0.641270 0.258065 0.641270 0.272401 0.644444 0.275986 0.650794 0.275986 0.653968 0.272401 0.653968 0.265233 0.650794 0.261649 0.650794 0.258065 0.647619 0.258065
0 0.517460 0.261649 0.517460 0.272401 0.523810 0.279570 0.542857 0.279570 0.542857 0.272401 0.533333 0.261649 0.530159 0.261649 0.526984 0.258065 0.520635 0.258065
0 0.155556 0.261649 0.146032 0.272401 0.146032 0.275986 0.149206 0.279570 0.149206 0.283154 0.155556 0.290323 0.161905 0.290323 0.165079 0.286738 0.168254 0.286738 0.171429 0.283154 0.171429 0.268817 0.168254 0.265233 0.165079 0.265233 0.161905 0.261649
0 0.495238 0.261649 0.492063 0.261649 0.488889 0.265233 0.488889 0.279570 0.495238 0.279570 0.498413 0.275986 0.498413 0.265233
0 0.571429 0.265233 0.568254 0.265233 0.565079 0.268817 0.565079 0.272401 0.561905 0.275986 0.558730 0.275986 0.558730 0.279570 0.561905 0.283154 0.568254 0.283154 0.574603 0.275986 0.574603 0.268817
0 0.980952 0.265233 0.977778 0.268817 0.977778 0.275986 0.980952 0.279570 0.980952 0.283154 0.984127 0.286738 0.984127 0.290323 0.990476 0.290323 0.993651 0.293907 0.993651 0.279570 0.987302 0.272401 0.987302 0.268817 0.984127 0.265233
0 0.622222 0.272401 0.619048 0.275986 0.619048 0.286738 0.615873 0.290323 0.615873 0.301075 0.619048 0.304659 0.631746 0.304659 0.634921 0.301075 0.638095 0.301075 0.638095 0.297491 0.641270 0.293907 0.641270 0.290323 0.625397 0.272401
0 0.673016 0.272401 0.669841 0.275986 0.669841 0.283154 0.673016 0.286738 0.679365 0.286738 0.682540 0.283154 0.682540 0.275986 0.679365 0.272401
0 0.596825 0.279570 0.593651 0.279570 0.590476 0.283154 0.587302 0.283154 0.587302 0.286738 0.584127 0.290323 0.584127 0.304659 0.587302 0.308244 0.600000 0.308244 0.603175 0.304659 0.603175 0.297491 0.606349 0.293907 0.606349 0.290323
0 0.342857 0.283154 0.339683 0.286738 0.339683 0.297491 0.349206 0.297491 0.349206 0.286738 0.346032 0.286738
0 0.419048 0.283154 0.415873 0.286738 0.415873 0.304659 0.422222 0.311828 0.434921 0.311828 0.438095 0.308244 0.438095 0.297491 0.434921 0.293907 0.434921 0.290323 0.431746 0.286738 0.428571 0.286738 0.425397 0.283154
0 0.193651 0.286738 0.184127 0.286738 0.177778 0.293907 0.177778 0.311828 0.180952 0.315412 0.184127 0.315412 0.187302 0.311828 0.190476 0.311828 0.193651 0.308244 0.196825 0.308244 0.196825 0.304659 0.200000 0.301075 0.200000 0.293907
0 0.377778 0.286738 0.371429 0.286738 0.368254 0.290323 0.368254 0.304659 0.371429 0.304659 0.374603 0.301075 0.374603 0.290323
0 0.812698 0.286738 0.806349 0.286738 0.800000 0.293907 0.800000 0.308244 0.803175 0.311828 0.803175 0.315412 0.809524 0.315412 0.812698 0.311828 0.812698 0.304659 0.815873 0.301075 0.815873 0.293907 0.812698 0.290323
0 0.930159 0.286738 0.926984 0.290323 0.923810 0.290323 0.923810 0.297491 0.920635 0.301075 0.920635 0.311828 0.930159 0.318996 0.936508 0.318996 0.939683 0.315412 0.942857 0.315412 0.949206 0.308244 0.949206 0.304659 0.946032 0.301075 0.946032 0.297491 0.936508 0.286738
0 0.317460 0.293907 0.314286 0.297491 0.311111 0.297491 0.311111 0.301075 0.307937 0.304659 0.307937 0.311828 0.317460 0.322581 0.323810 0.322581 0.330159 0.315412 0.330159 0.304659 0.320635 0.293907
0 0.390476 0.293907 0.390476 0.297491 0.384127 0.304659 0.384127 0.322581 0.390476 0.329749 0.400000 0.329749 0.403175 0.326165 0.403175 0.318996 0.406349 0.315412 0.403175 0.311828 0.403175 0.304659 0.400000 0.301075 0.400000 0.297491 0.396825 0.293907
0 0.834921 0.293907 0.828571 0.301075 0.828571 0.308244 0.831746 0.311828 0.831746 0.315412 0.847619 0.315412 0.853968 0.308244 0.853968 0.301075 0.850794 0.297491 0.850794 0.293907
0 0.142857 0.308244 0.142857 0.315412 0.146032 0.318996 0.146032 0.322581 0.149206 0.322581 0.152381 0.326165 0.165079 0.326165 0.165079 0.315412 0.161905 0.311828 0.158730 0.311828 0.155556 0.308244 0.152381 0.308244 0.149206 0.304659 0.146032 0.304659
0 0.460317 0.304659 0.457143 0.308244 0.457143 0.318996 0.466667 0.329749 0.476190 0.329749 0.479365 0.326165 0.479365 0.315412 0.473016 0.308244 0.469841 0.308244 0.466667 0.304659
0 0.203175 0.318996 0.203175 0.333333 0.206349 0.336918 0.209524 0.336918 0.212698 0.340502 0.222222 0.340502 0.225397 0.336918 0.225397 0.326165 0.222222 0.322581 0.222222 0.318996 0.215873 0.318996 0.212698 0.315412 0.209524 0.315412 0.206349 0.318996
0 0.349206 0.318996 0.346032 0.322581 0.346032 0.333333 0.352381 0.340502 0.365079 0.340502 0.368254 0.336918 0.368254 0.326165 0.365079 0.322581 0.365079 0.318996 0.361905 0.318996 0.358730 0.315412 0.355556 0.315412 0.352381 0.318996
0 0.117460 0.322581 0.114286 0.326165 0.114286 0.340502 0.117460 0.344086 0.130159 0.344086 0.133333 0.340502 0.133333 0.329749 0.126984 0.322581
0 0.241270 0.329749 0.241270 0.333333 0.238095 0.336918 0.238095 0.344086 0.247619 0.354839 0.257143 0.354839 0.260317 0.351254 0.260317 0.336918 0.250794 0.326165 0.247619 0.326165 0.244444 0.329749
0 0.292063 0.326165 0.279365 0.326165 0.273016 0.333333 0.273016 0.351254 0.279365 0.358423 0.285714 0.351254 0.288889 0.351254 0.295238 0.344086 0.295238 0.329749
0 0.730159 0.329749 0.730159 0.344086 0.733333 0.344086 0.736508 0.347670 0.746032 0.347670 0.749206 0.344086 0.752381 0.344086 0.755556 0.340502 0.755556 0.329749 0.739683 0.329749 0.736508 0.326165 0.733333 0.326165
0 0.609524 0.329749 0.600000 0.329749 0.593651 0.336918 0.593651 0.347670 0.600000 0.354839 0.612698 0.340502 0.612698 0.333333
0 0.447619 0.333333 0.447619 0.336918 0.450794 0.340502 0.457143 0.340502 0.460317 0.344086 0.460317 0.347670 0.466667 0.347670 0.463492 0.344086 0.463492 0.340502 0.460317 0.336918 0.457143 0.336918 0.453968 0.333333
0 0.787302 0.340502 0.777778 0.340502 0.774603 0.344086 0.774603 0.351254 0.777778 0.354839 0.780952 0.354839 0.787302 0.347670
0 0.406349 0.344086 0.400000 0.351254 0.400000 0.372760 0.415873 0.372760 0.425397 0.362007 0.425397 0.351254 0.419048 0.344086
0 0.333333 0.347670 0.330159 0.347670 0.323810 0.354839 0.323810 0.365591 0.320635 0.369176 0.320635 0.372760 0.323810 0.376344 0.333333 0.376344 0.336508 0.372760 0.336508 0.369176 0.339683 0.365591 0.339683 0.358423 0.336508 0.354839 0.336508 0.351254
0 0.485714 0.351254 0.479365 0.358423 0.479365 0.369176 0.482540 0.372760 0.482540 0.376344 0.485714 0.379928 0.495238 0.379928 0.501587 0.372760 0.501587 0.358423 0.495238 0.351254
0 0.536508 0.351254 0.523810 0.351254 0.523810 0.354839 0.520635 0.358423 0.520635 0.379928 0.523810 0.379928 0.526984 0.383513 0.530159 0.379928 0.533333 0.379928 0.539683 0.372760 0.539683 0.354839
0 0.561905 0.351254 0.558730 0.354839 0.555556 0.354839 0.555556 0.358423 0.552381 0.362007 0.555556 0.365591 0.555556 0.372760 0.558730 0.376344 0.568254 0.376344 0.571429 0.372760 0.571429 0.369176 0.574603 0.365591 0.574603 0.358423 0.568254 0.351254
0 0.641270 0.362007 0.641270 0.372760 0.644444 0.372760 0.647619 0.376344 0.660317 0.376344 0.663492 0.372760 0.666667 0.372760 0.669841 0.369176 0.669841 0.362007 0.666667 0.358423 0.644444 0.358423
0 0.780952 0.358423 0.777778 0.358423 0.755556 0.383513 0.755556 0.387097 0.758730 0.390681 0.765079 0.390681 0.768254 0.387097 0.771429 0.387097 0.787302 0.369176
0 0.117460 0.365591 0.114286 0.365591 0.107937 0.372760 0.107937 0.376344 0.104762 0.379928 0.104762 0.390681 0.107937 0.390681 0.111111 0.394265 0.117460 0.394265 0.123810 0.387097 0.123810 0.372760
0 0.955556 0.369176 0.949206 0.369176 0.946032 0.372760 0.942857 0.372760 0.939683 0.376344 0.939683 0.383513 0.949206 0.394265 0.952381 0.394265 0.961905 0.383513 0.961905 0.379928 0.958730 0.376344 0.958730 0.372760
0 0.841270 0.379928 0.841270 0.390681 0.847619 0.397849 0.853968 0.397849 0.857143 0.394265 0.863492 0.394265 0.866667 0.390681 0.866667 0.383513 0.860317 0.376344 0.857143 0.376344 0.853968 0.372760 0.847619 0.372760
0 0.806349 0.379928 0.796825 0.379928 0.784127 0.394265 0.784127 0.405018 0.790476 0.412186 0.803175 0.412186 0.809524 0.405018 0.809524 0.383513
0 0.676190 0.383513 0.666667 0.394265 0.666667 0.397849 0.663492 0.401434 0.663492 0.415771 0.666667 0.415771 0.669841 0.419355 0.688889 0.419355 0.692063 0.415771 0.692063 0.408602 0.688889 0.405018 0.688889 0.394265 0.685714 0.390681 0.685714 0.387097
0 0.993651 0.383513 0.993651 0.387097 0.990476 0.390681 0.990476 0.394265 0.987302 0.397849 0.987302 0.408602 0.993651 0.415771 0.996825 0.415771 0.996825 0.387097
0 0.269841 0.387097 0.263492 0.394265 0.263492 0.401434 0.269841 0.408602 0.269841 0.412186 0.273016 0.412186 0.276190 0.415771 0.279365 0.415771 0.282540 0.412186 0.285714 0.412186 0.285714 0.394265 0.279365 0.387097
0 0.352381 0.394265 0.346032 0.401434 0.349206 0.405018 0.349206 0.415771 0.358730 0.415771 0.361905 0.412186 0.361905 0.401434 0.355556 0.394265
0 0.396825 0.394265 0.396825 0.412186 0.403175 0.419355 0.409524 0.419355 0.412698 0.415771 0.412698 0.401434 0.406349 0.394265
0 0.492063 0.397849 0.492063 0.401434 0.498413 0.408602 0.501587 0.408602 0.504762 0.412186 0.514286 0.412186 0.514286 0.408602 0.517460 0.405018 0.517460 0.401434 0.511111 0.394265 0.498413 0.394265 0.495238 0.397849
0 0.898413 0.394265 0.888889 0.405018 0.892063 0.408602 0.892063 0.419355 0.895238 0.419355 0.901587 0.426523 0.904762 0.426523 0.907937 0.430108 0.911111 0.430108 0.911111 0.415771 0.907937 0.412186 0.907937 0.405018 0.904762 0.401434 0.904762 0.397849 0.901587 0.394265
0 0.317460 0.401434 0.317460 0.419355 0.320635 0.419355 0.323810 0.422939 0.333333 0.422939 0.336508 0.419355 0.339683 0.419355 0.339683 0.405018 0.333333 0.397849 0.320635 0.397849
0 0.625397 0.397849 0.622222 0.401434 0.622222 0.412186 0.625397 0.415771 0.638095 0.415771 0.641270 0.412186 0.641270 0.405018 0.634921 0.397849
0 0.707937 0.401434 0.711111 0.405018 0.711111 0.408602 0.723810 0.422939 0.736508 0.422939 0.736508 0.419355 0.739683 0.415771 0.739683 0.408602 0.736508 0.405018 0.733333 0.405018 0.723810 0.397849 0.711111 0.397849
0 0.539683 0.405018 0.536508 0.408602 0.536508 0.426523 0.542857 0.433692 0.549206 0.433692 0.552381 0.430108 0.555556 0.430108 0.558730 0.426523 0.558730 0.412186 0.555556 0.408602 0.552381 0.408602 0.549206 0.405018
0 0.761905 0.408602 0.758730 0.408602 0.749206 0.419355 0.749206 0.426523 0.746032 0.430108 0.746032 0.433692 0.752381 0.440860 0.758730 0.440860 0.761905 0.437276 0.765079 0.437276 0.768254 0.433692 0.768254 0.415771
0 0.834921 0.412186 0.831746 0.415771 0.831746 0.426523 0.834921 0.430108 0.834921 0.437276 0.838095 0.440860 0.841270 0.440860 0.844444 0.444444 0.847619 0.440860 0.850794 0.440860 0.850794 0.437276 0.853968 0.433692 0.853968 0.422939 0.844444 0.412186
0 0.120635 0.419355 0.120635 0.422939 0.117460 0.426523 0.117460 0.433692 0.120635 0.437276 0.120635 0.440860 0.130159 0.451613 0.136508 0.451613 0.139683 0.448029 0.146032 0.448029 0.146032 0.437276 0.142857 0.433692 0.142857 0.430108 0.133333 0.419355
0 0.380952 0.419355 0.374603 0.419355 0.368254 0.426523 0.368254 0.430108 0.365079 0.433692 0.365079 0.455197 0.368254 0.458781 0.374603 0.458781 0.377778 0.455197 0.380952 0.455197 0.387302 0.448029 0.387302 0.437276 0.384127 0.433692 0.384127 0.426523 0.380952 0.422939
0 0.866667 0.422939 0.866667 0.430108 0.869841 0.433692 0.869841 0.437276 0.876190 0.444444 0.882540 0.444444 0.888889 0.437276 0.885714 0.433692 0.885714 0.430108 0.879365 0.422939 0.876190 0.422939 0.873016 0.419355 0.869841 0.422939
0 0.609524 0.422939 0.603175 0.430108 0.606349 0.433692 0.606349 0.437276 0.619048 0.451613 0.622222 0.451613 0.625397 0.455197 0.628571 0.455197 0.631746 0.451613 0.631746 0.448029 0.628571 0.444444 0.628571 0.440860 0.615873 0.426523 0.612698 0.426523
0 0.247619 0.430108 0.244444 0.433692 0.234921 0.433692 0.231746 0.437276 0.231746 0.448029 0.238095 0.455197 0.238095 0.458781 0.244444 0.465950 0.250794 0.465950 0.250794 0.455197 0.247619 0.451613
0 0.974603 0.430108 0.961905 0.430108 0.958730 0.433692 0.958730 0.451613 0.961905 0.451613 0.965079 0.455197 0.968254 0.451613 0.971429 0.451613 0.974603 0.448029 0.974603 0.444444 0.977778 0.440860 0.977778 0.437276 0.974603 0.433692
0 0.441270 0.433692 0.422222 0.433692 0.419048 0.437276 0.419048 0.444444 0.415873 0.448029 0.419048 0.451613 0.419048 0.455197 0.422222 0.455197 0.425397 0.458781 0.431746 0.458781 0.444444 0.444444 0.444444 0.437276
0 0.469841 0.433692 0.463492 0.444444 0.463492 0.455197 0.469841 0.462366 0.482540 0.462366 0.482540 0.455197 0.485714 0.451613 0.485714 0.448029 0.488889 0.444444 0.488889 0.440860 0.485714 0.437276 0.485714 0.433692
0 0.939683 0.437276 0.936508 0.437276 0.933333 0.440860 0.930159 0.440860 0.923810 0.448029 0.923810 0.458781 0.930159 0.465950 0.939683 0.465950 0.942857 0.462366 0.942857 0.458781 0.946032 0.455197 0.946032 0.444444
0 0.104762 0.444444 0.104762 0.455197 0.107937 0.458781 0.107937 0.462366 0.114286 0.469534 0.120635 0.469534 0.123810 0.465950 0.123810 0.462366 0.126984 0.458781 0.126984 0.455197 0.123810 0.451613 0.120635 0.451613 0.117460 0.448029 0.114286 0.448029 0.111111 0.444444
0 0.590476 0.448029 0.587302 0.451613 0.587302 0.455197 0.590476 0.458781 0.590476 0.465950 0.593651 0.469534 0.593651 0.473118 0.596825 0.476703 0.596825 0.480287 0.600000 0.483871 0.606349 0.483871 0.612698 0.476703 0.612698 0.469534 0.609524 0.465950 0.609524 0.462366 0.606349 0.458781 0.606349 0.455197 0.600000 0.448029
0 0.663492 0.451613 0.663492 0.465950 0.666667 0.469534 0.666667 0.473118 0.669841 0.476703 0.682540 0.476703 0.685714 0.473118 0.685714 0.462366 0.682540 0.458781 0.682540 0.455197 0.679365 0.451613 0.676190 0.451613 0.673016 0.448029 0.669841 0.448029 0.666667 0.451613
0 0.704762 0.448029 0.701587 0.451613 0.698413 0.451613 0.695238 0.455197 0.695238 0.465950 0.701587 0.473118 0.704762 0.473118 0.711111 0.465950 0.711111 0.455197
0 0.901587 0.448029 0.898413 0.451613 0.898413 0.469534 0.901587 0.473118 0.907937 0.473118 0.914286 0.465950 0.911111 0.462366 0.911111 0.451613 0.907937 0.448029
0 0.492063 0.462366 0.495238 0.465950 0.495238 0.469534 0.501587 0.476703 0.517460 0.476703 0.517460 0.473118 0.520635 0.469534 0.520635 0.465950 0.511111 0.455197 0.498413 0.455197
0 0.558730 0.458781 0.555556 0.462366 0.555556 0.465950 0.552381 0.469534 0.552381 0.473118 0.561905 0.483871 0.574603 0.483871 0.577778 0.480287 0.577778 0.462366 0.571429 0.455197 0.565079 0.455197 0.561905 0.458781
0 0.631746 0.455197 0.631746 0.462366 0.628571 0.465950 0.628571 0.473118 0.631746 0.476703 0.638095 0.476703 0.641270 0.473118 0.641270 0.462366 0.638095 0.458781 0.638095 0.455197
0 0.815873 0.458781 0.806349 0.469534 0.806349 0.480287 0.809524 0.483871 0.809524 0.487455 0.815873 0.487455 0.819048 0.491039 0.822222 0.487455 0.825397 0.487455 0.828571 0.483871 0.828571 0.480287 0.831746 0.476703 0.831746 0.469534 0.825397 0.462366 0.822222 0.462366 0.819048 0.458781
0 0.850794 0.458781 0.844444 0.458781 0.841270 0.462366 0.841270 0.469534 0.844444 0.469534 0.847619 0.473118 0.853968 0.465950 0.850794 0.462366
0 0.355556 0.469534 0.352381 0.469534 0.346032 0.462366 0.339683 0.462366 0.336508 0.465950 0.333333 0.465950 0.333333 0.469534 0.330159 0.473118 0.330159 0.483871 0.333333 0.487455 0.333333 0.491039 0.346032 0.491039 0.349206 0.487455 0.352381 0.487455 0.355556 0.483871
0 0.444444 0.462366 0.438095 0.469534 0.438095 0.480287 0.441270 0.483871 0.441270 0.487455 0.444444 0.491039 0.453968 0.491039 0.457143 0.487455 0.460317 0.487455 0.463492 0.483871 0.463492 0.473118 0.453968 0.462366
0 0.879365 0.462366 0.866667 0.462366 0.866667 0.476703 0.860317 0.487455 0.860317 0.498208 0.866667 0.498208 0.876190 0.487455 0.879365 0.487455 0.885714 0.480287 0.885714 0.473118
0 0.980952 0.462366 0.971429 0.462366 0.968254 0.465950 0.965079 0.465950 0.958730 0.473118 0.958730 0.483871 0.965079 0.491039 0.968254 0.491039 0.971429 0.487455 0.977778 0.487455 0.980952 0.483871 0.980952 0.480287 0.984127 0.476703 0.984127 0.465950
0 0.269841 0.473118 0.269841 0.476703 0.273016 0.480287 0.273016 0.483871 0.276190 0.487455 0.282540 0.487455 0.285714 0.483871 0.295238 0.483871 0.298413 0.480287 0.298413 0.473118 0.292063 0.465950 0.276190 0.465950
0 0.136508 0.473118 0.136508 0.483871 0.139683 0.487455 0.149206 0.487455 0.152381 0.483871 0.155556 0.483871 0.155556 0.476703 0.152381 0.473118 0.149206 0.473118 0.146032 0.469534 0.142857 0.469534 0.139683 0.473118
0 0.238095 0.483871 0.234921 0.483871 0.231746 0.480287 0.228571 0.483871 0.219048 0.483871 0.212698 0.491039 0.212698 0.505376 0.215873 0.508961 0.225397 0.508961 0.228571 0.505376 0.231746 0.505376 0.234921 0.501792 0.234921 0.498208 0.238095 0.494624
0 0.438095 0.483871 0.425397 0.483871 0.419048 0.491039 0.419048 0.505376 0.422222 0.508961 0.425397 0.508961 0.428571 0.512545 0.431746 0.512545 0.434921 0.508961 0.438095 0.508961 0.438095 0.505376 0.441270 0.501792 0.441270 0.491039 0.438095 0.487455
0 0.926984 0.487455 0.933333 0.494624 0.939683 0.494624 0.939683 0.487455 0.936508 0.483871 0.930159 0.483871
0 0.911111 0.491039 0.907937 0.487455 0.901587 0.487455 0.898413 0.491039 0.892063 0.491039 0.888889 0.494624 0.885714 0.494624 0.876190 0.505376 0.876190 0.512545 0.879365 0.516129 0.892063 0.516129 0.895238 0.512545 0.898413 0.512545 0.907937 0.501792 0.907937 0.498208 0.911111 0.494624
0 0.815873 0.498208 0.815873 0.505376 0.819048 0.508961 0.819048 0.512545 0.822222 0.512545 0.825397 0.516129 0.831746 0.516129 0.834921 0.512545 0.838095 0.512545 0.844444 0.505376 0.844444 0.501792 0.841270 0.498208 0.841270 0.494624 0.838095 0.494624 0.834921 0.491039 0.822222 0.491039
0 0.276190 0.505376 0.276190 0.508961 0.279365 0.512545 0.279365 0.516129 0.282540 0.516129 0.285714 0.519713 0.298413 0.519713 0.301587 0.516129 0.301587 0.505376 0.298413 0.501792 0.295238 0.501792 0.292063 0.498208 0.282540 0.498208
0 0.193651 0.505376 0.190476 0.505376 0.184127 0.512545 0.180952 0.512545 0.174603 0.523297 0.174603 0.530466 0.180952 0.537634 0.187302 0.537634 0.190476 0.534050 0.193651 0.534050 0.203175 0.523297 0.203175 0.516129
0 0.326984 0.508961 0.323810 0.508961 0.320635 0.512545 0.320635 0.516129 0.314286 0.523297 0.314286 0.526882 0.317460 0.530466 0.323810 0.530466 0.326984 0.526882
0 0.339683 0.508961 0.336508 0.512545 0.336508 0.516129 0.333333 0.519713 0.333333 0.523297 0.336508 0.526882 0.336508 0.534050 0.339683 0.537634 0.349206 0.537634 0.352381 0.534050 0.352381 0.516129 0.346032 0.508961
0 0.377778 0.508961 0.371429 0.508961 0.368254 0.512545 0.368254 0.516129 0.365079 0.519713 0.368254 0.523297 0.371429 0.523297 0.377778 0.516129
0 0.473016 0.512545 0.469841 0.508961 0.460317 0.508961 0.457143 0.512545 0.453968 0.512545 0.450794 0.516129 0.450794 0.519713 0.447619 0.523297 0.447619 0.530466 0.450794 0.534050 0.463492 0.534050 0.469841 0.526882 0.469841 0.519713 0.473016 0.516129
0 0.501587 0.519713 0.495238 0.519713 0.492063 0.516129 0.488889 0.519713 0.485714 0.519713 0.482540 0.523297 0.482540 0.526882 0.479365 0.530466 0.479365 0.541219 0.482540 0.544803 0.492063 0.544803 0.504762 0.530466 0.504762 0.526882 0.501587 0.523297
0 0.669841 0.519713 0.660317 0.530466 0.660317 0.534050 0.663492 0.537634 0.663492 0.541219 0.666667 0.544803 0.679365 0.544803 0.685714 0.537634 0.685714 0.526882 0.682540 0.523297 0.682540 0.519713
0 0.387302 0.526882 0.384127 0.530466 0.384127 0.534050 0.380952 0.537634 0.380952 0.551971 0.384127 0.555556 0.384127 0.559140 0.393651 0.559140 0.396825 0.555556 0.396825 0.548387 0.393651 0.544803 0.393651 0.537634 0.390476 0.534050 0.390476 0.530466
0 0.517460 0.530466 0.514286 0.534050 0.511111 0.534050 0.511111 0.555556 0.514286 0.559140 0.517460 0.559140 0.520635 0.562724 0.523810 0.562724 0.530159 0.555556 0.530159 0.541219 0.526984 0.537634 0.526984 0.534050 0.523810 0.530466
0 0.812698 0.534050 0.806349 0.534050 0.800000 0.541219 0.800000 0.551971 0.803175 0.555556 0.809524 0.555556 0.812698 0.551971 0.812698 0.548387 0.815873 0.544803 0.815873 0.537634
0 0.409524 0.537634 0.409524 0.555556 0.419048 0.566308 0.425397 0.566308 0.428571 0.562724 0.428571 0.559140 0.431746 0.555556 0.428571 0.551971 0.428571 0.548387 0.425397 0.544803 0.425397 0.541219 0.422222 0.541219 0.419048 0.537634
0 0.574603 0.544803 0.577778 0.548387 0.580952 0.548387 0.584127 0.551971 0.587302 0.551971 0.590476 0.548387 0.593651 0.548387 0.593651 0.541219 0.590476 0.537634 0.584127 0.537634 0.580952 0.541219 0.577778 0.541219
0 0.634921 0.541219 0.631746 0.544803 0.631746 0.559140 0.638095 0.566308 0.650794 0.566308 0.653968 0.562724 0.653968 0.559140 0.650794 0.555556 0.650794 0.551971 0.641270 0.541219
0 0.365079 0.551971 0.358730 0.551971 0.352381 0.559140 0.352381 0.580645 0.355556 0.584229 0.361905 0.584229 0.365079 0.580645 0.368254 0.580645 0.374603 0.573477 0.374603 0.562724
0 0.698413 0.551971 0.695238 0.555556 0.695238 0.559140 0.692063 0.562724 0.692063 0.573477 0.695238 0.577061 0.707937 0.577061 0.714286 0.569892 0.714286 0.559140 0.707937 0.551971
0 0.330159 0.555556 0.326984 0.555556 0.320635 0.562724 0.320635 0.566308 0.317460 0.569892 0.317460 0.587814 0.320635 0.591398 0.333333 0.591398 0.336508 0.587814 0.336508 0.577061 0.339683 0.573477 0.339683 0.566308 0.336508 0.562724 0.336508 0.559140 0.333333 0.559140
0 0.438095 0.559140 0.438095 0.566308 0.444444 0.573477 0.447619 0.573477 0.450794 0.577061 0.460317 0.577061 0.463492 0.573477 0.466667 0.573477 0.466667 0.562724 0.463492 0.559140 0.460317 0.559140 0.457143 0.555556 0.441270 0.555556
0 0.949206 0.555556 0.936508 0.555556 0.936508 0.559140 0.933333 0.562724 0.933333 0.573477 0.936508 0.577061 0.936508 0.580645 0.939683 0.580645 0.942857 0.584229 0.946032 0.580645 0.949206 0.580645 0.949206 0.577061 0.952381 0.573477 0.952381 0.562724 0.949206 0.559140
0 0.488889 0.562724 0.488889 0.566308 0.492063 0.569892 0.495238 0.569892 0.498413 0.566308 0.501587 0.566308 0.501587 0.559140 0.492063 0.559140
0 0.568254 0.562724 0.565079 0.566308 0.565079 0.580645 0.568254 0.584229 0.577778 0.584229 0.580952 0.580645 0.580952 0.577061 0.584127 0.573477 0.574603 0.562724
0 0.101587 0.566308 0.098413 0.569892 0.098413 0.573477 0.101587 0.577061 0.101587 0.580645 0.104762 0.584229 0.111111 0.584229 0.111111 0.580645 0.114286 0.577061 0.114286 0.573477 0.111111 0.569892 0.111111 0.566308
0 0.841270 0.569892 0.831746 0.569892 0.828571 0.573477 0.828571 0.577061 0.825397 0.580645 0.825397 0.584229 0.831746 0.591398 0.834921 0.591398 0.838095 0.587814 0.841270 0.587814 0.841270 0.584229 0.844444 0.580645 0.844444 0.573477
0 0.866667 0.573477 0.863492 0.577061 0.857143 0.577061 0.857143 0.580645 0.853968 0.584229 0.853968 0.594982 0.860317 0.602151 0.866667 0.594982 0.869841 0.594982 0.873016 0.591398 0.873016 0.577061 0.869841 0.577061
0 0.203175 0.577061 0.196825 0.584229 0.196825 0.594982 0.203175 0.602151 0.206349 0.602151 0.209524 0.605735 0.215873 0.605735 0.219048 0.602151 0.219048 0.587814 0.209524 0.577061
0 0.282540 0.577061 0.282540 0.591398 0.285714 0.594982 0.285714 0.602151 0.288889 0.605735 0.301587 0.605735 0.304762 0.602151 0.304762 0.584229 0.298413 0.577061
0 0.609524 0.587814 0.606349 0.584229 0.596825 0.584229 0.593651 0.587814 0.593651 0.591398 0.590476 0.594982 0.590476 0.602151 0.600000 0.602151 0.609524 0.591398
0 0.733333 0.584229 0.730159 0.584229 0.720635 0.594982 0.720635 0.602151 0.723810 0.605735 0.730159 0.605735 0.733333 0.602151 0.733333 0.598566 0.736508 0.594982 0.736508 0.587814
0 0.419048 0.587814 0.406349 0.587814 0.403175 0.591398 0.393651 0.591398 0.390476 0.594982 0.387302 0.594982 0.384127 0.598566 0.384127 0.605735 0.380952 0.609319 0.384127 0.620072 0.393651 0.620072 0.403175 0.609319 0.403175 0.602151 0.412698 0.591398 0.415873 0.591398
0 0.495238 0.591398 0.495238 0.594982 0.498413 0.598566 0.501587 0.598566 0.504762 0.602151 0.507937 0.602151 0.514286 0.609319 0.517460 0.605735 0.520635 0.605735 0.520635 0.594982 0.514286 0.587814 0.498413 0.587814
0 0.263492 0.591398 0.257143 0.598566 0.257143 0.609319 0.260317 0.612903 0.260317 0.616487 0.269841 0.627240 0.269841 0.630824 0.273016 0.634409 0.276190 0.634409 0.279365 0.630824 0.279365 0.623656 0.276190 0.620072 0.276190 0.612903 0.273016 0.609319 0.273016 0.598566
0 0.755556 0.591398 0.749206 0.598566 0.749206 0.602151 0.746032 0.605735 0.746032 0.616487 0.752381 0.623656 0.761905 0.623656 0.761905 0.620072 0.765079 0.616487 0.765079 0.598566 0.758730 0.591398
0 0.130159 0.594982 0.123810 0.602151 0.123810 0.605735 0.126984 0.609319 0.126984 0.612903 0.130159 0.612903 0.133333 0.616487 0.142857 0.616487 0.146032 0.612903 0.146032 0.602151 0.142857 0.598566 0.139683 0.598566 0.136508 0.594982
0 0.168254 0.594982 0.168254 0.612903 0.174603 0.620072 0.180952 0.620072 0.187302 0.612903 0.187302 0.605735 0.180952 0.598566 0.177778 0.598566 0.174603 0.594982
0 0.644444 0.594982 0.641270 0.594982 0.634921 0.602151 0.634921 0.605735 0.631746 0.609319 0.631746 0.627240 0.634921 0.630824 0.641270 0.630824 0.650794 0.620072 0.650794 0.612903 0.653968 0.609319 0.653968 0.605735 0.650794 0.602151 0.650794 0.598566 0.647619 0.598566
0 0.707937 0.594982 0.704762 0.598566 0.704762 0.602151 0.707937 0.605735 0.707937 0.609319 0.717460 0.609319 0.720635 0.605735 0.717460 0.602151 0.717460 0.594982
0 0.669841 0.598566 0.666667 0.602151 0.666667 0.609319 0.669841 0.612903 0.676190 0.612903 0.679365 0.609319 0.679365 0.602151 0.676190 0.598566
0 0.558730 0.602151 0.558730 0.605735 0.561905 0.609319 0.561905 0.612903 0.568254 0.620072 0.577778 0.620072 0.577778 0.609319 0.574603 0.605735 0.574603 0.602151
0 0.793651 0.602151 0.784127 0.602151 0.777778 0.609319 0.777778 0.616487 0.774603 0.620072 0.774603 0.623656 0.777778 0.627240 0.777778 0.634409 0.780952 0.634409 0.784127 0.637993 0.790476 0.630824 0.790476 0.627240 0.793651 0.623656
0 0.485714 0.605735 0.482540 0.609319 0.482540 0.620072 0.488889 0.627240 0.492063 0.627240 0.495238 0.630824 0.501587 0.630824 0.501587 0.627240 0.504762 0.623656 0.501587 0.620072 0.501587 0.616487 0.495238 0.609319 0.495238 0.605735
0 0.593651 0.609319 0.590476 0.612903 0.590476 0.616487 0.587302 0.620072 0.587302 0.623656 0.590476 0.627240 0.590476 0.634409 0.593651 0.637993 0.600000 0.637993 0.603175 0.634409 0.603175 0.623656 0.600000 0.620072 0.600000 0.616487 0.596825 0.612903 0.596825 0.609319
0 0.238095 0.612903 0.234921 0.616487 0.234921 0.627240 0.238095 0.630824 0.238095 0.634409 0.241270 0.637993 0.241270 0.641577 0.250794 0.641577 0.253968 0.637993 0.253968 0.634409 0.257143 0.630824 0.257143 0.627240 0.253968 0.623656 0.253968 0.620072 0.250794 0.616487 0.247619 0.616487 0.244444 0.612903
0 0.536508 0.612903 0.530159 0.620072 0.530159 0.648746 0.539683 0.659498 0.546032 0.659498 0.546032 0.634409 0.542857 0.630824 0.542857 0.616487 0.539683 0.612903
0 0.688889 0.616487 0.688889 0.637993 0.692063 0.641577 0.698413 0.641577 0.704762 0.634409 0.704762 0.627240 0.701587 0.623656 0.701587 0.620072 0.698413 0.616487
0 0.831746 0.616487 0.831746 0.620072 0.828571 0.623656 0.828571 0.630824 0.834921 0.637993 0.847619 0.637993 0.850794 0.634409 0.850794 0.627240 0.847619 0.623656 0.847619 0.620072 0.844444 0.616487
0 0.419048 0.620072 0.415873 0.623656 0.415873 0.627240 0.419048 0.630824 0.419048 0.634409 0.425397 0.641577 0.434921 0.641577 0.434921 0.634409 0.422222 0.620072
0 0.707937 0.630824 0.714286 0.637993 0.714286 0.645161 0.717460 0.648746 0.726984 0.648746 0.730159 0.645161 0.730159 0.627240 0.726984 0.623656 0.720635 0.623656 0.717460 0.627240 0.714286 0.627240 0.711111 0.630824
0 0.200000 0.630824 0.200000 0.634409 0.196825 0.637993 0.196825 0.641577 0.200000 0.645161 0.200000 0.648746 0.206349 0.655914 0.222222 0.655914 0.225397 0.652330 0.225397 0.641577 0.222222 0.637993 0.222222 0.634409 0.219048 0.634409 0.209524 0.627240 0.206349 0.627240 0.203175 0.630824
0 0.323810 0.634409 0.323810 0.637993 0.330159 0.645161 0.339683 0.645161 0.342857 0.641577 0.342857 0.634409 0.339683 0.630824 0.326984 0.630824
0 0.358730 0.637993 0.355556 0.641577 0.355556 0.659498 0.358730 0.663082 0.358730 0.666667 0.361905 0.670251 0.361905 0.673835 0.368254 0.673835 0.368254 0.666667 0.371429 0.663082 0.368254 0.659498 0.368254 0.641577 0.365079 0.637993
0 0.400000 0.637993 0.400000 0.641577 0.396825 0.645161 0.396825 0.648746 0.400000 0.652330 0.400000 0.659498 0.403175 0.663082 0.409524 0.663082 0.412698 0.659498 0.412698 0.648746 0.403175 0.637993
0 0.466667 0.637993 0.453968 0.637993 0.447619 0.645161 0.447619 0.655914 0.450794 0.659498 0.453968 0.659498 0.457143 0.663082 0.460317 0.659498 0.463492 0.659498 0.469841 0.652330 0.469841 0.641577
0 0.752381 0.641577 0.746032 0.641577 0.739683 0.648746 0.739683 0.666667 0.736508 0.670251 0.736508 0.673835 0.742857 0.681004 0.749206 0.681004 0.752381 0.677419 0.755556 0.677419 0.761905 0.666667 0.761905 0.652330
0 0.301587 0.645161 0.295238 0.652330 0.295238 0.670251 0.317460 0.670251 0.320635 0.666667 0.320635 0.659498 0.311111 0.648746 0.307937 0.648746 0.304762 0.645161
0 0.704762 0.655914 0.701587 0.659498 0.698413 0.659498 0.692063 0.666667 0.692063 0.677419 0.701587 0.684588 0.711111 0.684588 0.714286 0.681004 0.717460 0.681004 0.717460 0.677419 0.720635 0.673835 0.720635 0.666667 0.711111 0.655914
0 0.250794 0.663082 0.247619 0.663082 0.244444 0.666667 0.241270 0.666667 0.241270 0.670251 0.238095 0.673835 0.238095 0.677419 0.234921 0.681004 0.234921 0.691756 0.241270 0.698925 0.244444 0.698925 0.253968 0.688172 0.253968 0.677419 0.257143 0.673835 0.257143 0.670251
0 0.336508 0.663082 0.333333 0.666667 0.333333 0.670251 0.336508 0.673835 0.336508 0.677419 0.346032 0.688172 0.352381 0.688172 0.355556 0.684588 0.355556 0.673835 0.352381 0.670251 0.352381 0.666667 0.349206 0.663082
0 0.482540 0.663082 0.479365 0.666667 0.476190 0.666667 0.476190 0.670251 0.473016 0.673835 0.473016 0.688172 0.476190 0.691756 0.485714 0.691756 0.488889 0.688172 0.488889 0.673835 0.485714 0.670251 0.485714 0.666667
0 0.095238 0.677419 0.095238 0.684588 0.098413 0.688172 0.098413 0.695341 0.101587 0.698925 0.114286 0.698925 0.123810 0.688172 0.123810 0.684588 0.120635 0.681004 0.120635 0.677419 0.117460 0.673835 0.098413 0.673835
0 0.155556 0.684588 0.152381 0.688172 0.149206 0.684588 0.146032 0.684588 0.139683 0.691756 0.136508 0.691756 0.133333 0.695341 0.133333 0.706093 0.136508 0.709677 0.142857 0.709677 0.149206 0.702509 0.155556 0.702509 0.158730 0.698925 0.158730 0.691756 0.155556 0.688172
0 0.323810 0.688172 0.320635 0.691756 0.317460 0.691756 0.314286 0.695341 0.314286 0.709677 0.317460 0.709677 0.320635 0.713262 0.326984 0.713262 0.330159 0.716846 0.336508 0.709677 0.336508 0.698925 0.333333 0.695341 0.333333 0.691756 0.330159 0.691756 0.326984 0.688172
0 0.263492 0.695341 0.263492 0.709677 0.269841 0.716846 0.288889 0.716846 0.288889 0.713262 0.292063 0.709677 0.288889 0.706093 0.288889 0.702509 0.282540 0.695341 0.279365 0.695341 0.276190 0.691756 0.266667 0.691756
0 0.803175 0.691756 0.800000 0.695341 0.800000 0.709677 0.803175 0.713262 0.812698 0.713262 0.822222 0.702509 0.822222 0.695341 0.815873 0.695341 0.812698 0.691756
0 0.215873 0.695341 0.206349 0.695341 0.196825 0.706093 0.196825 0.709677 0.193651 0.713262 0.193651 0.720430 0.196825 0.724014 0.209524 0.724014 0.215873 0.716846 0.215873 0.713262 0.219048 0.709677 0.219048 0.702509 0.215873 0.698925
0 0.511111 0.706093 0.511111 0.716846 0.514286 0.720430 0.517460 0.720430 0.520635 0.724014 0.536508 0.724014 0.539683 0.720430 0.539683 0.709677 0.530159 0.698925 0.517460 0.698925
0 0.615873 0.698925 0.609524 0.706093 0.609524 0.720430 0.612698 0.724014 0.615873 0.724014 0.619048 0.720430 0.622222 0.720430 0.625397 0.716846 0.628571 0.716846 0.628571 0.709677 0.622222 0.702509 0.619048 0.702509
0 0.253968 0.713262 0.250794 0.716846 0.250794 0.720430 0.260317 0.731183 0.266667 0.731183 0.269841 0.727599 0.269841 0.724014 0.266667 0.720430 0.266667 0.716846 0.263492 0.713262
