0 0.263492 0.003597 0.263492 0.014388 0.273016 0.035971 0.285714 0.046763 0.301587 0.046763 0.311111 0.035971 0.311111 0.025180 0.301587 0.003597 0.292063 0.003597 0.288889 0.000000 0.269841 0.000000
0 0.828571 0.003597 0.819048 0.003597 0.815873 0.007194 0.815873 0.014388 0.822222 0.014388 0.828571 0.007194
0 0.568254 0.021583 0.565079 0.025180 0.568254 0.028777 0.568254 0.035971 0.571429 0.039568 0.577778 0.039568 0.580952 0.035971 0.580952 0.032374 0.571429 0.021583
0 0.120635 0.035971 0.114286 0.039568 0.101587 0.061151 0.101587 0.071942 0.098413 0.075540 0.101587 0.079137 0.098413 0.086331 0.104762 0.100719 0.107937 0.100719 0.117460 0.111511 0.130159 0.111511 0.136508 0.104317 0.136508 0.079137 0.133333 0.075540 0.130159 0.043165
0 0.457143 0.039568 0.460317 0.043165 0.463492 0.043165 0.476190 0.057554 0.482540 0.057554 0.485714 0.053957 0.482540 0.050360 0.482540 0.046763 0.479365 0.046763 0.469841 0.035971 0.460317 0.035971
0 0.387302 0.089928 0.380952 0.104317 0.380952 0.118705 0.390476 0.136691 0.390476 0.143885 0.400000 0.151079 0.409524 0.151079 0.425397 0.136691 0.428571 0.122302 0.403175 0.089928
0 0.558730 0.093525 0.558730 0.104317 0.561905 0.104317 0.565079 0.107914 0.571429 0.107914 0.577778 0.100719 0.571429 0.093525
0 0.200000 0.104317 0.193651 0.111511 0.190476 0.111511 0.187302 0.115108 0.187302 0.125899 0.190476 0.129496 0.196825 0.147482 0.203175 0.154676 0.212698 0.154676 0.219048 0.143885 0.219048 0.125899 0.215873 0.122302 0.215873 0.118705 0.206349 0.107914 0.206349 0.104317
0 0.850794 0.107914 0.844444 0.115108 0.844444 0.129496 0.841270 0.133094 0.844444 0.154676 0.863492 0.197842 0.873016 0.201439 0.888889 0.187050 0.888889 0.158273 0.873016 0.122302 0.860317 0.107914
0 0.231746 0.111511 0.222222 0.125899 0.222222 0.140288 0.228571 0.151079 0.231746 0.169065 0.244444 0.187050 0.257143 0.187050 0.263492 0.179856 0.263492 0.169065 0.266667 0.165468 0.263492 0.161871 0.260317 0.140288 0.253968 0.125899 0.241270 0.111511
0 0.466667 0.111511 0.463492 0.111511 0.453968 0.122302 0.453968 0.125899 0.450794 0.129496 0.450794 0.140288 0.453968 0.143885 0.453968 0.147482 0.463492 0.147482 0.473016 0.136691 0.473016 0.122302
0 0.838095 0.111511 0.831746 0.118705 0.831746 0.125899 0.834921 0.129496 0.834921 0.133094 0.838095 0.136691 0.838095 0.133094 0.841270 0.129496 0.841270 0.115108
0 0.619048 0.161871 0.612698 0.169065 0.612698 0.172662 0.609524 0.176259 0.612698 0.179856 0.612698 0.183453 0.622222 0.194245 0.628571 0.194245 0.634921 0.187050 0.634921 0.165468 0.631746 0.161871
0 0.704762 0.179856 0.704762 0.183453 0.707937 0.187050 0.717460 0.187050 0.717460 0.176259 0.707937 0.176259
0 0.961905 0.176259 0.958730 0.179856 0.958730 0.187050 0.961905 0.190647 0.971429 0.190647 0.974603 0.194245 0.974603 0.197842 0.977778 0.197842 0.977778 0.190647 0.974603 0.187050 0.974603 0.183453 0.971429 0.179856 0.968254 0.179856 0.965079 0.176259
0 0.460317 0.187050 0.450794 0.194245 0.450794 0.201439 0.453968 0.205036 0.453968 0.215827 0.457143 0.219424 0.457143 0.223022 0.460317 0.223022 0.463492 0.226619 0.473016 0.226619 0.476190 0.223022 0.476190 0.197842 0.466667 0.187050
0 0.765079 0.194245 0.765079 0.197842 0.771429 0.205036 0.774603 0.205036 0.777778 0.208633 0.787302 0.208633 0.790476 0.205036 0.790476 0.201439 0.784127 0.194245 0.780952 0.194245 0.777778 0.190647 0.768254 0.190647
0 0.574603 0.205036 0.574603 0.208633 0.580952 0.215827 0.584127 0.212230 0.587302 0.212230 0.587302 0.205036 0.584127 0.201439 0.577778 0.201439
0 0.419048 0.212230 0.415873 0.215827 0.415873 0.223022 0.422222 0.230216 0.422222 0.233813 0.434921 0.233813 0.434921 0.230216 0.438095 0.226619 0.438095 0.215827 0.428571 0.215827 0.425397 0.212230
0 0.717460 0.226619 0.714286 0.223022 0.711111 0.226619 0.704762 0.226619 0.701587 0.230216 0.701587 0.241007 0.707937 0.241007 0.711111 0.237410 0.714286 0.237410 0.714286 0.233813 0.717460 0.230216
0 0.584127 0.226619 0.580952 0.230216 0.580952 0.237410 0.584127 0.241007 0.587302 0.241007 0.590476 0.244604 0.596825 0.244604 0.596825 0.233813 0.593651 0.230216 0.590476 0.230216 0.587302 0.226619
0 0.495238 0.251799 0.492063 0.248201 0.488889 0.248201 0.485714 0.251799 0.479365 0.251799 0.479365 0.258993 0.492063 0.258993 0.495238 0.255396
0 0.790476 0.255396 0.784127 0.262590 0.784127 0.273381 0.800000 0.291367 0.803175 0.291367 0.806349 0.294964 0.812698 0.294964 0.819048 0.287770 0.815873 0.284173 0.815873 0.280576 0.809524 0.273381 0.809524 0.269784 0.803175 0.262590 0.803175 0.258993 0.800000 0.255396
0 0.171429 0.262590 0.158730 0.276978 0.161905 0.280576 0.165079 0.276978 0.171429 0.276978 0.174603 0.280576 0.171429 0.284173 0.174603 0.287770 0.177778 0.284173 0.180952 0.284173 0.180952 0.266187 0.177778 0.266187 0.174603 0.262590
0 0.273016 0.269784 0.263492 0.284173 0.263492 0.320144 0.273016 0.341727 0.288889 0.341727 0.298413 0.330935 0.298413 0.323741 0.301587 0.320144 0.301587 0.302158 0.298413 0.298561 0.298413 0.287770 0.292063 0.280576 0.292063 0.276978 0.279365 0.269784
0 0.549206 0.269784 0.546032 0.269784 0.542857 0.273381 0.542857 0.280576 0.539683 0.284173 0.539683 0.287770 0.536508 0.291367 0.536508 0.294964 0.539683 0.298561 0.546032 0.298561 0.546032 0.294964 0.549206 0.291367 0.549206 0.280576 0.552381 0.276978 0.552381 0.273381
0 0.339683 0.291367 0.336508 0.294964 0.336508 0.309353 0.355556 0.348921 0.371429 0.366906 0.380952 0.363309 0.380952 0.334532 0.377778 0.327338 0.352381 0.294964
0 0.565079 0.305755 0.558730 0.316547 0.558730 0.330935 0.561905 0.334532 0.561905 0.338129 0.565079 0.338129 0.574603 0.345324 0.577778 0.341727 0.580952 0.341727 0.580952 0.338129 0.584127 0.334532 0.584127 0.323741 0.580952 0.320144 0.577778 0.309353 0.574603 0.309353 0.571429 0.305755
0 0.974603 0.309353 0.974603 0.312950 0.971429 0.316547 0.971429 0.320144 0.968254 0.323741 0.965079 0.323741 0.965079 0.327338 0.974603 0.338129 0.984127 0.338129 0.984127 0.327338 0.980952 0.323741 0.980952 0.312950 0.977778 0.309353
0 0.209524 0.312950 0.193651 0.312950 0.177778 0.330935 0.165079 0.359712 0.161905 0.384892 0.168254 0.399281 0.180952 0.413669 0.190476 0.413669 0.206349 0.402878 0.225397 0.356115 0.225397 0.334532
0 0.171429 0.320144 0.168254 0.316547 0.161905 0.316547 0.155556 0.323741 0.152381 0.323741 0.152381 0.327338 0.155556 0.330935 0.168254 0.330935 0.171429 0.327338
0 0.752381 0.323741 0.736508 0.345324 0.736508 0.374101 0.755556 0.413669 0.777778 0.428058 0.800000 0.410072 0.796825 0.366906 0.787302 0.338129 0.777778 0.327338
0 0.466667 0.352518 0.450794 0.381295 0.453968 0.410072 0.463492 0.417266 0.488889 0.424460 0.511111 0.424460 0.517460 0.420863 0.523810 0.410072 0.523810 0.381295 0.520635 0.374101 0.504762 0.356115 0.485714 0.348921
0 0.958730 0.356115 0.952381 0.356115 0.949206 0.359712 0.949206 0.377698 0.952381 0.381295 0.952381 0.388489 0.955556 0.392086 0.961905 0.384892 0.961905 0.377698 0.965079 0.374101 0.965079 0.366906 0.961905 0.363309 0.961905 0.359712
0 0.650794 0.417266 0.647619 0.420863 0.647619 0.428058 0.650794 0.431655 0.657143 0.431655 0.660317 0.435252 0.660317 0.442446 0.666667 0.442446 0.666667 0.438849 0.669841 0.435252 0.669841 0.431655 0.666667 0.428058 0.666667 0.424460 0.669841 0.420863 0.669841 0.417266 0.666667 0.413669 0.657143 0.413669 0.653968 0.417266
0 0.177778 0.417266 0.161905 0.431655 0.158730 0.467626 0.168254 0.496403 0.180952 0.510791 0.190476 0.510791 0.219048 0.485612 0.222222 0.460432 0.215873 0.442446 0.200000 0.420863
0 0.555556 0.438849 0.555556 0.446043 0.552381 0.449640 0.552381 0.453237 0.555556 0.456835 0.555556 0.460432 0.558730 0.460432 0.565079 0.467626 0.568254 0.467626 0.571429 0.471223 0.590476 0.471223 0.596825 0.464029 0.596825 0.449640 0.590476 0.442446 0.587302 0.442446 0.584127 0.438849 0.577778 0.438849 0.574603 0.435252 0.558730 0.435252
0 0.876190 0.442446 0.873016 0.446043 0.873016 0.449640 0.879365 0.456835 0.879365 0.464029 0.885714 0.464029 0.885714 0.453237 0.882540 0.449640 0.882540 0.446043 0.879365 0.446043
0 0.412698 0.453237 0.409524 0.467626 0.415873 0.482014 0.419048 0.482014 0.422222 0.489209 0.428571 0.492806 0.438095 0.492806 0.441270 0.496403 0.460317 0.496403 0.466667 0.485612 0.466667 0.471223 0.453968 0.456835 0.441270 0.453237 0.438095 0.449640
0 0.222222 0.485612 0.190476 0.514388 0.193651 0.517986 0.190476 0.543165 0.200000 0.571942 0.209524 0.582734 0.234921 0.589928 0.250794 0.582734 0.260317 0.571942 0.266667 0.553957 0.266667 0.521583 0.260317 0.503597 0.247619 0.489209
0 0.879365 0.503597 0.876190 0.507194 0.876190 0.517986 0.885714 0.517986 0.885714 0.507194 0.882540 0.507194
0 0.428571 0.514388 0.419048 0.525180 0.419048 0.546763 0.428571 0.557554 0.441270 0.557554 0.444444 0.553957 0.447619 0.553957 0.453968 0.543165 0.453968 0.525180 0.447619 0.514388
0 0.701587 0.532374 0.695238 0.546763 0.695238 0.561151 0.707937 0.586331 0.723810 0.593525 0.752381 0.571942 0.752381 0.557554 0.739683 0.532374 0.723810 0.532374 0.720635 0.535971 0.707937 0.535971
0 0.834921 0.539568 0.834921 0.546763 0.838095 0.550360 0.838095 0.553957 0.844444 0.561151 0.847619 0.561151 0.850794 0.564748 0.866667 0.564748 0.873016 0.557554 0.873016 0.550360 0.863492 0.539568 0.860317 0.539568 0.857143 0.535971 0.838095 0.535971
0 0.549206 0.557554 0.546032 0.561151 0.542857 0.561151 0.536508 0.568345 0.533333 0.568345 0.533333 0.571942 0.530159 0.575540 0.530159 0.579137 0.533333 0.582734 0.542857 0.582734 0.552381 0.571942 0.552381 0.561151
0 0.749206 0.575540 0.730159 0.593525 0.726984 0.593525 0.726984 0.618705 0.736508 0.629496 0.765079 0.629496 0.771429 0.625899 0.777778 0.611511 0.777778 0.600719 0.774603 0.597122 0.771429 0.582734 0.758730 0.575540
0 0.809524 0.597122 0.803175 0.597122 0.800000 0.600719 0.796825 0.600719 0.790476 0.607914 0.790476 0.622302 0.800000 0.629496 0.803175 0.629496 0.806349 0.625899 0.809524 0.625899 0.815873 0.618705 0.815873 0.615108 0.819048 0.611511 0.819048 0.604317
0 0.431746 0.611511 0.422222 0.625899 0.422222 0.658273 0.428571 0.672662 0.466667 0.701439 0.485714 0.701439 0.492063 0.690647 0.492063 0.676259 0.473016 0.622302 0.457143 0.607914
0 0.939683 0.654676 0.936508 0.658273 0.936508 0.669065 0.942857 0.676259 0.942857 0.679856 0.946032 0.679856 0.949206 0.683453 0.952381 0.683453 0.955556 0.679856 0.958730 0.679856 0.958730 0.676259 0.965079 0.665468 0.965079 0.658273 0.961905 0.654676
0 0.612698 0.669065 0.606349 0.669065 0.600000 0.676259 0.600000 0.679856 0.596825 0.683453 0.596825 0.694245 0.600000 0.697842 0.603175 0.697842 0.606349 0.701439 0.609524 0.697842 0.615873 0.697842 0.619048 0.694245 0.619048 0.676259
0 0.644444 0.672662 0.638095 0.683453 0.644444 0.712230 0.669841 0.741007 0.682540 0.766187 0.701587 0.769784 0.707937 0.758993 0.704762 0.730216 0.679365 0.701439 0.669841 0.679856 0.660317 0.669065
0 0.368254 0.683453 0.349206 0.701439 0.346032 0.723022 0.349206 0.748201 0.361905 0.776978 0.377778 0.794964 0.400000 0.794964 0.412698 0.787770 0.425397 0.766187 0.428571 0.723022 0.422222 0.708633 0.396825 0.683453
0 0.987302 0.683453 0.977778 0.694245 0.977778 0.715827 0.980952 0.719424 0.984127 0.730216 0.993651 0.741007 0.993651 0.708633 0.996825 0.705036 0.996825 0.690647 0.993651 0.687050 0.993651 0.683453
0 0.234921 0.687050 0.222222 0.697842 0.219048 0.708633 0.219048 0.755396 0.234921 0.802158 0.247619 0.820144 0.266667 0.827338 0.273016 0.816547 0.273016 0.787770 0.285714 0.762590 0.285714 0.748201 0.269841 0.715827 0.247619 0.690647
0 0.549206 0.705036 0.549206 0.708633 0.552381 0.712230 0.552381 0.715827 0.555556 0.719424 0.561905 0.719424 0.561905 0.705036
0 0.726984 0.705036 0.723810 0.708633 0.723810 0.712230 0.720635 0.715827 0.720635 0.723022 0.723810 0.726619 0.723810 0.730216 0.726984 0.733813 0.733333 0.733813 0.742857 0.723022 0.742857 0.715827 0.733333 0.705036
0 0.942857 0.712230 0.942857 0.723022 0.955556 0.737410 0.958730 0.737410 0.958730 0.726619 0.949206 0.715827 0.949206 0.712230
0 0.577778 0.730216 0.577778 0.737410 0.580952 0.741007 0.580952 0.748201 0.587302 0.755396 0.593651 0.755396 0.600000 0.762590 0.606349 0.762590 0.612698 0.755396 0.615873 0.755396 0.619048 0.751799 0.619048 0.748201 0.615873 0.748201 0.609524 0.737410 0.606349 0.737410 0.600000 0.730216 0.596825 0.730216 0.593651 0.726619 0.587302 0.726619 0.584127 0.723022
0 0.174603 0.755396 0.171429 0.758993 0.171429 0.784173 0.177778 0.802158 0.200000 0.823741 0.215873 0.823741 0.219048 0.820144 0.219048 0.805755 0.196825 0.762590 0.190476 0.755396
0 0.850794 0.776978 0.844444 0.776978 0.834921 0.787770 0.834921 0.798561 0.838095 0.802158 0.841270 0.798561 0.853968 0.798561 0.853968 0.794964 0.857143 0.791367 0.857143 0.787770 0.853968 0.784173 0.853968 0.780576
0 0.777778 0.780576 0.774603 0.780576 0.771429 0.784173 0.771429 0.791367 0.768254 0.794964 0.768254 0.802158 0.774603 0.802158 0.777778 0.798561 0.777778 0.791367 0.780952 0.787770 0.780952 0.784173
0 0.990476 0.784173 0.987302 0.784173 0.984127 0.780576 0.980952 0.784173 0.974603 0.784173 0.971429 0.787770 0.968254 0.787770 0.968254 0.794964 0.980952 0.794964 0.984127 0.791367 0.987302 0.791367 0.990476 0.787770
0 0.396825 0.823741 0.396825 0.841727 0.403175 0.848921 0.412698 0.848921 0.415873 0.845324 0.422222 0.852518 0.428571 0.852518 0.428571 0.845324 0.425397 0.841727 0.425397 0.834532 0.422222 0.830935 0.422222 0.823741 0.419048 0.820144 0.400000 0.820144
0 0.780952 0.823741 0.777778 0.823741 0.774603 0.820144 0.771429 0.823741 0.768254 0.823741 0.765079 0.827338 0.765079 0.830935 0.761905 0.834532 0.761905 0.852518 0.768254 0.852518 0.777778 0.841727 0.777778 0.838129 0.780952 0.834532
0 0.101587 0.830935 0.095238 0.838129 0.095238 0.848921 0.104762 0.863309 0.111111 0.884892 0.117460 0.888489 0.130159 0.920863 0.136508 0.924460 0.142857 0.917266 0.142857 0.902878 0.136508 0.881295 0.123810 0.856115 0.120635 0.841727 0.111111 0.830935
0 0.730159 0.841727 0.726984 0.845324 0.726984 0.852518 0.733333 0.859712 0.742857 0.859712 0.742857 0.856115 0.746032 0.852518 0.746032 0.841727
0 0.933333 0.863309 0.930159 0.866906 0.930159 0.881295 0.933333 0.884892 0.939683 0.884892 0.942857 0.881295 0.942857 0.870504 0.939683 0.866906 0.939683 0.863309
