0 0.270701 0.093190 0.267516 0.096774 0.267516 0.100358 0.261146 0.107527 0.261146 0.129032 0.264331 0.132616 0.264331 0.139785 0.270701 0.146953 0.270701 0.150538 0.277070 0.150538 0.277070 0.143369 0.280255 0.139785 0.280255 0.118280 0.277070 0.114695 0.277070 0.103943 0.273885 0.100358 0.273885 0.093190
0 0.006369 0.107527 0.006369 0.111111 0.003185 0.114695 0.003185 0.143369 0.006369 0.146953 0.022293 0.146953 0.025478 0.143369 0.025478 0.132616 0.028662 0.129032 0.028662 0.125448 0.025478 0.121864 0.025478 0.114695 0.022293 0.111111 0.012739 0.111111 0.009554 0.107527
0 0.124204 0.107527 0.121019 0.111111 0.121019 0.132616 0.124204 0.136201 0.124204 0.143369 0.133758 0.150538 0.152866 0.136201 0.152866 0.125448 0.136943 0.107527
0 0.347134 0.111111 0.340764 0.111111 0.337580 0.114695 0.334395 0.114695 0.334395 0.118280 0.331210 0.121864 0.331210 0.129032 0.328025 0.132616 0.328025 0.139785 0.331210 0.143369 0.331210 0.161290 0.337580 0.168459 0.347134 0.161290 0.347134 0.157706 0.353503 0.150538 0.353503 0.139785 0.356688 0.136201 0.353503 0.132616 0.353503 0.121864
0 0.391720 0.111111 0.388535 0.114695 0.388535 0.118280 0.385350 0.121864 0.385350 0.129032 0.382166 0.132616 0.382166 0.154122 0.385350 0.157706 0.385350 0.168459 0.388535 0.172043 0.388535 0.175627 0.398089 0.175627 0.404459 0.157706 0.401274 0.154122 0.401274 0.143369 0.398089 0.139785 0.398089 0.114695 0.394904 0.114695
0 0.557325 0.111111 0.554140 0.114695 0.554140 0.121864 0.550955 0.125448 0.550955 0.132616 0.544586 0.146953 0.544586 0.161290 0.547771 0.164875 0.547771 0.172043 0.563694 0.186380 0.576433 0.172043 0.576433 0.150538 0.566879 0.132616 0.563694 0.132616 0.557325 0.125448
0 0.092357 0.118280 0.089172 0.121864 0.089172 0.154122 0.098726 0.164875 0.111465 0.164875 0.114650 0.161290 0.114650 0.150538 0.111465 0.146953 0.111465 0.129032 0.105096 0.118280
0 0.050955 0.139785 0.041401 0.139785 0.035032 0.146953 0.035032 0.154122 0.028662 0.164875 0.028662 0.186380 0.031847 0.193548 0.044586 0.207885 0.057325 0.179211 0.057325 0.150538 0.050955 0.143369
0 0.305732 0.139785 0.302548 0.143369 0.299363 0.143369 0.299363 0.146953 0.296178 0.150538 0.296178 0.172043 0.299363 0.175627 0.299363 0.179211 0.308917 0.186380 0.315287 0.179211 0.315287 0.175627 0.318471 0.172043 0.318471 0.154122 0.315287 0.150538 0.315287 0.146953
0 0.149682 0.157706 0.146497 0.161290 0.143312 0.161290 0.140127 0.164875 0.140127 0.172043 0.143312 0.175627 0.143312 0.179211 0.146497 0.182796 0.146497 0.186380 0.156051 0.186380 0.159236 0.182796 0.159236 0.179211 0.162420 0.175627 0.162420 0.164875 0.156051 0.157706
0 0.178344 0.157706 0.175159 0.161290 0.175159 0.172043 0.171975 0.175627 0.171975 0.186380 0.168790 0.189964 0.168790 0.207885 0.171975 0.211470 0.175159 0.232975 0.178344 0.240143 0.184713 0.243728 0.191083 0.229391 0.191083 0.207885 0.187898 0.204301 0.184713 0.168459 0.181529 0.164875 0.181529 0.157706
0 0.764331 0.157706 0.761146 0.161290 0.761146 0.172043 0.764331 0.175627 0.764331 0.179211 0.767516 0.182796 0.770701 0.182796 0.777070 0.189964 0.786624 0.189964 0.786624 0.179211 0.783439 0.175627 0.783439 0.168459 0.777070 0.161290 0.773885 0.161290 0.770701 0.157706
0 0.136943 0.168459 0.133758 0.172043 0.121019 0.172043 0.117834 0.175627 0.117834 0.182796 0.127389 0.193548 0.136943 0.193548 0.140127 0.189964 0.143312 0.189964 0.143312 0.182796 0.140127 0.179211 0.140127 0.175627 0.136943 0.172043
0 0.203822 0.168459 0.200637 0.172043 0.200637 0.200717 0.197452 0.207885 0.200637 0.211470 0.200637 0.218638 0.203822 0.222222 0.207006 0.236559 0.210191 0.240143 0.216561 0.240143 0.222930 0.229391 0.226115 0.215054 0.216561 0.197133 0.216561 0.172043 0.213376 0.168459
0 0.003185 0.172043 0.000000 0.175627 0.000000 0.197133 0.003185 0.200717 0.003185 0.204301 0.000000 0.207885 0.000000 0.215054 0.006369 0.215054 0.009554 0.211470 0.009554 0.189964 0.006369 0.186380 0.006369 0.175627
0 0.334395 0.189964 0.334395 0.197133 0.337580 0.200717 0.340764 0.200717 0.347134 0.207885 0.353503 0.207885 0.359873 0.200717 0.347134 0.186380 0.337580 0.186380
0 0.232484 0.197133 0.229299 0.200717 0.229299 0.258065 0.232484 0.265233 0.238854 0.272401 0.242038 0.272401 0.245223 0.268817 0.245223 0.250896 0.248408 0.247312 0.245223 0.243728 0.245223 0.218638 0.242038 0.215054 0.242038 0.207885 0.235669 0.200717 0.235669 0.197133
0 0.582803 0.207885 0.576433 0.215054 0.576433 0.218638 0.579618 0.222222 0.579618 0.232975 0.582803 0.236559 0.582803 0.240143 0.589172 0.240143 0.589172 0.222222 0.585987 0.218638 0.585987 0.211470
0 0.098726 0.215054 0.098726 0.222222 0.105096 0.232975 0.111465 0.232975 0.114650 0.236559 0.127389 0.236559 0.133758 0.229391 0.130573 0.225806 0.130573 0.222222 0.121019 0.211470 0.101911 0.211470
0 0.375796 0.211470 0.369427 0.211470 0.363057 0.218638 0.363057 0.225806 0.359873 0.229391 0.359873 0.250896 0.363057 0.254480 0.372611 0.254480 0.375796 0.250896 0.378981 0.250896 0.388535 0.240143 0.388535 0.225806 0.385350 0.222222 0.385350 0.218638
0 0.050955 0.243728 0.041401 0.243728 0.038217 0.247312 0.035032 0.247312 0.028662 0.254480 0.028662 0.268817 0.031847 0.272401 0.031847 0.279570 0.035032 0.283154 0.035032 0.286738 0.038217 0.286738 0.041401 0.290323 0.044586 0.286738 0.047771 0.286738 0.057325 0.275986 0.057325 0.272401 0.060510 0.268817 0.060510 0.254480
0 0.127389 0.250896 0.121019 0.261649 0.121019 0.275986 0.124204 0.279570 0.124204 0.286738 0.130573 0.301075 0.140127 0.311828 0.149682 0.311828 0.149682 0.304659 0.152866 0.301075 0.152866 0.268817 0.149682 0.265233 0.149682 0.258065 0.143312 0.250896
0 0.006369 0.268817 0.000000 0.279570 0.000000 0.311828 0.003185 0.315412 0.012739 0.311828 0.019108 0.304659 0.019108 0.301075 0.022293 0.297491 0.019108 0.293907 0.019108 0.286738 0.015924 0.283154 0.015924 0.275986
0 0.748408 0.283154 0.738854 0.293907 0.738854 0.301075 0.742038 0.304659 0.757962 0.304659 0.761146 0.301075 0.761146 0.293907 0.757962 0.290323 0.757962 0.286738 0.754777 0.283154
0 0.449045 0.304659 0.445860 0.304659 0.442675 0.308244 0.439490 0.308244 0.436306 0.311828 0.433121 0.311828 0.426752 0.318996 0.426752 0.322581 0.423567 0.326165 0.423567 0.336918 0.426752 0.340502 0.436306 0.340502 0.449045 0.326165 0.449045 0.318996 0.452229 0.315412 0.452229 0.308244
0 0.359873 0.318996 0.356688 0.322581 0.356688 0.333333 0.359873 0.336918 0.359873 0.340502 0.363057 0.344086 0.369427 0.344086 0.372611 0.340502 0.372611 0.329749 0.369427 0.326165 0.369427 0.318996
0 0.028662 0.326165 0.022293 0.326165 0.015924 0.333333 0.012739 0.333333 0.003185 0.340502 0.003185 0.372760 0.012739 0.379928 0.019108 0.379928 0.028662 0.365591 0.028662 0.347670 0.022293 0.340502 0.028662 0.333333
0 0.875796 0.326165 0.872611 0.329749 0.872611 0.358423 0.875796 0.362007 0.875796 0.379928 0.878981 0.383513 0.882166 0.397849 0.888535 0.405018 0.894904 0.405018 0.894904 0.372760 0.882166 0.347670 0.882166 0.340502
0 0.187898 0.329749 0.184713 0.333333 0.184713 0.340502 0.187898 0.344086 0.187898 0.347670 0.191083 0.351254 0.191083 0.354839 0.197452 0.362007 0.203822 0.362007 0.207006 0.358423 0.207006 0.354839 0.210191 0.351254 0.207006 0.347670 0.207006 0.344086 0.194268 0.329749
0 0.391720 0.329749 0.385350 0.336918 0.385350 0.344086 0.388535 0.347670 0.388535 0.351254 0.391720 0.351254 0.394904 0.354839 0.401274 0.354839 0.407643 0.347670 0.407643 0.340502 0.404459 0.336918 0.404459 0.333333 0.401274 0.329749
0 0.745223 0.333333 0.738854 0.333333 0.735669 0.336918 0.732484 0.336918 0.726115 0.347670 0.726115 0.358423 0.732484 0.369176 0.745223 0.369176 0.748408 0.365591 0.751592 0.365591 0.757962 0.354839 0.748408 0.344086 0.748408 0.336918
0 0.057325 0.336918 0.054140 0.340502 0.054140 0.347670 0.050955 0.351254 0.050955 0.365591 0.047771 0.369176 0.047771 0.390681 0.057325 0.397849 0.063694 0.397849 0.070064 0.387097 0.070064 0.351254 0.066879 0.347670 0.066879 0.340502 0.063694 0.336918
0 0.697452 0.344086 0.691083 0.351254 0.691083 0.354839 0.687898 0.358423 0.694268 0.365591 0.697452 0.362007 0.700637 0.362007 0.700637 0.347670
0 0.245223 0.390681 0.245223 0.394265 0.242038 0.397849 0.242038 0.405018 0.245223 0.408602 0.245223 0.412186 0.248408 0.415771 0.248408 0.419355 0.261146 0.419355 0.261146 0.412186 0.264331 0.408602 0.264331 0.401434 0.261146 0.397849 0.261146 0.394265 0.257962 0.390681
0 0.487261 0.394265 0.468153 0.394265 0.464968 0.397849 0.464968 0.401434 0.458599 0.408602 0.458599 0.415771 0.461783 0.419355 0.468153 0.419355 0.471338 0.415771 0.477707 0.415771 0.487261 0.405018
0 0.563694 0.394265 0.563694 0.401434 0.566879 0.405018 0.566879 0.408602 0.570064 0.408602 0.573248 0.412186 0.579618 0.412186 0.579618 0.401434 0.576433 0.397849 0.576433 0.394265
0 0.366242 0.397849 0.366242 0.401434 0.363057 0.405018 0.363057 0.408602 0.366242 0.412186 0.366242 0.415771 0.369427 0.419355 0.372611 0.419355 0.375796 0.422939 0.378981 0.422939 0.385350 0.415771 0.385350 0.408602 0.382166 0.405018 0.382166 0.401434 0.378981 0.397849
0 0.213376 0.415771 0.213376 0.444444 0.219745 0.444444 0.222930 0.440860 0.222930 0.437276 0.219745 0.433692 0.219745 0.419355 0.216561 0.415771
0 0.398089 0.430108 0.391720 0.430108 0.375796 0.448029 0.375796 0.451613 0.366242 0.469534 0.366242 0.473118 0.369427 0.476703 0.382166 0.476703 0.401274 0.455197 0.401274 0.451613 0.404459 0.448029 0.404459 0.437276
0 0.624204 0.433692 0.614650 0.440860 0.614650 0.462366 0.617834 0.465950 0.621019 0.476703 0.624204 0.480287 0.630573 0.480287 0.636943 0.473118 0.636943 0.448029 0.633758 0.444444 0.633758 0.440860 0.627389 0.433692
0 0.124204 0.440860 0.124204 0.469534 0.127389 0.473118 0.127389 0.476703 0.136943 0.476703 0.143312 0.465950 0.140127 0.462366 0.140127 0.455197 0.133758 0.448029 0.133758 0.444444 0.130573 0.440860
0 0.156051 0.448029 0.152866 0.451613 0.156051 0.455197 0.156051 0.458781 0.159236 0.462366 0.159236 0.465950 0.162420 0.465950 0.171975 0.476703 0.175159 0.476703 0.178344 0.480287 0.181529 0.480287 0.181529 0.476703 0.175159 0.469534 0.175159 0.465950 0.171975 0.462366 0.171975 0.458781 0.168790 0.455197 0.165605 0.455197 0.159236 0.448029
0 0.455414 0.448029 0.442675 0.448029 0.436306 0.455197 0.436306 0.462366 0.433121 0.465950 0.433121 0.469534 0.420382 0.483871 0.420382 0.487455 0.423567 0.491039 0.433121 0.487455 0.442675 0.476703 0.445860 0.476703 0.445860 0.473118 0.452229 0.465950 0.452229 0.462366 0.455414 0.458781
0 0.054140 0.487455 0.057325 0.491039 0.050955 0.498208 0.050955 0.505376 0.047771 0.508961 0.047771 0.523297 0.050955 0.526882 0.050955 0.534050 0.057325 0.548387 0.066879 0.559140 0.073248 0.559140 0.079618 0.551971 0.079618 0.534050 0.082803 0.530466 0.082803 0.523297 0.079618 0.516129 0.057325 0.491039 0.057325 0.487455
0 0.143312 0.494624 0.143312 0.512545 0.152866 0.523297 0.156051 0.523297 0.159236 0.526882 0.168790 0.526882 0.171975 0.523297 0.175159 0.523297 0.175159 0.519713 0.178344 0.516129 0.178344 0.508961 0.162420 0.491039 0.152866 0.487455
0 0.378981 0.505376 0.372611 0.512545 0.372611 0.516129 0.375796 0.519713 0.375796 0.523297 0.382166 0.530466 0.391720 0.530466 0.394904 0.526882 0.394904 0.512545 0.388535 0.505376
0 0.659236 0.516129 0.659236 0.526882 0.656051 0.530466 0.656051 0.534050 0.659236 0.537634 0.659236 0.548387 0.665605 0.555556 0.671975 0.548387 0.671975 0.544803 0.675159 0.541219 0.675159 0.526882 0.668790 0.516129
0 0.133758 0.541219 0.127389 0.548387 0.127389 0.555556 0.124204 0.559140 0.124204 0.566308 0.127389 0.569892 0.130573 0.580645 0.136943 0.580645 0.140127 0.584229 0.143312 0.580645 0.146497 0.580645 0.152866 0.573477 0.152866 0.559140 0.149682 0.555556 0.146497 0.544803 0.143312 0.544803 0.140127 0.541219
0 0.025478 0.555556 0.015924 0.569892 0.015924 0.591398 0.019108 0.594982 0.015924 0.634409 0.022293 0.637993 0.035032 0.637993 0.041401 0.634409 0.041401 0.623656 0.044586 0.620072 0.044586 0.594982 0.041401 0.591398 0.041401 0.580645 0.035032 0.562724
0 0.449045 0.559140 0.442675 0.559140 0.439490 0.562724 0.439490 0.569892 0.436306 0.573477 0.436306 0.584229 0.442675 0.591398 0.449045 0.584229 0.449045 0.573477 0.452229 0.569892 0.452229 0.562724
0 0.547771 0.584229 0.544586 0.587814 0.544586 0.598566 0.550955 0.605735 0.560510 0.605735 0.563694 0.602151 0.563694 0.594982 0.557325 0.587814 0.550955 0.587814
0 0.159236 0.591398 0.156051 0.594982 0.152866 0.594982 0.140127 0.609319 0.140127 0.612903 0.143312 0.616487 0.143312 0.620072 0.149682 0.627240 0.159236 0.627240 0.165605 0.620072 0.165605 0.616487 0.168790 0.612903 0.168790 0.609319 0.165605 0.605735 0.165605 0.594982 0.162420 0.594982
0 0.085987 0.609319 0.082803 0.612903 0.079618 0.630824 0.082803 0.634409 0.085987 0.659498 0.089172 0.666667 0.095541 0.673835 0.098726 0.673835 0.105096 0.666667 0.105096 0.634409 0.101911 0.630824 0.101911 0.616487 0.095541 0.609319
0 0.168790 0.645161 0.165605 0.648746 0.165605 0.681004 0.168790 0.688172 0.178344 0.698925 0.194268 0.702509 0.200637 0.695341 0.200637 0.681004 0.197452 0.677419 0.197452 0.670251 0.191083 0.655914 0.184713 0.648746 0.178344 0.645161
0 0.847134 0.652330 0.843949 0.648746 0.824841 0.659498 0.812102 0.659498 0.802548 0.666667 0.796178 0.666667 0.786624 0.677419 0.786624 0.684588 0.805732 0.673835 0.828025 0.670251 0.837580 0.655914
0 0.232484 0.652330 0.232484 0.663082 0.235669 0.666667 0.235669 0.677419 0.238854 0.681004 0.238854 0.684588 0.245223 0.691756 0.245223 0.698925 0.251592 0.706093 0.254777 0.706093 0.257962 0.702509 0.257962 0.670251 0.254777 0.666667 0.254777 0.663082 0.248408 0.655914
0 0.136943 0.655914 0.130573 0.663082 0.130573 0.670251 0.127389 0.673835 0.130573 0.677419 0.130573 0.691756 0.133758 0.695341 0.133758 0.702509 0.140127 0.709677 0.149682 0.709677 0.152866 0.706093 0.152866 0.698925 0.156051 0.695341 0.156051 0.677419 0.152866 0.673835 0.152866 0.670251 0.140127 0.655914
0 0.420382 0.666667 0.417197 0.670251 0.414013 0.670251 0.410828 0.673835 0.410828 0.684588 0.417197 0.691756 0.420382 0.691756 0.423567 0.688172 0.423567 0.681004 0.426752 0.677419 0.423567 0.673835 0.423567 0.670251
0 0.570064 0.673835 0.566879 0.677419 0.563694 0.677419 0.557325 0.684588 0.557325 0.695341 0.563694 0.706093 0.570064 0.706093 0.573248 0.709677 0.576433 0.709677 0.582803 0.702509 0.582803 0.698925 0.585987 0.695341 0.582803 0.691756 0.582803 0.684588 0.579618 0.681004 0.579618 0.677419 0.576433 0.677419 0.573248 0.673835
0 0.445860 0.681004 0.442675 0.681004 0.442675 0.684588 0.439490 0.688172 0.439490 0.702509 0.442675 0.706093 0.449045 0.698925 0.449045 0.684588
0 0.503185 0.691756 0.496815 0.691756 0.490446 0.698925 0.487261 0.698925 0.484076 0.702509 0.484076 0.716846 0.487261 0.720430 0.493631 0.720430 0.500000 0.713262 0.500000 0.709677 0.506369 0.702509 0.506369 0.695341
0 0.012739 0.695341 0.012739 0.698925 0.009554 0.702509 0.009554 0.720430 0.012739 0.724014 0.028662 0.724014 0.035032 0.716846 0.035032 0.713262 0.031847 0.709677 0.031847 0.706093 0.025478 0.698925 0.022293 0.698925 0.019108 0.695341
0 0.044586 0.698925 0.044586 0.706093 0.050955 0.713262 0.066879 0.713262 0.066879 0.702509 0.060510 0.695341 0.047771 0.695341
0 0.222930 0.720430 0.213376 0.720430 0.203822 0.731183 0.203822 0.738351 0.200637 0.741935 0.200637 0.763441 0.207006 0.777778 0.213376 0.781362 0.222930 0.777778 0.232484 0.756272 0.232484 0.738351 0.229299 0.734767 0.229299 0.727599
0 0.063694 0.731183 0.054140 0.738351 0.054140 0.756272 0.063694 0.774194 0.066879 0.774194 0.070064 0.777778 0.079618 0.777778 0.089172 0.767025 0.089172 0.749104 0.085987 0.745520 0.085987 0.741935 0.076433 0.731183
0 0.458599 0.731183 0.455414 0.734767 0.449045 0.734767 0.442675 0.741935 0.442675 0.749104 0.439490 0.752688 0.439490 0.763441 0.445860 0.777778 0.455414 0.788530 0.464968 0.788530 0.471338 0.781362 0.471338 0.774194 0.474522 0.770609 0.474522 0.749104 0.471338 0.745520 0.471338 0.738351
0 0.777070 0.734767 0.757962 0.734767 0.745223 0.745520 0.745223 0.749104 0.742038 0.752688 0.742038 0.770609 0.745223 0.774194 0.745223 0.777778 0.751592 0.777778 0.754777 0.781362 0.757962 0.777778 0.764331 0.777778 0.767516 0.774194 0.770701 0.774194 0.777070 0.767025 0.777070 0.763441 0.780255 0.759857 0.780255 0.738351
0 0.500000 0.741935 0.490446 0.752688 0.490446 0.763441 0.487261 0.767025 0.487261 0.774194 0.490446 0.777778 0.490446 0.784946 0.496815 0.792115 0.506369 0.792115 0.512739 0.784946 0.515924 0.784946 0.515924 0.781362 0.522293 0.774194 0.522293 0.759857 0.506369 0.741935
0 0.015924 0.745520 0.015924 0.749104 0.012739 0.752688 0.012739 0.770609 0.019108 0.777778 0.022293 0.777778 0.025478 0.781362 0.041401 0.781362 0.044586 0.777778 0.044586 0.759857 0.035032 0.749104 0.031847 0.749104 0.028662 0.745520
0 0.245223 0.774194 0.238854 0.774194 0.238854 0.784946 0.235669 0.788530 0.235669 0.792115 0.238854 0.795699 0.242038 0.795699 0.245223 0.792115
0 0.264331 0.774194 0.264331 0.777778 0.261146 0.781362 0.261146 0.792115 0.257962 0.795699 0.261146 0.799283 0.261146 0.810036 0.264331 0.813620 0.273885 0.813620 0.283439 0.802867 0.283439 0.784946 0.273885 0.774194
0 0.082803 0.799283 0.079618 0.802867 0.079618 0.813620 0.082803 0.817204 0.082803 0.827957 0.085987 0.831541 0.085987 0.835125 0.098726 0.835125 0.101911 0.831541 0.101911 0.817204 0.098726 0.813620 0.098726 0.810036 0.089172 0.799283
0 0.130573 0.799283 0.127389 0.802867 0.127389 0.820789 0.136943 0.831541 0.149682 0.831541 0.156051 0.824373 0.156051 0.813620 0.143312 0.799283
0 0.531847 0.799283 0.519108 0.799283 0.515924 0.802867 0.512739 0.802867 0.506369 0.810036 0.506369 0.827957 0.509554 0.831541 0.519108 0.831541 0.525478 0.824373 0.528662 0.824373 0.535032 0.817204 0.535032 0.802867
0 0.025478 0.802867 0.028662 0.806452 0.025478 0.810036 0.035032 0.820789 0.038217 0.820789 0.041401 0.817204 0.041401 0.810036 0.035032 0.802867
0 0.296178 0.806452 0.296178 0.810036 0.289809 0.817204 0.289809 0.831541 0.292994 0.831541 0.296178 0.835125 0.296178 0.838710 0.302548 0.849462 0.302548 0.856631 0.308917 0.863799 0.315287 0.863799 0.315287 0.860215 0.318471 0.856631 0.315287 0.853047 0.315287 0.845878 0.312102 0.842294 0.312102 0.827957 0.308917 0.824373 0.312102 0.820789 0.308917 0.817204 0.308917 0.806452
0 0.484076 0.810036 0.480892 0.813620 0.480892 0.835125 0.484076 0.838710 0.490446 0.838710 0.493631 0.835125 0.493631 0.831541 0.496815 0.827957 0.496815 0.820789 0.493631 0.817204 0.493631 0.813620 0.490446 0.810036
0 0.245223 0.820789 0.245223 0.842294 0.248408 0.845878 0.248408 0.849462 0.254777 0.849462 0.257962 0.845878 0.257962 0.842294 0.254777 0.838710 0.254777 0.824373 0.251592 0.820789
0 0.585987 0.835125 0.582803 0.835125 0.579618 0.838710 0.576433 0.838710 0.573248 0.842294 0.573248 0.860215 0.576433 0.863799 0.576433 0.867384 0.585987 0.867384 0.585987 0.863799 0.589172 0.860215 0.589172 0.856631 0.592357 0.853047 0.592357 0.842294
0 0.535032 0.842294 0.531847 0.849462 0.535032 0.853047 0.535032 0.863799 0.538217 0.870968 0.544586 0.878136 0.544586 0.881720 0.560510 0.899642 0.566879 0.896057 0.570064 0.888889 0.566879 0.885305 0.566879 0.878136 0.557325 0.856631 0.547771 0.842294
0 0.079618 0.860215 0.073248 0.867384 0.070064 0.874552 0.070064 0.881720 0.076433 0.892473 0.076433 0.906810 0.092357 0.921147 0.095541 0.917563 0.101911 0.917563 0.108280 0.910394 0.111465 0.899642 0.105096 0.885305 0.098726 0.878136 0.095541 0.867384 0.089172 0.860215
0 0.273885 0.870968 0.267516 0.878136 0.267516 0.896057 0.280255 0.913978 0.286624 0.913978 0.289809 0.917563 0.292994 0.913978 0.296178 0.913978 0.302548 0.903226 0.302548 0.896057 0.299363 0.892473 0.299363 0.885305 0.286624 0.870968
0 0.121019 0.874552 0.121019 0.885305 0.124204 0.888889 0.124204 0.899642 0.127389 0.903226 0.127389 0.906810 0.130573 0.910394 0.133758 0.910394 0.140127 0.903226 0.140127 0.888889 0.136943 0.885305 0.136943 0.881720 0.130573 0.874552
0 0.515924 0.885305 0.512739 0.888889 0.512739 0.906810 0.515924 0.910394 0.515924 0.917563 0.531847 0.917563 0.541401 0.906810 0.541401 0.899642 0.531847 0.888889 0.528662 0.888889 0.525478 0.885305
0 0.815287 0.885305 0.808917 0.885305 0.805732 0.888889 0.805732 0.892473 0.802548 0.896057 0.802548 0.906810 0.812102 0.906810 0.815287 0.903226 0.818471 0.903226 0.818471 0.896057 0.815287 0.892473 0.818471 0.888889
0 0.885350 0.903226 0.875796 0.892473 0.872611 0.892473 0.869427 0.888889 0.859873 0.888889 0.856688 0.892473 0.850318 0.892473 0.843949 0.899642 0.834395 0.903226 0.831210 0.906810 0.831210 0.910394 0.834395 0.913978 0.837580 0.913978 0.840764 0.917563 0.847134 0.917563 0.850318 0.921147 0.875796 0.921147 0.885350 0.913978
0 0.019108 0.906810 0.019108 0.910394 0.015924 0.913978 0.019108 0.917563 0.019108 0.924731 0.022293 0.928315 0.022293 0.931900 0.028662 0.939068 0.031847 0.939068 0.035032 0.942652 0.044586 0.942652 0.047771 0.946237 0.050955 0.946237 0.060510 0.939068 0.060510 0.935484 0.063694 0.931900 0.054140 0.913978 0.044586 0.910394 0.038217 0.903226 0.025478 0.903226 0.022293 0.906810
0 0.640127 0.928315 0.636943 0.928315 0.633758 0.924731 0.630573 0.924731 0.627389 0.928315 0.624204 0.928315 0.614650 0.939068 0.614650 0.946237 0.617834 0.949821 0.617834 0.953405 0.633758 0.953405 0.640127 0.946237
0 0.716561 0.928315 0.713376 0.924731 0.700637 0.924731 0.694268 0.931900 0.691083 0.931900 0.678344 0.946237 0.678344 0.949821 0.675159 0.953405 0.675159 0.960573 0.678344 0.964158 0.697452 0.964158 0.700637 0.960573 0.707006 0.960573 0.710191 0.956989 0.719745 0.953405 0.719745 0.935484 0.716561 0.931900
0 0.117834 0.939068 0.114650 0.942652 0.114650 0.956989 0.117834 0.960573 0.117834 0.964158 0.124204 0.971326 0.124204 0.974910 0.133758 0.982079 0.143312 0.978495 0.149682 0.971326 0.149682 0.960573 0.146497 0.956989 0.146497 0.953405 0.136943 0.942652 0.130573 0.942652 0.127389 0.939068
0 0.232484 0.960573 0.232484 0.964158 0.229299 0.967742 0.229299 0.978495 0.226115 0.982079 0.226115 0.985663 0.222930 0.989247 0.222930 0.992832 0.226115 0.996416 0.232484 0.996416 0.235669 0.992832 0.248408 0.992832 0.248408 0.985663 0.242038 0.974910 0.242038 0.967742 0.238854 0.964158 0.238854 0.960573
