0 0.155556 0.003597 0.152381 0.007194 0.152381 0.010791 0.149206 0.014388 0.152381 0.017986 0.152381 0.025180 0.155556 0.028777 0.165079 0.028777 0.171429 0.021583 0.171429 0.007194 0.168254 0.003597
0 0.352381 0.003597 0.352381 0.007194 0.355556 0.010791 0.380952 0.010791 0.384127 0.007194 0.380952 0.003597
0 0.561905 0.003597 0.561905 0.010791 0.571429 0.021583 0.580952 0.021583 0.587302 0.014388 0.587302 0.003597
0 0.517460 0.010791 0.514286 0.014388 0.514286 0.028777 0.520635 0.035971 0.530159 0.035971 0.533333 0.032374 0.533333 0.021583 0.530159 0.017986 0.530159 0.014388 0.526984 0.010791
0 0.952381 0.014388 0.949206 0.017986 0.952381 0.021583 0.952381 0.025180 0.955556 0.028777 0.955556 0.032374 0.958730 0.035971 0.968254 0.035971 0.971429 0.032374 0.961905 0.021583 0.961905 0.017986 0.958730 0.014388
0 0.136508 0.017986 0.126984 0.017986 0.123810 0.021583 0.120635 0.021583 0.120635 0.025180 0.117460 0.028777 0.117460 0.032374 0.120635 0.035971 0.120635 0.039568 0.130159 0.039568 0.133333 0.035971 0.133333 0.025180 0.136508 0.021583
0 0.447619 0.017986 0.447619 0.021583 0.444444 0.025180 0.444444 0.032374 0.447619 0.035971 0.447619 0.039568 0.450794 0.043165 0.457143 0.043165 0.460317 0.046763 0.466667 0.046763 0.473016 0.039568 0.473016 0.025180 0.466667 0.017986
0 0.196825 0.021583 0.193651 0.021583 0.184127 0.032374 0.184127 0.039568 0.180952 0.043165 0.180952 0.050360 0.184127 0.053957 0.184127 0.061151 0.187302 0.064748 0.190476 0.064748 0.203175 0.050360 0.203175 0.028777
0 0.612698 0.025180 0.612698 0.028777 0.609524 0.032374 0.609524 0.043165 0.615873 0.050360 0.622222 0.050360 0.622222 0.032374 0.615873 0.025180
0 0.574603 0.035971 0.571429 0.039568 0.571429 0.050360 0.574603 0.053957 0.574603 0.057554 0.577778 0.061151 0.584127 0.061151 0.587302 0.064748 0.593651 0.064748 0.596825 0.061151 0.596825 0.046763 0.593651 0.043165 0.593651 0.039568 0.590476 0.039568 0.587302 0.035971
0 0.812698 0.035971 0.806349 0.043165 0.806349 0.061151 0.809524 0.064748 0.809524 0.068345 0.812698 0.068345 0.815873 0.071942 0.822222 0.071942 0.825397 0.068345 0.825397 0.053957 0.822222 0.050360 0.822222 0.043165 0.815873 0.035971
0 0.384127 0.039568 0.377778 0.046763 0.377778 0.057554 0.380952 0.061151 0.384127 0.061151 0.387302 0.064748 0.393651 0.064748 0.396825 0.061151 0.396825 0.057554 0.400000 0.053957 0.400000 0.046763 0.393651 0.039568
0 0.939683 0.039568 0.933333 0.039568 0.926984 0.046763 0.926984 0.053957 0.923810 0.057554 0.923810 0.061151 0.926984 0.064748 0.926984 0.068345 0.930159 0.071942 0.936508 0.071942 0.936508 0.061151 0.939683 0.057554 0.939683 0.053957 0.942857 0.050360 0.942857 0.046763 0.939683 0.043165
0 0.352381 0.043165 0.346032 0.050360 0.346032 0.057554 0.349206 0.061151 0.349206 0.068345 0.352381 0.071942 0.352381 0.079137 0.355556 0.082734 0.355556 0.086331 0.358730 0.089928 0.361905 0.089928 0.368254 0.079137 0.368254 0.057554 0.365079 0.053957 0.365079 0.050360 0.358730 0.043165
0 0.650794 0.043165 0.647619 0.046763 0.647619 0.053957 0.650794 0.057554 0.650794 0.061151 0.653968 0.064748 0.663492 0.064748 0.666667 0.061151 0.666667 0.050360 0.660317 0.043165
0 0.415873 0.053957 0.415873 0.057554 0.412698 0.061151 0.412698 0.071942 0.422222 0.079137 0.434921 0.079137 0.438095 0.075540 0.444444 0.075540 0.450794 0.068345 0.450794 0.061151 0.441270 0.050360 0.438095 0.050360 0.434921 0.046763 0.425397 0.046763
0 0.879365 0.053957 0.879365 0.071942 0.882540 0.071942 0.888889 0.079137 0.901587 0.079137 0.901587 0.064748 0.898413 0.061151 0.898413 0.057554 0.892063 0.050360 0.885714 0.050360 0.882540 0.053957
0 0.107937 0.064748 0.107937 0.075540 0.111111 0.079137 0.111111 0.086331 0.114286 0.086331 0.117460 0.089928 0.120635 0.089928 0.123810 0.086331 0.114286 0.075540 0.114286 0.071942 0.111111 0.068345 0.111111 0.064748
0 0.857143 0.064748 0.853968 0.064748 0.850794 0.068345 0.847619 0.068345 0.847619 0.071942 0.844444 0.075540 0.844444 0.086331 0.847619 0.089928 0.853968 0.089928 0.860317 0.082734 0.860317 0.079137 0.863492 0.075540 0.863492 0.071942
0 0.952381 0.086331 0.952381 0.097122 0.958730 0.107914 0.974603 0.107914 0.984127 0.100719 0.984127 0.089928 0.974603 0.082734 0.968254 0.082734 0.965079 0.079137 0.958730 0.079137
0 0.307937 0.086331 0.304762 0.089928 0.304762 0.104317 0.307937 0.107914 0.307937 0.111511 0.317460 0.118705 0.320635 0.118705 0.323810 0.115108 0.326984 0.115108 0.333333 0.107914 0.333333 0.104317 0.326984 0.097122 0.326984 0.093525 0.323810 0.093525 0.317460 0.086331
0 0.761905 0.089928 0.758730 0.093525 0.758730 0.104317 0.765079 0.111511 0.768254 0.111511 0.771429 0.107914 0.774603 0.107914 0.774603 0.104317 0.777778 0.100719 0.777778 0.097122 0.771429 0.089928
0 0.273016 0.093525 0.269841 0.093525 0.266667 0.097122 0.263492 0.097122 0.263492 0.100719 0.269841 0.107914 0.266667 0.111511 0.266667 0.118705 0.269841 0.118705 0.279365 0.107914 0.282540 0.107914 0.282540 0.100719 0.279365 0.097122 0.276190 0.097122
0 0.514286 0.097122 0.511111 0.097122 0.507937 0.093525 0.501587 0.093525 0.498413 0.097122 0.495238 0.097122 0.485714 0.107914 0.485714 0.125899 0.488889 0.129496 0.488889 0.140288 0.495238 0.140288 0.511111 0.122302 0.511111 0.118705 0.514286 0.115108 0.514286 0.107914 0.517460 0.104317 0.514286 0.100719
0 0.546032 0.107914 0.546032 0.118705 0.552381 0.125899 0.555556 0.125899 0.565079 0.133094 0.574603 0.133094 0.577778 0.129496 0.577778 0.118705 0.571429 0.107914 0.568254 0.107914 0.565079 0.104317 0.552381 0.104317 0.549206 0.107914
0 0.873016 0.107914 0.869841 0.111511 0.869841 0.125899 0.876190 0.133094 0.888889 0.133094 0.892063 0.129496 0.892063 0.125899 0.895238 0.122302 0.892063 0.118705 0.892063 0.115108 0.885714 0.107914
0 0.612698 0.111511 0.606349 0.118705 0.606349 0.133094 0.612698 0.140288 0.622222 0.140288 0.622222 0.136691 0.625397 0.133094 0.625397 0.122302 0.622222 0.118705 0.622222 0.115108 0.619048 0.115108 0.615873 0.111511
0 0.784127 0.111511 0.777778 0.118705 0.777778 0.122302 0.774603 0.125899 0.774603 0.136691 0.777778 0.140288 0.780952 0.140288 0.784127 0.143885 0.790476 0.143885 0.796825 0.136691 0.796825 0.122302 0.787302 0.111511
0 0.453968 0.115108 0.450794 0.118705 0.450794 0.129496 0.453968 0.133094 0.466667 0.133094 0.469841 0.129496 0.469841 0.122302 0.463492 0.115108
0 0.142857 0.118705 0.139683 0.122302 0.139683 0.133094 0.149206 0.143885 0.161905 0.143885 0.165079 0.140288 0.165079 0.133094 0.161905 0.129496 0.161905 0.125899 0.158730 0.122302 0.155556 0.122302 0.152381 0.118705
0 0.638095 0.122302 0.638095 0.129496 0.641270 0.133094 0.641270 0.136691 0.653968 0.136691 0.660317 0.129496 0.660317 0.125899 0.653968 0.118705 0.641270 0.118705
0 0.987302 0.118705 0.974603 0.118705 0.974603 0.122302 0.971429 0.125899 0.971429 0.140288 0.974603 0.143885 0.980952 0.143885 0.984127 0.140288 0.987302 0.140288 0.987302 0.136691 0.990476 0.133094 0.990476 0.122302
0 0.412698 0.136691 0.403175 0.147482 0.403175 0.151079 0.406349 0.154676 0.406349 0.165468 0.409524 0.169065 0.409524 0.176259 0.412698 0.179856 0.422222 0.179856 0.422222 0.176259 0.428571 0.165468 0.428571 0.143885 0.422222 0.136691
0 0.285714 0.143885 0.285714 0.151079 0.295238 0.161871 0.298413 0.161871 0.301587 0.165468 0.304762 0.165468 0.307937 0.161871 0.311111 0.161871 0.311111 0.158273 0.314286 0.154676 0.314286 0.151079 0.311111 0.147482 0.307937 0.147482 0.304762 0.143885 0.298413 0.143885 0.295238 0.140288 0.288889 0.140288
0 0.511111 0.140288 0.511111 0.143885 0.507937 0.147482 0.507937 0.158273 0.511111 0.161871 0.511111 0.165468 0.523810 0.165468 0.523810 0.161871 0.526984 0.158273 0.526984 0.143885 0.523810 0.140288
0 0.647619 0.154676 0.644444 0.158273 0.644444 0.161871 0.653968 0.172662 0.660317 0.172662 0.663492 0.176259 0.666667 0.172662 0.669841 0.172662 0.673016 0.169065 0.673016 0.154676 0.669841 0.151079 0.660317 0.151079 0.657143 0.154676
0 0.876190 0.154676 0.876190 0.161871 0.888889 0.161871 0.892063 0.158273 0.892063 0.154676 0.888889 0.151079 0.879365 0.151079
0 0.152381 0.154676 0.152381 0.158273 0.149206 0.161871 0.149206 0.172662 0.152381 0.176259 0.152381 0.179856 0.155556 0.179856 0.165079 0.187050 0.174603 0.187050 0.177778 0.183453 0.177778 0.172662 0.174603 0.169065 0.174603 0.165468 0.165079 0.154676
0 0.542857 0.154676 0.539683 0.158273 0.539683 0.161871 0.536508 0.165468 0.536508 0.172662 0.542857 0.179856 0.555556 0.179856 0.558730 0.176259 0.558730 0.158273 0.555556 0.154676
0 0.615873 0.165468 0.615873 0.179856 0.619048 0.183453 0.625397 0.183453 0.628571 0.179856 0.628571 0.169065 0.625397 0.165468
0 0.949206 0.179856 0.949206 0.172662 0.946032 0.172662 0.942857 0.169065 0.939683 0.172662 0.933333 0.172662 0.930159 0.176259 0.936508 0.183453 0.946032 0.183453
0 0.653968 0.187050 0.647619 0.194245 0.650794 0.197842 0.650794 0.205036 0.657143 0.212230 0.666667 0.212230 0.673016 0.205036 0.673016 0.194245 0.669841 0.190647 0.666667 0.190647 0.663492 0.187050
0 0.860317 0.187050 0.860317 0.201439 0.863492 0.205036 0.869841 0.205036 0.873016 0.201439 0.873016 0.187050
0 0.822222 0.197842 0.822222 0.201439 0.819048 0.205036 0.819048 0.212230 0.825397 0.219424 0.834921 0.219424 0.838095 0.215827 0.838095 0.201439 0.834921 0.197842
0 0.923810 0.197842 0.917460 0.205036 0.917460 0.215827 0.920635 0.219424 0.920635 0.223022 0.926984 0.230216 0.930159 0.230216 0.936508 0.223022 0.936508 0.205036 0.930159 0.197842
0 0.507937 0.201439 0.504762 0.205036 0.498413 0.205036 0.495238 0.208633 0.495238 0.223022 0.498413 0.226619 0.498413 0.230216 0.504762 0.237410 0.511111 0.237410 0.514286 0.241007 0.520635 0.233813 0.520635 0.226619 0.523810 0.223022 0.523810 0.212230 0.514286 0.201439
0 0.234921 0.205036 0.228571 0.205036 0.225397 0.208633 0.219048 0.208633 0.215873 0.212230 0.215873 0.226619 0.225397 0.237410 0.241270 0.219424 0.241270 0.212230
0 0.422222 0.208633 0.422222 0.212230 0.419048 0.215827 0.419048 0.230216 0.422222 0.233813 0.422222 0.237410 0.425397 0.241007 0.434921 0.241007 0.438095 0.237410 0.438095 0.233813 0.441270 0.230216 0.441270 0.219424 0.431746 0.208633
0 0.765079 0.208633 0.765079 0.230216 0.771429 0.237410 0.771429 0.241007 0.774603 0.244604 0.774603 0.251799 0.777778 0.255396 0.780952 0.255396 0.784127 0.251799 0.784127 0.219424 0.777778 0.208633
0 0.253968 0.226619 0.250794 0.223022 0.247619 0.223022 0.244444 0.219424 0.228571 0.237410 0.234921 0.244604 0.247619 0.244604 0.250794 0.241007 0.253968 0.241007
0 0.368254 0.226619 0.365079 0.226619 0.355556 0.219424 0.352381 0.219424 0.349206 0.223022 0.346032 0.223022 0.346032 0.230216 0.342857 0.233813 0.342857 0.244604 0.349206 0.251799 0.355556 0.251799 0.361905 0.244604 0.365079 0.244604 0.368254 0.241007
0 0.552381 0.237410 0.552381 0.244604 0.555556 0.248201 0.558730 0.248201 0.561905 0.251799 0.571429 0.251799 0.574603 0.255396 0.584127 0.255396 0.584127 0.248201 0.587302 0.244604 0.587302 0.226619 0.584127 0.223022 0.568254 0.223022 0.565079 0.226619 0.561905 0.226619
0 0.120635 0.237410 0.120635 0.244604 0.126984 0.251799 0.130159 0.251799 0.133333 0.255396 0.139683 0.255396 0.142857 0.251799 0.146032 0.251799 0.152381 0.244604 0.152381 0.237410 0.149206 0.233813 0.146032 0.233813 0.142857 0.230216 0.136508 0.230216 0.133333 0.226619 0.130159 0.226619
0 0.847619 0.241007 0.838095 0.251799 0.838095 0.258993 0.844444 0.266187 0.853968 0.266187 0.857143 0.262590 0.857143 0.244604 0.853968 0.241007
0 0.619048 0.251799 0.612698 0.258993 0.612698 0.262590 0.609524 0.266187 0.609524 0.276978 0.612698 0.280576 0.628571 0.280576 0.634921 0.273381 0.634921 0.269784 0.638095 0.266187 0.638095 0.255396 0.634921 0.251799
0 0.117460 0.266187 0.114286 0.262590 0.111111 0.262590 0.107937 0.258993 0.101587 0.258993 0.098413 0.262590 0.092063 0.262590 0.088889 0.266187 0.088889 0.276978 0.092063 0.280576 0.104762 0.280576 0.107937 0.276978 0.111111 0.276978 0.117460 0.269784
0 0.171429 0.262590 0.168254 0.266187 0.168254 0.269784 0.171429 0.273381 0.171429 0.276978 0.174603 0.280576 0.174603 0.291367 0.180952 0.291367 0.184127 0.287770 0.184127 0.284173 0.177778 0.276978 0.177778 0.269784
0 0.542857 0.269784 0.542857 0.273381 0.546032 0.276978 0.546032 0.280576 0.552381 0.287770 0.552381 0.291367 0.558730 0.291367 0.561905 0.294964 0.568254 0.294964 0.571429 0.291367 0.574603 0.291367 0.574603 0.287770 0.577778 0.284173 0.577778 0.276978 0.571429 0.269784 0.568254 0.269784 0.565079 0.266187 0.546032 0.266187
0 0.492063 0.269784 0.485714 0.269784 0.482540 0.273381 0.482540 0.276978 0.479365 0.280576 0.479365 0.291367 0.485714 0.298561 0.492063 0.291367 0.492063 0.287770 0.495238 0.284173 0.495238 0.273381
0 0.946032 0.269784 0.942857 0.273381 0.942857 0.284173 0.952381 0.294964 0.958730 0.294964 0.965079 0.287770 0.965079 0.276978 0.958730 0.269784
0 0.142857 0.276978 0.136508 0.284173 0.136508 0.294964 0.142857 0.302158 0.146032 0.302158 0.149206 0.305755 0.158730 0.305755 0.165079 0.298561 0.165079 0.291367 0.161905 0.287770 0.161905 0.280576 0.152381 0.273381 0.149206 0.276978
0 0.685714 0.273381 0.679365 0.273381 0.676190 0.276978 0.676190 0.291367 0.682540 0.298561 0.685714 0.294964 0.688889 0.294964 0.692063 0.291367 0.692063 0.284173 0.688889 0.280576 0.688889 0.276978
0 0.720635 0.280576 0.714286 0.287770 0.714286 0.302158 0.726984 0.316547 0.736508 0.316547 0.739683 0.312950 0.742857 0.312950 0.742857 0.309353 0.746032 0.305755 0.746032 0.287770 0.742857 0.284173 0.733333 0.284173 0.730159 0.280576
0 0.517460 0.284173 0.507937 0.284173 0.504762 0.287770 0.504762 0.291367 0.501587 0.294964 0.501587 0.302158 0.504762 0.305755 0.504762 0.309353 0.511111 0.309353 0.514286 0.305755 0.517460 0.305755 0.520635 0.302158 0.520635 0.287770
0 0.879365 0.291367 0.873016 0.298561 0.873016 0.302158 0.869841 0.305755 0.879365 0.316547 0.895238 0.316547 0.901587 0.309353 0.901587 0.305755 0.904762 0.302158 0.904762 0.298561 0.901587 0.294964 0.901587 0.291367 0.898413 0.287770 0.885714 0.287770 0.882540 0.291367
0 0.806349 0.291367 0.800000 0.298561 0.800000 0.305755 0.809524 0.316547 0.815873 0.316547 0.819048 0.312950 0.819048 0.309353 0.822222 0.305755 0.822222 0.302158 0.819048 0.298561 0.819048 0.294964 0.815873 0.294964 0.812698 0.291367
0 0.993651 0.298561 0.980952 0.298561 0.974603 0.305755 0.974603 0.309353 0.977778 0.312950 0.977778 0.323741 0.974603 0.327338 0.974603 0.338129 0.977778 0.341727 0.980952 0.338129 0.984127 0.338129 0.984127 0.334532 0.990476 0.327338 0.990476 0.323741 0.993651 0.320144
0 0.787302 0.316547 0.780952 0.316547 0.771429 0.327338 0.768254 0.327338 0.758730 0.334532 0.755556 0.345324 0.758730 0.348921 0.758730 0.356115 0.761905 0.359712 0.768254 0.359712 0.771429 0.356115 0.771429 0.352518 0.777778 0.345324 0.777778 0.341727 0.793651 0.330935 0.793651 0.327338
0 0.673016 0.320144 0.663492 0.320144 0.660317 0.323741 0.657143 0.323741 0.647619 0.334532 0.647619 0.345324 0.650794 0.348921 0.660317 0.348921 0.663492 0.352518 0.666667 0.348921 0.669841 0.348921 0.673016 0.345324 0.673016 0.341727 0.679365 0.334532 0.679365 0.327338
0 0.158730 0.341727 0.155556 0.345324 0.155556 0.356115 0.158730 0.359712 0.161905 0.359712 0.165079 0.363309 0.174603 0.363309 0.180952 0.356115 0.180952 0.345324 0.177778 0.341727 0.177778 0.338129 0.165079 0.338129 0.161905 0.341727
0 0.282540 0.338129 0.276190 0.348921 0.276190 0.356115 0.279365 0.359712 0.279365 0.366906 0.288889 0.377698 0.295238 0.377698 0.298413 0.374101 0.298413 0.348921 0.292063 0.338129
0 0.593651 0.341727 0.587302 0.348921 0.587302 0.359712 0.593651 0.366906 0.606349 0.366906 0.609524 0.363309 0.609524 0.359712 0.612698 0.356115 0.612698 0.352518 0.609524 0.348921 0.609524 0.345324 0.606349 0.341727
0 0.876190 0.352518 0.876190 0.359712 0.879365 0.363309 0.879365 0.366906 0.882540 0.366906 0.885714 0.370504 0.911111 0.370504 0.914286 0.366906 0.917460 0.366906 0.923810 0.359712 0.923810 0.352518 0.920635 0.348921 0.917460 0.348921 0.914286 0.345324 0.901587 0.345324 0.898413 0.341727 0.882540 0.345324
0 0.993651 0.345324 0.990476 0.348921 0.987302 0.348921 0.984127 0.352518 0.984127 0.359712 0.980952 0.363309 0.980952 0.366906 0.984127 0.370504 0.984127 0.374101 0.987302 0.377698 0.993651 0.377698 0.996825 0.374101 0.996825 0.352518 0.993651 0.348921
0 0.685714 0.352518 0.679365 0.359712 0.679365 0.370504 0.682540 0.374101 0.682540 0.377698 0.698413 0.377698 0.701587 0.374101 0.701587 0.359712 0.695238 0.352518
0 0.409524 0.356115 0.409524 0.370504 0.415873 0.377698 0.428571 0.377698 0.434921 0.370504 0.434921 0.359712 0.431746 0.356115
0 0.466667 0.359712 0.460317 0.359712 0.453968 0.366906 0.457143 0.370504 0.453968 0.374101 0.453968 0.377698 0.450794 0.381295 0.450794 0.384892 0.453968 0.384892 0.457143 0.388489 0.460317 0.384892 0.463492 0.384892 0.469841 0.377698 0.469841 0.363309
0 0.850794 0.363309 0.847619 0.366906 0.847619 0.384892 0.850794 0.388489 0.863492 0.388489 0.863492 0.384892 0.866667 0.381295 0.863492 0.377698 0.863492 0.370504 0.857143 0.363309
0 0.552381 0.374101 0.546032 0.374101 0.542857 0.377698 0.539683 0.377698 0.533333 0.384892 0.533333 0.392086 0.536508 0.395683 0.539683 0.395683 0.542857 0.399281 0.546032 0.399281 0.549206 0.395683 0.552381 0.395683
0 0.825397 0.384892 0.822222 0.381295 0.819048 0.381295 0.815873 0.377698 0.812698 0.377698 0.809524 0.381295 0.806349 0.381295 0.803175 0.384892 0.803175 0.395683 0.806349 0.399281 0.819048 0.399281 0.825397 0.392086
0 0.612698 0.384892 0.606349 0.384892 0.600000 0.392086 0.600000 0.406475 0.603175 0.410072 0.603175 0.413669 0.606349 0.413669 0.609524 0.417266 0.612698 0.413669 0.615873 0.413669 0.619048 0.410072 0.619048 0.406475 0.622222 0.402878 0.622222 0.395683 0.619048 0.392086 0.619048 0.388489 0.615873 0.388489
0 0.228571 0.388489 0.228571 0.410072 0.234921 0.417266 0.238095 0.417266 0.241270 0.413669 0.244444 0.413669 0.247619 0.410072 0.247619 0.406475 0.250794 0.402878 0.244444 0.395683 0.244444 0.392086 0.241270 0.388489
0 0.317460 0.388489 0.317460 0.392086 0.314286 0.395683 0.314286 0.406475 0.317460 0.410072 0.326984 0.410072 0.330159 0.406475 0.336508 0.406475 0.336508 0.392086 0.333333 0.392086 0.330159 0.388489
0 0.409524 0.392086 0.409524 0.402878 0.412698 0.402878 0.419048 0.410072 0.428571 0.410072 0.431746 0.406475 0.431746 0.402878 0.425397 0.395683 0.422222 0.395683 0.419048 0.392086
0 0.574603 0.392086 0.574603 0.395683 0.571429 0.399281 0.571429 0.413669 0.577778 0.420863 0.584127 0.420863 0.590476 0.413669 0.590476 0.406475 0.593651 0.402878 0.590476 0.399281 0.590476 0.395683 0.587302 0.395683 0.584127 0.392086
0 0.473016 0.399281 0.469841 0.402878 0.469841 0.406475 0.466667 0.410072 0.466667 0.417266 0.473016 0.424460 0.482540 0.424460 0.495238 0.410072 0.488889 0.402878 0.485714 0.402878 0.482540 0.399281
0 0.688889 0.406475 0.679365 0.417266 0.679365 0.424460 0.685714 0.431655 0.688889 0.431655 0.692063 0.435252 0.701587 0.435252 0.711111 0.424460 0.711111 0.413669 0.704762 0.406475
0 0.926984 0.406475 0.917460 0.417266 0.917460 0.431655 0.926984 0.438849 0.933333 0.438849 0.942857 0.431655 0.942857 0.413669 0.936508 0.406475
0 0.282540 0.417266 0.282540 0.424460 0.292063 0.435252 0.304762 0.435252 0.311111 0.428058 0.311111 0.424460 0.298413 0.410072 0.285714 0.410072 0.285714 0.413669
0 0.993651 0.410072 0.990476 0.410072 0.987302 0.413669 0.984127 0.413669 0.984127 0.417266 0.980952 0.420863 0.980952 0.431655 0.984127 0.435252 0.984127 0.438849 0.987302 0.442446 0.987302 0.446043 0.990476 0.442446 0.993651 0.446043 0.993651 0.420863 0.996825 0.417266 0.993651 0.413669
0 0.177778 0.417266 0.174603 0.420863 0.174603 0.424460 0.171429 0.428058 0.171429 0.431655 0.174603 0.435252 0.174603 0.438849 0.180952 0.446043 0.187302 0.446043 0.190476 0.442446 0.193651 0.442446 0.196825 0.438849 0.196825 0.428058 0.193651 0.424460 0.193651 0.420863 0.190476 0.420863 0.187302 0.417266
0 0.403175 0.420863 0.396825 0.428058 0.396825 0.438849 0.403175 0.446043 0.412698 0.446043 0.419048 0.438849 0.419048 0.424460 0.415873 0.424460 0.412698 0.420863
0 0.841270 0.424460 0.838095 0.428058 0.838095 0.435252 0.834921 0.438849 0.834921 0.456835 0.838095 0.460432 0.853968 0.460432 0.857143 0.456835 0.860317 0.456835 0.869841 0.446043 0.869841 0.438849 0.866667 0.435252 0.860317 0.435252 0.853968 0.428058 0.850794 0.428058 0.847619 0.424460
0 0.130159 0.428058 0.126984 0.431655 0.123810 0.431655 0.117460 0.438849 0.117460 0.453237 0.123810 0.460432 0.126984 0.460432 0.130159 0.464029 0.133333 0.464029 0.139683 0.456835 0.139683 0.435252
0 0.488889 0.442446 0.485714 0.446043 0.485714 0.456835 0.492063 0.464029 0.495238 0.464029 0.498413 0.460432 0.498413 0.453237 0.501587 0.449640 0.501587 0.446043 0.498413 0.442446
0 0.600000 0.442446 0.596825 0.446043 0.593651 0.446043 0.593651 0.449640 0.590476 0.453237 0.590476 0.464029 0.600000 0.474820 0.609524 0.474820 0.612698 0.471223 0.612698 0.453237 0.609524 0.449640 0.609524 0.446043 0.606349 0.446043 0.603175 0.442446
0 0.307937 0.446043 0.298413 0.456835 0.298413 0.467626 0.304762 0.474820 0.307937 0.474820 0.311111 0.478417 0.317460 0.478417 0.326984 0.467626 0.326984 0.460432 0.323810 0.456835 0.323810 0.453237 0.320635 0.453237 0.314286 0.446043
0 0.333333 0.449640 0.333333 0.460432 0.339683 0.467626 0.349206 0.467626 0.352381 0.464029 0.352381 0.456835 0.349206 0.453237 0.349206 0.449640 0.342857 0.449640 0.339683 0.446043 0.336508 0.449640
0 0.215873 0.449640 0.209524 0.449640 0.203175 0.456835 0.200000 0.456835 0.200000 0.460432 0.196825 0.464029 0.196825 0.478417 0.203175 0.478417 0.206349 0.474820 0.209524 0.474820 0.219048 0.464029 0.219048 0.453237
0 0.717460 0.453237 0.714286 0.456835 0.714286 0.460432 0.711111 0.464029 0.711111 0.467626 0.714286 0.471223 0.714286 0.474820 0.720635 0.474820 0.723810 0.478417 0.726984 0.478417 0.730159 0.474820 0.733333 0.474820 0.736508 0.471223 0.736508 0.456835 0.733333 0.456835 0.730159 0.453237
0 0.161905 0.456835 0.155556 0.464029 0.155556 0.474820 0.158730 0.478417 0.158730 0.482014 0.168254 0.492806 0.180952 0.492806 0.180952 0.460432 0.177778 0.460432 0.174603 0.456835
0 0.466667 0.474820 0.463492 0.478417 0.463492 0.492806 0.469841 0.500000 0.485714 0.500000 0.485714 0.496403 0.488889 0.492806 0.488889 0.489209 0.485714 0.485612 0.485714 0.482014 0.482540 0.478417 0.479365 0.478417 0.476190 0.474820
0 0.809524 0.478417 0.806349 0.478417 0.803175 0.474820 0.800000 0.478417 0.796825 0.478417 0.790476 0.485612 0.784127 0.485612 0.780952 0.489209 0.777778 0.489209 0.771429 0.496403 0.774603 0.507194 0.780952 0.507194 0.790476 0.500000 0.803175 0.500000 0.809524 0.492806
0 0.866667 0.474820 0.860317 0.474820 0.853968 0.482014 0.850794 0.482014 0.844444 0.489209 0.850794 0.496403 0.850794 0.500000 0.853968 0.503597 0.857143 0.503597 0.860317 0.500000 0.866667 0.500000 0.873016 0.492806 0.873016 0.482014
0 0.120635 0.489209 0.114286 0.496403 0.114286 0.503597 0.117460 0.507194 0.117460 0.510791 0.123810 0.517986 0.126984 0.517986 0.130159 0.521583 0.142857 0.521583 0.142857 0.517986 0.146032 0.514388 0.146032 0.503597 0.139683 0.496403 0.136508 0.496403 0.126984 0.489209
0 0.828571 0.489209 0.828571 0.492806 0.825397 0.496403 0.828571 0.500000 0.828571 0.503597 0.831746 0.507194 0.831746 0.510791 0.841270 0.521583 0.850794 0.521583 0.850794 0.517986 0.853968 0.514388 0.853968 0.507194 0.847619 0.500000 0.847619 0.496403 0.841270 0.489209
0 0.250794 0.492806 0.244444 0.500000 0.244444 0.507194 0.247619 0.510791 0.244444 0.514388 0.247619 0.517986 0.257143 0.517986 0.260317 0.514388 0.260317 0.503597
0 0.552381 0.492806 0.546032 0.500000 0.546032 0.503597 0.549206 0.507194 0.549206 0.510791 0.552381 0.514388 0.555556 0.514388 0.558730 0.517986 0.568254 0.517986 0.571429 0.514388 0.571429 0.510791 0.568254 0.507194 0.568254 0.500000 0.565079 0.496403 0.561905 0.496403 0.558730 0.492806
0 0.336508 0.496403 0.333333 0.500000 0.333333 0.507194 0.336508 0.510791 0.336508 0.514388 0.339683 0.517986 0.349206 0.517986 0.355556 0.510791 0.355556 0.503597 0.349206 0.496403
0 0.911111 0.500000 0.911111 0.503597 0.907937 0.507194 0.907937 0.521583 0.911111 0.525180 0.914286 0.535971 0.920635 0.543165 0.939683 0.543165 0.942857 0.539568 0.942857 0.525180 0.939683 0.521583 0.939683 0.517986 0.920635 0.496403
0 0.968254 0.496403 0.961905 0.503597 0.961905 0.510791 0.965079 0.514388 0.965079 0.517986 0.971429 0.525180 0.977778 0.525180 0.980952 0.521583 0.984127 0.521583 0.984127 0.514388 0.987302 0.510791 0.984127 0.507194 0.984127 0.503597 0.977778 0.496403
0 0.285714 0.500000 0.282540 0.503597 0.282540 0.507194 0.285714 0.510791 0.285714 0.517986 0.288889 0.521583 0.295238 0.521583 0.295238 0.500000
0 0.790476 0.517986 0.784127 0.528777 0.796825 0.543165 0.809524 0.543165 0.815873 0.532374 0.815873 0.517986 0.812698 0.514388 0.796825 0.514388 0.793651 0.517986
0 0.187302 0.517986 0.184127 0.521583 0.184127 0.525180 0.187302 0.525180 0.196825 0.535971 0.196825 0.543165 0.203175 0.550360 0.212698 0.550360 0.215873 0.546763 0.215873 0.535971 0.212698 0.532374 0.209524 0.532374 0.206349 0.528777 0.203175 0.528777 0.196825 0.521583 0.193651 0.521583 0.190476 0.517986
0 0.307937 0.525180 0.307937 0.550360 0.311111 0.553957 0.314286 0.553957 0.317460 0.557554 0.320635 0.553957 0.323810 0.553957 0.323810 0.550360 0.326984 0.546763 0.323810 0.543165 0.323810 0.535971 0.320635 0.532374 0.320635 0.528777 0.317460 0.525180
0 0.698413 0.525180 0.695238 0.528777 0.695238 0.532374 0.692063 0.535971 0.692063 0.539568 0.698413 0.546763 0.714286 0.546763 0.717460 0.543165 0.717460 0.528777 0.714286 0.528777 0.711111 0.525180
0 0.368254 0.528777 0.358730 0.528777 0.349206 0.539568 0.349206 0.546763 0.352381 0.550360 0.352381 0.553957 0.355556 0.553957 0.358730 0.557554 0.361905 0.553957 0.365079 0.553957 0.371429 0.546763 0.371429 0.543165 0.374603 0.539568 0.374603 0.535971
0 0.396825 0.528777 0.393651 0.532374 0.393651 0.550360 0.396825 0.553957 0.396825 0.557554 0.403175 0.564748 0.403175 0.568345 0.406349 0.571942 0.415873 0.575540 0.419048 0.571942 0.419048 0.557554 0.415873 0.553957 0.415873 0.546763 0.412698 0.543165 0.412698 0.535971 0.406349 0.528777
0 0.669841 0.532374 0.666667 0.535971 0.666667 0.539568 0.663492 0.543165 0.663492 0.550360 0.669841 0.557554 0.676190 0.557554 0.679365 0.553957 0.679365 0.535971 0.676190 0.532374
0 0.838095 0.532374 0.831746 0.539568 0.831746 0.550360 0.841270 0.561151 0.850794 0.561151 0.857143 0.553957 0.857143 0.539568 0.853968 0.535971 0.850794 0.535971 0.847619 0.532374
0 0.120635 0.539568 0.120635 0.553957 0.123810 0.557554 0.133333 0.557554 0.139683 0.550360 0.139683 0.546763 0.136508 0.543165 0.136508 0.539568 0.130159 0.539568 0.126984 0.535971 0.123810 0.539568
0 0.139683 0.539568 0.139683 0.543165 0.142857 0.546763 0.142857 0.550360 0.146032 0.550360 0.149206 0.553957 0.155556 0.553957 0.155556 0.539568 0.152381 0.535971 0.149206 0.535971 0.146032 0.539568
0 0.444444 0.546763 0.441270 0.550360 0.441270 0.561151 0.444444 0.564748 0.444444 0.568345 0.447619 0.568345 0.450794 0.571942 0.457143 0.571942 0.460317 0.568345 0.460317 0.553957 0.457143 0.550360 0.457143 0.546763
0 0.482540 0.561151 0.482540 0.564748 0.485714 0.568345 0.485714 0.571942 0.492063 0.571942 0.495238 0.575540 0.504762 0.575540 0.507937 0.571942 0.511111 0.571942 0.511111 0.564748 0.507937 0.561151 0.507937 0.557554 0.501587 0.550360 0.492063 0.550360 0.488889 0.553957 0.485714 0.553957 0.485714 0.557554
0 0.558730 0.557554 0.558730 0.568345 0.565079 0.575540 0.584127 0.575540 0.590476 0.568345 0.590476 0.564748 0.593651 0.561151 0.587302 0.550360 0.568254 0.550360
0 0.241270 0.561151 0.234921 0.553957 0.228571 0.553957 0.225397 0.557554 0.222222 0.557554 0.219048 0.561151 0.219048 0.564748 0.215873 0.568345 0.219048 0.571942 0.219048 0.575540 0.238095 0.575540 0.238095 0.571942 0.241270 0.568345
0 0.609524 0.561151 0.603175 0.568345 0.603175 0.579137 0.609524 0.586331 0.619048 0.586331 0.619048 0.582734 0.622222 0.579137 0.622222 0.568345 0.615873 0.561151
0 0.244444 0.564748 0.244444 0.568345 0.241270 0.571942 0.241270 0.579137 0.244444 0.582734 0.244444 0.586331 0.250794 0.586331 0.257143 0.579137 0.257143 0.575540 0.253968 0.571942 0.253968 0.568345 0.250794 0.564748
0 0.800000 0.575540 0.803175 0.586331 0.812698 0.586331 0.822222 0.593525 0.838095 0.593525 0.841270 0.589928 0.847619 0.589928 0.844444 0.579137 0.838095 0.571942 0.834921 0.571942 0.825397 0.564748 0.812698 0.564748 0.809524 0.568345 0.803175 0.568345 0.803175 0.571942
0 0.755556 0.571942 0.755556 0.582734 0.768254 0.597122 0.771429 0.597122 0.774603 0.600719 0.784127 0.600719 0.787302 0.604317 0.796825 0.604317 0.803175 0.597122 0.803175 0.589928 0.800000 0.586331 0.796825 0.575540 0.790476 0.575540 0.787302 0.571942 0.768254 0.571942 0.765079 0.568345 0.758730 0.568345
0 0.339683 0.571942 0.333333 0.571942 0.330159 0.575540 0.317460 0.575540 0.314286 0.579137 0.314286 0.593525 0.320635 0.600719 0.326984 0.600719 0.330159 0.597122 0.336508 0.597122 0.342857 0.589928 0.342857 0.579137 0.339683 0.575540
0 0.393651 0.575540 0.393651 0.589928 0.396825 0.593525 0.396825 0.597122 0.400000 0.600719 0.400000 0.604317 0.409524 0.615108 0.409524 0.618705 0.415873 0.618705 0.415873 0.607914 0.409524 0.600719 0.409524 0.597122 0.400000 0.586331 0.400000 0.582734
0 0.158730 0.586331 0.155556 0.589928 0.155556 0.593525 0.161905 0.600719 0.168254 0.600719 0.168254 0.597122 0.171429 0.593525 0.165079 0.586331
0 0.479365 0.589928 0.476190 0.593525 0.476190 0.607914 0.485714 0.618705 0.492063 0.618705 0.498413 0.611511 0.498413 0.600719 0.495238 0.597122 0.495238 0.593525 0.492063 0.589928
0 0.555556 0.604317 0.558730 0.607914 0.561905 0.607914 0.565079 0.611511 0.571429 0.611511 0.577778 0.604317 0.577778 0.600719 0.580952 0.597122 0.587302 0.597122 0.584127 0.593525 0.577778 0.593525 0.574603 0.589928 0.561905 0.589928 0.558730 0.593525 0.555556 0.593525
0 0.723810 0.593525 0.720635 0.597122 0.720635 0.611511 0.726984 0.618705 0.739683 0.618705 0.742857 0.615108 0.742857 0.604317 0.739683 0.600719 0.739683 0.597122 0.736508 0.593525
0 0.634921 0.597122 0.631746 0.597122 0.628571 0.600719 0.625397 0.600719 0.625397 0.615108 0.631746 0.622302 0.634921 0.618705 0.638095 0.618705 0.641270 0.615108 0.641270 0.611511 0.644444 0.607914 0.641270 0.604317 0.641270 0.600719 0.638095 0.600719
0 0.285714 0.604317 0.279365 0.611511 0.279365 0.618705 0.282540 0.622302 0.282540 0.633094 0.285714 0.636691 0.285714 0.640288 0.295238 0.640288 0.298413 0.636691 0.301587 0.636691 0.301587 0.633094 0.304762 0.629496 0.304762 0.615108 0.298413 0.604317
0 0.107937 0.607914 0.104762 0.611511 0.104762 0.622302 0.107937 0.625899 0.117460 0.625899 0.117460 0.611511 0.114286 0.611511 0.111111 0.607914
0 0.193651 0.607914 0.193651 0.615108 0.203175 0.625899 0.203175 0.629496 0.206349 0.633094 0.215873 0.636691 0.222222 0.643885 0.228571 0.643885 0.228571 0.636691 0.209524 0.615108 0.206349 0.615108 0.200000 0.607914
0 0.336508 0.615108 0.333333 0.618705 0.333333 0.625899 0.342857 0.636691 0.346032 0.636691 0.349206 0.640288 0.352381 0.640288 0.358730 0.633094 0.358730 0.622302 0.355556 0.618705 0.355556 0.615108 0.349206 0.615108 0.346032 0.611511 0.342857 0.615108
0 0.250794 0.618705 0.244444 0.629496 0.244444 0.643885 0.250794 0.651079 0.260317 0.651079 0.266667 0.640288 0.266667 0.625899 0.263492 0.622302 0.263492 0.618705
0 0.853968 0.618705 0.850794 0.622302 0.850794 0.625899 0.847619 0.629496 0.850794 0.633094 0.850794 0.636691 0.857143 0.643885 0.860317 0.643885 0.863492 0.647482 0.869841 0.647482 0.873016 0.643885 0.873016 0.640288 0.876190 0.636691 0.873016 0.633094 0.873016 0.625899 0.869841 0.622302 0.866667 0.622302 0.863492 0.618705
0 0.698413 0.622302 0.692063 0.622302 0.679365 0.636691 0.679365 0.640288 0.676190 0.643885 0.676190 0.661871 0.682540 0.672662 0.688889 0.672662 0.695238 0.665468 0.695238 0.661871 0.701587 0.651079 0.701587 0.643885 0.704762 0.640288 0.704762 0.633094
0 0.812698 0.629496 0.815873 0.633094 0.819048 0.633094 0.822222 0.636691 0.828571 0.636691 0.831746 0.633094 0.831746 0.629496 0.828571 0.625899 0.819048 0.625899 0.815873 0.629496
0 0.450794 0.633094 0.447619 0.633094 0.444444 0.629496 0.441270 0.633094 0.434921 0.633094 0.428571 0.640288 0.428571 0.643885 0.425397 0.647482 0.425397 0.654676 0.431746 0.665468 0.434921 0.665468 0.438095 0.661871 0.441270 0.661871 0.450794 0.651079 0.450794 0.647482 0.453968 0.643885 0.453968 0.640288 0.450794 0.636691
0 0.152381 0.633094 0.146032 0.640288 0.146032 0.651079 0.152381 0.658273 0.168254 0.658273 0.171429 0.654676 0.171429 0.643885 0.165079 0.636691 0.161905 0.636691 0.158730 0.633094
0 0.920635 0.633094 0.920635 0.636691 0.917460 0.640288 0.920635 0.643885 0.920635 0.647482 0.923810 0.651079 0.923810 0.654676 0.926984 0.654676 0.930159 0.658273 0.942857 0.658273 0.942857 0.651079 0.946032 0.647482 0.942857 0.643885 0.942857 0.640288 0.939683 0.636691 0.936508 0.636691 0.933333 0.633094
0 0.968254 0.636691 0.965079 0.640288 0.965079 0.651079 0.971429 0.658273 0.980952 0.658273 0.984127 0.654676 0.984127 0.647482 0.980952 0.643885 0.980952 0.640288 0.977778 0.636691
0 0.301587 0.640288 0.298413 0.640288 0.295238 0.643885 0.288889 0.643885 0.288889 0.658273 0.292063 0.658273 0.295238 0.661871 0.301587 0.661871 0.307937 0.654676 0.304762 0.651079 0.304762 0.647482 0.301587 0.643885
0 0.590476 0.640288 0.580952 0.640288 0.574603 0.647482 0.574603 0.651079 0.571429 0.654676 0.571429 0.661871 0.577778 0.669065 0.584127 0.669065 0.587302 0.665468 0.590476 0.665468 0.593651 0.661871 0.593651 0.643885
0 0.123810 0.651079 0.123810 0.654676 0.139683 0.672662 0.139683 0.676259 0.146032 0.676259 0.146032 0.669065 0.139683 0.661871 0.139683 0.658273 0.133333 0.651079
0 0.714286 0.654676 0.714286 0.665468 0.723810 0.672662 0.736508 0.672662 0.746032 0.665468 0.746032 0.651079 0.717460 0.651079
0 0.206349 0.654676 0.206349 0.658273 0.203175 0.661871 0.203175 0.687050 0.209524 0.694245 0.212698 0.694245 0.215873 0.697842 0.225397 0.697842 0.231746 0.687050 0.231746 0.672662 0.228571 0.669065 0.228571 0.665468 0.222222 0.658273 0.215873 0.658273 0.212698 0.654676
0 0.326984 0.658273 0.326984 0.690647 0.333333 0.701439 0.339683 0.701439 0.342857 0.697842 0.342857 0.687050 0.339683 0.683453 0.339683 0.672662 0.336508 0.669065 0.336508 0.661871 0.333333 0.658273
0 0.812698 0.672662 0.812698 0.683453 0.831746 0.683453 0.834921 0.679856 0.838095 0.679856 0.838095 0.676259 0.841270 0.672662 0.841270 0.669065 0.838095 0.665468 0.834921 0.665468 0.831746 0.661871 0.822222 0.661871 0.819048 0.665468 0.815873 0.665468 0.815873 0.669065
0 0.907937 0.669065 0.904762 0.672662 0.904762 0.690647 0.907937 0.694245 0.914286 0.694245 0.917460 0.697842 0.920635 0.697842 0.923810 0.694245 0.923810 0.690647 0.930159 0.683453 0.930159 0.676259 0.926984 0.672662 0.920635 0.672662 0.917460 0.669065
0 0.273016 0.683453 0.273016 0.690647 0.282540 0.701439 0.285714 0.701439 0.288889 0.705036 0.298413 0.705036 0.304762 0.697842 0.304762 0.683453 0.301587 0.679856 0.295238 0.679856 0.292063 0.676259 0.288889 0.679856 0.279365 0.679856 0.276190 0.683453
0 0.619048 0.676259 0.615873 0.679856 0.615873 0.683453 0.612698 0.687050 0.612698 0.694245 0.619048 0.701439 0.628571 0.701439 0.631746 0.697842 0.634921 0.697842 0.634921 0.694245 0.638095 0.690647 0.638095 0.679856 0.634921 0.676259
0 0.473016 0.690647 0.469841 0.690647 0.466667 0.687050 0.463492 0.687050 0.460317 0.690647 0.457143 0.690647 0.453968 0.694245 0.450794 0.694245 0.450794 0.708633 0.453968 0.712230 0.469841 0.712230 0.476190 0.705036 0.476190 0.697842 0.473016 0.694245
0 0.815873 0.697842 0.809524 0.705036 0.809524 0.719424 0.815873 0.730216 0.819048 0.730216 0.822222 0.733813 0.828571 0.733813 0.838095 0.723022 0.838095 0.701439 0.834921 0.701439 0.831746 0.697842
0 0.873016 0.697842 0.863492 0.705036 0.863492 0.708633 0.860317 0.712230 0.860317 0.715827 0.863492 0.719424 0.863492 0.723022 0.869841 0.730216 0.873016 0.730216 0.876190 0.733813 0.879365 0.733813 0.885714 0.726619 0.885714 0.708633 0.882540 0.705036 0.882540 0.701439 0.879365 0.701439 0.876190 0.697842
0 0.974603 0.708633 0.974603 0.726619 0.977778 0.730216 0.980952 0.730216 0.984127 0.726619 0.987302 0.726619 0.990476 0.723022 0.993651 0.723022 0.980952 0.708633
0 0.339683 0.715827 0.339683 0.737410 0.346032 0.744604 0.355556 0.744604 0.358730 0.741007 0.358730 0.726619 0.355556 0.723022 0.355556 0.719424 0.352381 0.719424 0.349206 0.715827
0 0.266667 0.723022 0.263492 0.726619 0.263492 0.741007 0.273016 0.751799 0.279365 0.751799 0.279365 0.748201 0.282540 0.744604 0.282540 0.733813 0.279365 0.730216 0.279365 0.726619 0.276190 0.723022
0 0.688889 0.723022 0.685714 0.726619 0.685714 0.748201 0.698413 0.762590 0.707937 0.762590 0.707937 0.751799 0.704762 0.748201 0.704762 0.737410 0.701587 0.733813 0.701587 0.730216 0.695238 0.723022
0 0.298413 0.726619 0.298413 0.744604 0.301587 0.748201 0.301587 0.751799 0.304762 0.755396 0.311111 0.755396 0.314286 0.751799 0.314286 0.737410 0.311111 0.733813 0.311111 0.730216 0.307937 0.726619
0 0.774603 0.726619 0.771429 0.730216 0.768254 0.730216 0.768254 0.733813 0.765079 0.737410 0.765079 0.751799 0.771429 0.762590 0.777778 0.762590 0.777778 0.758993 0.787302 0.748201 0.787302 0.737410 0.784127 0.733813 0.784127 0.730216 0.777778 0.730216
0 0.742857 0.730216 0.733333 0.737410 0.733333 0.755396 0.736508 0.758993 0.736508 0.762590 0.742857 0.769784 0.749206 0.769784 0.749206 0.766187 0.752381 0.762590 0.752381 0.737410 0.749206 0.733813 0.749206 0.730216
0 0.631746 0.741007 0.631746 0.748201 0.641270 0.758993 0.647619 0.758993 0.650794 0.755396 0.653968 0.755396 0.657143 0.751799 0.657143 0.737410 0.653968 0.733813 0.638095 0.733813
0 0.552381 0.748201 0.552381 0.758993 0.558730 0.766187 0.571429 0.766187 0.577778 0.758993 0.574603 0.755396 0.574603 0.751799 0.571429 0.748201 0.568254 0.748201 0.565079 0.744604 0.555556 0.744604
0 0.368254 0.748201 0.365079 0.751799 0.365079 0.762590 0.377778 0.776978 0.380952 0.776978 0.384127 0.780576 0.393651 0.780576 0.396825 0.776978 0.396825 0.766187 0.390476 0.758993 0.387302 0.758993 0.380952 0.751799 0.377778 0.751799 0.374603 0.748201
0 0.342857 0.758993 0.339683 0.762590 0.336508 0.762590 0.336508 0.780576 0.339683 0.784173 0.349206 0.784173 0.349206 0.780576 0.352381 0.776978 0.352381 0.766187 0.346032 0.758993
0 0.447619 0.758993 0.447619 0.780576 0.457143 0.780576 0.460317 0.776978 0.460317 0.766187 0.457143 0.766187 0.453968 0.762590 0.453968 0.758993
0 0.676190 0.769784 0.676190 0.773381 0.673016 0.776978 0.673016 0.784173 0.676190 0.787770 0.676190 0.791367 0.679365 0.791367 0.682540 0.794964 0.698413 0.794964 0.701587 0.791367 0.701587 0.787770 0.698413 0.784173 0.698413 0.780576 0.695238 0.776978 0.695238 0.773381 0.692063 0.773381 0.685714 0.766187 0.682540 0.766187 0.679365 0.769784
0 0.857143 0.769784 0.850794 0.780576 0.853968 0.784173 0.853968 0.791367 0.873016 0.820144 0.876190 0.820144 0.879365 0.823741 0.885714 0.823741 0.888889 0.820144 0.888889 0.802158 0.885714 0.798561 0.885714 0.794964 0.866667 0.773381 0.860317 0.773381
0 0.946032 0.784173 0.949206 0.787770 0.952381 0.787770 0.955556 0.791367 0.968254 0.791367 0.968254 0.776978 0.961905 0.769784 0.955556 0.769784 0.949206 0.776978 0.949206 0.780576
0 0.295238 0.791367 0.295238 0.805755 0.301587 0.812950 0.304762 0.812950 0.307937 0.816547 0.314286 0.816547 0.323810 0.809353 0.323810 0.802158 0.320635 0.798561 0.320635 0.794964 0.317460 0.794964 0.311111 0.787770 0.298413 0.787770
0 0.253968 0.794964 0.250794 0.798561 0.250794 0.812950 0.253968 0.816547 0.263492 0.816547 0.266667 0.812950 0.266667 0.802158 0.260317 0.794964
0 0.425397 0.798561 0.425397 0.809353 0.428571 0.812950 0.431746 0.812950 0.434921 0.816547 0.434921 0.820144 0.438095 0.820144 0.441270 0.823741 0.450794 0.823741 0.450794 0.809353 0.444444 0.802158 0.441270 0.802158 0.438095 0.798561
0 0.539683 0.798561 0.536508 0.802158 0.536508 0.816547 0.539683 0.820144 0.549206 0.820144 0.549206 0.816547 0.552381 0.812950 0.552381 0.809353 0.549206 0.805755 0.549206 0.802158 0.546032 0.798561
0 0.622222 0.798561 0.619048 0.802158 0.619048 0.816547 0.622222 0.820144 0.625397 0.820144 0.628571 0.823741 0.638095 0.823741 0.644444 0.816547 0.644444 0.805755 0.638095 0.798561
0 0.739683 0.798561 0.739683 0.805755 0.742857 0.809353 0.742857 0.812950 0.749206 0.820144 0.749206 0.823741 0.761905 0.823741 0.761905 0.820144 0.765079 0.816547 0.765079 0.812950 0.761905 0.809353 0.761905 0.805755 0.758730 0.802158 0.755556 0.802158 0.752381 0.798561
0 0.780952 0.798561 0.780952 0.805755 0.777778 0.809353 0.780952 0.812950 0.780952 0.816547 0.787302 0.823741 0.793651 0.823741 0.796825 0.820144 0.803175 0.820144 0.806349 0.816547 0.806349 0.809353 0.803175 0.805755 0.796825 0.805755 0.790476 0.798561
0 0.980952 0.802158 0.977778 0.805755 0.977778 0.812950 0.971429 0.820144 0.974603 0.823741 0.974603 0.827338 0.977778 0.827338 0.980952 0.830935 0.990476 0.830935 0.993651 0.827338 0.993651 0.802158
0 0.949206 0.805755 0.946032 0.809353 0.946032 0.830935 0.952381 0.838129 0.965079 0.838129 0.971429 0.830935 0.971429 0.823741 0.968254 0.820144 0.968254 0.816547 0.958730 0.805755
0 0.342857 0.809353 0.336508 0.816547 0.336508 0.834532 0.339683 0.838129 0.339683 0.841727 0.349206 0.852518 0.361905 0.852518 0.365079 0.848921 0.365079 0.830935 0.361905 0.827338 0.361905 0.823741 0.349206 0.809353
0 0.574603 0.827338 0.568254 0.834532 0.568254 0.848921 0.571429 0.852518 0.571429 0.856115 0.577778 0.863309 0.577778 0.866906 0.580952 0.866906 0.584127 0.870504 0.590476 0.870504 0.596825 0.863309 0.596825 0.848921 0.593651 0.845324 0.593651 0.841727 0.580952 0.827338
0 0.396825 0.834532 0.393651 0.838129 0.393651 0.845324 0.400000 0.852518 0.403175 0.852518 0.406349 0.856115 0.412698 0.856115 0.419048 0.848921 0.419048 0.838129 0.412698 0.830935 0.403175 0.830935 0.400000 0.834532
0 0.625397 0.838129 0.622222 0.841727 0.622222 0.845324 0.619048 0.848921 0.619048 0.856115 0.625397 0.863309 0.638095 0.863309 0.638095 0.859712 0.641270 0.856115 0.641270 0.841727 0.638095 0.841727 0.634921 0.838129
0 0.793651 0.841727 0.790476 0.845324 0.790476 0.856115 0.800000 0.866906 0.812698 0.866906 0.822222 0.856115 0.822222 0.852518 0.819048 0.848921 0.819048 0.845324 0.809524 0.838129 0.803175 0.838129 0.800000 0.841727
0 0.704762 0.841727 0.692063 0.841727 0.682540 0.852518 0.682540 0.863309 0.679365 0.866906 0.685714 0.877698 0.698413 0.877698 0.701587 0.874101 0.704762 0.874101 0.711111 0.866906 0.714286 0.856115 0.711111 0.852518 0.711111 0.848921
0 0.447619 0.848921 0.444444 0.852518 0.441270 0.852518 0.441270 0.866906 0.444444 0.870504 0.447619 0.870504 0.450794 0.874101 0.453968 0.874101 0.463492 0.863309 0.463492 0.859712 0.457143 0.852518 0.453968 0.852518 0.450794 0.848921
0 0.536508 0.859712 0.533333 0.859712 0.526984 0.866906 0.526984 0.874101 0.530159 0.877698 0.533333 0.877698 0.539683 0.870504 0.539683 0.863309
0 0.612698 0.866906 0.606349 0.874101 0.606349 0.881295 0.609524 0.884892 0.609524 0.888489 0.612698 0.892086 0.622222 0.892086 0.625397 0.888489 0.625397 0.874101 0.622222 0.870504 0.622222 0.866906
0 0.406349 0.877698 0.406349 0.884892 0.409524 0.888489 0.409524 0.892086 0.415873 0.892086 0.419048 0.895683 0.425397 0.895683 0.428571 0.892086 0.431746 0.892086 0.431746 0.884892 0.428571 0.881295 0.428571 0.877698 0.425397 0.874101 0.409524 0.874101
0 0.638095 0.877698 0.638095 0.884892 0.641270 0.884892 0.644444 0.888489 0.650794 0.888489 0.653968 0.884892 0.657143 0.884892 0.657143 0.877698 0.653968 0.874101 0.641270 0.874101
