0 0.433121 0.010791 0.442675 0.014388 0.474522 0.046763 0.496815 0.028777 0.512739 0.032374 0.519108 0.043165 0.522293 0.039568 0.515924 0.028777 0.509554 0.028777 0.477707 0.010791 0.468153 0.010791 0.452229 0.003597 0.436306 0.003597
0 0.786624 0.032374 0.789809 0.032374 0.792994 0.028777 0.796178 0.028777 0.799363 0.025180 0.805732 0.025180 0.808917 0.021583 0.805732 0.017986 0.792994 0.017986 0.789809 0.021583 0.786624 0.021583
0 0.681529 0.021583 0.675159 0.032374 0.675159 0.043165 0.678344 0.046763 0.678344 0.050360 0.681529 0.050360 0.687898 0.057554 0.691083 0.057554 0.694268 0.053957 0.697452 0.053957 0.703822 0.046763 0.703822 0.035971 0.697452 0.025180 0.694268 0.025180 0.691083 0.021583
0 0.531847 0.025180 0.531847 0.028777 0.528662 0.032374 0.528662 0.039568 0.531847 0.043165 0.531847 0.046763 0.541401 0.057554 0.544586 0.057554 0.547771 0.061151 0.557325 0.061151 0.563694 0.053957 0.563694 0.039568 0.557325 0.032374 0.550955 0.032374 0.541401 0.025180
0 0.334395 0.043165 0.331210 0.043165 0.331210 0.046763 0.321656 0.057554 0.324841 0.061151 0.328025 0.061151 0.331210 0.057554 0.331210 0.050360 0.334395 0.046763
0 0.350318 0.035971 0.343949 0.035971 0.343949 0.039568 0.340764 0.043165 0.340764 0.046763 0.343949 0.043165 0.347134 0.043165 0.350318 0.039568
0 0.203822 0.043165 0.197452 0.043165 0.194268 0.046763 0.187898 0.046763 0.184713 0.050360 0.184713 0.053957 0.181529 0.057554 0.184713 0.061151 0.184713 0.064748 0.187898 0.068345 0.191083 0.068345 0.194268 0.071942 0.197452 0.068345 0.200637 0.068345 0.207006 0.061151 0.207006 0.046763
0 0.350318 0.071942 0.350318 0.086331 0.353503 0.089928 0.359873 0.089928 0.363057 0.086331 0.366242 0.086331 0.369427 0.082734 0.369427 0.079137 0.366242 0.075540 0.363057 0.075540 0.359873 0.071942
0 0.401274 0.082734 0.404459 0.093525 0.414013 0.104317 0.420382 0.118705 0.426752 0.122302 0.436306 0.118705 0.452229 0.100719 0.452229 0.093525 0.445860 0.086331 0.433121 0.086331 0.414013 0.075540 0.404459 0.075540
0 0.226115 0.093525 0.226115 0.100719 0.229299 0.104317 0.248408 0.104317 0.251592 0.100719 0.254777 0.100719 0.254777 0.093525 0.251592 0.089928 0.242038 0.089928 0.238854 0.093525 0.235669 0.089928 0.229299 0.089928
0 0.095541 0.100719 0.092357 0.100719 0.089172 0.097122 0.076433 0.097122 0.073248 0.100719 0.070064 0.100719 0.060510 0.111511 0.060510 0.122302 0.063694 0.125899 0.082803 0.125899 0.085987 0.122302 0.089172 0.122302 0.095541 0.115108
0 0.614650 0.115108 0.608280 0.107914 0.589172 0.107914 0.582803 0.115108 0.582803 0.122302 0.576433 0.133094 0.576433 0.143885 0.598726 0.143885 0.601911 0.140288 0.605096 0.140288 0.611465 0.133094 0.611465 0.129496 0.614650 0.125899
0 0.856688 0.107914 0.850318 0.107914 0.847134 0.111511 0.840764 0.111511 0.837580 0.115108 0.837580 0.122302 0.840764 0.125899 0.840764 0.129496 0.843949 0.133094 0.856688 0.133094 0.863057 0.125899 0.863057 0.115108
0 0.146497 0.111511 0.146497 0.125899 0.143312 0.129496 0.143312 0.136691 0.146497 0.136691 0.152866 0.147482 0.162420 0.147482 0.168790 0.136691 0.168790 0.122302 0.159236 0.111511
0 0.257962 0.129496 0.257962 0.136691 0.261146 0.140288 0.267516 0.140288 0.270701 0.143885 0.277070 0.143885 0.280255 0.140288 0.283439 0.140288 0.283439 0.129496 0.280255 0.125899 0.277070 0.125899 0.273885 0.122302 0.264331 0.122302
0 0.343949 0.133094 0.334395 0.125899 0.328025 0.125899 0.324841 0.129496 0.321656 0.129496 0.308917 0.143885 0.308917 0.147482 0.305732 0.151079 0.308917 0.154676 0.337580 0.154676 0.343949 0.147482
0 0.487261 0.129496 0.474522 0.129496 0.468153 0.136691 0.468153 0.176259 0.471338 0.179856 0.480892 0.179856 0.484076 0.176259 0.487261 0.176259 0.490446 0.172662 0.490446 0.169065 0.493631 0.165468 0.496815 0.165468 0.503185 0.154676 0.503185 0.151079
0 0.117834 0.136691 0.101911 0.133094 0.089172 0.140288 0.085987 0.147482 0.073248 0.147482 0.060510 0.154676 0.060510 0.158273 0.054140 0.165468 0.054140 0.176259 0.057325 0.179856 0.073248 0.179856 0.089172 0.165468 0.105096 0.158273 0.117834 0.143885
0 0.452229 0.143885 0.445860 0.143885 0.436306 0.151079 0.436306 0.154676 0.433121 0.158273 0.433121 0.172662 0.429936 0.176259 0.433121 0.179856 0.436306 0.179856 0.436306 0.176259 0.439490 0.172662 0.452229 0.172662 0.458599 0.165468 0.458599 0.154676
0 0.713376 0.154676 0.710191 0.158273 0.710191 0.169065 0.713376 0.172662 0.719745 0.201439 0.738854 0.212230 0.745223 0.208633 0.751592 0.194245 0.757962 0.187050 0.754777 0.172662 0.742038 0.169065 0.738854 0.165468 0.726115 0.165468
0 0.901274 0.161871 0.885350 0.161871 0.882166 0.165468 0.882166 0.169065 0.875796 0.176259 0.875796 0.179856 0.872611 0.183453 0.872611 0.197842 0.875796 0.201439 0.888535 0.201439 0.891720 0.197842 0.894904 0.197842 0.901274 0.190647 0.901274 0.187050 0.904459 0.183453 0.904459 0.169065 0.901274 0.165468
0 0.646497 0.165468 0.640127 0.172662 0.640127 0.176259 0.636943 0.179856 0.636943 0.183453 0.643312 0.194245 0.659236 0.194245 0.665605 0.187050 0.665605 0.172662 0.659236 0.165468
0 0.334395 0.169065 0.321656 0.169065 0.318471 0.172662 0.315287 0.172662 0.305732 0.183453 0.305732 0.187050 0.308917 0.190647 0.308917 0.194245 0.312102 0.194245 0.315287 0.197842 0.328025 0.197842 0.331210 0.194245 0.334395 0.194245 0.334395 0.187050 0.337580 0.183453 0.337580 0.172662
0 0.378981 0.176259 0.366242 0.176259 0.359873 0.183453 0.359873 0.187050 0.343949 0.205036 0.343949 0.208633 0.350318 0.215827 0.359873 0.215827 0.378981 0.194245 0.378981 0.190647 0.382166 0.187050 0.382166 0.179856
0 0.273885 0.187050 0.264331 0.187050 0.251592 0.197842 0.248408 0.197842 0.248408 0.201439 0.242038 0.208633 0.238854 0.208633 0.232484 0.226619 0.238854 0.233813 0.254777 0.233813 0.261146 0.230216 0.277070 0.212230 0.280255 0.205036 0.280255 0.197842
0 0.764331 0.205036 0.764331 0.212230 0.770701 0.219424 0.777070 0.219424 0.780255 0.223022 0.780255 0.226619 0.783439 0.226619 0.786624 0.223022 0.789809 0.223022 0.789809 0.215827 0.786624 0.212230 0.786624 0.208633 0.777070 0.197842 0.773885 0.197842 0.770701 0.201439 0.767516 0.201439
0 0.414013 0.201439 0.401274 0.201439 0.394904 0.205036 0.388535 0.215827 0.388535 0.244604 0.385350 0.248201 0.385350 0.262590 0.388535 0.266187 0.401274 0.266187 0.410828 0.251799 0.414013 0.230216 0.417197 0.226619 0.417197 0.205036
0 0.509554 0.208633 0.503185 0.201439 0.490446 0.201439 0.474522 0.212230 0.461783 0.212230 0.452229 0.223022 0.461783 0.230216 0.464968 0.226619 0.477707 0.226619 0.480892 0.223022 0.487261 0.223022 0.496815 0.215827 0.503185 0.215827 0.506369 0.212230 0.509554 0.212230
0 0.541401 0.237410 0.544586 0.241007 0.554140 0.241007 0.566879 0.230216 0.576433 0.230216 0.579618 0.226619 0.608280 0.226619 0.621019 0.237410 0.624204 0.226619 0.621019 0.219424 0.608280 0.208633 0.579618 0.208633 0.570064 0.215827 0.547771 0.223022
0 0.525478 0.219424 0.519108 0.219424 0.515924 0.223022 0.506369 0.226619 0.500000 0.233813 0.496815 0.244604 0.506369 0.251799 0.522293 0.251799 0.531847 0.241007
0 0.461783 0.233813 0.452229 0.226619 0.442675 0.226619 0.439490 0.230216 0.433121 0.230216 0.426752 0.237410 0.426752 0.241007 0.423567 0.244604 0.423567 0.251799 0.452229 0.251799 0.455414 0.248201 0.458599 0.248201 0.458599 0.244604 0.461783 0.241007
0 0.773885 0.233813 0.773885 0.244604 0.780255 0.251799 0.786624 0.251799 0.789809 0.255396 0.796178 0.255396 0.799363 0.258993 0.815287 0.258993 0.818471 0.255396 0.821656 0.255396 0.821656 0.251799 0.824841 0.248201 0.821656 0.237410 0.805732 0.226619 0.786624 0.226619 0.783439 0.230216 0.777070 0.230216
0 0.277070 0.251799 0.273885 0.266187 0.283439 0.284173 0.283439 0.291367 0.292994 0.298561 0.296178 0.294964 0.299363 0.298561 0.302548 0.294964 0.318471 0.294964 0.324841 0.291367 0.337580 0.269784 0.337580 0.258993 0.331210 0.248201 0.318471 0.248201 0.308917 0.255396 0.292994 0.241007 0.283439 0.244604
0 0.738854 0.244604 0.738854 0.251799 0.742038 0.255396 0.742038 0.276978 0.745223 0.280576 0.745223 0.284173 0.761146 0.284173 0.770701 0.273381 0.770701 0.266187 0.767516 0.262590 0.764331 0.262590 0.751592 0.244604
0 0.595541 0.248201 0.592357 0.251799 0.592357 0.258993 0.595541 0.262590 0.605096 0.262590 0.608280 0.258993 0.608280 0.255396 0.601911 0.248201
0 0.143312 0.251799 0.136943 0.251799 0.133758 0.255396 0.130573 0.255396 0.124204 0.266187 0.124204 0.276978 0.133758 0.287770 0.136943 0.287770 0.140127 0.284173 0.143312 0.284173 0.149682 0.276978 0.149682 0.258993
0 0.566879 0.251799 0.563694 0.255396 0.560510 0.255396 0.557325 0.258993 0.557325 0.269784 0.563694 0.276978 0.573248 0.276978 0.576433 0.273381 0.576433 0.269784 0.579618 0.266187 0.579618 0.258993 0.573248 0.251799
0 0.856688 0.273381 0.863057 0.280576 0.866242 0.280576 0.869427 0.276978 0.875796 0.276978 0.878981 0.273381 0.882166 0.273381 0.888535 0.266187 0.891720 0.266187 0.901274 0.255396 0.888535 0.255396 0.885350 0.258993 0.878981 0.258993 0.875796 0.255396 0.869427 0.255396 0.866242 0.258993 0.863057 0.258993 0.856688 0.266187
0 0.213376 0.280576 0.216561 0.284173 0.216561 0.294964 0.226115 0.305755 0.229299 0.305755 0.232484 0.309353 0.251592 0.309353 0.254777 0.305755 0.254777 0.287770 0.248408 0.280576 0.232484 0.280576 0.229299 0.276978 0.216561 0.276978
0 0.353503 0.284173 0.353503 0.287770 0.347134 0.294964 0.347134 0.305755 0.353503 0.305755 0.356688 0.302158 0.359873 0.302158 0.363057 0.305755 0.366242 0.305755 0.372611 0.298561 0.372611 0.291367 0.366242 0.284173
0 0.484076 0.287770 0.484076 0.294964 0.493631 0.305755 0.496815 0.302158 0.500000 0.302158 0.503185 0.298561 0.509554 0.298561 0.512739 0.294964 0.512739 0.291367 0.506369 0.291367 0.503185 0.287770
0 0.124204 0.305755 0.121019 0.305755 0.117834 0.309353 0.117834 0.312950 0.095541 0.338129 0.095541 0.352518 0.105096 0.359712 0.108280 0.356115 0.114650 0.356115 0.124204 0.345324 0.124204 0.341727 0.127389 0.338129 0.127389 0.309353
0 0.656051 0.312950 0.656051 0.330935 0.662420 0.338129 0.665605 0.338129 0.681529 0.348921 0.691083 0.348921 0.694268 0.345324 0.697452 0.345324 0.697452 0.330935 0.687898 0.316547 0.684713 0.316547 0.681529 0.312950 0.675159 0.312950 0.671975 0.309353 0.659236 0.309353
0 0.891720 0.309353 0.885350 0.309353 0.872611 0.323741 0.869427 0.323741 0.869427 0.334532 0.875796 0.334532 0.882166 0.327338 0.885350 0.327338 0.891720 0.320144
0 0.305732 0.334532 0.305732 0.338129 0.308917 0.341727 0.308917 0.348921 0.315287 0.356115 0.318471 0.356115 0.321656 0.359712 0.331210 0.359712 0.340764 0.352518 0.340764 0.334532 0.337580 0.330935 0.337580 0.327338 0.315287 0.327338
0 0.579618 0.338129 0.573248 0.338129 0.566879 0.345324 0.563694 0.345324 0.560510 0.348921 0.560510 0.366906 0.563694 0.366906 0.566879 0.370504 0.570064 0.366906 0.573248 0.366906 0.573248 0.359712 0.576433 0.356115 0.576433 0.352518 0.579618 0.348921 0.579618 0.345324 0.582803 0.341727
0 0.805732 0.338129 0.796178 0.352518 0.796178 0.363309 0.792994 0.366906 0.792994 0.384892 0.802548 0.395683 0.815287 0.395683 0.821656 0.388489 0.824841 0.388489 0.828025 0.377698 0.821656 0.363309 0.821656 0.352518 0.818471 0.348921 0.818471 0.341727 0.815287 0.338129
0 0.582803 0.345324 0.582803 0.348921 0.576433 0.359712 0.576433 0.366906 0.582803 0.374101 0.582803 0.377698 0.585987 0.381295 0.601911 0.381295 0.601911 0.359712 0.595541 0.352518 0.592357 0.352518 0.585987 0.345324
0 0.780255 0.345324 0.764331 0.345324 0.761146 0.348921 0.754777 0.348921 0.748408 0.356115 0.748408 0.366906 0.757962 0.377698 0.767516 0.377698 0.770701 0.374101 0.773885 0.374101 0.780255 0.366906 0.780255 0.359712 0.783439 0.356115 0.783439 0.348921
0 0.640127 0.356115 0.633758 0.363309 0.630573 0.363309 0.630573 0.366906 0.627389 0.370504 0.627389 0.388489 0.630573 0.392086 0.636943 0.392086 0.640127 0.395683 0.646497 0.395683 0.652866 0.388489 0.652866 0.381295 0.656051 0.377698 0.652866 0.374101 0.652866 0.359712 0.649682 0.356115
0 0.292994 0.370504 0.289809 0.370504 0.286624 0.366906 0.283439 0.370504 0.280255 0.370504 0.273885 0.377698 0.273885 0.381295 0.261146 0.395683 0.257962 0.406475 0.261146 0.410072 0.277070 0.410072 0.289809 0.395683 0.289809 0.392086 0.292994 0.388489 0.292994 0.381295 0.296178 0.377698 0.292994 0.374101
0 0.328025 0.370504 0.318471 0.370504 0.312102 0.377698 0.312102 0.381295 0.308917 0.384892 0.308917 0.392086 0.312102 0.395683 0.312102 0.406475 0.315287 0.410072 0.318471 0.406475 0.324841 0.406475 0.334395 0.395683 0.334395 0.377698
0 0.449045 0.374101 0.449045 0.384892 0.452229 0.388489 0.455414 0.384892 0.458599 0.384892 0.461783 0.381295 0.461783 0.374101
0 0.735669 0.381295 0.742038 0.388489 0.757962 0.395683 0.770701 0.406475 0.777070 0.406475 0.780255 0.410072 0.792994 0.410072 0.796178 0.406475 0.796178 0.402878 0.783439 0.392086 0.773885 0.392086 0.770701 0.388489 0.764331 0.388489 0.754777 0.381295 0.745223 0.381295 0.742038 0.377698
0 0.006369 0.395683 0.003185 0.395683 0.000000 0.399281 0.000000 0.424460 0.003185 0.428058 0.012739 0.417266 0.012739 0.399281 0.009554 0.399281
0 0.127389 0.402878 0.127389 0.413669 0.130573 0.413669 0.133758 0.417266 0.159236 0.417266 0.159236 0.413669 0.162420 0.410072 0.162420 0.406475 0.159236 0.402878 0.159236 0.399281 0.156051 0.399281 0.152866 0.395683 0.133758 0.395683
0 0.729299 0.410072 0.729299 0.413669 0.735669 0.420863 0.742038 0.420863 0.757962 0.431655 0.773885 0.431655 0.777070 0.435252 0.783439 0.435252 0.780255 0.431655 0.777070 0.431655 0.773885 0.428058 0.777070 0.424460 0.767516 0.417266 0.761146 0.417266 0.757962 0.413669 0.754777 0.413669 0.751592 0.410072 0.745223 0.410072 0.742038 0.406475 0.732484 0.406475
0 0.041401 0.410072 0.038217 0.410072 0.031847 0.417266 0.031847 0.420863 0.028662 0.424460 0.028662 0.428058 0.019108 0.438849 0.019108 0.442446 0.022293 0.446043 0.041401 0.424460 0.041401 0.420863 0.044586 0.417266 0.044586 0.413669
0 0.678344 0.428058 0.662420 0.410072 0.656051 0.410072 0.652866 0.413669 0.649682 0.413669 0.643312 0.420863 0.643312 0.424460 0.640127 0.428058 0.640127 0.446043 0.646497 0.446043 0.649682 0.442446 0.675159 0.442446 0.678344 0.438849
0 0.742038 0.456835 0.742038 0.478417 0.745223 0.482014 0.777070 0.482014 0.777070 0.478417 0.780255 0.474820 0.780255 0.467626 0.777070 0.464029 0.773885 0.464029 0.764331 0.456835 0.757962 0.456835 0.754777 0.453237 0.748408 0.453237 0.745223 0.456835
0 0.796178 0.467626 0.796178 0.474820 0.799363 0.478417 0.821656 0.478417 0.831210 0.471223 0.831210 0.460432 0.828025 0.460432 0.824841 0.456835 0.808917 0.456835 0.805732 0.460432 0.802548 0.460432
0 0.114650 0.460432 0.111465 0.464029 0.111465 0.474820 0.114650 0.478417 0.114650 0.482014 0.117834 0.485612 0.130573 0.485612 0.136943 0.478417 0.136943 0.464029 0.133758 0.460432
0 0.095541 0.467626 0.092357 0.467626 0.089172 0.464029 0.079618 0.464029 0.076433 0.467626 0.066879 0.471223 0.066879 0.474820 0.063694 0.478417 0.063694 0.485612 0.070064 0.492806 0.073248 0.492806 0.076433 0.496403 0.079618 0.496403 0.082803 0.492806 0.089172 0.492806 0.098726 0.485612 0.098726 0.474820 0.095541 0.471223
0 0.627389 0.478417 0.627389 0.492806 0.636943 0.507194 0.643312 0.507194 0.646497 0.510791 0.656051 0.510791 0.659236 0.507194 0.665605 0.507194 0.668790 0.503597 0.668790 0.489209 0.662420 0.482014 0.662420 0.478417 0.659236 0.478417 0.652866 0.471223 0.649682 0.471223 0.646497 0.467626 0.640127 0.467626
0 0.203822 0.496403 0.197452 0.496403 0.194268 0.500000 0.194268 0.528777 0.200637 0.528777 0.203822 0.525180
0 0.235669 0.503597 0.235669 0.507194 0.232484 0.510791 0.232484 0.521583 0.238854 0.528777 0.264331 0.528777 0.270701 0.521583 0.270701 0.514388 0.267516 0.510791 0.267516 0.507194 0.264331 0.507194 0.254777 0.496403 0.245223 0.496403
0 0.576433 0.517986 0.570064 0.507194 0.563694 0.507194 0.560510 0.503597 0.557325 0.507194 0.554140 0.507194 0.538217 0.525180 0.538217 0.532374 0.560510 0.532374 0.563694 0.528777 0.570064 0.528777 0.576433 0.521583
0 0.678344 0.517986 0.681529 0.521583 0.681529 0.525180 0.710191 0.525180 0.713376 0.521583 0.716561 0.521583 0.716561 0.517986 0.713376 0.514388 0.710191 0.514388 0.707006 0.510791 0.697452 0.510791 0.694268 0.507194 0.691083 0.507194 0.687898 0.510791 0.684713 0.510791
0 0.398089 0.528777 0.398089 0.539568 0.407643 0.546763 0.417197 0.546763 0.420382 0.550360 0.429936 0.550360 0.433121 0.553957 0.455414 0.553957 0.468153 0.539568 0.468153 0.535971 0.461783 0.528777 0.449045 0.521583 0.439490 0.521583 0.436306 0.517986 0.417197 0.517986
0 0.162420 0.528777 0.152866 0.528777 0.136943 0.543165 0.136943 0.550360 0.133758 0.553957 0.133758 0.575540 0.136943 0.579137 0.146497 0.579137 0.165605 0.550360 0.165605 0.546763 0.168790 0.543165 0.168790 0.535971
0 0.232484 0.539568 0.229299 0.543165 0.229299 0.550360 0.232484 0.553957 0.235669 0.553957 0.245223 0.564748 0.245223 0.568345 0.254777 0.568345 0.254777 0.557554 0.251592 0.553957 0.251592 0.550360 0.248408 0.550360 0.242038 0.543165 0.235669 0.543165
0 0.859873 0.543165 0.859873 0.557554 0.863057 0.557554 0.866242 0.561151 0.878981 0.561151 0.882166 0.557554 0.885350 0.557554 0.888535 0.553957 0.888535 0.543165 0.885350 0.543165 0.882166 0.539568 0.863057 0.539568
0 0.073248 0.550360 0.063694 0.557554 0.063694 0.568345 0.073248 0.579137 0.079618 0.579137 0.089172 0.571942 0.089172 0.568345 0.092357 0.564748 0.092357 0.561151 0.089172 0.557554 0.089172 0.553957 0.085987 0.553957 0.082803 0.550360
0 0.557325 0.561151 0.554140 0.557554 0.547771 0.557554 0.544586 0.561151 0.535032 0.561151 0.531847 0.564748 0.528662 0.564748 0.528662 0.568345 0.531847 0.571942 0.541401 0.571942 0.544586 0.568345 0.554140 0.568345 0.557325 0.564748
0 0.595541 0.561151 0.595541 0.568345 0.598726 0.571942 0.598726 0.575540 0.614650 0.593525 0.617834 0.593525 0.621019 0.589928 0.624204 0.589928 0.624204 0.579137 0.614650 0.568345 0.611465 0.568345 0.605096 0.561151
0 0.254777 0.600719 0.245223 0.604317 0.238854 0.611511 0.238854 0.615108 0.232484 0.625899 0.232484 0.654676 0.235669 0.658273 0.238854 0.654676 0.245223 0.654676 0.251592 0.647482 0.251592 0.643885 0.257962 0.636691 0.257962 0.629496 0.264331 0.622302 0.264331 0.607914
0 0.171975 0.618705 0.162420 0.618705 0.156051 0.611511 0.159236 0.607914 0.159236 0.604317 0.152866 0.611511 0.149682 0.611511 0.146497 0.607914 0.133758 0.607914 0.130573 0.611511 0.133758 0.622302 0.140127 0.622302 0.143312 0.625899 0.146497 0.625899 0.152866 0.633094 0.162420 0.633094 0.165605 0.629496 0.165605 0.625899
0 0.331210 0.611511 0.328025 0.615108 0.324841 0.615108 0.318471 0.622302 0.318471 0.633094 0.321656 0.636691 0.321656 0.640288 0.328025 0.647482 0.340764 0.647482 0.343949 0.643885 0.347134 0.643885 0.347134 0.640288 0.350318 0.636691 0.350318 0.622302 0.343949 0.615108 0.340764 0.615108 0.337580 0.611511
0 0.748408 0.622302 0.745223 0.625899 0.738854 0.625899 0.735669 0.629496 0.735669 0.633094 0.726115 0.643885 0.726115 0.661871 0.729299 0.665468 0.738854 0.665468 0.754777 0.647482 0.754777 0.643885 0.757962 0.640288 0.757962 0.633094
0 0.777070 0.629496 0.773885 0.633094 0.773885 0.654676 0.777070 0.654676 0.780255 0.658273 0.789809 0.658273 0.796178 0.651079 0.796178 0.636691 0.789809 0.629496
0 0.047771 0.633094 0.041401 0.640288 0.041401 0.654676 0.044586 0.658273 0.050955 0.658273 0.054140 0.661871 0.060510 0.661871 0.066879 0.654676 0.066879 0.643885 0.060510 0.636691 0.057325 0.636691 0.054140 0.633094
0 0.105096 0.643885 0.105096 0.651079 0.108280 0.651079 0.111465 0.654676 0.130573 0.654676 0.133758 0.651079 0.133758 0.643885 0.130573 0.640288 0.108280 0.640288
0 0.022293 0.665468 0.022293 0.676259 0.050955 0.712230 0.066879 0.712230 0.073248 0.705036 0.073248 0.690647 0.066879 0.683453 0.054140 0.676259 0.047771 0.676259 0.041401 0.669065 0.028662 0.661871
0 0.165605 0.665468 0.165605 0.676259 0.171975 0.683453 0.171975 0.687050 0.175159 0.690647 0.181529 0.690647 0.184713 0.687050 0.184713 0.676259 0.175159 0.665468
0 0.541401 0.694245 0.544586 0.697842 0.550955 0.697842 0.554140 0.701439 0.563694 0.701439 0.566879 0.697842 0.573248 0.697842 0.576433 0.694245 0.579618 0.694245 0.589172 0.683453 0.589172 0.679856 0.579618 0.679856 0.576433 0.676259 0.560510 0.676259 0.557325 0.672662 0.550955 0.672662 0.541401 0.679856
0 0.783439 0.690647 0.770701 0.690647 0.767516 0.694245 0.757962 0.687050 0.751592 0.687050 0.732484 0.697842 0.722930 0.708633 0.722930 0.712230 0.751592 0.712230 0.767516 0.701439 0.777070 0.701439 0.783439 0.697842
0 0.085987 0.784173 0.085987 0.794964 0.089172 0.794964 0.098726 0.805755 0.101911 0.805755 0.105096 0.809353 0.124204 0.809353 0.130573 0.798561 0.130573 0.791367 0.121019 0.780576 0.117834 0.780576 0.114650 0.776978 0.098726 0.776978 0.095541 0.780576 0.089172 0.780576
0 0.337580 0.834532 0.334395 0.834532 0.331210 0.830935 0.321656 0.830935 0.321656 0.834532 0.312102 0.845324 0.312102 0.852518 0.318471 0.859712 0.324841 0.859712 0.328025 0.856115 0.334395 0.856115 0.340764 0.848921 0.340764 0.841727 0.337580 0.838129
0 0.579618 0.859712 0.573248 0.859712 0.573248 0.870504 0.570064 0.874101 0.566879 0.874101 0.566879 0.877698 0.563694 0.881295 0.563694 0.888489 0.566879 0.888489 0.570064 0.884892 0.573248 0.884892 0.576433 0.881295 0.576433 0.874101 0.579618 0.870504
