0 0.585987 0.082437 0.579618 0.089606 0.576433 0.089606 0.570064 0.103943 0.570064 0.132616 0.582803 0.146953 0.589172 0.146953 0.601911 0.154122 0.605096 0.150538 0.605096 0.114695 0.601911 0.107527 0.585987 0.089606 0.589172 0.086022
0 0.152866 0.154122 0.156051 0.157706 0.159236 0.157706 0.162420 0.154122 0.168790 0.154122 0.171975 0.150538 0.175159 0.150538 0.175159 0.146953 0.171975 0.143369 0.156051 0.143369 0.156051 0.146953 0.152866 0.150538
0 0.722930 0.172043 0.716561 0.179211 0.716561 0.193548 0.735669 0.215054 0.738854 0.215054 0.742038 0.218638 0.751592 0.218638 0.754777 0.215054 0.754777 0.193548 0.751592 0.189964 0.751592 0.186380 0.742038 0.175627 0.738854 0.175627 0.735669 0.172043
0 0.251592 0.182796 0.257962 0.189964 0.283439 0.189964 0.302548 0.197133 0.308917 0.204301 0.337580 0.207885 0.356688 0.200717 0.343949 0.189964 0.299363 0.189964 0.267516 0.179211 0.254777 0.179211
0 0.226115 0.247312 0.226115 0.258065 0.232484 0.265233 0.248408 0.272401 0.254777 0.279570 0.267516 0.286738 0.277070 0.286738 0.280255 0.283154 0.270701 0.261649 0.251592 0.243728 0.229299 0.243728
0 0.308917 0.315412 0.305732 0.318996 0.305732 0.333333 0.308917 0.336918 0.308917 0.344086 0.318471 0.365591 0.324841 0.372760 0.337580 0.372760 0.343949 0.362007 0.343949 0.347670 0.340764 0.344086 0.340764 0.336918 0.337580 0.329749 0.324841 0.315412
0 0.028662 0.333333 0.028662 0.336918 0.025478 0.340502 0.025478 0.351254 0.028662 0.354839 0.028662 0.358423 0.031847 0.362007 0.038217 0.362007 0.038217 0.336918 0.035032 0.333333
0 0.085987 0.347670 0.082803 0.344086 0.076433 0.344086 0.060510 0.362007 0.060510 0.365591 0.057325 0.369176 0.060510 0.372760 0.066879 0.372760 0.070064 0.369176 0.076433 0.369176 0.082803 0.362007 0.082803 0.354839 0.085987 0.351254
0 0.372611 0.365591 0.366242 0.372760 0.366242 0.383513 0.363057 0.387097 0.366242 0.390681 0.366242 0.397849 0.369427 0.401434 0.369427 0.419355 0.378981 0.419355 0.382166 0.415771 0.382166 0.405018 0.385350 0.401434 0.385350 0.369176 0.382166 0.365591
0 0.165605 0.372760 0.162420 0.372760 0.159236 0.376344 0.156051 0.376344 0.152866 0.379928 0.152866 0.383513 0.149682 0.387097 0.149682 0.394265 0.152866 0.397849 0.156051 0.397849 0.162420 0.390681 0.165605 0.390681 0.168790 0.387097 0.168790 0.376344
0 0.350318 0.390681 0.343949 0.401434 0.343949 0.412186 0.353503 0.422939 0.363057 0.422939 0.366242 0.419355 0.366242 0.401434 0.363057 0.397849 0.363057 0.390681
0 0.863057 0.401434 0.863057 0.408602 0.866242 0.412186 0.869427 0.422939 0.878981 0.433692 0.878981 0.437276 0.888535 0.448029 0.894904 0.448029 0.894904 0.419355 0.888535 0.412186 0.885350 0.412186 0.875796 0.401434
0 0.707006 0.419355 0.713376 0.430108 0.713376 0.480287 0.719745 0.487455 0.726115 0.480287 0.726115 0.465950 0.722930 0.462366 0.722930 0.451613 0.719745 0.448029 0.719745 0.433692 0.713376 0.426523 0.713376 0.419355
0 0.318471 0.430108 0.308917 0.430108 0.305732 0.433692 0.305732 0.440860 0.302548 0.444444 0.302548 0.458781 0.305732 0.458781 0.308917 0.455197 0.308917 0.451613 0.312102 0.448029 0.315287 0.448029 0.315287 0.440860 0.318471 0.437276
0 0.248408 0.437276 0.245223 0.437276 0.242038 0.433692 0.238854 0.433692 0.235669 0.437276 0.229299 0.437276 0.226115 0.440860 0.226115 0.444444 0.222930 0.448029 0.222930 0.458781 0.229299 0.469534 0.235669 0.469534 0.238854 0.465950 0.242038 0.465950 0.248408 0.458781 0.248408 0.451613 0.251592 0.448029 0.248408 0.444444
0 0.436306 0.458781 0.433121 0.462366 0.433121 0.494624 0.436306 0.498208 0.436306 0.508961 0.442675 0.523297 0.449045 0.530466 0.455414 0.519713 0.455414 0.491039 0.452229 0.487455 0.452229 0.476703 0.449045 0.473118 0.449045 0.465950 0.445860 0.458781
0 0.840764 0.480287 0.834395 0.480287 0.831210 0.483871 0.831210 0.487455 0.828025 0.491039 0.828025 0.498208 0.831210 0.501792 0.831210 0.508961 0.837580 0.516129 0.840764 0.512545 0.843949 0.512545 0.847134 0.508961 0.847134 0.505376 0.850318 0.501792 0.850318 0.494624 0.847134 0.491039 0.847134 0.487455
0 0.773885 0.501792 0.767516 0.512545 0.767516 0.519713 0.764331 0.523297 0.764331 0.530466 0.761146 0.534050 0.761146 0.537634 0.770701 0.555556 0.783439 0.555556 0.789809 0.544803 0.789809 0.530466 0.792994 0.526882 0.792994 0.523297 0.789809 0.519713 0.789809 0.508961 0.786624 0.505376 0.786624 0.501792
0 0.073248 0.530466 0.060510 0.530466 0.057325 0.534050 0.035032 0.534050 0.031847 0.537634 0.019108 0.537634 0.015924 0.541219 0.015924 0.548387 0.019108 0.555556 0.025478 0.559140 0.041401 0.559140 0.060510 0.548387 0.066879 0.548387 0.073248 0.541219
0 0.519108 0.530466 0.512739 0.530466 0.503185 0.544803 0.487261 0.598566 0.487261 0.612903 0.484076 0.616487 0.487261 0.630824 0.496815 0.623656 0.512739 0.587814 0.519108 0.566308
0 0.560510 0.562724 0.554140 0.562724 0.550955 0.566308 0.550955 0.573477 0.544586 0.580645 0.544586 0.587814 0.531847 0.609319 0.531847 0.641577 0.535032 0.645161 0.538217 0.645161 0.550955 0.627240 0.550955 0.620072 0.554140 0.616487 0.554140 0.602151 0.560510 0.591398 0.560510 0.573477 0.563694 0.569892
0 0.140127 0.666667 0.143312 0.670251 0.178344 0.670251 0.181529 0.666667 0.191083 0.663082 0.197452 0.655914 0.197452 0.652330 0.194268 0.648746 0.165605 0.648746 0.162420 0.652330 0.149682 0.652330 0.140127 0.659498
0 0.426752 0.666667 0.417197 0.670251 0.401274 0.684588 0.401274 0.716846 0.404459 0.716846 0.407643 0.720430 0.410828 0.720430 0.420382 0.713262 0.420382 0.709677 0.429936 0.691756 0.429936 0.670251
0 0.267516 0.695341 0.264331 0.688172 0.251592 0.677419 0.238854 0.677419 0.235669 0.681004 0.226115 0.681004 0.222930 0.684588 0.213376 0.684588 0.210191 0.688172 0.210191 0.698925 0.219745 0.706093 0.235669 0.706093 0.238854 0.709677 0.245223 0.709677 0.248408 0.706093 0.264331 0.702509
0 0.003185 0.688172 0.003185 0.695341 0.009554 0.695341 0.012739 0.698925 0.028662 0.698925 0.025478 0.695341 0.022293 0.695341 0.019108 0.691756 0.019108 0.688172
0 0.761146 0.702509 0.757962 0.702509 0.757962 0.706093 0.738854 0.731183 0.729299 0.752688 0.729299 0.759857 0.726115 0.763441 0.726115 0.781362 0.729299 0.784946 0.738854 0.774194 0.748408 0.756272 0.748408 0.749104 0.757962 0.731183
0 0.222930 0.759857 0.222930 0.763441 0.226115 0.767025 0.226115 0.774194 0.238854 0.788530 0.242038 0.788530 0.245223 0.792115 0.254777 0.788530 0.267516 0.770609 0.267516 0.763441 0.261146 0.756272 0.251592 0.756272 0.248408 0.752688 0.229299 0.752688
0 0.528662 0.784946 0.519108 0.784946 0.519108 0.788530 0.512739 0.795699 0.512739 0.806452 0.509554 0.810036 0.509554 0.820789 0.506369 0.824373 0.506369 0.831541 0.512739 0.842294 0.525478 0.842294 0.531847 0.835125 0.531847 0.827957 0.535032 0.824373 0.535032 0.795699
0 0.573248 0.799283 0.560510 0.806452 0.560510 0.810036 0.550955 0.824373 0.550955 0.831541 0.547771 0.835125 0.547771 0.860215 0.550955 0.867384 0.557325 0.867384 0.563694 0.860215 0.570064 0.845878 0.570064 0.835125 0.576433 0.824373 0.576433 0.802867
0 0.885350 0.813620 0.882166 0.817204 0.878981 0.817204 0.872611 0.824373 0.872611 0.842294 0.882166 0.853047 0.891720 0.853047 0.898089 0.845878 0.898089 0.842294 0.901274 0.838710 0.901274 0.820789 0.898089 0.817204 0.891720 0.817204 0.888535 0.813620
0 0.735669 0.820789 0.726115 0.824373 0.719745 0.831541 0.719745 0.838710 0.707006 0.860215 0.710191 0.863799 0.707006 0.870968 0.707006 0.885305 0.713376 0.885305 0.722930 0.863799 0.738854 0.845878 0.742038 0.838710 0.742038 0.827957
0 0.391720 0.853047 0.385350 0.849462 0.382166 0.853047 0.372611 0.853047 0.366242 0.856631 0.350318 0.878136 0.337580 0.885305 0.337580 0.892473 0.340764 0.896057 0.385350 0.892473 0.388535 0.885305 0.388535 0.867384 0.391720 0.863799
0 0.525478 0.856631 0.519108 0.856631 0.509554 0.867384 0.509554 0.874552 0.506369 0.878136 0.506369 0.892473 0.515924 0.892473 0.522293 0.885305 0.522293 0.881720 0.525478 0.878136
0 0.000000 0.867384 0.000000 0.885305 0.003185 0.888889 0.003185 0.910394 0.009554 0.910394 0.015924 0.899642 0.012739 0.896057 0.012739 0.885305 0.006369 0.878136 0.006369 0.874552 0.003185 0.870968 0.003185 0.867384
0 0.500000 0.906810 0.493631 0.913978 0.493631 0.921147 0.490446 0.924731 0.490446 0.949821 0.496815 0.960573 0.506369 0.960573 0.509554 0.956989 0.509554 0.953405 0.512739 0.949821 0.512739 0.942652 0.515924 0.939068 0.515924 0.917563 0.509554 0.906810
0 0.538217 0.949821 0.528662 0.949821 0.528662 0.953405 0.525478 0.956989 0.525478 0.964158 0.522293 0.967742 0.522293 0.982079 0.519108 0.985663 0.519108 0.992832 0.522293 0.996416 0.535032 0.996416 0.538217 0.992832 0.541401 0.992832 0.541401 0.956989 0.538217 0.953405
0 0.414013 0.956989 0.414013 0.982079 0.410828 0.985663 0.410828 0.992832 0.417197 0.992832 0.420382 0.996416 0.426752 0.996416 0.429936 0.992832 0.429936 0.978495 0.426752 0.974910 0.426752 0.960573 0.423567 0.956989
