0 0.612698 0.100358 0.606349 0.103943 0.584127 0.129032 0.584127 0.154122 0.587302 0.161290 0.593651 0.164875 0.606349 0.157706 0.615873 0.136201 0.615873 0.125448 0.619048 0.121864 0.619048 0.107527
0 0.422222 0.103943 0.419048 0.107527 0.419048 0.132616 0.422222 0.136201 0.425397 0.146953 0.428571 0.146953 0.431746 0.150538 0.450794 0.150538 0.457143 0.143369 0.457143 0.136201 0.453968 0.132616 0.453968 0.129032 0.441270 0.114695 0.441270 0.111111 0.438095 0.111111 0.428571 0.103943
0 0.746032 0.114695 0.746032 0.121864 0.749206 0.125448 0.752381 0.125448 0.755556 0.129032 0.768254 0.129032 0.768254 0.125448 0.771429 0.121864 0.771429 0.118280 0.768254 0.114695 0.768254 0.111111 0.765079 0.111111 0.761905 0.107527 0.755556 0.107527 0.752381 0.111111 0.749206 0.111111
0 0.352381 0.111111 0.349206 0.114695 0.346032 0.114695 0.339683 0.121864 0.339683 0.125448 0.336508 0.129032 0.336508 0.146953 0.342857 0.157706 0.349206 0.157706 0.352381 0.154122 0.355556 0.154122 0.361905 0.146953 0.361905 0.143369 0.365079 0.139785 0.365079 0.125448 0.361905 0.121864 0.361905 0.118280
0 0.650794 0.118280 0.638095 0.118280 0.631746 0.125448 0.631746 0.129032 0.628571 0.132616 0.628571 0.143369 0.631746 0.146953 0.644444 0.146953 0.647619 0.143369 0.647619 0.139785 0.650794 0.136201 0.650794 0.129032 0.653968 0.125448 0.650794 0.121864
0 0.815873 0.118280 0.809524 0.125448 0.812698 0.129032 0.812698 0.132616 0.815873 0.136201 0.815873 0.139785 0.822222 0.146953 0.831746 0.146953 0.831746 0.139785 0.834921 0.136201 0.834921 0.132616 0.831746 0.129032 0.831746 0.121864 0.828571 0.121864 0.825397 0.118280
0 0.488889 0.125448 0.488889 0.146953 0.492063 0.150538 0.492063 0.154122 0.501587 0.154122 0.501587 0.146953 0.498413 0.143369 0.498413 0.132616 0.495238 0.129032 0.495238 0.125448
0 0.853968 0.143369 0.860317 0.150538 0.863492 0.150538 0.866667 0.154122 0.888889 0.154122 0.895238 0.146953 0.892063 0.143369 0.892063 0.139785 0.888889 0.139785 0.873016 0.125448 0.863492 0.129032 0.857143 0.136201 0.857143 0.139785
0 0.993651 0.129032 0.990476 0.132616 0.990476 0.136201 0.987302 0.139785 0.987302 0.143369 0.993651 0.150538 0.996825 0.146953 0.996825 0.132616
0 0.676190 0.132616 0.669841 0.132616 0.666667 0.136201 0.663492 0.136201 0.663492 0.143369 0.660317 0.146953 0.660317 0.164875 0.669841 0.172043 0.673016 0.172043 0.679365 0.164875 0.679365 0.157706 0.682540 0.154122 0.682540 0.139785
0 0.926984 0.143369 0.930159 0.146953 0.936508 0.146953 0.939683 0.143369 0.942857 0.143369 0.946032 0.139785 0.949206 0.139785 0.949206 0.136201 0.946032 0.132616 0.933333 0.132616 0.926984 0.139785
0 0.733333 0.143369 0.736508 0.146953 0.736508 0.157706 0.739683 0.161290 0.752381 0.161290 0.755556 0.157706 0.758730 0.157706 0.761905 0.154122 0.761905 0.146953 0.758730 0.143369 0.755556 0.143369 0.752381 0.139785 0.749206 0.139785 0.746032 0.136201 0.739683 0.136201
0 0.371429 0.161290 0.365079 0.161290 0.355556 0.168459 0.355556 0.186380 0.358730 0.189964 0.358730 0.193548 0.361905 0.193548 0.365079 0.197133 0.368254 0.197133 0.371429 0.193548 0.374603 0.193548 0.374603 0.189964 0.380952 0.179211 0.380952 0.175627 0.377778 0.172043 0.377778 0.168459
0 0.628571 0.164875 0.622222 0.172043 0.622222 0.182796 0.625397 0.186380 0.625397 0.193548 0.631746 0.200717 0.638095 0.200717 0.644444 0.193548 0.644444 0.189964 0.647619 0.186380 0.647619 0.175627 0.644444 0.172043 0.644444 0.168459 0.638095 0.168459 0.634921 0.164875
0 0.901587 0.168459 0.898413 0.164875 0.895238 0.164875 0.892063 0.168459 0.888889 0.168459 0.885714 0.172043 0.882540 0.172043 0.882540 0.175627 0.876190 0.182796 0.876190 0.186380 0.885714 0.186380 0.888889 0.182796 0.895238 0.182796 0.898413 0.179211 0.898413 0.175627 0.901587 0.172043
0 0.726984 0.175627 0.717460 0.168459 0.714286 0.172043 0.704762 0.172043 0.698413 0.179211 0.698413 0.189964 0.701587 0.193548 0.707937 0.193548 0.711111 0.197133 0.714286 0.193548 0.720635 0.193548 0.726984 0.182796
0 0.739683 0.175627 0.739683 0.179211 0.742857 0.182796 0.746032 0.182796 0.749206 0.186380 0.752381 0.186380 0.761905 0.193548 0.765079 0.193548 0.774603 0.186380 0.774603 0.172043 0.771429 0.168459 0.746032 0.168459
0 0.800000 0.172043 0.800000 0.182796 0.803175 0.182796 0.812698 0.189964 0.831746 0.189964 0.834921 0.186380 0.834921 0.182796 0.825397 0.172043 0.812698 0.172043 0.809524 0.168459 0.806349 0.168459 0.803175 0.172043
0 0.917460 0.172043 0.904762 0.172043 0.901587 0.175627 0.901587 0.193548 0.904762 0.197133 0.907937 0.193548 0.911111 0.193548 0.911111 0.189964 0.914286 0.186380 0.914286 0.182796 0.917460 0.179211
0 0.190476 0.179211 0.187302 0.182796 0.184127 0.182796 0.180952 0.186380 0.180952 0.197133 0.184127 0.200717 0.187302 0.200717 0.190476 0.204301 0.196825 0.204301 0.200000 0.200717 0.200000 0.186380 0.193651 0.179211
0 0.609524 0.189964 0.603175 0.189964 0.596825 0.197133 0.596825 0.200717 0.593651 0.204301 0.593651 0.225806 0.596825 0.229391 0.600000 0.225806 0.609524 0.225806 0.615873 0.218638 0.619048 0.218638 0.619048 0.204301 0.615873 0.200717 0.615873 0.197133
0 0.466667 0.200717 0.466667 0.204301 0.463492 0.207885 0.463492 0.222222 0.466667 0.225806 0.466667 0.229391 0.469841 0.229391 0.473016 0.232975 0.476190 0.229391 0.479365 0.229391 0.479365 0.215054 0.476190 0.211470 0.476190 0.207885 0.473016 0.204301 0.473016 0.200717
0 0.746032 0.211470 0.739683 0.204301 0.730159 0.204301 0.726984 0.207885 0.723810 0.207885 0.720635 0.211470 0.717460 0.211470 0.717460 0.215054 0.714286 0.218638 0.714286 0.222222 0.717460 0.225806 0.726984 0.225806 0.730159 0.222222 0.742857 0.222222 0.746032 0.218638
0 0.657143 0.211470 0.647619 0.211470 0.644444 0.215054 0.638095 0.215054 0.638095 0.218638 0.634921 0.222222 0.634921 0.225806 0.641270 0.236559 0.641270 0.243728 0.644444 0.243728 0.647619 0.247312 0.650794 0.243728 0.653968 0.243728 0.653968 0.240143 0.657143 0.236559 0.657143 0.225806 0.660317 0.222222 0.657143 0.218638
0 0.190476 0.215054 0.184127 0.222222 0.184127 0.225806 0.190476 0.232975 0.190476 0.236559 0.200000 0.247312 0.203175 0.247312 0.206349 0.243728 0.209524 0.243728 0.209524 0.240143 0.212698 0.236559 0.212698 0.232975 0.209524 0.229391 0.209524 0.225806 0.206349 0.222222 0.203175 0.222222 0.200000 0.218638 0.193651 0.218638
0 0.542857 0.225806 0.536508 0.232975 0.536508 0.254480 0.542857 0.261649 0.549206 0.261649 0.552381 0.258065 0.552381 0.254480 0.555556 0.250896 0.555556 0.247312 0.558730 0.243728 0.558730 0.240143 0.555556 0.236559 0.555556 0.232975 0.549206 0.225806
0 0.488889 0.236559 0.485714 0.236559 0.482540 0.240143 0.479365 0.240143 0.479365 0.247312 0.476190 0.250896 0.476190 0.261649 0.482540 0.268817 0.488889 0.268817 0.492063 0.265233 0.495238 0.265233 0.495238 0.243728
0 0.596825 0.250896 0.600000 0.254480 0.600000 0.258065 0.606349 0.258065 0.609524 0.261649 0.625397 0.261649 0.631746 0.254480 0.631746 0.240143 0.628571 0.236559 0.612698 0.236559 0.606349 0.243728 0.603175 0.243728
0 0.911111 0.243728 0.904762 0.250896 0.904762 0.261649 0.907937 0.265233 0.907937 0.268817 0.911111 0.268817 0.914286 0.272401 0.920635 0.272401 0.920635 0.254480 0.917460 0.250896 0.917460 0.247312 0.914286 0.247312
0 0.412698 0.254480 0.412698 0.268817 0.419048 0.279570 0.419048 0.286738 0.422222 0.290323 0.422222 0.297491 0.425397 0.301075 0.431746 0.301075 0.431746 0.293907 0.428571 0.290323 0.425397 0.279570 0.419048 0.272401 0.419048 0.265233 0.412698 0.258065
0 0.304762 0.258065 0.304762 0.261649 0.301587 0.265233 0.301587 0.290323 0.307937 0.297491 0.307937 0.301075 0.311111 0.301075 0.314286 0.304659 0.320635 0.304659 0.326984 0.293907 0.326984 0.272401 0.323810 0.268817 0.323810 0.265233 0.317460 0.258065
0 0.717460 0.265233 0.711111 0.258065 0.707937 0.261649 0.704762 0.261649 0.698413 0.268817 0.698413 0.279570 0.714286 0.279570 0.717460 0.275986
0 0.882540 0.272401 0.879365 0.275986 0.879365 0.286738 0.882540 0.290323 0.882540 0.297491 0.892063 0.308244 0.911111 0.308244 0.914286 0.304659 0.914286 0.290323 0.911111 0.290323 0.898413 0.275986 0.895238 0.275986 0.892063 0.272401
0 0.949206 0.275986 0.949206 0.283154 0.955556 0.290323 0.955556 0.293907 0.965079 0.293907 0.968254 0.290323 0.971429 0.290323 0.968254 0.286738 0.968254 0.283154 0.965079 0.279570 0.958730 0.279570 0.955556 0.275986
0 0.253968 0.279570 0.253968 0.283154 0.250794 0.286738 0.250794 0.301075 0.253968 0.304659 0.257143 0.315412 0.260317 0.318996 0.273016 0.318996 0.273016 0.315412 0.276190 0.311828 0.276190 0.293907 0.273016 0.290323 0.273016 0.286738 0.266667 0.279570
0 0.584127 0.279570 0.584127 0.283154 0.580952 0.286738 0.584127 0.290323 0.584127 0.293907 0.587302 0.297491 0.596825 0.297491 0.600000 0.293907 0.600000 0.290323 0.596825 0.286738 0.596825 0.283154 0.593651 0.279570
0 0.841270 0.283154 0.841270 0.293907 0.844444 0.297491 0.844444 0.301075 0.847619 0.304659 0.850794 0.315412 0.853968 0.315412 0.857143 0.318996 0.857143 0.322581 0.863492 0.329749 0.869841 0.329749 0.869841 0.326165 0.863492 0.318996 0.863492 0.315412 0.847619 0.297491 0.847619 0.293907
0 0.488889 0.293907 0.485714 0.297491 0.485714 0.304659 0.488889 0.308244 0.488889 0.311828 0.492063 0.315412 0.495238 0.315412 0.498413 0.318996 0.498413 0.293907
0 0.698413 0.297491 0.698413 0.308244 0.695238 0.311828 0.695238 0.326165 0.698413 0.329749 0.704762 0.329749 0.704762 0.326165 0.707937 0.322581 0.707937 0.315412 0.711111 0.311828 0.711111 0.301075 0.707937 0.297491
0 0.761905 0.297491 0.761905 0.311828 0.765079 0.311828 0.768254 0.315412 0.771429 0.315412 0.774603 0.311828 0.774603 0.301075 0.771429 0.297491
0 0.368254 0.301075 0.365079 0.301075 0.361905 0.304659 0.358730 0.304659 0.352381 0.311828 0.352381 0.315412 0.349206 0.318996 0.349206 0.322581 0.352381 0.326165 0.352381 0.329749 0.361905 0.329749 0.365079 0.326165 0.368254 0.326165 0.368254 0.322581 0.374603 0.315412 0.374603 0.308244
0 0.790476 0.301075 0.790476 0.315412 0.787302 0.318996 0.793651 0.326165 0.793651 0.329749 0.803175 0.329749 0.803175 0.326165 0.806349 0.322581 0.806349 0.315412 0.809524 0.311828 0.809524 0.304659 0.806349 0.301075
0 0.295238 0.308244 0.295238 0.311828 0.292063 0.315412 0.292063 0.329749 0.298413 0.336918 0.301587 0.336918 0.304762 0.340502 0.314286 0.340502 0.320635 0.329749 0.320635 0.308244 0.314286 0.308244 0.311111 0.304659 0.307937 0.304659 0.304762 0.308244
0 0.733333 0.308244 0.733333 0.311828 0.726984 0.322581 0.726984 0.336918 0.730159 0.340502 0.730159 0.344086 0.733333 0.344086 0.736508 0.347670 0.739683 0.347670 0.746032 0.340502 0.746032 0.336918 0.749206 0.333333 0.749206 0.315412 0.742857 0.308244
0 0.622222 0.311828 0.615873 0.318996 0.615873 0.326165 0.619048 0.329749 0.631746 0.329749 0.634921 0.326165 0.631746 0.322581 0.631746 0.318996 0.625397 0.311828
0 0.431746 0.326165 0.428571 0.329749 0.428571 0.347670 0.425397 0.351254 0.425397 0.358423 0.422222 0.362007 0.425397 0.365591 0.425397 0.372760 0.428571 0.376344 0.431746 0.376344 0.431746 0.372760 0.434921 0.369176 0.434921 0.362007 0.441270 0.354839 0.441270 0.329749 0.434921 0.329749
0 0.663492 0.326165 0.653968 0.326165 0.650794 0.329749 0.650794 0.333333 0.647619 0.336918 0.647619 0.347670 0.653968 0.354839 0.657143 0.354839 0.666667 0.344086 0.666667 0.329749
0 0.765079 0.326165 0.758730 0.333333 0.758730 0.336918 0.755556 0.340502 0.755556 0.347670 0.749206 0.358423 0.749206 0.362007 0.752381 0.365591 0.771429 0.344086 0.771429 0.340502 0.774603 0.336918 0.771429 0.333333 0.771429 0.329749 0.768254 0.329749
0 0.476190 0.336918 0.473016 0.340502 0.476190 0.344086 0.476190 0.365591 0.479365 0.369176 0.479365 0.383513 0.485714 0.390681 0.485714 0.376344 0.482540 0.372760 0.482540 0.369176 0.485714 0.365591 0.485714 0.347670 0.488889 0.344086 0.485714 0.340502 0.485714 0.336918
0 0.517460 0.344086 0.507937 0.344086 0.504762 0.347670 0.501587 0.347670 0.501587 0.351254 0.498413 0.354839 0.498413 0.372760 0.501587 0.376344 0.507937 0.376344 0.511111 0.372760 0.514286 0.372760 0.517460 0.369176
0 0.625397 0.347670 0.612698 0.347670 0.609524 0.351254 0.609524 0.372760 0.615873 0.383513 0.619048 0.383513 0.622222 0.379928 0.625397 0.379928 0.631746 0.372760 0.631746 0.354839
0 0.666667 0.358423 0.663492 0.362007 0.663492 0.365591 0.660317 0.369176 0.660317 0.376344 0.663492 0.379928 0.663492 0.383513 0.666667 0.387097 0.669841 0.387097 0.673016 0.390681 0.676190 0.390681 0.682540 0.383513 0.682540 0.365591 0.676190 0.358423
0 0.174603 0.362007 0.171429 0.365591 0.168254 0.365591 0.168254 0.369176 0.165079 0.372760 0.165079 0.379928 0.168254 0.383513 0.168254 0.387097 0.190476 0.415771 0.193651 0.412186 0.193651 0.408602 0.190476 0.405018 0.190476 0.397849 0.184127 0.387097 0.184127 0.372760 0.180952 0.369176 0.180952 0.365591 0.177778 0.365591
0 0.453968 0.365591 0.447619 0.365591 0.438095 0.376344 0.438095 0.397849 0.441270 0.401434 0.447619 0.401434 0.447619 0.397849 0.450794 0.394265 0.450794 0.387097 0.457143 0.379928 0.457143 0.369176
0 0.539683 0.376344 0.539683 0.387097 0.542857 0.390681 0.542857 0.394265 0.552381 0.405018 0.555556 0.405018 0.558730 0.401434 0.558730 0.387097 0.555556 0.383513 0.555556 0.379928 0.552381 0.376344
0 0.720635 0.379928 0.717460 0.383513 0.717460 0.401434 0.720635 0.405018 0.720635 0.412186 0.723810 0.415771 0.733333 0.415771 0.733333 0.412186 0.736508 0.408602 0.736508 0.397849 0.733333 0.394265 0.733333 0.387097 0.726984 0.379928
0 0.400000 0.387097 0.396825 0.390681 0.396825 0.397849 0.400000 0.401434 0.400000 0.405018 0.409524 0.415771 0.419048 0.415771 0.422222 0.412186 0.422222 0.408602 0.419048 0.405018 0.419048 0.397849 0.415873 0.394265 0.415873 0.390681 0.409524 0.383513 0.406349 0.383513 0.403175 0.387097
0 0.520635 0.390681 0.517460 0.390681 0.514286 0.387097 0.511111 0.387097 0.504762 0.394265 0.501587 0.394265 0.501587 0.397849 0.498413 0.401434 0.498413 0.405018 0.501587 0.408602 0.501587 0.412186 0.504762 0.415771 0.517460 0.415771 0.523810 0.408602 0.523810 0.394265
0 0.857143 0.390681 0.857143 0.394265 0.860317 0.397849 0.860317 0.401434 0.873016 0.401434 0.876190 0.405018 0.888889 0.405018 0.892063 0.401434 0.892063 0.397849 0.885714 0.387097 0.860317 0.387097
0 0.298413 0.390681 0.298413 0.394265 0.301587 0.397849 0.301587 0.408602 0.314286 0.433692 0.314286 0.440860 0.317460 0.444444 0.320635 0.444444 0.320635 0.430108 0.314286 0.419355 0.314286 0.412186 0.311111 0.408602 0.311111 0.401434 0.307937 0.397849 0.307937 0.390681
0 0.266667 0.401434 0.266667 0.412186 0.273016 0.419355 0.273016 0.422939 0.276190 0.426523 0.276190 0.433692 0.282540 0.440860 0.282540 0.437276 0.285714 0.433692 0.285714 0.422939 0.282540 0.419355 0.282540 0.415771 0.279365 0.415771 0.269841 0.405018 0.269841 0.401434
0 0.453968 0.405018 0.447619 0.412186 0.447619 0.419355 0.450794 0.422939 0.450794 0.426523 0.457143 0.426523 0.466667 0.437276 0.476190 0.437276 0.479365 0.433692 0.479365 0.426523 0.476190 0.422939 0.476190 0.419355 0.473016 0.415771 0.473016 0.412186 0.463492 0.405018
0 0.657143 0.405018 0.653968 0.408602 0.653968 0.412186 0.657143 0.415771 0.657143 0.419355 0.666667 0.430108 0.669841 0.426523 0.673016 0.426523 0.673016 0.412186 0.666667 0.405018
0 0.800000 0.405018 0.796825 0.408602 0.796825 0.419355 0.803175 0.426523 0.812698 0.426523 0.815873 0.422939 0.815873 0.412186 0.812698 0.408602 0.809524 0.408602 0.806349 0.405018
0 0.704762 0.408602 0.701587 0.412186 0.701587 0.422939 0.698413 0.426523 0.698413 0.433692 0.701587 0.437276 0.701587 0.448029 0.707937 0.455197 0.711111 0.455197 0.711111 0.451613 0.714286 0.448029 0.714286 0.440860 0.711111 0.437276 0.711111 0.430108 0.707937 0.426523 0.707937 0.412186
0 0.917460 0.408602 0.907937 0.419355 0.907937 0.422939 0.911111 0.426523 0.911111 0.433692 0.914286 0.437276 0.920635 0.437276 0.923810 0.440860 0.926984 0.440860 0.930159 0.437276 0.933333 0.437276 0.933333 0.433692 0.936508 0.430108 0.936508 0.426523 0.933333 0.422939 0.933333 0.419355 0.926984 0.412186 0.920635 0.412186
0 0.361905 0.426523 0.358730 0.430108 0.361905 0.433692 0.361905 0.437276 0.365079 0.440860 0.365079 0.444444 0.371429 0.444444 0.371429 0.430108 0.368254 0.426523
0 0.396825 0.426523 0.393651 0.430108 0.396825 0.433692 0.396825 0.437276 0.400000 0.440860 0.406349 0.440860 0.409524 0.444444 0.412698 0.440860 0.412698 0.433692 0.406349 0.426523
0 0.834921 0.430108 0.828571 0.430108 0.822222 0.437276 0.822222 0.440860 0.815873 0.448029 0.815873 0.458781 0.819048 0.462366 0.822222 0.462366 0.838095 0.444444 0.838095 0.433692
0 0.673016 0.444444 0.666667 0.451613 0.666667 0.458781 0.669841 0.462366 0.669841 0.465950 0.673016 0.465950 0.676190 0.469534 0.679365 0.469534 0.682540 0.465950 0.682540 0.462366 0.685714 0.458781 0.685714 0.451613 0.679365 0.444444
0 0.149206 0.448029 0.149206 0.451613 0.146032 0.455197 0.146032 0.480287 0.149206 0.483871 0.155556 0.483871 0.158730 0.480287 0.158730 0.476703 0.161905 0.473118 0.161905 0.451613 0.158730 0.448029
0 0.755556 0.448029 0.749206 0.448029 0.746032 0.451613 0.746032 0.458781 0.742857 0.462366 0.742857 0.505376 0.752381 0.505376 0.758730 0.498208 0.758730 0.494624 0.761905 0.491039 0.761905 0.483871 0.765079 0.480287 0.765079 0.458781
0 0.977778 0.448029 0.977778 0.469534 0.980952 0.473118 0.980952 0.476703 0.984127 0.480287 0.987302 0.480287 0.990476 0.483871 0.993651 0.480287 0.993651 0.469534 0.987302 0.462366 0.987302 0.455197 0.984127 0.451613 0.984127 0.448029
0 0.085714 0.462366 0.076190 0.476703 0.076190 0.483871 0.082540 0.494624 0.117460 0.530466 0.133333 0.534050 0.139683 0.526882 0.139683 0.508961 0.123810 0.480287 0.104762 0.462366 0.095238 0.458781
0 0.844444 0.473118 0.844444 0.487455 0.847619 0.491039 0.853968 0.491039 0.857143 0.494624 0.860317 0.494624 0.863492 0.491039 0.866667 0.491039 0.869841 0.487455 0.869841 0.480287 0.863492 0.473118 0.857143 0.473118 0.853968 0.469534 0.850794 0.469534 0.847619 0.473118
0 0.634921 0.476703 0.631746 0.476703 0.628571 0.480287 0.625397 0.480287 0.615873 0.491039 0.615873 0.494624 0.619048 0.498208 0.619048 0.505376 0.628571 0.505376 0.631746 0.501792 0.634921 0.501792 0.638095 0.498208 0.638095 0.491039 0.641270 0.487455 0.641270 0.483871
0 0.555556 0.483871 0.555556 0.491039 0.558730 0.494624 0.561905 0.494624 0.565079 0.498208 0.568254 0.498208 0.571429 0.501792 0.580952 0.501792 0.584127 0.498208 0.584127 0.494624 0.577778 0.494624 0.574603 0.491039 0.577778 0.487455 0.574603 0.487455 0.571429 0.483871
0 0.796825 0.487455 0.790476 0.487455 0.787302 0.491039 0.787302 0.494624 0.780952 0.505376 0.780952 0.519713 0.787302 0.526882 0.790476 0.523297 0.793651 0.523297 0.800000 0.516129 0.800000 0.491039
0 0.682540 0.501792 0.682540 0.516129 0.685714 0.519713 0.688889 0.519713 0.698413 0.526882 0.701587 0.526882 0.711111 0.519713 0.711111 0.505376 0.704762 0.498208 0.688889 0.498208 0.685714 0.501792
0 0.907937 0.505376 0.907937 0.512545 0.911111 0.516129 0.911111 0.519713 0.914286 0.523297 0.930159 0.523297 0.933333 0.519713 0.933333 0.512545 0.930159 0.508961 0.930159 0.505376 0.926984 0.505376 0.923810 0.501792 0.911111 0.501792
0 0.355556 0.512545 0.355556 0.526882 0.361905 0.534050 0.361905 0.537634 0.365079 0.537634 0.368254 0.541219 0.374603 0.541219 0.377778 0.537634 0.384127 0.537634 0.384127 0.523297 0.377778 0.512545 0.374603 0.512545 0.371429 0.508961 0.358730 0.508961
0 0.879365 0.516129 0.873016 0.508961 0.869841 0.508961 0.866667 0.512545 0.860317 0.512545 0.857143 0.516129 0.857143 0.526882 0.860317 0.530466 0.876190 0.530466 0.879365 0.526882
0 0.600000 0.516129 0.596825 0.519713 0.596825 0.530466 0.606349 0.541219 0.609524 0.541219 0.612698 0.537634 0.612698 0.534050 0.615873 0.530466 0.615873 0.523297 0.609524 0.516129
0 0.634921 0.519713 0.631746 0.523297 0.631746 0.537634 0.634921 0.541219 0.634921 0.544803 0.641270 0.551971 0.647619 0.551971 0.650794 0.548387 0.653968 0.548387 0.653968 0.544803 0.657143 0.541219 0.657143 0.537634 0.653968 0.534050 0.653968 0.526882 0.647619 0.519713
0 0.933333 0.530466 0.930159 0.526882 0.926984 0.526882 0.920635 0.534050 0.917460 0.530466 0.907937 0.530466 0.907937 0.537634 0.911111 0.541219 0.914286 0.541219 0.917460 0.544803 0.923810 0.544803 0.933333 0.534050
0 0.971429 0.544803 0.971429 0.551971 0.974603 0.555556 0.974603 0.559140 0.980952 0.569892 0.980952 0.580645 0.984127 0.584229 0.990476 0.584229 0.993651 0.580645 0.993651 0.577061 0.990476 0.573477 0.990476 0.569892 0.987302 0.566308 0.987302 0.562724 0.980952 0.555556 0.980952 0.551971 0.974603 0.544803
0 0.749206 0.548387 0.746032 0.551971 0.746032 0.580645 0.749206 0.584229 0.752381 0.584229 0.752381 0.548387
0 0.819048 0.548387 0.815873 0.548387 0.806349 0.559140 0.806349 0.566308 0.803175 0.569892 0.806349 0.573477 0.812698 0.573477 0.815873 0.569892 0.815873 0.566308 0.819048 0.562724 0.819048 0.559140 0.822222 0.555556 0.819048 0.551971
0 0.774603 0.559140 0.771429 0.562724 0.771429 0.573477 0.774603 0.577061 0.774603 0.584229 0.787302 0.584229 0.793651 0.577061 0.793651 0.569892 0.784127 0.559140
0 0.460317 0.577061 0.460317 0.580645 0.463492 0.584229 0.463492 0.587814 0.473016 0.598566 0.479365 0.598566 0.482540 0.602151 0.485714 0.602151 0.495238 0.594982 0.495238 0.587814 0.488889 0.580645 0.485714 0.580645 0.476190 0.573477 0.463492 0.573477
0 0.825397 0.580645 0.819048 0.591398 0.819048 0.598566 0.825397 0.605735 0.825397 0.609319 0.828571 0.609319 0.831746 0.612903 0.838095 0.612903 0.841270 0.616487 0.847619 0.616487 0.850794 0.612903 0.850794 0.594982 0.847619 0.591398 0.847619 0.587814 0.844444 0.587814 0.838095 0.580645
0 0.771429 0.587814 0.768254 0.591398 0.765079 0.591398 0.765079 0.609319 0.768254 0.612903 0.771429 0.612903 0.774603 0.609319 0.774603 0.591398
0 0.628571 0.591398 0.619048 0.602151 0.619048 0.605735 0.615873 0.609319 0.615873 0.620072 0.625397 0.627240 0.638095 0.627240 0.641270 0.623656 0.641270 0.591398
0 0.679365 0.602151 0.673016 0.612903 0.673016 0.623656 0.676190 0.627240 0.679365 0.637993 0.688889 0.648746 0.701587 0.648746 0.711111 0.634409 0.711111 0.623656 0.707937 0.620072 0.707937 0.616487 0.698413 0.605735 0.698413 0.602151 0.695238 0.598566
0 0.793651 0.598566 0.787302 0.598566 0.784127 0.602151 0.780952 0.602151 0.774603 0.612903 0.774603 0.634409 0.777778 0.637993 0.780952 0.637993 0.793651 0.623656 0.793651 0.616487 0.796825 0.612903 0.796825 0.605735 0.793651 0.602151
0 0.961905 0.602151 0.955556 0.602151 0.952381 0.605735 0.952381 0.609319 0.949206 0.612903 0.949206 0.630824 0.952381 0.634409 0.955556 0.634409 0.958730 0.630824 0.958730 0.623656 0.961905 0.620072 0.961905 0.609319 0.965079 0.605735
0 0.511111 0.623656 0.507937 0.627240 0.507937 0.630824 0.511111 0.634409 0.511111 0.645161 0.517460 0.652330 0.520635 0.652330 0.523810 0.655914 0.533333 0.655914 0.533333 0.641577 0.530159 0.637993 0.530159 0.634409 0.520635 0.623656
0 0.203175 0.627240 0.200000 0.630824 0.200000 0.670251 0.203175 0.673835 0.203175 0.681004 0.212698 0.702509 0.222222 0.713262 0.228571 0.713262 0.231746 0.716846 0.234921 0.713262 0.234921 0.677419 0.231746 0.673835 0.228571 0.645161 0.219048 0.630824
0 0.838095 0.627240 0.831746 0.627240 0.828571 0.630824 0.825397 0.630824 0.822222 0.634409 0.822222 0.641577 0.819048 0.645161 0.819048 0.648746 0.822222 0.652330 0.822222 0.655914 0.825397 0.659498 0.828571 0.670251 0.834921 0.670251 0.838095 0.666667 0.838095 0.648746 0.841270 0.645161 0.841270 0.630824
0 0.139683 0.645161 0.136508 0.645161 0.123810 0.659498 0.123810 0.673835 0.120635 0.677419 0.123810 0.681004 0.123810 0.684588 0.130159 0.684588 0.136508 0.677419 0.136508 0.673835 0.142857 0.663082 0.142857 0.648746
0 0.495238 0.648746 0.492063 0.652330 0.501587 0.670251 0.501587 0.677419 0.504762 0.681004 0.504762 0.684588 0.514286 0.691756 0.526984 0.691756 0.530159 0.688172 0.530159 0.681004 0.526984 0.677419 0.520635 0.677419 0.504762 0.659498 0.504762 0.655914 0.498413 0.648746
0 0.653968 0.648746 0.647619 0.655914 0.647619 0.670251 0.650794 0.673835 0.650794 0.677419 0.660317 0.677419 0.660317 0.673835 0.663492 0.670251 0.663492 0.663082 0.660317 0.659498 0.660317 0.652330 0.657143 0.648746
0 0.666667 0.655914 0.666667 0.659498 0.673016 0.666667 0.673016 0.691756 0.676190 0.691756 0.679365 0.688172 0.679365 0.666667 0.676190 0.663082 0.676190 0.659498 0.673016 0.655914
0 0.761905 0.659498 0.758730 0.663082 0.758730 0.681004 0.761905 0.684588 0.761905 0.688172 0.765079 0.691756 0.765079 0.695341 0.771429 0.702509 0.771429 0.673835 0.768254 0.670251 0.768254 0.663082 0.765079 0.659498
0 0.873016 0.659498 0.866667 0.659498 0.860317 0.666667 0.860317 0.677419 0.857143 0.681004 0.857143 0.688172 0.863492 0.698925 0.869841 0.698925 0.873016 0.695341 0.873016 0.677419 0.876190 0.673835 0.876190 0.670251 0.873016 0.666667
0 0.787302 0.663082 0.787302 0.666667 0.784127 0.670251 0.784127 0.684588 0.787302 0.688172 0.787302 0.691756 0.793651 0.698925 0.800000 0.698925 0.803175 0.695341 0.803175 0.681004 0.800000 0.677419 0.800000 0.673835 0.793651 0.666667 0.790476 0.666667
0 0.726984 0.684588 0.726984 0.688172 0.723810 0.691756 0.723810 0.695341 0.726984 0.698925 0.726984 0.702509 0.730159 0.706093 0.730159 0.709677 0.733333 0.709677 0.739683 0.716846 0.746032 0.716846 0.749206 0.713262 0.749206 0.695341 0.739683 0.684588
0 0.171429 0.702509 0.168254 0.702509 0.155556 0.716846 0.155556 0.745520 0.161905 0.752688 0.161905 0.756272 0.165079 0.759857 0.165079 0.752688 0.171429 0.745520 0.171429 0.741935 0.165079 0.734767 0.168254 0.731183 0.168254 0.727599 0.171429 0.724014 0.171429 0.716846 0.174603 0.713262 0.174603 0.706093
0 0.815873 0.702509 0.815873 0.716846 0.819048 0.720430 0.819048 0.724014 0.825397 0.731183 0.831746 0.731183 0.831746 0.727599 0.828571 0.724014 0.828571 0.716846 0.825397 0.713262 0.825397 0.709677 0.819048 0.702509
0 0.219048 0.727599 0.215873 0.731183 0.215873 0.738351 0.219048 0.741935 0.219048 0.756272 0.228571 0.777778 0.244444 0.792115 0.260317 0.792115 0.260317 0.781362 0.250794 0.756272 0.238095 0.741935 0.225397 0.738351
0 0.758730 0.738351 0.755556 0.741935 0.755556 0.756272 0.761905 0.763441 0.768254 0.763441 0.774603 0.756272 0.774603 0.752688 0.771429 0.749104 0.771429 0.741935 0.768254 0.741935 0.765079 0.738351
0 0.679365 0.741935 0.676190 0.745520 0.676190 0.756272 0.679365 0.759857 0.679365 0.763441 0.682540 0.767025 0.682540 0.770609 0.688889 0.777778 0.695238 0.777778 0.701587 0.770609 0.701587 0.767025 0.704762 0.763441 0.704762 0.759857 0.688889 0.741935
0 0.819048 0.745520 0.812698 0.745520 0.806349 0.752688 0.806349 0.770609 0.809524 0.774194 0.815873 0.774194 0.822222 0.767025 0.822222 0.749104
0 0.536508 0.770609 0.536508 0.774194 0.539683 0.777778 0.542857 0.777778 0.552381 0.784946 0.571429 0.784946 0.571429 0.781362 0.574603 0.777778 0.574603 0.774194 0.568254 0.767025 0.558730 0.767025 0.555556 0.763441 0.552381 0.763441 0.549206 0.767025 0.539683 0.767025
0 0.123810 0.770609 0.120635 0.767025 0.114286 0.767025 0.104762 0.777778 0.104762 0.784946 0.117460 0.784946 0.120635 0.781362 0.120635 0.774194
0 0.936508 0.767025 0.933333 0.770609 0.930159 0.770609 0.923810 0.777778 0.923810 0.784946 0.926984 0.788530 0.926984 0.792115 0.930159 0.792115 0.933333 0.795699 0.942857 0.795699 0.949206 0.788530 0.949206 0.774194 0.946032 0.770609 0.942857 0.770609 0.939683 0.767025
0 0.453968 0.781362 0.453968 0.799283 0.457143 0.802867 0.453968 0.806452 0.460317 0.813620 0.460317 0.817204 0.479365 0.835125 0.495238 0.835125 0.498413 0.831541 0.498413 0.824373 0.488889 0.813620 0.488889 0.810036 0.466667 0.784946 0.460317 0.781362
0 0.825397 0.781362 0.825397 0.784946 0.822222 0.788530 0.822222 0.792115 0.825397 0.795699 0.825397 0.806452 0.828571 0.810036 0.828571 0.813620 0.834921 0.813620 0.834921 0.799283 0.831746 0.795699 0.831746 0.784946 0.828571 0.781362
0 0.422222 0.788530 0.415873 0.799283 0.415873 0.806452 0.419048 0.810036 0.419048 0.813620 0.422222 0.817204 0.431746 0.820789 0.447619 0.835125 0.453968 0.835125 0.453968 0.827957 0.447619 0.817204 0.447619 0.806452 0.444444 0.802867 0.441270 0.792115 0.431746 0.784946
0 0.803175 0.784946 0.803175 0.802867 0.809524 0.810036 0.812698 0.806452 0.812698 0.792115 0.809524 0.788530 0.809524 0.784946
0 0.879365 0.792115 0.873016 0.799283 0.873016 0.810036 0.876190 0.813620 0.876190 0.817204 0.879365 0.820789 0.879365 0.827957 0.885714 0.827957 0.888889 0.824373 0.888889 0.795699 0.885714 0.792115
0 0.596825 0.827957 0.593651 0.827957 0.590476 0.824373 0.587302 0.827957 0.580952 0.827957 0.568254 0.842294 0.568254 0.845878 0.571429 0.849462 0.580952 0.849462 0.584127 0.845878 0.587302 0.845878 0.590476 0.842294 0.593651 0.842294 0.596825 0.838710
0 0.526984 0.831541 0.526984 0.838710 0.530159 0.842294 0.530159 0.845878 0.536508 0.845878 0.539683 0.849462 0.542857 0.849462 0.546032 0.845878 0.549206 0.845878 0.549206 0.842294 0.552381 0.838710 0.549206 0.835125 0.549206 0.831541 0.546032 0.831541 0.542857 0.827957 0.530159 0.827957
0 0.669841 0.835125 0.669841 0.842294 0.666667 0.845878 0.666667 0.849462 0.669841 0.853047 0.669841 0.856631 0.698413 0.856631 0.701587 0.853047 0.701587 0.845878 0.692063 0.835125 0.688889 0.835125 0.685714 0.831541 0.676190 0.831541 0.673016 0.835125
0 0.615873 0.842294 0.612698 0.845878 0.612698 0.853047 0.609524 0.856631 0.612698 0.860215 0.612698 0.863799 0.615873 0.867384 0.619048 0.867384 0.628571 0.878136 0.628571 0.881720 0.638095 0.881720 0.638095 0.867384 0.634921 0.863799 0.634921 0.856631 0.631746 0.853047 0.631746 0.849462 0.622222 0.842294
0 0.831746 0.842294 0.831746 0.870968 0.834921 0.874552 0.834921 0.878136 0.841270 0.878136 0.844444 0.874552 0.844444 0.853047 0.838095 0.845878 0.838095 0.842294
0 0.593651 0.860215 0.590476 0.863799 0.590476 0.878136 0.593651 0.881720 0.596825 0.881720 0.600000 0.885305 0.612698 0.885305 0.615873 0.881720 0.615873 0.870968 0.609524 0.863799 0.609524 0.860215 0.606349 0.856631 0.600000 0.856631 0.596825 0.860215
0 0.177778 0.860215 0.171429 0.867384 0.171429 0.874552 0.168254 0.878136 0.168254 0.896057 0.177778 0.906810 0.190476 0.906810 0.196825 0.899642 0.196825 0.878136 0.193651 0.874552 0.193651 0.870968 0.184127 0.860215
0 0.542857 0.863799 0.539683 0.867384 0.539683 0.881720 0.546032 0.888889 0.555556 0.888889 0.565079 0.878136 0.565079 0.870968 0.558730 0.863799
0 0.815873 0.874552 0.815873 0.878136 0.812698 0.881720 0.815873 0.885305 0.815873 0.896057 0.819048 0.899642 0.819048 0.906810 0.822222 0.910394 0.822222 0.913978 0.825397 0.913978 0.831746 0.921147 0.834921 0.921147 0.844444 0.931900 0.841270 0.928315 0.841270 0.924731 0.838095 0.921147 0.838095 0.913978 0.831746 0.903226 0.831746 0.892473 0.828571 0.888889 0.828571 0.881720 0.822222 0.874552
0 0.857143 0.881720 0.857143 0.885305 0.853968 0.888889 0.853968 0.896057 0.850794 0.899642 0.850794 0.906810 0.853968 0.910394 0.853968 0.913978 0.857143 0.917563 0.863492 0.917563 0.866667 0.913978 0.866667 0.906810 0.869841 0.903226 0.869841 0.896057 0.866667 0.892473 0.866667 0.885305 0.863492 0.881720
0 0.244444 0.899642 0.244444 0.910394 0.247619 0.913978 0.266667 0.913978 0.269841 0.910394 0.269841 0.903226 0.260317 0.892473 0.250794 0.892473
0 0.571429 0.903226 0.571429 0.906810 0.580952 0.906810 0.584127 0.910394 0.587302 0.910394 0.590476 0.913978 0.593651 0.913978 0.596825 0.910394 0.596825 0.903226 0.593651 0.899642 0.574603 0.899642
0 0.476190 0.903226 0.466667 0.910394 0.466667 0.913978 0.463492 0.917563 0.463492 0.931900 0.473016 0.939068 0.482540 0.939068 0.495238 0.924731 0.495238 0.910394 0.485714 0.903226
0 0.965079 0.906810 0.961905 0.910394 0.961905 0.931900 0.968254 0.939068 0.980952 0.939068 0.980952 0.935484 0.984127 0.931900 0.984127 0.921147 0.980952 0.917563 0.980952 0.913978 0.977778 0.910394 0.977778 0.906810
0 0.152381 0.913978 0.146032 0.921147 0.146032 0.924731 0.149206 0.928315 0.149206 0.931900 0.152381 0.935484 0.152381 0.939068 0.155556 0.942652 0.155556 0.946237 0.158730 0.949821 0.165079 0.949821 0.171429 0.942652 0.171429 0.939068 0.174603 0.935484 0.174603 0.931900 0.171429 0.928315 0.171429 0.924731 0.165079 0.917563 0.161905 0.917563 0.158730 0.913978
0 0.219048 0.917563 0.209524 0.917563 0.206349 0.921147 0.200000 0.921147 0.196825 0.924731 0.190476 0.924731 0.180952 0.935484 0.187302 0.942652 0.196825 0.942652 0.200000 0.939068 0.212698 0.939068 0.219048 0.931900
0 0.644444 0.921147 0.641270 0.924731 0.638095 0.924731 0.638095 0.928315 0.634921 0.931900 0.634921 0.946237 0.641270 0.953405 0.644444 0.953405 0.647619 0.956989 0.650794 0.956989 0.660317 0.946237 0.660317 0.935484 0.657143 0.931900 0.657143 0.928315 0.650794 0.921147
0 0.720635 0.928315 0.720635 0.942652 0.723810 0.946237 0.723810 0.949821 0.726984 0.949821 0.730159 0.953405 0.733333 0.949821 0.742857 0.949821 0.746032 0.946237 0.749206 0.946237 0.749206 0.935484 0.746032 0.931900 0.742857 0.931900 0.739683 0.928315 0.733333 0.928315 0.730159 0.924731 0.723810 0.924731
0 0.777778 0.924731 0.768254 0.931900 0.768254 0.942652 0.771429 0.946237 0.771429 0.953405 0.774603 0.956989 0.774603 0.960573 0.780952 0.967742 0.790476 0.967742 0.796825 0.960573 0.796825 0.953405 0.793651 0.949821 0.790476 0.939068 0.784127 0.931900 0.784127 0.928315 0.780952 0.928315
0 0.561905 0.931900 0.561905 0.935484 0.565079 0.939068 0.574603 0.942652 0.580952 0.949821 0.587302 0.949821 0.590476 0.953405 0.606349 0.953405 0.596825 0.942652 0.593651 0.942652 0.584127 0.935484 0.577778 0.935484 0.574603 0.931900
0 0.542857 0.946237 0.542857 0.949821 0.555556 0.964158 0.558730 0.964158 0.561905 0.967742 0.571429 0.967742 0.571429 0.960573 0.568254 0.956989 0.561905 0.956989 0.558730 0.953405 0.552381 0.953405 0.546032 0.946237
0 0.663492 0.946237 0.660317 0.949821 0.663492 0.953405 0.663492 0.956989 0.650794 0.967742 0.653968 0.985663 0.663492 0.992832 0.682540 0.992832 0.688889 0.985663 0.688889 0.978495 0.679365 0.964158 0.679365 0.960573 0.669841 0.949821 0.666667 0.949821
0 0.498413 0.949821 0.492063 0.949821 0.482540 0.960573 0.482540 0.964158 0.492063 0.964158 0.495238 0.960573 0.495238 0.956989 0.498413 0.953405
0 0.600000 0.971326 0.593651 0.971326 0.590476 0.974910 0.587302 0.974910 0.580952 0.982079 0.580952 0.985663 0.577778 0.989247 0.577778 0.992832 0.587302 0.992832 0.600000 0.978495
0 0.501587 0.974910 0.501587 0.989247 0.507937 0.989247 0.511111 0.985663 0.511111 0.982079 0.514286 0.978495 0.511111 0.974910
0 0.838095 0.978495 0.838095 0.992832 0.841270 0.992832 0.844444 0.996416 0.860317 0.996416 0.863492 0.992832 0.863492 0.985663 0.853968 0.974910 0.841270 0.974910
