0 0.850794 0.100358 0.844444 0.107527 0.844444 0.111111 0.841270 0.114695 0.844444 0.125448 0.853968 0.132616 0.860317 0.132616 0.863492 0.129032 0.869841 0.129032 0.873016 0.125448 0.873016 0.107527 0.863492 0.100358
0 0.307937 0.107527 0.301587 0.114695 0.298413 0.114695 0.298413 0.132616 0.301587 0.136201 0.301587 0.139785 0.304762 0.139785 0.307937 0.143369 0.317460 0.143369 0.317460 0.139785 0.323810 0.132616 0.323810 0.125448 0.326984 0.121864 0.326984 0.114695 0.320635 0.107527
0 0.787302 0.114695 0.787302 0.118280 0.800000 0.132616 0.819048 0.132616 0.822222 0.129032 0.825397 0.129032 0.825397 0.118280 0.822222 0.114695 0.815873 0.114695 0.812698 0.118280 0.809524 0.114695 0.796825 0.114695 0.793651 0.111111 0.790476 0.111111
0 0.752381 0.118280 0.736508 0.125448 0.723810 0.139785 0.720635 0.139785 0.720635 0.143369 0.717460 0.146953 0.717460 0.164875 0.723810 0.172043 0.733333 0.172043 0.746032 0.157706 0.746032 0.154122 0.752381 0.143369 0.752381 0.132616 0.755556 0.129032 0.755556 0.121864
0 0.222222 0.121864 0.212698 0.121864 0.212698 0.125448 0.209524 0.129032 0.209524 0.132616 0.203175 0.139785 0.203175 0.150538 0.206349 0.154122 0.206349 0.157706 0.212698 0.157706 0.219048 0.150538 0.219048 0.146953 0.222222 0.143369
0 0.530159 0.139785 0.530159 0.143369 0.536508 0.150538 0.546032 0.150538 0.549206 0.146953 0.552381 0.146953 0.555556 0.143369 0.555556 0.132616 0.552381 0.129032 0.539683 0.129032 0.536508 0.132616 0.533333 0.132616 0.533333 0.136201
0 0.641270 0.136201 0.634921 0.143369 0.638095 0.146953 0.638095 0.157706 0.641270 0.161290 0.653968 0.161290 0.657143 0.157706 0.657143 0.154122 0.660317 0.150538 0.660317 0.146953 0.650794 0.136201
0 0.768254 0.136201 0.761905 0.143369 0.761905 0.161290 0.765079 0.164875 0.774603 0.164875 0.777778 0.161290 0.780952 0.161290 0.784127 0.157706 0.784127 0.154122 0.787302 0.150538 0.787302 0.146953 0.777778 0.136201
0 0.987302 0.136201 0.977778 0.136201 0.974603 0.139785 0.965079 0.143369 0.961905 0.146953 0.958730 0.157706 0.965079 0.164875 0.968254 0.164875 0.971429 0.168459 0.984127 0.168459 0.993651 0.157706 0.993651 0.143369
0 0.863492 0.164875 0.853968 0.164875 0.850794 0.168459 0.847619 0.168459 0.841270 0.175627 0.838095 0.175627 0.838095 0.179211 0.847619 0.189964 0.853968 0.189964 0.857143 0.193548 0.860317 0.189964 0.863492 0.189964 0.869841 0.179211 0.869841 0.172043
0 0.285714 0.172043 0.282540 0.175627 0.282540 0.179211 0.279365 0.182796 0.279365 0.189964 0.282540 0.193548 0.282540 0.197133 0.288889 0.197133 0.292063 0.193548 0.298413 0.193548 0.301587 0.189964 0.301587 0.182796 0.298413 0.179211 0.295238 0.179211 0.292063 0.175627 0.288889 0.175627
0 0.542857 0.172043 0.539683 0.175627 0.539683 0.182796 0.542857 0.186380 0.542857 0.189964 0.549206 0.197133 0.558730 0.197133 0.561905 0.193548 0.561905 0.182796 0.558730 0.179211 0.558730 0.175627 0.555556 0.172043
0 0.755556 0.182796 0.755556 0.193548 0.761905 0.200717 0.768254 0.193548 0.768254 0.189964 0.765079 0.186380 0.761905 0.186380 0.758730 0.182796
0 0.812698 0.193548 0.796825 0.193548 0.793651 0.197133 0.793651 0.200717 0.790476 0.204301 0.790476 0.215054 0.793651 0.218638 0.800000 0.218638 0.803175 0.222222 0.806349 0.218638 0.809524 0.218638 0.812698 0.215054 0.812698 0.211470 0.815873 0.207885 0.815873 0.197133
0 0.946032 0.200717 0.942857 0.197133 0.939683 0.197133 0.936508 0.193548 0.933333 0.197133 0.930159 0.197133 0.926984 0.200717 0.923810 0.200717 0.923810 0.204301 0.920635 0.207885 0.920635 0.218638 0.923810 0.218638 0.926984 0.222222 0.936508 0.222222 0.942857 0.215054 0.942857 0.211470 0.946032 0.207885
0 0.520635 0.204301 0.520635 0.218638 0.530159 0.229391 0.536508 0.229391 0.542857 0.222222 0.542857 0.215054 0.539683 0.211470 0.539683 0.204301 0.536508 0.204301 0.533333 0.200717 0.526984 0.200717 0.523810 0.204301
0 0.730159 0.200717 0.726984 0.204301 0.726984 0.218638 0.730159 0.222222 0.739683 0.222222 0.746032 0.215054 0.746032 0.207885 0.739683 0.200717
0 0.673016 0.211470 0.673016 0.215054 0.669841 0.218638 0.669841 0.222222 0.666667 0.225806 0.666667 0.229391 0.669841 0.232975 0.669841 0.236559 0.679365 0.236559 0.685714 0.229391 0.685714 0.215054 0.682540 0.211470
0 0.834921 0.211470 0.828571 0.218638 0.828571 0.222222 0.825397 0.225806 0.825397 0.229391 0.831746 0.240143 0.847619 0.240143 0.853968 0.232975 0.853968 0.218638 0.847619 0.211470
0 0.288889 0.243728 0.288889 0.250896 0.292063 0.254480 0.292063 0.258065 0.314286 0.272401 0.317460 0.272401 0.320635 0.268817 0.326984 0.268817 0.330159 0.265233 0.330159 0.258065 0.323810 0.250896 0.323810 0.247312 0.317460 0.240143 0.314286 0.240143 0.311111 0.236559 0.301587 0.236559 0.298413 0.240143
0 0.628571 0.240143 0.625397 0.243728 0.622222 0.243728 0.622222 0.258065 0.628571 0.265233 0.634921 0.265233 0.641270 0.258065 0.641270 0.254480 0.638095 0.250896 0.638095 0.247312 0.634921 0.243728 0.631746 0.243728
0 0.965079 0.247312 0.958730 0.254480 0.958730 0.261649 0.961905 0.265233 0.961905 0.268817 0.968254 0.275986 0.974603 0.275986 0.980952 0.268817 0.980952 0.250896 0.977778 0.247312
0 0.768254 0.258065 0.765079 0.261649 0.765079 0.272401 0.774603 0.283154 0.787302 0.283154 0.787302 0.279570 0.790476 0.275986 0.790476 0.261649 0.784127 0.254480 0.774603 0.254480 0.771429 0.258065
0 0.342857 0.265233 0.342857 0.272401 0.346032 0.275986 0.346032 0.283154 0.352381 0.290323 0.368254 0.290323 0.371429 0.286738 0.374603 0.286738 0.380952 0.279570 0.377778 0.268817 0.374603 0.268817 0.368254 0.261649 0.365079 0.261649 0.361905 0.258065 0.349206 0.258065
0 0.993651 0.272401 0.993651 0.275986 0.987302 0.283154 0.987302 0.286738 0.984127 0.290323 0.984127 0.293907 0.987302 0.297491 0.990476 0.297491 0.993651 0.301075 0.993651 0.297491 0.996825 0.293907 0.996825 0.290323 0.993651 0.286738 0.996825 0.283154 0.996825 0.275986
0 0.650794 0.275986 0.644444 0.283154 0.644444 0.301075 0.647619 0.301075 0.650794 0.304659 0.663492 0.304659 0.669841 0.297491 0.669841 0.293907 0.673016 0.290323 0.673016 0.283154 0.666667 0.275986
0 0.561905 0.301075 0.558730 0.304659 0.558730 0.315412 0.574603 0.333333 0.590476 0.344086 0.600000 0.354839 0.606349 0.369176 0.612698 0.365591 0.622222 0.372760 0.615873 0.362007 0.615873 0.336918 0.609524 0.329749 0.606349 0.318996 0.587302 0.304659
0 0.400000 0.304659 0.387302 0.304659 0.377778 0.311828 0.377778 0.329749 0.380952 0.333333 0.390476 0.333333 0.396825 0.326165 0.400000 0.326165 0.400000 0.322581 0.403175 0.318996 0.403175 0.308244
0 0.974603 0.318996 0.968254 0.329749 0.971429 0.333333 0.971429 0.336918 0.977778 0.344086 0.993651 0.344086 0.993651 0.318996 0.990476 0.318996 0.987302 0.315412 0.980952 0.315412 0.977778 0.318996
0 0.892063 0.326165 0.882540 0.336918 0.882540 0.351254 0.888889 0.358423 0.901587 0.358423 0.904762 0.354839 0.907937 0.354839 0.907937 0.351254 0.914286 0.344086 0.914286 0.333333 0.907937 0.326165
0 0.092063 0.333333 0.092063 0.369176 0.123810 0.444444 0.126984 0.440860 0.126984 0.415771 0.120635 0.394265 0.120635 0.376344 0.092063 0.340502
0 0.936508 0.362007 0.933333 0.358423 0.923810 0.358423 0.920635 0.362007 0.898413 0.372760 0.892063 0.379928 0.892063 0.387097 0.901587 0.394265 0.904762 0.394265 0.907937 0.390681 0.920635 0.390681 0.936508 0.376344
0 0.749206 0.362007 0.739683 0.362007 0.730159 0.372760 0.730159 0.387097 0.736508 0.394265 0.742857 0.394265 0.749206 0.387097 0.749206 0.383513 0.752381 0.379928 0.752381 0.365591
0 0.949206 0.390681 0.942857 0.397849 0.942857 0.401434 0.939683 0.405018 0.946032 0.412186 0.949206 0.412186 0.952381 0.415771 0.958730 0.415771 0.961905 0.412186 0.961905 0.408602 0.955556 0.401434 0.958730 0.397849 0.958730 0.390681
0 0.774603 0.401434 0.765079 0.401434 0.758730 0.408602 0.758730 0.415771 0.761905 0.419355 0.765079 0.419355 0.768254 0.422939 0.771429 0.419355 0.774603 0.419355 0.777778 0.415771 0.777778 0.408602 0.774603 0.405018
0 0.501587 0.412186 0.488889 0.426523 0.488889 0.437276 0.492063 0.440860 0.492063 0.444444 0.495238 0.444444 0.498413 0.448029 0.511111 0.448029 0.520635 0.437276 0.520635 0.422939 0.514286 0.415771 0.511111 0.415771 0.507937 0.412186
0 0.660317 0.426523 0.660317 0.430108 0.663492 0.433692 0.663492 0.437276 0.679365 0.455197 0.685714 0.455197 0.688889 0.451613 0.688889 0.440860 0.682540 0.433692 0.679365 0.433692 0.676190 0.430108 0.673016 0.430108 0.669841 0.426523
0 0.873016 0.444444 0.869841 0.448029 0.869841 0.465950 0.873016 0.469534 0.876190 0.480287 0.885714 0.491039 0.888889 0.491039 0.892063 0.494624 0.898413 0.494624 0.904762 0.483871 0.901587 0.465950 0.885714 0.444444
0 0.984127 0.444444 0.984127 0.448029 0.980952 0.451613 0.980952 0.458781 0.984127 0.462366 0.984127 0.473118 0.993651 0.483871 0.993651 0.458781 0.996825 0.455197 0.996825 0.451613 0.993651 0.448029 0.993651 0.444444
0 0.765079 0.455197 0.761905 0.458781 0.761905 0.473118 0.765079 0.476703 0.765079 0.480287 0.768254 0.483871 0.777778 0.483871 0.777778 0.480287 0.780952 0.476703 0.780952 0.462366 0.774603 0.455197
0 0.920635 0.455197 0.917460 0.458781 0.917460 0.483871 0.923810 0.491039 0.933333 0.491039 0.939683 0.483871 0.939683 0.462366 0.933333 0.455197
0 0.158730 0.458781 0.155556 0.462366 0.155556 0.483871 0.158730 0.487455 0.158730 0.494624 0.165079 0.505376 0.165079 0.512545 0.171429 0.526882 0.177778 0.526882 0.180952 0.523297 0.180952 0.505376 0.177778 0.501792 0.177778 0.480287 0.171429 0.465950 0.165079 0.458781
0 0.717460 0.458781 0.707937 0.469534 0.726984 0.491039 0.736508 0.494624 0.739683 0.491039 0.739683 0.473118 0.736508 0.476703 0.730159 0.476703 0.726984 0.473118 0.733333 0.465950 0.730159 0.462366 0.730159 0.458781
0 0.790476 0.487455 0.784127 0.498208 0.784127 0.505376 0.787302 0.508961 0.787302 0.512545 0.790476 0.516129 0.806349 0.516129 0.809524 0.512545 0.809524 0.498208 0.806349 0.494624 0.806349 0.491039 0.803175 0.487455
0 0.926984 0.523297 0.923810 0.526882 0.923810 0.534050 0.920635 0.537634 0.920635 0.541219 0.923810 0.544803 0.923810 0.551971 0.926984 0.555556 0.939683 0.555556 0.946032 0.548387 0.946032 0.541219 0.949206 0.537634 0.949206 0.534050 0.946032 0.530466 0.946032 0.526882 0.942857 0.526882 0.939683 0.523297
0 0.812698 0.537634 0.803175 0.548387 0.803175 0.559140 0.806349 0.562724 0.806349 0.569892 0.809524 0.573477 0.822222 0.573477 0.828571 0.566308 0.828571 0.548387 0.822222 0.537634
0 0.326984 0.573477 0.326984 0.594982 0.330159 0.598566 0.330159 0.609319 0.339683 0.620072 0.342857 0.620072 0.352381 0.609319 0.352381 0.602151 0.355556 0.598566 0.355556 0.591398 0.352381 0.587814 0.352381 0.584229 0.349206 0.580645 0.346032 0.580645 0.339683 0.573477
0 0.895238 0.616487 0.888889 0.623656 0.888889 0.627240 0.885714 0.630824 0.885714 0.645161 0.895238 0.655914 0.901587 0.655914 0.911111 0.648746 0.911111 0.641577 0.914286 0.637993 0.914286 0.630824 0.911111 0.627240 0.911111 0.623656 0.904762 0.616487
0 0.209524 0.641577 0.206349 0.645161 0.206349 0.655914 0.203175 0.659498 0.206349 0.684588 0.209524 0.691756 0.222222 0.706093 0.228571 0.706093 0.234921 0.698925 0.234921 0.691756 0.231746 0.688172 0.228571 0.670251 0.219048 0.648746 0.212698 0.641577
0 0.888889 0.673835 0.885714 0.677419 0.885714 0.684588 0.888889 0.688172 0.885714 0.691756 0.892063 0.698925 0.898413 0.698925 0.904762 0.691756 0.904762 0.677419 0.901587 0.673835
0 0.339683 0.698925 0.339683 0.706093 0.361905 0.749104 0.377778 0.763441 0.390476 0.763441 0.393651 0.756272 0.387302 0.745520 0.387302 0.738351 0.374603 0.724014 0.374603 0.720430 0.358730 0.706093 0.352381 0.706093 0.346032 0.698925
0 0.914286 0.702509 0.914286 0.706093 0.917460 0.709677 0.920635 0.709677 0.926984 0.716846 0.936508 0.716846 0.933333 0.713262 0.933333 0.706093 0.930159 0.702509 0.923810 0.702509 0.920635 0.698925 0.917460 0.702509
0 0.765079 0.749104 0.765079 0.752688 0.758730 0.763441 0.761905 0.767025 0.761905 0.774194 0.771429 0.784946 0.780952 0.784946 0.784127 0.781362 0.787302 0.781362 0.787302 0.777778 0.790476 0.774194 0.787302 0.763441 0.774603 0.749104
0 0.238095 0.763441 0.231746 0.770609 0.231746 0.777778 0.228571 0.781362 0.228571 0.784946 0.231746 0.788530 0.231746 0.795699 0.241270 0.806452 0.253968 0.806452 0.257143 0.802867 0.263492 0.802867 0.269841 0.795699 0.269841 0.781362 0.266667 0.777778 0.263492 0.767025 0.253968 0.759857 0.244444 0.759857 0.241270 0.763441
0 0.730159 0.763441 0.720635 0.763441 0.717460 0.767025 0.714286 0.767025 0.707937 0.774194 0.707937 0.788530 0.714286 0.795699 0.726984 0.795699 0.730159 0.792115 0.730159 0.788530 0.736508 0.777778 0.736508 0.770609
0 0.885714 0.802867 0.882540 0.806452 0.882540 0.820789 0.888889 0.835125 0.888889 0.849462 0.892063 0.853047 0.892063 0.860215 0.898413 0.867384 0.898413 0.878136 0.901587 0.878136 0.904762 0.870968 0.904762 0.860215 0.907937 0.856631 0.907937 0.845878 0.911111 0.842294 0.911111 0.813620 0.904762 0.806452 0.904762 0.802867
0 0.352381 0.824373 0.352381 0.835125 0.355556 0.838710 0.355556 0.842294 0.361905 0.849462 0.365079 0.849462 0.368254 0.853047 0.377778 0.853047 0.380952 0.849462 0.387302 0.849462 0.396825 0.842294 0.396825 0.835125 0.393651 0.831541 0.393651 0.827957 0.390476 0.827957 0.387302 0.824373 0.377778 0.824373 0.374603 0.820789 0.355556 0.820789
0 0.752381 0.824373 0.749206 0.824373 0.746032 0.827957 0.746032 0.831541 0.739683 0.838710 0.739683 0.842294 0.736508 0.845878 0.736508 0.856631 0.746032 0.863799 0.749206 0.860215 0.752381 0.860215 0.752381 0.856631 0.755556 0.853047 0.755556 0.845878 0.758730 0.842294 0.758730 0.831541
0 0.219048 0.870968 0.212698 0.878136 0.212698 0.888889 0.215873 0.892473 0.215873 0.896057 0.222222 0.903226 0.225397 0.903226 0.228571 0.906810 0.231746 0.906810 0.238095 0.896057 0.238095 0.881720 0.228571 0.870968
0 0.130159 0.885305 0.133333 0.888889 0.133333 0.892473 0.136508 0.896057 0.139683 0.896057 0.146032 0.903226 0.152381 0.903226 0.155556 0.906810 0.158730 0.906810 0.161905 0.903226 0.161905 0.896057 0.149206 0.881720 0.146032 0.881720 0.142857 0.878136 0.136508 0.878136
0 0.450794 0.928315 0.450794 0.931900 0.460317 0.942652 0.460317 0.946237 0.463492 0.946237 0.479365 0.964158 0.488889 0.964158 0.492063 0.960573 0.492063 0.956989 0.495238 0.953405 0.492063 0.949821 0.492063 0.942652 0.479365 0.928315 0.476190 0.928315 0.473016 0.924731 0.453968 0.924731
0 0.847619 0.928315 0.841270 0.928315 0.838095 0.924731 0.834921 0.928315 0.831746 0.928315 0.831746 0.931900 0.825397 0.939068 0.825397 0.949821 0.828571 0.953405 0.828571 0.956989 0.834921 0.956989 0.847619 0.942652
0 0.904762 0.953405 0.895238 0.956989 0.888889 0.964158 0.885714 0.964158 0.882540 0.967742 0.882540 0.971326 0.879365 0.974910 0.879365 0.989247 0.885714 0.996416 0.904762 0.996416 0.907937 0.992832 0.907937 0.974910 0.911111 0.971326 0.911111 0.964158
