0 0.219048 0.003597 0.215873 0.000000 0.212698 0.000000 0.209524 0.003597 0.196825 0.003597 0.193651 0.007194 0.193651 0.017986 0.196825 0.021583 0.206349 0.021583 0.215873 0.010791 0.215873 0.007194
0 0.263492 0.003597 0.260317 0.007194 0.266667 0.017986 0.266667 0.064748 0.269841 0.064748 0.269841 0.050360 0.273016 0.046763 0.273016 0.043165 0.269841 0.039568 0.269841 0.007194 0.266667 0.003597
0 0.311111 0.003597 0.301587 0.003597 0.298413 0.007194 0.301587 0.010791 0.301587 0.014388 0.304762 0.017986 0.307937 0.014388 0.307937 0.010791 0.311111 0.007194
0 0.473016 0.003597 0.453968 0.003597 0.453968 0.014388 0.457143 0.017986 0.457143 0.021583 0.460317 0.025180 0.463492 0.025180 0.466667 0.021583 0.466667 0.017986 0.473016 0.010791
0 0.603175 0.003597 0.593651 0.010791 0.593651 0.025180 0.600000 0.032374 0.603175 0.032374 0.606349 0.035971 0.612698 0.035971 0.615873 0.032374 0.619048 0.032374 0.619048 0.017986 0.615873 0.014388 0.615873 0.010791 0.612698 0.010791
0 0.514286 0.010791 0.514286 0.014388 0.511111 0.017986 0.511111 0.021583 0.514286 0.025180 0.514286 0.032374 0.517460 0.035971 0.530159 0.035971 0.536508 0.028777 0.536508 0.017986 0.530159 0.010791
0 0.561905 0.010791 0.558730 0.014388 0.558730 0.032374 0.565079 0.039568 0.568254 0.039568 0.571429 0.043165 0.577778 0.043165 0.580952 0.039568 0.580952 0.032374 0.577778 0.028777 0.577778 0.025180 0.574603 0.021583 0.574603 0.017986 0.568254 0.010791
0 0.234921 0.017986 0.234921 0.021583 0.228571 0.032374 0.228571 0.046763 0.231746 0.050360 0.231746 0.057554 0.238095 0.064748 0.238095 0.068345 0.241270 0.068345 0.244444 0.071942 0.250794 0.071942 0.253968 0.068345 0.253968 0.035971 0.244444 0.017986
0 0.485714 0.025180 0.482540 0.028777 0.482540 0.043165 0.485714 0.046763 0.485714 0.050360 0.501587 0.050360 0.501587 0.043165 0.504762 0.039568 0.501587 0.035971 0.501587 0.032374 0.498413 0.028777 0.498413 0.025180
0 0.647619 0.028777 0.641270 0.035971 0.641270 0.039568 0.644444 0.043165 0.644444 0.046763 0.647619 0.050360 0.650794 0.050360 0.653968 0.053957 0.663492 0.053957 0.666667 0.050360 0.666667 0.039568 0.660317 0.032374 0.657143 0.032374 0.653968 0.028777
0 0.822222 0.028777 0.822222 0.043165 0.825397 0.046763 0.828571 0.046763 0.831746 0.050360 0.841270 0.053957 0.850794 0.064748 0.850794 0.068345 0.850794 0.064748 0.853968 0.061151 0.853968 0.050360 0.847619 0.043165 0.838095 0.039568 0.828571 0.028777
0 0.111111 0.039568 0.104762 0.046763 0.104762 0.050360 0.101587 0.053957 0.101587 0.061151 0.104762 0.064748 0.104762 0.068345 0.107937 0.071942 0.111111 0.071942 0.114286 0.075540 0.117460 0.075540 0.120635 0.071942 0.120635 0.068345 0.123810 0.064748 0.123810 0.057554 0.120635 0.053957 0.120635 0.050360 0.117460 0.046763 0.117460 0.043165 0.114286 0.043165
0 0.314286 0.046763 0.311111 0.050360 0.311111 0.061151 0.314286 0.064748 0.314286 0.068345 0.320635 0.068345 0.323810 0.064748 0.326984 0.064748 0.330159 0.061151 0.330159 0.053957 0.326984 0.053957 0.323810 0.050360 0.320635 0.050360 0.317460 0.046763
0 0.466667 0.046763 0.460317 0.053957 0.460317 0.068345 0.463492 0.071942 0.463492 0.075540 0.466667 0.075540 0.469841 0.079137 0.479365 0.079137 0.482540 0.075540 0.485714 0.075540 0.485714 0.071942 0.488889 0.068345 0.485714 0.064748 0.485714 0.061151 0.482540 0.057554 0.482540 0.053957 0.479365 0.053957 0.476190 0.050360 0.473016 0.050360 0.469841 0.046763
0 0.552381 0.046763 0.546032 0.053957 0.546032 0.068345 0.549206 0.071942 0.549206 0.075540 0.561905 0.075540 0.565079 0.071942 0.568254 0.071942 0.568254 0.057554 0.561905 0.050360 0.558730 0.050360 0.555556 0.046763
0 0.530159 0.053957 0.526984 0.050360 0.520635 0.050360 0.507937 0.064748 0.504762 0.064748 0.504762 0.075540 0.507937 0.075540 0.514286 0.068345 0.517460 0.068345 0.520635 0.064748 0.526984 0.064748 0.530159 0.061151
0 0.174603 0.068345 0.171429 0.068345 0.165079 0.075540 0.165079 0.086331 0.168254 0.089928 0.174603 0.089928 0.180952 0.082734 0.180952 0.075540
0 0.939683 0.075540 0.939683 0.097122 0.942857 0.100719 0.942857 0.104317 0.946032 0.104317 0.949206 0.107914 0.958730 0.107914 0.965079 0.100719 0.965079 0.086331 0.955556 0.075540 0.952381 0.075540 0.949206 0.071942 0.946032 0.071942 0.942857 0.075540
0 0.333333 0.075540 0.330159 0.079137 0.330159 0.082734 0.326984 0.086331 0.326984 0.089928 0.330159 0.093525 0.330159 0.097122 0.336508 0.104317 0.346032 0.104317 0.349206 0.100719 0.349206 0.079137 0.346032 0.075540
0 0.520635 0.082734 0.517460 0.086331 0.517460 0.107914 0.539683 0.107914 0.542857 0.104317 0.542857 0.089928 0.536508 0.082734
0 0.117460 0.086331 0.111111 0.093525 0.111111 0.104317 0.107937 0.107914 0.107937 0.118705 0.111111 0.122302 0.114286 0.122302 0.117460 0.118705 0.117460 0.115108 0.120635 0.111511 0.120635 0.089928
0 0.714286 0.086331 0.711111 0.089928 0.711111 0.107914 0.717460 0.115108 0.730159 0.115108 0.730159 0.111511 0.733333 0.107914 0.733333 0.093525 0.726984 0.086331
0 0.374603 0.089928 0.365079 0.104317 0.368254 0.107914 0.368254 0.118705 0.374603 0.125899 0.380952 0.143885 0.390476 0.147482 0.393651 0.143885 0.393651 0.125899 0.390476 0.122302 0.390476 0.111511 0.387302 0.107914 0.387302 0.097122 0.380952 0.089928
0 0.460317 0.089928 0.457143 0.093525 0.457143 0.097122 0.460317 0.100719 0.460317 0.104317 0.463492 0.107914 0.463492 0.111511 0.466667 0.115108 0.466667 0.118705 0.476190 0.125899 0.482540 0.125899 0.485714 0.122302 0.485714 0.111511 0.482540 0.107914 0.482540 0.104317 0.473016 0.093525 0.469841 0.093525 0.466667 0.089928
0 0.679365 0.089928 0.673016 0.097122 0.673016 0.100719 0.669841 0.104317 0.669841 0.118705 0.676190 0.125899 0.685714 0.125899 0.692063 0.118705 0.692063 0.097122 0.685714 0.089928
0 0.644444 0.093525 0.644444 0.097122 0.641270 0.100719 0.641270 0.115108 0.644444 0.118705 0.644444 0.122302 0.647619 0.125899 0.653968 0.125899 0.657143 0.122302 0.657143 0.111511 0.660317 0.107914 0.660317 0.100719 0.657143 0.097122 0.657143 0.093525
0 0.749206 0.104317 0.746032 0.107914 0.746032 0.125899 0.752381 0.133094 0.758730 0.133094 0.765079 0.125899 0.765079 0.111511 0.758730 0.104317
0 0.507937 0.111511 0.504762 0.111511 0.501587 0.115108 0.501587 0.136691 0.498413 0.140288 0.501587 0.143885 0.501587 0.147482 0.507937 0.147482 0.511111 0.143885 0.514286 0.143885 0.514286 0.122302 0.507937 0.115108
0 0.615873 0.111511 0.615873 0.129496 0.619048 0.133094 0.619048 0.136691 0.634921 0.136691 0.634921 0.125899 0.628571 0.118705 0.628571 0.115108 0.625397 0.111511
0 0.568254 0.115108 0.561905 0.115108 0.558730 0.118705 0.552381 0.118705 0.546032 0.125899 0.546032 0.129496 0.542857 0.133094 0.546032 0.136691 0.546032 0.140288 0.561905 0.154676 0.565079 0.154676 0.571429 0.147482 0.571429 0.140288 0.574603 0.136691 0.574603 0.125899
0 0.980952 0.118705 0.980952 0.125899 0.987302 0.133094 0.987302 0.140288 0.993651 0.147482 0.993651 0.151079 0.993651 0.122302 0.990476 0.122302 0.987302 0.118705
0 0.136508 0.133094 0.133333 0.136691 0.130159 0.136691 0.120635 0.147482 0.120635 0.151079 0.117460 0.154676 0.117460 0.165468 0.123810 0.172662 0.126984 0.172662 0.133333 0.161871 0.133333 0.154676 0.136508 0.151079 0.136508 0.143885 0.139683 0.140288 0.139683 0.136691
0 0.714286 0.133094 0.707937 0.140288 0.711111 0.143885 0.711111 0.151079 0.720635 0.161871 0.720635 0.165468 0.723810 0.165468 0.726984 0.169065 0.736508 0.169065 0.736508 0.151079 0.733333 0.147482 0.733333 0.143885 0.726984 0.136691 0.723810 0.136691 0.720635 0.133094
0 0.780952 0.133094 0.771429 0.143885 0.771429 0.154676 0.780952 0.165468 0.790476 0.165468 0.796825 0.154676 0.796825 0.147482 0.793651 0.143885 0.793651 0.136691 0.790476 0.136691 0.787302 0.133094
0 0.203175 0.136691 0.200000 0.140288 0.200000 0.143885 0.196825 0.147482 0.196825 0.154676 0.200000 0.158273 0.203175 0.158273 0.206349 0.161871 0.209524 0.158273 0.212698 0.158273 0.212698 0.143885 0.206349 0.136691
0 0.587302 0.140288 0.580952 0.151079 0.580952 0.158273 0.587302 0.165468 0.606349 0.165468 0.612698 0.158273 0.612698 0.151079 0.606349 0.140288 0.603175 0.140288 0.600000 0.136691 0.593651 0.136691 0.590476 0.140288
0 0.314286 0.140288 0.314286 0.158273 0.320635 0.165468 0.326984 0.165468 0.333333 0.158273 0.333333 0.154676 0.336508 0.151079 0.333333 0.147482 0.333333 0.143885 0.330159 0.140288
0 0.431746 0.151079 0.431746 0.154676 0.428571 0.158273 0.428571 0.169065 0.431746 0.172662 0.431746 0.179856 0.438095 0.187050 0.447619 0.187050 0.447619 0.183453 0.450794 0.179856 0.450794 0.161871 0.441270 0.151079
0 0.984127 0.154676 0.977778 0.154676 0.974603 0.158273 0.974603 0.176259 0.977778 0.179856 0.980952 0.176259 0.984127 0.176259 0.987302 0.172662 0.987302 0.169065 0.990476 0.165468 0.987302 0.161871 0.987302 0.158273
0 0.190476 0.161871 0.187302 0.158273 0.184127 0.158273 0.180952 0.161871 0.177778 0.161871 0.174603 0.165468 0.171429 0.165468 0.168254 0.169065 0.168254 0.176259 0.171429 0.176259 0.177778 0.169065 0.190476 0.169065
0 0.695238 0.158273 0.685714 0.169065 0.685714 0.179856 0.688889 0.183453 0.688889 0.187050 0.698413 0.194245 0.707937 0.187050 0.707937 0.183453 0.711111 0.179856 0.711111 0.176259 0.707937 0.172662 0.707937 0.169065 0.701587 0.161871 0.698413 0.161871
0 0.653968 0.169065 0.650794 0.172662 0.650794 0.176259 0.647619 0.179856 0.647619 0.190647 0.650794 0.194245 0.653968 0.194245 0.657143 0.197842 0.663492 0.197842 0.666667 0.194245 0.669841 0.194245 0.673016 0.190647 0.673016 0.179856 0.669841 0.176259 0.669841 0.172662 0.666667 0.169065
0 0.603175 0.179856 0.603175 0.183453 0.600000 0.187050 0.603175 0.190647 0.603175 0.194245 0.609524 0.201439 0.625397 0.201439 0.631746 0.194245 0.631746 0.183453 0.628571 0.179856 0.628571 0.176259 0.609524 0.176259 0.606349 0.179856
0 0.815873 0.179856 0.815873 0.183453 0.812698 0.187050 0.812698 0.197842 0.815873 0.201439 0.815873 0.205036 0.831746 0.219424 0.838095 0.219424 0.838095 0.215827 0.841270 0.212230 0.838095 0.208633 0.838095 0.197842 0.834921 0.194245 0.834921 0.183453 0.828571 0.176259 0.822222 0.176259 0.819048 0.179856
0 0.180952 0.187050 0.177778 0.190647 0.177778 0.208633 0.180952 0.212230 0.180952 0.215827 0.190476 0.226619 0.190476 0.230216 0.196825 0.237410 0.203175 0.230216 0.203175 0.226619 0.206349 0.223022 0.206349 0.201439 0.203175 0.197842 0.203175 0.194245 0.196825 0.187050
0 0.520635 0.190647 0.517460 0.194245 0.517460 0.212230 0.520635 0.215827 0.520635 0.219424 0.523810 0.223022 0.539683 0.223022 0.546032 0.212230 0.546032 0.208633 0.542857 0.205036 0.542857 0.197842 0.533333 0.190647
0 0.936508 0.190647 0.936508 0.208633 0.946032 0.219424 0.949206 0.219424 0.952381 0.215827 0.952381 0.212230 0.949206 0.208633 0.949206 0.201439 0.946032 0.197842 0.946032 0.194245 0.942857 0.190647
0 0.253968 0.194245 0.250794 0.197842 0.250794 0.205036 0.253968 0.208633 0.253968 0.215827 0.257143 0.219424 0.257143 0.223022 0.260317 0.226619 0.260317 0.230216 0.263492 0.233813 0.266667 0.233813 0.266667 0.226619 0.263492 0.223022 0.263492 0.215827 0.260317 0.212230 0.260317 0.208633 0.257143 0.205036 0.257143 0.201439 0.253968 0.197842
0 0.473016 0.194245 0.466667 0.194245 0.463492 0.197842 0.457143 0.197842 0.453968 0.201439 0.453968 0.212230 0.463492 0.223022 0.469841 0.223022 0.476190 0.215827 0.476190 0.212230 0.479365 0.208633 0.479365 0.205036 0.476190 0.201439 0.476190 0.197842
0 0.384127 0.197842 0.384127 0.223022 0.387302 0.226619 0.387302 0.230216 0.393651 0.230216 0.393651 0.219424 0.390476 0.215827 0.390476 0.201439 0.387302 0.197842
0 0.682540 0.208633 0.682540 0.219424 0.688889 0.230216 0.695238 0.230216 0.698413 0.233813 0.701587 0.233813 0.704762 0.230216 0.714286 0.230216 0.717460 0.226619 0.717460 0.212230 0.711111 0.205036 0.707937 0.205036 0.698413 0.197842 0.688889 0.201439
0 0.574603 0.201439 0.571429 0.201439 0.568254 0.205036 0.561905 0.205036 0.558730 0.208633 0.558730 0.215827 0.555556 0.219424 0.555556 0.230216 0.558730 0.233813 0.571429 0.233813 0.574603 0.230216 0.574603 0.226619 0.580952 0.219424 0.580952 0.208633
0 0.876190 0.208633 0.866667 0.208633 0.863492 0.212230 0.860317 0.212230 0.853968 0.219424 0.853968 0.233813 0.860317 0.241007 0.866667 0.241007 0.876190 0.230216 0.876190 0.226619 0.879365 0.223022 0.879365 0.212230
0 0.644444 0.226619 0.638095 0.237410 0.638095 0.255396 0.644444 0.262590 0.653968 0.262590 0.660317 0.255396 0.660317 0.237410 0.650794 0.226619
0 0.815873 0.230216 0.815873 0.248201 0.825397 0.258993 0.834921 0.258993 0.838095 0.255396 0.838095 0.248201 0.834921 0.244604 0.834921 0.241007 0.825397 0.230216
0 0.958730 0.233813 0.958730 0.248201 0.961905 0.251799 0.974603 0.251799 0.980952 0.244604 0.980952 0.241007 0.974603 0.233813
0 0.501587 0.237410 0.495238 0.237410 0.488889 0.244604 0.485714 0.244604 0.485714 0.248201 0.482540 0.251799 0.482540 0.262590 0.485714 0.266187 0.485714 0.269784 0.492063 0.276978 0.495238 0.276978 0.498413 0.280576 0.501587 0.276978 0.507937 0.276978 0.514286 0.266187 0.514286 0.251799 0.511111 0.248201 0.511111 0.244604
0 0.539683 0.241007 0.539683 0.251799 0.542857 0.255396 0.542857 0.262590 0.549206 0.269784 0.549206 0.273381 0.555556 0.280576 0.558730 0.280576 0.561905 0.284173 0.561905 0.273381 0.558730 0.269784 0.558730 0.266187 0.555556 0.262590 0.555556 0.258993 0.549206 0.248201 0.549206 0.241007
0 0.580952 0.241007 0.577778 0.241007 0.574603 0.244604 0.571429 0.244604 0.571429 0.248201 0.568254 0.251799 0.568254 0.262590 0.574603 0.269784 0.580952 0.269784 0.584127 0.266187 0.587302 0.266187 0.590476 0.262590 0.590476 0.258993 0.593651 0.255396 0.590476 0.251799 0.590476 0.248201 0.587302 0.244604 0.584127 0.244604
0 0.885714 0.248201 0.882540 0.248201 0.879365 0.251799 0.869841 0.255396 0.860317 0.266187 0.860317 0.276978 0.863492 0.280576 0.866667 0.280576 0.869841 0.284173 0.873016 0.280576 0.879365 0.280576 0.888889 0.273381 0.888889 0.266187 0.892063 0.262590 0.892063 0.258993
0 0.923810 0.255396 0.920635 0.258993 0.920635 0.273381 0.930159 0.284173 0.939683 0.284173 0.942857 0.280576 0.942857 0.273381 0.939683 0.269784 0.939683 0.262590 0.933333 0.255396
0 0.415873 0.266187 0.409524 0.273381 0.409524 0.276978 0.422222 0.291367 0.431746 0.291367 0.431746 0.269784 0.428571 0.266187
0 0.457143 0.266187 0.450794 0.273381 0.450794 0.287770 0.453968 0.291367 0.453968 0.294964 0.460317 0.302158 0.466667 0.302158 0.469841 0.298561 0.469841 0.273381 0.466667 0.269784 0.466667 0.266187
0 0.777778 0.266187 0.774603 0.269784 0.774603 0.294964 0.777778 0.298561 0.777778 0.305755 0.784127 0.316547 0.793651 0.316547 0.803175 0.302158 0.806349 0.284173 0.803175 0.280576 0.803175 0.276978 0.793651 0.266187
0 0.682540 0.269784 0.676190 0.276978 0.676190 0.287770 0.679365 0.291367 0.679365 0.294964 0.685714 0.302158 0.698413 0.302158 0.698413 0.298561 0.701587 0.294964 0.701587 0.287770 0.698413 0.284173 0.698413 0.280576 0.692063 0.273381 0.688889 0.273381 0.685714 0.269784
0 0.625397 0.276978 0.619048 0.284173 0.619048 0.287770 0.615873 0.291367 0.615873 0.294964 0.619048 0.298561 0.619048 0.302158 0.625397 0.309353 0.634921 0.309353 0.638095 0.305755 0.638095 0.298561 0.641270 0.294964 0.641270 0.291367 0.638095 0.287770 0.638095 0.284173 0.631746 0.276978
0 0.720635 0.276978 0.714286 0.287770 0.714286 0.298561 0.717460 0.302158 0.717460 0.305755 0.723810 0.312950 0.730159 0.312950 0.736508 0.305755 0.736508 0.302158 0.739683 0.298561 0.739683 0.284173 0.733333 0.276978
0 0.593651 0.280576 0.590476 0.284173 0.587302 0.284173 0.584127 0.287770 0.584127 0.291367 0.580952 0.294964 0.580952 0.298561 0.584127 0.302158 0.584127 0.305755 0.590476 0.312950 0.600000 0.312950 0.603175 0.309353 0.603175 0.305755 0.606349 0.302158 0.606349 0.291367 0.596825 0.280576
0 0.666667 0.284173 0.660317 0.284173 0.657143 0.287770 0.657143 0.291367 0.653968 0.294964 0.653968 0.305755 0.660317 0.312950 0.663492 0.312950 0.669841 0.305755 0.669841 0.287770
0 0.898413 0.291367 0.898413 0.302158 0.907937 0.312950 0.917460 0.312950 0.917460 0.309353 0.920635 0.305755 0.917460 0.302158 0.917460 0.298561 0.914286 0.298561 0.904762 0.287770 0.901587 0.291367
0 0.536508 0.291367 0.533333 0.294964 0.533333 0.305755 0.542857 0.316547 0.552381 0.316547 0.552381 0.312950 0.558730 0.305755 0.558730 0.291367 0.555556 0.291367 0.552381 0.294964 0.549206 0.294964 0.546032 0.291367
0 0.488889 0.294964 0.485714 0.298561 0.485714 0.327338 0.492063 0.334532 0.498413 0.334532 0.498413 0.320144 0.501587 0.316547 0.501587 0.312950 0.498413 0.309353 0.498413 0.298561 0.495238 0.294964
0 0.853968 0.294964 0.841270 0.294964 0.841270 0.298561 0.838095 0.302158 0.838095 0.309353 0.834921 0.312950 0.834921 0.341727 0.838095 0.345324 0.844444 0.345324 0.847619 0.341727 0.850794 0.341727 0.860317 0.330935 0.860317 0.327338 0.863492 0.323741 0.860317 0.305755
0 0.387302 0.312950 0.384127 0.316547 0.387302 0.320144 0.387302 0.327338 0.390476 0.330935 0.390476 0.334532 0.393651 0.338129 0.396825 0.338129 0.396825 0.327338 0.393651 0.323741 0.393651 0.320144 0.390476 0.316547 0.390476 0.312950
0 0.806349 0.316547 0.800000 0.323741 0.800000 0.338129 0.809524 0.348921 0.819048 0.348921 0.819048 0.345324 0.822222 0.341727 0.822222 0.323741 0.815873 0.316547
0 0.704762 0.320144 0.698413 0.330935 0.698413 0.338129 0.695238 0.341727 0.695238 0.348921 0.701587 0.356115 0.714286 0.356115 0.720635 0.348921 0.720635 0.330935 0.717460 0.327338 0.717460 0.323741 0.714286 0.323741 0.711111 0.320144
0 0.885714 0.330935 0.885714 0.348921 0.892063 0.356115 0.901587 0.356115 0.904762 0.352518 0.907937 0.352518 0.907937 0.341727 0.904762 0.338129 0.904762 0.334532 0.901587 0.334532 0.898413 0.330935
0 0.577778 0.334532 0.574603 0.338129 0.571429 0.338129 0.571429 0.341727 0.568254 0.345324 0.571429 0.348921 0.571429 0.356115 0.580952 0.366906 0.584127 0.366906 0.593651 0.356115 0.593651 0.345324 0.590476 0.341727 0.590476 0.338129 0.587302 0.338129 0.584127 0.334532
0 0.507937 0.338129 0.492063 0.338129 0.492063 0.341727 0.485714 0.352518 0.485714 0.366906 0.488889 0.370504 0.498413 0.370504 0.511111 0.356115 0.511111 0.341727
0 0.746032 0.338129 0.739683 0.348921 0.739683 0.359712 0.736508 0.363309 0.739683 0.366906 0.739683 0.377698 0.746032 0.384892 0.761905 0.384892 0.765079 0.381295 0.774603 0.377698 0.774603 0.359712 0.771429 0.356115 0.768254 0.345324 0.765079 0.345324 0.758730 0.338129
0 0.434921 0.352518 0.431746 0.356115 0.431746 0.366906 0.438095 0.374101 0.447619 0.374101 0.450794 0.370504 0.450794 0.359712 0.444444 0.352518
0 0.361905 0.356115 0.355556 0.363309 0.355556 0.366906 0.358730 0.370504 0.358730 0.381295 0.371429 0.395683 0.374603 0.395683 0.377778 0.399281 0.384127 0.399281 0.387302 0.388489 0.384127 0.384892 0.384127 0.377698 0.380952 0.374101 0.380952 0.370504 0.368254 0.356115
0 0.609524 0.356115 0.606349 0.359712 0.606349 0.366906 0.603175 0.370504 0.603175 0.374101 0.606349 0.377698 0.606349 0.381295 0.622222 0.381295 0.628571 0.374101 0.628571 0.363309 0.622222 0.356115
0 0.663492 0.366906 0.663492 0.381295 0.669841 0.388489 0.673016 0.388489 0.676190 0.392086 0.688889 0.392086 0.692063 0.388489 0.692063 0.377698 0.685714 0.366906 0.682540 0.366906 0.679365 0.363309 0.673016 0.363309 0.669841 0.366906
0 0.857143 0.363309 0.838095 0.363309 0.834921 0.366906 0.828571 0.366906 0.819048 0.388489 0.819048 0.395683 0.828571 0.410072 0.847619 0.410072 0.860317 0.395683 0.863492 0.388489 0.863492 0.374101
0 0.282540 0.366906 0.279365 0.370504 0.279365 0.381295 0.276190 0.384892 0.276190 0.395683 0.279365 0.399281 0.288889 0.399281 0.292063 0.395683 0.295238 0.395683 0.298413 0.392086 0.298413 0.388489 0.295238 0.384892 0.295238 0.381295 0.292063 0.377698 0.292063 0.370504 0.288889 0.366906
0 0.917460 0.370504 0.911111 0.370504 0.904762 0.377698 0.904762 0.381295 0.901587 0.384892 0.901587 0.399281 0.904762 0.399281 0.907937 0.402878 0.911111 0.399281 0.914286 0.399281 0.920635 0.392086 0.920635 0.388489 0.923810 0.384892 0.923810 0.377698
0 0.422222 0.388489 0.419048 0.392086 0.419048 0.406475 0.422222 0.410072 0.422222 0.413669 0.428571 0.420863 0.441270 0.420863 0.447619 0.413669 0.447619 0.402878 0.444444 0.399281 0.444444 0.395683 0.441270 0.395683 0.438095 0.392086 0.431746 0.392086 0.428571 0.388489
0 0.495238 0.392086 0.492063 0.392086 0.488889 0.395683 0.488889 0.406475 0.495238 0.406475 0.495238 0.402878 0.498413 0.399281 0.498413 0.395683
0 0.774603 0.395683 0.765079 0.392086 0.761905 0.395683 0.758730 0.395683 0.752381 0.402878 0.752381 0.420863 0.755556 0.424460 0.755556 0.428058 0.765079 0.428058 0.768254 0.424460 0.774603 0.424460 0.777778 0.420863 0.777778 0.417266 0.780952 0.413669 0.780952 0.406475
0 0.466667 0.395683 0.466667 0.413669 0.469841 0.417266 0.469841 0.424460 0.473016 0.428058 0.473016 0.435252 0.476190 0.438849 0.482540 0.438849 0.482540 0.420863 0.476190 0.410072 0.476190 0.402878 0.469841 0.395683
0 0.523810 0.399281 0.511111 0.399281 0.511111 0.402878 0.501587 0.413669 0.501587 0.424460 0.507937 0.431655 0.511111 0.428058 0.517460 0.428058 0.523810 0.420863 0.523810 0.417266 0.526984 0.413669 0.526984 0.402878
0 0.926984 0.399281 0.923810 0.402878 0.923810 0.420863 0.930159 0.428058 0.939683 0.428058 0.942857 0.424460 0.942857 0.417266 0.946032 0.413669 0.946032 0.410072 0.942857 0.406475 0.942857 0.402878 0.939683 0.402878 0.936508 0.399281
0 0.663492 0.402878 0.660317 0.406475 0.660317 0.428058 0.669841 0.438849 0.676190 0.438849 0.679365 0.435252 0.679365 0.413669 0.669841 0.402878
0 0.701587 0.406475 0.698413 0.410072 0.698413 0.431655 0.704762 0.438849 0.714286 0.438849 0.720635 0.431655 0.720635 0.413669 0.714286 0.406475
0 0.590476 0.410072 0.584127 0.417266 0.584127 0.428058 0.587302 0.431655 0.587302 0.438849 0.596825 0.446043 0.603175 0.446043 0.603175 0.442446 0.606349 0.438849 0.606349 0.420863 0.603175 0.417266 0.603175 0.413669 0.600000 0.413669 0.596825 0.410072
0 0.866667 0.413669 0.860317 0.424460 0.860317 0.428058 0.863492 0.431655 0.863492 0.435252 0.866667 0.438849 0.873016 0.438849 0.876190 0.442446 0.879365 0.438849 0.882540 0.438849 0.882540 0.435252 0.888889 0.424460 0.885714 0.420863 0.885714 0.417266 0.882540 0.413669
0 0.393651 0.424460 0.390476 0.428058 0.390476 0.442446 0.393651 0.446043 0.400000 0.446043 0.403175 0.442446 0.403175 0.435252 0.400000 0.431655 0.400000 0.428058 0.396825 0.424460
0 0.323810 0.428058 0.323810 0.435252 0.320635 0.438849 0.323810 0.442446 0.323810 0.449640 0.326984 0.453237 0.330159 0.453237 0.330159 0.431655 0.326984 0.428058
0 0.638095 0.428058 0.638095 0.438849 0.634921 0.442446 0.634921 0.446043 0.631746 0.449640 0.628571 0.449640 0.631746 0.453237 0.631746 0.456835 0.628571 0.460432 0.638095 0.471223 0.653968 0.471223 0.660317 0.464029 0.660317 0.453237 0.657143 0.449640 0.657143 0.446043 0.647619 0.435252 0.647619 0.431655 0.644444 0.428058
0 0.955556 0.428058 0.946032 0.438849 0.946032 0.446043 0.952381 0.453237 0.955556 0.453237 0.958730 0.456835 0.961905 0.456835 0.965079 0.453237 0.965079 0.442446 0.961905 0.438849 0.961905 0.431655 0.958730 0.428058
0 0.803175 0.438849 0.803175 0.446043 0.809524 0.453237 0.812698 0.453237 0.815873 0.456835 0.825397 0.456835 0.831746 0.449640 0.831746 0.446043 0.828571 0.442446 0.828571 0.438849 0.825397 0.435252 0.822222 0.435252 0.819048 0.431655 0.812698 0.431655 0.809524 0.435252 0.806349 0.435252
0 0.120635 0.438849 0.117460 0.442446 0.117460 0.453237 0.114286 0.456835 0.114286 0.489209 0.123810 0.500000 0.130159 0.500000 0.133333 0.496403 0.133333 0.482014 0.130159 0.478417 0.130159 0.453237 0.126984 0.449640 0.126984 0.442446 0.123810 0.438849
0 0.450794 0.442446 0.447619 0.446043 0.447619 0.453237 0.444444 0.456835 0.444444 0.460432 0.450794 0.467626 0.457143 0.467626 0.463492 0.460432 0.463492 0.456835 0.466667 0.453237 0.463492 0.449640 0.463492 0.446043 0.460317 0.442446
0 0.517460 0.442446 0.514286 0.446043 0.514286 0.456835 0.517460 0.460432 0.517460 0.464029 0.520635 0.467626 0.530159 0.467626 0.536508 0.460432 0.536508 0.453237 0.533333 0.449640 0.533333 0.446043 0.530159 0.442446
0 0.780952 0.442446 0.777778 0.446043 0.774603 0.446043 0.774603 0.460432 0.777778 0.464029 0.777778 0.467626 0.784127 0.474820 0.787302 0.474820 0.790476 0.471223 0.793651 0.471223 0.796825 0.467626 0.796825 0.460432 0.793651 0.456835 0.793651 0.453237 0.790476 0.449640 0.790476 0.446043 0.787302 0.442446
0 0.565079 0.446043 0.558730 0.453237 0.558730 0.471223 0.565079 0.482014 0.574603 0.482014 0.574603 0.478417 0.577778 0.474820 0.577778 0.467626 0.580952 0.464029 0.580952 0.456835 0.571429 0.446043
0 0.914286 0.453237 0.911111 0.456835 0.904762 0.456835 0.895238 0.467626 0.895238 0.482014 0.898413 0.485612 0.898413 0.489209 0.904762 0.496403 0.907937 0.496403 0.911111 0.500000 0.920635 0.500000 0.920635 0.467626 0.923810 0.464029 0.923810 0.460432 0.917460 0.453237
0 0.682540 0.460432 0.679365 0.464029 0.679365 0.478417 0.685714 0.485612 0.688889 0.485612 0.692063 0.489209 0.701587 0.489209 0.707937 0.482014 0.707937 0.471223 0.698413 0.460432
0 0.761905 0.460432 0.755556 0.460432 0.752381 0.464029 0.749206 0.464029 0.742857 0.471223 0.742857 0.474820 0.739683 0.478417 0.739683 0.492806 0.749206 0.500000 0.758730 0.496403 0.765079 0.485612 0.765079 0.467626 0.761905 0.464029
0 0.844444 0.460432 0.841270 0.460432 0.838095 0.464029 0.834921 0.464029 0.822222 0.478417 0.822222 0.482014 0.834921 0.496403 0.844444 0.496403 0.850794 0.489209 0.850794 0.467626
0 0.942857 0.464029 0.936508 0.471223 0.936508 0.489209 0.942857 0.500000 0.955556 0.500000 0.961905 0.492806 0.961905 0.489209 0.965079 0.485612 0.965079 0.478417 0.958730 0.467626 0.955556 0.467626 0.952381 0.464029
0 0.409524 0.478417 0.409524 0.482014 0.406349 0.485612 0.406349 0.489209 0.409524 0.492806 0.409524 0.514388 0.412698 0.517986 0.412698 0.521583 0.415873 0.521583 0.419048 0.517986 0.419048 0.496403 0.415873 0.492806 0.415873 0.485612
0 0.457143 0.478417 0.450794 0.478417 0.447619 0.482014 0.444444 0.482014 0.444444 0.500000 0.447619 0.503597 0.447619 0.507194 0.450794 0.510791 0.453968 0.510791 0.460317 0.503597 0.460317 0.500000 0.463492 0.496403 0.463492 0.485612
0 0.606349 0.482014 0.606349 0.485612 0.603175 0.489209 0.606349 0.492806 0.606349 0.496403 0.612698 0.503597 0.615873 0.503597 0.619048 0.507194 0.625397 0.507194 0.628571 0.510791 0.638095 0.510791 0.641270 0.507194 0.638095 0.503597 0.634921 0.492806 0.628571 0.485612 0.625397 0.485612 0.622222 0.482014
0 0.346032 0.485612 0.342857 0.485612 0.342857 0.496403 0.339683 0.500000 0.339683 0.517986 0.346032 0.510791
0 0.663492 0.485612 0.653968 0.492806 0.653968 0.507194 0.660317 0.514388 0.666667 0.514388 0.669841 0.517986 0.673016 0.514388 0.676190 0.514388 0.682540 0.507194 0.682540 0.500000 0.673016 0.489209 0.669841 0.489209 0.666667 0.485612
0 0.780952 0.500000 0.780952 0.507194 0.784127 0.510791 0.787302 0.510791 0.793651 0.517986 0.796825 0.517986 0.803175 0.525180 0.806349 0.525180 0.809524 0.528777 0.819048 0.528777 0.822222 0.525180 0.822222 0.514388 0.812698 0.503597 0.809524 0.503597 0.793651 0.492806 0.787302 0.492806
0 0.987302 0.496403 0.984127 0.500000 0.980952 0.500000 0.974603 0.507194 0.974603 0.510791 0.977778 0.514388 0.977778 0.521583 0.980952 0.525180 0.987302 0.525180 0.990476 0.521583 0.993651 0.521583 0.993651 0.500000 0.990476 0.500000
0 0.726984 0.500000 0.723810 0.503597 0.723810 0.514388 0.726984 0.517986 0.726984 0.521583 0.733333 0.528777 0.733333 0.532374 0.736508 0.535971 0.742857 0.528777 0.742857 0.510791 0.733333 0.500000
0 0.257143 0.507194 0.257143 0.510791 0.253968 0.514388 0.253968 0.521583 0.257143 0.525180 0.257143 0.532374 0.260317 0.535971 0.269841 0.535971 0.269841 0.514388 0.266667 0.510791 0.266667 0.507194
0 0.695238 0.521583 0.695238 0.525180 0.692063 0.528777 0.692063 0.535971 0.701587 0.546763 0.717460 0.546763 0.720635 0.543165 0.720635 0.528777 0.711111 0.517986 0.701587 0.517986 0.698413 0.521583
0 0.911111 0.517986 0.901587 0.517986 0.898413 0.521583 0.895238 0.521583 0.895238 0.535971 0.898413 0.539568 0.898413 0.543165 0.901587 0.543165 0.904762 0.546763 0.907937 0.543165 0.911111 0.543165 0.914286 0.539568 0.914286 0.535971 0.917460 0.532374 0.917460 0.528777 0.914286 0.525180 0.914286 0.521583
0 0.952381 0.521583 0.946032 0.528777 0.946032 0.539568 0.949206 0.543165 0.949206 0.546763 0.952381 0.546763 0.955556 0.550360 0.958730 0.550360 0.961905 0.546763 0.961905 0.543165 0.965079 0.539568 0.965079 0.532374 0.961905 0.528777 0.961905 0.525180 0.958730 0.521583
0 0.774603 0.525180 0.771429 0.528777 0.771429 0.535971 0.774603 0.539568 0.774603 0.546763 0.777778 0.546763 0.780952 0.550360 0.784127 0.550360 0.787302 0.546763 0.790476 0.546763 0.793651 0.543165 0.793651 0.539568 0.787302 0.532374 0.784127 0.532374 0.780952 0.528777 0.777778 0.528777
0 0.123810 0.528777 0.123810 0.532374 0.120635 0.535971 0.123810 0.539568 0.123810 0.561151 0.130159 0.568345 0.133333 0.568345 0.136508 0.564748 0.136508 0.557554 0.139683 0.553957 0.139683 0.535971 0.133333 0.528777
0 0.628571 0.528777 0.615873 0.528777 0.609524 0.535971 0.609524 0.550360 0.612698 0.553957 0.622222 0.553957 0.631746 0.543165 0.631746 0.535971 0.628571 0.532374
0 0.650794 0.535971 0.653968 0.546763 0.663492 0.557554 0.663492 0.568345 0.669841 0.568345 0.673016 0.564748 0.682540 0.564748 0.685714 0.561151 0.685714 0.550360 0.682540 0.550360 0.676190 0.543165 0.673016 0.543165 0.669841 0.539568 0.663492 0.539568 0.653968 0.532374
0 0.857143 0.532374 0.853968 0.535971 0.853968 0.557554 0.863492 0.568345 0.866667 0.568345 0.869841 0.564748 0.873016 0.564748 0.879365 0.557554 0.879365 0.550360 0.876190 0.546763 0.876190 0.543165 0.866667 0.532374
0 0.092063 0.539568 0.085714 0.546763 0.098413 0.579137 0.101587 0.604317 0.114286 0.633094 0.120635 0.636691 0.123810 0.633094 0.120635 0.589928 0.101587 0.539568
0 0.634921 0.543165 0.622222 0.557554 0.625397 0.561151 0.625397 0.571942 0.631746 0.579137 0.644444 0.579137 0.650794 0.571942 0.650794 0.557554 0.647619 0.553957 0.647619 0.550360 0.644444 0.550360
0 0.190476 0.546763 0.180952 0.546763 0.174603 0.553957 0.174603 0.579137 0.177778 0.582734 0.184127 0.582734 0.190476 0.575540 0.190476 0.571942 0.193651 0.568345 0.193651 0.550360
0 0.822222 0.546763 0.815873 0.553957 0.815873 0.561151 0.825397 0.571942 0.828571 0.571942 0.831746 0.575540 0.838095 0.575540 0.844444 0.568345 0.844444 0.557554 0.838095 0.550360 0.838095 0.546763
0 0.711111 0.568345 0.717460 0.575540 0.717460 0.579137 0.730159 0.589928 0.746032 0.589928 0.755556 0.579137 0.755556 0.564748 0.746032 0.553957 0.739683 0.553957 0.736508 0.550360 0.733333 0.553957 0.726984 0.553957 0.723810 0.557554 0.720635 0.557554
0 0.431746 0.553957 0.428571 0.557554 0.428571 0.561151 0.425397 0.564748 0.425397 0.575540 0.422222 0.579137 0.422222 0.589928 0.428571 0.589928 0.431746 0.586331
0 0.469841 0.553957 0.469841 0.571942 0.466667 0.575540 0.466667 0.582734 0.463492 0.586331 0.469841 0.593525 0.479365 0.593525 0.482540 0.589928 0.482540 0.561151 0.479365 0.557554 0.479365 0.553957
0 0.958730 0.553957 0.946032 0.571942 0.946032 0.582734 0.955556 0.593525 0.961905 0.593525 0.965079 0.597122 0.971429 0.589928 0.971429 0.564748 0.968254 0.561151 0.968254 0.557554
0 0.292063 0.564748 0.288889 0.568345 0.288889 0.575540 0.282540 0.586331 0.282540 0.604317 0.285714 0.607914 0.285714 0.615108 0.288889 0.618705 0.298413 0.618705 0.307937 0.604317 0.307937 0.582734 0.304762 0.579137 0.304762 0.571942 0.301587 0.568345 0.301587 0.564748
0 0.685714 0.582734 0.679365 0.589928 0.679365 0.600719 0.688889 0.611511 0.701587 0.611511 0.707937 0.604317 0.707937 0.593525 0.704762 0.589928 0.704762 0.586331 0.701587 0.582734
0 0.892063 0.589928 0.892063 0.597122 0.888889 0.600719 0.888889 0.611511 0.892063 0.615108 0.911111 0.615108 0.914286 0.611511 0.914286 0.600719 0.911111 0.600719 0.907937 0.597122 0.907937 0.593525 0.904762 0.589928
0 0.777778 0.593525 0.774603 0.597122 0.774603 0.618705 0.777778 0.622302 0.777778 0.629496 0.780952 0.633094 0.780952 0.636691 0.787302 0.643885 0.793651 0.636691 0.793651 0.629496 0.800000 0.618705 0.800000 0.611511 0.796825 0.607914 0.796825 0.600719 0.790476 0.593525
0 0.825397 0.597122 0.819048 0.604317 0.819048 0.607914 0.815873 0.611511 0.815873 0.615108 0.819048 0.618705 0.819048 0.625899 0.825397 0.633094 0.844444 0.633094 0.850794 0.625899 0.850794 0.611511 0.844444 0.604317 0.844444 0.600719 0.841270 0.600719 0.838095 0.597122
0 0.726984 0.615108 0.726984 0.618705 0.723810 0.622302 0.730159 0.633094 0.733333 0.633094 0.736508 0.636691 0.752381 0.636691 0.755556 0.633094 0.755556 0.625899 0.752381 0.622302 0.752381 0.615108 0.749206 0.611511 0.746032 0.611511 0.742857 0.607914 0.739683 0.607914 0.736508 0.611511 0.730159 0.611511
0 0.673016 0.625899 0.673016 0.636691 0.679365 0.643885 0.688889 0.643885 0.692063 0.640288 0.701587 0.640288 0.707937 0.633094 0.704762 0.629496 0.698413 0.629496 0.695238 0.625899 0.685714 0.625899 0.682540 0.622302 0.676190 0.622302
0 0.552381 0.629496 0.552381 0.636691 0.549206 0.640288 0.552381 0.643885 0.552381 0.672662 0.565079 0.690647 0.565079 0.694245 0.574603 0.697842 0.580952 0.683453 0.577778 0.665468 0.561905 0.629496
0 0.901587 0.636691 0.901587 0.651079 0.904762 0.654676 0.904762 0.658273 0.920635 0.658273 0.923810 0.654676 0.926984 0.654676 0.926984 0.651079 0.930159 0.647482 0.926984 0.643885 0.926984 0.640288 0.923810 0.636691 0.920635 0.636691 0.914286 0.629496 0.907937 0.629496
0 0.977778 0.629496 0.974603 0.633094 0.974603 0.636691 0.977778 0.636691 0.980952 0.640288 0.984127 0.640288 0.987302 0.636691 0.987302 0.633094 0.984127 0.629496
0 0.193651 0.633094 0.187302 0.633094 0.184127 0.636691 0.184127 0.640288 0.187302 0.643885 0.187302 0.647482 0.180952 0.658273 0.180952 0.669065 0.184127 0.672662 0.187302 0.669065 0.190476 0.669065 0.190476 0.665468 0.193651 0.661871 0.193651 0.654676 0.196825 0.651079 0.196825 0.640288 0.193651 0.636691
0 0.479365 0.643885 0.479365 0.647482 0.476190 0.651079 0.476190 0.665468 0.482540 0.672662 0.485714 0.672662 0.492063 0.665468 0.492063 0.654676 0.488889 0.651079 0.488889 0.647482 0.485714 0.643885
0 0.419048 0.647482 0.419048 0.654676 0.415873 0.658273 0.415873 0.665468 0.419048 0.669065 0.422222 0.669065 0.422222 0.647482
0 0.755556 0.647482 0.749206 0.654676 0.749206 0.658273 0.746032 0.661871 0.749206 0.665468 0.749206 0.672662 0.758730 0.683453 0.768254 0.683453 0.771429 0.679856 0.774603 0.679856 0.774603 0.676259 0.777778 0.672662 0.777778 0.669065 0.774603 0.665468 0.774603 0.658273 0.765079 0.647482
0 0.247619 0.654676 0.241270 0.654676 0.234921 0.661871 0.231746 0.661871 0.231746 0.665468 0.228571 0.669065 0.228571 0.683453 0.231746 0.687050 0.231746 0.690647 0.241270 0.690647 0.253968 0.676259 0.253968 0.661871
0 0.688889 0.658273 0.688889 0.661871 0.685714 0.665468 0.685714 0.672662 0.688889 0.676259 0.688889 0.679856 0.692063 0.683453 0.704762 0.683453 0.711111 0.676259 0.711111 0.672662 0.714286 0.669065 0.714286 0.661871 0.707937 0.654676 0.695238 0.654676 0.692063 0.658273
0 0.857143 0.658273 0.850794 0.665468 0.850794 0.676259 0.853968 0.679856 0.857143 0.679856 0.866667 0.687050 0.876190 0.687050 0.882540 0.679856 0.882540 0.676259 0.885714 0.672662 0.885714 0.669065 0.879365 0.661871 0.873016 0.661871 0.869841 0.658273
0 0.977778 0.658273 0.974603 0.661871 0.974603 0.672662 0.984127 0.683453 0.987302 0.683453 0.990476 0.687050 0.993651 0.683453 0.993651 0.679856 0.996825 0.676259 0.996825 0.669065 0.993651 0.665468 0.993651 0.658273
0 0.936508 0.665468 0.936508 0.669065 0.933333 0.672662 0.933333 0.676259 0.942857 0.687050 0.946032 0.687050 0.949206 0.690647 0.955556 0.690647 0.961905 0.683453 0.961905 0.672662 0.952381 0.661871 0.942857 0.661871 0.939683 0.665468
0 0.463492 0.669065 0.457143 0.669065 0.450794 0.676259 0.450794 0.701439 0.453968 0.705036 0.457143 0.705036 0.457143 0.701439 0.463492 0.694245 0.463492 0.687050 0.466667 0.683453 0.466667 0.672662
0 0.596825 0.669065 0.593651 0.672662 0.593651 0.683453 0.590476 0.687050 0.590476 0.694245 0.593651 0.697842 0.596825 0.697842 0.600000 0.694245 0.600000 0.676259 0.596825 0.672662
0 0.488889 0.676259 0.485714 0.679856 0.485714 0.683453 0.479365 0.694245 0.479365 0.701439 0.476190 0.705036 0.482540 0.715827 0.492063 0.715827 0.495238 0.712230 0.498413 0.712230 0.498413 0.708633 0.501587 0.705036 0.501587 0.687050 0.495238 0.679856 0.492063 0.679856
0 0.898413 0.679856 0.898413 0.701439 0.904762 0.708633 0.911111 0.708633 0.914286 0.712230 0.923810 0.708633 0.923810 0.705036 0.926984 0.701439 0.926984 0.687050 0.920635 0.679856 0.911111 0.679856 0.907937 0.676259
0 0.809524 0.679856 0.796825 0.679856 0.790476 0.687050 0.790476 0.705036 0.793651 0.705036 0.796825 0.708633 0.803175 0.708633 0.806349 0.705036 0.809524 0.705036 0.812698 0.701439 0.812698 0.697842 0.815873 0.694245 0.815873 0.687050
0 0.723810 0.683453 0.714286 0.690647 0.714286 0.708633 0.717460 0.712230 0.717460 0.715827 0.723810 0.723022 0.733333 0.723022 0.739683 0.715827 0.739683 0.697842 0.736508 0.694245 0.736508 0.690647 0.730159 0.683453
0 0.387302 0.687050 0.384127 0.687050 0.374603 0.697842 0.374603 0.701439 0.368254 0.708633 0.368254 0.719424 0.371429 0.723022 0.371429 0.730216 0.374603 0.733813 0.377778 0.733813 0.380952 0.730216 0.380952 0.726619 0.387302 0.719424
0 0.838095 0.690647 0.831746 0.701439 0.831746 0.712230 0.834921 0.715827 0.834921 0.723022 0.838095 0.726619 0.838095 0.737410 0.847619 0.741007 0.857143 0.730216 0.857143 0.726619 0.860317 0.723022 0.860317 0.712230 0.857143 0.708633 0.853968 0.697842 0.847619 0.690647
0 0.546032 0.694245 0.539683 0.694245 0.536508 0.697842 0.536508 0.701439 0.533333 0.705036 0.533333 0.712230 0.530159 0.715827 0.530159 0.719424 0.533333 0.723022 0.533333 0.726619 0.536508 0.726619 0.539683 0.723022 0.542857 0.723022 0.542857 0.719424 0.546032 0.715827 0.546032 0.708633 0.549206 0.705036 0.549206 0.697842
0 0.761905 0.705036 0.761905 0.715827 0.765079 0.715827 0.768254 0.719424 0.777778 0.719424 0.777778 0.705036 0.774603 0.705036 0.771429 0.701439 0.768254 0.701439 0.765079 0.705036
0 0.869841 0.712230 0.869841 0.730216 0.873016 0.733813 0.873016 0.737410 0.876190 0.737410 0.879365 0.741007 0.888889 0.741007 0.892063 0.737410 0.898413 0.737410 0.901587 0.733813 0.901587 0.723022 0.888889 0.708633 0.873016 0.708633
0 0.612698 0.715827 0.593651 0.715827 0.590476 0.719424 0.587302 0.719424 0.587302 0.723022 0.584127 0.726619 0.584127 0.733813 0.587302 0.737410 0.587302 0.741007 0.596825 0.741007 0.603175 0.733813 0.606349 0.733813 0.612698 0.726619
0 0.501587 0.730216 0.501587 0.737410 0.517460 0.737410 0.526984 0.748201 0.533333 0.748201 0.533333 0.733813 0.530159 0.733813 0.526984 0.730216 0.523810 0.730216 0.514286 0.723022 0.511111 0.723022
0 0.695238 0.723022 0.692063 0.726619 0.695238 0.730216 0.695238 0.737410 0.698413 0.741007 0.698413 0.744604 0.701587 0.748201 0.714286 0.748201 0.717460 0.744604 0.717460 0.741007 0.701587 0.723022
0 0.806349 0.723022 0.800000 0.730216 0.800000 0.741007 0.806349 0.751799 0.809524 0.751799 0.812698 0.755396 0.815873 0.755396 0.825397 0.748201 0.825397 0.733813 0.822222 0.730216 0.822222 0.726619 0.819048 0.726619 0.815873 0.723022
0 0.990476 0.723022 0.980952 0.723022 0.971429 0.733813 0.971429 0.741007 0.965079 0.755396 0.958730 0.762590 0.958730 0.769784 0.961905 0.776978 0.965079 0.776978 0.971429 0.784173 0.977778 0.780576 0.977778 0.776978 0.987302 0.766187 0.993651 0.751799 0.993651 0.726619
0 0.568254 0.733813 0.555556 0.733813 0.549206 0.744604 0.549206 0.758993 0.552381 0.762590 0.552381 0.769784 0.555556 0.773381 0.561905 0.773381 0.571429 0.762590 0.571429 0.751799 0.574603 0.748201 0.574603 0.744604 0.568254 0.737410
0 0.755556 0.733813 0.752381 0.737410 0.752381 0.741007 0.755556 0.744604 0.755556 0.751799 0.761905 0.758993 0.761905 0.773381 0.765079 0.776978 0.765079 0.780576 0.771429 0.787770 0.784127 0.787770 0.787302 0.784173 0.787302 0.751799 0.774603 0.737410 0.765079 0.737410 0.761905 0.733813
0 0.615873 0.748201 0.612698 0.744604 0.609524 0.748201 0.606349 0.748201 0.603175 0.751799 0.603175 0.758993 0.615873 0.758993
0 0.631746 0.744604 0.631746 0.758993 0.634921 0.762590 0.634921 0.766187 0.647619 0.766187 0.653968 0.758993 0.653968 0.755396 0.647619 0.748201 0.644444 0.748201 0.641270 0.744604
0 0.901587 0.748201 0.892063 0.758993 0.892063 0.769784 0.901587 0.780576 0.904762 0.780576 0.907937 0.784173 0.911111 0.780576 0.920635 0.780576 0.920635 0.758993 0.914286 0.751799 0.907937 0.751799 0.904762 0.748201
0 0.504762 0.758993 0.498413 0.758993 0.495238 0.762590 0.492063 0.762590 0.492063 0.769784 0.488889 0.773381 0.488889 0.787770 0.492063 0.791367 0.498413 0.791367 0.504762 0.784173 0.504762 0.780576 0.507937 0.776978 0.507937 0.762590
0 0.590476 0.766187 0.587302 0.766187 0.584127 0.769784 0.584127 0.776978 0.587302 0.780576 0.587302 0.787770 0.590476 0.791367 0.590476 0.805755 0.587302 0.809353 0.587302 0.816547 0.584127 0.820144 0.587302 0.823741 0.593651 0.812950 0.593651 0.802158 0.590476 0.798561 0.590476 0.794964 0.593651 0.791367 0.593651 0.769784
0 0.726984 0.766187 0.726984 0.787770 0.736508 0.798561 0.736508 0.802158 0.739683 0.805755 0.742857 0.805755 0.749206 0.812950 0.755556 0.812950 0.758730 0.809353 0.758730 0.802158 0.752381 0.794964 0.752381 0.791367 0.736508 0.773381 0.736508 0.769784 0.733333 0.766187
0 0.815873 0.766187 0.812698 0.769784 0.812698 0.784173 0.819048 0.791367 0.828571 0.791367 0.838095 0.780576 0.838095 0.773381 0.834921 0.769784 0.834921 0.766187
0 0.863492 0.769784 0.863492 0.794964 0.869841 0.802158 0.869841 0.805755 0.885714 0.805755 0.888889 0.802158 0.888889 0.794964 0.882540 0.787770 0.879365 0.787770
0 0.631746 0.780576 0.631746 0.784173 0.628571 0.787770 0.628571 0.805755 0.634921 0.812950 0.641270 0.812950 0.644444 0.809353 0.644444 0.787770 0.641270 0.784173 0.641270 0.780576
0 0.377778 0.798561 0.371429 0.805755 0.371429 0.848921 0.377778 0.859712 0.387302 0.848921 0.387302 0.845324 0.390476 0.841727 0.390476 0.827338 0.393651 0.823741 0.390476 0.820144 0.390476 0.812950 0.387302 0.809353 0.387302 0.805755
0 0.933333 0.802158 0.923810 0.802158 0.920635 0.805755 0.917460 0.805755 0.907937 0.816547 0.907937 0.823741 0.914286 0.834532 0.917460 0.830935 0.920635 0.830935 0.923810 0.827338 0.923810 0.823741 0.930159 0.816547 0.933333 0.816547 0.939683 0.809353
0 0.149206 0.805755 0.146032 0.809353 0.142857 0.809353 0.136508 0.816547 0.136508 0.823741 0.139683 0.827338 0.142857 0.827338 0.146032 0.830935 0.155556 0.830935 0.158730 0.827338 0.158730 0.816547
0 0.530159 0.809353 0.520635 0.809353 0.514286 0.816547 0.514286 0.820144 0.511111 0.823741 0.511111 0.848921 0.514286 0.852518 0.514286 0.856115 0.523810 0.856115 0.533333 0.845324 0.533333 0.816547 0.530159 0.812950
0 0.939683 0.812950 0.933333 0.820144 0.933333 0.823741 0.923810 0.830935 0.926984 0.834532 0.926984 0.841727 0.933333 0.848921 0.936508 0.848921 0.939683 0.845324 0.946032 0.845324 0.952381 0.838129 0.952381 0.827338 0.949206 0.823741 0.949206 0.820144 0.946032 0.820144
0 0.285714 0.823741 0.285714 0.827338 0.288889 0.830935 0.288889 0.834532 0.295238 0.841727 0.301587 0.841727 0.304762 0.845324 0.307937 0.841727 0.314286 0.841727 0.314286 0.827338 0.307937 0.820144 0.288889 0.820144
0 0.701587 0.823741 0.701587 0.830935 0.704762 0.834532 0.704762 0.838129 0.707937 0.841727 0.714286 0.841727 0.717460 0.845324 0.730159 0.845324 0.733333 0.841727 0.730159 0.838129 0.726984 0.838129 0.723810 0.834532 0.720635 0.834532 0.707937 0.820144 0.704762 0.820144
0 0.742857 0.823741 0.739683 0.827338 0.742857 0.830935 0.742857 0.841727 0.746032 0.841727 0.749206 0.845324 0.752381 0.845324 0.755556 0.841727 0.755556 0.834532 0.752381 0.830935 0.752381 0.827338 0.749206 0.823741
0 0.831746 0.830935 0.834921 0.834532 0.834921 0.838129 0.838095 0.841727 0.841270 0.841727 0.844444 0.845324 0.857143 0.845324 0.857143 0.834532 0.853968 0.830935 0.853968 0.823741 0.838095 0.823741
0 0.885714 0.823741 0.879365 0.823741 0.876190 0.827338 0.873016 0.827338 0.873016 0.830935 0.869841 0.834532 0.869841 0.838129 0.863492 0.848921 0.866667 0.852518 0.866667 0.856115 0.876190 0.856115 0.882540 0.848921 0.882540 0.845324 0.888889 0.838129 0.888889 0.827338
0 0.650794 0.834532 0.647619 0.838129 0.647619 0.841727 0.650794 0.845324 0.650794 0.856115 0.660317 0.866906 0.663492 0.863309 0.666667 0.863309 0.669841 0.859712 0.669841 0.848921 0.660317 0.838129 0.660317 0.834532
0 0.285714 0.845324 0.279365 0.838129 0.263492 0.838129 0.260317 0.841727 0.257143 0.841727 0.250794 0.848921 0.250794 0.852518 0.247619 0.856115 0.250794 0.859712 0.250794 0.870504 0.263492 0.870504 0.266667 0.866906 0.269841 0.866906 0.276190 0.859712 0.285714 0.856115
0 0.634921 0.838129 0.634921 0.863309 0.638095 0.866906 0.638095 0.870504 0.641270 0.870504 0.644444 0.866906 0.644444 0.859712 0.641270 0.856115 0.641270 0.845324 0.638095 0.841727 0.638095 0.838129
0 0.819048 0.852518 0.819048 0.859712 0.822222 0.863309 0.822222 0.866906 0.828571 0.874101 0.834921 0.874101 0.838095 0.877698 0.841270 0.874101 0.844444 0.874101 0.844444 0.870504 0.847619 0.866906 0.844444 0.863309 0.844444 0.859712 0.841270 0.859712 0.834921 0.852518 0.831746 0.852518 0.828571 0.848921 0.822222 0.848921
0 0.965079 0.852518 0.965079 0.856115 0.977778 0.870504 0.980952 0.870504 0.984127 0.866906 0.984127 0.859712 0.980952 0.856115 0.980952 0.852518 0.977778 0.852518 0.974603 0.848921 0.971429 0.848921 0.968254 0.852518
0 0.926984 0.856115 0.920635 0.856115 0.911111 0.866906 0.911111 0.870504 0.907937 0.874101 0.907937 0.881295 0.914286 0.888489 0.920635 0.888489 0.926984 0.881295 0.926984 0.877698 0.930159 0.874101 0.930159 0.870504 0.933333 0.866906 0.933333 0.863309
0 0.552381 0.866906 0.542857 0.866906 0.539683 0.870504 0.536508 0.870504 0.536508 0.874101 0.533333 0.877698 0.533333 0.902878 0.546032 0.902878 0.549206 0.899281 0.549206 0.895683 0.555556 0.884892 0.555556 0.870504
