0 0.321656 0.107527 0.318471 0.103943 0.308917 0.103943 0.305732 0.107527 0.302548 0.107527 0.292994 0.118280 0.292994 0.121864 0.286624 0.129032 0.286624 0.132616 0.283439 0.136201 0.283439 0.143369 0.289809 0.143369 0.292994 0.139785 0.308917 0.132616 0.315287 0.125448 0.318471 0.125448 0.318471 0.121864 0.321656 0.118280
0 0.232484 0.114695 0.229299 0.118280 0.229299 0.121864 0.226115 0.125448 0.226115 0.136201 0.229299 0.139785 0.232484 0.139785 0.235669 0.143369 0.242038 0.143369 0.242038 0.139785 0.245223 0.136201 0.245223 0.132616 0.248408 0.129032 0.248408 0.114695
0 0.745223 0.114695 0.742038 0.118280 0.742038 0.129032 0.754777 0.143369 0.761146 0.143369 0.764331 0.146953 0.767516 0.146953 0.773885 0.154122 0.777070 0.154122 0.777070 0.146953 0.780255 0.143369 0.780255 0.136201 0.777070 0.132616 0.777070 0.129032 0.770701 0.121864 0.767516 0.121864 0.764331 0.118280 0.757962 0.118280 0.754777 0.114695
0 0.630573 0.121864 0.630573 0.132616 0.633758 0.136201 0.640127 0.136201 0.643312 0.139785 0.659236 0.139785 0.662420 0.143369 0.668790 0.143369 0.671975 0.146953 0.678344 0.146953 0.681529 0.143369 0.681529 0.136201 0.662420 0.118280 0.656051 0.118280 0.652866 0.121864
0 0.802548 0.129032 0.802548 0.139785 0.808917 0.146953 0.818471 0.146953 0.821656 0.143369 0.828025 0.143369 0.834395 0.136201 0.834395 0.129032 0.828025 0.121864 0.808917 0.121864
0 0.101911 0.125448 0.098726 0.129032 0.098726 0.161290 0.101911 0.164875 0.101911 0.172043 0.108280 0.179211 0.117834 0.179211 0.127389 0.168459 0.127389 0.139785 0.114650 0.125448
0 0.875796 0.129032 0.875796 0.132616 0.878981 0.136201 0.878981 0.139785 0.888535 0.150538 0.901274 0.150538 0.904459 0.146953 0.904459 0.139785 0.901274 0.136201 0.901274 0.132616 0.898089 0.129032 0.894904 0.129032 0.891720 0.125448 0.878981 0.125448
0 0.509554 0.129032 0.506369 0.132616 0.506369 0.136201 0.509554 0.139785 0.509554 0.146953 0.512739 0.150538 0.515924 0.150538 0.519108 0.154122 0.522293 0.150538 0.522293 0.136201 0.519108 0.136201 0.515924 0.132616 0.512739 0.132616
0 0.573248 0.129032 0.563694 0.129032 0.560510 0.132616 0.557325 0.132616 0.550955 0.139785 0.550955 0.146953 0.554140 0.150538 0.563694 0.150538 0.566879 0.146953 0.566879 0.143369 0.573248 0.136201
0 0.003185 0.139785 0.003185 0.157706 0.009554 0.157706 0.012739 0.154122 0.012739 0.150538 0.015924 0.146953 0.012739 0.143369 0.012739 0.139785
0 0.722930 0.150538 0.722930 0.161290 0.732484 0.168459 0.748408 0.168459 0.757962 0.161290 0.754777 0.150538 0.751592 0.146953 0.748408 0.146953 0.738854 0.139785 0.729299 0.139785
0 0.152866 0.143369 0.149682 0.143369 0.143312 0.150538 0.143312 0.154122 0.140127 0.157706 0.140127 0.168459 0.136943 0.172043 0.136943 0.179211 0.143312 0.186380 0.152866 0.186380 0.152866 0.182796 0.159236 0.172043 0.159236 0.154122
0 0.621019 0.150538 0.617834 0.154122 0.614650 0.154122 0.614650 0.157706 0.608280 0.168459 0.608280 0.175627 0.614650 0.186380 0.617834 0.186380 0.621019 0.189964 0.627389 0.189964 0.636943 0.182796 0.636943 0.164875 0.633758 0.161290 0.633758 0.154122 0.630573 0.150538
0 0.076433 0.161290 0.070064 0.168459 0.070064 0.182796 0.073248 0.186380 0.082803 0.186380 0.089172 0.179211 0.089172 0.172043 0.085987 0.168459 0.085987 0.164875 0.082803 0.161290
0 0.646497 0.179211 0.652866 0.179211 0.656051 0.175627 0.659236 0.175627 0.659236 0.172043 0.662420 0.168459 0.665605 0.168459 0.665605 0.161290 0.649682 0.161290 0.646497 0.164875
0 0.681529 0.164875 0.681529 0.175627 0.687898 0.182796 0.687898 0.186380 0.697452 0.197133 0.713376 0.197133 0.719745 0.189964 0.716561 0.179211 0.713376 0.175627 0.703822 0.172043 0.697452 0.164875 0.694268 0.164875 0.691083 0.161290 0.684713 0.161290
0 0.388535 0.175627 0.388535 0.189964 0.394904 0.197133 0.407643 0.197133 0.410828 0.193548 0.414013 0.193548 0.414013 0.182796 0.410828 0.179211 0.401274 0.179211 0.398089 0.175627 0.394904 0.175627 0.391720 0.172043
0 0.522293 0.172043 0.519108 0.175627 0.519108 0.179211 0.515924 0.182796 0.515924 0.186380 0.519108 0.189964 0.531847 0.189964 0.535032 0.186380 0.535032 0.175627 0.531847 0.172043
0 0.582803 0.172043 0.579618 0.175627 0.579618 0.182796 0.576433 0.186380 0.576433 0.193548 0.579618 0.197133 0.579618 0.207885 0.589172 0.218638 0.595541 0.218638 0.605096 0.207885 0.605096 0.197133 0.601911 0.193548 0.601911 0.186380 0.592357 0.175627 0.592357 0.172043
0 0.821656 0.175627 0.818471 0.179211 0.812102 0.179211 0.805732 0.186380 0.805732 0.200717 0.808917 0.204301 0.808917 0.207885 0.815287 0.215054 0.824841 0.218638 0.834395 0.211470 0.834395 0.189964 0.831210 0.186380 0.831210 0.182796
0 0.659236 0.197133 0.659236 0.207885 0.668790 0.218638 0.671975 0.218638 0.675159 0.222222 0.687898 0.222222 0.691083 0.218638 0.691083 0.204301 0.687898 0.204301 0.681529 0.197133 0.678344 0.197133 0.675159 0.193548 0.662420 0.193548
0 0.111465 0.204301 0.111465 0.215054 0.117834 0.222222 0.133758 0.222222 0.140127 0.215054 0.140127 0.207885 0.133758 0.200717 0.130573 0.200717 0.127389 0.197133 0.121019 0.197133 0.117834 0.200717 0.114650 0.200717
0 0.070064 0.211470 0.076433 0.218638 0.082803 0.218638 0.085987 0.222222 0.095541 0.222222 0.092357 0.218638 0.089172 0.218638 0.085987 0.215054 0.079618 0.215054 0.076433 0.211470
0 0.649682 0.211470 0.643312 0.211470 0.640127 0.215054 0.640127 0.232975 0.643312 0.236559 0.646497 0.236559 0.649682 0.232975 0.652866 0.232975 0.652866 0.229391 0.656051 0.225806 0.656051 0.218638
0 0.515924 0.215054 0.509554 0.222222 0.509554 0.225806 0.512739 0.229391 0.512739 0.232975 0.515924 0.236559 0.519108 0.236559 0.525478 0.229391 0.525478 0.218638 0.519108 0.218638
0 0.563694 0.215054 0.557325 0.215054 0.554140 0.218638 0.550955 0.218638 0.550955 0.222222 0.547771 0.225806 0.547771 0.243728 0.554140 0.250896 0.560510 0.250896 0.566879 0.243728 0.566879 0.236559 0.570064 0.232975 0.570064 0.222222
0 0.356688 0.222222 0.353503 0.225806 0.353503 0.236559 0.356688 0.240143 0.366242 0.240143 0.366242 0.225806 0.363057 0.225806 0.359873 0.222222
0 0.735669 0.225806 0.735669 0.232975 0.748408 0.247312 0.757962 0.247312 0.761146 0.250896 0.764331 0.250896 0.767516 0.247312 0.767516 0.240143 0.757962 0.229391 0.754777 0.229391 0.745223 0.222222 0.738854 0.222222
0 0.802548 0.232975 0.802548 0.240143 0.805732 0.243728 0.805732 0.247312 0.808917 0.250896 0.812102 0.250896 0.815287 0.254480 0.821656 0.254480 0.824841 0.250896 0.828025 0.250896 0.828025 0.240143 0.818471 0.229391 0.805732 0.229391
0 0.611465 0.236559 0.601911 0.250896 0.601911 0.261649 0.605096 0.265233 0.605096 0.272401 0.608280 0.275986 0.608280 0.279570 0.611465 0.279570 0.614650 0.283154 0.630573 0.279570 0.636943 0.272401 0.636943 0.254480 0.624204 0.236559
0 0.885350 0.236559 0.875796 0.240143 0.875796 0.243728 0.872611 0.247312 0.872611 0.261649 0.869427 0.265233 0.869427 0.272401 0.872611 0.275986 0.882166 0.275986 0.891720 0.265233 0.891720 0.261649 0.898089 0.254480 0.894904 0.243728
0 0.659236 0.240143 0.652866 0.247312 0.652866 0.250896 0.649682 0.254480 0.649682 0.261649 0.652866 0.265233 0.652866 0.268817 0.656051 0.268817 0.659236 0.272401 0.668790 0.272401 0.671975 0.268817 0.675159 0.268817 0.681529 0.261649 0.681529 0.250896 0.675159 0.240143
0 0.219745 0.247312 0.213376 0.247312 0.203822 0.258065 0.203822 0.265233 0.200637 0.268817 0.200637 0.279570 0.203822 0.283154 0.203822 0.301075 0.207006 0.304659 0.213376 0.304659 0.219745 0.297491 0.219745 0.290323 0.222930 0.286738 0.222930 0.279570 0.226115 0.275986 0.226115 0.254480
0 0.589172 0.250896 0.582803 0.250896 0.576433 0.258065 0.576433 0.261649 0.573248 0.265233 0.573248 0.272401 0.579618 0.279570 0.585987 0.279570 0.589172 0.275986
0 0.445860 0.261649 0.445860 0.272401 0.449045 0.275986 0.452229 0.275986 0.455414 0.279570 0.458599 0.279570 0.461783 0.283154 0.468153 0.283154 0.468153 0.265233 0.464968 0.261649 0.464968 0.258065 0.461783 0.254480 0.455414 0.254480 0.449045 0.261649
0 0.512739 0.265233 0.509554 0.268817 0.509554 0.272401 0.512739 0.275986 0.512739 0.279570 0.519108 0.279570 0.522293 0.275986 0.522293 0.272401 0.519108 0.268817 0.519108 0.265233
0 0.802548 0.279570 0.802548 0.293907 0.815287 0.308244 0.824841 0.308244 0.834395 0.301075 0.834395 0.286738 0.828025 0.279570 0.824841 0.279570 0.821656 0.275986 0.805732 0.275986
0 0.773885 0.279570 0.773885 0.283154 0.770701 0.286738 0.770701 0.297491 0.773885 0.301075 0.773885 0.304659 0.780255 0.311828 0.789809 0.311828 0.796178 0.301075 0.796178 0.293907 0.789809 0.286738 0.789809 0.283154 0.786624 0.283154 0.783439 0.279570
0 0.350318 0.283154 0.340764 0.293907 0.340764 0.311828 0.347134 0.318996 0.347134 0.322581 0.356688 0.322581 0.356688 0.318996 0.359873 0.315412 0.359873 0.290323 0.353503 0.283154
0 0.426752 0.290323 0.417197 0.308244 0.417197 0.318996 0.420382 0.326165 0.429936 0.336918 0.429936 0.340502 0.445860 0.340502 0.452229 0.336918 0.461783 0.326165 0.461783 0.318996 0.464968 0.315412 0.464968 0.304659 0.461783 0.297491 0.452229 0.290323
0 0.601911 0.297491 0.595541 0.297491 0.592357 0.293907 0.589172 0.293907 0.585987 0.297491 0.582803 0.297491 0.576433 0.304659 0.576433 0.322581 0.582803 0.329749 0.592357 0.329749 0.595541 0.326165 0.601911 0.326165 0.605096 0.322581 0.608280 0.322581 0.608280 0.308244
0 0.735669 0.293907 0.732484 0.297491 0.732484 0.308244 0.738854 0.315412 0.742038 0.315412 0.745223 0.318996 0.748408 0.318996 0.754777 0.311828 0.754777 0.301075 0.748408 0.293907
0 0.070064 0.297491 0.063694 0.297491 0.054140 0.308244 0.054140 0.322581 0.057325 0.322581 0.060510 0.326165 0.063694 0.326165 0.070064 0.318996
0 0.621019 0.304659 0.621019 0.311828 0.627389 0.318996 0.627389 0.322581 0.630573 0.326165 0.633758 0.326165 0.636943 0.329749 0.652866 0.329749 0.656051 0.326165 0.656051 0.304659 0.649682 0.297491 0.627389 0.297491
0 0.729299 0.308244 0.726115 0.304659 0.716561 0.304659 0.703822 0.318996 0.703822 0.322581 0.700637 0.326165 0.700637 0.329749 0.703822 0.329749 0.707006 0.333333 0.716561 0.333333 0.719745 0.329749 0.726115 0.329749 0.729299 0.326165
0 0.544586 0.308244 0.538217 0.315412 0.538217 0.318996 0.535032 0.322581 0.535032 0.329749 0.538217 0.333333 0.538217 0.336918 0.541401 0.336918 0.550955 0.344086 0.560510 0.344086 0.560510 0.340502 0.563694 0.336918 0.563694 0.322581 0.560510 0.318996 0.560510 0.315412 0.554140 0.308244
0 0.401274 0.311828 0.394904 0.318996 0.394904 0.326165 0.391720 0.329749 0.391720 0.333333 0.394904 0.336918 0.394904 0.340502 0.404459 0.351254 0.414013 0.351254 0.417197 0.347670 0.417197 0.322581 0.410828 0.311828
0 0.105096 0.318996 0.101911 0.322581 0.101911 0.336918 0.105096 0.340502 0.114650 0.340502 0.121019 0.333333 0.121019 0.329749 0.114650 0.322581 0.111465 0.322581 0.108280 0.318996
0 0.509554 0.322581 0.506369 0.318996 0.500000 0.318996 0.496815 0.322581 0.493631 0.322581 0.490446 0.326165 0.487261 0.326165 0.477707 0.336918 0.477707 0.344086 0.480892 0.347670 0.487261 0.347670 0.490446 0.344086 0.503185 0.344086 0.509554 0.336918
0 0.337580 0.329749 0.334395 0.329749 0.331210 0.326165 0.328025 0.326165 0.324841 0.329749 0.321656 0.329749 0.318471 0.333333 0.318471 0.336918 0.315287 0.340502 0.315287 0.344086 0.318471 0.347670 0.324841 0.347670 0.328025 0.344086 0.334395 0.344086 0.337580 0.340502
0 0.627389 0.340502 0.617834 0.329749 0.611465 0.329749 0.608280 0.326165 0.605096 0.326165 0.601911 0.329749 0.585987 0.333333 0.585987 0.336918 0.579618 0.344086 0.579618 0.354839 0.582803 0.354839 0.585987 0.358423 0.592357 0.358423 0.595541 0.362007 0.608280 0.362007 0.611465 0.358423 0.617834 0.358423 0.627389 0.347670
0 0.808917 0.326165 0.808917 0.336918 0.821656 0.351254 0.821656 0.354839 0.824841 0.358423 0.824841 0.362007 0.834395 0.362007 0.834395 0.351254 0.831210 0.347670 0.831210 0.344086 0.828025 0.340502 0.828025 0.336918 0.821656 0.329749 0.818471 0.329749 0.815287 0.326165
0 0.850318 0.333333 0.847134 0.336918 0.847134 0.340502 0.850318 0.344086 0.850318 0.347670 0.853503 0.351254 0.853503 0.354839 0.856688 0.354839 0.859873 0.351254 0.859873 0.340502 0.853503 0.333333
0 0.003185 0.336918 0.000000 0.340502 0.000000 0.372760 0.003185 0.376344 0.006369 0.376344 0.012739 0.369176 0.012739 0.351254 0.009554 0.347670 0.009554 0.344086
0 0.082803 0.344086 0.076433 0.351254 0.076433 0.358423 0.079618 0.362007 0.079618 0.365591 0.085987 0.372760 0.089172 0.372760 0.092357 0.369176 0.092357 0.351254 0.085987 0.344086
0 0.773885 0.351254 0.764331 0.344086 0.757962 0.344086 0.742038 0.362007 0.748408 0.372760 0.757962 0.372760 0.761146 0.369176 0.764331 0.369176 0.764331 0.365591 0.773885 0.354839
0 0.121019 0.354839 0.117834 0.358423 0.117834 0.365591 0.121019 0.369176 0.121019 0.372760 0.127389 0.379928 0.130573 0.379928 0.133758 0.383513 0.140127 0.383513 0.146497 0.376344 0.146497 0.369176 0.133758 0.354839
0 0.334395 0.354839 0.331210 0.358423 0.328025 0.358423 0.318471 0.369176 0.318471 0.372760 0.321656 0.376344 0.321656 0.379928 0.331210 0.390681 0.343949 0.390681 0.350318 0.383513 0.350318 0.376344 0.353503 0.372760 0.350318 0.369176 0.350318 0.362007 0.343949 0.354839
0 0.156051 0.358423 0.149682 0.365591 0.149682 0.376344 0.156051 0.376344 0.159236 0.379928 0.162420 0.379928 0.168790 0.372760 0.168790 0.362007 0.165605 0.358423
0 0.856688 0.358423 0.847134 0.369176 0.847134 0.376344 0.843949 0.379928 0.847134 0.383513 0.847134 0.387097 0.850318 0.390681 0.859873 0.390681 0.866242 0.383513 0.866242 0.369176
0 0.050955 0.362007 0.050955 0.365591 0.047771 0.369176 0.047771 0.379928 0.050955 0.383513 0.050955 0.387097 0.054140 0.390681 0.054140 0.394265 0.057325 0.397849 0.070064 0.397849 0.076433 0.390681 0.076433 0.387097 0.073248 0.383513 0.073248 0.379928 0.063694 0.369176 0.063694 0.365591 0.060510 0.362007
0 0.480892 0.362007 0.477707 0.362007 0.468153 0.372760 0.468153 0.376344 0.464968 0.379928 0.464968 0.383513 0.461783 0.387097 0.461783 0.394265 0.468153 0.394265 0.484076 0.376344 0.484076 0.365591
0 0.560510 0.362007 0.557325 0.365591 0.554140 0.365591 0.554140 0.369176 0.547771 0.379928 0.547771 0.387097 0.554140 0.394265 0.570064 0.394265 0.573248 0.390681 0.573248 0.372760 0.566879 0.365591 0.563694 0.365591
0 0.525478 0.369176 0.522293 0.372760 0.515924 0.372760 0.509554 0.379928 0.509554 0.383513 0.506369 0.387097 0.506369 0.397849 0.515924 0.405018 0.525478 0.397849 0.525478 0.390681 0.528662 0.387097 0.528662 0.372760
0 0.678344 0.376344 0.678344 0.383513 0.681529 0.387097 0.681529 0.390681 0.684713 0.390681 0.687898 0.394265 0.703822 0.394265 0.707006 0.390681 0.707006 0.376344 0.700637 0.369176 0.684713 0.369176
0 0.296178 0.372760 0.292994 0.376344 0.292994 0.379928 0.296178 0.383513 0.296178 0.387097 0.302548 0.394265 0.312102 0.394265 0.312102 0.379928 0.308917 0.376344 0.305732 0.376344 0.302548 0.372760
0 0.789809 0.390681 0.792994 0.394265 0.799363 0.394265 0.802548 0.397849 0.808917 0.397849 0.812102 0.401434 0.821656 0.401434 0.831210 0.394265 0.831210 0.379928 0.821656 0.372760 0.808917 0.372760 0.802548 0.379928 0.799363 0.379928
0 0.595541 0.376344 0.589172 0.387097 0.589172 0.415771 0.592357 0.419355 0.592357 0.422939 0.608280 0.422939 0.614650 0.415771 0.614650 0.412186 0.617834 0.408602 0.617834 0.401434 0.611465 0.390681 0.611465 0.383513 0.605096 0.376344
0 0.738854 0.387097 0.738854 0.394265 0.742038 0.397849 0.757962 0.397849 0.761146 0.394265 0.761146 0.387097 0.757962 0.383513 0.742038 0.383513
0 0.286624 0.401434 0.283439 0.405018 0.280255 0.405018 0.280255 0.408602 0.277070 0.412186 0.277070 0.433692 0.280255 0.433692 0.283439 0.437276 0.292994 0.437276 0.299363 0.430108 0.299363 0.426523 0.302548 0.422939 0.302548 0.415771 0.292994 0.405018 0.289809 0.405018
0 0.028662 0.408602 0.022293 0.419355 0.022293 0.426523 0.028662 0.433692 0.028662 0.437276 0.035032 0.444444 0.047771 0.444444 0.047771 0.422939 0.041401 0.415771 0.041401 0.412186 0.038217 0.408602
0 0.312102 0.408602 0.305732 0.415771 0.305732 0.422939 0.315287 0.433692 0.318471 0.433692 0.321656 0.430108 0.321656 0.415771 0.315287 0.408602
0 0.541401 0.408602 0.531847 0.412186 0.531847 0.415771 0.528662 0.419355 0.528662 0.437276 0.531847 0.440860 0.531847 0.455197 0.538217 0.455197 0.544586 0.448029 0.544586 0.444444 0.547771 0.440860 0.547771 0.433692 0.550955 0.430108 0.550955 0.419355
0 0.060510 0.412186 0.060510 0.419355 0.063694 0.419355 0.066879 0.422939 0.070064 0.422939 0.073248 0.426523 0.082803 0.426523 0.085987 0.430108 0.085987 0.419355 0.082803 0.415771 0.073248 0.415771 0.070064 0.412186
0 0.856688 0.426523 0.856688 0.430108 0.863057 0.430108 0.869427 0.440860 0.885350 0.440860 0.894904 0.430108 0.894904 0.422939 0.891720 0.422939 0.888535 0.419355 0.859873 0.419355 0.859873 0.422939
0 0.777070 0.437276 0.780255 0.440860 0.805732 0.440860 0.808917 0.437276 0.808917 0.426523 0.805732 0.422939 0.786624 0.422939 0.780255 0.430108 0.780255 0.433692
0 0.621019 0.433692 0.621019 0.444444 0.624204 0.448029 0.627389 0.448029 0.649682 0.462366 0.656051 0.462366 0.659236 0.465950 0.668790 0.465950 0.671975 0.462366 0.671975 0.455197 0.668790 0.451613 0.665605 0.451613 0.662420 0.448029 0.656051 0.448029 0.649682 0.440860 0.646497 0.440860 0.643312 0.437276 0.643312 0.433692 0.636943 0.433692 0.633758 0.430108 0.627389 0.430108 0.624204 0.433692
0 0.082803 0.433692 0.066879 0.433692 0.060510 0.440860 0.060510 0.444444 0.057325 0.448029 0.057325 0.455197 0.054140 0.458781 0.054140 0.465950 0.057325 0.469534 0.057325 0.473118 0.070064 0.473118 0.079618 0.462366 0.079618 0.458781 0.085987 0.451613 0.085987 0.437276
0 0.321656 0.437276 0.318471 0.448029 0.321656 0.451613 0.321656 0.455197 0.328025 0.462366 0.328025 0.465950 0.337580 0.473118 0.347134 0.473118 0.347134 0.469534 0.350318 0.465950 0.347134 0.462366 0.347134 0.451613 0.337580 0.440860 0.331210 0.440860 0.328025 0.437276
0 0.474522 0.440860 0.468153 0.448029 0.468153 0.455197 0.490446 0.480287 0.496815 0.480287 0.500000 0.476703 0.500000 0.451613 0.490446 0.440860
0 0.251592 0.444444 0.248408 0.448029 0.248408 0.455197 0.251592 0.458781 0.251592 0.465950 0.261146 0.476703 0.270701 0.476703 0.273885 0.473118 0.273885 0.462366 0.270701 0.458781 0.270701 0.455197 0.261146 0.444444
0 0.015924 0.448029 0.015924 0.455197 0.028662 0.469534 0.031847 0.469534 0.035032 0.473118 0.038217 0.473118 0.038217 0.465950 0.035032 0.462366 0.031847 0.462366 0.019108 0.448029
0 0.754777 0.465950 0.754777 0.480287 0.770701 0.508961 0.786624 0.519713 0.808917 0.519713 0.818471 0.512545 0.821656 0.501792 0.815287 0.491039 0.815287 0.483871 0.805732 0.473118 0.792994 0.465950 0.780255 0.465950 0.777070 0.462366 0.757962 0.462366
0 0.856688 0.476703 0.856688 0.480287 0.863057 0.487455 0.872611 0.487455 0.875796 0.491039 0.901274 0.491039 0.901274 0.487455 0.904459 0.483871 0.898089 0.473118 0.891720 0.473118 0.888535 0.469534 0.882166 0.469534 0.878981 0.465950 0.866242 0.465950
0 0.305732 0.476703 0.299363 0.483871 0.299363 0.501792 0.302548 0.505376 0.302548 0.508961 0.312102 0.519713 0.318471 0.519713 0.321656 0.523297 0.331210 0.519713 0.337580 0.508961 0.337580 0.498208 0.334395 0.494624 0.334395 0.491039 0.324841 0.480287 0.321656 0.480287 0.318471 0.476703
0 0.713376 0.483871 0.707006 0.491039 0.707006 0.498208 0.710191 0.501792 0.710191 0.505376 0.713376 0.508961 0.713376 0.512545 0.716561 0.516129 0.716561 0.519713 0.726115 0.519713 0.726115 0.516129 0.729299 0.512545 0.729299 0.498208 0.726115 0.494624 0.726115 0.491039 0.719745 0.483871
0 0.187898 0.491039 0.178344 0.491039 0.171975 0.498208 0.171975 0.505376 0.168790 0.508961 0.168790 0.530466 0.175159 0.530466 0.181529 0.523297 0.181529 0.519713 0.184713 0.516129 0.181529 0.516129 0.178344 0.512545 0.178344 0.508961 0.187898 0.498208
0 0.433121 0.512545 0.429936 0.516129 0.429936 0.530466 0.433121 0.534050 0.433121 0.541219 0.436306 0.544803 0.439490 0.555556 0.445860 0.562724 0.458599 0.562724 0.458599 0.559140 0.461783 0.555556 0.461783 0.530466 0.458599 0.526882 0.458599 0.523297 0.445860 0.512545
0 0.745223 0.516129 0.745223 0.530466 0.751592 0.537634 0.751592 0.541219 0.764331 0.551971 0.783439 0.551971 0.796178 0.544803 0.796178 0.537634 0.783439 0.523297 0.783439 0.519713 0.780255 0.519713 0.773885 0.512545 0.748408 0.512545
0 0.633758 0.516129 0.630573 0.519713 0.627389 0.519713 0.627389 0.537634 0.630573 0.541219 0.630573 0.548387 0.633758 0.551971 0.633758 0.555556 0.643312 0.559140 0.646497 0.555556 0.649682 0.555556 0.649682 0.551971 0.652866 0.548387 0.652866 0.530466 0.646497 0.519713 0.643312 0.519713 0.640127 0.516129
0 0.254777 0.526882 0.248408 0.534050 0.248408 0.541219 0.245223 0.544803 0.248408 0.548387 0.245223 0.551971 0.254777 0.562724 0.264331 0.562724 0.270701 0.555556 0.270701 0.544803 0.267516 0.541219 0.267516 0.534050 0.261146 0.526882
0 0.035032 0.530466 0.035032 0.541219 0.031847 0.544803 0.035032 0.548387 0.031847 0.551971 0.028662 0.551971 0.028662 0.559140 0.038217 0.573477 0.047771 0.577061 0.057325 0.569892 0.057325 0.566308 0.060510 0.562724 0.060510 0.548387 0.057325 0.544803 0.041401 0.544803 0.038217 0.541219 0.038217 0.530466
0 0.528662 0.530466 0.522293 0.537634 0.522293 0.544803 0.519108 0.548387 0.522293 0.551971 0.522293 0.555556 0.525478 0.559140 0.528662 0.559140 0.531847 0.562724 0.535032 0.562724 0.541401 0.555556 0.541401 0.551971 0.544586 0.548387 0.544586 0.544803 0.541401 0.541219 0.541401 0.537634 0.535032 0.530466
0 0.388535 0.541219 0.385350 0.537634 0.375796 0.537634 0.369427 0.544803 0.366242 0.544803 0.359873 0.551971 0.356688 0.551971 0.353503 0.555556 0.356688 0.559140 0.363057 0.559140 0.366242 0.562724 0.378981 0.562724 0.382166 0.559140 0.385350 0.559140 0.385350 0.555556 0.388535 0.551971
0 0.710191 0.537634 0.707006 0.541219 0.707006 0.555556 0.713376 0.562724 0.713376 0.566308 0.716561 0.566308 0.722930 0.573477 0.726115 0.573477 0.732484 0.566308 0.732484 0.551971 0.722930 0.541219 0.719745 0.541219 0.716561 0.537634
0 0.238854 0.551971 0.235669 0.548387 0.229299 0.548387 0.222930 0.555556 0.222930 0.559140 0.219745 0.562724 0.219745 0.569892 0.226115 0.569892 0.229299 0.566308 0.232484 0.566308 0.235669 0.562724 0.238854 0.562724
0 0.681529 0.566308 0.681529 0.569892 0.678344 0.573477 0.681529 0.577061 0.681529 0.580645 0.684713 0.580645 0.687898 0.584229 0.700637 0.584229 0.700637 0.580645 0.703822 0.577061 0.703822 0.573477 0.700637 0.569892 0.700637 0.566308 0.697452 0.566308 0.694268 0.562724 0.687898 0.562724 0.684713 0.566308
0 0.458599 0.573477 0.461783 0.577061 0.461783 0.580645 0.464968 0.584229 0.468153 0.584229 0.471338 0.587814 0.484076 0.587814 0.484076 0.584229 0.487261 0.580645 0.487261 0.577061 0.484076 0.573477 0.484076 0.569892 0.480892 0.566308 0.464968 0.566308
0 0.503185 0.569892 0.496815 0.577061 0.500000 0.580645 0.500000 0.591398 0.503185 0.594982 0.503185 0.602151 0.506369 0.602151 0.515924 0.591398 0.515924 0.584229 0.512739 0.580645 0.512739 0.577061 0.506369 0.569892
0 0.601911 0.573477 0.585987 0.573477 0.576433 0.580645 0.560510 0.609319 0.563694 0.634409 0.579618 0.648746 0.598726 0.645161 0.608280 0.637993 0.617834 0.623656 0.617834 0.612903 0.621019 0.609319 0.617834 0.587814
0 0.888535 0.577061 0.888535 0.580645 0.885350 0.584229 0.885350 0.598566 0.888535 0.602151 0.891720 0.602151 0.894904 0.605735 0.898089 0.605735 0.901274 0.602151 0.904459 0.602151 0.907643 0.598566 0.907643 0.584229 0.901274 0.577061
0 0.738854 0.587814 0.732484 0.587814 0.729299 0.584229 0.722930 0.587814 0.716561 0.587814 0.703822 0.602151 0.703822 0.623656 0.710191 0.634409 0.732484 0.634409 0.738854 0.627240 0.748408 0.605735 0.745223 0.594982
0 0.207006 0.594982 0.207006 0.598566 0.203822 0.602151 0.203822 0.605735 0.207006 0.609319 0.207006 0.612903 0.213376 0.620072 0.222930 0.620072 0.229299 0.612903 0.229299 0.602151 0.222930 0.594982
0 0.652866 0.620072 0.652866 0.627240 0.662420 0.637993 0.668790 0.641577 0.691083 0.641577 0.700637 0.630824 0.703822 0.630824 0.700637 0.623656 0.700637 0.605735 0.694268 0.605735 0.691083 0.602151 0.668790 0.602151 0.662420 0.605735
0 0.394904 0.609319 0.398089 0.620072 0.407643 0.630824 0.410828 0.630824 0.417197 0.637993 0.420382 0.637993 0.423567 0.641577 0.429936 0.641577 0.433121 0.637993 0.433121 0.627240 0.429936 0.623656 0.426752 0.623656 0.423567 0.620072 0.417197 0.620072 0.414013 0.616487 0.410828 0.616487 0.404459 0.609319
0 0.191083 0.612903 0.187898 0.616487 0.187898 0.620072 0.191083 0.623656 0.191083 0.627240 0.194268 0.630824 0.197452 0.630824 0.200637 0.627240 0.200637 0.620072 0.194268 0.612903
0 0.254777 0.612903 0.251592 0.612903 0.248408 0.616487 0.245223 0.616487 0.238854 0.623656 0.238854 0.627240 0.232484 0.634409 0.229299 0.634409 0.229299 0.641577 0.232484 0.645161 0.238854 0.645161 0.242038 0.648746 0.251592 0.641577 0.251592 0.630824 0.254777 0.627240
0 0.047771 0.616487 0.041401 0.616487 0.035032 0.634409 0.025478 0.648746 0.025478 0.659498 0.031847 0.670251 0.044586 0.670251 0.054140 0.655914 0.054140 0.634409 0.047771 0.634409 0.044586 0.630824 0.044586 0.627240 0.047771 0.623656
0 0.171975 0.637993 0.165605 0.645161 0.165605 0.648746 0.168790 0.652330 0.168790 0.655914 0.171975 0.655914 0.175159 0.659498 0.178344 0.659498 0.181529 0.663082 0.187898 0.663082 0.194268 0.655914 0.194268 0.648746 0.191083 0.645161 0.184713 0.645161 0.181529 0.641577 0.178344 0.641577 0.175159 0.637993
0 0.799363 0.652330 0.799363 0.659498 0.802548 0.663082 0.815287 0.663082 0.818471 0.659498 0.837580 0.659498 0.837580 0.655914 0.824841 0.641577 0.821656 0.641577 0.818471 0.637993 0.812102 0.637993 0.808917 0.641577 0.805732 0.641577
0 0.385350 0.655914 0.385350 0.666667 0.388535 0.670251 0.394904 0.670251 0.398089 0.666667 0.404459 0.666667 0.414013 0.673835 0.420382 0.673835 0.423567 0.670251 0.420382 0.670251 0.417197 0.666667 0.410828 0.666667 0.401274 0.655914 0.398089 0.655914 0.394904 0.652330 0.388535 0.652330
0 0.487261 0.652330 0.484076 0.655914 0.484076 0.663082 0.490446 0.670251 0.493631 0.670251 0.496815 0.673835 0.500000 0.673835 0.503185 0.670251 0.503185 0.659498 0.496815 0.652330
0 0.207006 0.666667 0.207006 0.673835 0.210191 0.677419 0.210191 0.681004 0.213376 0.681004 0.216561 0.684588 0.229299 0.684588 0.232484 0.681004 0.235669 0.681004 0.245223 0.673835 0.245223 0.666667 0.238854 0.659498 0.213376 0.659498
0 0.461783 0.663082 0.458599 0.666667 0.458599 0.673835 0.464968 0.681004 0.468153 0.681004 0.471338 0.684588 0.477707 0.684588 0.477707 0.681004 0.480892 0.677419 0.480892 0.673835 0.477707 0.670251 0.477707 0.666667 0.474522 0.663082
0 0.168790 0.677419 0.168790 0.691756 0.171975 0.695341 0.178344 0.695341 0.181529 0.698925 0.187898 0.698925 0.191083 0.695341 0.194268 0.695341 0.194268 0.684588 0.191083 0.681004 0.191083 0.677419 0.187898 0.677419 0.184713 0.673835 0.171975 0.673835
0 0.780255 0.695341 0.783439 0.716846 0.792994 0.720430 0.799363 0.727599 0.812102 0.727599 0.821656 0.734767 0.831210 0.734767 0.856688 0.716846 0.856688 0.698925 0.853503 0.691756 0.843949 0.684588 0.799363 0.681004 0.789809 0.684588
0 0.302548 0.691756 0.296178 0.691756 0.286624 0.702509 0.283439 0.702509 0.280255 0.706093 0.280255 0.709677 0.277070 0.713262 0.277070 0.716846 0.283439 0.724014 0.286624 0.724014 0.289809 0.720430 0.296178 0.720430 0.296178 0.716846 0.302548 0.709677 0.302548 0.706093 0.305732 0.702509 0.305732 0.695341
0 0.573248 0.698925 0.557325 0.698925 0.544586 0.713262 0.544586 0.731183 0.550955 0.738351 0.554140 0.738351 0.557325 0.734767 0.563694 0.734767 0.570064 0.727599 0.573248 0.727599 0.573248 0.724014 0.579618 0.716846 0.579618 0.706093
0 0.487261 0.702509 0.484076 0.706093 0.484076 0.709677 0.480892 0.713262 0.484076 0.716846 0.484076 0.724014 0.487261 0.727599 0.500000 0.727599 0.503185 0.724014 0.503185 0.720430 0.506369 0.716846 0.506369 0.709677 0.500000 0.702509
0 0.649682 0.706093 0.643312 0.706093 0.640127 0.702509 0.630573 0.702509 0.627389 0.706093 0.621019 0.706093 0.617834 0.709677 0.614650 0.709677 0.611465 0.713262 0.611465 0.734767 0.617834 0.741935 0.643312 0.741935 0.646497 0.738351 0.646497 0.731183 0.652866 0.724014 0.652866 0.713262 0.649682 0.709677
0 0.455414 0.706093 0.452229 0.709677 0.452229 0.713262 0.449045 0.716846 0.452229 0.720430 0.452229 0.724014 0.455414 0.724014 0.458599 0.727599 0.468153 0.727599 0.471338 0.724014 0.471338 0.709677 0.468153 0.706093
0 0.171975 0.713262 0.171975 0.731183 0.178344 0.731183 0.184713 0.724014 0.184713 0.716846 0.181529 0.713262
0 0.222930 0.720430 0.219745 0.724014 0.219745 0.738351 0.222930 0.741935 0.226115 0.741935 0.232484 0.749104 0.235669 0.749104 0.242038 0.756272 0.245223 0.752688 0.245223 0.738351 0.242038 0.734767 0.242038 0.731183 0.232484 0.720430
0 0.659236 0.738351 0.671975 0.738351 0.681529 0.749104 0.691083 0.749104 0.694268 0.745520 0.697452 0.734767 0.694268 0.731183 0.694268 0.724014 0.691083 0.720430 0.678344 0.720430 0.671975 0.727599 0.668790 0.727599
0 0.000000 0.724014 0.000000 0.741935 0.003185 0.745520 0.000000 0.749104 0.006369 0.749104 0.006369 0.731183 0.003185 0.727599 0.003185 0.724014
0 0.722930 0.738351 0.722930 0.752688 0.729299 0.759857 0.745223 0.759857 0.745223 0.749104 0.742038 0.745520 0.742038 0.741935 0.738854 0.738351
0 0.219745 0.745520 0.213376 0.752688 0.213376 0.756272 0.216561 0.759857 0.216561 0.763441 0.222930 0.770609 0.222930 0.774194 0.226115 0.774194 0.229299 0.777778 0.235669 0.777778 0.238854 0.774194 0.238854 0.763441 0.235669 0.759857 0.238854 0.756272 0.235669 0.752688 0.232484 0.752688 0.226115 0.745520
0 0.184713 0.756272 0.181529 0.759857 0.181529 0.770609 0.187898 0.777778 0.200637 0.777778 0.203822 0.774194 0.203822 0.759857 0.200637 0.759857 0.197452 0.756272 0.194268 0.756272 0.191083 0.752688 0.187898 0.756272
0 0.853503 0.774194 0.853503 0.777778 0.856688 0.781362 0.869427 0.781362 0.869427 0.777778 0.872611 0.774194 0.866242 0.767025 0.859873 0.767025
0 0.783439 0.770609 0.780255 0.774194 0.780255 0.784946 0.792994 0.799283 0.796178 0.799283 0.799363 0.802867 0.805732 0.802867 0.805732 0.799283 0.808917 0.795699 0.808917 0.792115 0.805732 0.788530 0.805732 0.784946 0.796178 0.774194 0.792994 0.774194 0.789809 0.770609
0 0.168790 0.792115 0.168790 0.806452 0.175159 0.813620 0.178344 0.813620 0.181529 0.817204 0.184713 0.817204 0.187898 0.813620 0.191083 0.813620 0.191083 0.810036 0.194268 0.806452 0.194268 0.795699 0.191083 0.792115 0.187898 0.792115 0.184713 0.788530 0.175159 0.788530 0.171975 0.792115
0 0.222930 0.799283 0.219745 0.799283 0.210191 0.806452 0.210191 0.810036 0.207006 0.813620 0.207006 0.835125 0.219745 0.835125 0.229299 0.824373 0.229299 0.820789 0.232484 0.817204 0.232484 0.813620 0.229299 0.810036 0.229299 0.806452
0 0.506369 0.810036 0.506369 0.820789 0.509554 0.824373 0.515924 0.824373 0.519108 0.827957 0.531847 0.827957 0.541401 0.820789 0.541401 0.806452 0.538217 0.806452 0.535032 0.802867 0.515924 0.802867
0 0.576433 0.817204 0.576433 0.820789 0.582803 0.827957 0.585987 0.827957 0.589172 0.831541 0.592357 0.831541 0.601911 0.838710 0.611465 0.838710 0.614650 0.835125 0.617834 0.835125 0.617834 0.824373 0.611465 0.817204 0.598726 0.817204 0.595541 0.813620 0.579618 0.813620
0 0.812102 0.820789 0.812102 0.824373 0.815287 0.827957 0.815287 0.831541 0.824841 0.842294 0.840764 0.842294 0.843949 0.838710 0.843949 0.835125 0.831210 0.820789 0.828025 0.820789 0.824841 0.817204 0.815287 0.817204
0 0.404459 0.820789 0.401274 0.820789 0.398089 0.824373 0.394904 0.824373 0.388535 0.831541 0.388535 0.838710 0.394904 0.845878 0.404459 0.845878 0.404459 0.835125 0.407643 0.831541 0.407643 0.824373
0 0.703822 0.838710 0.694268 0.853047 0.694268 0.874552 0.703822 0.885305 0.707006 0.885305 0.710191 0.888889 0.716561 0.888889 0.726115 0.874552 0.726115 0.867384 0.729299 0.863799 0.729299 0.845878 0.719745 0.838710
0 0.257962 0.856631 0.257962 0.863799 0.273885 0.863799 0.273885 0.856631 0.270701 0.853047 0.261146 0.853047
0 0.219745 0.856631 0.210191 0.856631 0.197452 0.874552 0.197452 0.878136 0.194268 0.881720 0.194268 0.888889 0.200637 0.896057 0.216561 0.896057 0.226115 0.885305 0.226115 0.863799
0 0.783439 0.856631 0.767516 0.874552 0.767516 0.881720 0.770701 0.885305 0.770701 0.888889 0.777070 0.888889 0.783439 0.881720 0.783439 0.878136 0.786624 0.874552 0.786624 0.863799 0.783439 0.860215
0 0.837580 0.863799 0.840764 0.867384 0.840764 0.870968 0.856688 0.870968 0.859873 0.867384 0.863057 0.867384 0.869427 0.860215 0.869427 0.856631 0.863057 0.856631 0.859873 0.860215 0.856688 0.856631 0.843949 0.856631
0 0.006369 0.860215 0.003185 0.860215 0.003185 0.863799 0.000000 0.867384 0.000000 0.870968 0.003185 0.874552 0.003185 0.881720 0.009554 0.874552 0.009554 0.863799
0 0.270701 0.892473 0.267516 0.888889 0.257962 0.888889 0.251592 0.896057 0.248408 0.896057 0.238854 0.906810 0.238854 0.910394 0.261146 0.910394 0.270701 0.899642
0 0.799363 0.888889 0.789809 0.899642 0.789809 0.910394 0.792994 0.913978 0.796178 0.913978 0.799363 0.910394 0.802548 0.910394 0.805732 0.906810 0.805732 0.892473 0.802548 0.892473
0 0.745223 0.906810 0.738854 0.913978 0.738854 0.917563 0.735669 0.921147 0.735669 0.931900 0.738854 0.935484 0.738854 0.939068 0.742038 0.939068 0.745223 0.942652 0.754777 0.942652 0.761146 0.931900 0.761146 0.910394 0.757962 0.906810
0 0.531847 0.913978 0.528662 0.917563 0.528662 0.931900 0.531847 0.935484 0.531847 0.942652 0.535032 0.946237 0.538217 0.946237 0.541401 0.949821 0.544586 0.946237 0.547771 0.946237 0.547771 0.931900 0.541401 0.924731 0.541401 0.917563 0.538217 0.913978
0 0.194268 0.917563 0.184713 0.924731 0.184713 0.939068 0.191083 0.949821 0.203822 0.949821 0.207006 0.946237 0.210191 0.946237 0.210191 0.942652 0.213376 0.939068 0.213376 0.928315 0.210191 0.924731 0.210191 0.921147 0.207006 0.921147 0.203822 0.917563
0 0.257962 0.935484 0.257962 0.939068 0.261146 0.942652 0.277070 0.942652 0.280255 0.946237 0.292994 0.946237 0.296178 0.942652 0.296178 0.939068 0.292994 0.935484 0.292994 0.931900 0.289809 0.928315 0.286624 0.928315 0.277070 0.921147 0.273885 0.921147 0.270701 0.924731 0.267516 0.924731
0 0.378981 0.946237 0.369427 0.953405 0.369427 0.967742 0.375796 0.978495 0.385350 0.978495 0.391720 0.971326 0.391720 0.967742 0.394904 0.964158 0.394904 0.956989 0.391720 0.953405 0.391720 0.949821 0.388535 0.949821 0.385350 0.946237
0 0.140127 0.956989 0.140127 0.971326 0.143312 0.974910 0.143312 0.978495 0.149682 0.985663 0.156051 0.985663 0.156051 0.974910 0.152866 0.971326 0.152866 0.964158 0.149682 0.960573 0.149682 0.956989
0 0.216561 0.960573 0.207006 0.960573 0.203822 0.964158 0.200637 0.964158 0.197452 0.967742 0.197452 0.982079 0.200637 0.985663 0.213376 0.985663 0.213376 0.982079 0.216561 0.978495 0.216561 0.974910 0.219745 0.971326 0.219745 0.964158
0 0.337580 0.974910 0.331210 0.974910 0.324841 0.982079 0.324841 0.989247 0.331210 0.996416 0.334395 0.996416 0.337580 0.992832 0.340764 0.992832 0.340764 0.978495
0 0.175159 0.985663 0.175159 0.992832 0.191083 0.992832 0.191083 0.985663 0.184713 0.978495 0.181529 0.978495
