0 0.375796 0.003597 0.372611 0.003597 0.369427 0.000000 0.366242 0.000000 0.363057 0.003597 0.350318 0.003597 0.350318 0.010791 0.372611 0.010791 0.375796 0.007194
0 0.404459 0.003597 0.394904 0.003597 0.388535 0.010791 0.388535 0.014388 0.385350 0.017986 0.385350 0.025180 0.382166 0.028777 0.382166 0.032374 0.385350 0.035971 0.394904 0.035971 0.404459 0.025180 0.404459 0.021583 0.407643 0.017986 0.407643 0.007194
0 0.754777 0.003597 0.754777 0.007194 0.777070 0.032374 0.780255 0.028777 0.783439 0.032374 0.792994 0.032374 0.792994 0.025180 0.799363 0.014388 0.799363 0.003597
0 0.738854 0.010791 0.722930 0.032374 0.722930 0.053957 0.726115 0.061151 0.742038 0.075540 0.777070 0.079137 0.783439 0.068345 0.780255 0.039568 0.751592 0.007194
0 0.579618 0.021583 0.576433 0.039568 0.598726 0.093525 0.614650 0.107914 0.627389 0.111511 0.636943 0.107914 0.643312 0.097122 0.643312 0.082734 0.624204 0.035971 0.611465 0.021583 0.598726 0.017986
0 0.824841 0.025180 0.812102 0.043165 0.812102 0.089928 0.815287 0.100719 0.831210 0.115108 0.843949 0.107914 0.850318 0.111511 0.853503 0.100719 0.866242 0.086331 0.869427 0.046763 0.840764 0.025180
0 0.257962 0.043165 0.254777 0.046763 0.248408 0.046763 0.238854 0.057554 0.238854 0.086331 0.248408 0.100719 0.264331 0.100719 0.270701 0.097122 0.280255 0.079137 0.280255 0.068345 0.277070 0.064748 0.277070 0.057554 0.267516 0.046763 0.261146 0.046763
0 0.675159 0.093525 0.668790 0.104317 0.668790 0.125899 0.675159 0.140288 0.700637 0.165468 0.713376 0.172662 0.726115 0.169065 0.735669 0.151079 0.732484 0.129496 0.726115 0.118705 0.700637 0.093525 0.691083 0.093525 0.687898 0.089928
0 0.512739 0.111511 0.509554 0.115108 0.506369 0.115108 0.496815 0.125899 0.493631 0.125899 0.493631 0.136691 0.496815 0.140288 0.496815 0.143885 0.503185 0.151079 0.509554 0.143885 0.509554 0.125899 0.515924 0.115108
0 0.124204 0.158273 0.121019 0.161871 0.124204 0.165468 0.124204 0.169065 0.127389 0.172662 0.127389 0.176259 0.130573 0.176259 0.133758 0.179856 0.136943 0.179856 0.140127 0.176259 0.140127 0.172662 0.136943 0.169065 0.133758 0.169065
0 0.270701 0.165468 0.264331 0.165468 0.264331 0.169065 0.251592 0.183453 0.238854 0.212230 0.238854 0.237410 0.245223 0.237410 0.251592 0.230216 0.273885 0.179856 0.273885 0.169065
0 0.398089 0.169065 0.394904 0.169065 0.388535 0.176259 0.385350 0.176259 0.385350 0.179856 0.378981 0.187050 0.378981 0.190647 0.375796 0.194245 0.375796 0.205036 0.378981 0.205036 0.382166 0.208633 0.388535 0.208633 0.398089 0.201439 0.398089 0.197842 0.404459 0.187050 0.404459 0.176259
0 0.302548 0.179856 0.302548 0.187050 0.305732 0.190647 0.315287 0.190647 0.321656 0.197842 0.324841 0.197842 0.331210 0.190647 0.328025 0.187050 0.328025 0.183453 0.324841 0.179856 0.315287 0.179856 0.312102 0.176259 0.305732 0.176259
0 0.149682 0.194245 0.143312 0.201439 0.143312 0.205036 0.140127 0.208633 0.140127 0.215827 0.143312 0.219424 0.143312 0.223022 0.146497 0.226619 0.156051 0.226619 0.159236 0.223022 0.159236 0.194245
0 0.560510 0.212230 0.557325 0.215827 0.554140 0.215827 0.550955 0.219424 0.550955 0.230216 0.554140 0.233813 0.554140 0.237410 0.557325 0.241007 0.566879 0.241007 0.570064 0.237410 0.573248 0.237410 0.576433 0.233813 0.576433 0.223022 0.570064 0.215827 0.566879 0.215827 0.563694 0.212230
0 0.828025 0.212230 0.815287 0.212230 0.812102 0.215827 0.808917 0.215827 0.808917 0.219424 0.802548 0.226619 0.802548 0.244604 0.808917 0.251799 0.818471 0.251799 0.831210 0.237410 0.831210 0.233813 0.834395 0.230216 0.834395 0.223022
0 0.366242 0.219424 0.363057 0.223022 0.363057 0.233813 0.366242 0.237410 0.366242 0.241007 0.369427 0.244604 0.382166 0.244604 0.382166 0.241007 0.385350 0.237410 0.385350 0.226619 0.382166 0.223022 0.378981 0.223022 0.375796 0.219424
0 0.898089 0.233813 0.875796 0.233813 0.872611 0.237410 0.863057 0.237410 0.853503 0.244604 0.850318 0.251799 0.850318 0.284173 0.866242 0.305755 0.878981 0.309353 0.888535 0.305755 0.898089 0.294964 0.901274 0.266187 0.904459 0.262590 0.904459 0.241007
0 0.280255 0.244604 0.273885 0.244604 0.261146 0.258993 0.261146 0.273381 0.267516 0.280576 0.277070 0.280576 0.280255 0.276978 0.283439 0.276978 0.283439 0.273381 0.286624 0.269784 0.286624 0.251799
0 0.417197 0.244604 0.414013 0.248201 0.410828 0.248201 0.410828 0.255396 0.407643 0.258993 0.407643 0.262590 0.410828 0.266187 0.414013 0.262590 0.420382 0.262590 0.420382 0.258993 0.423567 0.255396 0.423567 0.251799
0 0.363057 0.258993 0.353503 0.262590 0.347134 0.269784 0.347134 0.273381 0.343949 0.276978 0.343949 0.302158 0.347134 0.305755 0.359873 0.305755 0.369427 0.287770 0.369427 0.266187
0 0.429936 0.280576 0.429936 0.294964 0.433121 0.298561 0.436306 0.298561 0.439490 0.302158 0.445860 0.302158 0.458599 0.312950 0.464968 0.312950 0.468153 0.309353 0.474522 0.316547 0.477707 0.316547 0.477707 0.309353 0.474522 0.305755 0.468153 0.305755 0.455414 0.284173 0.452229 0.284173 0.445860 0.276978 0.436306 0.276978 0.433121 0.280576
0 0.251592 0.294964 0.242038 0.291367 0.242038 0.294964 0.226115 0.309353 0.226115 0.312950 0.222930 0.316547 0.222930 0.323741 0.226115 0.327338 0.232484 0.327338 0.242038 0.316547 0.242038 0.309353 0.245223 0.305755 0.251592 0.305755 0.254777 0.302158 0.251592 0.298561
0 0.038217 0.316547 0.038217 0.352518 0.041401 0.356115 0.041401 0.363309 0.044586 0.366906 0.050955 0.366906 0.060510 0.356115 0.060510 0.352518 0.063694 0.348921 0.063694 0.341727 0.060510 0.338129 0.054140 0.320144 0.050955 0.320144 0.047771 0.316547
0 0.073248 0.316547 0.070064 0.320144 0.070064 0.327338 0.073248 0.330935 0.073248 0.334532 0.079618 0.341727 0.082803 0.341727 0.085987 0.345324 0.092357 0.338129 0.092357 0.330935 0.079618 0.316547
0 0.187898 0.338129 0.187898 0.341727 0.200637 0.356115 0.203822 0.356115 0.207006 0.352518 0.203822 0.348921 0.203822 0.345324 0.194268 0.334532 0.191083 0.338129
0 0.404459 0.341727 0.398089 0.348921 0.394904 0.348921 0.391720 0.356115 0.391720 0.374101 0.398089 0.388489 0.404459 0.392086 0.423567 0.392086 0.433121 0.377698 0.433121 0.370504 0.436306 0.366906 0.436306 0.356115 0.429936 0.348921 0.429936 0.345324 0.423567 0.341727
0 0.315287 0.356115 0.312102 0.359712 0.312102 0.377698 0.315287 0.377698 0.318471 0.381295 0.318471 0.388489 0.321656 0.392086 0.324841 0.388489 0.324841 0.381295 0.321656 0.377698 0.321656 0.366906 0.318471 0.363309 0.318471 0.359712
0 0.656051 0.370504 0.652866 0.374101 0.652866 0.384892 0.656051 0.388489 0.656051 0.392086 0.665605 0.402878 0.668790 0.399281 0.668790 0.374101 0.665605 0.370504
0 0.834395 0.370504 0.821656 0.377698 0.812102 0.399281 0.812102 0.431655 0.828025 0.449640 0.847134 0.453237 0.859873 0.446043 0.872611 0.431655 0.872611 0.406475 0.853503 0.374101
0 0.165605 0.377698 0.162420 0.377698 0.159236 0.381295 0.152866 0.381295 0.152866 0.406475 0.156051 0.410072 0.156051 0.413669 0.159236 0.413669 0.162420 0.417266 0.168790 0.410072 0.168790 0.406475 0.171975 0.402878 0.168790 0.399281 0.168790 0.381295
0 0.009554 0.392086 0.009554 0.395683 0.012739 0.399281 0.022293 0.399281 0.022293 0.388489 0.012739 0.388489
0 0.363057 0.395683 0.363057 0.406475 0.366242 0.406475 0.369427 0.410072 0.372611 0.410072 0.375796 0.413669 0.382166 0.413669 0.385350 0.410072 0.385350 0.406475 0.378981 0.399281 0.378981 0.395683
0 0.184713 0.399281 0.184713 0.410072 0.187898 0.413669 0.191083 0.413669 0.194268 0.410072 0.194268 0.406475 0.187898 0.399281
0 0.474522 0.424460 0.464968 0.424460 0.461783 0.428058 0.458599 0.428058 0.452229 0.435252 0.452229 0.453237 0.455414 0.456835 0.455414 0.460432 0.458599 0.464029 0.464968 0.464029 0.468153 0.467626 0.471338 0.464029 0.474522 0.464029 0.480892 0.456835 0.480892 0.431655
0 0.356688 0.428058 0.353503 0.431655 0.353503 0.460432 0.356688 0.464029 0.356688 0.474820 0.363057 0.489209 0.369427 0.492806 0.375796 0.489209 0.378981 0.482014 0.378981 0.474820 0.385350 0.464029 0.385350 0.446043 0.372611 0.428058
0 0.404459 0.446043 0.404459 0.453237 0.407643 0.456835 0.407643 0.464029 0.410828 0.467626 0.414013 0.467626 0.417197 0.471223 0.426752 0.471223 0.429936 0.467626 0.433121 0.467626 0.433121 0.464029 0.436306 0.460432 0.436306 0.453237 0.426752 0.442446 0.420382 0.442446 0.417197 0.438849 0.410828 0.438849
0 0.159236 0.446043 0.156051 0.449640 0.156051 0.474820 0.159236 0.478417 0.162420 0.478417 0.168790 0.471223 0.168790 0.449640 0.165605 0.449640 0.162420 0.446043
0 0.296178 0.446043 0.286624 0.456835 0.286624 0.474820 0.289809 0.474820 0.292994 0.478417 0.302548 0.478417 0.308917 0.467626 0.308917 0.449640 0.305732 0.446043
0 0.331210 0.446043 0.324841 0.453237 0.324841 0.474820 0.328025 0.478417 0.328025 0.482014 0.331210 0.482014 0.334395 0.485612 0.337580 0.485612 0.343949 0.478417 0.343949 0.460432 0.340764 0.456835 0.340764 0.453237 0.334395 0.446043
0 0.742038 0.446043 0.729299 0.464029 0.735669 0.496403 0.751592 0.514388 0.770701 0.525180 0.786624 0.521583 0.789809 0.500000 0.783439 0.478417 0.764331 0.449640 0.757962 0.446043
0 0.242038 0.456835 0.238854 0.460432 0.238854 0.482014 0.242038 0.485612 0.242038 0.489209 0.248408 0.496403 0.251592 0.496403 0.254777 0.500000 0.267516 0.500000 0.270701 0.496403 0.270701 0.489209 0.267516 0.485612 0.267516 0.467626 0.264331 0.464029 0.264331 0.460432 0.257962 0.453237 0.248408 0.453237 0.245223 0.456835
0 0.643312 0.453237 0.636943 0.453237 0.636943 0.456835 0.633758 0.460432 0.633758 0.474820 0.640127 0.482014 0.640127 0.467626 0.643312 0.464029
0 0.920382 0.500000 0.882166 0.474820 0.869427 0.471223 0.853503 0.474820 0.843949 0.482014 0.834395 0.500000 0.831210 0.532374 0.853503 0.557554 0.872611 0.557554 0.904459 0.532374 0.923567 0.525180
0 0.480892 0.485612 0.480892 0.489209 0.484076 0.492806 0.484076 0.496403 0.493631 0.503597 0.509554 0.503597 0.512739 0.500000 0.512739 0.485612 0.509554 0.482014 0.509554 0.478417 0.506369 0.478417 0.503185 0.474820 0.496815 0.474820 0.493631 0.478417 0.487261 0.478417
0 0.111465 0.478417 0.101911 0.478417 0.092357 0.485612 0.092357 0.489209 0.085987 0.500000 0.085987 0.510791 0.089172 0.514388 0.089172 0.517986 0.092357 0.517986 0.095541 0.521583 0.105096 0.521583 0.108280 0.517986 0.111465 0.517986 0.121019 0.507194 0.121019 0.492806 0.117834 0.489209 0.117834 0.485612
0 0.652866 0.482014 0.646497 0.489209 0.646497 0.496403 0.649682 0.500000 0.649682 0.503597 0.652866 0.507194 0.652866 0.510791 0.656051 0.510791 0.659236 0.514388 0.665605 0.514388 0.671975 0.503597 0.671975 0.489209 0.665605 0.482014
0 0.028662 0.489209 0.025478 0.492806 0.025478 0.514388 0.031847 0.521583 0.044586 0.521583 0.050955 0.514388 0.050955 0.500000 0.041401 0.489209
0 0.286624 0.496403 0.280255 0.503597 0.280255 0.510791 0.277070 0.514388 0.277070 0.517986 0.283439 0.525180 0.286624 0.525180 0.289809 0.528777 0.296178 0.528777 0.305732 0.535971 0.315287 0.535971 0.315287 0.532374 0.318471 0.528777 0.315287 0.525180 0.315287 0.521583 0.312102 0.517986 0.308917 0.517986 0.296178 0.503597 0.296178 0.500000 0.292994 0.496403
0 0.000000 0.500000 0.000000 0.510791 0.003185 0.514388 0.003185 0.525180 0.006369 0.521583 0.006369 0.514388 0.009554 0.510791 0.006369 0.507194 0.006369 0.503597 0.003185 0.500000
0 0.423567 0.517986 0.423567 0.525180 0.426752 0.528777 0.429936 0.528777 0.433121 0.532374 0.445860 0.532374 0.445860 0.517986 0.442675 0.514388 0.439490 0.514388 0.436306 0.510791 0.429936 0.510791
0 0.477707 0.525180 0.477707 0.528777 0.480892 0.532374 0.480892 0.535971 0.484076 0.535971 0.493631 0.543165 0.496815 0.543165 0.500000 0.539568 0.503185 0.539568 0.509554 0.532374 0.509554 0.521583 0.503185 0.514388 0.484076 0.514388
0 0.273885 0.517986 0.264331 0.521583 0.257962 0.532374 0.257962 0.535971 0.261146 0.539568 0.261146 0.557554 0.264331 0.561151 0.270701 0.561151 0.273885 0.557554 0.273885 0.553957 0.280255 0.543165 0.280255 0.525180
0 0.025478 0.528777 0.022293 0.528777 0.019108 0.525180 0.015924 0.525180 0.009554 0.532374 0.006369 0.532374 0.003185 0.535971 0.003185 0.550360 0.006369 0.550360 0.015924 0.539568 0.022293 0.539568 0.025478 0.535971
0 0.624204 0.535971 0.621019 0.539568 0.621019 0.561151 0.633758 0.575540 0.636943 0.575540 0.640127 0.579137 0.652866 0.579137 0.652866 0.564748 0.649682 0.561151 0.643312 0.543165 0.640127 0.543165 0.633758 0.535971
0 0.745223 0.535971 0.738854 0.543165 0.738854 0.564748 0.754777 0.607914 0.767516 0.625899 0.792994 0.633094 0.802548 0.615108 0.792994 0.571942 0.777070 0.546763 0.761146 0.535971
0 0.035032 0.539568 0.035032 0.543165 0.028662 0.550360 0.028662 0.553957 0.025478 0.557554 0.025478 0.579137 0.031847 0.586331 0.044586 0.586331 0.050955 0.579137 0.050955 0.575540 0.054140 0.571942 0.054140 0.561151 0.050955 0.557554 0.050955 0.550360 0.047771 0.546763 0.047771 0.543165 0.044586 0.539568
0 0.410828 0.550360 0.410828 0.553957 0.414013 0.557554 0.417197 0.557554 0.420382 0.561151 0.439490 0.561151 0.442675 0.557554 0.442675 0.543165 0.423567 0.543165 0.420382 0.546763 0.414013 0.546763
0 0.378981 0.546763 0.375796 0.546763 0.366242 0.557554 0.363057 0.557554 0.363057 0.564748 0.369427 0.564748 0.372611 0.561151 0.375796 0.561151 0.378981 0.557554
0 0.828025 0.564748 0.828025 0.568345 0.821656 0.575540 0.821656 0.600719 0.824841 0.607914 0.837580 0.622302 0.850318 0.625899 0.856688 0.622302 0.863057 0.611511 0.863057 0.589928 0.859873 0.582734 0.840764 0.564748
0 0.292994 0.579137 0.283439 0.586331 0.280255 0.597122 0.283439 0.600719 0.283439 0.607914 0.289809 0.615108 0.302548 0.615108 0.308917 0.607914 0.312102 0.607914 0.312102 0.604317 0.315287 0.600719 0.315287 0.586331 0.308917 0.579137
0 0.391720 0.582734 0.385350 0.582734 0.378981 0.589928 0.378981 0.593525 0.372611 0.604317 0.372611 0.611511 0.375796 0.615108 0.375796 0.618705 0.378981 0.618705 0.382166 0.622302 0.388535 0.622302 0.391720 0.618705 0.394904 0.618705 0.394904 0.615108 0.401274 0.607914 0.401274 0.593525 0.398089 0.589928 0.398089 0.586331 0.394904 0.586331
0 0.248408 0.586331 0.238854 0.597122 0.238854 0.615108 0.245223 0.622302 0.254777 0.622302 0.261146 0.615108 0.261146 0.611511 0.264331 0.607914 0.264331 0.600719 0.261146 0.597122 0.261146 0.593525 0.254777 0.586331
0 0.060510 0.589928 0.057325 0.593525 0.054140 0.593525 0.044586 0.604317 0.044586 0.615108 0.050955 0.625899 0.054140 0.625899 0.057325 0.629496 0.060510 0.625899 0.070064 0.629496 0.070064 0.625899 0.076433 0.618705 0.076433 0.615108 0.073248 0.611511 0.073248 0.597122 0.066879 0.589928
0 0.649682 0.607914 0.646497 0.611511 0.646497 0.629496 0.649682 0.633094 0.649682 0.636691 0.659236 0.647482 0.662420 0.647482 0.668790 0.640288 0.668790 0.618705 0.662420 0.607914
0 0.070064 0.633094 0.073248 0.636691 0.073248 0.643885 0.076433 0.643885 0.079618 0.647482 0.095541 0.647482 0.098726 0.643885 0.105096 0.643885 0.111465 0.636691 0.111465 0.625899 0.108280 0.625899 0.101911 0.618705 0.092357 0.618705 0.089172 0.615108 0.085987 0.615108 0.082803 0.618705 0.079618 0.618705 0.073248 0.625899 0.073248 0.629496
0 0.191083 0.615108 0.187898 0.618705 0.187898 0.651079 0.194268 0.661871 0.197452 0.687050 0.200637 0.694245 0.210191 0.701439 0.219745 0.690647 0.219745 0.679856 0.222930 0.676259 0.222930 0.647482 0.216561 0.629496 0.203822 0.618705
0 0.636943 0.633094 0.633758 0.636691 0.633758 0.643885 0.640127 0.654676 0.640127 0.672662 0.649682 0.683453 0.652866 0.683453 0.656051 0.679856 0.656051 0.672662 0.649682 0.665468 0.646497 0.654676 0.643312 0.654676 0.640127 0.651079 0.640127 0.636691
0 0.248408 0.636691 0.242038 0.643885 0.242038 0.665468 0.251592 0.672662 0.270701 0.672662 0.277070 0.661871 0.277070 0.651079 0.267516 0.640288 0.264331 0.640288 0.261146 0.636691
0 0.576433 0.636691 0.570064 0.636691 0.563694 0.643885 0.563694 0.647482 0.560510 0.651079 0.560510 0.669065 0.570064 0.676259 0.576433 0.669065 0.576433 0.658273 0.579618 0.654676 0.579618 0.643885 0.576433 0.640288
0 0.426752 0.640288 0.417197 0.651079 0.417197 0.661871 0.420382 0.665468 0.423567 0.665468 0.426752 0.669065 0.429936 0.669065 0.433121 0.672662 0.442675 0.676259 0.449045 0.669065 0.445860 0.665468 0.445860 0.658273 0.442675 0.654676 0.442675 0.651079 0.436306 0.643885
0 0.783439 0.647482 0.780255 0.651079 0.780255 0.661871 0.792994 0.676259 0.799363 0.676259 0.802548 0.672662 0.802548 0.665468 0.799363 0.661871 0.796178 0.661871 0.792994 0.658273 0.792994 0.654676 0.789809 0.651079 0.786624 0.651079
0 0.369427 0.651079 0.356688 0.665468 0.356688 0.679856 0.363057 0.687050 0.366242 0.687050 0.369427 0.690647 0.378981 0.690647 0.385350 0.683453 0.385350 0.676259 0.388535 0.672662 0.388535 0.669065 0.385350 0.665468 0.385350 0.661871 0.375796 0.651079
0 0.528662 0.658273 0.522293 0.651079 0.509554 0.651079 0.506369 0.654676 0.500000 0.654676 0.496815 0.658273 0.490446 0.658273 0.487261 0.661871 0.487261 0.676259 0.493631 0.683453 0.500000 0.683453 0.503185 0.687050 0.509554 0.687050 0.512739 0.683453 0.519108 0.683453 0.528662 0.672662
0 0.171975 0.654676 0.168790 0.658273 0.168790 0.665468 0.165605 0.669065 0.165605 0.683453 0.168790 0.687050 0.168790 0.694245 0.175159 0.701439 0.175159 0.705036 0.187898 0.705036 0.191083 0.701439 0.191083 0.679856 0.184713 0.669065 0.184713 0.661871 0.178344 0.654676
0 0.856688 0.665468 0.856688 0.683453 0.863057 0.690647 0.866242 0.690647 0.869427 0.694245 0.872611 0.690647 0.882166 0.690647 0.885350 0.687050 0.885350 0.679856 0.878981 0.672662 0.875796 0.672662 0.866242 0.665468
0 0.449045 0.672662 0.445860 0.676259 0.445860 0.705036 0.449045 0.708633 0.452229 0.733813 0.455414 0.741007 0.461783 0.741007 0.468153 0.730216 0.464968 0.723022 0.464968 0.708633 0.468153 0.705036 0.468153 0.697842 0.464968 0.694245 0.464968 0.687050 0.461783 0.679856 0.455414 0.672662
0 0.614650 0.683453 0.611465 0.687050 0.611465 0.697842 0.614650 0.701439 0.614650 0.705036 0.621019 0.712230 0.621019 0.715827 0.624204 0.719424 0.630573 0.719424 0.630573 0.705036 0.627389 0.701439 0.627389 0.694245 0.617834 0.683453
0 0.232484 0.705036 0.232484 0.712230 0.235669 0.712230 0.238854 0.708633 0.245223 0.715827 0.248408 0.715827 0.251592 0.719424 0.264331 0.719424 0.273885 0.712230 0.277070 0.701439 0.273885 0.697842 0.273885 0.694245 0.270701 0.694245 0.267516 0.690647 0.248408 0.690647 0.245223 0.694245 0.242038 0.694245
0 0.592357 0.690647 0.589172 0.694245 0.585987 0.694245 0.579618 0.705036 0.579618 0.726619 0.582803 0.730216 0.582803 0.733813 0.589172 0.741007 0.601911 0.741007 0.608280 0.733813 0.608280 0.705036 0.601911 0.694245
0 0.831210 0.697842 0.828025 0.715827 0.834395 0.730216 0.847134 0.744604 0.878981 0.762590 0.888535 0.762590 0.898089 0.755396 0.901274 0.741007 0.891720 0.719424 0.882166 0.708633 0.843949 0.690647
0 0.512739 0.701439 0.500000 0.701439 0.496815 0.705036 0.490446 0.705036 0.490446 0.708633 0.487261 0.712230 0.487261 0.733813 0.496815 0.737410 0.500000 0.733813 0.506369 0.733813 0.515924 0.723022 0.515924 0.715827 0.519108 0.712230
0 0.656051 0.701439 0.652866 0.705036 0.652866 0.708633 0.649682 0.712230 0.652866 0.715827 0.652866 0.723022 0.659236 0.730216 0.671975 0.730216 0.675159 0.726619 0.675159 0.712230 0.671975 0.708633 0.671975 0.705036 0.668790 0.701439
0 0.019108 0.708633 0.015924 0.712230 0.012739 0.712230 0.012739 0.715827 0.009554 0.719424 0.009554 0.730216 0.012739 0.733813 0.012739 0.737410 0.022293 0.748201 0.031847 0.748201 0.038217 0.737410 0.038217 0.715827 0.031847 0.708633
0 0.114650 0.719424 0.101911 0.719424 0.098726 0.723022 0.098726 0.744604 0.101911 0.748201 0.105096 0.748201 0.108280 0.751799 0.111465 0.748201 0.114650 0.748201 0.121019 0.741007 0.121019 0.726619
0 0.283439 0.730216 0.280255 0.733813 0.273885 0.733813 0.270701 0.737410 0.267516 0.748201 0.270701 0.751799 0.270701 0.755396 0.277070 0.762590 0.286624 0.766187 0.289809 0.762590 0.292994 0.762590 0.299363 0.755396 0.299363 0.741007 0.296178 0.737410 0.292994 0.737410 0.286624 0.730216
0 0.541401 0.741007 0.535032 0.744604 0.528662 0.755396 0.531847 0.787770 0.544586 0.809353 0.557325 0.823741 0.563694 0.823741 0.570064 0.812950 0.570064 0.780576 0.557325 0.751799 0.550955 0.744604 0.544586 0.744604
0 0.050955 0.748201 0.047771 0.751799 0.044586 0.751799 0.044586 0.755396 0.038217 0.766187 0.038217 0.791367 0.044586 0.798561 0.060510 0.798561 0.060510 0.794964 0.066879 0.784173 0.066879 0.755396 0.060510 0.748201
0 0.506369 0.758993 0.503185 0.762590 0.503185 0.784173 0.506369 0.784173 0.506369 0.780576 0.509554 0.776978 0.509554 0.762590
0 0.286624 0.780576 0.277070 0.780576 0.273885 0.784173 0.270701 0.784173 0.264331 0.791367 0.264331 0.802158 0.261146 0.805755 0.267516 0.812950 0.270701 0.812950 0.273885 0.816547 0.280255 0.816547 0.289809 0.809353 0.289809 0.805755 0.292994 0.802158 0.292994 0.787770
0 0.401274 0.791367 0.391720 0.802158 0.391720 0.809353 0.388535 0.812950 0.388535 0.816547 0.407643 0.834532 0.429936 0.834532 0.429936 0.830935 0.433121 0.827338 0.433121 0.812950 0.429936 0.809353 0.429936 0.805755 0.420382 0.794964 0.417197 0.794964 0.414013 0.791367
0 0.171975 0.794964 0.162420 0.805755 0.162420 0.816547 0.168790 0.823741 0.168790 0.827338 0.171975 0.827338 0.181529 0.834532 0.187898 0.834532 0.194268 0.827338 0.194268 0.812950 0.191083 0.809353 0.191083 0.805755 0.181529 0.794964
0 0.531847 0.794964 0.528662 0.794964 0.519108 0.805755 0.519108 0.809353 0.515924 0.812950 0.515924 0.820144 0.519108 0.823741 0.519108 0.827338 0.538217 0.827338 0.544586 0.816547 0.544586 0.812950 0.541401 0.809353 0.541401 0.805755
0 0.455414 0.805755 0.449045 0.812950 0.449045 0.827338 0.452229 0.830935 0.452229 0.834532 0.455414 0.838129 0.461783 0.838129 0.461783 0.834532 0.468153 0.827338 0.468153 0.809353 0.464968 0.805755
0 0.226115 0.809353 0.219745 0.816547 0.219745 0.856115 0.226115 0.863309 0.229299 0.863309 0.235669 0.856115 0.235669 0.848921 0.238854 0.845324 0.238854 0.838129 0.242038 0.834532 0.242038 0.823741 0.235669 0.816547 0.235669 0.812950
0 0.684713 0.809353 0.678344 0.820144 0.678344 0.827338 0.681529 0.830935 0.681529 0.834532 0.687898 0.841727 0.703822 0.841727 0.703822 0.823741 0.694268 0.812950 0.691083 0.812950 0.687898 0.809353
0 0.079618 0.812950 0.076433 0.816547 0.076433 0.823741 0.079618 0.827338 0.079618 0.834532 0.085987 0.841727 0.089172 0.841727 0.092357 0.845324 0.095541 0.845324 0.098726 0.841727 0.101911 0.841727 0.105096 0.838129 0.105096 0.823741 0.095541 0.812950
0 0.315287 0.816547 0.305732 0.816547 0.286624 0.841727 0.286624 0.870504 0.292994 0.881295 0.302548 0.881295 0.302548 0.874101 0.308917 0.863309 0.312102 0.845324 0.318471 0.834532 0.318471 0.830935 0.312102 0.830935 0.308917 0.827338 0.308917 0.823741
0 0.366242 0.816547 0.359873 0.816547 0.353503 0.823741 0.350318 0.845324 0.347134 0.848921 0.347134 0.881295 0.350318 0.884892 0.353503 0.899281 0.359873 0.899281 0.369427 0.881295 0.369427 0.823741
0 0.277070 0.834532 0.264331 0.834532 0.257962 0.838129 0.248408 0.859712 0.248408 0.874101 0.254777 0.888489 0.264331 0.895683 0.267516 0.895683 0.273885 0.888489 0.273885 0.877698 0.283439 0.866906 0.283439 0.845324
0 0.535032 0.841727 0.525478 0.848921 0.525478 0.859712 0.528662 0.863309 0.531847 0.874101 0.535032 0.874101 0.538217 0.877698 0.544586 0.877698 0.547771 0.874101 0.550955 0.874101 0.550955 0.870504 0.557325 0.859712 0.557325 0.848921 0.550955 0.841727
0 0.041401 0.856115 0.031847 0.848921 0.019108 0.848921 0.015924 0.852518 0.012739 0.852518 0.003185 0.866906 0.003185 0.884892 0.006369 0.888489 0.006369 0.892086 0.025478 0.892086 0.028662 0.888489 0.035032 0.888489 0.038217 0.884892 0.041401 0.884892 0.041401 0.881295 0.044586 0.877698 0.044586 0.863309 0.041401 0.859712
0 0.334395 0.852518 0.331210 0.852518 0.328025 0.856115 0.328025 0.859712 0.321656 0.870504 0.321656 0.899281 0.324841 0.899281 0.331210 0.892086 0.331210 0.888489 0.334395 0.884892 0.337580 0.884892 0.337580 0.856115
0 0.474522 0.874101 0.471338 0.877698 0.471338 0.881295 0.474522 0.884892 0.477707 0.884892 0.480892 0.888489 0.487261 0.881295 0.487261 0.877698 0.484076 0.874101
