0 0.455414 0.003597 0.452229 0.003597 0.449045 0.000000 0.445860 0.003597 0.423567 0.003597 0.423567 0.010791 0.426752 0.014388 0.429936 0.014388 0.433121 0.017986 0.436306 0.017986 0.439490 0.021583 0.442675 0.017986 0.449045 0.017986 0.455414 0.010791
0 0.471338 0.003597 0.474522 0.007194 0.474522 0.010791 0.477707 0.010791 0.480892 0.014388 0.506369 0.014388 0.512739 0.007194 0.506369 0.000000 0.493631 0.000000 0.490446 0.003597 0.484076 0.003597 0.480892 0.000000 0.474522 0.000000
0 0.003185 0.003597 0.000000 0.007194 0.000000 0.010791 0.003185 0.014388 0.003185 0.025180 0.012739 0.025180 0.022293 0.014388 0.022293 0.010791 0.019108 0.007194 0.015924 0.007194 0.012739 0.003597
0 0.143312 0.003597 0.111465 0.003597 0.105096 0.014388 0.105096 0.025180 0.101911 0.028777 0.105096 0.032374 0.105096 0.035971 0.108280 0.039568 0.121019 0.039568 0.124204 0.035971 0.127389 0.035971 0.130573 0.032374 0.136943 0.014388 0.143312 0.007194
0 0.614650 0.007194 0.601911 0.021583 0.601911 0.028777 0.611465 0.028777 0.614650 0.025180 0.611465 0.021583 0.617834 0.014388 0.617834 0.010791
0 0.713376 0.014388 0.707006 0.021583 0.707006 0.035971 0.713376 0.043165 0.719745 0.043165 0.726115 0.035971 0.726115 0.021583 0.719745 0.014388
0 0.159236 0.035971 0.162420 0.046763 0.171975 0.057554 0.184713 0.064748 0.194268 0.064748 0.197452 0.068345 0.200637 0.064748 0.210191 0.064748 0.213376 0.061151 0.213376 0.039568 0.197452 0.021583 0.178344 0.017986 0.171975 0.021583
0 0.414013 0.017986 0.401274 0.017986 0.394904 0.025180 0.391720 0.025180 0.391720 0.043165 0.394904 0.043165 0.398089 0.046763 0.404459 0.046763 0.407643 0.043165 0.410828 0.043165 0.417197 0.035971 0.417197 0.021583
0 0.630573 0.021583 0.627389 0.025180 0.627389 0.043165 0.636943 0.043165 0.636943 0.039568 0.640127 0.035971 0.640127 0.032374 0.643312 0.028777 0.643312 0.025180 0.640127 0.021583
0 0.834395 0.021583 0.818471 0.021583 0.812102 0.028777 0.812102 0.050360 0.818471 0.057554 0.821656 0.057554 0.828025 0.050360 0.831210 0.050360 0.834395 0.046763 0.834395 0.039568 0.837580 0.035971 0.837580 0.028777 0.834395 0.025180
0 0.471338 0.028777 0.461783 0.028777 0.452229 0.039568 0.452229 0.053957 0.455414 0.053957 0.458599 0.057554 0.461783 0.057554 0.464968 0.053957 0.468153 0.053957 0.474522 0.046763 0.474522 0.032374
0 0.535032 0.032374 0.531847 0.035971 0.531847 0.057554 0.535032 0.061151 0.535032 0.064748 0.538217 0.064748 0.541401 0.068345 0.544586 0.068345 0.547771 0.064748 0.547771 0.053957 0.550955 0.050360 0.550955 0.039568 0.544586 0.032374
0 0.439490 0.035971 0.426752 0.035971 0.417197 0.046763 0.417197 0.053957 0.420382 0.057554 0.426752 0.057554 0.439490 0.043165
0 0.022293 0.039568 0.006369 0.050360 0.006369 0.061151 0.022293 0.079137 0.031847 0.079137 0.035032 0.082734 0.035032 0.086331 0.035032 0.082734 0.044586 0.071942 0.044586 0.050360 0.041401 0.046763 0.041401 0.043165 0.038217 0.043165 0.035032 0.039568
0 0.592357 0.046763 0.585987 0.053957 0.585987 0.068345 0.595541 0.079137 0.605096 0.079137 0.611465 0.071942 0.611465 0.068345 0.614650 0.064748 0.614650 0.053957 0.605096 0.046763
0 0.369427 0.050360 0.366242 0.050360 0.356688 0.061151 0.356688 0.064748 0.353503 0.068345 0.353503 0.079137 0.356688 0.082734 0.356688 0.086331 0.359873 0.086331 0.363057 0.082734 0.369427 0.082734 0.375796 0.075540 0.375796 0.071942 0.378981 0.068345 0.378981 0.061151
0 0.515924 0.064748 0.506369 0.064748 0.500000 0.071942 0.500000 0.082734 0.496815 0.086331 0.496815 0.100719 0.515924 0.100719 0.515924 0.097122 0.522293 0.086331 0.522293 0.071942
0 0.678344 0.075540 0.678344 0.079137 0.684713 0.086331 0.687898 0.086331 0.691083 0.089928 0.697452 0.089928 0.700637 0.086331 0.703822 0.086331 0.703822 0.082734 0.707006 0.079137 0.707006 0.075540 0.703822 0.071942 0.700637 0.071942 0.697452 0.068345 0.684713 0.068345
0 0.079618 0.089928 0.085987 0.100719 0.085987 0.111511 0.092357 0.125899 0.117834 0.125899 0.121019 0.122302 0.127389 0.122302 0.133758 0.118705 0.143312 0.104317 0.143312 0.089928 0.130573 0.075540 0.092357 0.075540 0.085987 0.079137
0 0.245223 0.093525 0.248408 0.104317 0.264331 0.118705 0.286624 0.122302 0.299363 0.115108 0.299363 0.104317 0.292994 0.089928 0.277070 0.079137 0.257962 0.079137 0.251592 0.082734
0 0.898089 0.082734 0.894904 0.079137 0.888535 0.079137 0.885350 0.082734 0.882166 0.082734 0.872611 0.093525 0.872611 0.100719 0.885350 0.100719 0.894904 0.089928 0.898089 0.089928
0 0.378981 0.082734 0.375796 0.086331 0.375796 0.089928 0.372611 0.093525 0.372611 0.100719 0.375796 0.104317 0.375796 0.107914 0.388535 0.107914 0.391720 0.104317 0.391720 0.097122 0.394904 0.093525 0.391720 0.089928 0.391720 0.086331 0.388535 0.082734
0 0.726115 0.086331 0.722930 0.089928 0.722930 0.107914 0.726115 0.111511 0.729299 0.122302 0.735669 0.129496 0.742038 0.129496 0.748408 0.122302 0.748408 0.118705 0.751592 0.115108 0.751592 0.104317 0.742038 0.086331
0 0.433121 0.089928 0.423567 0.089928 0.410828 0.104317 0.410828 0.115108 0.414013 0.118705 0.423567 0.118705 0.426752 0.115108 0.429936 0.115108 0.429936 0.111511 0.433121 0.107914 0.433121 0.104317 0.436306 0.100719 0.436306 0.093525
0 0.633758 0.089928 0.630573 0.093525 0.630573 0.104317 0.633758 0.107914 0.633758 0.115108 0.643312 0.115108 0.646497 0.111511 0.649682 0.111511 0.649682 0.107914 0.652866 0.104317 0.652866 0.100719 0.649682 0.097122 0.646497 0.097122 0.640127 0.089928
0 0.582803 0.093525 0.579618 0.093525 0.576433 0.097122 0.573248 0.097122 0.573248 0.100719 0.566879 0.107914 0.566879 0.122302 0.570064 0.125899 0.573248 0.125899 0.576433 0.122302 0.579618 0.122302 0.579618 0.118705 0.582803 0.115108 0.582803 0.111511 0.579618 0.107914 0.582803 0.104317 0.585987 0.104317 0.585987 0.097122
0 0.496815 0.104317 0.496815 0.107914 0.503185 0.115108 0.506369 0.115108 0.509554 0.118705 0.512739 0.115108 0.515924 0.115108 0.515924 0.111511 0.519108 0.107914 0.515924 0.104317
0 0.796178 0.104317 0.792994 0.107914 0.786624 0.107914 0.786624 0.111511 0.783439 0.115108 0.783439 0.129496 0.786624 0.133094 0.796178 0.133094 0.802548 0.125899 0.802548 0.111511
0 0.891720 0.111511 0.878981 0.111511 0.875796 0.115108 0.875796 0.118705 0.872611 0.122302 0.872611 0.125899 0.875796 0.129496 0.875796 0.133094 0.878981 0.136691 0.885350 0.136691 0.888535 0.133094 0.888535 0.129496 0.891720 0.125899 0.891720 0.122302 0.894904 0.118705 0.891720 0.115108
0 0.675159 0.115108 0.671975 0.118705 0.668790 0.118705 0.668790 0.122302 0.665605 0.125899 0.665605 0.140288 0.671975 0.147482 0.671975 0.151079 0.675159 0.151079 0.678344 0.154676 0.687898 0.154676 0.694268 0.143885 0.694268 0.125899 0.691083 0.122302 0.691083 0.118705 0.687898 0.118705 0.684713 0.115108
0 0.343949 0.122302 0.337580 0.122302 0.328025 0.133094 0.328025 0.147482 0.337580 0.147482 0.343949 0.140288 0.340764 0.136691 0.343949 0.133094
0 0.484076 0.125899 0.480892 0.129496 0.477707 0.129496 0.468153 0.140288 0.468153 0.151079 0.471338 0.154676 0.471338 0.158273 0.480892 0.169065 0.490446 0.172662 0.493631 0.169065 0.500000 0.169065 0.506369 0.161871 0.506369 0.158273 0.512739 0.147482 0.512739 0.140288 0.509554 0.136691 0.509554 0.133094 0.506369 0.133094 0.503185 0.129496 0.496815 0.129496 0.493631 0.125899
0 0.608280 0.129496 0.601911 0.140288 0.601911 0.147482 0.605096 0.151079 0.605096 0.154676 0.614650 0.165468 0.617834 0.165468 0.624204 0.172662 0.627389 0.172662 0.633758 0.165468 0.633758 0.158273 0.630573 0.154676 0.627389 0.143885 0.614650 0.129496
0 0.401274 0.158273 0.401274 0.161871 0.407643 0.169065 0.417197 0.169065 0.420382 0.172662 0.423567 0.172662 0.426752 0.169065 0.433121 0.169065 0.439490 0.161871 0.439490 0.147482 0.429936 0.140288 0.417197 0.140288 0.410828 0.147482 0.407643 0.147482
0 0.710191 0.158273 0.710191 0.165468 0.716561 0.172662 0.732484 0.172662 0.742038 0.161871 0.742038 0.158273 0.738854 0.154676 0.738854 0.151079 0.732484 0.151079 0.729299 0.147482 0.722930 0.147482 0.719745 0.151079 0.716561 0.151079
0 0.802548 0.158273 0.796178 0.165468 0.796178 0.179856 0.799363 0.183453 0.799363 0.190647 0.805732 0.197842 0.815287 0.197842 0.815287 0.194245 0.818471 0.190647 0.818471 0.179856 0.815287 0.176259 0.815287 0.169065 0.808917 0.161871 0.805732 0.161871
0 0.168790 0.161871 0.162420 0.169065 0.162420 0.187050 0.165605 0.187050 0.168790 0.190647 0.181529 0.190647 0.187898 0.183453 0.187898 0.179856 0.191083 0.176259 0.191083 0.172662 0.181529 0.161871
0 0.662420 0.165468 0.656051 0.172662 0.656051 0.194245 0.659236 0.197842 0.659236 0.201439 0.662420 0.205036 0.681529 0.205036 0.687898 0.194245 0.687898 0.187050 0.678344 0.176259 0.678344 0.172662 0.675159 0.169065 0.668790 0.169065 0.665605 0.165468
0 0.767516 0.183453 0.764331 0.183453 0.761146 0.187050 0.757962 0.187050 0.757962 0.190647 0.751592 0.197842 0.751592 0.208633 0.757962 0.215827 0.770701 0.215827 0.770701 0.212230 0.777070 0.205036 0.777070 0.194245 0.773885 0.190647 0.773885 0.187050 0.770701 0.187050
0 0.713376 0.194245 0.707006 0.201439 0.707006 0.223022 0.710191 0.226619 0.713376 0.244604 0.719745 0.251799 0.729299 0.251799 0.735669 0.241007 0.735669 0.212230 0.726115 0.197842 0.722930 0.197842 0.719745 0.194245
0 0.582803 0.197842 0.582803 0.201439 0.579618 0.205036 0.579618 0.223022 0.582803 0.223022 0.585987 0.226619 0.585987 0.230216 0.592357 0.230216 0.601911 0.219424 0.601911 0.215827 0.605096 0.212230 0.605096 0.205036 0.598726 0.197842
0 0.621019 0.208633 0.617834 0.212230 0.617834 0.215827 0.614650 0.219424 0.617834 0.223022 0.617834 0.230216 0.621019 0.233813 0.624204 0.233813 0.627389 0.237410 0.630573 0.237410 0.633758 0.233813 0.636943 0.233813 0.640127 0.230216 0.640127 0.212230 0.636943 0.212230 0.633758 0.208633
0 0.318471 0.212230 0.305732 0.212230 0.296178 0.219424 0.296178 0.226619 0.302548 0.237410 0.308917 0.237410 0.312102 0.241007 0.315287 0.237410 0.318471 0.237410 0.324841 0.230216 0.324841 0.219424
0 0.875796 0.230216 0.872611 0.241007 0.875796 0.244604 0.875796 0.248201 0.885350 0.258993 0.898089 0.258993 0.901274 0.255396 0.904459 0.255396 0.904459 0.251799 0.907643 0.248201 0.907643 0.230216 0.901274 0.223022 0.888535 0.223022 0.885350 0.226619
0 0.105096 0.233813 0.098726 0.241007 0.098726 0.248201 0.101911 0.251799 0.101911 0.255396 0.105096 0.258993 0.121019 0.258993 0.121019 0.255396 0.124204 0.251799 0.124204 0.241007 0.117834 0.233813
0 0.079618 0.237410 0.070064 0.237410 0.060510 0.244604 0.054140 0.244604 0.050955 0.248201 0.047771 0.248201 0.044586 0.251799 0.044586 0.258993 0.047771 0.258993 0.050955 0.262590 0.063694 0.262590 0.079618 0.244604
0 0.445860 0.241007 0.426752 0.237410 0.401274 0.244604 0.331210 0.291367 0.343949 0.309353 0.363057 0.294964 0.414013 0.280576 0.426752 0.273381 0.445860 0.251799
0 0.687898 0.248201 0.675159 0.248201 0.671975 0.251799 0.668790 0.251799 0.662420 0.258993 0.662420 0.266187 0.659236 0.269784 0.659236 0.276978 0.665605 0.287770 0.675159 0.287770 0.678344 0.284173 0.681529 0.284173 0.687898 0.276978 0.687898 0.273381 0.691083 0.269784 0.691083 0.251799
0 0.789809 0.248201 0.780255 0.248201 0.777070 0.251799 0.773885 0.251799 0.773885 0.255396 0.767516 0.266187 0.767516 0.280576 0.770701 0.284173 0.783439 0.284173 0.789809 0.276978 0.789809 0.273381 0.792994 0.269784 0.792994 0.251799
0 0.726115 0.262590 0.719745 0.269784 0.719745 0.273381 0.716561 0.276978 0.716561 0.280576 0.719745 0.284173 0.719745 0.287770 0.729299 0.294964 0.738854 0.294964 0.742038 0.291367 0.745223 0.291367 0.745223 0.287770 0.748408 0.284173 0.748408 0.280576 0.745223 0.276978 0.745223 0.273381 0.738854 0.266187 0.732484 0.266187 0.729299 0.262590
0 0.573248 0.266187 0.566879 0.273381 0.563694 0.273381 0.563694 0.287770 0.570064 0.298561 0.570064 0.309353 0.573248 0.309353 0.576433 0.312950 0.576433 0.316547 0.582803 0.323741 0.589172 0.316547 0.589172 0.309353 0.585987 0.305755 0.585987 0.294964 0.582803 0.291367 0.579618 0.273381
0 0.522293 0.269784 0.519108 0.273381 0.519108 0.276978 0.522293 0.280576 0.522293 0.291367 0.525478 0.294964 0.531847 0.294964 0.531847 0.276978 0.528662 0.273381 0.525478 0.273381
0 0.500000 0.276978 0.490446 0.280576 0.477707 0.294964 0.477707 0.298561 0.474522 0.302158 0.474522 0.309353 0.477707 0.312950 0.477707 0.316547 0.487261 0.323741 0.490446 0.323741 0.493631 0.320144 0.500000 0.320144 0.506369 0.312950 0.506369 0.309353 0.509554 0.305755 0.509554 0.302158 0.506369 0.298561 0.506369 0.284173
0 0.847134 0.276978 0.847134 0.280576 0.843949 0.284173 0.843949 0.294964 0.847134 0.298561 0.853503 0.298561 0.856688 0.302158 0.859873 0.298561 0.859873 0.280576 0.856688 0.276978
0 0.703822 0.291367 0.694268 0.302158 0.694268 0.312950 0.691083 0.316547 0.691083 0.320144 0.697452 0.330935 0.707006 0.330935 0.710191 0.327338 0.713376 0.327338 0.722930 0.316547 0.722930 0.309353 0.713376 0.298561 0.710191 0.298561
0 0.875796 0.294964 0.869427 0.294964 0.866242 0.298561 0.863057 0.298561 0.856688 0.305755 0.856688 0.320144 0.863057 0.327338 0.872611 0.327338 0.878981 0.320144 0.878981 0.298561
0 0.617834 0.312950 0.617834 0.327338 0.621019 0.327338 0.624204 0.330935 0.643312 0.330935 0.649682 0.320144 0.649682 0.309353 0.643312 0.302158 0.630573 0.302158 0.627389 0.305755 0.624204 0.305755
0 0.003185 0.316547 0.003185 0.323741 0.000000 0.327338 0.006369 0.338129 0.006369 0.348921 0.009554 0.348921 0.012739 0.352518 0.015924 0.352518 0.019108 0.348921 0.028662 0.348921 0.031847 0.345324 0.038217 0.345324 0.038217 0.341727 0.044586 0.334532 0.044586 0.323741 0.038217 0.316547 0.031847 0.316547 0.025478 0.309353 0.009554 0.309353
0 0.764331 0.309353 0.754777 0.309353 0.748408 0.316547 0.745223 0.316547 0.742038 0.320144 0.742038 0.323741 0.745223 0.327338 0.748408 0.323741 0.764331 0.323741
0 0.203822 0.312950 0.197452 0.312950 0.194268 0.316547 0.191083 0.316547 0.187898 0.320144 0.184713 0.320144 0.184713 0.323741 0.181529 0.327338 0.181529 0.341727 0.184713 0.345324 0.187898 0.345324 0.191083 0.348921 0.194268 0.348921 0.203822 0.338129 0.203822 0.327338 0.207006 0.323741 0.207006 0.320144 0.203822 0.316547
0 0.831210 0.323741 0.824841 0.323741 0.818471 0.330935 0.818471 0.338129 0.812102 0.348921 0.812102 0.363309 0.815287 0.366906 0.824841 0.363309 0.831210 0.352518 0.831210 0.341727 0.834395 0.338129 0.834395 0.327338
0 0.136943 0.334532 0.127389 0.334532 0.124204 0.338129 0.121019 0.338129 0.124204 0.341727 0.117834 0.348921 0.111465 0.348921 0.111465 0.352518 0.121019 0.359712 0.124204 0.359712 0.127389 0.356115 0.130573 0.356115 0.136943 0.348921 0.140127 0.348921 0.140127 0.338129
0 0.449045 0.352518 0.449045 0.356115 0.458599 0.363309 0.480892 0.363309 0.484076 0.359712 0.484076 0.352518 0.477707 0.345324 0.468153 0.345324 0.464968 0.341727 0.455414 0.341727
0 0.646497 0.345324 0.643312 0.345324 0.636943 0.352518 0.633758 0.352518 0.633758 0.356115 0.627389 0.363309 0.627389 0.366906 0.624204 0.370504 0.624204 0.392086 0.627389 0.395683 0.627389 0.399281 0.630573 0.399281 0.643312 0.384892 0.643312 0.381295 0.649682 0.370504 0.649682 0.363309 0.652866 0.359712 0.652866 0.352518
0 0.159236 0.348921 0.156051 0.348921 0.140127 0.366906 0.140127 0.374101 0.143312 0.377698 0.152866 0.377698 0.165605 0.363309 0.165605 0.356115
0 0.738854 0.348921 0.732484 0.356115 0.732484 0.370504 0.738854 0.377698 0.754777 0.377698 0.761146 0.366906 0.761146 0.359712 0.754777 0.352518 0.751592 0.352518 0.748408 0.348921
0 0.216561 0.366906 0.219745 0.370504 0.219745 0.374101 0.226115 0.381295 0.238854 0.381295 0.242038 0.377698 0.245223 0.377698 0.251592 0.370504 0.251592 0.363309 0.245223 0.356115 0.222930 0.356115
0 0.859873 0.384892 0.869427 0.392086 0.872611 0.388489 0.878981 0.388489 0.882166 0.384892 0.885350 0.384892 0.891720 0.377698 0.891720 0.370504 0.888535 0.370504 0.878981 0.363309 0.866242 0.363309 0.859873 0.374101
0 0.060510 0.370504 0.057325 0.370504 0.054140 0.366906 0.050955 0.366906 0.047771 0.370504 0.041401 0.370504 0.031847 0.381295 0.031847 0.384892 0.035032 0.388489 0.041401 0.388489 0.044586 0.384892 0.047771 0.384892 0.050955 0.381295 0.054140 0.381295 0.057325 0.377698 0.057325 0.374101
0 0.273885 0.377698 0.273885 0.381295 0.286624 0.395683 0.305732 0.395683 0.324841 0.381295 0.324841 0.377698 0.318471 0.366906 0.283439 0.366906 0.280255 0.370504 0.277070 0.370504 0.277070 0.374101
0 0.194268 0.377698 0.191083 0.381295 0.191083 0.395683 0.194268 0.399281 0.194268 0.402878 0.197452 0.406475 0.213376 0.406475 0.219745 0.399281 0.216561 0.395683 0.216561 0.388489 0.207006 0.377698
0 0.257962 0.384892 0.254777 0.388489 0.251592 0.388489 0.242038 0.399281 0.242038 0.402878 0.238854 0.406475 0.238854 0.413669 0.248408 0.424460 0.251592 0.424460 0.261146 0.431655 0.273885 0.431655 0.277070 0.428058 0.277070 0.410072 0.273885 0.406475 0.273885 0.402878 0.264331 0.392086 0.264331 0.388489 0.261146 0.384892
0 0.070064 0.395683 0.063694 0.388489 0.057325 0.388489 0.054140 0.392086 0.050955 0.392086 0.041401 0.402878 0.038217 0.402878 0.038217 0.417266 0.041401 0.420863 0.047771 0.420863 0.054140 0.413669 0.057325 0.413669 0.066879 0.402878 0.066879 0.399281
0 0.114650 0.399281 0.108280 0.392086 0.105096 0.392086 0.101911 0.388489 0.092357 0.388489 0.089172 0.392086 0.085987 0.392086 0.079618 0.399281 0.079618 0.420863 0.085987 0.420863 0.089172 0.417266 0.092357 0.417266 0.098726 0.410072 0.101911 0.410072 0.105096 0.406475 0.111465 0.406475 0.114650 0.402878
0 0.783439 0.388489 0.780255 0.392086 0.780255 0.410072 0.783439 0.413669 0.792994 0.413669 0.796178 0.410072 0.796178 0.392086 0.792994 0.388489
0 0.550955 0.392086 0.541401 0.392086 0.535032 0.399281 0.535032 0.402878 0.538217 0.406475 0.538217 0.410072 0.541401 0.413669 0.541401 0.417266 0.544586 0.413669 0.550955 0.413669 0.550955 0.410072 0.554140 0.406475 0.554140 0.395683
0 0.757962 0.395683 0.748408 0.395683 0.745223 0.399281 0.742038 0.399281 0.738854 0.402878 0.738854 0.410072 0.742038 0.413669 0.748408 0.413669 0.754777 0.406475 0.754777 0.399281
0 0.490446 0.402878 0.484076 0.402878 0.480892 0.406475 0.480892 0.410072 0.477707 0.413669 0.477707 0.420863 0.474522 0.424460 0.474522 0.428058 0.477707 0.431655 0.490446 0.431655 0.493631 0.428058 0.493631 0.410072 0.490446 0.406475
0 0.003185 0.406475 0.003185 0.424460 0.006369 0.428058 0.009554 0.428058 0.012739 0.431655 0.015924 0.431655 0.019108 0.428058 0.022293 0.428058 0.025478 0.424460 0.025478 0.420863 0.022293 0.417266 0.022293 0.413669 0.015924 0.406475
0 0.452229 0.406475 0.445860 0.406475 0.439490 0.413669 0.439490 0.417266 0.436306 0.420863 0.436306 0.428058 0.439490 0.431655 0.442675 0.431655 0.445860 0.428058 0.449045 0.428058 0.455414 0.420863 0.455414 0.410072
0 0.831210 0.410072 0.824841 0.417266 0.824841 0.442446 0.831210 0.449640 0.834395 0.449640 0.843949 0.456835 0.850318 0.449640 0.850318 0.424460 0.847134 0.420863 0.847134 0.417266 0.840764 0.410072
0 0.802548 0.413669 0.802548 0.417266 0.792994 0.428058 0.792994 0.435252 0.799363 0.446043 0.802548 0.446043 0.805732 0.449640 0.812102 0.449640 0.812102 0.446043 0.815287 0.442446 0.815287 0.438849 0.812102 0.435252 0.812102 0.417266 0.808917 0.413669
0 0.554140 0.417266 0.544586 0.417266 0.538217 0.428058 0.538217 0.435252 0.535032 0.438849 0.535032 0.446043 0.541401 0.453237 0.547771 0.453237 0.557325 0.442446 0.557325 0.424460 0.554140 0.420863
0 0.133758 0.420863 0.130573 0.420863 0.127389 0.424460 0.117834 0.428058 0.105096 0.442446 0.105096 0.446043 0.101911 0.449640 0.101911 0.460432 0.105096 0.464029 0.114650 0.460432 0.121019 0.453237 0.124204 0.453237 0.127389 0.449640 0.127389 0.446043 0.130573 0.442446 0.130573 0.431655 0.133758 0.428058
0 0.073248 0.435252 0.063694 0.428058 0.054140 0.428058 0.038217 0.438849 0.031847 0.438849 0.012739 0.449640 0.009554 0.453237 0.009554 0.460432 0.015924 0.464029 0.047771 0.464029 0.050955 0.460432 0.057325 0.460432 0.070064 0.449640
0 0.417197 0.431655 0.404459 0.446043 0.404459 0.449640 0.401274 0.453237 0.401274 0.460432 0.410828 0.471223 0.420382 0.474820 0.423567 0.471223 0.423567 0.464029 0.420382 0.460432 0.420382 0.453237 0.423567 0.449640 0.423567 0.435252 0.420382 0.435252
0 0.210191 0.438849 0.197452 0.438849 0.194268 0.442446 0.194268 0.471223 0.191083 0.474820 0.191083 0.478417 0.194268 0.482014 0.203822 0.482014 0.207006 0.478417 0.210191 0.478417 0.210191 0.474820 0.216561 0.467626 0.216561 0.446043
0 0.519108 0.438849 0.512739 0.438849 0.509554 0.442446 0.506369 0.442446 0.496815 0.453237 0.503185 0.460432 0.506369 0.460432 0.509554 0.464029 0.512739 0.460432 0.515924 0.460432 0.522293 0.453237 0.522293 0.446043 0.519108 0.442446
0 0.745223 0.442446 0.745223 0.446043 0.757962 0.460432 0.770701 0.460432 0.770701 0.456835 0.773885 0.453237 0.770701 0.449640 0.764331 0.449640 0.761146 0.446043 0.757962 0.446043 0.754777 0.442446
0 0.458599 0.453237 0.458599 0.464029 0.461783 0.467626 0.464968 0.467626 0.468153 0.471223 0.471338 0.471223 0.474522 0.467626 0.480892 0.467626 0.484076 0.464029 0.484076 0.460432 0.487261 0.456835 0.487261 0.453237 0.480892 0.446043 0.464968 0.446043
0 0.722930 0.449640 0.719745 0.453237 0.719745 0.456835 0.716561 0.460432 0.716561 0.464029 0.713376 0.467626 0.713376 0.485612 0.719745 0.485612 0.719745 0.474820 0.726115 0.467626 0.726115 0.464029 0.729299 0.460432 0.729299 0.456835
0 0.121019 0.471223 0.121019 0.482014 0.124204 0.482014 0.130573 0.489209 0.143312 0.489209 0.146497 0.485612 0.146497 0.482014 0.149682 0.478417 0.149682 0.474820 0.143312 0.467626 0.124204 0.467626
0 0.496815 0.471223 0.490446 0.478417 0.490446 0.482014 0.500000 0.492806 0.509554 0.492806 0.515924 0.485612 0.515924 0.482014 0.512739 0.478417 0.512739 0.474820 0.509554 0.474820 0.506369 0.471223
0 0.652866 0.471223 0.652866 0.478417 0.659236 0.485612 0.662420 0.482014 0.662420 0.474820 0.659236 0.471223
0 0.751592 0.474820 0.748408 0.474820 0.745223 0.471223 0.742038 0.474820 0.735669 0.474820 0.726115 0.485612 0.726115 0.492806 0.732484 0.500000 0.742038 0.500000 0.745223 0.496403 0.748408 0.496403 0.751592 0.492806 0.751592 0.489209 0.754777 0.485612 0.754777 0.482014 0.751592 0.478417
0 0.328025 0.485612 0.312102 0.503597 0.312102 0.525180 0.308917 0.528777 0.308917 0.532374 0.312102 0.532374 0.315287 0.535971 0.321656 0.535971 0.324841 0.539568 0.337580 0.528777 0.337580 0.496403 0.334395 0.492806 0.334395 0.489209 0.331210 0.489209
0 0.850318 0.485612 0.843949 0.492806 0.843949 0.503597 0.850318 0.514388 0.859873 0.514388 0.869427 0.503597 0.869427 0.500000 0.872611 0.496403 0.872611 0.492806 0.863057 0.485612
0 0.789809 0.503597 0.789809 0.507194 0.796178 0.514388 0.812102 0.514388 0.821656 0.507194 0.821656 0.500000 0.812102 0.489209 0.799363 0.489209 0.792994 0.496403 0.792994 0.500000
0 0.117834 0.517986 0.121019 0.521583 0.130573 0.521583 0.133758 0.517986 0.136943 0.517986 0.143312 0.510791 0.146497 0.510791 0.146497 0.507194 0.143312 0.503597 0.140127 0.503597 0.136943 0.500000 0.124204 0.500000 0.117834 0.507194
0 0.356688 0.500000 0.353503 0.503597 0.353503 0.517986 0.356688 0.521583 0.356688 0.525180 0.369427 0.525180 0.375796 0.517986 0.375796 0.510791 0.372611 0.507194 0.372611 0.503597 0.366242 0.503597 0.363057 0.500000
0 0.525478 0.500000 0.519108 0.500000 0.515924 0.503597 0.512739 0.503597 0.509554 0.507194 0.506369 0.507194 0.506369 0.510791 0.503185 0.514388 0.503185 0.525180 0.509554 0.532374 0.512739 0.532374 0.515924 0.528777 0.519108 0.528777 0.528662 0.517986 0.528662 0.503597
0 0.305732 0.503597 0.286624 0.503597 0.283439 0.507194 0.283439 0.514388 0.280255 0.517986 0.280255 0.521583 0.283439 0.525180 0.283439 0.539568 0.286624 0.543165 0.286624 0.546763 0.292994 0.546763 0.296178 0.543165 0.299363 0.543165 0.305732 0.535971 0.305732 0.532374 0.302548 0.532374 0.299363 0.528777 0.299363 0.521583 0.302548 0.517986 0.302548 0.514388 0.308917 0.507194
0 0.184713 0.514388 0.184713 0.528777 0.187898 0.532374 0.187898 0.535971 0.194268 0.535971 0.197452 0.539568 0.200637 0.535971 0.207006 0.535971 0.216561 0.525180 0.216561 0.517986 0.213376 0.514388 0.207006 0.514388 0.197452 0.507194 0.187898 0.507194 0.187898 0.510791
0 0.621019 0.507194 0.614650 0.507194 0.608280 0.514388 0.608280 0.517986 0.601911 0.525180 0.601911 0.532374 0.605096 0.535971 0.614650 0.535971 0.617834 0.532374 0.617834 0.528777 0.624204 0.521583 0.624204 0.510791
0 0.480892 0.510791 0.474522 0.510791 0.464968 0.521583 0.464968 0.546763 0.468153 0.550360 0.480892 0.550360 0.487261 0.539568 0.487261 0.535971 0.484076 0.532374 0.484076 0.517986 0.480892 0.514388
0 0.050955 0.528777 0.041401 0.517986 0.028662 0.517986 0.025478 0.521583 0.019108 0.521583 0.015924 0.525180 0.006369 0.528777 0.003185 0.532374 0.003185 0.539568 0.038217 0.539568 0.041401 0.535971 0.047771 0.535971 0.047771 0.532374
0 0.751592 0.528777 0.745223 0.528777 0.742038 0.532374 0.738854 0.532374 0.735669 0.535971 0.732484 0.535971 0.722930 0.546763 0.722930 0.550360 0.732484 0.550360 0.738854 0.543165 0.742038 0.543165 0.745223 0.539568 0.748408 0.539568 0.751592 0.535971
0 0.423567 0.535971 0.420382 0.539568 0.420382 0.546763 0.426752 0.553957 0.429936 0.553957 0.433121 0.550360 0.433121 0.539568 0.429936 0.535971
0 0.640127 0.535971 0.633758 0.535971 0.630573 0.539568 0.627389 0.539568 0.624204 0.543165 0.624204 0.553957 0.627389 0.557554 0.630573 0.557554 0.633758 0.561151 0.636943 0.557554 0.640127 0.557554 0.643312 0.553957 0.643312 0.539568
0 0.694268 0.539568 0.691083 0.543165 0.684713 0.543165 0.675159 0.553957 0.671975 0.561151 0.671975 0.589928 0.681529 0.604317 0.684713 0.604317 0.694268 0.593525 0.703822 0.571942 0.703822 0.546763
0 0.863057 0.543165 0.853503 0.543165 0.853503 0.546763 0.847134 0.553957 0.847134 0.557554 0.843949 0.561151 0.843949 0.575540 0.847134 0.575540 0.853503 0.568345 0.853503 0.564748 0.856688 0.561151 0.856688 0.557554 0.863057 0.550360
0 0.818471 0.546763 0.805732 0.546763 0.796178 0.561151 0.796178 0.589928 0.799363 0.597122 0.808917 0.607914 0.812102 0.607914 0.818471 0.597122 0.815287 0.593525 0.815287 0.582734 0.812102 0.579137 0.815287 0.575540 0.815287 0.568345 0.821656 0.561151 0.821656 0.550360
0 0.076433 0.553957 0.070064 0.561151 0.070064 0.586331 0.073248 0.589928 0.079618 0.589928 0.082803 0.593525 0.092357 0.593525 0.095541 0.589928 0.101911 0.589928 0.105096 0.586331 0.105096 0.571942 0.101911 0.571942 0.089172 0.553957 0.085987 0.553957 0.082803 0.550360 0.079618 0.553957
0 0.773885 0.550360 0.757962 0.550360 0.754777 0.553957 0.748408 0.553957 0.748408 0.557554 0.745223 0.561151 0.745223 0.568345 0.748408 0.571942 0.754777 0.571942 0.757962 0.568345 0.770701 0.568345 0.770701 0.564748 0.773885 0.561151
0 0.324841 0.557554 0.324841 0.561151 0.321656 0.564748 0.324841 0.568345 0.324841 0.571942 0.328025 0.571942 0.331210 0.575540 0.334395 0.571942 0.334395 0.561151 0.331210 0.557554
0 0.570064 0.561151 0.563694 0.571942 0.563694 0.579137 0.570064 0.589928 0.573248 0.589928 0.576433 0.593525 0.582803 0.593525 0.589172 0.582734 0.589172 0.571942 0.579618 0.561151
0 0.656051 0.561151 0.649682 0.561151 0.646497 0.564748 0.643312 0.564748 0.633758 0.571942 0.633758 0.582734 0.636943 0.586331 0.636943 0.589928 0.646497 0.597122 0.649682 0.597122 0.656051 0.589928 0.656051 0.582734 0.659236 0.579137 0.659236 0.564748
0 0.372611 0.575540 0.378981 0.582734 0.382166 0.582734 0.385350 0.586331 0.388535 0.586331 0.391720 0.582734 0.398089 0.582734 0.404459 0.575540 0.404459 0.571942 0.401274 0.568345 0.398089 0.568345 0.394904 0.564748 0.378981 0.564748 0.375796 0.568345 0.375796 0.571942
0 0.222930 0.568345 0.210191 0.589928 0.210191 0.600719 0.219745 0.600719 0.222930 0.604317 0.232484 0.604317 0.235669 0.600719 0.238854 0.600719 0.245223 0.593525 0.245223 0.579137 0.235669 0.568345
0 0.429936 0.568345 0.423567 0.568345 0.423567 0.571942 0.414013 0.582734 0.423567 0.582734 0.426752 0.579137 0.429936 0.579137
0 0.506369 0.568345 0.500000 0.568345 0.496815 0.571942 0.493631 0.571942 0.493631 0.575540 0.490446 0.579137 0.490446 0.600719 0.500000 0.600719 0.509554 0.589928 0.509554 0.586331 0.512739 0.582734 0.512739 0.575540
0 0.544586 0.568345 0.541401 0.571942 0.538217 0.571942 0.535032 0.575540 0.535032 0.586331 0.538217 0.589928 0.538217 0.593525 0.541401 0.597122 0.550955 0.597122 0.554140 0.593525 0.554140 0.575540 0.550955 0.571942 0.547771 0.571942
0 0.312102 0.579137 0.308917 0.575540 0.289809 0.575540 0.286624 0.579137 0.280255 0.579137 0.273885 0.589928 0.273885 0.607914 0.277070 0.607914 0.280255 0.611511 0.289809 0.611511 0.292994 0.607914 0.302548 0.604317 0.312102 0.593525
0 0.783439 0.589928 0.777070 0.582734 0.770701 0.582734 0.767516 0.586331 0.764331 0.586331 0.757962 0.593525 0.757962 0.597122 0.754777 0.600719 0.754777 0.607914 0.757962 0.611511 0.773885 0.611511 0.777070 0.607914 0.780255 0.607914 0.783439 0.604317
0 0.452229 0.597122 0.452229 0.600719 0.449045 0.604317 0.449045 0.607914 0.445860 0.611511 0.445860 0.622302 0.449045 0.625899 0.458599 0.625899 0.458599 0.597122
0 0.121019 0.604317 0.114650 0.611511 0.117834 0.615108 0.117834 0.622302 0.124204 0.629496 0.127389 0.629496 0.130573 0.625899 0.133758 0.625899 0.133758 0.607914 0.130573 0.607914 0.127389 0.604317
0 0.531847 0.604317 0.522293 0.615108 0.522293 0.625899 0.525478 0.625899 0.535032 0.615108 0.535032 0.607914
0 0.828025 0.615108 0.828025 0.618705 0.831210 0.622302 0.831210 0.625899 0.834395 0.625899 0.837580 0.629496 0.840764 0.629496 0.843949 0.633094 0.850318 0.633094 0.853503 0.629496 0.856688 0.629496 0.856688 0.625899 0.853503 0.622302 0.853503 0.615108 0.847134 0.607914 0.834395 0.607914
0 0.598726 0.629496 0.595541 0.629496 0.592357 0.625899 0.579618 0.625899 0.570064 0.636691 0.570064 0.647482 0.573248 0.651079 0.582803 0.651079 0.598726 0.633094
0 0.888535 0.629496 0.885350 0.629496 0.882166 0.633094 0.878981 0.633094 0.875796 0.636691 0.872611 0.636691 0.869427 0.640288 0.869427 0.647482 0.875796 0.654676 0.888535 0.654676 0.891720 0.651079 0.891720 0.647482 0.894904 0.643885 0.894904 0.636691
0 0.232484 0.633094 0.226115 0.636691 0.213376 0.651079 0.210191 0.658273 0.210191 0.669065 0.213376 0.676259 0.222930 0.683453 0.245223 0.683453 0.254777 0.672662 0.254777 0.658273 0.245223 0.636691 0.238854 0.636691
0 0.283439 0.636691 0.270701 0.636691 0.267516 0.640288 0.267516 0.665468 0.277070 0.672662 0.280255 0.669065 0.283439 0.669065 0.289809 0.658273 0.289809 0.651079 0.286624 0.647482 0.286624 0.643885 0.283439 0.640288
0 0.493631 0.636691 0.484076 0.636691 0.477707 0.643885 0.477707 0.647482 0.474522 0.651079 0.474522 0.658273 0.477707 0.661871 0.477707 0.665468 0.487261 0.665468 0.493631 0.658273
0 0.191083 0.640288 0.187898 0.640288 0.181529 0.647482 0.181529 0.651079 0.178344 0.654676 0.178344 0.665468 0.175159 0.669065 0.175159 0.676259 0.171975 0.679856 0.171975 0.687050 0.175159 0.687050 0.178344 0.676259 0.184713 0.669065 0.187898 0.669065 0.187898 0.665468 0.191083 0.661871 0.191083 0.654676 0.194268 0.651079 0.194268 0.643885
0 0.519108 0.640288 0.512739 0.640288 0.509554 0.643885 0.509554 0.647482 0.503185 0.654676 0.503185 0.658273 0.496815 0.669065 0.496815 0.672662 0.500000 0.676259 0.500000 0.679856 0.509554 0.679856 0.515924 0.672662 0.515924 0.665468 0.519108 0.661871
0 0.372611 0.647482 0.369427 0.651079 0.366242 0.651079 0.366242 0.654676 0.359873 0.661871 0.359873 0.679856 0.363057 0.683453 0.378981 0.683453 0.382166 0.679856 0.382166 0.672662 0.378981 0.669065 0.378981 0.661871 0.375796 0.658273 0.375796 0.651079
0 0.627389 0.651079 0.624204 0.654676 0.624204 0.661871 0.630573 0.669065 0.636943 0.669065 0.636943 0.661871 0.633758 0.658273 0.633758 0.654676 0.630573 0.651079
0 0.461783 0.654676 0.458599 0.654676 0.455414 0.658273 0.452229 0.658273 0.445860 0.669065 0.445860 0.683453 0.449045 0.687050 0.449045 0.690647 0.452229 0.694245 0.452229 0.697842 0.455414 0.697842 0.455414 0.694245 0.464968 0.683453 0.464968 0.676259 0.468153 0.672662 0.468153 0.665468
0 0.598726 0.661871 0.595541 0.658273 0.589172 0.658273 0.582803 0.665468 0.579618 0.665468 0.573248 0.672662 0.573248 0.679856 0.576433 0.683453 0.585987 0.683453 0.589172 0.679856 0.592357 0.679856 0.595541 0.676259 0.595541 0.672662 0.598726 0.669065
0 0.831210 0.661871 0.824841 0.669065 0.824841 0.690647 0.831210 0.697842 0.843949 0.697842 0.847134 0.694245 0.850318 0.694245 0.850318 0.690647 0.847134 0.687050 0.847134 0.672662 0.837580 0.661871
0 0.015924 0.665468 0.012739 0.665468 0.006369 0.672662 0.006369 0.683453 0.009554 0.683453 0.012739 0.679856 0.015924 0.679856
0 0.802548 0.676259 0.799363 0.679856 0.792994 0.679856 0.786624 0.690647 0.786624 0.694245 0.789809 0.697842 0.789809 0.701439 0.799363 0.708633 0.805732 0.708633 0.808917 0.705036 0.812102 0.705036 0.812102 0.697842 0.815287 0.694245 0.815287 0.687050 0.808917 0.679856 0.805732 0.679856
0 0.283439 0.697842 0.292994 0.712230 0.299363 0.712230 0.302548 0.715827 0.315287 0.715827 0.318471 0.719424 0.328025 0.719424 0.347134 0.701439 0.347134 0.690647 0.343949 0.683453 0.312102 0.683453 0.308917 0.679856 0.302548 0.679856 0.289809 0.687050
0 0.490446 0.683453 0.487261 0.687050 0.480892 0.687050 0.477707 0.690647 0.477707 0.697842 0.480892 0.701439 0.487261 0.701439 0.490446 0.697842 0.493631 0.697842 0.493631 0.687050
0 0.420382 0.690647 0.420382 0.708633 0.423567 0.708633 0.426752 0.705036 0.433121 0.705036 0.436306 0.701439 0.439490 0.701439 0.439490 0.690647 0.436306 0.687050 0.423567 0.687050
0 0.585987 0.694245 0.579618 0.701439 0.579618 0.708633 0.589172 0.719424 0.592357 0.715827 0.595541 0.715827 0.598726 0.712230 0.598726 0.701439 0.595541 0.697842 0.592357 0.697842 0.589172 0.694245
0 0.850318 0.697842 0.850318 0.708633 0.847134 0.712230 0.847134 0.715827 0.850318 0.719424 0.850318 0.723022 0.853503 0.726619 0.859873 0.726619 0.863057 0.723022 0.863057 0.705036 0.856688 0.697842
0 0.894904 0.697842 0.885350 0.697842 0.885350 0.708633 0.888535 0.712230 0.885350 0.715827 0.882166 0.715827 0.885350 0.719424 0.878981 0.730216 0.878981 0.741007 0.891720 0.741007 0.894904 0.737410 0.898089 0.737410 0.898089 0.730216 0.901274 0.726619 0.901274 0.705036
0 0.391720 0.701439 0.382166 0.701439 0.378981 0.705036 0.375796 0.705036 0.372611 0.708633 0.372611 0.712230 0.369427 0.715827 0.369427 0.719424 0.375796 0.726619 0.382166 0.726619 0.391720 0.715827 0.391720 0.712230 0.394904 0.708633 0.391720 0.705036
0 0.687898 0.705036 0.684713 0.708633 0.681529 0.708633 0.675159 0.715827 0.675159 0.719424 0.671975 0.723022 0.671975 0.741007 0.681529 0.751799 0.687898 0.751799 0.691083 0.748201 0.694268 0.748201 0.697452 0.744604 0.697452 0.741007 0.700637 0.737410 0.700637 0.730216 0.703822 0.726619 0.703822 0.723022 0.700637 0.719424 0.700637 0.712230 0.697452 0.708633 0.691083 0.708633
0 0.493631 0.712230 0.487261 0.712230 0.480892 0.719424 0.480892 0.723022 0.477707 0.726619 0.484076 0.733813 0.487261 0.730216 0.490446 0.730216 0.493631 0.726619 0.493631 0.723022 0.496815 0.719424 0.493631 0.715827
0 0.621019 0.712230 0.617834 0.715827 0.617834 0.733813 0.624204 0.741007 0.627389 0.741007 0.630573 0.737410 0.633758 0.737410 0.633758 0.723022 0.630573 0.719424 0.630573 0.715827 0.627389 0.712230
0 0.343949 0.715827 0.343949 0.723022 0.340764 0.726619 0.340764 0.744604 0.350318 0.744604 0.353503 0.741007 0.356688 0.741007 0.356688 0.737410 0.359873 0.733813 0.359873 0.726619 0.356688 0.723022 0.356688 0.719424 0.353503 0.715827
0 0.003185 0.719424 0.000000 0.723022 0.000000 0.733813 0.003185 0.737410 0.003185 0.751799 0.006369 0.755396 0.012739 0.755396 0.019108 0.748201 0.019108 0.737410 0.015924 0.733813 0.015924 0.730216 0.006369 0.719424
0 0.802548 0.723022 0.792994 0.723022 0.789809 0.726619 0.786624 0.726619 0.780255 0.733813 0.780255 0.737410 0.777070 0.741007 0.780255 0.744604 0.780255 0.751799 0.783439 0.751799 0.786624 0.755396 0.799363 0.755396 0.805732 0.748201 0.805732 0.737410 0.808917 0.733813
0 0.324841 0.733813 0.312102 0.726619 0.305732 0.730216 0.299363 0.730216 0.286624 0.737410 0.280255 0.744604 0.280255 0.758993 0.292994 0.769784 0.302548 0.769784 0.305732 0.766187 0.312102 0.766187 0.324841 0.758993 0.328025 0.751799 0.328025 0.741007
0 0.585987 0.726619 0.582803 0.730216 0.582803 0.748201 0.585987 0.751799 0.595541 0.751799 0.601911 0.744604 0.601911 0.741007 0.598726 0.737410 0.598726 0.733813 0.592357 0.726619
0 0.449045 0.730216 0.445860 0.733813 0.442675 0.733813 0.442675 0.741007 0.439490 0.744604 0.445860 0.751799 0.449045 0.751799 0.455414 0.744604 0.455414 0.733813 0.452229 0.733813
0 0.843949 0.730216 0.837580 0.730216 0.834395 0.733813 0.831210 0.733813 0.831210 0.737410 0.828025 0.741007 0.828025 0.748201 0.834395 0.755396 0.840764 0.755396 0.843949 0.751799
0 0.519108 0.737410 0.509554 0.737410 0.506369 0.741007 0.506369 0.758993 0.509554 0.762590 0.512739 0.762590 0.519108 0.755396 0.519108 0.751799 0.522293 0.748201 0.522293 0.741007
0 0.401274 0.748201 0.398089 0.748201 0.394904 0.744604 0.391720 0.748201 0.388535 0.748201 0.382166 0.755396 0.382166 0.769784 0.385350 0.773381 0.388535 0.773381 0.391720 0.769784 0.394904 0.769784 0.398089 0.766187 0.398089 0.762590 0.401274 0.758993
0 0.464968 0.748201 0.464968 0.751799 0.461783 0.755396 0.461783 0.758993 0.464968 0.762590 0.464968 0.766187 0.468153 0.766187 0.471338 0.769784 0.480892 0.769784 0.484076 0.766187 0.484076 0.755396 0.477707 0.748201
0 0.863057 0.766187 0.863057 0.776978 0.866242 0.780576 0.872611 0.780576 0.875796 0.784173 0.891720 0.784173 0.894904 0.780576 0.894904 0.766187 0.891720 0.762590 0.891720 0.758993 0.888535 0.758993 0.885350 0.755396 0.878981 0.755396 0.875796 0.758993 0.869427 0.758993
0 0.675159 0.769784 0.675159 0.780576 0.678344 0.784173 0.678344 0.787770 0.687898 0.798561 0.700637 0.798561 0.707006 0.791367 0.707006 0.787770 0.710191 0.784173 0.707006 0.773381 0.697452 0.766187 0.681529 0.766187 0.678344 0.769784
0 0.219745 0.769784 0.203822 0.769784 0.187898 0.780576 0.175159 0.794964 0.168790 0.809353 0.168790 0.816547 0.171975 0.820144 0.171975 0.827338 0.184713 0.838129 0.194268 0.834532 0.213376 0.812950 0.226115 0.784173
0 0.321656 0.773381 0.315287 0.780576 0.315287 0.798561 0.318471 0.802158 0.324841 0.802158 0.328025 0.805755 0.334395 0.805755 0.337580 0.802158 0.340764 0.802158 0.340764 0.798561 0.343949 0.794964 0.340764 0.791367 0.340764 0.787770 0.328025 0.773381
0 0.786624 0.776978 0.773885 0.776978 0.770701 0.780576 0.767516 0.780576 0.761146 0.787770 0.757962 0.798561 0.761146 0.802158 0.761146 0.805755 0.767516 0.812950 0.767516 0.816547 0.780255 0.816547 0.792994 0.798561 0.789809 0.794964 0.789809 0.780576
0 0.869427 0.794964 0.866242 0.798561 0.869427 0.802158 0.869427 0.805755 0.872611 0.809353 0.875796 0.809353 0.878981 0.812950 0.882166 0.812950 0.885350 0.816547 0.888535 0.812950 0.878981 0.802158 0.878981 0.798561 0.875796 0.794964
0 0.270701 0.816547 0.270701 0.838129 0.283439 0.848921 0.292994 0.848921 0.296178 0.852518 0.321656 0.852518 0.331210 0.841727 0.331210 0.830935 0.328025 0.823741 0.305732 0.809353 0.296178 0.809353 0.292994 0.805755 0.289809 0.809353 0.277070 0.809353
0 0.738854 0.820144 0.745223 0.827338 0.748408 0.827338 0.751592 0.830935 0.754777 0.830935 0.757962 0.834532 0.761146 0.834532 0.764331 0.830935 0.767516 0.830935 0.767516 0.827338 0.770701 0.823741 0.757962 0.809353 0.748408 0.809353 0.745223 0.812950 0.742038 0.812950 0.742038 0.816547
0 0.079618 0.812950 0.066879 0.812950 0.063694 0.816547 0.057325 0.816547 0.054140 0.820144 0.050955 0.820144 0.050955 0.830935 0.063694 0.830935 0.063694 0.827338 0.066879 0.823741 0.066879 0.820144 0.070064 0.816547 0.079618 0.816547
0 0.343949 0.827338 0.347134 0.830935 0.347134 0.834532 0.350318 0.838129 0.353503 0.838129 0.359873 0.845324 0.366242 0.845324 0.369427 0.841727 0.372611 0.841727 0.375796 0.838129 0.375796 0.834532 0.369427 0.827338 0.366242 0.827338 0.359873 0.820144 0.347134 0.820144 0.347134 0.823741
0 0.538217 0.830935 0.531847 0.838129 0.531847 0.848921 0.535032 0.852518 0.541401 0.852518 0.544586 0.856115 0.550955 0.856115 0.557325 0.848921 0.557325 0.838129 0.554140 0.838129 0.547771 0.830935
0 0.582803 0.834532 0.576433 0.841727 0.576433 0.845324 0.579618 0.848921 0.579618 0.852518 0.585987 0.859712 0.592357 0.859712 0.595541 0.856115 0.595541 0.845324 0.585987 0.834532
0 0.519108 0.841727 0.509554 0.845324 0.503185 0.859712 0.503185 0.881295 0.506369 0.884892 0.506369 0.895683 0.509554 0.899281 0.509554 0.906475 0.515924 0.906475 0.522293 0.902878 0.525478 0.892086 0.531847 0.884892 0.531847 0.859712
0 0.433121 0.848921 0.420382 0.848921 0.420382 0.852518 0.417197 0.856115 0.417197 0.863309 0.420382 0.866906 0.423567 0.866906 0.436306 0.852518
0 0.828025 0.859712 0.828025 0.866906 0.831210 0.870504 0.834395 0.870504 0.837580 0.874101 0.840764 0.874101 0.847134 0.881295 0.856688 0.881295 0.859873 0.877698 0.859873 0.866906 0.853503 0.856115 0.831210 0.856115
0 0.888535 0.877698 0.885350 0.874101 0.882166 0.874101 0.878981 0.877698 0.875796 0.877698 0.875796 0.888489 0.885350 0.888489 0.888535 0.884892
