0 0.251592 0.086331 0.248408 0.089928 0.248408 0.115108 0.254777 0.122302 0.254777 0.129496 0.257962 0.133094 0.261146 0.133094 0.267516 0.125899 0.267516 0.115108 0.264331 0.111511 0.264331 0.100719 0.261146 0.097122 0.261146 0.093525 0.254777 0.086331
0 0.589172 0.136691 0.585987 0.140288 0.585987 0.147482 0.589172 0.151079 0.598726 0.151079 0.601911 0.147482 0.601911 0.136691
0 0.401274 0.140288 0.388535 0.140288 0.375796 0.151079 0.375796 0.154676 0.369427 0.161871 0.369427 0.169065 0.366242 0.172662 0.366242 0.183453 0.369427 0.187050 0.378981 0.187050 0.382166 0.183453 0.385350 0.183453 0.401274 0.165468 0.401274 0.161871 0.404459 0.158273 0.404459 0.143885
0 0.621019 0.143885 0.621019 0.151079 0.643312 0.151079 0.646497 0.147482 0.646497 0.143885 0.643312 0.143885 0.640127 0.140288 0.624204 0.140288
0 0.691083 0.161871 0.678344 0.161871 0.671975 0.169065 0.671975 0.172662 0.668790 0.176259 0.668790 0.187050 0.675159 0.194245 0.678344 0.194245 0.691083 0.179856 0.691083 0.176259 0.694268 0.172662 0.694268 0.165468
0 0.589172 0.169065 0.589172 0.172662 0.585987 0.176259 0.585987 0.190647 0.589172 0.194245 0.589172 0.205036 0.592357 0.208633 0.598726 0.208633 0.601911 0.205036 0.605096 0.205036 0.611465 0.194245 0.611465 0.176259 0.605096 0.169065
0 0.331210 0.179856 0.331210 0.183453 0.328025 0.187050 0.328025 0.219424 0.334395 0.226619 0.340764 0.226619 0.347134 0.215827 0.347134 0.190647 0.340764 0.179856
0 0.831210 0.201439 0.821656 0.194245 0.815287 0.194245 0.812102 0.197842 0.802548 0.197842 0.802548 0.201439 0.796178 0.208633 0.796178 0.219424 0.815287 0.219424 0.818471 0.215827 0.821656 0.215827 0.828025 0.208633 0.828025 0.205036
0 0.621019 0.241007 0.614650 0.233813 0.611465 0.233813 0.608280 0.230216 0.598726 0.230216 0.582803 0.241007 0.582803 0.244604 0.579618 0.248201 0.579618 0.262590 0.589172 0.262590 0.592357 0.258993 0.605096 0.258993 0.608280 0.255396 0.617834 0.251799 0.621019 0.248201
0 0.694268 0.241007 0.687898 0.241007 0.681529 0.248201 0.681529 0.255396 0.678344 0.258993 0.678344 0.266187 0.681529 0.266187 0.691083 0.255396 0.687898 0.251799 0.694268 0.244604
0 0.226115 0.251799 0.226115 0.294964 0.229299 0.294964 0.229299 0.287770 0.232484 0.284173 0.229299 0.280576 0.232484 0.276978 0.229299 0.273381 0.229299 0.251799
0 0.487261 0.273381 0.480892 0.280576 0.480892 0.294964 0.490446 0.302158 0.506369 0.302158 0.512739 0.294964 0.512739 0.284173 0.503185 0.273381 0.503185 0.269784 0.493631 0.269784 0.490446 0.273381
0 0.748408 0.273381 0.738854 0.273381 0.729299 0.284173 0.729299 0.302158 0.735669 0.309353 0.742038 0.309353 0.748408 0.302158 0.748408 0.298561 0.751592 0.294964 0.751592 0.276978
0 0.815287 0.276978 0.802548 0.276978 0.799363 0.280576 0.792994 0.280576 0.789809 0.284173 0.789809 0.291367 0.786624 0.294964 0.786624 0.309353 0.789809 0.312950 0.802548 0.312950 0.805732 0.309353 0.808917 0.309353 0.808917 0.305755 0.815287 0.298561 0.815287 0.294964 0.818471 0.291367 0.818471 0.284173 0.815287 0.280576
0 0.573248 0.298561 0.566879 0.291367 0.557325 0.291367 0.554140 0.294964 0.544586 0.298561 0.538217 0.305755 0.538217 0.312950 0.535032 0.316547 0.535032 0.320144 0.538217 0.320144 0.541401 0.323741 0.550955 0.323741 0.554140 0.320144 0.560510 0.320144 0.563694 0.316547 0.566879 0.316547 0.573248 0.309353
0 0.777070 0.298561 0.770701 0.298561 0.767516 0.302158 0.767516 0.305755 0.764331 0.309353 0.764331 0.312950 0.757962 0.323741 0.757962 0.341727 0.761146 0.345324 0.764331 0.345324 0.773885 0.334532 0.773885 0.330935 0.780255 0.320144 0.780255 0.302158
0 0.840764 0.302158 0.837580 0.305755 0.837580 0.309353 0.840764 0.309353 0.843949 0.312950 0.840764 0.316547 0.843949 0.320144 0.843949 0.323741 0.856688 0.323741 0.859873 0.320144 0.859873 0.309353 0.853503 0.302158
0 0.710191 0.323741 0.707006 0.323741 0.707006 0.330935 0.703822 0.334532 0.703822 0.341727 0.700637 0.345324 0.700637 0.356115 0.697452 0.359712 0.697452 0.374101 0.700637 0.374101 0.707006 0.363309 0.707006 0.348921 0.710191 0.345324
0 0.254777 0.327338 0.251592 0.327338 0.242038 0.338129 0.238854 0.338129 0.238854 0.341727 0.232484 0.348921 0.232484 0.366906 0.235669 0.370504 0.248408 0.370504 0.251592 0.366906 0.254777 0.366906 0.254777 0.363309 0.261146 0.352518 0.261146 0.341727 0.257962 0.338129 0.257962 0.330935
0 0.729299 0.330935 0.722930 0.338129 0.722930 0.352518 0.726115 0.356115 0.738854 0.356115 0.738854 0.352518 0.742038 0.348921 0.742038 0.334532 0.738854 0.334532 0.735669 0.330935
0 0.560510 0.338129 0.557325 0.338129 0.554140 0.341727 0.550955 0.341727 0.550955 0.348921 0.544586 0.356115 0.541401 0.356115 0.538217 0.359712 0.538217 0.370504 0.544586 0.370504 0.563694 0.348921 0.563694 0.345324 0.560510 0.345324 0.557325 0.341727
0 0.324841 0.345324 0.318471 0.345324 0.315287 0.348921 0.315287 0.352518 0.308917 0.363309 0.308917 0.384892 0.312102 0.388489 0.321656 0.388489 0.328025 0.377698 0.328025 0.366906 0.331210 0.363309 0.331210 0.359712 0.328025 0.356115 0.328025 0.348921
0 0.452229 0.348921 0.452229 0.359712 0.449045 0.363309 0.449045 0.374101 0.452229 0.377698 0.452229 0.388489 0.455414 0.392086 0.455414 0.395683 0.468153 0.395683 0.477707 0.388489 0.477707 0.384892 0.480892 0.381295 0.480892 0.374101 0.477707 0.370504 0.477707 0.366906 0.471338 0.359712 0.461783 0.359712 0.455414 0.352518 0.455414 0.348921
0 0.611465 0.359712 0.605096 0.370504 0.605096 0.377698 0.611465 0.384892 0.617834 0.384892 0.621019 0.388489 0.633758 0.388489 0.636943 0.384892 0.636943 0.366906 0.630573 0.359712
0 0.716561 0.377698 0.716561 0.381295 0.713376 0.384892 0.713376 0.388489 0.716561 0.392086 0.716561 0.395683 0.719745 0.399281 0.732484 0.399281 0.735669 0.395683 0.735669 0.381295 0.729299 0.374101 0.722930 0.374101 0.719745 0.377698
0 0.579618 0.402878 0.576433 0.402878 0.573248 0.406475 0.573248 0.410072 0.570064 0.413669 0.563694 0.413669 0.563694 0.420863 0.566879 0.424460 0.566879 0.428058 0.576433 0.428058 0.579618 0.424460 0.579618 0.420863 0.582803 0.417266 0.582803 0.406475
0 0.512739 0.413669 0.506369 0.420863 0.506369 0.438849 0.512739 0.446043 0.525478 0.446043 0.531847 0.438849 0.531847 0.420863 0.525478 0.413669
0 0.716561 0.413669 0.710191 0.420863 0.710191 0.431655 0.713376 0.435252 0.716561 0.435252 0.719745 0.438849 0.729299 0.438849 0.735669 0.431655 0.735669 0.420863 0.732484 0.417266 0.729299 0.417266 0.726115 0.413669
0 0.388535 0.431655 0.385350 0.428058 0.382166 0.428058 0.378981 0.424460 0.375796 0.424460 0.366242 0.435252 0.366242 0.446043 0.385350 0.446043 0.388535 0.442446
0 0.824841 0.428058 0.815287 0.435252 0.815287 0.449640 0.821656 0.460432 0.828025 0.460432 0.831210 0.464029 0.834395 0.460432 0.837580 0.460432 0.837580 0.456835 0.840764 0.453237 0.840764 0.442446 0.834395 0.431655 0.831210 0.431655 0.828025 0.428058
0 0.694268 0.446043 0.687898 0.453237 0.687898 0.464029 0.694268 0.471223 0.703822 0.471223 0.710191 0.464029 0.710191 0.460432 0.713376 0.456835 0.710191 0.453237 0.710191 0.449640 0.707006 0.446043
0 0.429936 0.449640 0.420382 0.449640 0.417197 0.453237 0.417197 0.482014 0.420382 0.485612 0.420382 0.489209 0.423567 0.489209 0.433121 0.478417 0.433121 0.456835 0.429936 0.453237
0 0.085987 0.453237 0.079618 0.464029 0.079618 0.474820 0.082803 0.478417 0.082803 0.482014 0.085987 0.482014 0.089172 0.485612 0.105096 0.485612 0.108280 0.482014 0.108280 0.471223 0.105096 0.467626 0.105096 0.464029 0.101911 0.460432 0.101911 0.456835 0.098726 0.456835 0.095541 0.453237
0 0.509554 0.464029 0.500000 0.464029 0.493631 0.471223 0.493631 0.474820 0.490446 0.478417 0.490446 0.500000 0.493631 0.500000 0.496815 0.503597 0.503185 0.503597 0.506369 0.500000 0.509554 0.500000 0.515924 0.492806 0.515924 0.485612 0.519108 0.482014 0.519108 0.471223
0 0.665605 0.464029 0.662420 0.467626 0.659236 0.467626 0.656051 0.471223 0.656051 0.489209 0.662420 0.496403 0.665605 0.496403 0.668790 0.492806 0.671975 0.492806 0.678344 0.485612 0.678344 0.482014 0.675159 0.478417 0.675159 0.471223 0.671975 0.467626 0.668790 0.467626
0 0.751592 0.492806 0.748408 0.492806 0.745223 0.489209 0.738854 0.489209 0.726115 0.503597 0.726115 0.517986 0.729299 0.521583 0.745223 0.521583 0.751592 0.514388 0.751592 0.510791 0.754777 0.507194 0.754777 0.500000 0.751592 0.496403
0 0.828025 0.517986 0.815287 0.517986 0.808917 0.525180 0.808917 0.535971 0.812102 0.539568 0.818471 0.539568 0.828025 0.528777
0 0.487261 0.532374 0.484076 0.535971 0.480892 0.535971 0.480892 0.539568 0.474522 0.550360 0.474522 0.553957 0.477707 0.557554 0.477707 0.568345 0.480892 0.571942 0.480892 0.575540 0.487261 0.568345 0.487261 0.564748 0.493631 0.557554 0.493631 0.553957 0.496815 0.550360 0.496815 0.539568
0 0.840764 0.535971 0.834395 0.543165 0.834395 0.561151 0.837580 0.564748 0.837580 0.568345 0.847134 0.579137 0.853503 0.571942 0.853503 0.568345 0.856688 0.564748 0.856688 0.550360 0.853503 0.546763 0.853503 0.539568 0.850318 0.539568 0.847134 0.535971
0 0.315287 0.539568 0.305732 0.539568 0.302548 0.543165 0.302548 0.550360 0.299363 0.553957 0.299363 0.561151 0.296178 0.564748 0.296178 0.568345 0.299363 0.571942 0.299363 0.575540 0.308917 0.575540 0.312102 0.571942 0.312102 0.568345 0.318471 0.561151 0.318471 0.553957 0.321656 0.550360
0 0.799363 0.564748 0.786624 0.564748 0.783439 0.568345 0.777070 0.568345 0.773885 0.571942 0.770701 0.571942 0.770701 0.575540 0.767516 0.579137 0.767516 0.582734 0.770701 0.586331 0.770701 0.593525 0.773885 0.593525 0.777070 0.597122 0.789809 0.597122 0.792994 0.593525 0.796178 0.593525 0.802548 0.586331 0.802548 0.582734 0.805732 0.579137 0.805732 0.575540
0 0.719745 0.571942 0.710191 0.575540 0.700637 0.586331 0.700637 0.589928 0.697452 0.593525 0.697452 0.615108 0.707006 0.622302 0.710191 0.622302 0.719745 0.611511 0.719745 0.607914 0.726115 0.600719 0.726115 0.593525 0.729299 0.589928 0.729299 0.582734
0 0.347134 0.579137 0.337580 0.579137 0.328025 0.586331 0.328025 0.589928 0.324841 0.593525 0.324841 0.607914 0.328025 0.611511 0.337580 0.611511 0.340764 0.607914 0.347134 0.607914 0.353503 0.600719 0.353503 0.589928 0.347134 0.582734
0 0.824841 0.586331 0.818471 0.597122 0.818471 0.611511 0.821656 0.615108 0.821656 0.622302 0.824841 0.625899 0.824841 0.633094 0.834395 0.633094 0.840764 0.625899 0.840764 0.604317 0.837580 0.600719 0.837580 0.597122 0.828025 0.586331
0 0.630573 0.589928 0.621019 0.589928 0.608280 0.604317 0.608280 0.607914 0.605096 0.611511 0.605096 0.618705 0.608280 0.622302 0.608280 0.625899 0.614650 0.633094 0.617834 0.633094 0.621019 0.636691 0.624204 0.636691 0.630573 0.629496 0.630573 0.625899 0.636943 0.615108 0.636943 0.597122
0 0.576433 0.604317 0.566879 0.604317 0.560510 0.611511 0.560510 0.615108 0.557325 0.618705 0.557325 0.629496 0.560510 0.633094 0.573248 0.633094 0.579618 0.625899 0.579618 0.607914
0 0.805732 0.615108 0.796178 0.625899 0.796178 0.636691 0.799363 0.636691 0.802548 0.640288 0.805732 0.640288 0.808917 0.636691 0.808917 0.618705
0 0.213376 0.633094 0.207006 0.633094 0.191083 0.651079 0.191083 0.661871 0.194268 0.665468 0.203822 0.665468 0.219745 0.647482 0.219745 0.640288
0 0.535032 0.640288 0.535032 0.643885 0.531847 0.647482 0.531847 0.661871 0.541401 0.672662 0.554140 0.672662 0.560510 0.665468 0.557325 0.661871 0.557325 0.654676 0.554140 0.651079 0.554140 0.647482 0.547771 0.640288
0 0.308917 0.643885 0.302548 0.651079 0.302548 0.665468 0.308917 0.672662 0.321656 0.672662 0.321656 0.669065 0.324841 0.665468 0.324841 0.651079 0.318471 0.643885
0 0.863057 0.651079 0.859873 0.654676 0.859873 0.665468 0.863057 0.669065 0.863057 0.672662 0.869427 0.679856 0.882166 0.679856 0.888535 0.672662 0.888535 0.669065 0.885350 0.665468 0.885350 0.661871 0.875796 0.651079
0 0.512739 0.669065 0.509554 0.672662 0.509554 0.694245 0.519108 0.694245 0.522293 0.690647 0.522293 0.672662 0.519108 0.669065
0 0.617834 0.683453 0.617834 0.687050 0.614650 0.690647 0.617834 0.694245 0.617834 0.697842 0.621019 0.701439 0.633758 0.701439 0.636943 0.697842 0.636943 0.690647 0.633758 0.687050 0.633758 0.683453 0.630573 0.679856 0.624204 0.679856 0.621019 0.683453
0 0.764331 0.687050 0.754777 0.687050 0.742038 0.705036 0.742038 0.719424 0.748408 0.726619 0.757962 0.723022 0.770701 0.708633 0.770701 0.694245
0 0.818471 0.687050 0.808917 0.687050 0.799363 0.697842 0.799363 0.705036 0.796178 0.708633 0.799363 0.712230 0.799363 0.719424 0.802548 0.723022 0.815287 0.723022 0.818471 0.719424 0.818471 0.715827 0.821656 0.712230 0.821656 0.690647
0 0.898089 0.705036 0.882166 0.705036 0.878981 0.708633 0.875796 0.708633 0.875796 0.712230 0.872611 0.715827 0.872611 0.733813 0.875796 0.737410 0.885350 0.737410 0.891720 0.730216 0.901274 0.726619 0.904459 0.715827
0 0.111465 0.712230 0.105096 0.719424 0.105096 0.723022 0.101911 0.726619 0.105096 0.730216 0.105096 0.737410 0.111465 0.744604 0.127389 0.744604 0.136943 0.733813 0.136943 0.726619 0.127389 0.715827 0.124204 0.715827 0.121019 0.712230
0 0.522293 0.719424 0.515924 0.726619 0.512739 0.726619 0.512739 0.730216 0.509554 0.733813 0.509554 0.741007 0.512739 0.744604 0.512739 0.751799 0.528662 0.769784 0.535032 0.769784 0.541401 0.762590 0.541401 0.737410 0.538217 0.733813 0.538217 0.730216 0.531847 0.723022
0 0.681529 0.719424 0.678344 0.723022 0.678344 0.741007 0.691083 0.762590 0.700637 0.762590 0.703822 0.758993 0.703822 0.744604 0.700637 0.741007 0.700637 0.726619 0.694268 0.719424
0 0.566879 0.737410 0.557325 0.744604 0.550955 0.762590 0.550955 0.773381 0.541401 0.791367 0.541401 0.812950 0.547771 0.820144 0.557325 0.816547 0.566879 0.805755 0.570064 0.776978 0.573248 0.773381 0.573248 0.744604
0 0.761146 0.766187 0.764331 0.769784 0.764331 0.780576 0.770701 0.787770 0.773885 0.787770 0.777070 0.791367 0.792994 0.791367 0.799363 0.784173 0.799363 0.776978 0.786624 0.762590 0.780255 0.762590 0.777070 0.758993 0.770701 0.758993
0 0.267516 0.766187 0.264331 0.769784 0.264331 0.773381 0.257962 0.780576 0.257962 0.794964 0.267516 0.805755 0.273885 0.805755 0.280255 0.798561 0.280255 0.791367 0.283439 0.787770 0.283439 0.773381 0.277070 0.766187
0 0.875796 0.766187 0.872611 0.769784 0.872611 0.773381 0.875796 0.776978 0.875796 0.784173 0.885350 0.794964 0.891720 0.794964 0.898089 0.787770 0.898089 0.776978 0.888535 0.766187
0 0.847134 0.776978 0.847134 0.784173 0.843949 0.787770 0.843949 0.805755 0.847134 0.809353 0.850318 0.823741 0.863057 0.834532 0.878981 0.834532 0.885350 0.823741 0.878981 0.805755 0.859873 0.776978 0.853503 0.773381
0 0.722930 0.787770 0.716561 0.794964 0.716561 0.805755 0.719745 0.809353 0.719745 0.812950 0.722930 0.816547 0.722930 0.820144 0.729299 0.827338 0.738854 0.827338 0.742038 0.823741 0.742038 0.805755 0.738854 0.802158 0.738854 0.798561 0.729299 0.787770
0 0.171975 0.812950 0.162420 0.816547 0.156051 0.827338 0.156051 0.834532 0.152866 0.838129 0.152866 0.845324 0.159236 0.852518 0.168790 0.852518 0.171975 0.848921 0.175159 0.848921 0.181529 0.841727 0.181529 0.838129 0.184713 0.834532 0.184713 0.827338 0.181529 0.823741 0.181529 0.820144
0 0.767516 0.827338 0.757962 0.834532 0.757962 0.848921 0.770701 0.863309 0.770701 0.866906 0.773885 0.870504 0.777070 0.870504 0.783439 0.863309 0.783439 0.859712 0.789809 0.848921 0.789809 0.838129 0.786624 0.834532 0.786624 0.830935 0.783439 0.830935 0.780255 0.827338
0 0.716561 0.834532 0.713376 0.838129 0.713376 0.856115 0.716561 0.859712 0.716561 0.863309 0.719745 0.866906 0.719745 0.870504 0.732484 0.870504 0.735669 0.866906 0.735669 0.859712 0.738854 0.856115 0.735669 0.852518 0.735669 0.848921 0.726115 0.838129 0.722930 0.838129 0.719745 0.834532
0 0.025478 0.856115 0.015924 0.856115 0.009554 0.863309 0.009554 0.866906 0.003185 0.877698 0.003185 0.906475 0.006369 0.906475 0.006369 0.902878 0.009554 0.899281 0.019108 0.895683 0.028662 0.884892 0.028662 0.859712
0 0.684713 0.859712 0.681529 0.863309 0.681529 0.866906 0.678344 0.870504 0.678344 0.874101 0.681529 0.877698 0.681529 0.881295 0.684713 0.881295 0.687898 0.884892 0.697452 0.884892 0.697452 0.881295 0.700637 0.877698 0.700637 0.863309 0.697452 0.859712
