0 0.809524 0.093190 0.796825 0.093190 0.793651 0.096774 0.787302 0.096774 0.777778 0.107527 0.777778 0.121864 0.774603 0.125448 0.774603 0.129032 0.780952 0.139785 0.800000 0.139785 0.809524 0.129032 0.809524 0.125448 0.812698 0.121864 0.812698 0.096774
0 0.869841 0.096774 0.863492 0.093190 0.844444 0.093190 0.825397 0.103943 0.819048 0.114695 0.819048 0.129032 0.825397 0.139785 0.841270 0.150538 0.844444 0.146953 0.857143 0.146953 0.863492 0.143369 0.873016 0.129032 0.873016 0.103943
0 0.123810 0.121864 0.120635 0.125448 0.120635 0.132616 0.130159 0.132616 0.133333 0.129032 0.133333 0.121864
0 0.438095 0.125448 0.438095 0.139785 0.441270 0.139785 0.444444 0.136201 0.450794 0.136201 0.450794 0.129032 0.447619 0.125448
0 0.222222 0.136201 0.222222 0.139785 0.225397 0.143369 0.225397 0.146953 0.228571 0.150538 0.234921 0.150538 0.238095 0.146953 0.241270 0.146953 0.244444 0.143369 0.244444 0.132616 0.241270 0.129032 0.225397 0.129032 0.225397 0.132616
0 0.911111 0.129032 0.907937 0.129032 0.904762 0.132616 0.895238 0.136201 0.895238 0.139785 0.892063 0.143369 0.892063 0.157706 0.901587 0.164875 0.911111 0.164875 0.917460 0.157706 0.917460 0.154122 0.920635 0.150538 0.920635 0.136201
0 0.707937 0.132616 0.688889 0.132616 0.669841 0.150538 0.660317 0.175627 0.660317 0.204301 0.682540 0.229391 0.688889 0.229391 0.717460 0.197133 0.723810 0.182796 0.723810 0.157706
0 0.412698 0.136201 0.400000 0.136201 0.396825 0.139785 0.393651 0.139785 0.393651 0.143369 0.384127 0.154122 0.384127 0.157706 0.380952 0.161290 0.384127 0.164875 0.393651 0.164875 0.396825 0.161290 0.403175 0.161290 0.406349 0.157706 0.409524 0.157706 0.412698 0.154122
0 0.507937 0.146953 0.514286 0.154122 0.520635 0.154122 0.523810 0.150538 0.530159 0.150538 0.536508 0.143369 0.539683 0.143369 0.539683 0.139785 0.536508 0.136201 0.514286 0.136201 0.507937 0.143369
0 0.466667 0.146953 0.453968 0.146953 0.453968 0.150538 0.434921 0.172043 0.434921 0.175627 0.428571 0.182796 0.425397 0.182796 0.425397 0.189964 0.428571 0.189964 0.453968 0.161290 0.463492 0.157706 0.466667 0.154122
0 0.485714 0.146953 0.482540 0.150538 0.482540 0.164875 0.485714 0.168459 0.485714 0.172043 0.492063 0.179211 0.498413 0.179211 0.501587 0.175627 0.501587 0.168459 0.498413 0.164875 0.498413 0.154122 0.495238 0.150538 0.492063 0.150538 0.488889 0.146953
0 0.603175 0.154122 0.593651 0.146953 0.590476 0.150538 0.584127 0.150538 0.580952 0.154122 0.577778 0.154122 0.571429 0.161290 0.571429 0.164875 0.561905 0.179211 0.561905 0.186380 0.558730 0.189964 0.561905 0.193548 0.561905 0.197133 0.571429 0.197133 0.574603 0.193548 0.577778 0.193548 0.603175 0.164875
0 0.831746 0.146953 0.806349 0.146953 0.796825 0.154122 0.780952 0.175627 0.787302 0.197133 0.803175 0.211470 0.809524 0.207885 0.825397 0.207885 0.838095 0.193548 0.844444 0.175627 0.844444 0.157706
0 0.771429 0.150538 0.758730 0.150538 0.739683 0.168459 0.739683 0.189964 0.746032 0.197133 0.755556 0.197133 0.758730 0.193548 0.765079 0.193548 0.777778 0.179211 0.777778 0.175627 0.780952 0.172043 0.780952 0.164875
0 0.177778 0.164875 0.168254 0.164875 0.158730 0.175627 0.155556 0.175627 0.155556 0.179211 0.152381 0.182796 0.152381 0.197133 0.158730 0.204301 0.168254 0.204301 0.177778 0.193548 0.177778 0.186380 0.180952 0.182796 0.180952 0.172043 0.177778 0.168459
0 0.200000 0.179211 0.200000 0.189964 0.203175 0.193548 0.228571 0.193548 0.231746 0.189964 0.231746 0.175627 0.228571 0.175627 0.222222 0.168459 0.212698 0.168459 0.209524 0.172043 0.206349 0.172043
0 0.888889 0.182796 0.885714 0.179211 0.882540 0.179211 0.879365 0.175627 0.876190 0.179211 0.873016 0.179211 0.869841 0.182796 0.866667 0.182796 0.863492 0.186380 0.863492 0.189964 0.860317 0.193548 0.860317 0.197133 0.863492 0.200717 0.869841 0.200717 0.876190 0.193548 0.879365 0.193548
0 0.993651 0.193548 0.987302 0.200717 0.987302 0.204301 0.980952 0.215054 0.980952 0.225806 0.977778 0.229391 0.977778 0.232975 0.980952 0.236559 0.980952 0.247312 0.993651 0.247312 0.996825 0.243728 0.996825 0.197133
0 0.323810 0.222222 0.326984 0.225806 0.333333 0.225806 0.336508 0.222222 0.339683 0.222222 0.342857 0.218638 0.346032 0.218638 0.352381 0.211470 0.352381 0.207885 0.342857 0.207885 0.339683 0.204301 0.326984 0.204301 0.326984 0.207885 0.323810 0.211470
0 0.730159 0.204301 0.714286 0.204301 0.711111 0.215054 0.704762 0.222222 0.704762 0.229391 0.695238 0.240143 0.695238 0.243728 0.692063 0.247312 0.692063 0.250896 0.695238 0.254480 0.698413 0.254480 0.730159 0.222222 0.730159 0.218638 0.733333 0.215054 0.733333 0.207885
0 0.196825 0.211470 0.196825 0.222222 0.203175 0.232975 0.209524 0.232975 0.215873 0.240143 0.228571 0.240143 0.228571 0.236559 0.231746 0.232975 0.231746 0.218638 0.228571 0.215054 0.219048 0.215054 0.209524 0.207885 0.203175 0.207885 0.200000 0.211470
0 0.390476 0.211470 0.377778 0.211470 0.374603 0.215054 0.371429 0.215054 0.358730 0.229391 0.358730 0.232975 0.361905 0.236559 0.361905 0.240143 0.365079 0.240143 0.368254 0.243728 0.371429 0.243728 0.374603 0.240143 0.377778 0.240143 0.380952 0.236559 0.384127 0.236559 0.384127 0.232975 0.390476 0.222222
0 0.926984 0.215054 0.917460 0.215054 0.911111 0.222222 0.911111 0.243728 0.917460 0.250896 0.920635 0.247312 0.926984 0.247312 0.936508 0.236559 0.936508 0.229391 0.933333 0.225806 0.933333 0.218638 0.930159 0.218638
0 0.936508 0.225806 0.939683 0.229391 0.939683 0.232975 0.946032 0.232975 0.949206 0.229391 0.952381 0.229391 0.958730 0.222222 0.955556 0.218638 0.942857 0.218638 0.939683 0.222222 0.936508 0.222222
0 0.171429 0.225806 0.165079 0.232975 0.165079 0.236559 0.168254 0.240143 0.168254 0.247312 0.177778 0.258065 0.180952 0.258065 0.187302 0.250896 0.187302 0.243728 0.184127 0.240143 0.184127 0.236559 0.177778 0.229391 0.174603 0.229391
0 0.428571 0.229391 0.422222 0.229391 0.419048 0.232975 0.415873 0.232975 0.409524 0.240143 0.406349 0.240143 0.403175 0.243728 0.400000 0.243728 0.400000 0.247312 0.396825 0.250896 0.396825 0.258065 0.400000 0.261649 0.412698 0.261649 0.415873 0.258065 0.415873 0.254480 0.419048 0.250896 0.419048 0.247312 0.422222 0.243728 0.422222 0.240143
0 0.841270 0.229391 0.822222 0.229391 0.822222 0.232975 0.812698 0.243728 0.812698 0.254480 0.819048 0.265233 0.822222 0.265233 0.825397 0.268817 0.831746 0.268817 0.834921 0.265233 0.838095 0.265233 0.844444 0.258065 0.847619 0.247312 0.844444 0.243728 0.844444 0.232975
0 0.622222 0.232975 0.609524 0.250896 0.615873 0.265233 0.634921 0.279570 0.650794 0.279570 0.663492 0.261649 0.663492 0.250896 0.660317 0.243728 0.650794 0.236559 0.641270 0.236559 0.638095 0.232975
0 0.457143 0.240143 0.453968 0.243728 0.453968 0.254480 0.469841 0.272401 0.476190 0.272401 0.479365 0.268817 0.479365 0.261649 0.482540 0.258065 0.479365 0.254480 0.479365 0.250896 0.476190 0.247312 0.473016 0.247312 0.463492 0.240143
0 0.146032 0.250896 0.136508 0.250896 0.133333 0.254480 0.133333 0.258065 0.130159 0.261649 0.130159 0.268817 0.126984 0.272401 0.126984 0.275986 0.130159 0.279570 0.142857 0.279570 0.149206 0.272401 0.152381 0.272401 0.152381 0.258065
0 0.219048 0.254480 0.215873 0.258065 0.215873 0.265233 0.212698 0.268817 0.212698 0.283154 0.215873 0.283154 0.219048 0.286738 0.225397 0.286738 0.225397 0.283154 0.228571 0.279570 0.228571 0.258065 0.225397 0.258065 0.222222 0.254480
0 0.304762 0.254480 0.301587 0.258065 0.298413 0.258065 0.298413 0.272401 0.301587 0.275986 0.304762 0.275986 0.307937 0.279570 0.307937 0.283154 0.311111 0.283154 0.314286 0.286738 0.323810 0.279570 0.323810 0.268817 0.317460 0.268817 0.314286 0.265233 0.314286 0.261649
0 0.761905 0.275986 0.749206 0.268817 0.739683 0.268817 0.736508 0.272401 0.726984 0.272401 0.714286 0.279570 0.704762 0.290323 0.704762 0.304659 0.707937 0.311828 0.717460 0.322581 0.736508 0.322581 0.749206 0.315412 0.761905 0.293907
0 0.355556 0.272401 0.349206 0.272401 0.349206 0.279570 0.346032 0.283154 0.346032 0.290323 0.342857 0.293907 0.342857 0.308244 0.346032 0.311828 0.352381 0.311828 0.358730 0.301075 0.358730 0.293907 0.355556 0.290323 0.358730 0.286738 0.358730 0.283154 0.355556 0.279570
0 0.200000 0.275986 0.196825 0.279570 0.196825 0.290323 0.206349 0.290323 0.209524 0.286738 0.209524 0.275986
0 0.885714 0.286738 0.876190 0.301075 0.876190 0.308244 0.882540 0.322581 0.904762 0.336918 0.914286 0.336918 0.920635 0.333333 0.930159 0.315412 0.930159 0.301075 0.923810 0.286738 0.914286 0.279570 0.901587 0.279570 0.898413 0.283154
0 0.619048 0.301075 0.612698 0.293907 0.590476 0.286738 0.542857 0.290323 0.523810 0.297491 0.517460 0.304659 0.514286 0.318996 0.523810 0.329749 0.561905 0.333333 0.574603 0.326165 0.600000 0.322581 0.612698 0.315412
0 0.812698 0.293907 0.796825 0.293907 0.793651 0.297491 0.790476 0.297491 0.780952 0.308244 0.780952 0.311828 0.777778 0.315412 0.777778 0.326165 0.784127 0.336918 0.800000 0.336918 0.812698 0.326165 0.815873 0.326165 0.822222 0.308244
0 0.244444 0.297491 0.238095 0.297491 0.234921 0.301075 0.234921 0.311828 0.241270 0.318996 0.247619 0.311828 0.247619 0.304659 0.244444 0.301075
0 0.441270 0.301075 0.428571 0.301075 0.415873 0.311828 0.415873 0.322581 0.412698 0.326165 0.412698 0.329749 0.422222 0.347670 0.425397 0.347670 0.431746 0.340502 0.434921 0.340502 0.441270 0.333333 0.444444 0.333333 0.450794 0.326165 0.453968 0.326165 0.447619 0.318996 0.447619 0.315412 0.444444 0.311828 0.444444 0.304659
0 0.193651 0.304659 0.190476 0.304659 0.184127 0.311828 0.184127 0.318996 0.180952 0.322581 0.177778 0.322581 0.171429 0.329749 0.171429 0.333333 0.180952 0.333333 0.190476 0.322581 0.190476 0.318996 0.193651 0.315412
0 0.387302 0.318996 0.384127 0.315412 0.377778 0.315412 0.374603 0.318996 0.374603 0.322581 0.368254 0.329749 0.368254 0.336918 0.374603 0.336918 0.377778 0.333333 0.380952 0.333333 0.387302 0.326165
0 0.123810 0.318996 0.117460 0.326165 0.117460 0.333333 0.120635 0.336918 0.120635 0.340502 0.123810 0.344086 0.126984 0.344086 0.130159 0.347670 0.139683 0.347670 0.139683 0.333333 0.136508 0.329749 0.136508 0.326165 0.133333 0.322581 0.130159 0.322581 0.126984 0.318996
0 0.288889 0.326165 0.282540 0.333333 0.282540 0.347670 0.288889 0.347670 0.292063 0.351254 0.304762 0.351254 0.311111 0.340502 0.311111 0.336918 0.307937 0.333333 0.307937 0.329749 0.304762 0.326165
0 0.590476 0.340502 0.584127 0.340502 0.580952 0.344086 0.577778 0.344086 0.571429 0.351254 0.571429 0.354839 0.568254 0.358423 0.568254 0.362007 0.571429 0.365591 0.571429 0.369176 0.577778 0.369176 0.580952 0.372760 0.584127 0.372760 0.593651 0.365591 0.593651 0.358423 0.596825 0.354839 0.596825 0.347670
0 0.533333 0.347670 0.526984 0.354839 0.526984 0.369176 0.536508 0.379928 0.542857 0.379928 0.546032 0.376344 0.549206 0.376344 0.549206 0.372760 0.552381 0.369176 0.552381 0.358423 0.546032 0.347670
0 0.641270 0.351254 0.638095 0.347670 0.631746 0.347670 0.622222 0.358423 0.612698 0.362007 0.606349 0.369176 0.606349 0.372760 0.603175 0.376344 0.606349 0.379928 0.606349 0.383513 0.615873 0.383513 0.625397 0.372760 0.628571 0.372760 0.641270 0.358423
0 0.936508 0.347670 0.926984 0.358423 0.926984 0.362007 0.923810 0.365591 0.923810 0.379928 0.936508 0.394265 0.952381 0.394265 0.958730 0.383513 0.958730 0.354839 0.952381 0.347670
0 0.371429 0.362007 0.365079 0.369176 0.365079 0.372760 0.361905 0.376344 0.361905 0.383513 0.355556 0.390681 0.355556 0.401434 0.358730 0.405018 0.365079 0.405018 0.371429 0.394265 0.371429 0.376344 0.368254 0.372760 0.371429 0.369176
0 0.244444 0.365591 0.241270 0.369176 0.241270 0.397849 0.244444 0.401434 0.244444 0.405018 0.247619 0.408602 0.269841 0.408602 0.276190 0.401434 0.276190 0.390681 0.273016 0.387097 0.273016 0.383513 0.263492 0.376344 0.257143 0.376344 0.247619 0.365591
0 0.285714 0.369176 0.285714 0.379928 0.292063 0.387097 0.298413 0.387097 0.301587 0.390681 0.314286 0.390681 0.317460 0.387097 0.317460 0.372760 0.311111 0.365591 0.288889 0.365591
0 0.419048 0.372760 0.409524 0.372760 0.403175 0.383513 0.403175 0.408602 0.393651 0.422939 0.396825 0.437276 0.403175 0.444444 0.412698 0.444444 0.428571 0.426523 0.428571 0.419355 0.431746 0.415771 0.431746 0.394265 0.428571 0.390681 0.425397 0.376344
0 0.787302 0.372760 0.768254 0.376344 0.758730 0.383513 0.749206 0.397849 0.742857 0.430108 0.752381 0.451613 0.758730 0.455197 0.777778 0.448029 0.787302 0.437276 0.787302 0.430108 0.796825 0.415771 0.800000 0.387097 0.796825 0.379928
0 0.993651 0.372760 0.984127 0.376344 0.961905 0.397849 0.961905 0.408602 0.965079 0.412186 0.974603 0.412186 0.977778 0.408602 0.984127 0.408602 0.993651 0.397849
0 0.669841 0.394265 0.657143 0.383513 0.644444 0.383513 0.641270 0.387097 0.625397 0.394265 0.615873 0.408602 0.622222 0.415771 0.634921 0.415771 0.638095 0.419355 0.641270 0.415771 0.647619 0.415771 0.660317 0.405018 0.663492 0.405018 0.663492 0.401434
0 0.726984 0.383513 0.714286 0.387097 0.707937 0.394265 0.698413 0.415771 0.698413 0.422939 0.695238 0.426523 0.695238 0.455197 0.698413 0.458781 0.711111 0.458781 0.723810 0.440860 0.723810 0.433692 0.726984 0.430108 0.726984 0.405018 0.730159 0.401434 0.730159 0.387097
0 0.866667 0.387097 0.860317 0.387097 0.857143 0.390681 0.857143 0.394265 0.853968 0.397849 0.853968 0.415771 0.857143 0.415771 0.860317 0.419355 0.863492 0.419355 0.873016 0.408602 0.873016 0.394265
0 0.495238 0.401434 0.488889 0.401434 0.485714 0.397849 0.479365 0.397849 0.476190 0.401434 0.473016 0.401434 0.460317 0.415771 0.460317 0.426523 0.457143 0.430108 0.457143 0.440860 0.460317 0.440860 0.463492 0.444444 0.473016 0.440860 0.476190 0.437276 0.476190 0.433692 0.479365 0.430108 0.482540 0.430108 0.495238 0.415771 0.495238 0.412186 0.498413 0.408602 0.495238 0.405018
0 0.228571 0.415771 0.219048 0.415771 0.215873 0.419355 0.212698 0.419355 0.212698 0.422939 0.203175 0.433692 0.203175 0.455197 0.209524 0.462366 0.215873 0.462366 0.228571 0.451613 0.234921 0.451613 0.234921 0.448029 0.238095 0.444444 0.238095 0.430108
0 0.946032 0.426523 0.926984 0.426523 0.923810 0.430108 0.917460 0.430108 0.901587 0.451613 0.901587 0.455197 0.904762 0.458781 0.901587 0.462366 0.904762 0.458781 0.923810 0.458781 0.926984 0.455197 0.933333 0.455197 0.942857 0.444444 0.942857 0.440860 0.946032 0.437276
0 0.828571 0.430108 0.815873 0.455197 0.815873 0.469534 0.822222 0.476703 0.841270 0.476703 0.850794 0.462366 0.850794 0.437276 0.844444 0.430108
0 0.368254 0.444444 0.368254 0.469534 0.371429 0.473118 0.371429 0.476703 0.377778 0.483871 0.380952 0.483871 0.387302 0.476703 0.387302 0.455197 0.380952 0.448029 0.380952 0.444444
0 0.526984 0.465950 0.520635 0.465950 0.517460 0.462366 0.501587 0.462366 0.498413 0.465950 0.492063 0.465950 0.473016 0.483871 0.473016 0.498208 0.485714 0.508961 0.501587 0.505376 0.523810 0.483871 0.526984 0.476703
0 0.726984 0.465950 0.720635 0.473118 0.720635 0.494624 0.733333 0.505376 0.749206 0.505376 0.758730 0.494624 0.758730 0.491039 0.761905 0.487455 0.761905 0.473118 0.752381 0.465950 0.742857 0.465950 0.739683 0.462366 0.733333 0.462366 0.730159 0.465950
0 0.625397 0.473118 0.609524 0.473118 0.606349 0.476703 0.603175 0.476703 0.596825 0.483871 0.596825 0.491039 0.600000 0.494624 0.600000 0.498208 0.609524 0.505376 0.612698 0.501792 0.615873 0.501792 0.619048 0.498208 0.622222 0.498208 0.622222 0.494624 0.628571 0.487455 0.628571 0.476703
0 0.993651 0.480287 0.984127 0.473118 0.968254 0.473118 0.955556 0.480287 0.939683 0.498208 0.939683 0.508961 0.952381 0.519713 0.965079 0.519713 0.984127 0.508961 0.993651 0.498208
0 0.879365 0.480287 0.860317 0.480287 0.850794 0.494624 0.850794 0.523297 0.860317 0.537634 0.873016 0.534050 0.879365 0.526882 0.882540 0.526882 0.892063 0.512545 0.892063 0.494624
0 0.247619 0.498208 0.250794 0.508961 0.257143 0.516129 0.266667 0.516129 0.269841 0.519713 0.282540 0.519713 0.285714 0.523297 0.288889 0.523297 0.295238 0.516129 0.292063 0.505376 0.279365 0.491039 0.269841 0.491039 0.266667 0.487455 0.263492 0.487455 0.260317 0.491039 0.253968 0.491039
0 0.231746 0.491039 0.228571 0.491039 0.219048 0.498208 0.219048 0.519713 0.222222 0.523297 0.222222 0.530466 0.228571 0.530466 0.231746 0.526882 0.238095 0.526882 0.238095 0.523297 0.234921 0.519713 0.234921 0.494624
0 0.428571 0.491039 0.425397 0.494624 0.425397 0.501792 0.422222 0.505376 0.422222 0.526882 0.425397 0.530466 0.425397 0.534050 0.434921 0.534050 0.438095 0.530466 0.438095 0.523297 0.434921 0.519713 0.434921 0.494624 0.431746 0.491039
0 0.358730 0.494624 0.352381 0.501792 0.352381 0.516129 0.355556 0.519713 0.355556 0.523297 0.358730 0.519713 0.361905 0.523297 0.371429 0.523297 0.371429 0.505376 0.368254 0.501792 0.368254 0.498208 0.365079 0.494624
0 0.184127 0.519713 0.174603 0.523297 0.133333 0.566308 0.130159 0.580645 0.136508 0.587814 0.149206 0.584229 0.165079 0.566308 0.165079 0.562724 0.187302 0.530466 0.187302 0.523297
0 0.714286 0.519713 0.698413 0.534050 0.695238 0.541219 0.695238 0.559140 0.698413 0.562724 0.701587 0.580645 0.714286 0.594982 0.726984 0.594982 0.746032 0.569892 0.746032 0.562724 0.749206 0.559140 0.749206 0.537634 0.736508 0.519713
0 0.222222 0.534050 0.222222 0.548387 0.225397 0.551971 0.225397 0.555556 0.228571 0.559140 0.231746 0.559140 0.234921 0.562724 0.238095 0.562724 0.244444 0.555556 0.244444 0.548387 0.241270 0.544803 0.241270 0.537634 0.238095 0.534050 0.238095 0.530466 0.231746 0.530466 0.228571 0.534050
0 0.336508 0.537634 0.336508 0.541219 0.342857 0.548387 0.342857 0.551971 0.346032 0.551971 0.349206 0.555556 0.355556 0.555556 0.358730 0.559140 0.368254 0.551971 0.368254 0.544803 0.365079 0.541219 0.365079 0.537634 0.355556 0.530466 0.342857 0.530466
0 0.323810 0.534050 0.317460 0.534050 0.314286 0.537634 0.311111 0.537634 0.311111 0.541219 0.314286 0.544803 0.314286 0.548387 0.323810 0.537634
0 0.993651 0.534050 0.990476 0.537634 0.990476 0.544803 0.987302 0.548387 0.990476 0.551971 0.993651 0.551971 0.996825 0.548387 0.993651 0.544803 0.996825 0.541219 0.996825 0.537634
0 0.257143 0.537634 0.257143 0.541219 0.253968 0.544803 0.253968 0.577061 0.257143 0.580645 0.257143 0.584229 0.266667 0.591398 0.269841 0.587814 0.273016 0.587814 0.279365 0.580645 0.279365 0.559140 0.276190 0.555556 0.276190 0.551971 0.269841 0.544803 0.269841 0.541219 0.266667 0.541219 0.263492 0.537634
0 0.520635 0.541219 0.517460 0.544803 0.517460 0.548387 0.514286 0.551971 0.514286 0.555556 0.517460 0.559140 0.517460 0.562724 0.520635 0.566308 0.520635 0.569892 0.526984 0.577061 0.530159 0.577061 0.533333 0.573477 0.536508 0.573477 0.542857 0.566308 0.542857 0.548387 0.536508 0.541219
0 0.619048 0.544803 0.596825 0.541219 0.584127 0.548387 0.571429 0.562724 0.565079 0.580645 0.558730 0.587814 0.552381 0.616487 0.561905 0.623656 0.574603 0.623656 0.606349 0.598566 0.615873 0.587814 0.622222 0.569892
0 0.190476 0.551971 0.184127 0.559140 0.184127 0.573477 0.187302 0.577061 0.187302 0.580645 0.190476 0.580645 0.193651 0.584229 0.200000 0.584229 0.203175 0.580645 0.209524 0.580645 0.209524 0.577061 0.212698 0.573477 0.212698 0.559140 0.206349 0.551971
0 0.390476 0.551971 0.387302 0.555556 0.387302 0.559140 0.384127 0.562724 0.380952 0.562724 0.371429 0.573477 0.374603 0.577061 0.374603 0.580645 0.377778 0.584229 0.380952 0.580645 0.387302 0.580645 0.387302 0.569892 0.390476 0.566308 0.390476 0.562724 0.393651 0.559140 0.393651 0.555556
0 0.885714 0.551971 0.873016 0.551971 0.853968 0.584229 0.853968 0.591398 0.850794 0.594982 0.850794 0.612903 0.857143 0.627240 0.866667 0.627240 0.876190 0.612903 0.876190 0.605735 0.888889 0.569892 0.888889 0.555556
0 0.498413 0.559140 0.482540 0.559140 0.460317 0.577061 0.457143 0.584229 0.457143 0.598566 0.460317 0.602151 0.460317 0.609319 0.469841 0.620072 0.492063 0.620072 0.507937 0.602151 0.511111 0.591398 0.507937 0.587814 0.507937 0.577061
0 0.952381 0.559140 0.936508 0.559140 0.907937 0.587814 0.901587 0.605735 0.907937 0.627240 0.914286 0.630824 0.933333 0.627240 0.958730 0.602151 0.965079 0.584229 0.965079 0.569892
0 0.822222 0.577061 0.812698 0.566308 0.809524 0.569892 0.790476 0.566308 0.787302 0.573477 0.774603 0.577061 0.765079 0.591398 0.765079 0.598566 0.755556 0.616487 0.755556 0.627240 0.793651 0.627240 0.812698 0.616487 0.822222 0.598566
0 0.701587 0.584229 0.685714 0.584229 0.676190 0.594982 0.669841 0.623656 0.660317 0.641577 0.663492 0.670251 0.673016 0.677419 0.688889 0.677419 0.717460 0.645161 0.717460 0.612903 0.711111 0.594982
0 0.139683 0.609319 0.133333 0.616487 0.133333 0.627240 0.136508 0.630824 0.136508 0.637993 0.142857 0.645161 0.149206 0.645161 0.158730 0.634409 0.158730 0.616487 0.152381 0.609319
0 0.403175 0.609319 0.390476 0.609319 0.390476 0.612903 0.380952 0.627240 0.380952 0.634409 0.374603 0.648746 0.374603 0.673835 0.377778 0.677419 0.380952 0.673835 0.387302 0.673835 0.403175 0.655914 0.406349 0.648746 0.409524 0.612903
0 0.628571 0.612903 0.625397 0.612903 0.619048 0.620072 0.619048 0.627240 0.622222 0.630824 0.622222 0.637993 0.628571 0.637993 0.628571 0.623656 0.631746 0.620072 0.631746 0.616487
0 0.358730 0.616487 0.342857 0.616487 0.333333 0.627240 0.326984 0.641577 0.323810 0.663082 0.333333 0.677419 0.349206 0.677419 0.355556 0.670251 0.355556 0.663082 0.358730 0.659498 0.358730 0.645161 0.361905 0.641577 0.361905 0.620072
0 0.222222 0.634409 0.219048 0.634409 0.215873 0.630824 0.212698 0.630824 0.209524 0.634409 0.206349 0.634409 0.203175 0.637993 0.203175 0.645161 0.206349 0.648746 0.206349 0.652330 0.219048 0.652330 0.225397 0.645161 0.225397 0.641577 0.222222 0.637993
0 0.752381 0.630824 0.749206 0.652330 0.752381 0.655914 0.752381 0.663082 0.761905 0.673835 0.777778 0.681004 0.800000 0.681004 0.809524 0.666667 0.809524 0.645161 0.803175 0.637993 0.790476 0.630824
0 0.961905 0.630824 0.933333 0.637993 0.920635 0.648746 0.917460 0.655914 0.920635 0.666667 0.917460 0.706093 0.923810 0.713262 0.933333 0.713262 0.949206 0.706093 0.968254 0.684588 0.971429 0.652330
0 0.441270 0.634409 0.428571 0.637993 0.419048 0.648746 0.409524 0.670251 0.409524 0.681004 0.419048 0.695341 0.434921 0.695341 0.441270 0.691756 0.447619 0.684588 0.450794 0.684588 0.460317 0.670251 0.460317 0.659498 0.453968 0.645161
0 0.596825 0.645161 0.590476 0.641577 0.587302 0.645161 0.577778 0.645161 0.574603 0.648746 0.565079 0.648746 0.552381 0.655914 0.533333 0.659498 0.520635 0.681004 0.520635 0.698925 0.523810 0.702509 0.542857 0.702509 0.568254 0.684588 0.593651 0.655914
0 0.993651 0.655914 0.984127 0.663082 0.984127 0.688172 0.987302 0.691756 0.987302 0.695341 0.993651 0.702509 0.993651 0.698925 0.996825 0.695341 0.993651 0.691756 0.996825 0.688172 0.996825 0.681004 0.993651 0.677419
0 0.863492 0.663082 0.850794 0.663082 0.825397 0.677419 0.803175 0.698925 0.793651 0.720430 0.793651 0.731183 0.803175 0.745520 0.819048 0.749104 0.841270 0.727599 0.866667 0.673835
0 0.904762 0.677419 0.898413 0.673835 0.885714 0.673835 0.869841 0.688172 0.866667 0.695341 0.866667 0.720430 0.873016 0.727599 0.898413 0.727599 0.907937 0.716846 0.911111 0.709677 0.911111 0.684588
0 0.130159 0.677419 0.123810 0.688172 0.123810 0.698925 0.133333 0.709677 0.146032 0.709677 0.152381 0.702509 0.152381 0.698925 0.155556 0.695341 0.155556 0.691756 0.152381 0.688172 0.152381 0.681004 0.149206 0.677419
0 0.387302 0.691756 0.368254 0.695341 0.352381 0.716846 0.346032 0.738351 0.349206 0.763441 0.374603 0.781362 0.387302 0.777778 0.406349 0.756272 0.412698 0.734767 0.412698 0.720430 0.406349 0.706093 0.396825 0.695341
0 0.485714 0.698925 0.482540 0.702509 0.476190 0.702509 0.466667 0.716846 0.466667 0.741935 0.469841 0.745520 0.469841 0.752688 0.482540 0.767025 0.495238 0.767025 0.507937 0.756272 0.507937 0.749104 0.511111 0.745520 0.511111 0.716846 0.498413 0.698925
0 0.641270 0.706093 0.631746 0.724014 0.631746 0.752688 0.650794 0.813620 0.676190 0.817204 0.698413 0.810036 0.717460 0.777778 0.714286 0.734767 0.695238 0.709677 0.682540 0.702509 0.657143 0.698925
0 0.228571 0.706093 0.215873 0.706093 0.212698 0.709677 0.203175 0.713262 0.200000 0.716846 0.200000 0.720430 0.193651 0.727599 0.193651 0.741935 0.196825 0.745520 0.203175 0.745520 0.206349 0.749104 0.209524 0.745520 0.212698 0.745520 0.228571 0.727599 0.228571 0.724014 0.231746 0.720430 0.231746 0.713262 0.228571 0.709677
0 0.933333 0.720430 0.930159 0.724014 0.923810 0.724014 0.914286 0.738351 0.914286 0.763441 0.917460 0.767025 0.917460 0.774194 0.923810 0.781362 0.939683 0.781362 0.946032 0.774194 0.949206 0.774194 0.952381 0.759857 0.955556 0.756272 0.952381 0.734767 0.942857 0.724014 0.936508 0.724014
0 0.298413 0.731183 0.282540 0.734767 0.250794 0.763441 0.244444 0.777778 0.244444 0.792115 0.257143 0.802867 0.279365 0.802867 0.301587 0.781362 0.304762 0.774194 0.304762 0.745520
0 0.225397 0.752688 0.215873 0.752688 0.212698 0.756272 0.206349 0.756272 0.206349 0.763441 0.200000 0.770609 0.200000 0.777778 0.196825 0.781362 0.196825 0.788530 0.200000 0.788530 0.206349 0.795699 0.212698 0.795699 0.222222 0.784946 0.222222 0.781362 0.225397 0.777778 0.225397 0.770609 0.228571 0.767025 0.228571 0.756272
0 0.971429 0.770609 0.949206 0.781362 0.946032 0.777778 0.942857 0.788530 0.930159 0.799283 0.926984 0.820789 0.930159 0.831541 0.942857 0.845878 0.952381 0.845878 0.971429 0.835125 0.980952 0.824373 0.987302 0.810036 0.987302 0.792115 0.980952 0.777778
0 0.838095 0.777778 0.809524 0.781362 0.793651 0.802867 0.796825 0.845878 0.806349 0.863799 0.822222 0.870968 0.850794 0.860215 0.863492 0.849462 0.857143 0.799283
0 0.126984 0.781362 0.123810 0.784946 0.120635 0.784946 0.120635 0.802867 0.123810 0.806452 0.123810 0.810036 0.126984 0.810036 0.130159 0.813620 0.136508 0.813620 0.146032 0.802867 0.146032 0.792115 0.139683 0.784946 0.136508 0.784946 0.133333 0.781362
0 0.546032 0.788530 0.539683 0.788530 0.530159 0.799283 0.530159 0.802867 0.526984 0.806452 0.526984 0.813620 0.523810 0.817204 0.523810 0.838710 0.530159 0.845878 0.542857 0.845878 0.552381 0.835125 0.552381 0.831541 0.555556 0.827957 0.555556 0.806452 0.552381 0.802867 0.552381 0.795699
0 0.606349 0.795699 0.590476 0.810036 0.587302 0.817204 0.587302 0.835125 0.590476 0.838710 0.593651 0.853047 0.600000 0.860215 0.615873 0.860215 0.631746 0.842294 0.634921 0.831541 0.631746 0.827957 0.628571 0.806452 0.619048 0.795699
0 0.203175 0.810036 0.196825 0.802867 0.190476 0.802867 0.187302 0.806452 0.184127 0.806452 0.174603 0.817204 0.171429 0.817204 0.171429 0.824373 0.177778 0.824373 0.180952 0.827957 0.190476 0.827957 0.200000 0.820789 0.200000 0.813620
0 0.396825 0.802867 0.387302 0.813620 0.377778 0.842294 0.390476 0.878136 0.390476 0.888889 0.409524 0.892473 0.425397 0.870968 0.428571 0.835125 0.425397 0.831541 0.425397 0.820789 0.415873 0.802867
0 0.244444 0.824373 0.241270 0.827957 0.241270 0.831541 0.238095 0.835125 0.238095 0.838710 0.241270 0.842294 0.241270 0.845878 0.257143 0.845878 0.260317 0.842294 0.260317 0.838710 0.257143 0.835125 0.260317 0.831541 0.260317 0.827957 0.253968 0.827957 0.250794 0.824373
0 0.222222 0.835125 0.215873 0.842294 0.215873 0.853047 0.222222 0.860215 0.225397 0.860215 0.228571 0.863799 0.238095 0.863799 0.238095 0.842294 0.234921 0.842294 0.228571 0.835125
0 0.358730 0.835125 0.346032 0.842294 0.336508 0.853047 0.333333 0.863799 0.336508 0.896057 0.349206 0.917563 0.371429 0.917563 0.380952 0.910394 0.387302 0.896057 0.387302 0.878136 0.374603 0.838710 0.371429 0.835125
0 0.901587 0.838710 0.892063 0.845878 0.885714 0.845878 0.879365 0.853047 0.879365 0.856631 0.876190 0.860215 0.876190 0.867384 0.888889 0.878136 0.892063 0.878136 0.901587 0.888889 0.904762 0.888889 0.917460 0.878136 0.917460 0.860215 0.907937 0.845878 0.907937 0.842294 0.904762 0.842294
0 0.104762 0.842294 0.101587 0.845878 0.101587 0.867384 0.111111 0.874552 0.120635 0.874552 0.123810 0.870968 0.126984 0.870968 0.126984 0.867384 0.130159 0.863799 0.130159 0.856631 0.126984 0.853047 0.126984 0.849462 0.120635 0.842294
0 0.698413 0.856631 0.701587 0.878136 0.730159 0.899642 0.749206 0.899642 0.765079 0.885305 0.765079 0.863799 0.746032 0.845878 0.714286 0.842294
0 0.993651 0.845878 0.987302 0.845878 0.980952 0.853047 0.977778 0.853047 0.968254 0.867384 0.968254 0.874552 0.965079 0.878136 0.965079 0.885305 0.968254 0.892473 0.980952 0.903226 0.993651 0.903226 0.996825 0.899642 0.993651 0.892473
0 0.558730 0.867384 0.555556 0.874552 0.555556 0.896057 0.561905 0.903226 0.574603 0.906810 0.577778 0.903226 0.603175 0.899642 0.609524 0.892473 0.609524 0.878136 0.593651 0.856631 0.580952 0.856631 0.577778 0.853047 0.574603 0.856631 0.568254 0.856631
0 0.660317 0.863799 0.653968 0.863799 0.644444 0.878136 0.644444 0.888889 0.641270 0.892473 0.638095 0.939068 0.644444 0.946237 0.653968 0.946237 0.666667 0.913978 0.669841 0.878136
0 0.250794 0.878136 0.250794 0.881720 0.253968 0.885305 0.253968 0.888889 0.257143 0.888889 0.260317 0.892473 0.273016 0.892473 0.276190 0.888889 0.282540 0.888889 0.282540 0.881720 0.279365 0.878136 0.276190 0.878136 0.273016 0.874552 0.269841 0.874552 0.260317 0.867384 0.257143 0.867384
0 0.196825 0.881720 0.196825 0.888889 0.203175 0.896057 0.209524 0.896057 0.212698 0.899642 0.225397 0.899642 0.228571 0.896057 0.231746 0.896057 0.231746 0.892473 0.234921 0.888889 0.234921 0.881720 0.228571 0.874552 0.222222 0.874552 0.219048 0.870968 0.206349 0.870968
0 0.876190 0.870968 0.857143 0.881720 0.844444 0.896057 0.844444 0.903226 0.841270 0.906810 0.841270 0.924731 0.857143 0.939068 0.876190 0.939068 0.888889 0.931900 0.901587 0.910394 0.901587 0.892473
0 0.501587 0.874552 0.492063 0.874552 0.488889 0.878136 0.488889 0.888889 0.492063 0.892473 0.495238 0.892473 0.498413 0.888889 0.501587 0.888889 0.504762 0.885305 0.504762 0.878136
0 0.463492 0.878136 0.441270 0.881720 0.422222 0.899642 0.412698 0.928315 0.422222 0.949821 0.438095 0.949821 0.450794 0.942652 0.460317 0.931900 0.473016 0.903226 0.473016 0.892473
0 0.111111 0.892473 0.104762 0.899642 0.104762 0.910394 0.107937 0.913978 0.107937 0.917563 0.117460 0.928315 0.120635 0.924731 0.123810 0.924731 0.130159 0.917563 0.130159 0.903226 0.126984 0.899642 0.126984 0.896057 0.123810 0.896057 0.120635 0.892473
0 0.304762 0.896057 0.298413 0.899642 0.295238 0.906810 0.295238 0.931900 0.304762 0.946237 0.314286 0.967742 0.314286 0.974910 0.320635 0.978495 0.326984 0.974910 0.333333 0.964158 0.333333 0.949821 0.330159 0.946237 0.333333 0.942652 0.333333 0.913978 0.326984 0.899642 0.320635 0.896057
0 0.517460 0.896057 0.514286 0.903226 0.498413 0.917563 0.501587 0.924731 0.501587 0.942652 0.520635 0.956989 0.546032 0.956989 0.555556 0.935484 0.555556 0.924731 0.549206 0.906810 0.530159 0.896057
0 0.606349 0.899642 0.587302 0.906810 0.584127 0.913978 0.571429 0.921147 0.561905 0.942652 0.568254 0.971326 0.584127 0.989247 0.612698 0.985663 0.628571 0.960573 0.625397 0.921147
0 0.793651 0.906810 0.787302 0.913978 0.787302 0.939068 0.796825 0.956989 0.815873 0.967742 0.831746 0.967742 0.844444 0.949821 0.841270 0.946237 0.841270 0.931900 0.838095 0.924731 0.809524 0.903226
0 0.942857 0.921147 0.930159 0.935484 0.930159 0.949821 0.933333 0.956989 0.946032 0.971326 0.952381 0.974910 0.961905 0.974910 0.977778 0.956989 0.980952 0.949821 0.980952 0.939068 0.968254 0.921147
0 0.746032 0.924731 0.736508 0.935484 0.746032 0.967742 0.758730 0.978495 0.765079 0.992832 0.793651 0.996416 0.800000 0.989247 0.800000 0.964158 0.787302 0.942652 0.771429 0.928315
0 0.914286 0.949821 0.904762 0.942652 0.888889 0.942652 0.879365 0.953405 0.879365 0.960573 0.873016 0.971326 0.873016 0.978495 0.866667 0.985663 0.866667 0.992832 0.869841 0.996416 0.901587 0.996416 0.914286 0.989247 0.920635 0.974910 0.920635 0.964158
0 0.714286 0.964158 0.714286 0.967742 0.711111 0.971326 0.711111 0.974910 0.707937 0.978495 0.704762 0.989247 0.707937 0.992832 0.739683 0.992832 0.739683 0.978495 0.736508 0.974910 0.736508 0.971326 0.726984 0.964158
0 0.234921 0.982079 0.234921 0.989247 0.241270 0.996416 0.288889 0.996416 0.292063 0.992832 0.292063 0.989247 0.276190 0.971326 0.269841 0.967742 0.244444 0.967742
0 0.092063 0.989247 0.092063 0.992832 0.117460 0.992832 0.114286 0.989247 0.111111 0.989247 0.107937 0.985663 0.095238 0.985663
