0 0.324841 0.003597 0.324841 0.014388 0.337580 0.028777 0.353503 0.028777 0.366242 0.010791 0.366242 0.003597 0.363057 0.000000 0.334395 0.000000 0.331210 0.003597
0 0.047771 0.003597 0.047771 0.010791 0.044586 0.014388 0.044586 0.021583 0.047771 0.025180 0.047771 0.028777 0.050955 0.032374 0.060510 0.032374 0.060510 0.028777 0.063694 0.025180 0.063694 0.021583 0.066879 0.017986 0.066879 0.003597
0 0.401274 0.003597 0.398089 0.007194 0.398089 0.014388 0.394904 0.017986 0.394904 0.025180 0.398089 0.028777 0.410828 0.028777 0.414013 0.025180 0.414013 0.021583 0.417197 0.017986 0.417197 0.007194 0.414013 0.003597
0 0.738854 0.003597 0.738854 0.007194 0.748408 0.014388 0.757962 0.014388 0.761146 0.017986 0.773885 0.017986 0.777070 0.021583 0.786624 0.021583 0.799363 0.010791 0.799363 0.007194 0.796178 0.003597
0 0.659236 0.032374 0.659236 0.039568 0.671975 0.050360 0.681529 0.050360 0.684713 0.046763 0.687898 0.046763 0.697452 0.039568 0.703822 0.039568 0.707006 0.035971 0.707006 0.028777 0.700637 0.021583 0.697452 0.021583 0.694268 0.017986 0.687898 0.017986 0.684713 0.014388 0.668790 0.017986
0 0.073248 0.035971 0.073248 0.046763 0.085987 0.061151 0.089172 0.061151 0.092357 0.064748 0.095541 0.061151 0.098726 0.061151 0.098726 0.053957 0.092357 0.046763 0.092357 0.043165 0.089172 0.039568 0.085987 0.039568 0.079618 0.032374 0.076433 0.035971
0 0.630573 0.035971 0.624204 0.046763 0.624204 0.050360 0.630573 0.057554 0.630573 0.061151 0.633758 0.061151 0.636943 0.064748 0.649682 0.064748 0.652866 0.061151 0.652866 0.057554 0.649682 0.053957 0.649682 0.050360 0.646497 0.046763 0.646497 0.043165 0.640127 0.035971
0 0.474522 0.053957 0.468153 0.050360 0.455414 0.050360 0.442675 0.061151 0.439490 0.061151 0.429936 0.075540 0.429936 0.089928 0.433121 0.093525 0.439490 0.093525 0.445860 0.097122 0.464968 0.086331 0.471338 0.079137 0.474522 0.079137 0.477707 0.071942 0.477707 0.061151
0 0.528662 0.057554 0.525478 0.061151 0.525478 0.079137 0.528662 0.079137 0.535032 0.086331 0.544586 0.086331 0.550955 0.079137 0.550955 0.068345 0.541401 0.057554
0 0.216561 0.082734 0.213376 0.086331 0.213376 0.097122 0.219745 0.107914 0.219745 0.115108 0.222930 0.118705 0.222930 0.122302 0.232484 0.125899 0.235669 0.122302 0.235669 0.107914 0.229299 0.097122 0.229299 0.089928 0.226115 0.086331
0 0.165605 0.089928 0.162420 0.093525 0.162420 0.100719 0.171975 0.111511 0.171975 0.115108 0.175159 0.115108 0.181529 0.122302 0.184713 0.122302 0.191083 0.129496 0.191083 0.125899 0.184713 0.118705 0.184713 0.115108 0.175159 0.104317 0.175159 0.100719 0.171975 0.097122 0.171975 0.093525 0.168790 0.089928
0 0.343949 0.107914 0.324841 0.107914 0.321656 0.111511 0.315287 0.111511 0.302548 0.129496 0.305732 0.147482 0.315287 0.154676 0.337580 0.151079 0.350318 0.133094 0.350318 0.118705
0 0.076433 0.118705 0.076433 0.122302 0.073248 0.125899 0.073248 0.133094 0.076433 0.136691 0.076433 0.147482 0.092357 0.165468 0.105096 0.165468 0.105096 0.158273 0.108280 0.154676 0.108280 0.143885 0.105096 0.140288 0.101911 0.129496 0.085987 0.118705
0 0.812102 0.143885 0.799363 0.143885 0.789809 0.151079 0.773885 0.179856 0.770701 0.176259 0.764331 0.179856 0.754777 0.190647 0.754777 0.197842 0.751592 0.201439 0.754777 0.205036 0.767516 0.205036 0.786624 0.190647 0.802548 0.183453 0.815287 0.165468 0.815287 0.151079
0 0.531847 0.151079 0.522293 0.151079 0.522293 0.154676 0.512739 0.165468 0.512739 0.169065 0.506369 0.176259 0.506369 0.183453 0.512739 0.183453 0.512739 0.179856 0.519108 0.172662 0.528662 0.172662 0.531847 0.169065
0 0.853503 0.158273 0.831210 0.176259 0.824841 0.187050 0.821656 0.215827 0.837580 0.241007 0.863057 0.248201 0.875796 0.241007 0.878981 0.233813 0.882166 0.190647 0.875796 0.176259 0.869427 0.169065 0.859873 0.169065 0.856688 0.158273
0 0.121019 0.161871 0.117834 0.165468 0.117834 0.190647 0.127389 0.201439 0.127389 0.205036 0.130573 0.208633 0.146497 0.208633 0.149682 0.205036 0.149682 0.194245 0.146497 0.190647 0.143312 0.179856 0.130573 0.165468
0 0.363057 0.161871 0.356688 0.169065 0.356688 0.187050 0.363057 0.194245 0.366242 0.194245 0.369427 0.190647 0.369427 0.187050 0.372611 0.183453 0.372611 0.169065 0.369427 0.165468 0.366242 0.165468
0 0.436306 0.169065 0.429936 0.165468 0.414013 0.165468 0.407643 0.172662 0.407643 0.183453 0.391720 0.208633 0.391720 0.219424 0.394904 0.223022 0.417197 0.223022 0.436306 0.212230 0.439490 0.205036 0.439490 0.176259
0 0.261146 0.176259 0.254777 0.176259 0.251592 0.179856 0.248408 0.179856 0.245223 0.183453 0.238854 0.183453 0.235669 0.187050 0.238854 0.190647 0.238854 0.194245 0.245223 0.205036 0.254777 0.205036 0.257962 0.201439 0.257962 0.197842 0.264331 0.187050 0.264331 0.179856
0 0.484076 0.183453 0.480892 0.183453 0.474522 0.190647 0.474522 0.194245 0.468153 0.201439 0.471338 0.205036 0.477707 0.205036 0.480892 0.201439 0.480892 0.194245 0.487261 0.187050
0 0.111465 0.194245 0.108280 0.194245 0.105096 0.197842 0.101911 0.197842 0.092357 0.208633 0.092357 0.212230 0.089172 0.215827 0.089172 0.219424 0.095541 0.226619 0.105096 0.226619 0.111465 0.219424 0.111465 0.215827 0.114650 0.212230 0.114650 0.197842
0 0.528662 0.205036 0.531847 0.208633 0.535032 0.205036 0.538217 0.205036 0.541401 0.201439 0.547771 0.201439 0.547771 0.194245 0.535032 0.194245 0.535032 0.197842 0.531847 0.201439 0.528662 0.201439
0 0.057325 0.215827 0.054140 0.219424 0.054140 0.223022 0.050955 0.226619 0.050955 0.233813 0.057325 0.241007 0.063694 0.241007 0.066879 0.244604 0.070064 0.241007 0.073248 0.241007 0.076433 0.237410 0.076433 0.219424 0.073248 0.215827
0 0.232484 0.215827 0.229299 0.219424 0.226115 0.219424 0.226115 0.223022 0.222930 0.226619 0.222930 0.241007 0.226115 0.244604 0.226115 0.248201 0.235669 0.258993 0.242038 0.258993 0.248408 0.251799 0.251592 0.241007 0.248408 0.237410 0.245223 0.226619 0.235669 0.215827
0 0.818471 0.215827 0.808917 0.219424 0.792994 0.237410 0.786624 0.255396 0.789809 0.284173 0.799363 0.298561 0.812102 0.298561 0.831210 0.280576 0.837580 0.266187 0.837580 0.244604
0 0.200637 0.219424 0.200637 0.241007 0.207006 0.251799 0.207006 0.258993 0.210191 0.262590 0.210191 0.266187 0.216561 0.273381 0.219745 0.273381 0.219745 0.266187 0.216561 0.262590 0.213376 0.251799 0.207006 0.244604 0.207006 0.237410 0.203822 0.233813 0.203822 0.219424
0 0.767516 0.226619 0.754777 0.226619 0.751592 0.230216 0.751592 0.255396 0.754777 0.258993 0.757962 0.258993 0.770701 0.244604 0.770701 0.241007 0.773885 0.237410 0.770701 0.233813 0.770701 0.230216
0 0.031847 0.237410 0.031847 0.251799 0.035032 0.255396 0.035032 0.262590 0.038217 0.266187 0.038217 0.284173 0.041401 0.287770 0.041401 0.294964 0.044586 0.298561 0.047771 0.298561 0.047771 0.291367 0.050955 0.287770 0.047771 0.284173 0.050955 0.280576 0.050955 0.276978 0.047771 0.273381 0.047771 0.255396 0.044586 0.251799 0.044586 0.244604 0.041401 0.241007 0.041401 0.237410
0 0.398089 0.244604 0.398089 0.255396 0.404459 0.262590 0.407643 0.262590 0.410828 0.266187 0.423567 0.266187 0.433121 0.255396 0.433121 0.244604 0.429936 0.241007 0.401274 0.241007
0 0.464968 0.251799 0.458599 0.258993 0.458599 0.273381 0.461783 0.276978 0.474522 0.276978 0.477707 0.273381 0.477707 0.258993 0.474522 0.255396 0.471338 0.255396 0.468153 0.251799
0 0.691083 0.258993 0.687898 0.258993 0.684713 0.262590 0.684713 0.273381 0.681529 0.276978 0.681529 0.291367 0.684713 0.294964 0.687898 0.291367 0.694268 0.291367 0.694268 0.266187 0.691083 0.262590
0 0.662420 0.284173 0.659236 0.287770 0.659236 0.302158 0.662420 0.305755 0.662420 0.309353 0.665605 0.312950 0.665605 0.316547 0.671975 0.323741 0.678344 0.323741 0.678344 0.312950 0.681529 0.309353 0.681529 0.294964 0.675159 0.284173
0 0.334395 0.287770 0.324841 0.294964 0.324841 0.316547 0.334395 0.323741 0.343949 0.323741 0.347134 0.320144 0.340764 0.309353 0.343949 0.305755 0.343949 0.298561 0.347134 0.294964 0.343949 0.291367 0.343949 0.287770
0 0.200637 0.298561 0.200637 0.305755 0.213376 0.320144 0.216561 0.320144 0.219745 0.323741 0.235669 0.323741 0.242038 0.312950 0.242038 0.309353 0.235669 0.302158 0.232484 0.302158 0.229299 0.298561 0.222930 0.298561 0.219745 0.294964 0.203822 0.294964
0 0.171975 0.316547 0.162420 0.302158 0.159236 0.302158 0.149682 0.312950 0.146497 0.309353 0.149682 0.302158 0.146497 0.298561 0.149682 0.302158 0.146497 0.305755 0.136943 0.305755 0.114650 0.320144 0.114650 0.327338 0.124204 0.338129 0.124204 0.341727 0.152866 0.341727 0.159236 0.334532 0.159236 0.323741 0.162420 0.320144 0.165605 0.323741 0.171975 0.323741
0 0.850318 0.316547 0.847134 0.312950 0.840764 0.312950 0.837580 0.316547 0.831210 0.316547 0.828025 0.320144 0.824841 0.320144 0.818471 0.327338 0.821656 0.330935 0.824841 0.330935 0.831210 0.338129 0.840764 0.338129 0.850318 0.330935
0 0.076433 0.320144 0.070064 0.327338 0.070064 0.330935 0.073248 0.334532 0.073248 0.338129 0.085987 0.352518 0.092357 0.352518 0.095541 0.348921 0.095541 0.341727 0.098726 0.338129 0.098726 0.327338 0.095541 0.323741 0.095541 0.320144 0.092357 0.316547 0.085987 0.316547 0.082803 0.320144
0 0.802548 0.327338 0.792994 0.338129 0.792994 0.352518 0.799363 0.366906 0.808917 0.377698 0.831210 0.377698 0.831210 0.370504 0.834395 0.366906 0.834395 0.348921 0.831210 0.341727 0.815287 0.327338
0 0.366242 0.330935 0.363057 0.334532 0.363057 0.338129 0.382166 0.359712 0.382166 0.345324 0.378981 0.341727 0.378981 0.338129 0.375796 0.334532 0.372611 0.334532 0.369427 0.330935
0 0.321656 0.334532 0.318471 0.338129 0.315287 0.338129 0.315287 0.366906 0.321656 0.374101 0.331210 0.377698 0.340764 0.370504 0.343949 0.359712 0.340764 0.356115 0.337580 0.345324
0 0.031847 0.352518 0.031847 0.370504 0.035032 0.374101 0.035032 0.392086 0.041401 0.392086 0.041401 0.356115 0.038217 0.352518
0 0.136943 0.366906 0.136943 0.374101 0.149682 0.384892 0.159236 0.384892 0.162420 0.388489 0.178344 0.388489 0.181529 0.384892 0.181529 0.366906 0.175159 0.356115 0.159236 0.356115 0.156051 0.359712 0.149682 0.359712 0.146497 0.363309
0 0.754777 0.356115 0.751592 0.359712 0.748408 0.359712 0.742038 0.366906 0.742038 0.374101 0.738854 0.377698 0.738854 0.381295 0.742038 0.384892 0.742038 0.388489 0.748408 0.395683 0.764331 0.395683 0.770701 0.388489 0.770701 0.384892 0.773885 0.381295 0.773885 0.374101 0.777070 0.370504 0.773885 0.366906 0.773885 0.359712 0.770701 0.359712 0.767516 0.356115
0 0.280255 0.381295 0.270701 0.381295 0.267516 0.384892 0.261146 0.384892 0.254777 0.392086 0.257962 0.395683 0.280255 0.395683
0 0.770701 0.399281 0.767516 0.406475 0.767516 0.417266 0.777070 0.428058 0.789809 0.435252 0.805732 0.438849 0.808917 0.442446 0.821656 0.435252 0.824841 0.428058 0.824841 0.410072 0.815287 0.399281 0.802548 0.395683 0.799363 0.392086 0.780255 0.392086
0 0.356688 0.395683 0.350318 0.402878 0.350318 0.413669 0.356688 0.420863 0.356688 0.424460 0.359873 0.424460 0.366242 0.431655 0.372611 0.431655 0.382166 0.420863 0.382166 0.410072 0.369427 0.395683
0 0.108280 0.399281 0.098726 0.406475 0.098726 0.424460 0.108280 0.435252 0.111465 0.435252 0.121019 0.442446 0.121019 0.438849 0.127389 0.428058 0.124204 0.424460 0.124204 0.417266 0.117834 0.410072 0.117834 0.406475
0 0.894904 0.410072 0.885350 0.410072 0.875796 0.420863 0.872611 0.417266 0.866242 0.417266 0.863057 0.435252 0.866242 0.438849 0.866242 0.446043 0.869427 0.449640 0.872611 0.449640 0.875796 0.453237 0.891720 0.453237 0.898089 0.446043 0.898089 0.417266 0.894904 0.413669
0 0.171975 0.417266 0.162420 0.428058 0.162420 0.438849 0.168790 0.446043 0.171975 0.446043 0.175159 0.449640 0.184713 0.449640 0.194268 0.438849 0.194268 0.431655 0.191083 0.428058 0.191083 0.424460 0.184713 0.417266
0 0.480892 0.424460 0.477707 0.428058 0.477707 0.446043 0.480892 0.446043 0.496815 0.460432 0.503185 0.460432 0.503185 0.446043 0.500000 0.442446 0.500000 0.435252 0.496815 0.431655 0.496815 0.428058 0.490446 0.420863
0 0.394904 0.438849 0.394904 0.442446 0.398089 0.446043 0.401274 0.442446 0.407643 0.442446 0.410828 0.446043 0.414013 0.446043 0.426752 0.460432 0.429936 0.456835 0.429936 0.446043 0.426752 0.442446 0.426752 0.431655 0.423567 0.428058 0.414013 0.428058 0.410828 0.431655 0.404459 0.431655
0 0.646497 0.435252 0.643312 0.431655 0.643312 0.428058 0.640127 0.428058 0.636943 0.431655 0.624204 0.431655 0.621019 0.435252 0.617834 0.435252 0.614650 0.438849 0.614650 0.442446 0.617834 0.446043 0.621019 0.442446 0.640127 0.442446
0 0.124204 0.442446 0.121019 0.446043 0.117834 0.446043 0.111465 0.453237 0.111465 0.467626 0.117834 0.474820 0.124204 0.474820 0.127389 0.471223 0.130573 0.471223 0.133758 0.467626 0.133758 0.449640 0.130573 0.446043 0.127389 0.446043
0 0.573248 0.446043 0.570064 0.449640 0.570064 0.456835 0.573248 0.460432 0.573248 0.467626 0.576433 0.471223 0.576433 0.478417 0.582803 0.485612 0.589172 0.485612 0.595541 0.478417 0.595541 0.464029 0.592357 0.460432 0.592357 0.453237 0.585987 0.446043
0 0.719745 0.464029 0.716561 0.467626 0.713376 0.467626 0.703822 0.478417 0.703822 0.485612 0.700637 0.489209 0.716561 0.500000 0.722930 0.500000 0.726115 0.503597 0.729299 0.503597 0.742038 0.492806 0.745223 0.474820 0.742038 0.471223 0.742038 0.467626 0.738854 0.467626 0.735669 0.464029
0 0.057325 0.482014 0.060510 0.485612 0.060510 0.489209 0.063694 0.492806 0.073248 0.492806 0.076433 0.496403 0.079618 0.492806 0.085987 0.492806 0.085987 0.485612 0.076433 0.474820 0.060510 0.474820 0.060510 0.478417
0 0.347134 0.496403 0.347134 0.503597 0.356688 0.514388 0.363057 0.514388 0.366242 0.517986 0.369427 0.514388 0.372611 0.514388 0.372611 0.503597 0.369427 0.500000 0.366242 0.500000 0.363057 0.496403 0.359873 0.496403 0.356688 0.492806 0.353503 0.492806 0.350318 0.496403
0 0.687898 0.503597 0.687898 0.514388 0.684713 0.517986 0.691083 0.543165 0.707006 0.557554 0.719745 0.557554 0.735669 0.550360 0.745223 0.514388 0.732484 0.507194 0.716561 0.503597 0.700637 0.492806
0 0.754777 0.510791 0.748408 0.514388 0.745223 0.532374 0.738854 0.543165 0.738854 0.557554 0.751592 0.568345 0.761146 0.568345 0.773885 0.561151 0.786624 0.546763 0.789809 0.539568 0.789809 0.528777 0.777070 0.514388
0 0.630573 0.535971 0.614650 0.535971 0.601911 0.543165 0.582803 0.564748 0.582803 0.586331 0.589172 0.589928 0.598726 0.589928 0.605096 0.586331 0.621019 0.568345 0.624204 0.568345 0.633758 0.553957 0.633758 0.543165
0 0.060510 0.550360 0.060510 0.561151 0.073248 0.575540 0.085987 0.575540 0.089172 0.571942 0.092357 0.571942 0.105096 0.557554 0.105096 0.550360 0.101911 0.546763 0.098726 0.546763 0.095541 0.543165 0.085987 0.543165 0.082803 0.539568 0.073248 0.539568 0.070064 0.543165 0.066879 0.543165
0 0.372611 0.546763 0.382166 0.553957 0.385350 0.550360 0.391720 0.550360 0.394904 0.553957 0.414013 0.553957 0.417197 0.557554 0.442675 0.557554 0.436306 0.553957 0.426752 0.553957 0.423567 0.550360 0.407643 0.550360 0.404459 0.546763 0.394904 0.546763 0.391720 0.543165 0.388535 0.546763 0.385350 0.543165 0.375796 0.543165
0 0.146497 0.561151 0.146497 0.579137 0.156051 0.597122 0.168790 0.597122 0.191083 0.582734 0.194268 0.575540 0.194268 0.564748 0.187898 0.553957 0.181529 0.550360 0.152866 0.550360
0 0.292994 0.561151 0.286624 0.568345 0.286624 0.586331 0.296178 0.597122 0.296178 0.600719 0.315287 0.600719 0.328025 0.586331 0.328025 0.582734 0.331210 0.579137 0.331210 0.564748 0.324841 0.557554 0.299363 0.557554 0.296178 0.561151
0 0.353503 0.571942 0.350318 0.575540 0.350318 0.604317 0.356688 0.618705 0.372611 0.633094 0.388535 0.633094 0.394904 0.629496 0.401274 0.615108 0.401274 0.600719 0.398089 0.593525 0.382166 0.579137
0 0.656051 0.575540 0.646497 0.575540 0.633758 0.582734 0.617834 0.600719 0.617834 0.611511 0.624204 0.618705 0.624204 0.622302 0.636943 0.633094 0.649682 0.629496 0.659236 0.618705 0.659236 0.611511 0.662420 0.607914 0.662420 0.589928
0 0.684713 0.586331 0.687898 0.607914 0.700637 0.622302 0.713376 0.625899 0.716561 0.629496 0.735669 0.622302 0.738854 0.615108 0.738854 0.593525 0.729299 0.582734 0.722930 0.579137 0.691083 0.579137
0 0.063694 0.593525 0.057325 0.600719 0.057325 0.618705 0.066879 0.640288 0.079618 0.654676 0.092357 0.654676 0.105096 0.640288 0.105096 0.633094 0.108280 0.629496 0.105096 0.625899 0.105096 0.618705 0.092357 0.600719 0.079618 0.593525
0 0.496815 0.633094 0.496815 0.640288 0.500000 0.643885 0.509554 0.643885 0.515924 0.636691 0.522293 0.636691 0.522293 0.629496 0.519108 0.625899 0.506369 0.625899 0.503185 0.629496 0.500000 0.629496
0 0.439490 0.651079 0.436306 0.658273 0.436306 0.669065 0.442675 0.683453 0.455414 0.690647 0.477707 0.690647 0.487261 0.683453 0.487261 0.665468 0.471338 0.647482 0.464968 0.643885 0.445860 0.643885
0 0.003185 0.679856 0.003185 0.733813 0.006369 0.737410 0.015924 0.737410 0.019108 0.741007 0.025478 0.737410 0.041401 0.719424 0.044586 0.697842 0.038217 0.683453 0.031847 0.679856 0.025478 0.679856 0.022293 0.683453 0.009554 0.683453
0 0.671975 0.723022 0.652866 0.715827 0.630573 0.730216 0.621019 0.741007 0.617834 0.751799 0.617834 0.776978 0.627389 0.787770 0.633758 0.791367 0.646497 0.791367 0.665605 0.769784 0.675159 0.744604 0.675159 0.726619
0 0.710191 0.741007 0.710191 0.755396 0.729299 0.776978 0.735669 0.776978 0.738854 0.780576 0.757962 0.780576 0.767516 0.766187 0.767516 0.755396 0.754777 0.741007 0.748408 0.741007 0.745223 0.737410 0.713376 0.737410
0 0.796178 0.762590 0.796178 0.769784 0.812102 0.780576 0.840764 0.780576 0.847134 0.776978 0.853503 0.766187 0.853503 0.758993 0.850318 0.751799 0.843949 0.748201 0.815287 0.748201 0.812102 0.751799 0.805732 0.751799
0 0.735669 0.798561 0.726115 0.791367 0.722930 0.794964 0.716561 0.794964 0.710191 0.802158 0.700637 0.802158 0.700637 0.812950 0.707006 0.820144 0.713376 0.820144 0.716561 0.823741 0.729299 0.823741 0.735669 0.812950
0 0.777070 0.802158 0.773885 0.816547 0.777070 0.823741 0.792994 0.841727 0.812102 0.841727 0.818471 0.838129 0.831210 0.820144 0.831210 0.809353 0.818471 0.798561 0.792994 0.798561 0.789809 0.794964
0 0.407643 0.798561 0.398089 0.802158 0.398089 0.805755 0.391720 0.812950 0.391720 0.820144 0.388535 0.823741 0.388535 0.838129 0.391720 0.841727 0.391720 0.845324 0.401274 0.852518 0.404459 0.852518 0.414013 0.845324 0.414013 0.841727 0.417197 0.838129 0.417197 0.830935 0.420382 0.827338 0.420382 0.816547 0.417197 0.812950 0.417197 0.805755
0 0.601911 0.798561 0.592357 0.812950 0.595541 0.823741 0.611465 0.841727 0.614650 0.841727 0.617834 0.845324 0.627389 0.845324 0.636943 0.830935 0.636943 0.816547 0.611465 0.798561
0 0.843949 0.830935 0.837580 0.834532 0.824841 0.852518 0.821656 0.870504 0.834395 0.884892 0.840764 0.884892 0.843949 0.888489 0.856688 0.888489 0.863057 0.884892 0.863057 0.881295 0.869427 0.874101 0.869427 0.863309 0.872611 0.859712 0.869427 0.856115 0.869427 0.845324 0.856688 0.830935
0 0.764331 0.852518 0.767516 0.874101 0.773885 0.881295 0.773885 0.884892 0.777070 0.884892 0.783439 0.892086 0.792994 0.892086 0.799363 0.895683 0.802548 0.892086 0.808917 0.892086 0.815287 0.884892 0.818471 0.866906 0.808917 0.856115 0.805732 0.856115 0.799363 0.848921 0.799363 0.845324 0.786624 0.841727 0.783439 0.845324 0.770701 0.845324
0 0.579618 0.852518 0.570064 0.863309 0.570064 0.884892 0.573248 0.888489 0.573248 0.899281 0.576433 0.906475 0.582803 0.910072 0.595541 0.910072 0.601911 0.906475 0.608280 0.892086 0.611465 0.874101 0.601911 0.859712
